200 20 30
2 31 32
7 1 3
3 14 16
1 18 24
2 11 14
1 28 32
1 16 21
4 25 25
1 24 28
1 18 21
10 19 21
9 8 13
10 26 30
4 24 27
8 28 30
2 4 7
1 22 25
2 17 20
6 18 23
2 20 24
2 7 11
10 2 5
4 15 20
4 5 8
4 27 28
2 9 11
3 29 32
3 27 30
1 26 28
5 23 25
1 14 17
2 3 5
4 21 25
5 19 21
3 29 33
1 2 2
2 9 10
4 27 32
1 4 7
1 21 25
4 24 29
1 26 32
1 20 22
6 9 12
5 21 26
4 2 3
3 18 20
2 21 25
8 31 35
5 1 2
4 17 20
1 5 6
12 31 34
2 30 34
3 7 7
1 17 20
5 9 14
2 12 14
2 3 3
1 13 16
1 26 28
1 7 10
9 20 23
9 23 25
1 26 27
2 7 11
3 3 7
4 6 7
5 26 26
1 30 33
2 30 30
3 20 22
3 21 23
1 2 4
1 13 14
7 14 18
7 5 9
2 9 13
7 2 4
2 29 34
1 28 31
7 28 31
8 23 28
1 9 14
6 3 3
1 4 4
7 20 22
6 10 16
7 29 33
4 19 22
2 24 24
1 5 10
3 6 9
1 8 14
3 14 19
1 18 23
8 16 19
2 13 15
2 3 4
5 12 14
3 14 18
7 19 24
3 18 21
3 14 17
5 16 17
4 28 31
3 11 16
5 10 13
1 2 6
5 13 15
2 3 6
3 10 11
5 17 17
1 24 26
2 0 4
2 7 12
3 22 25
10 9 12
1 12 14
9 20 25
1 18 23
1 16 22
5 27 32
4 22 28
1 29 35
3 17 18
1 9 12
1 28 34
4 19 22
2 8 12
4 6 11
1 2 5
4 25 29
5 29 31
5 22 25
6 11 13
1 22 24
4 21 24
2 13 17
1 31 32
2 12 14
5 25 28
1 23 25
2 12 15
3 17 19
4 23 26
3 32 33
1 3 8
2 22 24
1 4 9
2 22 25
7 18 20
6 16 20
2 4 7
6 3 7
1 30 34
9 28 31
5 3 5
5 15 18
4 16 17
5 27 29
2 8 11
1 25 27
7 27 27
4 2 7
7 6 10
5 4 6
8 29 33
1 28 30
10 23 28
3 7 8
6 10 13
10 30 32
6 15 21
10 28 33
2 21 24
7 5 8
1 7 10
2 28 30
5 5 5
2 5 9
6 12 14
2 2 5
2 4 4
13 19 22
4 13 18
3 10 11
3 12 13
7 5 9
9 12 15
1 27 30
3 27 28
5 19 24
2 15 18
5 16 19
1 26 29
6 20 20
1 17 20
3 26 28
10 12 15
