200 30 45
20 24 26
4 13 15
1 46 47
9 42 44
3 35 40
18 16 18
13 31 33
4 35 38
11 29 32
4 43 46
2 4 6
1 33 36
12 34 35
3 13 16
5 20 24
7 9 10
9 4 8
5 23 24
14 48 50
5 3 8
7 3 4
10 43 47
5 46 50
14 29 31
1 47 48
6 20 22
5 49 51
9 5 6
6 29 29
7 18 20
1 9 12
6 35 37
15 13 13
7 5 5
24 15 17
11 33 36
20 3 5
5 29 32
7 25 31
11 35 39
1 23 24
12 31 37
18 41 42
12 10 13
1 25 28
12 33 33
1 19 24
8 27 30
8 17 22
10 12 13
2 25 29
3 44 47
5 19 20
19 38 41
12 43 49
6 29 33
10 12 17
8 18 22
5 44 45
21 16 17
5 35 40
8 18 18
5 41 44
15 43 44
18 37 41
5 50 53
5 25 25
14 39 41
4 17 19
22 45 48
12 12 12
2 10 11
7 8 8
26 49 49
9 10 13
17 4 7
1 50 50
12 5 11
15 9 14
13 32 37
16 40 43
9 45 50
3 17 21
13 19 22
5 5 9
1 6 7
7 47 50
11 20 22
2 24 29
4 39 40
17 40 43
18 19 23
2 13 15
10 19 22
21 43 46
7 44 48
17 28 34
13 23 25
25 13 15
12 35 35
23 30 34
14 5 8
1 22 25
4 24 26
6 41 41
21 18 21
1 43 47
9 7 9
1 43 46
1 41 45
5 31 33
13 2 6
8 24 27
4 14 18
7 5 9
6 48 51
7 23 27
22 45 49
1 7 12
8 30 34
15 28 31
4 47 48
1 15 18
4 36 40
25 26 28
7 4 10
8 8 12
5 35 39
5 13 17
22 38 41
5 2 7
16 17 21
16 36 39
22 36 40
1 36 39
9 24 28
12 26 30
3 8 12
11 32 34
2 19 23
3 32 35
7 6 11
13 47 51
4 31 37
11 40 44
4 36 38
2 10 13
12 21 25
4 0 5
6 14 15
8 46 49
9 49 51
1 12 17
13 9 13
12 39 41
6 45 47
10 9 15
1 26 26
3 27 29
11 34 38
4 29 32
4 15 15
2 49 52
2 2 6
2 18 20
23 46 47
1 15 17
3 7 12
3 37 41
14 12 14
4 5 6
2 48 49
6 23 26
2 30 33
2 15 15
7 27 28
4 42 42
6 4 8
16 49 53
8 42 43
25 27 29
6 2 7
9 27 33
1 48 48
6 29 33
3 37 40
1 25 30
32 33 37
9 42 45
20 23 25
18 26 30
9 37 38
4 42 42
5 18 20
18 6 11
22 41 45
6 2 6
6 14 19
9 20 23
10 42 44
