200 50 80
4 15 20
11 17 20
3 11 13
5 21 24
2 11 12
1 27 33
13 23 25
4 24 27
5 7 9
15 3 3
10 15 16
26 22 23
7 17 19
9 20 23
13 2 7
13 21 24
6 31 33
5 12 14
17 21 27
3 4 7
5 7 12
9 31 31
3 23 26
9 15 16
17 23 27
6 17 20
2 3 6
2 15 16
2 3 5
2 14 16
32 6 10
8 21 25
3 21 21
21 15 20
10 31 33
9 30 32
2 2 6
1 8 11
9 8 10
10 17 18
13 27 31
10 14 14
25 19 23
5 27 31
6 20 23
23 16 19
11 10 13
6 29 34
13 14 15
8 7 10
18 14 17
18 12 18
21 28 32
4 12 13
7 11 14
14 4 8
2 25 28
13 22 24
2 12 13
13 30 31
4 22 25
10 20 24
9 5 8
8 16 17
25 25 30
9 29 32
5 1 5
8 16 22
3 3 5
7 1 5
18 9 14
2 18 18
13 19 21
4 32 35
3 15 19
5 16 19
9 23 26
3 11 12
45 26 27
6 7 10
4 26 30
18 27 30
2 5 8
1 19 21
7 10 11
17 5 6
30 29 30
9 26 31
5 17 21
8 28 29
11 4 6
18 16 21
5 22 23
2 13 14
2 23 24
17 10 11
20 29 29
4 20 25
12 9 12
14 28 34
1 8 9
16 15 16
4 6 7
14 29 30
3 26 29
9 12 17
10 24 28
32 13 14
25 8 10
9 25 29
13 23 26
6 15 18
30 19 22
3 1 6
5 13 16
5 18 21
4 3 7
3 31 32
5 27 27
5 5 8
23 26 28
29 29 35
4 6 7
10 23 26
9 1 4
12 8 12
10 13 16
7 18 21
1 24 30
11 20 25
20 4 5
3 16 22
10 20 21
3 26 30
2 19 21
3 25 26
36 7 9
20 1 3
6 25 29
21 28 32
13 9 13
7 19 21
1 29 29
7 10 12
2 17 21
3 3 7
3 8 12
4 21 23
1 5 10
13 11 16
3 13 17
2 3 6
4 17 20
10 3 6
7 17 23
3 22 25
8 18 19
6 13 14
1 4 7
9 14 17
1 29 30
4 0 6
11 9 11
7 25 28
9 13 17
28 9 12
5 10 12
15 31 34
2 15 17
2 23 29
6 25 29
7 30 33
15 29 30
1 23 25
24 24 26
19 21 26
1 9 12
3 5 7
11 12 14
7 28 33
8 6 9
6 12 16
2 24 27
4 17 19
10 6 8
7 18 21
14 19 23
1 21 26
11 25 30
28 6 9
8 17 18
7 7 13
12 31 34
3 12 14
10 16 20
1 24 27
1 11 17
13 23 23
10 23 27
15 24 27
