200 40 60
13 17 20
13 44 49
9 17 20
5 47 47
10 27 28
8 5 10
3 39 41
3 44 47
32 36 40
10 32 35
7 16 16
1 38 42
7 37 42
6 25 25
9 24 29
17 4 5
18 26 28
11 22 25
16 16 20
14 32 32
4 3 6
9 30 33
7 24 25
2 14 16
9 20 23
7 30 35
5 33 36
23 11 13
3 34 35
2 42 43
8 37 43
3 3 5
12 40 42
29 36 39
16 12 16
22 9 10
4 11 12
25 13 17
23 30 33
7 36 38
3 7 12
6 7 9
8 3 7
1 14 17
3 35 39
21 29 30
29 24 29
10 29 32
20 0 3
1 41 44
13 13 14
10 29 33
6 20 24
1 9 13
4 18 18
7 20 22
22 28 32
28 22 24
5 44 45
1 32 33
6 8 12
13 10 12
15 23 26
15 29 31
6 12 18
1 32 33
5 35 38
17 24 24
16 35 36
12 42 43
9 27 32
6 14 16
9 31 36
3 41 45
3 23 28
23 46 48
13 4 9
14 42 43
13 15 17
11 19 19
15 18 22
16 11 14
4 17 22
14 40 42
21 17 22
8 1 5
1 2 5
6 10 15
3 23 27
7 0 3
3 21 24
7 42 47
27 6 11
20 32 37
20 14 16
16 15 19
31 23 28
9 24 26
7 20 22
13 5 7
13 6 11
10 5 9
10 31 33
17 15 18
6 36 39
14 43 46
11 5 8
19 43 48
14 25 28
10 42 44
7 7 11
15 44 48
2 38 41
17 9 10
33 38 41
6 39 44
31 15 17
6 45 46
4 21 27
19 25 31
14 26 32
2 8 10
4 13 13
18 9 14
11 3 8
12 42 46
5 27 30
9 18 20
11 37 39
37 43 45
23 1 6
31 46 49
5 40 41
2 36 37
23 41 46
21 37 38
23 39 44
2 33 38
7 38 42
26 30 33
17 33 36
4 16 20
20 18 21
2 40 41
21 21 27
12 3 8
7 32 37
16 21 23
11 1 5
29 20 21
5 44 45
10 35 39
8 8 11
21 3 5
17 45 45
7 31 35
18 17 21
6 27 27
21 33 36
25 33 38
16 29 33
17 22 24
18 6 7
3 18 22
10 37 41
10 38 44
16 40 44
1 16 19
2 9 11
19 12 14
2 28 30
11 37 40
13 24 27
14 43 48
4 30 30
5 26 27
3 8 14
3 45 50
12 11 16
3 35 38
7 6 8
10 21 25
5 30 35
7 46 50
3 1 7
2 17 18
1 43 49
21 29 32
9 35 40
14 39 42
10 1 3
21 8 13
13 33 37
13 2 4
9 15 17
4 42 44
7 25 28
4 36 39
2 2 4
1 4 6
