400 20 30
2 47 52
5 15 16
2 29 32
1 4 8
3 84 85
7 18 21
3 61 65
17 79 83
1 88 92
1 56 56
5 73 77
11 72 74
1 16 20
4 61 66
1 91 97
8 83 84
12 55 59
2 60 60
4 62 67
3 49 51
4 21 22
3 3 6
2 63 65
1 57 58
6 45 51
13 54 58
7 98 100
2 20 24
10 60 61
2 62 64
7 19 20
4 12 13
6 77 81
4 1 4
11 25 30
10 47 48
7 60 63
6 89 93
9 98 100
17 92 93
7 76 80
7 11 13
8 18 20
13 97 100
14 75 81
3 38 41
8 2 2
4 46 48
12 27 28
11 59 62
5 10 11
2 2 5
16 17 20
4 4 8
9 31 31
1 95 98
9 62 63
1 99 101
1 58 61
1 77 83
9 91 94
3 71 74
2 13 15
1 16 17
5 29 35
1 49 53
1 84 87
10 5 8
3 58 62
2 9 12
6 33 36
11 36 36
16 48 51
1 86 90
4 52 55
1 21 25
5 47 49
1 80 85
6 20 22
12 83 86
6 11 14
1 86 90
6 77 77
5 17 23
1 3 4
1 24 27
10 100 102
2 11 14
4 52 55
5 83 86
6 47 52
15 81 84
6 36 39
17 67 69
9 13 17
2 17 22
8 51 57
6 44 49
8 89 92
5 32 34
4 41 46
8 18 21
1 10 13
9 7 9
13 59 64
6 79 82
2 44 46
13 74 77
9 99 101
11 90 94
12 21 25
7 69 71
4 23 27
11 97 103
5 51 53
12 86 89
3 26 28
3 7 10
7 50 50
3 77 80
9 74 75
14 34 34
4 87 90
5 30 36
8 55 56
5 9 12
6 8 12
6 32 37
8 73 73
6 76 78
12 77 80
5 93 95
11 87 88
14 10 15
8 56 58
1 24 26
4 61 65
7 11 14
7 29 31
12 26 28
1 50 52
1 16 21
6 9 12
3 81 83
3 85 86
1 74 74
19 51 53
9 31 34
3 36 37
11 59 62
16 51 52
6 91 94
2 9 13
2 65 71
2 70 72
18 86 89
1 96 97
1 39 45
5 46 49
1 56 57
1 26 27
6 23 25
6 42 43
3 20 23
9 33 36
5 29 34
7 29 34
11 88 88
5 60 63
14 7 11
5 38 42
12 48 49
6 4 7
16 88 92
7 96 100
4 93 97
11 5 6
6 21 23
13 22 25
2 48 48
6 23 27
8 52 55
11 12 17
13 65 69
3 91 96
4 6 7
3 66 72
2 78 84
5 58 62
7 75 80
8 14 16
8 16 19
1 47 49
5 65 68
4 101 104
1 1 5
2 19 24
10 36 39
2 11 14
1 26 31
13 27 31
5 7 8
11 89 94
7 27 30
12 41 41
1 29 30
7 89 91
7 37 41
9 51 54
3 34 40
4 73 75
14 64 69
9 79 84
9 57 62
5 13 14
7 26 29
1 45 49
6 82 85
1 45 46
2 30 32
14 70 71
1 70 72
7 82 83
1 1 5
2 65 67
1 50 54
7 5 6
11 57 59
6 78 83
5 49 51
1 68 69
2 38 40
1 77 79
12 92 95
2 60 62
12 101 102
1 59 64
6 85 89
1 4 9
8 54 55
10 19 22
13 83 83
2 0 4
2 82 85
3 97 98
10 63 67
2 94 97
4 91 95
3 32 36
6 34 39
4 100 102
2 44 44
8 61 65
2 26 29
3 27 29
3 41 43
13 39 40
6 20 25
3 18 19
6 49 51
9 80 82
5 71 74
1 88 93
6 79 82
4 52 56
15 93 97
11 92 95
2 45 46
9 73 79
5 86 87
6 72 75
8 41 45
9 99 101
4 36 40
9 92 97
3 35 38
2 47 50
13 35 38
4 30 33
1 100 101
16 79 83
2 38 39
3 96 98
6 7 11
2 64 67
6 51 53
14 44 47
1 65 66
11 66 68
9 0 4
3 73 78
3 8 12
2 84 89
2 19 25
2 28 28
9 55 61
11 98 99
12 93 96
8 82 86
4 58 58
14 28 32
2 52 56
9 9 12
11 86 91
2 2 7
6 63 65
2 14 20
3 81 85
4 86 87
5 66 71
4 23 26
6 34 38
18 64 69
2 42 42
8 21 25
11 75 78
7 14 19
6 33 34
5 75 77
13 21 23
7 38 38
5 55 58
14 95 95
5 38 44
10 10 12
14 65 68
19 63 66
3 68 70
6 73 77
7 27 30
11 96 98
1 14 18
6 31 36
13 94 99
4 10 12
8 68 73
8 40 40
12 60 64
8 47 47
7 72 73
7 7 9
1 3 8
5 56 57
3 94 98
2 66 69
2 31 33
5 52 54
4 15 20
10 50 54
13 3 3
4 18 19
5 41 43
7 25 27
4 28 33
5 78 82
2 11 15
16 4 7
2 70 72
2 32 37
4 33 37
11 50 50
12 92 96
7 42 45
9 16 19
7 53 58
3 89 93
7 72 74
10 16 19
11 43 44
2 35 39
2 6 9
1 2 5
15 41 45
12 87 90
11 87 92
2 66 69
11 71 74
5 24 27
2 14 17
11 78 81
13 73 76
3 91 92
4 42 44
12 40 44
3 38 41
11 99 102
1 14 16
5 35 37
11 80 84
7 68 71
12 58 58
20 42 47
12 70 74
6 53 56
2 79 82
3 5 8
6 37 41
4 64 65
5 67 70
7 83 85
