400 30 45
5 35 40
14 49 52
15 61 64
11 18 22
8 37 42
6 37 39
13 39 41
7 47 53
5 60 60
1 31 32
7 33 36
2 56 59
14 47 51
5 30 35
1 46 50
9 3 7
4 18 23
3 51 53
3 18 24
10 46 48
2 58 60
6 44 46
6 58 59
16 43 49
7 52 52
9 21 24
3 51 55
10 48 52
4 35 39
13 24 29
3 1 7
7 21 24
3 55 56
2 59 63
1 21 24
8 47 49
3 11 14
13 48 52
6 36 40
1 12 13
6 16 20
2 28 31
5 41 46
9 7 10
5 52 54
5 30 33
1 5 9
2 35 39
5 9 11
1 47 51
2 59 61
3 58 60
5 54 57
10 52 55
2 14 18
10 22 23
1 20 20
6 32 32
8 55 60
11 23 24
1 38 40
3 5 8
4 44 48
16 56 58
9 59 64
12 62 63
1 32 36
4 36 38
9 16 21
9 31 36
5 41 44
1 35 36
1 12 15
1 2 6
4 1 7
8 9 14
10 15 19
2 51 53
6 54 59
6 14 15
15 58 60
4 17 21
6 34 36
2 23 28
2 31 35
2 45 48
6 19 21
3 16 19
7 37 40
4 25 27
7 57 60
1 45 48
5 46 46
1 20 24
13 4 10
6 7 8
7 38 41
1 13 17
21 59 64
12 8 10
8 40 43
10 59 63
2 42 44
14 27 31
8 13 16
2 44 50
9 21 22
1 10 13
3 35 37
2 19 20
6 48 49
1 45 48
4 62 64
6 31 33
1 56 57
5 31 34
3 18 18
16 12 16
10 9 11
14 14 18
9 23 26
9 55 59
1 58 63
1 20 25
1 16 22
2 7 11
4 20 20
6 37 41
2 63 65
14 28 30
2 29 34
13 30 30
1 54 60
1 59 62
11 58 59
5 59 64
2 43 47
9 55 56
1 51 54
3 16 17
8 36 42
13 38 43
5 27 31
9 17 22
1 34 38
2 9 11
4 23 27
2 31 35
6 26 28
6 26 27
4 25 29
1 40 44
4 5 9
10 32 37
4 57 60
1 20 20
12 25 26
3 31 31
11 56 58
5 0 6
1 21 24
3 35 40
2 25 29
10 49 52
11 0 5
8 12 18
10 57 59
1 41 44
4 45 46
14 13 17
1 42 46
12 41 44
8 2 6
2 22 22
1 56 59
1 54 57
6 40 42
2 35 36
1 14 17
12 36 39
6 58 61
15 29 34
10 55 56
11 57 60
9 53 56
12 11 14
6 33 35
5 27 31
3 24 29
2 50 53
5 26 30
3 39 43
4 13 16
2 12 14
1 11 14
17 11 11
11 62 65
10 31 32
1 43 46
3 14 17
15 22 23
8 52 57
11 41 46
12 44 50
11 19 22
5 5 8
11 23 27
15 15 17
10 40 43
3 39 43
4 44 45
9 40 43
13 54 55
11 7 10
9 15 20
16 33 38
5 37 39
3 11 13
4 5 6
11 29 30
1 7 10
3 60 64
1 38 39
4 59 65
14 23 23
2 40 45
3 23 25
6 47 51
4 2 5
1 27 31
4 30 34
1 50 54
11 4 8
4 15 17
9 22 27
4 44 45
2 52 55
10 59 59
13 50 51
5 4 8
7 5 10
2 51 55
1 34 37
1 26 32
3 29 33
4 24 25
7 2 5
2 27 32
4 28 28
2 55 55
10 34 37
4 16 17
19 37 40
1 25 28
1 14 20
2 3 6
10 31 33
2 8 13
2 22 24
4 63 63
1 21 22
1 47 51
2 34 35
4 10 11
4 44 48
6 43 46
3 58 59
2 30 32
4 41 43
2 39 42
2 27 30
2 62 65
6 30 35
4 59 60
6 51 57
3 5 10
8 37 39
7 51 54
7 44 47
1 24 27
3 3 7
4 42 44
9 15 16
3 54 57
5 20 25
13 53 55
3 59 59
3 38 40
3 23 27
5 44 49
12 12 16
1 59 62
1 1 5
1 3 3
3 48 50
2 34 37
13 51 54
21 52 57
3 10 13
6 40 43
14 20 20
16 48 53
5 40 44
3 23 25
13 10 12
18 41 43
8 16 16
7 36 41
4 48 53
3 46 48
4 55 56
3 49 51
11 60 65
2 36 38
14 6 7
2 44 48
1 53 53
10 24 28
3 49 53
2 49 53
19 42 45
1 10 11
6 34 36
3 41 42
1 49 54
10 23 26
1 6 7
4 28 32
2 33 36
4 61 63
4 38 40
9 25 27
2 43 46
11 40 44
12 32 32
4 40 46
8 26 30
2 53 56
10 39 42
14 32 35
2 55 58
6 13 17
2 4 10
7 57 62
3 36 41
6 23 28
2 30 34
1 8 11
1 6 10
6 51 55
1 52 54
5 21 25
3 11 16
12 30 32
3 50 52
29 53 53
1 52 58
12 32 38
3 49 51
7 28 31
16 44 48
7 45 45
4 47 51
3 57 62
1 42 46
10 60 62
6 58 62
4 14 16
2 4 6
4 42 46
8 18 21
7 36 36
6 8 9
7 43 44
4 4 8
11 8 8
1 14 18
5 10 13
5 8 9
6 34 34
10 20 23
1 24 26
2 51 53
9 26 29
14 58 61
1 45 48
7 12 13
3 37 41
3 8 11
4 16 18
5 38 44
7 49 52
11 17 19
5 53 58
11 3 4
2 26 31
2 4 8
3 17 20
2 9 12
2 3 7
