400 50 80
11 57 62
2 7 10
7 8 12
6 10 12
7 6 10
9 9 12
7 18 19
12 46 52
27 62 64
1 10 16
18 17 20
2 26 32
31 50 52
10 65 70
9 45 50
7 32 36
17 60 62
13 2 3
6 49 54
5 61 67
16 48 51
6 52 55
6 69 70
5 58 63
13 64 67
24 31 33
12 10 12
1 31 35
6 65 69
34 62 66
7 42 46
5 62 65
2 53 56
6 46 47
15 39 39
9 64 67
13 10 13
10 11 13
16 43 46
20 17 21
9 37 39
18 57 59
12 6 11
16 6 7
9 23 27
21 59 62
5 5 11
14 42 48
13 45 47
10 52 57
9 15 18
25 15 19
7 22 27
7 28 33
15 15 18
14 21 23
9 18 20
2 40 45
2 7 8
14 12 15
2 4 7
14 47 48
12 17 21
11 34 37
1 30 33
6 67 70
8 51 57
19 46 51
7 15 19
28 20 23
19 37 40
5 24 27
7 68 69
1 61 66
38 59 63
10 18 19
7 3 8
12 22 26
4 19 24
2 33 38
9 25 28
4 61 63
9 52 56
6 4 7
9 4 7
4 29 33
3 26 30
9 47 53
1 34 35
18 50 52
2 30 33
13 21 21
14 55 59
10 55 59
19 59 64
9 42 44
3 44 45
3 69 70
7 13 17
5 22 24
10 62 63
10 47 52
28 29 30
12 26 28
8 49 51
10 24 26
7 55 56
1 64 65
15 8 10
16 13 14
1 19 21
4 24 27
32 46 48
26 25 29
12 54 58
15 2 4
3 5 9
3 60 63
6 41 42
11 47 50
24 24 26
3 34 34
12 14 16
6 51 53
8 35 38
9 9 12
4 7 8
2 3 6
17 39 39
10 34 37
4 68 69
1 65 66
22 51 54
10 7 9
15 44 46
10 49 52
3 52 55
10 9 11
23 1 3
16 50 53
1 37 41
5 34 37
15 57 62
27 20 23
5 58 62
4 3 7
9 32 33
11 42 44
4 10 13
2 28 33
35 19 22
10 33 38
19 25 29
4 51 57
4 21 26
22 36 40
11 14 19
28 35 41
34 43 45
2 7 9
3 28 33
25 59 63
9 12 14
10 50 53
6 3 8
18 31 32
2 55 56
3 53 59
12 59 64
44 66 70
5 8 14
1 19 20
21 61 65
12 13 15
32 42 44
4 12 14
3 57 59
2 13 16
4 2 7
3 4 5
8 46 49
6 33 36
3 8 9
1 18 22
3 44 45
11 51 52
11 42 45
10 63 65
8 49 52
1 9 15
2 57 60
12 58 63
10 55 57
5 21 26
21 49 54
16 60 63
1 16 20
1 40 44
7 27 29
16 64 68
1 21 26
3 21 26
7 56 61
3 19 22
11 13 17
7 64 70
3 47 52
16 25 26
14 13 16
8 26 29
22 7 8
6 53 53
3 31 35
16 67 67
16 65 69
2 50 54
12 59 62
3 24 28
2 9 12
14 12 15
43 53 54
5 55 59
15 29 30
2 60 63
18 41 43
6 21 23
9 20 22
18 9 10
19 49 51
13 35 39
3 37 42
24 55 59
19 7 11
11 67 70
6 0 4
13 24 26
3 29 32
13 27 31
20 25 26
6 64 66
11 13 15
1 49 52
4 37 40
2 49 53
17 42 46
2 4 6
1 32 35
27 3 8
14 8 8
21 35 35
5 67 68
9 56 60
1 21 22
1 23 28
6 45 50
19 31 35
2 23 26
15 39 44
15 13 14
1 12 14
18 34 40
4 9 12
22 63 67
24 41 46
11 16 18
13 21 26
5 36 42
2 8 12
23 24 27
7 41 45
9 65 67
6 4 6
1 17 21
4 44 46
10 38 42
3 35 38
3 26 31
2 36 41
11 24 24
9 47 50
18 58 60
16 53 57
11 29 32
7 47 48
4 43 45
6 38 44
20 61 67
1 36 40
5 11 16
5 31 35
8 37 39
9 18 22
23 43 48
6 29 33
40 66 68
2 67 68
4 15 20
16 36 36
8 6 11
30 62 66
5 18 23
9 41 43
7 42 46
4 59 62
27 31 34
2 30 35
3 58 61
4 27 29
8 36 37
6 33 39
24 52 56
9 30 33
5 14 18
4 41 43
14 11 12
27 51 55
2 18 24
5 28 31
7 51 53
2 63 68
12 34 36
13 46 51
2 61 62
8 56 58
27 66 66
15 55 59
15 60 63
38 33 33
30 34 35
31 57 62
2 21 22
1 44 48
7 32 34
2 26 27
5 38 38
18 29 31
7 15 15
24 57 59
3 25 26
10 49 51
13 44 44
3 11 15
3 32 34
8 31 33
5 59 63
37 52 55
8 46 49
23 20 25
7 60 64
5 26 29
7 19 22
2 24 28
3 48 48
17 64 67
4 59 62
17 28 29
7 43 47
25 35 39
2 15 19
9 48 52
27 56 57
27 39 43
12 11 11
12 64 66
15 13 17
16 15 17
1 15 16
22 34 35
5 38 41
16 34 36
16 16 19
7 3 5
2 39 41
12 4 6
21 45 50
26 2 7
16 57 60
19 24 29
1 27 30
2 5 9
2 21 24
3 48 53
33 67 68
5 18 20
3 14 16
6 43 48
4 38 42
12 66 71
10 17 17
8 59 63
7 53 55
11 46 48
12 54 55
19 67 69
6 1 4
12 3 7
31 38 40
7 13 15
6 7 11
4 38 43
