400 40 60
5 32 34
3 23 25
14 54 59
5 16 19
22 43 45
2 54 56
2 19 20
24 67 72
3 38 40
14 65 69
3 17 20
3 15 21
11 43 44
1 41 42
5 64 69
18 5 8
4 5 8
12 65 67
11 68 70
1 60 63
6 49 53
7 59 61
4 26 29
1 61 65
2 34 39
5 24 30
19 33 39
22 47 47
8 58 63
26 12 16
1 57 59
1 22 27
3 31 36
15 40 43
8 23 26
1 50 55
18 36 38
4 6 12
3 39 41
11 37 38
6 36 37
6 50 54
1 70 73
9 40 43
4 9 9
5 53 56
10 50 53
11 31 35
22 50 50
5 45 47
2 48 49
8 26 26
8 46 50
13 28 34
14 0 4
6 21 21
12 60 63
2 59 62
3 11 17
9 42 48
23 24 25
2 48 49
3 53 57
19 25 31
10 43 46
8 61 63
2 56 58
18 23 27
15 48 53
2 67 70
9 3 3
4 44 47
13 62 64
6 2 6
2 50 52
16 61 64
2 62 63
5 61 62
1 30 33
4 49 52
3 71 71
6 53 57
16 64 68
2 34 37
19 10 16
8 60 61
27 69 70
7 50 52
3 20 23
12 38 40
5 16 16
3 26 26
6 51 55
5 45 48
17 18 19
2 18 18
17 49 53
3 16 19
7 44 47
26 45 48
12 66 72
14 42 42
9 57 60
7 19 23
2 36 38
11 39 44
14 60 64
13 12 15
3 6 8
10 6 8
2 62 65
23 11 14
4 63 64
3 28 28
13 66 68
17 47 48
18 34 38
15 32 34
19 15 17
14 46 50
1 27 30
14 27 31
7 69 71
1 35 40
8 52 55
20 70 73
11 44 47
23 56 61
23 25 29
1 21 24
10 57 60
6 67 70
3 8 11
6 33 36
23 28 31
13 39 40
4 41 45
3 41 43
5 43 43
2 17 20
8 59 64
11 17 22
3 68 73
9 22 27
16 35 35
16 38 43
1 63 66
5 61 64
4 20 22
12 35 39
6 46 49
16 14 15
5 15 20
7 43 44
9 2 8
3 11 12
9 56 61
1 49 50
11 43 47
10 70 71
1 27 30
3 18 24
2 65 68
17 51 54
4 34 35
11 39 41
12 57 60
3 49 52
7 36 40
10 10 11
8 53 56
7 66 67
7 28 28
2 69 72
7 14 14
2 0 4
2 48 50
5 33 39
5 4 6
1 30 32
10 29 34
19 63 66
6 17 21
12 57 58
2 15 18
1 45 47
4 48 48
7 45 50
2 11 14
11 67 69
12 19 22
8 22 27
2 33 35
7 3 5
5 5 7
2 4 7
3 21 25
11 32 33
15 30 32
14 7 10
7 31 33
1 29 30
5 35 39
3 15 17
2 62 63
4 8 9
8 30 33
4 11 11
2 21 26
15 28 32
17 31 35
5 23 24
7 20 22
3 33 36
4 15 15
6 48 50
11 39 43
2 57 62
7 31 34
3 54 58
2 52 56
9 6 7
1 6 8
18 16 19
12 63 65
2 28 32
25 55 59
15 6 9
14 6 11
15 3 5
8 56 59
9 0 6
9 41 41
1 68 71
1 10 13
1 55 58
9 64 66
21 21 25
16 11 15
24 67 70
5 16 22
3 9 10
5 10 14
10 13 17
6 52 54
1 2 8
8 37 40
8 59 63
7 6 9
24 47 51
28 66 69
1 23 27
16 55 57
2 25 30
1 6 8
2 34 35
29 54 57
7 53 56
17 8 12
6 2 6
10 24 30
19 12 14
8 5 6
5 26 28
5 25 28
20 55 56
2 54 54
3 25 30
5 29 32
5 43 48
11 21 24
8 26 29
14 49 52
4 31 31
20 41 43
1 12 14
6 14 16
1 40 42
22 57 58
19 63 68
3 12 14
3 10 16
8 16 19
2 23 26
1 23 26
2 34 38
1 51 56
3 21 23
7 55 57
23 70 73
10 60 63
10 46 50
3 51 52
8 57 58
8 42 45
8 19 19
34 52 53
5 29 31
2 66 67
13 28 30
2 64 68
6 53 58
16 21 23
12 10 13
11 33 37
6 31 32
2 20 22
5 14 15
6 54 60
21 48 53
10 18 22
5 15 18
5 51 52
3 57 59
12 17 20
9 69 74
9 32 33
15 38 39
11 39 43
3 10 11
3 43 46
3 15 17
1 40 46
9 11 12
9 38 41
2 57 60
16 62 64
15 55 55
1 34 37
11 67 69
1 47 50
8 33 34
12 22 28
25 62 63
2 43 46
12 5 7
1 44 49
14 41 43
13 16 19
24 60 61
10 40 42
12 7 10
9 65 65
3 29 32
1 70 72
12 60 62
1 46 51
6 40 46
10 36 37
5 65 70
6 51 54
8 54 57
1 17 21
7 39 45
18 32 37
9 31 34
3 29 32
14 60 66
18 24 26
18 4 9
16 15 20
1 63 66
7 65 68
19 29 31
14 53 59
3 21 24
7 56 59
1 17 18
11 2 8
10 33 34
3 46 50
4 38 39
2 23 23
9 1 4
5 11 13
1 25 30
7 35 38
10 21 25
2 38 43
3 27 33
8 22 28
8 58 60
11 12 16
25 18 21
1 69 72
8 65 68
13 67 70
13 2 6
2 68 70
23 71 71
4 44 48
23 47 52
4 53 53
6 37 40
12 62 65
14 38 39
6 39 44
6 21 24
6 63 64
15 18 23
