600 30 45
2 69 72
7 79 82
11 53 54
10 71 74
5 71 76
1 57 57
6 49 54
19 25 29
14 55 56
5 138 142
2 17 20
2 138 140
7 84 88
14 6 8
8 130 131
10 12 15
5 127 129
7 49 52
12 6 12
2 69 72
9 136 141
10 109 110
4 29 30
12 46 46
3 111 114
10 45 46
15 98 103
3 131 135
19 135 139
9 35 38
1 81 83
1 137 139
11 33 39
7 64 64
19 117 118
5 25 28
13 88 89
4 118 119
15 135 137
24 42 46
13 53 55
7 30 32
11 104 105
15 141 144
6 60 63
9 50 51
11 109 109
20 142 146
5 65 67
1 113 116
4 74 76
17 109 113
5 24 30
1 90 95
18 140 143
5 133 136
19 115 121
5 112 114
2 1 4
7 132 135
19 61 64
14 67 71
2 21 23
17 134 137
19 29 35
2 85 89
9 118 122
12 136 138
27 65 68
11 99 105
12 109 111
13 75 76
2 142 145
21 90 94
3 12 14
5 92 95
5 21 23
10 29 31
12 67 70
2 18 22
5 51 55
1 79 83
14 58 59
1 29 33
3 107 108
16 85 86
7 14 15
3 38 42
5 135 139
7 53 57
9 98 98
12 33 33
18 8 10
1 138 139
8 61 66
4 8 12
5 50 53
2 126 130
5 71 71
8 48 50
18 24 27
11 137 138
2 24 26
6 22 22
4 92 94
5 4 9
10 38 41
14 96 98
10 133 135
9 19 23
5 128 132
14 110 112
13 44 49
21 108 111
5 66 70
16 139 142
3 88 90
9 108 113
2 74 78
3 32 34
22 106 109
8 123 124
2 81 84
9 142 144
11 65 68
8 9 14
2 92 93
12 79 83
17 75 77
5 120 125
6 107 109
11 100 106
14 127 132
9 66 69
10 97 100
7 127 129
30 76 81
3 8 13
1 92 96
2 9 11
12 121 126
8 56 59
7 100 101
7 20 23
8 78 78
12 40 42
23 16 19
11 115 118
19 134 138
12 122 125
11 69 72
5 7 8
24 77 80
9 56 61
8 44 47
2 118 120
2 111 113
8 53 57
12 54 59
19 95 98
4 43 47
9 4 6
2 22 23
20 96 101
3 67 69
13 13 19
10 59 64
2 97 102
4 41 45
21 8 14
3 26 28
2 110 111
3 111 115
4 39 45
13 56 60
12 59 63
12 51 53
14 59 65
17 48 51
6 122 125
10 115 118
3 6 9
10 101 104
8 126 131
4 74 78
9 36 38
11 115 119
8 64 69
23 82 83
14 53 56
4 46 50
21 28 34
9 3 6
6 89 94
1 50 50
4 78 82
2 18 19
1 128 132
11 89 92
1 101 105
24 132 135
11 67 72
22 119 121
1 7 8
16 127 131
8 125 130
4 12 17
26 106 109
8 133 134
5 123 126
10 93 97
7 31 35
5 74 75
17 125 128
3 13 18
3 122 124
6 45 47
2 94 97
10 119 123
7 102 103
2 104 108
12 142 145
11 20 20
14 140 142
11 100 103
11 42 44
8 117 120
9 68 71
3 19 23
6 24 29
16 77 79
2 78 82
15 20 26
8 127 128
3 140 144
4 2 5
6 97 98
7 120 123
4 12 13
11 41 45
16 34 34
2 142 145
21 87 90
6 4 7
7 85 86
8 85 88
11 84 88
23 73 76
1 58 61
2 122 125
19 63 66
11 25 26
9 120 125
3 33 35
6 91 95
24 92 96
14 46 47
4 65 68
7 87 91
13 127 128
14 132 134
5 134 136
15 112 115
3 77 80
2 26 26
8 86 91
2 36 38
23 101 105
6 125 126
8 87 90
5 35 38
18 104 107
18 77 80
6 137 138
5 128 133
4 131 134
10 38 41
12 67 70
3 36 40
10 98 101
6 137 141
4 54 56
3 27 30
2 10 11
8 142 145
4 2 4
1 117 121
9 122 128
2 102 102
3 24 25
14 59 63
20 1 6
19 92 95
18 130 132
5 123 128
11 118 122
11 106 111
5 104 108
1 63 65
19 122 125
1 82 84
4 131 133
3 104 106
1 116 121
11 32 35
5 140 144
6 7 10
10 67 68
3 37 43
1 72 73
15 122 124
6 62 66
10 71 74
6 133 138
6 59 63
3 93 98
1 105 108
26 129 131
5 58 63
10 42 43
4 138 141
2 111 117
1 116 119
12 24 27
4 98 101
4 6 7
13 53 58
2 13 16
3 141 143
7 139 142
2 43 45
13 1 5
5 117 123
1 36 41
9 84 85
7 23 25
25 69 75
12 2 8
8 55 55
11 142 144
8 64 69
14 35 36
12 65 68
27 121 125
1 83 84
2 80 84
9 113 118
15 103 106
7 110 113
21 61 63
6 63 67
13 125 130
10 14 17
7 125 128
5 113 116
8 50 54
5 113 117
20 6 9
3 26 31
1 73 76
2 126 132
8 143 143
2 58 63
9 28 31
18 27 28
4 111 112
4 35 36
3 88 89
29 114 114
10 128 132
6 35 36
8 69 72
2 35 37
3 51 55
1 96 100
7 105 107
5 139 141
9 14 15
3 106 110
16 110 112
9 72 76
9 9 10
8 135 138
8 33 36
11 84 85
1 29 31
3 74 79
5 16 18
16 126 127
2 28 31
7 13 14
2 22 28
10 140 144
1 54 56
11 47 50
10 47 52
5 48 51
1 56 59
4 142 142
20 36 42
6 116 119
15 48 51
1 115 118
5 102 105
5 139 141
15 33 35
15 57 61
8 69 74
1 63 65
1 142 144
6 47 49
16 116 119
17 123 126
30 136 141
3 124 124
13 20 22
5 114 116
6 21 24
4 13 17
32 86 89
16 100 101
5 119 119
13 86 92
7 98 100
21 48 50
6 13 17
9 68 71
11 13 18
11 57 60
10 7 9
15 89 93
6 52 56
8 42 45
4 80 80
19 73 78
11 70 73
15 88 93
16 11 15
5 90 93
16 106 108
17 19 23
3 134 138
22 101 107
4 125 128
15 14 19
5 89 92
1 16 20
13 115 118
10 52 55
5 62 68
11 135 140
22 16 22
11 82 84
7 107 110
3 32 36
7 113 116
9 143 146
3 84 89
2 61 64
1 117 119
11 137 141
8 7 10
14 81 86
2 75 81
9 138 141
12 17 19
11 119 123
3 67 72
12 104 107
14 128 131
4 107 113
9 56 59
11 119 124
8 38 44
6 75 78
14 28 30
1 120 125
6 34 34
19 100 101
11 12 14
14 37 40
2 118 122
26 123 128
13 102 103
17 25 26
12 83 83
22 62 66
7 109 112
4 4 6
13 93 97
4 19 21
6 130 136
17 76 79
3 28 31
10 2 4
17 80 82
22 28 32
2 35 40
15 118 119
1 74 75
4 26 31
2 136 139
5 21 24
12 27 30
6 95 95
12 80 83
7 22 25
15 113 118
6 19 20
6 90 90
12 20 20
28 93 96
16 97 100
10 133 136
6 39 41
6 39 42
2 14 20
5 39 42
10 39 44
5 5 8
11 132 136
16 95 98
1 117 121
8 26 29
1 89 93
14 52 54
2 124 128
7 5 6
1 45 46
1 64 66
28 109 112
3 123 128
3 62 67
6 46 52
8 97 103
13 114 119
8 69 71
4 101 104
1 91 91
14 118 123
3 113 118
16 59 62
7 111 114
4 51 53
13 75 79
13 96 99
8 93 96
17 71 75
5 123 128
5 135 136
1 107 108
4 96 98
1 7 8
2 7 13
3 128 132
8 46 47
3 122 125
7 50 53
4 124 124
1 46 48
4 54 55
26 82 86
2 4 5
8 133 137
16 55 56
3 17 19
13 85 89
13 81 83
4 12 13
10 59 59
7 41 46
7 41 46
18 107 109
14 12 14
14 40 41
3 0 5
13 39 45
16 36 38
3 83 88
33 92 95
4 77 81
5 39 41
5 27 30
10 132 135
2 131 135
3 77 81
5 37 37
3 31 35
2 87 87
17 34 39
6 127 130
1 58 64
8 15 17
15 110 113
1 47 50
5 130 134
26 139 143
10 4 7
7 131 134
2 15 19
