600 20 30
7 105 110
4 21 23
6 9 14
9 96 101
7 33 37
3 67 70
4 61 65
7 78 81
12 81 86
2 24 27
10 53 56
6 56 59
7 64 67
1 73 79
3 80 83
2 93 97
2 38 42
3 54 58
1 55 60
2 65 66
8 73 75
1 23 27
4 86 89
12 107 110
10 85 91
7 65 68
11 102 105
5 1 6
4 69 72
3 10 15
10 31 35
4 67 70
2 43 48
2 86 91
2 48 50
1 107 110
2 16 18
3 37 39
7 14 16
2 43 46
2 18 22
5 26 27
6 106 110
6 46 49
1 100 102
4 67 72
3 8 9
13 98 101
13 42 47
1 101 105
4 27 32
2 10 15
1 30 32
4 61 66
3 58 63
2 64 67
2 19 22
3 12 15
4 76 81
2 18 23
5 90 95
1 60 63
2 105 110
3 76 79
10 111 112
12 90 95
6 101 106
7 58 64
6 38 40
2 109 110
7 2 4
2 80 85
2 60 64
2 82 85
7 106 110
5 55 55
6 87 90
4 27 29
9 5 11
2 29 34
2 6 7
5 33 36
15 42 47
2 94 99
4 58 62
1 71 72
5 111 112
5 17 19
7 4 7
3 91 92
4 102 103
2 36 38
5 33 38
2 41 41
5 16 19
1 110 111
1 48 50
8 94 98
3 58 61
3 74 76
4 19 22
10 73 75
11 41 44
13 92 95
1 94 94
3 52 54
6 27 31
2 13 16
9 67 68
1 107 113
3 16 19
5 86 89
5 69 71
5 30 33
4 82 83
1 86 89
4 95 97
1 78 82
2 78 80
3 83 88
10 79 82
5 53 56
3 46 51
1 5 9
2 27 30
5 101 105
8 108 108
2 77 83
5 94 98
9 49 53
2 31 34
2 102 105
10 103 106
3 2 6
4 72 77
4 26 29
3 91 96
5 39 42
1 49 52
5 74 77
2 0 4
6 74 76
9 66 68
1 72 77
1 64 69
5 57 58
6 7 9
3 17 21
1 102 104
1 110 115
5 54 55
17 102 104
1 102 102
13 58 61
5 88 91
3 97 102
2 59 59
6 46 48
3 79 85
10 97 99
10 16 20
1 104 107
3 8 12
3 24 28
13 81 85
4 26 30
2 46 47
1 12 14
3 81 83
5 29 34
5 14 18
12 18 19
3 75 81
6 36 39
3 64 67
5 4 5
12 63 63
11 46 49
4 70 72
2 56 61
3 24 28
1 39 43
4 111 113
3 16 19
5 52 55
3 42 44
8 43 49
2 16 19
4 55 58
3 25 31
3 0 5
6 60 63
1 102 103
3 37 41
4 86 92
8 20 21
2 91 94
2 20 21
2 73 75
15 95 98
5 53 57
1 19 20
2 34 37
2 21 24
8 39 41
4 61 66
5 97 101
7 104 108
2 83 86
1 109 112
1 11 13
7 100 103
3 32 35
4 83 89
10 49 50
3 86 86
11 88 93
8 8 12
5 90 91
2 9 13
2 63 68
2 6 9
3 87 89
2 53 56
3 98 101
1 69 71
2 106 108
6 21 25
3 56 60
8 3 6
9 68 70
3 94 94
2 104 108
1 41 43
2 13 16
5 65 69
3 69 72
8 100 101
2 84 85
10 106 106
7 26 27
1 84 88
1 67 70
6 37 40
5 2 3
3 19 20
7 24 28
8 16 19
8 19 20
2 16 18
8 13 15
4 43 45
1 11 11
9 65 65
1 94 97
1 16 19
4 86 86
5 31 32
4 88 92
1 72 75
2 95 98
4 5 5
12 61 66
5 110 113
2 70 72
2 49 51
3 41 45
5 4 9
4 34 34
13 104 107
4 81 85
6 30 36
7 6 11
3 54 57
1 96 100
4 70 73
3 31 35
8 103 104
1 64 67
5 110 112
7 69 72
8 105 107
1 61 64
3 97 101
3 49 54
3 107 109
2 103 106
4 89 93
5 64 69
3 102 102
2 98 102
3 8 10
2 83 86
3 96 97
2 99 102
1 44 48
13 29 31
2 66 72
8 85 87
2 39 42
3 104 104
3 61 62
5 78 81
8 46 49
11 89 91
1 93 97
11 101 103
4 28 32
4 70 71
2 84 88
5 91 92
5 69 71
2 19 25
1 9 13
8 35 38
6 74 76
3 76 79
2 9 12
10 30 34
4 65 67
3 34 36
1 80 84
12 58 62
4 24 28
2 73 74
2 63 66
9 47 53
13 36 39
6 101 102
5 22 28
2 3 7
4 45 46
1 41 44
3 107 110
9 68 71
1 65 68
2 4 7
5 70 73
3 74 77
5 2 6
6 32 35
3 55 59
1 77 79
17 94 99
3 65 71
12 89 95
10 94 97
7 2 4
5 78 80
1 22 24
6 69 70
1 36 38
4 103 108
4 31 34
3 93 93
4 82 82
8 10 11
7 28 29
1 61 67
3 22 26
7 81 83
2 35 37
3 95 97
8 70 74
1 76 82
8 60 60
1 6 12
1 29 32
12 98 101
13 12 13
4 15 18
1 39 43
10 106 109
15 75 76
2 91 93
10 40 43
4 100 103
13 103 106
10 71 75
1 105 106
2 27 32
1 75 76
1 65 70
2 29 32
2 89 89
2 74 79
3 11 14
2 103 104
3 53 54
2 13 16
6 72 77
5 45 47
5 75 77
3 71 72
8 57 58
5 23 28
6 53 56
3 70 74
2 50 51
5 98 103
5 7 7
2 10 15
7 76 80
6 111 114
12 54 58
2 24 27
2 43 48
2 43 44
7 79 83
11 97 99
11 95 96
2 76 79
7 86 88
1 102 105
2 83 83
2 99 104
4 45 49
7 50 51
8 24 26
2 98 102
2 41 44
1 109 114
2 105 108
3 112 115
1 6 6
3 91 92
2 93 98
1 37 41
3 62 65
1 88 93
2 34 37
4 49 53
1 7 10
3 71 74
9 57 63
1 98 100
8 52 53
4 14 14
3 64 64
10 77 78
7 14 18
4 5 9
6 82 84
8 110 112
1 92 98
2 8 12
2 30 33
8 106 109
5 53 54
5 87 89
2 36 41
3 47 50
4 47 48
3 14 18
1 60 66
16 108 113
5 64 68
13 54 59
5 17 20
4 45 51
1 80 83
8 31 36
13 103 103
6 80 83
11 84 88
1 103 108
10 50 52
4 60 61
3 47 48
5 43 47
2 52 57
4 40 43
2 105 107
4 32 37
3 7 10
2 93 97
4 88 94
2 14 17
1 72 75
3 84 88
2 72 75
1 42 47
4 79 82
3 79 81
6 21 23
6 58 59
5 65 67
8 28 32
6 10 13
11 38 42
7 36 38
3 51 53
3 86 88
1 75 78
14 24 27
13 40 45
1 101 103
4 71 74
1 29 30
16 80 82
4 90 95
4 104 110
1 56 58
2 91 93
10 51 52
11 79 83
4 92 92
2 82 86
1 38 40
4 81 85
1 24 25
6 34 39
8 62 62
2 53 55
3 109 111
5 36 36
8 9 15
2 19 23
5 20 20
4 80 81
2 108 112
3 21 22
7 72 75
5 3 9
1 93 95
2 90 92
2 3 6
2 71 74
6 11 12
5 7 13
5 89 91
6 7 12
13 37 38
6 72 75
1 52 53
11 12 15
2 106 109
3 103 105
7 46 51
2 85 90
9 91 92
12 69 74
5 26 28
1 30 34
7 57 60
2 90 93
1 18 23
1 14 20
1 59 62
1 96 98
12 23 25
7 41 44
1 60 63
2 73 76
1 80 83
4 27 29
7 72 75
6 64 67
1 99 101
7 46 51
3 47 50
9 76 80
6 72 74
1 54 57
5 89 93
1 1 7
2 43 48
2 87 93
5 32 33
2 37 41
9 54 59
9 85 87
1 23 25
6 109 112
11 60 62
10 51 56
8 18 24
1 21 26
3 31 37
2 14 18
4 54 60
1 78 82
7 34 38
5 6 6
8 87 91
3 23 24
1 68 71
3 51 54
1 4 7
5 37 39
12 83 86
1 38 43
11 21 23
1 96 98
6 53 56
3 94 97
4 105 111
5 94 98
6 107 112
8 79 80
