600 50 80
1 40 43
16 100 105
1 84 88
9 42 45
14 111 114
1 115 120
3 42 48
27 15 16
1 102 105
13 35 36
26 61 61
20 7 10
9 84 89
15 48 52
20 102 107
5 25 27
21 63 66
40 99 103
9 111 116
20 76 79
31 119 122
1 51 54
4 40 43
15 95 98
18 35 38
25 21 23
29 120 122
5 79 82
2 103 105
9 92 92
11 17 19
17 67 69
8 13 16
6 33 34
18 81 87
20 11 14
7 18 19
16 77 82
5 48 52
35 113 117
15 17 19
7 12 14
4 74 78
16 10 15
10 42 42
6 69 71
26 37 41
29 94 95
7 93 96
18 110 110
1 75 76
18 85 90
5 15 16
19 78 83
25 79 85
11 25 28
6 57 57
8 52 56
2 111 114
3 20 21
14 27 29
20 70 73
29 70 74
5 45 49
27 36 36
6 76 78
16 92 96
2 72 77
22 105 107
16 14 18
5 86 90
48 120 125
19 71 74
10 40 43
26 113 116
4 64 67
30 3 7
15 96 98
15 40 41
19 82 83
16 111 115
6 101 104
4 31 31
1 73 77
4 123 125
23 8 12
15 84 85
31 19 23
37 24 30
10 4 6
14 44 47
7 57 60
9 49 52
22 70 74
33 106 108
5 16 19
39 60 66
2 104 107
7 89 91
23 35 38
6 17 22
1 23 28
1 7 10
9 29 34
16 17 19
7 41 42
10 8 12
11 9 12
3 43 44
1 98 102
5 117 120
31 119 123
14 56 62
18 10 13
13 77 78
4 64 67
16 49 52
8 29 32
20 99 103
6 44 46
21 44 46
1 3 4
13 4 6
16 22 27
11 114 118
15 30 33
6 64 65
31 5 6
1 99 100
27 13 14
1 54 55
10 33 38
4 30 30
11 21 22
16 75 77
6 72 73
18 52 54
2 119 124
14 105 108
9 109 113
14 15 18
23 111 112
21 94 100
13 63 66
11 41 44
14 15 18
17 86 91
31 92 98
8 98 101
9 19 24
3 54 56
2 123 124
14 37 39
7 7 11
4 91 93
8 107 111
2 63 64
20 122 125
34 21 23
20 114 116
14 111 115
3 96 98
11 50 53
16 107 107
35 53 55
1 5 8
6 72 72
1 6 11
31 68 73
14 95 97
30 59 62
8 119 123
7 113 116
9 93 94
37 76 79
43 115 119
17 106 109
13 45 47
29 103 107
13 1 3
8 33 37
44 97 101
16 85 89
42 115 120
19 42 44
27 19 21
18 13 16
22 9 12
5 56 59
16 104 106
13 105 106
20 99 105
6 88 91
35 41 43
1 123 126
8 37 42
9 101 104
23 74 74
19 97 103
8 105 108
1 35 35
7 67 72
11 40 46
35 111 116
4 76 76
15 100 105
12 46 47
9 67 69
13 11 13
3 71 75
8 107 110
14 15 16
4 108 112
8 110 113
16 76 78
6 59 60
2 2 5
2 116 119
11 74 75
2 106 108
13 99 101
9 38 40
4 90 91
7 12 12
27 47 51
17 84 88
2 58 60
22 59 62
10 20 24
3 57 59
1 19 22
4 4 6
23 66 69
10 78 82
3 80 84
9 84 87
7 96 98
42 57 57
3 82 83
14 45 47
17 116 116
10 41 44
3 35 39
12 14 18
8 77 77
3 46 50
1 9 9
5 95 97
13 57 60
18 52 56
1 29 32
1 70 73
3 35 40
15 41 44
23 114 117
4 50 52
7 117 120
2 79 84
14 50 55
14 108 110
1 81 82
8 84 87
15 34 35
34 80 82
7 79 85
20 93 99
29 76 80
5 74 77
4 17 18
9 37 39
9 96 97
12 112 114
51 75 77
1 59 62
7 38 41
6 89 91
15 83 86
8 105 111
10 21 23
23 47 53
4 26 31
9 1 4
21 86 91
13 78 81
9 32 35
29 65 66
5 24 26
23 5 10
6 60 61
1 68 70
2 18 20
8 116 117
25 85 87
28 79 81
15 111 116
6 23 28
13 117 123
9 50 53
20 69 69
15 111 114
20 122 124
11 121 123
36 69 74
10 12 12
15 53 55
14 64 65
6 32 34
13 76 79
4 81 85
4 25 29
8 82 88
13 109 111
26 114 119
7 69 69
9 29 30
10 82 84
4 87 90
6 4 6
15 23 26
28 28 33
8 23 27
1 96 101
13 16 19
27 50 52
6 64 66
17 119 120
24 20 23
7 89 95
3 92 95
9 18 20
33 80 86
16 89 94
5 25 30
24 65 66
4 121 124
11 47 49
6 56 56
1 124 124
5 54 56
25 57 61
10 116 118
5 68 71
3 36 38
13 83 86
13 67 69
17 43 46
14 60 64
10 13 18
16 33 35
24 89 92
1 113 117
9 54 58
8 28 28
42 67 67
22 118 119
9 67 72
3 92 97
17 109 111
30 68 70
4 29 31
7 80 86
5 66 67
5 104 109
25 62 65
31 41 44
1 94 96
8 92 92
10 31 33
7 20 25
2 102 103
32 62 64
16 43 47
35 98 104
36 109 111
23 84 88
22 8 10
14 38 41
6 34 36
5 44 44
6 24 27
22 29 34
30 121 124
12 23 26
16 88 90
22 109 113
18 28 32
3 21 24
23 23 26
25 60 62
29 31 35
22 52 53
11 105 106
22 68 70
14 50 53
14 40 42
24 97 98
3 75 77
2 21 25
20 60 60
5 56 61
32 94 95
26 89 92
13 13 15
11 30 30
12 47 50
3 74 78
33 108 109
4 55 59
11 50 55
4 121 123
21 102 107
9 45 49
23 44 47
17 53 56
21 90 94
33 55 59
7 116 119
21 5 9
2 27 29
7 26 28
12 19 22
29 119 121
28 26 27
4 89 93
8 55 55
6 17 20
10 50 52
33 121 124
25 102 106
13 58 58
6 13 16
29 74 77
16 63 67
32 44 46
31 104 107
8 8 12
19 5 9
4 36 40
3 107 111
10 114 117
16 45 49
47 97 100
1 62 66
24 122 125
10 33 35
11 97 99
16 37 42
2 77 83
29 87 89
4 96 100
10 5 9
24 105 110
1 68 74
12 37 40
13 92 92
3 20 22
30 112 114
16 39 42
23 42 47
16 49 51
13 47 50
7 42 48
20 116 121
12 98 100
16 82 85
4 116 121
24 25 25
12 36 40
20 111 114
4 14 17
42 103 105
1 65 68
7 24 27
9 107 111
5 46 51
33 95 97
2 110 113
2 91 94
3 31 36
15 115 117
19 77 81
16 65 68
3 69 69
20 51 51
19 27 30
7 72 76
14 73 76
7 100 103
19 7 10
11 30 32
12 96 100
17 83 84
4 12 14
3 15 16
30 32 35
6 61 62
8 54 58
29 84 89
4 107 109
4 17 23
5 78 79
16 90 92
15 89 92
6 17 20
34 0 4
11 71 73
10 79 82
8 43 43
1 22 22
14 114 117
10 54 56
10 94 96
10 21 26
30 116 122
19 83 88
13 110 112
11 112 115
10 3 8
8 5 6
19 36 37
2 106 109
10 120 124
2 66 69
1 37 39
6 49 51
6 38 40
37 89 93
13 84 85
19 3 7
2 53 58
8 31 35
5 59 62
6 62 64
12 32 37
4 42 44
1 16 19
2 13 13
12 86 90
9 67 68
12 101 104
3 113 115
11 91 93
10 59 62
53 108 109
21 16 19
9 3 5
9 87 93
13 118 120
6 23 28
10 8 11
36 91 96
5 64 66
3 15 16
19 46 52
12 29 32
6 46 47
33 36 39
5 32 36
25 78 82
16 59 61
25 55 56
10 82 85
15 69 72
19 48 51
26 101 105
21 84 90
1 49 52
21 32 35
23 45 50
30 80 81
11 98 101
1 13 14
12 101 104
20 60 62
46 75 77
13 66 70
20 26 29
19 70 74
28 88 93
3 96 98
8 8 13
12 116 120
6 28 33
13 76 80
16 43 45
27 66 70
3 61 62
1 114 117
5 7 10
22 25 28
10 52 56
8 20 24
12 64 67
15 9 11
15 74 75
6 124 124
4 97 100
29 53 59
3 29 32
11 77 79
