600 40 60
3 82 84
13 17 20
6 38 39
12 53 56
3 27 28
2 33 36
15 101 104
15 71 76
3 100 102
5 23 26
2 0 3
13 109 112
10 13 16
17 79 80
2 110 111
24 54 57
1 61 67
5 58 60
2 44 46
6 42 47
5 34 38
1 55 59
1 93 96
11 59 64
6 2 5
2 64 67
1 82 85
12 60 63
6 69 70
17 98 101
9 20 25
12 49 52
15 25 28
8 108 110
13 45 46
5 70 76
2 111 114
17 109 113
4 36 40
2 72 74
1 90 93
8 70 75
3 13 15
5 93 98
17 22 26
17 69 74
11 33 37
4 41 44
6 65 65
19 68 71
16 88 94
4 78 81
20 76 78
2 101 102
19 85 88
9 44 48
7 33 39
12 96 97
1 34 36
2 11 13
3 46 48
11 27 30
17 85 90
9 81 85
31 106 106
21 52 52
3 94 96
20 52 56
1 76 77
2 51 53
19 86 92
5 82 84
12 14 14
8 105 110
24 65 66
9 51 51
3 7 11
19 94 96
24 23 27
20 116 120
5 17 22
18 91 96
5 104 110
13 30 36
15 25 28
35 70 73
7 1 6
3 103 106
6 34 39
4 96 100
2 93 96
7 21 24
6 98 98
2 78 80
9 100 103
20 103 106
9 94 97
3 23 27
11 62 64
5 61 62
15 13 15
1 56 59
7 106 110
33 83 86
5 85 88
35 77 78
2 6 9
16 91 91
8 8 10
11 115 120
3 29 30
11 10 12
9 0 4
24 52 58
7 8 11
15 33 35
10 11 13
3 41 44
15 67 70
5 94 96
2 59 65
9 75 80
4 45 49
9 85 88
15 65 67
7 70 76
1 64 68
3 99 100
12 59 63
6 69 72
21 0 6
3 103 106
2 11 14
3 102 104
19 106 109
5 37 40
3 53 55
7 100 104
17 45 45
2 105 107
8 12 14
2 100 102
2 14 18
7 37 40
4 65 68
3 84 86
13 62 62
3 21 25
3 4 6
4 4 4
1 10 13
6 107 109
23 87 93
15 44 49
1 102 102
9 14 17
6 44 48
3 15 16
2 18 19
2 50 52
1 33 34
3 71 75
2 54 58
4 71 73
10 90 93
9 41 45
3 115 115
18 83 86
3 35 37
14 56 56
8 23 25
3 43 43
9 36 41
2 80 84
3 64 68
14 28 30
12 47 49
19 101 106
8 95 98
3 84 87
8 72 76
12 112 118
1 85 85
12 39 41
2 23 26
6 111 117
21 40 45
16 52 55
4 22 23
8 71 74
8 98 101
3 43 46
19 58 60
1 97 102
9 109 111
5 70 73
10 110 115
1 85 88
16 46 52
2 72 75
6 30 33
6 5 10
30 112 115
9 88 92
2 114 117
10 108 110
4 81 86
2 5 6
12 56 60
15 116 119
18 65 70
5 106 108
34 82 85
5 5 11
20 95 99
6 85 89
11 111 115
7 24 27
14 29 32
6 85 89
1 98 101
2 20 22
2 88 89
9 4 5
25 81 84
3 109 112
23 66 71
17 17 23
2 76 76
2 63 64
18 47 50
1 9 10
15 66 69
11 90 90
8 91 93
4 100 104
11 43 46
6 78 84
8 74 78
4 95 99
14 39 39
6 107 110
13 13 14
2 101 105
10 48 51
16 76 80
11 32 34
1 59 59
12 61 66
14 7 11
6 96 98
12 24 26
21 58 59
12 93 98
1 21 24
4 100 101
21 20 23
14 15 17
30 107 108
9 39 43
17 12 17
15 51 56
5 77 83
7 27 32
16 9 11
6 111 115
9 33 36
1 81 83
17 20 23
2 105 106
3 55 59
2 109 114
10 5 10
26 98 100
4 64 66
1 108 110
11 110 110
23 98 104
18 109 110
3 50 50
9 44 45
5 12 17
2 69 71
2 2 8
1 92 96
15 18 19
8 39 44
19 107 110
5 84 85
7 53 56
4 5 9
9 64 66
14 60 66
6 117 120
1 78 78
2 54 58
6 104 107
5 17 18
2 20 23
4 28 30
18 8 12
16 23 28
19 41 45
18 114 119
2 42 44
5 6 8
15 89 90
11 77 79
7 88 92
5 55 59
17 81 86
10 12 18
5 98 101
22 38 38
1 66 69
6 101 106
4 28 34
27 33 38
3 49 50
9 93 93
15 60 64
9 66 72
24 64 67
2 117 117
3 40 41
30 72 76
4 97 100
12 6 9
6 105 108
1 25 27
1 52 56
4 115 116
3 16 20
6 16 21
5 102 107
7 100 104
7 6 11
9 90 96
8 114 119
26 31 34
23 95 97
8 92 95
10 74 78
15 29 33
10 80 81
9 103 104
13 104 107
1 29 34
7 60 64
7 37 40
15 111 112
8 58 61
17 116 116
3 105 108
5 92 92
7 66 70
2 42 45
15 62 65
10 91 95
11 49 52
23 107 112
8 60 64
1 0 4
8 80 80
5 52 54
34 113 116
15 100 103
6 49 52
11 113 116
8 7 8
12 29 32
3 109 111
11 89 92
7 16 20
15 62 65
9 78 81
5 48 52
38 99 104
5 21 22
2 26 30
1 62 66
24 76 77
11 28 30
5 88 92
5 78 79
13 75 78
16 4 5
7 9 10
10 39 41
8 50 53
9 94 97
8 93 98
1 113 113
10 26 31
3 67 73
16 14 19
4 111 116
4 98 101
2 43 47
7 9 13
18 31 33
7 34 37
19 34 38
29 83 88
11 47 50
19 3 5
17 89 91
5 32 35
18 39 42
7 10 11
7 51 57
6 100 105
11 24 25
3 53 55
22 57 60
11 89 93
5 8 12
4 14 18
20 19 23
11 31 34
1 96 98
8 74 74
5 96 99
4 75 80
6 16 16
12 56 59
4 35 36
15 66 72
2 51 54
8 87 90
9 68 71
17 43 47
23 20 21
15 61 61
5 82 86
6 39 43
7 115 116
35 91 97
13 79 85
13 80 83
6 31 36
4 43 43
13 9 15
3 111 114
9 21 23
3 5 5
18 84 88
3 117 120
2 23 26
42 87 88
16 96 102
2 103 107
5 58 61
14 96 99
9 95 97
3 110 111
1 71 72
6 16 20
1 49 52
2 26 27
5 109 109
12 59 61
7 28 31
4 91 95
9 91 93
3 76 78
7 112 118
6 12 12
22 5 8
21 75 76
10 16 20
7 19 22
7 101 103
17 14 17
29 100 103
1 20 21
2 37 37
23 40 41
4 46 50
11 46 51
10 67 71
10 111 113
5 70 71
5 34 38
6 81 84
3 31 34
7 112 115
28 42 45
14 110 112
6 31 34
11 64 68
6 103 109
14 17 18
7 1 6
7 53 56
20 106 109
22 49 53
12 8 14
2 30 34
4 12 14
20 92 92
6 111 116
7 50 53
3 24 28
7 59 60
1 36 40
20 66 68
24 74 75
1 75 79
6 17 20
11 97 101
19 98 103
20 100 101
4 40 43
7 74 77
5 88 92
1 88 89
14 13 17
10 4 6
16 42 44
11 47 52
11 86 89
18 111 114
5 65 70
14 30 33
1 28 28
1 24 24
16 26 26
10 35 37
6 27 32
3 57 60
2 112 115
1 96 99
25 79 80
5 23 27
2 86 90
11 94 98
1 17 22
5 98 101
4 86 87
6 49 52
7 55 59
9 70 75
4 115 115
17 29 33
10 104 106
7 68 72
13 36 39
3 80 83
16 8 8
17 29 30
16 63 66
9 24 27
2 60 61
14 74 76
3 84 85
26 49 54
7 59 60
6 65 71
2 45 47
12 54 57
10 79 82
2 37 42
11 23 29
16 45 50
19 56 59
6 69 72
16 63 67
4 4 7
3 103 105
10 36 42
18 53 57
12 114 117
3 54 55
19 50 54
1 109 113
25 55 60
9 90 92
14 105 107
9 7 10
13 5 9
1 9 11
5 46 46
25 104 107
3 108 110
9 69 72
30 114 115
20 83 88
12 37 40
1 21 23
6 8 13
10 25 27
8 22 23
4 109 114
8 5 9
19 76 80
12 16 21
7 12 17
23 81 85
5 47 50
