800 50 80
9 111 115
9 31 31
5 16 21
8 78 80
17 111 114
1 85 90
4 123 125
11 6 9
8 115 118
7 116 121
2 45 51
2 26 29
1 115 117
1 85 89
7 41 45
8 14 17
9 5 10
6 16 21
6 35 37
5 28 30
14 23 23
8 103 104
10 38 39
18 71 73
9 12 15
9 78 78
12 112 113
12 96 98
16 65 69
5 4 7
5 64 69
2 70 73
14 12 13
26 47 49
4 50 55
21 66 70
20 44 45
9 118 123
6 16 20
11 70 72
25 117 121
6 110 112
4 10 15
9 8 10
6 21 25
14 73 75
15 80 82
12 118 124
6 77 81
9 34 37
3 83 87
6 60 64
17 106 108
8 58 63
3 21 25
2 38 41
6 63 66
3 89 92
4 55 56
4 112 115
25 90 92
9 18 22
6 109 115
1 76 79
36 56 58
42 94 98
6 8 10
27 39 42
3 113 118
2 15 18
2 68 71
1 105 108
20 52 53
1 100 103
9 99 103
1 57 59
34 45 49
14 120 125
6 48 53
13 7 9
6 82 86
10 108 110
3 62 64
3 49 53
5 124 127
5 38 38
23 99 101
1 85 90
30 99 103
6 58 61
1 112 116
4 108 112
5 37 40
9 45 46
8 35 37
2 39 44
4 121 125
10 45 51
1 111 114
19 71 76
7 13 14
14 96 101
3 79 84
10 121 121
13 111 114
17 94 97
1 102 104
10 97 100
4 65 71
1 18 21
1 105 106
4 91 95
15 101 104
1 11 16
16 68 72
11 67 69
6 37 42
10 106 110
5 70 74
20 22 28
27 102 105
21 121 124
3 54 57
11 31 34
28 30 33
3 82 86
2 51 55
1 82 88
3 19 22
5 53 56
8 49 50
8 48 51
5 50 53
3 34 35
17 89 90
7 113 114
7 10 11
1 4 4
1 43 46
32 62 62
8 81 84
2 5 8
15 8 11
9 30 32
11 111 115
18 65 69
10 54 55
9 63 67
5 109 112
16 90 92
16 67 70
12 26 30
8 90 94
6 122 123
17 100 102
1 113 114
6 73 77
2 96 98
4 71 73
9 33 38
4 99 100
1 42 45
12 65 70
22 57 60
25 75 75
18 78 82
15 82 85
1 60 65
8 116 119
39 14 17
15 109 112
3 62 67
17 76 78
5 113 115
5 84 89
6 99 99
36 53 56
10 75 76
9 84 86
1 30 32
12 15 19
1 35 36
21 101 104
6 124 127
7 90 93
13 79 79
15 51 51
21 25 28
12 121 124
17 9 13
2 24 28
4 96 99
7 14 18
16 119 119
3 12 12
9 104 110
14 119 121
9 98 100
9 55 61
7 55 58
11 109 111
16 41 44
6 74 78
3 67 70
9 3 5
9 5 8
9 52 52
6 93 98
17 88 89
16 26 29
1 81 82
5 66 67
10 100 103
13 118 120
15 85 87
6 118 119
23 48 51
5 23 26
2 84 85
3 73 74
7 86 87
9 29 31
12 43 47
18 29 32
8 107 110
1 120 122
21 10 15
3 111 115
11 67 71
3 46 48
18 77 82
14 13 14
7 35 39
7 7 12
7 3 4
14 11 12
13 92 95
17 114 118
3 7 7
21 36 39
4 88 90
2 21 27
15 98 101
2 70 74
4 68 73
16 67 70
19 64 67
8 75 76
8 17 18
7 48 52
25 55 61
4 109 111
6 65 69
31 28 32
2 61 65
21 115 118
16 108 112
4 6 12
13 41 41
7 7 10
3 72 74
6 114 118
9 99 102
6 45 50
13 114 116
18 61 64
7 64 68
8 99 104
21 72 74
4 122 128
6 103 106
14 19 22
1 49 49
1 97 98
1 94 98
8 27 30
16 120 121
11 94 94
4 3 7
4 95 97
1 6 10
5 46 49
12 61 62
23 75 78
31 92 95
3 63 66
16 74 76
3 94 99
10 40 43
1 48 51
20 102 103
13 122 122
17 46 48
14 39 42
6 75 79
9 56 60
18 33 35
2 79 84
1 114 118
12 60 63
23 117 122
9 91 91
12 83 86
6 24 27
18 116 119
18 101 102
13 121 124
5 12 13
2 23 26
17 5 7
1 33 36
7 12 14
22 118 124
32 19 19
5 27 28
16 119 119
17 77 82
1 19 20
7 120 123
17 86 89
27 99 102
3 2 5
26 37 40
5 34 39
19 20 25
5 20 21
2 88 94
19 93 95
6 117 117
3 92 95
1 119 124
1 65 68
24 82 85
21 125 126
2 101 105
1 56 59
17 47 52
6 53 55
6 42 47
8 9 11
3 6 6
31 94 99
34 113 115
4 105 111
8 124 124
5 81 82
19 40 45
2 39 40
3 89 92
3 99 103
6 112 116
4 109 111
10 44 47
5 24 30
5 104 107
1 45 48
10 56 59
2 77 77
10 25 30
27 18 20
3 2 8
4 30 31
23 101 104
12 3 8
10 55 58
5 99 100
26 104 106
2 57 62
9 56 60
20 27 27
4 60 60
1 40 41
14 87 90
11 20 23
36 7 7
21 46 48
19 99 100
25 86 91
5 92 95
4 9 12
18 16 19
2 71 77
14 53 54
5 26 29
1 31 35
6 19 20
30 112 112
6 60 62
4 53 55
15 24 26
12 28 32
4 5 8
14 64 68
24 113 119
17 44 49
1 15 17
16 84 88
3 78 82
6 14 14
3 107 110
11 100 101
2 61 66
14 73 76
21 104 110
11 85 88
2 65 68
9 57 61
7 107 112
4 71 73
2 43 49
16 4 6
2 68 72
11 0 6
14 70 75
4 98 100
12 88 89
4 22 28
9 20 23
6 122 122
3 55 55
1 24 27
6 48 51
25 110 112
18 15 18
7 73 77
6 115 119
18 45 46
12 57 62
10 100 105
10 2 8
18 115 117
1 26 32
4 59 60
2 58 61
11 8 9
4 67 72
6 43 48
11 58 61
6 84 85
37 69 75
1 41 43
3 92 98
2 81 82
14 43 47
22 76 80
9 14 14
16 19 22
11 104 106
8 96 99
15 73 77
17 11 16
23 108 112
9 120 121
4 14 17
12 92 96
11 25 31
24 105 108
43 53 54
6 97 102
11 79 81
12 91 92
14 41 46
2 21 24
7 95 100
8 70 75
1 96 99
12 87 91
12 3 7
2 39 45
11 117 119
8 7 12
10 103 105
6 14 17
5 6 11
3 74 77
8 72 76
12 15 17
5 30 33
9 125 127
7 116 117
3 10 13
11 122 125
14 97 99
2 54 58
10 40 42
14 53 55
18 123 127
6 1 5
5 61 61
8 121 127
1 40 41
3 46 48
14 63 63
2 20 26
15 43 43
9 110 115
9 71 74
32 53 58
8 69 72
16 64 68
5 29 34
1 118 120
9 68 71
6 105 108
18 53 59
5 36 40
7 83 85
16 119 122
19 89 90
6 31 33
8 80 83
23 83 86
3 83 89
3 71 74
40 121 127
2 10 15
15 38 43
14 105 107
9 42 45
11 33 37
13 13 16
5 30 33
5 6 10
8 16 19
13 1 5
11 85 90
10 82 83
6 34 36
18 39 43
28 114 117
8 87 89
1 47 52
13 63 65
15 71 73
21 123 125
7 77 77
4 8 11
7 79 85
10 79 81
10 16 22
4 62 65
22 23 26
15 41 44
4 71 77
15 35 38
29 31 32
4 2 4
8 40 43
12 39 41
9 27 31
1 117 118
6 103 107
22 74 79
33 35 41
2 53 53
26 21 24
7 116 119
6 47 50
9 70 74
6 100 102
2 13 15
13 108 111
2 36 38
1 30 35
8 23 26
32 68 69
9 25 28
8 43 48
20 108 111
19 82 85
2 93 95
9 19 22
10 26 30
5 79 79
14 54 60
1 111 116
3 92 93
5 75 77
6 89 89
6 80 82
2 100 103
7 72 74
5 11 12
17 42 44
6 75 77
14 108 109
33 19 21
35 80 82
4 94 98
7 37 38
12 114 117
20 49 53
6 90 96
18 106 109
21 60 61
2 51 52
33 114 115
3 83 83
5 32 34
9 106 111
5 1 4
9 51 51
7 16 20
48 62 64
8 88 91
6 30 31
24 32 34
1 97 103
16 56 61
9 63 68
7 77 81
6 112 117
2 15 19
3 26 29
14 116 119
4 66 70
2 55 57
1 80 80
18 76 79
14 84 90
11 32 35
6 112 115
3 30 33
8 63 65
18 124 126
6 91 97
7 103 106
4 120 120
7 89 93
34 120 122
2 53 54
12 95 95
2 36 39
3 13 17
8 106 111
13 97 100
10 89 90
7 121 124
17 61 66
18 109 110
23 93 94
14 77 78
23 40 43
4 73 76
9 116 119
16 25 28
15 70 71
3 69 70
3 122 124
5 118 124
5 18 23
1 32 37
5 109 112
2 118 122
5 28 30
1 69 70
1 82 82
1 109 113
8 85 89
2 75 75
5 105 106
23 96 98
4 88 93
2 17 21
12 64 66
4 84 86
1 82 86
5 54 58
8 32 33
15 82 84
1 18 22
7 108 114
1 63 64
3 26 28
1 18 24
34 101 105
2 64 66
27 83 86
5 61 63
5 78 81
15 52 54
13 104 107
21 91 94
40 116 118
6 24 25
7 38 39
11 90 95
5 91 92
10 95 96
13 44 50
10 43 46
3 103 103
4 54 57
8 81 84
11 87 90
12 26 32
25 90 94
27 105 106
7 77 78
21 55 58
1 6 8
2 102 107
14 107 111
28 105 110
13 29 32
13 27 28
3 52 55
10 104 107
11 102 106
37 80 84
11 81 83
9 109 114
2 101 104
1 94 99
7 22 25
9 24 27
18 10 11
5 57 59
8 42 47
4 61 65
7 63 66
14 10 13
6 69 72
3 15 15
4 65 66
5 11 12
2 104 106
9 87 93
15 88 93
4 87 89
20 48 51
1 66 70
6 108 111
7 6 10
7 73 77
20 116 121
2 71 75
7 90 91
18 113 117
7 94 96
4 37 40
12 35 37
22 85 87
3 95 98
7 3 7
8 35 37
15 60 65
23 59 62
8 37 41
14 58 60
16 67 70
11 49 55
4 30 33
18 67 69
14 32 35
14 49 51
14 88 92
8 23 26
8 71 75
22 91 94
9 96 98
16 117 117
5 57 57
5 81 85
4 6 9
5 117 121
2 109 113
6 91 95
13 4 6
12 22 27
5 99 101
7 79 79
17 29 33
5 21 26
4 4 7
2 48 51
9 33 36
6 14 20
9 13 14
7 122 124
13 41 42
1 42 48
16 79 82
14 41 44
6 14 19
27 5 8
16 20 20
7 78 81
2 105 109
4 21 23
8 5 8
4 62 66
13 93 95
8 34 37
19 66 70
5 90 95
35 84 85
1 102 105
4 122 125
7 106 107
