800 40 60
15 11 13
3 56 59
36 189 191
21 107 109
14 195 197
11 141 142
17 113 116
16 185 190
19 172 175
9 185 189
27 22 25
5 123 129
18 110 114
14 77 79
10 146 148
34 171 174
18 23 24
5 160 164
8 60 62
12 81 84
3 194 197
7 34 35
10 130 132
5 119 124
8 134 138
12 183 185
9 85 87
6 31 34
3 169 173
1 91 94
8 182 188
15 88 91
10 63 65
32 168 171
2 82 87
8 7 9
7 166 171
13 57 59
3 146 148
16 167 169
4 150 154
49 135 140
4 78 83
3 178 183
2 22 26
6 99 102
10 52 52
10 103 104
28 123 125
6 47 50
21 149 153
3 115 116
16 144 147
19 140 142
20 141 146
13 192 196
6 38 42
16 9 11
7 26 27
1 9 11
41 179 184
23 196 201
3 105 108
10 103 106
8 197 200
6 60 64
17 63 65
15 133 136
16 30 33
2 55 60
26 119 124
6 53 58
15 82 85
27 167 170
13 68 71
2 73 76
22 63 65
16 157 158
10 147 151
2 11 17
6 19 22
27 168 170
10 149 153
16 156 158
12 168 171
34 155 158
3 15 19
8 129 131
16 129 130
22 145 149
32 194 194
1 0 4
2 47 49
25 78 83
11 54 56
25 63 67
6 106 109
8 152 156
1 168 173
6 4 9
16 131 134
12 110 114
11 169 172
33 46 49
14 162 163
10 111 112
27 188 192
21 110 112
6 10 13
27 48 50
7 160 162
5 1 2
14 16 19
18 4 4
21 182 186
7 37 39
6 46 48
37 130 134
9 147 150
10 187 192
11 22 23
8 149 154
13 130 132
3 106 106
15 6 12
14 109 115
11 40 41
23 113 113
11 67 70
4 119 122
17 144 148
11 22 25
5 150 153
2 136 141
23 3 7
1 110 114
2 57 63
5 8 13
8 117 120
12 41 44
5 10 12
1 42 44
25 83 84
7 135 138
20 142 146
14 146 149
32 83 87
17 88 88
10 138 143
10 72 74
36 154 157
19 138 141
5 19 20
10 40 44
10 173 175
10 26 29
1 65 68
14 3 3
5 126 129
5 178 182
9 72 75
2 167 170
13 36 39
5 34 36
2 30 31
2 107 109
14 131 134
14 79 83
3 96 99
15 127 128
6 18 21
10 90 92
8 128 131
16 92 94
10 130 131
8 35 40
2 35 41
25 73 77
16 138 141
8 33 38
17 167 170
17 133 137
7 119 125
13 148 151
10 31 34
15 180 184
4 5 5
9 37 39
1 74 78
3 88 88
32 163 167
32 56 57
17 93 94
10 100 101
2 175 177
18 164 167
2 47 50
2 178 181
8 101 104
16 177 183
2 137 142
7 178 179
30 45 45
8 180 183
23 98 102
14 41 42
1 140 145
15 127 129
21 59 59
2 14 14
20 79 82
5 12 16
19 145 146
7 135 137
23 101 107
16 105 106
23 152 156
4 140 144
7 94 97
19 41 46
12 15 18
6 143 146
12 113 118
31 148 153
2 110 112
12 158 160
3 154 157
30 43 49
1 96 98
9 92 94
1 63 67
4 151 155
9 14 17
7 69 73
11 71 74
12 179 182
8 22 22
5 10 11
21 78 81
7 158 161
20 5 8
3 78 81
14 81 82
15 196 201
38 192 193
6 42 44
9 50 54
20 97 101
4 39 41
18 90 93
14 75 77
2 49 51
20 32 35
11 161 163
21 111 116
11 26 31
16 105 106
11 189 193
10 199 201
28 182 186
3 108 114
8 196 199
3 182 184
8 127 131
16 155 157
16 144 149
21 139 142
30 101 103
7 75 78
8 56 60
23 126 128
15 86 90
3 61 63
22 41 42
2 192 196
21 166 168
14 132 135
32 103 109
4 53 53
1 190 194
42 171 172
5 61 63
8 124 124
6 172 176
10 58 63
8 129 130
23 48 52
3 132 132
5 110 115
22 91 92
23 89 91
18 81 84
7 14 14
17 49 55
18 153 157
10 187 189
6 22 27
1 73 76
2 130 134
16 100 104
3 43 46
6 173 177
14 73 79
20 130 134
1 68 71
10 167 169
3 116 119
4 165 169
10 145 148
5 57 61
11 48 52
4 31 35
22 183 186
2 66 70
9 5 9
3 134 137
18 24 29
20 71 75
18 54 57
12 179 183
30 151 154
24 150 155
6 67 68
18 69 74
5 54 55
11 194 194
18 122 126
15 47 52
18 196 198
9 126 132
1 50 53
2 20 24
3 84 85
3 11 14
25 192 195
26 19 20
26 31 35
20 58 63
6 189 193
4 2 4
8 92 96
10 97 99
17 42 47
22 13 15
20 35 39
25 178 182
32 176 179
4 159 161
6 169 173
20 41 43
17 130 135
6 26 31
28 119 121
27 178 183
3 80 84
24 90 92
16 63 65
29 140 143
1 87 89
8 87 92
1 103 106
30 67 68
7 43 46
14 193 195
1 171 173
3 164 167
6 174 177
22 58 61
13 109 110
5 195 199
7 5 9
10 61 64
6 72 72
14 198 202
7 141 145
19 118 118
9 43 48
9 91 94
7 16 17
10 69 72
7 30 35
2 70 73
32 162 165
17 37 39
10 171 174
2 85 89
4 165 171
9 120 125
17 135 137
3 125 128
15 135 138
7 116 118
16 175 179
7 62 65
15 66 69
11 5 10
5 4 10
20 126 129
8 93 96
8 26 30
19 27 30
7 8 13
5 95 97
22 73 75
7 16 22
9 65 68
19 187 188
9 54 58
13 26 27
26 176 177
17 27 29
7 39 45
9 70 73
16 171 176
32 53 54
7 23 26
7 156 159
2 163 168
5 25 28
5 113 114
23 8 13
4 48 48
25 109 113
14 188 190
34 189 192
3 174 178
16 125 128
3 186 189
19 187 191
17 38 42
13 133 133
16 192 193
25 96 99
10 159 163
12 34 34
23 157 161
6 56 60
7 90 96
1 55 57
8 153 156
27 69 72
10 49 50
17 137 141
17 20 25
32 112 116
26 140 143
1 137 138
6 158 162
2 146 148
17 97 102
4 7 8
2 71 73
8 16 21
10 139 143
7 72 76
1 156 160
13 62 66
5 152 153
4 140 142
27 191 195
33 174 177
3 44 46
8 160 165
22 156 160
14 4 7
30 165 168
30 135 137
16 62 63
5 150 153
10 77 83
1 96 98
7 63 66
4 119 120
7 79 83
3 153 155
8 103 104
7 92 98
32 169 174
3 67 71
17 198 198
7 120 120
23 88 90
2 112 115
3 111 115
1 70 71
5 103 107
5 54 58
13 112 114
19 22 27
13 172 174
16 14 18
18 6 9
7 167 171
14 103 106
7 82 83
3 39 43
4 56 59
11 23 25
2 29 31
9 34 39
19 4 10
31 84 85
15 100 103
12 28 31
4 120 125
15 85 89
9 191 194
32 71 72
31 163 166
4 147 150
5 63 69
14 96 99
4 106 111
22 10 13
19 91 94
41 119 122
5 43 44
8 50 54
5 187 192
4 69 71
7 23 27
4 152 157
23 96 98
36 75 81
10 3 6
8 199 203
11 113 118
17 144 146
1 186 189
7 99 101
10 114 118
1 11 16
3 89 89
15 126 129
9 122 125
18 11 14
18 74 74
13 76 80
31 114 120
7 97 103
20 186 187
1 1 2
10 123 123
12 35 36
6 96 98
19 53 58
12 170 173
4 37 39
8 158 162
1 123 127
3 116 117
16 37 42
32 194 198
21 196 201
14 58 60
11 21 22
5 164 166
23 150 156
4 17 23
22 175 179
31 99 103
41 159 162
9 143 145
1 86 89
22 196 198
2 27 28
7 3 9
9 8 9
3 78 80
13 178 182
2 136 138
14 147 149
2 139 140
4 119 119
15 2 3
29 39 41
8 29 32
17 153 155
1 190 193
6 25 30
9 56 59
1 171 177
3 5 8
28 92 95
11 19 24
14 181 184
19 188 191
7 178 180
6 183 186
26 29 31
6 190 191
3 35 37
16 171 174
10 61 66
35 109 113
13 18 19
17 15 19
13 18 23
1 162 164
16 115 119
3 44 49
31 177 181
2 11 15
2 198 199
8 99 103
12 2 4
13 184 187
13 173 179
27 72 76
29 126 129
20 80 86
12 54 54
18 99 101
8 12 18
4 199 199
13 14 19
14 160 162
15 62 64
1 73 77
10 105 107
5 181 185
12 173 178
12 50 52
4 76 82
23 84 90
14 13 18
21 27 31
3 177 178
7 80 83
6 48 51
12 176 179
4 23 29
8 123 127
4 46 48
1 130 136
6 51 52
20 94 95
7 30 32
2 32 33
5 136 141
1 100 101
16 129 134
19 193 198
6 13 17
13 121 121
13 146 150
1 50 51
28 9 11
24 34 36
19 132 136
13 53 57
28 148 151
31 160 162
3 176 179
12 158 163
31 66 68
10 0 6
28 198 200
6 95 98
7 18 23
8 61 66
3 158 162
24 186 189
2 84 84
21 157 159
30 29 33
3 194 194
11 35 36
15 130 132
36 121 122
2 179 185
9 134 140
8 74 79
17 124 125
23 134 138
13 83 87
3 40 46
5 149 153
10 142 146
20 141 145
3 199 200
2 46 48
24 157 163
26 138 142
13 112 116
1 8 11
8 193 195
13 119 122
1 127 131
17 104 108
6 154 156
12 107 112
3 43 48
5 102 105
5 97 100
4 186 188
8 163 167
9 27 31
25 115 115
3 72 78
34 95 100
1 195 198
20 108 109
23 29 31
10 104 107
5 7 10
3 84 87
12 187 187
19 84 86
30 11 14
19 76 79
5 136 138
41 179 180
25 154 159
1 33 35
14 9 15
4 30 34
45 164 167
21 104 109
12 101 104
17 59 63
2 83 87
12 79 85
12 18 21
6 168 172
20 124 128
14 108 109
5 162 167
5 121 122
17 61 65
11 170 173
21 156 158
16 50 52
9 18 20
22 88 91
9 163 167
8 120 122
26 122 126
15 54 57
25 130 133
9 136 138
14 88 88
27 148 152
8 90 93
29 185 188
3 119 120
5 40 40
21 137 142
23 184 188
13 82 85
10 108 110
19 116 121
22 66 71
3 198 201
11 164 168
21 53 56
6 197 199
15 180 186
5 76 82
35 46 47
1 65 66
20 75 78
28 97 101
22 1 4
10 90 95
23 41 46
5 8 14
1 162 166
3 57 59
3 68 70
5 14 19
17 126 130
3 92 94
13 198 200
8 29 30
19 17 21
2 109 112
16 34 39
4 141 145
2 158 158
3 33 35
19 188 190
14 36 39
2 31 31
2 77 81
7 120 124
8 189 193
11 115 121
1 89 93
4 43 45
31 58 60
4 3 6
5 96 96
2 16 21
32 68 72
11 200 201
16 145 148
25 195 199
18 107 111
9 49 54
