800 20 30
4 66 70
5 23 26
4 42 48
9 35 40
2 40 46
5 4 8
2 61 63
1 90 92
8 79 82
2 125 127
2 43 47
6 2 4
3 104 104
1 32 33
5 126 127
5 120 124
5 42 44
1 78 82
2 42 46
2 33 36
5 68 71
5 117 119
9 110 112
1 28 29
7 3 5
4 22 27
1 85 89
3 4 5
4 7 12
2 39 40
12 108 113
6 47 52
1 91 93
2 91 97
5 35 40
4 45 47
3 99 105
1 69 71
1 46 50
3 63 67
2 97 103
3 14 17
2 22 24
4 84 87
4 23 26
12 36 37
3 25 31
2 31 32
3 46 50
4 64 66
2 49 52
9 120 123
9 131 134
1 130 135
5 103 108
1 34 39
9 103 106
1 106 109
3 71 75
1 136 137
4 59 63
5 41 45
1 0 4
4 104 107
9 111 114
6 72 74
4 88 89
5 23 27
10 83 86
1 131 134
8 32 38
2 61 66
6 21 25
10 126 130
1 3 7
1 60 65
10 125 128
1 84 88
7 122 125
2 42 47
10 41 45
6 72 74
8 0 5
1 38 39
1 137 141
3 18 22
5 48 50
7 94 95
2 92 95
6 102 107
2 123 127
2 66 71
1 35 40
5 81 83
4 89 92
2 49 54
1 67 69
3 107 108
5 55 59
1 56 58
1 36 36
3 74 74
4 106 109
1 5 8
9 52 53
6 104 105
2 119 122
5 58 59
1 59 62
5 2 6
4 60 64
2 23 24
1 9 14
3 66 67
4 97 100
2 13 17
2 61 64
2 57 60
1 28 30
3 19 20
2 134 137
5 55 60
3 49 52
13 139 141
4 62 67
3 136 139
3 66 67
3 74 77
5 65 70
8 111 113
12 128 131
1 22 23
1 112 114
3 126 132
5 132 135
1 17 19
3 35 37
3 79 84
4 8 9
3 47 49
5 107 111
2 59 62
2 56 59
2 127 131
6 126 130
7 14 19
7 46 49
1 113 113
5 39 43
3 121 122
4 42 48
12 19 25
10 101 102
7 24 27
5 38 41
5 55 58
1 133 138
8 13 15
6 101 102
3 22 24
7 83 86
1 23 26
1 124 126
7 45 48
8 28 32
8 39 42
8 133 138
6 122 127
6 65 66
9 30 33
5 137 140
7 60 61
4 127 127
2 16 18
2 126 131
9 86 89
1 115 115
8 110 115
12 8 10
2 27 31
4 126 131
6 111 112
6 112 116
1 138 140
8 107 109
7 130 133
3 81 83
4 83 84
1 125 128
4 68 69
1 51 54
8 138 141
3 84 84
1 38 42
4 46 48
9 119 122
5 122 128
5 116 116
10 79 80
4 73 75
3 28 30
9 90 91
3 121 122
4 11 14
3 0 3
4 19 21
6 125 129
4 18 23
1 41 45
3 100 106
1 18 21
5 105 108
1 139 139
8 113 116
2 104 107
7 72 74
5 93 99
3 72 76
7 106 108
1 114 116
1 56 60
5 136 139
1 72 76
9 66 68
6 139 140
11 68 72
3 85 88
5 59 62
3 32 37
3 100 105
4 103 106
8 133 135
1 68 74
4 47 50
2 87 92
1 126 131
5 139 142
2 117 120
7 97 100
2 60 66
2 34 37
8 92 96
5 94 98
12 54 60
2 80 83
1 52 53
7 137 140
6 53 54
2 100 102
2 121 127
5 24 26
6 14 14
3 94 100
1 121 124
5 114 117
6 108 112
4 74 76
1 107 113
2 78 82
2 18 21
7 54 57
3 38 40
8 55 59
7 55 56
5 82 84
3 115 120
3 24 25
6 15 15
9 13 18
7 67 71
3 132 133
6 10 16
1 46 48
2 131 135
1 45 48
4 37 38
4 8 10
6 47 49
7 97 102
5 91 92
2 122 125
3 46 50
1 65 67
4 136 137
1 17 20
3 33 38
1 34 35
8 95 98
5 81 84
2 5 8
8 118 120
4 81 84
1 9 14
1 81 84
4 119 125
3 70 72
3 71 76
1 104 110
15 80 81
7 116 117
2 21 23
8 51 55
5 86 87
5 113 116
15 103 109
2 135 135
2 18 20
5 50 53
6 86 90
1 107 112
6 124 128
6 67 69
2 48 51
7 77 81
1 42 44
3 90 94
6 111 111
6 73 76
3 17 17
1 98 99
6 104 110
2 104 108
6 131 134
3 14 17
4 99 105
4 140 143
1 9 10
1 96 101
16 131 136
2 126 130
5 83 86
5 7 11
3 132 136
3 77 81
5 42 42
3 102 106
2 85 90
3 30 34
4 96 100
14 108 111
4 94 98
3 103 104
2 63 66
5 112 115
4 121 123
3 117 120
6 77 79
3 81 83
2 115 116
1 41 42
10 79 82
1 47 49
4 95 100
3 25 27
3 22 26
2 109 111
2 48 53
2 46 50
6 82 84
2 7 10
5 127 128
1 17 18
3 54 56
7 18 21
2 5 8
7 43 46
2 87 92
4 60 65
1 68 68
5 125 128
6 33 35
9 98 102
2 108 112
8 118 121
8 112 116
11 39 42
3 63 66
6 116 119
8 25 31
5 55 61
1 96 97
7 88 91
1 133 136
1 4 7
3 115 119
2 54 56
4 128 130
8 32 36
3 38 40
2 35 38
3 137 138
1 108 111
8 115 116
6 62 67
13 93 94
5 97 101
1 77 79
11 60 63
2 39 43
3 89 95
4 89 91
2 59 60
4 36 40
1 50 50
3 62 65
2 130 133
13 120 125
4 128 129
4 4 7
11 123 124
3 73 74
4 104 108
4 115 116
1 66 71
6 123 126
3 37 38
11 5 9
1 59 62
8 8 12
8 49 54
4 71 73
5 17 23
7 130 133
2 118 118
2 77 81
3 66 69
2 48 50
3 53 55
3 49 50
1 123 127
1 81 83
1 111 114
1 121 123
7 129 135
2 116 116
4 8 12
8 57 62
6 34 38
5 31 33
1 129 131
3 115 118
1 82 85
6 138 141
5 36 41
2 38 40
8 18 20
1 76 76
4 27 29
2 130 136
1 71 75
2 87 90
1 49 53
3 80 83
1 12 15
2 80 81
1 76 79
2 36 36
3 69 70
4 122 125
11 41 44
9 37 40
4 81 84
4 91 93
3 33 35
7 109 111
4 56 56
2 84 86
8 84 86
8 136 137
1 53 57
5 98 101
1 43 46
1 57 60
4 58 60
1 15 16
1 35 39
3 87 88
5 60 63
2 60 61
2 21 21
2 118 119
4 25 28
5 43 46
3 13 16
2 90 94
2 77 79
2 82 85
1 78 79
3 114 118
1 9 10
6 117 122
14 101 104
1 96 97
3 7 10
5 14 19
3 119 124
10 1 5
4 102 103
5 49 55
1 79 80
9 31 35
12 124 129
3 32 33
4 76 78
9 99 103
14 132 134
8 69 74
8 87 87
14 87 93
3 78 81
4 56 59
6 85 88
3 7 11
2 133 133
2 102 103
3 26 28
11 71 76
7 86 92
6 131 131
1 121 124
4 93 94
3 95 96
1 22 28
9 16 21
6 120 125
7 12 12
11 18 22
4 84 88
1 103 106
5 59 63
3 88 92
5 45 47
4 134 136
2 38 42
1 17 19
11 94 96
4 29 30
2 69 73
5 26 27
5 86 89
1 53 56
2 54 57
7 124 130
2 75 77
3 74 76
2 86 89
4 59 62
9 82 84
1 100 102
2 5 7
3 108 112
3 27 30
4 126 129
1 49 51
3 64 68
7 73 74
2 56 57
12 123 127
5 117 121
4 2 4
3 90 94
1 111 117
13 137 138
2 30 34
15 137 141
7 14 16
4 13 16
1 1 5
4 110 114
2 27 27
4 42 44
1 83 83
1 90 93
1 118 123
10 97 101
4 56 58
13 49 52
4 85 88
4 138 138
3 97 100
7 57 62
1 98 102
10 68 70
8 62 64
6 47 49
9 41 41
3 87 89
1 119 121
5 100 105
2 9 11
9 30 33
9 66 71
4 57 60
2 70 74
4 130 133
5 89 91
2 39 40
1 21 22
1 110 116
2 39 45
8 24 25
5 29 34
4 105 111
4 4 7
11 22 25
7 58 61
2 110 114
3 39 43
2 133 135
6 115 117
3 77 80
1 10 14
7 92 94
5 45 49
2 120 126
8 8 13
10 77 79
1 78 80
8 130 130
7 140 143
11 127 131
7 101 101
3 134 134
1 91 97
7 10 15
2 100 106
3 72 78
4 134 134
11 26 31
2 123 126
2 105 110
2 93 95
7 3 5
2 79 82
1 105 108
2 26 28
1 95 97
3 106 111
1 9 11
1 50 55
1 47 52
2 13 18
3 64 68
4 125 128
2 3 6
1 69 70
5 29 33
5 45 45
8 11 13
5 21 26
6 64 67
2 122 125
2 42 44
7 48 52
5 89 94
3 121 123
5 87 90
3 90 93
2 29 33
5 74 76
7 47 48
3 52 53
1 51 54
3 113 115
1 42 46
7 43 46
9 17 20
4 56 59
1 100 103
3 64 65
2 30 33
8 15 18
6 92 94
3 69 69
9 120 124
9 111 116
4 70 73
1 39 43
5 63 65
5 96 99
8 75 79
2 30 33
4 10 13
10 107 111
4 25 30
5 137 142
3 67 68
10 113 118
1 22 26
2 52 55
9 68 71
4 71 75
11 116 121
1 16 20
9 113 117
9 132 137
1 69 73
1 0 6
11 22 25
4 104 108
1 135 137
3 127 133
2 138 140
11 99 100
3 89 92
2 69 75
5 105 110
4 101 106
9 129 134
6 8 10
2 56 61
6 128 133
2 138 140
4 115 117
1 130 134
4 39 39
6 76 79
1 99 101
8 5 8
4 2 2
1 93 97
6 61 67
6 66 69
8 55 58
4 98 104
2 105 108
5 129 133
2 47 50
3 51 55
2 131 135
1 41 46
2 5 7
2 116 119
4 112 115
4 33 37
1 42 44
3 96 97
2 62 67
3 29 34
1 54 58
9 50 53
1 79 84
9 92 95
7 117 121
2 11 17
4 62 66
4 22 25
6 83 85
4 5 7
1 8 9
3 3 7
7 89 95
7 66 70
3 115 116
8 76 79
13 96 100
8 27 30
3 84 88
8 74 79
4 53 56
1 137 138
6 94 98
1 39 42
3 109 114
2 79 79
5 75 76
1 52 57
3 33 36
3 70 74
8 84 88
1 92 96
6 2 7
2 15 19
2 137 140
4 96 98
14 135 137
5 120 120
9 54 57
5 8 11
4 14 17
3 91 94
3 106 111
4 38 42
3 62 65
1 63 67
4 78 79
7 30 36
2 2 5
1 108 113
2 2 8
2 31 35
4 40 41
7 102 106
3 101 103
2 120 122
8 15 19
4 87 87
1 58 59
3 11 13
6 91 93
