800 30 45
3 67 72
7 44 47
1 63 64
6 18 19
2 106 109
7 60 63
2 51 54
3 68 69
1 50 51
11 39 42
5 114 116
6 0 4
5 51 54
5 84 87
3 1 5
11 95 100
4 38 42
1 33 35
7 90 93
5 22 28
2 25 30
2 100 106
16 94 98
1 101 104
9 95 97
9 117 119
2 22 25
2 91 94
22 79 84
2 11 16
5 28 31
1 25 30
5 103 105
5 72 78
6 101 105
2 43 46
11 111 115
2 84 88
4 38 40
11 22 22
5 95 98
1 63 65
7 95 99
5 43 45
10 40 42
10 72 76
3 93 98
13 10 15
2 74 75
7 32 33
4 99 103
1 35 39
3 80 83
4 2 7
13 68 70
2 49 53
1 33 37
12 60 60
14 46 52
1 107 109
9 115 118
9 40 42
7 29 32
1 57 62
5 70 73
5 5 8
5 81 83
5 18 23
8 32 34
6 14 18
6 91 91
4 107 110
2 67 71
2 83 84
4 37 37
11 52 55
6 39 42
5 51 55
9 16 17
1 89 91
4 26 31
6 45 47
2 94 96
3 16 16
11 90 94
3 7 10
12 37 39
1 47 50
2 90 92
10 93 98
7 88 92
1 42 45
4 100 103
10 85 88
5 47 50
1 60 62
7 49 54
3 78 81
1 8 13
2 6 8
2 41 45
3 111 114
5 55 57
4 30 33
21 9 14
1 110 116
6 80 84
9 61 64
1 10 13
1 71 75
12 18 21
9 19 20
6 55 58
4 66 72
27 98 101
8 13 16
3 65 67
2 55 61
7 20 23
1 41 42
8 73 75
13 3 4
1 89 94
5 40 43
5 96 96
6 15 18
16 64 65
11 16 21
1 46 52
1 36 40
4 10 14
1 48 52
2 97 98
5 53 54
8 110 113
2 75 79
4 40 42
1 68 72
6 100 103
20 92 96
1 29 34
8 80 80
7 82 85
10 105 109
12 91 91
1 86 88
12 97 102
9 99 102
3 111 112
6 30 36
3 40 41
5 48 51
4 74 79
4 61 61
17 7 10
4 5 8
1 73 76
4 26 31
1 4 7
1 64 68
2 46 47
1 92 94
6 37 42
10 20 23
2 85 91
6 30 35
2 91 93
1 61 62
2 7 9
10 84 86
7 29 31
8 117 122
12 63 66
4 1 6
1 4 8
2 73 77
2 75 77
9 119 120
1 31 36
1 115 121
1 99 99
7 117 120
1 98 100
1 55 59
4 45 49
3 104 107
4 13 13
6 53 56
16 51 54
3 6 12
8 101 103
19 71 75
20 115 118
9 42 45
1 3 7
4 88 89
5 22 27
3 65 71
2 82 83
10 27 31
1 49 53
5 31 34
9 83 86
2 38 38
8 26 26
9 35 36
3 57 61
5 6 11
4 87 91
5 36 39
1 36 38
4 51 56
4 112 115
3 110 112
8 69 71
6 89 93
11 84 88
5 108 109
8 113 115
1 66 71
5 111 112
13 77 79
2 39 41
1 82 85
9 80 80
3 36 42
4 117 119
11 60 63
13 62 65
9 119 119
4 69 74
4 35 41
6 105 107
5 73 75
2 15 19
11 88 93
1 54 56
1 93 95
10 15 19
4 97 102
17 86 87
7 40 45
1 30 34
8 27 30
4 20 23
6 95 96
2 50 53
4 73 77
8 99 105
1 45 49
22 118 118
10 30 33
5 25 28
4 42 46
11 35 36
11 62 66
16 43 48
7 109 115
16 42 45
1 68 74
1 47 51
13 104 105
6 57 59
2 88 92
8 97 99
17 76 78
1 97 100
6 28 33
9 26 29
3 95 99
7 40 42
10 59 63
1 2 4
1 77 79
1 17 21
4 4 4
4 109 113
8 56 60
17 56 62
10 106 109
6 51 52
3 116 121
4 79 85
3 57 62
6 49 53
5 23 25
5 107 110
3 37 41
3 40 42
1 62 64
4 46 49
3 63 64
3 44 45
9 99 101
4 26 26
8 81 83
7 115 118
2 30 34
10 114 115
3 23 25
3 24 27
1 34 39
4 32 35
5 118 122
1 31 33
7 79 82
17 87 90
3 112 117
7 14 18
1 67 71
6 17 19
11 109 113
4 10 14
14 69 72
5 52 54
3 28 30
4 69 73
5 16 19
3 36 42
6 82 86
4 61 61
4 54 54
8 15 18
4 17 18
1 43 44
1 57 62
2 29 32
5 75 76
20 108 109
9 84 87
11 64 67
10 64 66
4 104 110
1 98 101
2 53 56
2 92 98
4 94 98
2 55 61
2 46 47
5 98 102
3 86 90
1 32 36
9 19 21
3 54 56
1 18 22
2 34 37
2 50 53
4 118 121
15 88 92
5 50 56
6 108 111
6 95 100
1 100 103
9 79 82
4 27 30
5 44 48
18 68 68
4 88 92
6 83 84
2 69 70
2 104 107
2 98 102
3 11 16
1 19 22
2 41 43
2 43 46
5 25 29
4 35 37
5 39 44
3 73 75
1 47 51
2 21 27
4 103 109
4 74 77
4 8 12
13 10 12
13 9 10
1 82 84
21 69 71
5 22 27
5 38 40
11 91 95
2 8 13
8 47 50
1 22 23
1 60 63
13 6 9
7 116 120
13 48 53
2 5 8
7 33 37
3 85 87
3 19 24
8 34 37
10 108 112
5 11 15
6 113 116
5 77 83
2 9 10
2 33 34
1 29 31
4 40 44
1 81 81
4 62 64
7 106 110
2 89 91
4 81 85
7 49 50
4 19 22
10 66 68
5 63 66
3 69 72
3 104 105
2 105 109
1 56 58
5 25 26
11 52 54
2 110 114
1 40 43
14 79 81
2 70 71
2 64 66
9 106 111
5 37 42
1 32 33
5 3 9
8 57 62
3 88 90
3 99 105
11 32 34
1 8 14
6 19 22
12 33 35
6 38 41
10 43 48
6 46 48
9 25 27
2 110 110
16 109 111
2 94 96
3 57 58
11 94 99
2 102 105
3 73 73
2 80 80
5 99 102
3 14 15
6 14 16
8 20 23
17 107 108
3 75 81
2 106 106
9 45 49
8 114 118
21 105 106
6 32 35
2 4 10
13 97 102
2 104 107
9 35 35
4 23 26
8 101 107
10 43 46
10 61 63
11 114 115
14 83 85
3 77 80
2 56 57
4 108 109
5 108 112
5 12 18
6 4 7
4 78 80
5 56 59
7 111 111
11 32 36
1 72 75
16 51 54
4 13 15
3 91 96
7 24 24
9 46 49
1 64 65
2 6 8
4 37 40
10 3 5
1 95 99
5 61 67
5 115 116
4 3 8
6 53 57
3 71 73
6 41 46
11 88 92
3 35 39
3 92 96
3 112 118
10 76 80
8 117 117
2 110 114
3 27 32
1 52 57
3 73 76
6 55 59
15 119 121
6 26 31
1 91 94
7 99 103
7 103 106
4 82 85
1 119 121
3 85 88
4 88 89
9 112 113
21 26 27
6 104 107
6 62 67
3 66 68
4 94 96
5 10 13
3 78 79
3 113 116
1 12 16
3 110 114
5 84 85
14 69 71
8 103 108
2 104 106
2 116 120
5 65 68
7 20 24
2 57 62
10 92 93
8 93 98
9 92 92
6 72 78
9 31 34
6 51 55
10 47 49
2 19 23
1 74 78
5 19 23
3 84 88
19 113 116
14 103 103
5 26 27
3 52 53
4 46 48
1 70 73
5 9 14
9 89 90
2 97 98
3 104 104
6 73 74
1 65 67
1 87 88
2 59 61
6 4 9
4 103 107
1 15 16
12 50 53
1 17 17
10 97 101
1 78 83
3 58 61
3 88 92
5 106 111
8 30 33
10 78 80
7 85 88
5 93 93
3 65 65
6 47 49
3 86 90
4 18 23
2 69 74
12 91 93
5 1 5
1 111 112
2 35 38
5 118 118
11 100 101
7 87 91
2 113 114
7 72 74
6 79 82
9 55 58
3 6 11
7 90 90
8 82 84
13 44 45
7 60 64
1 80 82
1 112 116
4 47 47
1 65 68
2 115 118
4 104 109
2 11 14
5 13 17
9 50 51
2 120 121
3 90 95
5 96 101
1 60 66
14 85 89
5 59 61
5 47 47
2 54 55
6 30 33
14 62 63
3 9 12
2 33 38
7 111 116
2 96 101
4 25 27
6 1 4
16 53 57
1 4 9
7 21 23
3 19 20
2 27 29
9 36 38
9 117 123
13 54 58
1 31 32
1 107 111
4 11 11
3 27 29
1 35 38
7 61 63
7 67 70
4 102 103
2 41 43
12 64 70
8 95 100
7 109 112
4 43 46
1 79 82
18 36 41
3 58 62
8 80 82
7 66 69
1 5 11
10 115 117
5 99 102
4 92 96
7 73 73
17 58 61
1 117 120
8 113 117
8 78 79
4 55 58
1 27 27
3 62 65
2 40 42
4 24 30
2 102 107
2 3 7
10 21 26
17 91 95
3 101 104
1 70 74
9 90 94
4 0 4
4 82 82
1 118 120
2 58 60
4 44 49
4 79 83
3 18 22
3 89 93
1 27 28
6 92 95
8 44 47
1 68 73
1 51 55
6 85 88
9 14 19
5 107 111
5 71 74
5 87 87
8 76 80
10 7 12
1 64 67
10 25 26
8 27 30
6 66 69
3 3 4
10 104 105
2 75 81
3 92 96
2 81 85
3 27 31
9 26 30
9 118 120
23 79 81
9 105 107
3 56 61
5 14 18
1 63 63
6 45 45
3 45 46
13 36 39
11 75 77
1 51 53
8 97 99
11 71 75
7 8 8
9 13 14
1 36 39
1 11 11
1 94 97
10 112 117
15 5 10
3 37 38
1 43 46
4 14 18
3 33 37
1 25 28
8 49 54
4 8 12
3 75 79
1 80 81
4 101 105
2 68 70
6 101 104
6 86 90
1 16 17
8 64 70
6 30 34
4 98 99
16 104 109
5 38 40
3 57 60
4 89 91
12 75 75
2 119 120
3 56 62
3 68 71
6 85 87
8 108 113
4 19 22
10 119 121
9 34 37
8 15 17
3 67 70
2 104 108
10 55 59
2 67 70
2 21 21
2 58 60
3 113 117
10 60 63
1 108 110
3 34 39
8 71 74
2 74 77
5 104 110
9 2 7
1 63 69
9 71 74
6 6 8
6 112 116
6 109 113
2 85 86
3 115 117
4 70 72
2 61 66
7 107 112
9 116 117
5 76 77
1 44 49
4 12 17
8 8 12
3 83 87
3 85 86
3 89 91
8 64 68
4 48 50
9 59 63
1 54 58
7 22 24
8 16 20
2 7 9
3 31 34
4 21 24
2 39 44
6 11 14
2 54 57
10 76 78
1 49 54
3 112 116
7 110 114
5 10 14
1 45 49
3 115 118
8 78 80
19 94 95
8 45 47
