10
0 0 0
74 88 6
86 97 1
11 30 7
86 92 4
83 107 7
8 52 9
54 74 5
33 74 6
22 70 9
17 46 8
0 9 65 13 83 70 75 3 53 4 74
1 0 80 77 14 26 33 21 74 66 13
87 61 0 14 76 71 88 50 33 67 82
3 96 56 0 52 41 48 34 23 94 17
3 98 88 70 0 75 19 9 62 22 84
5 45 36 15 78 0 89 7 92 94 71
28 59 24 57 71 36 0 4 20 4 93
64 71 88 70 90 45 72 0 32 45 3
93 73 95 82 31 54 35 46 0 25 42
26 15 14 13 64 6 38 13 59 0 90
14 74 47 79 57 56 39 42 90 40 0
0 2 2 8 7 5 12 6 8 11 2
4 0 6 8 2 2 2 5 5 10 12
12 9 0 1 12 9 6 1 12 10 12
2 2 8 0 6 11 2 5 11 1 3
10 12 2 6 0 11 11 1 8 11 2
5 8 6 4 4 0 1 4 4 10 12
3 4 5 1 9 5 0 3 8 10 4
10 11 1 7 5 11 1 0 3 12 10
11 11 1 5 6 5 1 4 0 1 9
12 6 12 10 6 4 3 3 11 0 11
2 12 3 8 8 2 7 12 2 7 0
