25
0 0 0
148 180 3
172 281 1
45 65 1
21 62 1
257 273 1
57 246 4
188 264 4
69 124 4
238 419 3
3 116 2
287 312 3
277 434 1
280 359 1
123 291 4
199 302 2
223 374 4
56 232 4
41 139 2
284 327 2
122 145 3
259 281 2
93 122 4
29 168 2
94 132 1
118 177 2
0 67 49 95 69 2 4 31 14 17 77 40 47 34 86 1 88 82 31 43 68 66 90 58 83 41
85 0 27 5 90 58 67 2 77 93 100 5 99 45 51 71 66 39 80 36 58 17 3 33 48 38
90 20 0 83 29 31 43 87 67 95 93 53 54 35 99 54 59 11 23 2 82 57 58 59 25 16
59 98 32 0 92 53 16 6 39 61 86 35 52 35 99 83 8 34 27 84 61 65 33 79 59 49
19 63 47 61 0 87 82 25 15 95 2 37 93 8 88 40 83 86 60 31 51 86 39 48 66 33
68 38 90 38 1 0 82 85 48 91 66 71 96 7 92 89 27 39 89 89 8 12 53 62 28 57
11 12 8 96 86 89 0 84 30 98 7 96 45 52 48 93 55 82 90 11 81 86 17 79 39 58
24 30 42 21 30 72 35 0 23 21 11 79 44 74 6 99 72 4 73 39 42 43 98 54 40 87
6 83 65 15 2 61 68 7 0 2 72 72 18 54 97 53 13 96 52 96 7 6 17 3 72 45
4 30 98 88 8 48 61 87 9 0 99 86 42 16 22 20 87 9 75 91 51 67 9 8 40 91
1 75 57 36 30 95 77 15 9 17 0 87 93 26 70 39 48 94 90 22 76 32 6 6 24 48
75 68 6 99 43 68 26 44 66 80 59 0 99 97 37 61 84 100 83 36 10 39 98 21 51 75
86 45 23 78 59 82 10 72 64 9 36 96 0 5 30 72 66 49 29 83 46 45 17 18 5 60
38 69 79 76 24 29 11 45 57 39 26 14 92 0 66 93 95 55 18 70 71 76 38 81 32 74
58 9 42 95 14 69 45 13 54 12 18 50 59 23 0 31 13 72 15 89 50 30 95 12 63 98
50 46 66 25 50 51 36 84 6 98 15 65 35 44 51 0 46 18 71 98 46 12 47 1 55 16
62 10 9 51 18 9 52 65 96 74 72 82 1 49 58 91 0 30 72 10 59 31 45 25 89 29
29 20 41 92 8 98 99 90 28 62 50 17 84 9 25 77 9 0 77 92 92 46 53 83 57 93
68 65 34 32 25 15 65 89 67 19 50 93 60 8 27 48 61 71 0 87 3 74 69 85 55 63
6 30 24 48 18 72 71 72 3 37 32 89 82 48 32 50 70 18 48 0 82 34 10 7 45 95
17 42 19 85 5 16 44 11 86 97 60 57 55 41 40 18 28 38 73 23 0 70 27 62 75 2
32 87 31 91 49 73 91 77 36 75 15 23 20 7 5 7 39 72 45 75 2 0 74 62 80 71
64 93 46 28 55 8 29 43 37 97 50 16 12 37 25 22 52 88 58 97 27 85 0 14 68 29
45 91 44 67 2 11 49 49 86 59 68 93 28 67 69 100 72 98 67 32 71 15 25 0 34 11
91 17 67 76 46 94 91 17 24 62 6 51 1 90 77 68 74 35 80 65 27 15 17 32 0 46
44 43 62 99 50 43 28 78 51 69 50 36 18 12 55 4 80 1 35 86 3 30 17 1 40 0
0 3 9 3 5 4 2 11 12 10 10 10 7 8 8 2 2 11 8 6 6 4 2 11 4 2
1 0 8 7 11 12 9 4 4 2 12 7 2 12 2 2 5 3 2 11 8 6 5 8 4 8
4 12 0 10 3 11 3 8 8 11 1 5 7 5 1 11 9 1 3 8 4 5 8 11 5 3
12 10 12 0 6 10 4 9 6 10 8 3 1 6 11 8 11 7 5 8 9 5 8 6 10 10
10 12 11 12 0 10 9 2 11 8 4 2 11 8 5 9 6 3 8 1 6 6 11 8 11 3
8 4 8 7 9 0 6 3 6 7 10 9 4 6 12 11 4 8 5 11 9 8 11 12 12 2
12 10 5 1 3 6 0 8 11 9 6 9 1 4 9 4 8 12 1 12 2 12 4 3 7 4
6 11 8 7 9 9 4 0 11 12 10 3 9 2 9 6 1 10 12 4 5 4 1 4 10 1
7 4 8 9 4 9 6 9 0 9 6 6 12 9 3 3 2 11 7 6 11 1 4 9 1 8
8 5 9 6 5 9 1 10 12 0 10 1 9 7 7 1 2 3 8 3 1 6 2 6 9 12
5 9 5 2 2 2 4 3 4 10 0 1 1 8 7 4 6 10 10 7 5 9 9 10 5 12
1 1 6 4 10 9 5 4 10 11 2 0 9 10 7 3 11 9 4 10 6 8 7 8 4 1
6 11 1 12 2 5 8 4 12 7 2 3 0 1 1 11 1 5 8 10 1 8 1 11 5 2
5 7 1 6 12 9 6 5 4 10 5 10 6 0 1 9 10 7 7 4 8 10 5 2 8 11
3 5 8 1 12 3 8 3 3 4 7 1 10 8 0 4 5 6 2 1 9 6 2 2 12 12
10 11 8 8 11 11 10 10 2 9 5 10 10 12 3 0 4 10 1 9 10 8 8 1 1 2
11 8 7 10 10 10 6 6 9 10 7 2 12 6 2 4 0 9 8 1 9 1 6 4 6 6
10 3 7 8 11 11 5 11 9 4 3 11 7 12 9 4 10 0 9 8 11 6 8 4 1 5
5 9 11 7 4 4 6 12 12 11 6 6 12 9 7 9 12 10 0 12 9 2 3 3 2 6
7 5 10 8 2 1 1 7 3 12 6 1 7 11 5 4 3 12 7 0 5 11 8 11 9 12
3 10 12 1 12 7 5 11 6 1 1 2 6 6 7 5 4 4 2 2 0 10 5 9 7 4
9 6 3 3 2 6 3 11 5 11 12 5 6 9 3 1 8 7 1 8 12 0 2 8 5 7
5 8 6 10 8 9 5 9 2 12 11 7 5 12 4 11 11 6 1 4 11 6 0 8 4 1
9 7 6 2 3 7 3 3 10 12 7 12 6 5 2 2 3 8 6 1 7 5 11 0 6 5
9 6 1 11 5 6 9 3 9 11 4 1 10 1 3 11 12 8 7 6 4 8 10 10 0 2
11 5 9 6 6 5 12 4 11 1 2 3 11 1 9 11 6 1 12 4 9 7 12 1 4 0
