50
0 0 0
2 126 3
248 392 4
370 746 3
374 642 1
453 683 1
452 570 2
125 465 1
444 500 4
157 505 1
288 638 1
19 173 1
34 132 1
20 234 1
294 368 4
472 784 4
95 347 4
187 283 3
287 437 4
47 113 3
468 568 4
177 449 4
77 155 2
276 316 2
146 472 4
371 497 1
38 336 1
203 297 4
53 151 2
435 803 2
327 543 1
126 310 2
206 318 3
165 479 1
186 450 2
51 349 2
24 384 4
180 302 1
445 705 1
9 361 2
144 282 3
220 472 4
10 170 1
432 672 4
453 627 4
91 221 3
242 568 1
397 645 3
157 397 3
330 624 3
242 376 3
0 14 11 13 59 26 36 13 35 99 99 20 77 24 59 38 37 93 53 27 9 80 36 65 76 85 44 15 89 39 96 85 2 7 83 73 23 80 90 5 50 74 14 71 82 62 65 93 23 50 38
45 0 61 93 43 31 8 69 61 84 32 59 49 51 24 49 25 70 58 40 20 84 65 75 61 29 9 80 60 84 2 56 38 94 69 28 8 25 28 40 55 46 21 36 5 73 90 96 12 85 6
15 6 0 70 24 53 92 31 64 2 19 22 6 27 21 17 50 68 28 85 20 76 8 74 1 59 79 62 92 35 59 30 46 30 62 49 63 50 74 9 98 82 96 45 88 98 83 29 69 53 17
74 96 72 0 33 27 81 6 74 76 9 55 36 37 9 47 32 95 44 67 58 71 6 17 92 62 47 50 23 34 37 35 16 57 8 84 58 87 13 14 58 61 90 35 54 35 88 3 15 26 69
24 36 77 18 0 93 77 12 60 90 30 30 74 44 60 2 7 47 1 88 28 78 86 60 76 40 72 9 61 61 61 59 27 76 46 76 36 8 23 38 4 67 24 34 96 73 30 35 83 91 19
47 26 20 72 86 0 94 35 37 38 80 23 54 28 89 95 66 51 96 18 93 42 40 16 15 79 42 62 33 95 97 92 22 3 83 35 61 43 14 87 55 57 89 86 10 34 92 34 9 30 22
41 64 2 37 38 75 0 21 5 7 38 22 5 87 75 54 11 25 28 82 38 96 63 83 16 6 16 88 53 25 24 98 57 47 87 24 43 90 24 72 25 79 56 89 55 13 50 76 98 7 100
35 47 41 45 59 22 27 0 35 76 80 4 7 65 62 32 90 27 73 23 10 71 39 65 29 90 41 49 16 15 79 39 85 20 16 39 34 15 73 79 44 71 60 24 86 64 90 37 22 86 59
64 64 44 85 83 60 94 78 0 35 57 77 77 42 96 20 100 97 77 99 71 21 77 20 39 82 76 94 14 47 57 77 77 6 38 90 3 12 67 59 8 5 8 96 66 47 86 18 5 74 64
82 61 40 60 24 48 75 15 71 0 3 20 40 34 98 61 33 17 48 99 91 6 98 73 42 27 78 70 39 68 94 29 85 89 22 34 18 100 25 45 25 98 16 53 42 71 26 60 99 91 96
27 70 27 36 35 5 6 92 43 51 0 65 30 62 86 91 65 81 40 80 9 64 81 82 47 1 87 45 24 68 36 66 3 99 88 3 86 38 30 95 3 69 10 16 84 12 99 2 82 82 15
8 46 35 50 83 11 47 19 10 54 32 0 62 76 77 35 21 8 96 28 10 87 4 92 76 66 48 12 94 53 64 14 47 9 40 23 90 37 39 61 100 82 81 2 76 50 66 5 87 62 84
95 9 76 89 10 14 87 70 43 21 50 68 0 6 96 95 7 37 50 58 98 39 8 97 59 33 88 25 81 90 23 81 90 83 89 9 69 45 17 18 82 91 76 7 71 76 3 16 93 71 89
76 19 71 8 97 20 77 42 70 20 17 85 87 0 86 28 70 73 6 79 2 49 12 1 81 51 44 45 15 7 21 93 96 79 19 49 16 79 15 23 38 28 97 48 76 48 62 40 7 39 44
69 66 95 80 45 72 45 62 48 52 77 88 12 71 0 26 100 29 46 32 11 49 90 55 87 66 97 68 51 26 29 84 64 10 1 70 52 86 17 85 40 69 31 79 41 73 64 9 5 2 44
70 32 77 14 47 89 17 50 33 3 37 79 75 27 90 0 33 22 31 66 79 57 42 46 99 95 98 99 81 21 64 92 81 94 26 5 1 68 70 12 9 84 55 16 56 32 38 66 7 33 11
91 33 41 44 28 36 87 43 17 66 21 40 96 94 4 64 0 83 75 35 50 69 52 99 41 29 21 62 20 15 89 92 16 62 27 98 38 3 86 1 16 35 8 12 41 91 8 17 1 38 77
37 4 31 40 64 4 68 47 28 45 82 66 88 62 87 61 9 0 32 56 28 42 22 14 43 4 53 7 29 11 36 88 88 38 75 54 20 47 15 62 22 10 88 80 32 30 9 76 74 16 57
11 88 60 46 5 45 37 5 94 83 18 4 25 97 44 94 52 61 0 6 43 82 26 42 79 41 24 17 88 42 68 43 26 75 61 27 13 37 65 3 65 50 21 26 2 36 40 28 46 71 97
29 63 36 99 52 69 55 20 73 40 88 25 73 75 85 71 36 18 6 0 30 57 77 80 80 34 60 35 76 20 45 45 78 73 16 1 73 81 61 22 31 3 95 44 69 91 93 53 88 13 6
68 12 19 6 9 90 66 98 12 42 38 46 35 10 66 38 69 56 90 23 0 56 24 87 99 45 82 18 76 93 28 69 64 73 23 84 70 56 87 75 99 6 5 64 17 48 27 59 72 77 34
53 60 40 95 2 81 51 53 95 56 51 5 99 61 65 40 56 72 72 49 65 0 100 21 73 27 46 69 30 83 15 74 85 86 45 26 35 25 100 68 45 49 21 12 8 10 68 99 58 13 57
53 4 52 56 56 85 94 88 21 97 17 71 97 82 53 22 43 79 35 60 63 63 0 38 13 52 91 97 33 76 54 48 1 74 65 83 85 40 88 4 83 9 35 71 97 4 32 34 51 32 8
54 45 64 86 43 38 82 33 69 25 59 13 39 58 52 21 19 98 20 35 83 70 5 0 75 52 64 27 85 40 91 29 50 88 32 32 38 70 73 32 70 46 92 10 53 70 2 9 93 64 5
11 27 39 79 22 6 77 87 90 17 34 16 54 21 60 97 75 95 65 13 34 82 11 14 0 24 41 56 9 22 7 88 38 92 68 21 78 80 21 82 80 21 91 79 67 8 61 75 26 42 87
40 5 50 24 13 16 45 67 52 77 89 28 51 29 88 32 67 33 2 52 83 70 70 65 32 0 97 52 81 94 81 28 74 66 8 61 30 56 95 67 11 34 66 28 70 76 50 46 57 87 34
90 40 25 59 80 65 40 21 97 61 20 23 30 50 11 80 65 27 93 36 84 65 13 11 51 77 0 9 57 28 98 8 65 65 11 38 84 16 71 73 13 25 13 20 92 64 15 70 54 56 16
4 99 43 32 29 42 84 71 58 68 35 52 71 37 26 82 23 41 90 9 67 18 13 90 98 39 64 0 79 72 93 92 33 49 31 100 26 2 19 63 29 55 70 43 20 78 77 71 84 61 99
14 7 37 92 78 64 23 54 83 28 5 20 89 21 72 68 92 15 7 45 93 98 92 69 17 44 26 23 0 77 94 76 84 20 46 89 46 44 1 5 45 81 58 12 98 64 55 31 7 2 29
62 90 66 61 49 49 79 7 81 79 97 5 36 27 20 65 69 47 9 90 69 6 84 39 28 55 60 45 34 0 81 17 76 54 71 28 91 57 78 55 44 54 25 44 37 16 70 44 36 33 2
39 70 90 96 91 22 44 29 94 97 10 89 91 57 27 66 85 16 2 40 96 51 41 48 31 46 9 85 55 43 0 48 96 58 88 4 35 84 71 49 60 82 42 70 27 1 79 44 1 56 47
79 89 39 62 14 99 31 70 10 28 35 68 63 40 65 68 37 29 99 31 7 3 97 43 34 22 85 42 99 51 80 0 24 95 80 43 43 26 22 41 93 83 71 43 86 45 33 48 81 2 64
95 48 6 69 21 16 73 2 18 92 27 99 18 55 94 11 86 49 54 63 40 92 9 25 5 38 68 23 64 74 65 24 0 13 10 33 44 17 51 86 42 8 38 36 76 58 31 16 11 8 3
18 12 9 95 14 22 19 75 66 30 8 70 14 45 35 36 25 93 26 38 48 42 89 28 54 58 14 33 64 69 94 48 73 0 99 39 62 91 78 40 51 60 64 34 92 83 12 88 89 33 52
43 44 28 19 10 65 24 65 22 75 32 12 98 5 72 65 70 64 52 48 52 86 65 77 15 68 96 69 20 36 43 43 79 89 0 94 62 31 39 59 11 46 51 7 76 63 71 31 35 72 32
16 12 49 80 86 84 8 24 9 90 22 14 32 79 12 25 46 38 7 45 56 77 83 8 43 40 99 22 52 13 66 12 33 85 38 0 1 94 42 62 16 57 45 51 92 66 36 49 92 75 16
12 77 23 78 48 10 21 93 41 94 34 35 75 62 98 83 50 28 7 87 28 3 88 97 78 47 87 39 43 89 66 16 21 10 79 46 0 7 69 84 38 41 14 82 99 55 47 16 79 32 56
55 8 84 10 5 12 2 17 72 43 86 17 31 93 77 69 98 33 97 1 14 20 97 32 91 37 64 13 14 28 100 13 35 88 76 76 23 0 9 38 70 84 11 33 84 19 65 41 68 33 65
21 10 45 86 48 4 58 52 51 44 91 79 46 45 37 60 32 10 92 5 72 2 25 23 68 87 53 50 85 36 3 24 40 31 1 1 8 63 0 32 30 90 99 71 34 25 47 90 95 78 4
78 33 58 71 1 32 10 15 36 40 21 10 32 38 72 6 52 7 1 86 40 50 78 34 58 77 53 79 20 82 13 87 79 57 96 17 62 27 1 0 43 22 32 28 79 57 68 5 86 33 30
35 23 77 40 81 10 7 19 68 92 4 72 81 97 61 7 4 62 38 57 34 9 29 1 36 55 14 5 24 26 50 84 94 68 87 86 95 23 83 12 0 11 85 26 13 26 58 65 9 80 70
37 74 19 5 3 66 23 44 37 67 27 49 72 75 68 26 41 71 44 64 21 11 78 56 92 70 48 62 83 90 52 59 97 29 52 81 35 70 24 89 70 0 79 15 65 9 60 25 76 6 67
7 5 54 17 5 68 5 35 79 13 50 46 8 71 9 80 31 36 58 21 85 90 2 4 81 22 44 65 42 85 2 15 90 82 47 17 17 68 50 67 59 38 0 75 51 16 86 60 59 15 46
15 3 1 43 32 83 90 47 45 25 13 31 1 92 74 35 81 56 99 30 21 1 53 79 83 63 19 7 20 20 35 69 58 19 36 50 57 49 79 39 50 14 68 0 98 72 37 13 53 21 54
76 77 68 97 83 68 57 86 74 21 83 49 51 76 71 68 4 24 66 50 34 23 59 21 94 15 49 19 8 63 83 78 23 62 94 18 9 4 31 35 39 98 3 88 0 1 85 32 83 69 51
54 80 39 6 61 27 56 73 83 35 10 49 57 50 51 3 22 100 25 26 28 21 48 68 53 10 36 37 7 14 29 9 90 21 69 27 32 12 4 63 93 7 39 28 67 0 88 69 89 2 21
33 41 64 97 52 52 72 58 35 20 36 10 13 15 72 3 15 16 52 20 17 28 43 51 25 95 14 2 76 95 45 96 53 80 44 97 1 64 6 18 18 82 45 99 30 46 0 52 85 44 57
27 71 88 37 8 42 74 84 41 89 20 60 37 68 2 82 12 42 93 79 35 86 75 56 32 78 25 9 56 6 30 94 34 51 13 86 1 8 74 28 21 88 10 94 40 88 25 0 10 73 9
7 95 78 32 63 29 55 68 41 57 73 48 25 86 89 95 92 94 98 70 55 66 69 46 33 92 34 72 37 61 85 96 42 77 80 54 24 37 87 26 83 33 95 64 26 99 60 7 0 86 3
97 1 92 66 63 63 26 72 76 26 36 80 19 84 27 80 23 68 76 78 69 55 27 82 32 42 53 39 89 62 27 16 55 38 25 74 58 45 89 47 75 7 27 29 100 72 39 28 75 0 4
32 18 48 74 11 25 49 17 17 99 8 79 28 94 77 23 66 50 53 90 49 35 85 15 73 66 58 58 54 92 85 63 100 79 77 31 73 30 33 52 18 95 99 46 3 65 59 56 74 25 0
0 7 10 7 6 12 9 9 9 7 1 2 4 2 8 1 9 8 10 2 4 7 5 7 1 7 3 2 11 2 8 11 8 11 7 11 7 4 4 8 11 5 5 7 3 8 11 2 9 5 12
8 0 11 1 11 9 8 1 1 1 8 3 1 6 8 4 12 4 4 2 11 1 7 11 11 8 7 1 10 10 12 7 7 11 4 11 9 7 6 6 7 11 4 12 6 2 12 5 6 7 1
1 9 0 6 12 6 11 1 8 8 2 8 11 6 3 4 6 3 12 6 4 3 6 12 5 3 10 4 10 4 6 3 9 1 3 2 8 11 9 10 9 11 6 1 9 1 12 5 2 10 6
10 6 5 0 10 10 3 9 4 3 10 4 11 7 10 8 10 5 4 3 9 7 12 3 10 1 4 4 10 11 12 5 5 1 7 4 2 2 9 2 6 10 1 10 6 5 12 12 7 10 7
10 10 12 12 0 8 9 12 7 11 4 3 12 4 4 3 8 7 11 7 1 4 12 10 11 4 2 8 4 7 4 12 7 1 2 12 5 12 5 8 4 6 11 10 1 10 5 10 12 8 8
4 11 10 4 3 0 7 11 12 4 12 6 10 9 5 7 5 11 12 2 10 12 6 5 7 1 6 8 9 10 10 10 8 6 12 6 2 11 2 10 4 5 9 2 1 4 6 2 11 8 4
9 11 4 4 4 9 0 1 7 2 4 10 3 7 5 1 11 2 1 7 4 4 12 6 5 4 5 10 1 12 8 11 8 2 12 12 11 10 8 12 10 1 5 8 12 5 4 4 11 3 6
8 6 4 6 11 5 9 0 5 5 4 10 2 5 3 3 1 11 10 12 12 12 3 6 7 5 7 7 11 2 1 4 2 10 1 10 3 6 9 9 7 1 7 10 9 4 9 10 11 2 7
4 5 9 6 6 4 3 3 0 7 12 5 1 7 4 10 8 7 8 12 12 11 7 8 9 10 2 6 3 10 1 10 12 12 2 9 4 11 5 10 10 6 7 1 5 9 12 12 5 4 5
11 11 11 7 12 11 9 12 9 0 8 4 12 9 4 9 9 12 10 7 12 9 2 9 6 3 2 6 7 10 1 2 12 7 2 7 4 12 1 8 2 11 8 4 2 2 1 3 4 1 1
1 5 11 6 4 8 7 8 1 5 0 3 12 3 12 5 5 11 8 5 3 6 10 12 1 10 10 3 9 9 6 9 10 4 3 4 1 12 8 6 11 10 4 6 5 11 11 5 10 12 3
7 8 7 6 3 3 1 6 10 12 5 0 5 1 7 5 11 2 8 8 5 11 6 1 9 10 6 9 7 3 4 3 4 9 7 2 4 1 10 3 10 1 6 5 12 6 3 8 4 4 4
12 2 12 3 11 9 6 8 3 9 4 12 0 11 5 2 5 9 12 8 3 2 5 7 5 12 1 11 9 7 1 1 10 11 7 5 10 9 2 12 1 12 10 7 11 4 11 5 4 9 12
8 12 6 5 2 3 6 7 3 9 2 5 5 0 12 4 5 12 3 1 2 9 6 10 11 8 7 11 8 12 11 3 6 6 4 5 1 8 1 11 10 6 6 8 3 6 10 9 10 1 8
6 4 1 8 9 3 3 12 1 6 7 3 5 9 0 5 9 11 5 2 12 6 4 4 3 4 7 11 2 2 5 12 8 2 9 5 5 10 1 11 7 10 4 5 6 12 12 5 12 2 8
1 12 10 7 11 12 4 5 1 3 4 8 10 5 8 0 9 1 3 3 6 1 5 11 12 6 9 12 3 1 1 3 9 4 5 7 11 12 8 2 8 5 9 2 12 11 11 12 1 4 2
3 8 9 12 11 10 9 8 12 5 3 7 5 9 2 8 0 10 4 7 1 7 1 6 9 11 6 3 5 1 11 2 10 5 5 8 11 7 3 3 8 10 3 11 3 1 11 1 11 10 9
6 8 4 10 10 12 9 6 10 5 3 4 2 3 7 2 11 0 3 10 10 4 1 2 2 12 10 12 11 12 7 1 12 4 2 7 5 10 1 4 10 3 8 6 8 8 2 3 6 6 7
3 7 2 7 1 1 1 2 6 2 5 10 5 7 6 12 4 8 0 7 3 5 9 9 3 12 7 3 7 12 3 1 8 10 4 4 12 5 7 3 7 1 6 11 12 8 2 5 9 11 12
3 8 3 11 4 8 9 3 8 9 6 9 5 4 11 10 3 6 8 0 5 9 12 9 7 6 1 3 11 2 10 4 2 7 11 8 4 4 4 10 3 6 6 9 7 4 6 7 6 10 1
4 9 12 2 7 3 3 3 10 10 10 3 10 2 4 6 3 9 6 7 0 2 2 8 3 8 1 5 4 10 10 9 7 2 12 9 5 8 5 1 1 5 11 2 5 12 11 1 4 9 9
1 4 8 2 1 11 12 9 1 6 7 9 5 8 1 7 7 3 11 8 3 0 9 12 8 1 5 12 4 6 5 3 7 7 6 11 10 3 4 12 5 7 6 5 1 2 3 10 2 7 9
2 10 5 12 10 12 10 7 6 4 11 10 3 5 2 12 2 6 3 1 2 6 0 5 4 4 6 1 2 6 9 10 12 2 4 7 3 7 4 7 2 10 5 11 9 4 6 7 6 4 1
9 7 3 8 5 8 10 11 7 9 4 8 5 6 7 8 4 2 6 2 5 1 11 0 12 1 4 8 1 7 3 9 4 12 2 2 7 11 11 11 5 12 7 6 7 1 12 7 3 12 8
4 8 6 1 12 7 4 9 2 7 12 8 9 9 9 3 5 4 12 8 2 6 11 10 0 10 3 12 2 6 3 7 10 9 1 9 5 9 10 1 6 12 1 3 5 4 2 1 10 9 10
12 10 10 9 9 6 11 2 8 12 7 10 12 1 3 12 8 11 3 12 5 6 7 8 9 0 6 11 1 9 6 6 11 6 12 8 7 10 10 12 4 9 12 3 2 7 10 6 12 5 4
5 8 4 2 8 10 7 1 4 6 9 4 6 6 7 10 3 8 6 9 3 3 11 4 1 9 0 3 11 5 3 7 12 6 8 2 11 2 12 8 1 5 6 1 8 2 1 1 11 5 11
12 5 12 5 5 4 11 12 6 10 4 2 8 8 4 8 10 11 5 1 6 10 2 9 2 1 5 0 11 11 7 3 11 2 6 10 6 4 6 1 7 7 3 9 2 9 4 9 7 7 9
11 5 5 6 11 10 11 12 3 9 1 6 3 9 5 11 10 3 5 7 10 10 7 4 3 9 3 6 0 5 10 8 10 12 12 3 4 9 7 10 2 1 7 9 1 11 9 2 6 2 5
5 10 12 8 4 10 3 5 9 6 4 7 10 8 3 8 9 9 11 8 2 10 11 1 6 6 1 6 4 0 3 4 2 12 11 7 7 10 12 5 1 12 12 10 12 4 3 6 9 10 4
10 9 5 10 12 4 5 10 10 5 4 7 1 6 8 6 1 11 4 4 2 5 11 2 1 10 9 3 8 3 0 12 11 6 8 12 10 12 9 2 8 7 1 5 10 9 5 6 12 10 10
6 7 10 6 2 9 5 5 1 12 4 10 3 11 10 12 1 8 9 7 10 11 11 8 7 3 3 10 6 10 2 0 8 1 7 5 5 12 3 4 7 1 11 9 6 8 12 11 6 7 2
9 12 1 9 9 7 12 5 8 7 2 1 7 10 4 1 3 5 10 5 1 12 11 2 8 5 7 7 10 1 11 8 0 8 5 2 5 10 6 9 2 7 6 10 3 8 1 9 12 2 7
5 1 8 12 7 9 9 3 6 9 9 6 7 11 5 9 12 5 9 11 10 9 7 12 9 5 4 3 9 3 8 1 11 0 4 4 3 5 11 1 11 8 1 1 9 4 11 10 12 2 4
11 7 9 9 1 6 12 4 10 8 9 1 7 11 8 11 8 11 12 1 10 3 5 5 10 1 1 11 10 9 1 12 12 3 0 12 9 8 4 6 6 12 6 5 11 3 8 4 3 11 2
9 9 3 10 2 11 11 9 10 10 11 8 9 8 4 6 8 2 3 1 3 7 6 1 7 2 6 11 4 8 10 4 7 5 4 0 8 1 11 5 7 5 4 3 1 8 9 8 3 5 12
5 5 5 2 1 1 8 11 2 3 1 1 7 7 8 3 3 2 4 5 10 3 12 4 10 9 11 12 11 2 11 1 4 5 8 11 0 8 8 6 7 2 7 10 7 12 8 11 12 5 5
7 3 9 6 7 10 7 11 8 12 12 2 12 9 4 2 11 3 2 5 3 11 9 3 2 5 2 9 8 3 11 5 11 7 4 5 3 0 2 7 5 12 9 3 4 12 7 7 9 8 4
7 8 7 4 7 7 3 9 12 5 12 6 12 7 3 6 12 7 9 7 7 1 1 10 2 6 7 3 4 7 7 10 4 9 4 11 4 5 0 3 9 7 9 11 7 10 10 6 1 2 9
10 3 5 11 10 1 12 9 12 8 2 1 9 8 4 4 3 11 7 1 6 1 5 3 9 4 3 1 5 7 4 12 5 10 1 2 5 7 5 0 10 8 1 10 12 12 2 6 3 11 12
11 6 3 4 1 2 8 3 9 5 2 7 1 4 10 9 8 3 3 2 1 7 11 6 7 8 9 8 3 3 9 11 3 5 5 10 10 1 4 7 0 2 12 2 9 6 11 12 5 1 1
12 5 11 6 1 12 9 5 4 10 11 4 6 1 1 11 5 10 12 8 12 8 6 5 4 7 9 9 8 4 8 6 5 2 4 9 3 11 1 12 12 0 11 8 9 4 1 8 3 12 11
2 2 3 4 11 9 12 7 1 12 8 4 5 9 8 5 5 4 12 11 5 12 9 1 3 7 9 5 7 12 8 4 9 6 2 7 5 9 7 1 3 9 0 7 3 7 11 9 5 2 6
3 4 3 1 3 11 9 5 1 2 7 7 4 4 11 12 7 11 5 6 9 10 8 1 5 8 9 10 1 4 4 9 6 11 5 6 12 7 2 3 6 7 2 0 5 6 3 12 1 9 12
8 2 5 7 11 9 7 10 5 9 8 7 9 6 11 3 9 6 10 3 4 11 2 3 1 12 2 7 12 5 3 10 9 8 10 1 2 6 4 9 6 5 5 1 0 4 12 12 9 6 2
6 8 8 4 5 4 5 8 10 6 1 4 7 9 5 4 5 12 8 4 1 1 7 5 7 10 2 10 11 10 9 7 10 7 11 9 1 8 11 12 5 12 3 7 3 0 4 10 4 3 9
1 5 5 12 3 1 12 3 3 11 8 8 10 6 7 6 9 3 5 6 5 8 10 11 6 2 7 5 4 12 9 2 8 7 5 1 2 3 12 9 9 2 8 9 3 3 0 1 3 7 8
12 6 11 3 12 8 8 9 6 12 6 11 7 12 12 8 6 12 3 10 10 7 2 10 3 6 10 12 11 10 9 4 11 3 3 10 3 10 1 5 10 11 11 3 11 1 2 0 1 3 6
6 3 7 7 6 8 8 5 1 6 3 3 6 1 8 9 9 8 4 1 11 8 4 6 1 8 12 6 2 7 5 7 8 4 4 12 1 2 6 3 1 6 12 10 12 11 10 11 0 2 9
2 6 4 8 3 10 4 5 12 5 12 1 3 10 2 9 12 7 5 10 10 11 10 7 5 11 6 7 1 4 3 3 2 3 2 6 3 7 10 11 5 8 11 1 2 9 7 6 8 0 11
7 9 4 9 4 9 12 4 4 12 3 11 11 4 11 4 3 1 7 12 12 4 1 4 1 3 10 9 2 6 12 6 5 4 6 8 9 4 11 10 12 12 12 10 3 12 5 8 3 9 0
