105.4s 1 *******************************
105.4s 2 Lan thu  0
105.4s 3 [ 0 31 38  9 11 22 19 42 27 16 40  1 12 26 28 24 13 45 17  7 39 37 46 23
105.4s 4 35 36 33 48 14  2 50 49 41 21 34 10 25 18 47 30  6  8 15  3 32  5 44 20
105.4s 5 4 43 29]
105.4s 6 cost: 826; so loi: 0
105.4s 7 826
105.4s 8 Thoi gian chay:  90.77803151
195.8s 9 *******************************
195.8s 10 Lan thu  1
195.8s 11 [ 0 22 40 32 39 31 47  1 16 26 37 27 42  2 19 11 28  9 46 17 12 45 24 36
195.8s 12 13 23 35 14 48 41 49 50 10 25 18  7 34  6  8 33 20 30  5 44 21  4 15  3
195.8s 13 38 29 43]
195.8s 14 cost: 829; so loi: 0
195.8s 15 829
195.8s 16 Thoi gian chay:  90.40452462899998
286.3s 17 *******************************
286.3s 18 Lan thu  2
286.3s 19 [ 0 28 22 19 42 32 45  1 13 39 31 14 16 35 48 40 17 36 11 27 37 21 23 50
286.3s 20 2 33 26 12 30 18 46  9 34 24 41  4  7  6 25 43 10 20  8 15  3 38  5 49
286.3s 21 47 29 44]
286.3s 22 cost: 980; so loi: 0
286.3s 23 980
286.3s 24 Thoi gian chay:  90.47088199300003
377.0s 25 *******************************
377.0s 26 Lan thu  3
377.0s 27 [ 0  1 27 22 19 12 45 26 28 11 48 17 13 31 36 39 44 21 40 16 37 32 50 23
377.0s 28 18  7 34  2 24  9 35 14 49 41 33 46 30 10  6 25  4 15 43  8 47 29  5 42
377.0s 29 20  3 38]
377.0s 30 cost: 867; so loi: 0
377.0s 31 867
377.0s 32 Thoi gian chay:  90.65996057799998
467.4s 33 *******************************
467.4s 34 Lan thu  4
467.4s 35 [ 0 32  1 45 28 11 13 12 42 19 23 22 40 17 37 16 27 18 31 21 33 26 48 24
467.4s 36 50 35 14 34  2 39 30 36  7 47  3 49 41  8  9 10  5 44 25 43 29 46 20  4
467.4s 37 15  6 38]
467.4s 38 cost: 912; so loi: 0
467.4s 39 912
467.4s 40 Thoi gian chay:  90.495105578
558.3s 41 *******************************
558.3s 42 Lan thu  5
558.3s 43 [ 0 16 28 23 50 29 47 40 27  1 19 17 24 22 34  4 30 26  2 37 42 11 45 21
558.3s 44 25 13  9 32 36 12 33 14 35 31 39 18  7  8 41  3 10  5 44 20 15  6 49 46
558.3s 45 38 48 43]
558.3s 46 cost: 807; so loi: 0
558.3s 47 807
558.3s 48 Thoi gian chay:  90.87984987699997
648.2s 49 *******************************
648.2s 50 Lan thu  6
648.2s 51 [ 0 23 12 31 19 35 22  2 13 17 24  1 39 42 40 45 26 28 50  7 11 16 37 27
648.2s 52 14 32 48 36 33  9 21 25 34 30 18  4 46  8 41 49 43 10 20  3 38  5 44 15
648.2s 53 6 29 47]
648.2s 54 cost: 871; so loi: 0
648.2s 55 871
648.2s 56 Thoi gian chay:  89.8974058010001
738.3s 57 *******************************
738.3s 58 Lan thu  7
738.3s 59 [ 0 28 12 42 17 13 35  2 27 19 26 31 48 33 36 23 45 40 22 11  1 16 39 50
738.3s 60 37  8  7 46 14 34 24  9 21 30 10 25 18 43 41 49  6 32 15 38  5 44 20  4
738.3s 61 3 47 29]
738.3s 62 cost: 827; so loi: 0
738.3s 63 827
738.3s 64 Thoi gian chay:  90.1008796770002
829.8s 65 *******************************
829.8s 66 Lan thu  8
829.8s 67 [ 0 11  1 35 19 42 45 22 12 28 32 37 13 26 40 17 23 27 16 31 14 39 46 36
829.8s 68 50 48 41 21  2  9 34 24 30 18  7 33 10 25  4 15  6  8 47 20  3 49 43 29
829.8s 69 5 44 38]
829.8s 70 cost: 823; so loi: 0
829.8s 71 823
829.8s 72 Thoi gian chay:  91.46232747699992
920.5s 73 *******************************
920.5s 74 Lan thu  9
920.5s 75 [ 0  1 11 12 22 28 13 21 42 37 26 31 27 45 17 39 36 20 35 40 23 16 32 50
920.5s 76 7 33  2 14 48 24 30 18 46  9 10 25 34  8 41  4 15  3 47 19 44 38  5 49
920.5s 77 6 29 43]
920.5s 78 cost: 766; so loi: 0
920.5s 79 766
920.5s 80 Thoi gian chay:  90.74451418400008
1010.4s 81 *******************************
1010.4s 82 Lan thu  10
1010.4s 83 [ 0 12 34 28 22 19 40 39 35  2 11 42 45 26  7 13 36 31  1 27 37 32 17 29
1010.4s 84 33 50 23 16 14 48 24  9 21 30 10 25 18  4 20  8 44  6 49 47 41 43 46 15
1010.4s 85 3  5 38]
1010.4s 86 cost: 850; so loi: 0
1010.4s 87 850
1010.4s 88 Thoi gian chay:  89.814005899
1101.2s 89 *******************************
1101.2s 90 Lan thu  11
1101.2s 91 [ 0 42 12  1 19 22 28 14 11 31 17 27 45 13 24 39 35 37 40 23 26  9 50 16
1101.2s 92 32 34 21  7 49 41 33  2 48 36 18 10 25  4 15  8 47 29 46 38 30  5 44  6
1101.2s 93 20  3 43]
1101.2s 94 cost: 838; so loi: 0
1101.2s 95 838
1101.2s 96 Thoi gian chay:  90.88668940000002
1192.3s 97 *******************************
1192.3s 98 Lan thu  12
1192.3s 99 [ 0 35 42 22  1 28 21 31 19 26  9 13 12 45 16 11 39 41 40 17 46 27 32 23
1192.3s 100 50 37 36 33  2 14 34 24 30 18  7 48 25  5  3 10  8  4 15  6 20 44 38 47
1192.3s 101 29 49 43]
1192.3s 102 cost: 791; so loi: 0
1192.3s 103 791
1192.3s 104 Thoi gian chay:  91.08516497699998
1281.6s 105 *******************************
1281.6s 106 Lan thu  13
1281.6s 107 [ 0 11 42 27 46  2 26 16 45 37 34 36 31 12 17 32 33 22 40 28  1 21 50 19
1281.6s 108 13 23 35 14 48  5 41 24 25 18  4  3 49  9  7 20 30  6  8 15 10 38 39 44
1281.6s 109 47 29 43]
1281.6s 110 cost: 975; so loi: 0
1281.6s 111 975
1281.6s 112 Thoi gian chay:  89.31315613499987
1372.3s 113 *******************************
1372.3s 114 Lan thu  14
1372.3s 115 [ 0 12 28  1 24 13 27 37 16 22 42 31 34 17 45 35 26 19 33  2 11 39 32 40
1372.3s 116 41 21 23 14 48 29 10  9 36 49 30 18  7  6 25  5  8 47 46 38 44 20  4 15
1372.3s 117 3 50 43]
1372.3s 118 cost: 882; so loi: 0
1372.3s 119 882
1372.3s 120 Thoi gian chay:  90.620694318
1463.2s 121 *******************************
1463.2s 122 Lan thu  15
1463.2s 123 [ 0 22  1 19 12 28 45 31 17 42 11 37 13 27 36 39 33 26 29 16 48 32 24 35
1463.2s 124 23 50  7 34  2 14 49 41 21 30 18 43  9 25  6  8 15  3 10 20 46 38  5 44
1463.2s 125 47 40  4]
1463.2s 126 cost: 838; so loi: 0
1463.2s 127 838
1463.2s 128 Thoi gian chay:  90.89996961599991
1554.5s 129 *******************************
1554.5s 130 Lan thu  16
1554.5s 131 [ 0 42 11 28 19  1 12 37 27 22 45 41 39 40 17 36 16 31 33 26 23 48 14  2
1554.5s 132 34  9 46 32 35 21  7 50 49 13  4 18 25 24 30 10  6 20  8 15  3 38  5 44
1554.5s 133 47 29 43]
1554.5s 134 cost: 801; so loi: 0
1554.5s 135 801
1554.5s 136 Thoi gian chay:  91.3828218409999
1646.2s 137 *******************************
1646.2s 138 Lan thu  17
1646.2s 139 [ 0 37  1 11 19 12 45 22 42 28 21 13 31 36 14 35 39 27 16 24 32  7 17 46
1646.2s 140 26 40 23 50 18 15 30 33  2  9 10 25 34  4  3 47 29 49 41  6  8 48 43 20
1646.2s 141 44 38  5]
1646.2s 142 cost: 734; so loi: 0
1646.2s 143 734
1646.2s 144 Thoi gian chay:  91.68401231100006
1737.9s 145 *******************************
1737.9s 146 Lan thu  18
1737.9s 147 [ 0 17 19 27 39 40 48 28  1 22 11 12 42 45 13 16 14 37 36 31 32  2 50 23
1737.9s 148 9  7 33 26 34 10 35 24 49 41 21  4 18 46 38 30 25 43 20  8 15  6  3 47
1737.9s 149 29  5 44]
1737.9s 150 cost: 914; so loi: 0
1737.9s 151 914
1737.9s 152 Thoi gian chay:  91.65535162699962
1829.7s 153 *******************************
1829.7s 154 Lan thu  19
1829.7s 155 [ 0 19  1  7 12 16 28 42 36 35 17 45 39 13 31 48 26 29 22 27 37 32 24  9
1829.7s 156 40 23 50  2 14 34  4 18 46 49 41 43 21 30 10  8 33  6 25  3 38  5 44 20
1829.7s 157 15 11 47]
1829.7s 158 cost: 885; so loi: 0
1829.7s 159 885
1829.7s 160 Thoi gian chay:  91.84137512100006
1921.2s 161 *******************************
1921.2s 162 Lan thu  20
1921.2s 163 [ 0 12 17  9 41 28 40 37 13 21 42 27 46 11 36 32 22 31 19  1 45 26 50 23
1921.2s 164 16 48 39 35 14 34  2 24 30  7 33 10 25 18 29 49  6  8 47  4 15 43 20  3
1921.2s 165 38  5 44]
1921.2s 166 cost: 782; so loi: 0
1921.2s 167 782
1921.2s 168 Thoi gian chay:  91.47830891500007
2013.0s 169 *******************************
2013.0s 170 Lan thu  21
2013.0s 171 [ 0 19 22  1 45 16 13 28 12 42 25 36 48 11 17 24  9 21 37  7 33 26 46 27
2013.0s 172 40 23 31 32  2 50 10 35 14 49 41  3 34 30 18 44 39  6  8 15 29 43 20  4
2013.0s 173 38  5 47]
2013.0s 174 cost: 852; so loi: 0
2013.0s 175 852
2013.0s 176 Thoi gian chay:  91.81855830699988
2103.7s 177 *******************************
2103.7s 178 Lan thu  22
2103.7s 179 [ 0 13  5 31  9 42 37 48 40 10 14 22 32  2 43 27 16 41 12 36 25 17 24 20
2103.7s 180 50 35 33 39 18 26 34 21 19  7 49 45 28  1 30 11  8  3 44 23  6 29 47  4
2103.7s 181 15 46 38]
2103.7s 182 cost: 861; so loi: 0
2103.7s 183 861
2103.7s 184 Thoi gian chay:  90.69183195300002
2194.4s 185 *******************************
2194.4s 186 Lan thu  23
2194.4s 187 [ 0 13 42 28 17 12  1 22 11 19 37 27 45 39 46 32 21 16 23 31 36 26 40  4
2194.4s 188 50 35 14 33  2  9 34 24 41 10 18 25  7 29 44 15  8 20  6 38 30  5 49 47
2194.4s 189 48  3 43]
2194.4s 190 cost: 866; so loi: 0
2194.4s 191 866
2194.4s 192 Thoi gian chay:  90.65243178499986
2284.7s 193 *******************************
2284.7s 194 Lan thu  24
2284.7s 195 [ 0 26 11 39  1 42 23 19 45 40 32 28 13 12 16 36 48 31 35 17 37 27 44 41
2284.7s 196 24 46 50  2 14 49 30 18  7 33 21  9 10 25 34  6  8 47 29  4 15 43 20  3
2284.7s 197 5 22 38]
2284.7s 198 cost: 864; so loi: 0
2284.7s 199 864
2284.7s 200 Thoi gian chay:  90.33222921200013
2376.2s 201 *******************************
2376.2s 202 Lan thu  25
2376.2s 203 [ 0 45  1 11 19 42 29 13 21 22 35 39 28 17 12 31 32 37 27 16 40 23 46 36
2376.2s 204 18 26 14 49 50  7 33  2  9 34 24 30 10 25 43 41  6  8 15 48  4 20  3 38
2376.2s 205 5 44 47]
2376.2s 206 cost: 753; so loi: 0
2376.2s 207 753
2376.2s 208 Thoi gian chay:  91.52861587900043
2466.4s 209 *******************************
2466.4s 210 Lan thu  26
2466.4s 211 [ 0 28 13 17 14  6 41 22 35 12  2 42 19  7 27 40 37 36 16 45 39 11 32 21
2466.4s 212 26  1 23 33 31 48  9 25 34 24 30 18 50  8 47 46 15 29 49 43 10  5 44 20
2466.4s 213 4  3 38]
2466.4s 214 cost: 832; so loi: 0
2466.4s 215 832
2466.4s 216 Thoi gian chay:  90.16675747299996
2557.0s 217 *******************************
2557.0s 218 Lan thu  27
2557.0s 219 [ 0 19 42 32 28 12  1 31 22 40 45 11 17 13 27 37 14 35 23 26 39 16 21 50
2557.0s 220 7 48 36 18 33  2  9 34 41  4 46 24 30 10 25  6  8 47 29 49 43  3 38 15
2557.0s 221 20  5 44]
2557.0s 222 cost: 924; so loi: 0
2557.0s 223 924
2557.0s 224 Thoi gian chay:  90.62979716000018
2647.5s 225 *******************************
2647.5s 226 Lan thu  28
2647.5s 227 [ 0 50 12 39 34 45  9 13 11  1 27 40 28 37 22 42 35 19 26 31 17 36 32  2
2647.5s 228 24 23 16 14  5 21 30 18  7 33 46  8 41 20 44 25 43 10 48 49  6 15 29 47
2647.5s 229 4  3 38]
2647.5s 230 cost: 856; so loi: 0
2647.5s 231 856
2647.5s 232 Thoi gian chay:  90.43765767500008
2737.6s 233 *******************************
2737.6s 234 Lan thu  29
2737.6s 235 [ 0 12 27 46 13 26 17 36  1 28 35 42 37 32 39 34 45 19 11 22 31 40 41 21
2737.6s 236 23 16  7 48 50 14 33  5  9 24 30 18 10 25  8 44 20  3 38  2 47 15 43 29
2737.6s 237 49  6  4]
2737.6s 238 cost: 973; so loi: 0
2737.6s 239 973
2737.6s 240 Thoi gian chay:  90.13870080200013
2827.8s 241 *******************************
2827.8s 242 Lan thu  30
2827.8s 243 [ 0 11 28 45 22 37 12 42  1 40 27 17 13 26 39 31 21 16 36  3 34 32 50 23
2827.8s 244 46 24 41 35 14 33 18  7  2 48  9 10 25  6  8  5 38 30 44 20  4 15 19 47
2827.8s 245 29 49 43]
2827.8s 246 cost: 817; so loi: 0
2827.8s 247 817
2827.8s 248 Thoi gian chay:  90.21940541799995
2918.8s 249 *******************************
2918.8s 250 Lan thu  31
2918.8s 251 [ 0 42 22 12 13 40 45 17 36 37 23 16 21 19 30 35 28 11 46  1 26 31 32 41
2918.8s 252 33  2 14 27 18 39 50  7 48 47 34 24 25  3 38  5  8  9 10 43 20 44 29 49
2918.8s 253 6  4 15]
2918.8s 254 cost: 966; so loi: 0
2918.8s 255 966
2918.8s 256 Thoi gian chay:  90.95133913300015
3009.4s 257 *******************************
3009.4s 258 Lan thu  32
3009.4s 259 [ 0 39 28 12 22 19 40 13 42 24 26 17 36 35 18 34 45 27 11 37 31 32 33 23
3009.4s 260 46 16 14 48 50  7 41 21  2  9 10 47 30  1 44 25  4 20  8 15  6 29  3 38
3009.4s 261 5 49 43]
3009.4s 262 cost: 839; so loi: 0
3009.4s 263 839
3009.4s 264 Thoi gian chay:  90.65993103900018
3100.8s 265 *******************************
3100.8s 266 Lan thu  33
3100.8s 267 [ 0  1 21 26 19 37 13 32 28  7 45 12 39 40  5 17 16 22 42 23 10 11 31 33
3100.8s 268 35 27  2  9 36 18 14 49 24 30 48 41  3 34  6 38 50 44 25  8 47 46 15 29
3100.8s 269 43 20  4]
3100.8s 270 cost: 815; so loi: 0
3100.8s 271 815
3100.8s 272 Thoi gian chay:  91.35403392999979
3191.1s 273 *******************************
3191.1s 274 Lan thu  34
3191.1s 275 [ 0 22 13 45 28 18 37 48 11 33  7 36 19  1 26 42 12 40 35 31  9 17 46 27
3191.1s 276 32  2 39 50 23 16 14 34 24 30 47 29 21 25  8 41  3 38  5 44 20  4 15  6
3191.1s 277 49 43 10]
3191.1s 278 cost: 762; so loi: 0
3191.1s 279 762
3191.1s 280 Thoi gian chay:  90.29040837899993
3282.0s 281 *******************************
3282.0s 282 Lan thu  35
3282.0s 283 [ 0 11 32 40 46 35 45 19 22 42  9 12 24 13 14 16 26  1 28 27 37 31 17 23
3282.0s 284 18 10 48 50  7 36 33  2 39 25 41 21 30 47 29 34  3 49  6  8 38  5 44 20
3282.0s 285 4 15 43]
3282.0s 286 cost: 847; so loi: 0
3282.0s 287 847
3282.0s 288 Thoi gian chay:  90.94444482600011
3372.5s 289 *******************************
3372.5s 290 Lan thu  36
3372.5s 291 [ 0 12 47 40 42 22  1 36 39 37 35 28 31 11 45 19 13 26 27 23 16 32  7 33
3372.5s 292 2 14 48 50 21 25 18 46 24 41 49  9 34  4 38 30 10 43 15  6  8 29  5 44
3372.5s 293 20  3 17]
3372.5s 294 cost: 881; so loi: 0
3372.5s 295 881
3372.5s 296 Thoi gian chay:  90.51343607800027
3463.4s 297 *******************************
3463.4s 298 Lan thu  37
3463.4s 299 [ 0 40 35 22 31 27 17 37  2 14  1 33 45  7 24 28 32 13 39 19 16 12 50 11
3463.4s 300 42 23 34 48 36 18  4 46  9 49 41 21 30 10 25  3 38  5 47 29 43  8 15  6
3463.4s 301 44 20 26]
3463.4s 302 cost: 899; so loi: 0
3463.4s 303 899
3463.4s 304 Thoi gian chay:  90.8543645360005
3554.2s 305 *******************************
3554.2s 306 Lan thu  38
3554.2s 307 [ 0  5 37 19 28 31 11 41 24 10 48 30 18 12 22  9 16 49 27 40 39 36 29 14
3554.2s 308 7  3 38  6 35 34 13 33 25 42 45 32 21 26 47  1  8 23 46 44 17 50  2 20
3554.2s 309 4 15 43]
3554.2s 310 cost: 765; so loi: 0
3554.2s 311 765
3554.2s 312 Thoi gian chay:  90.78994754499945
3645.0s 313 *******************************
3645.0s 314 Lan thu  39
3645.0s 315 [ 0 19 28 45 35  1 42 11 17 39 13  9 12 37 31 27 22  6 32 50 40 23 36 18
3645.0s 316 26 14 33 46 21  2  7 48 41 49 34 24 30 10 16 25 43 20  8  5 44 47 29  4
3645.0s 317 15  3 38]
3645.0s 318 cost: 847; so loi: 0
3645.0s 319 847
3645.0s 320 Thoi gian chay:  90.80809479900017
3735.6s 321 *******************************
3735.6s 322 Lan thu  40
3735.6s 323 [ 0  1 27 45 11 28 12 26 39 48 19 42 13 46 17 40 16 32 41 21 37 31 24 23
3735.6s 324 50 35 14 33 22 36  2  9 10 25 18  7 34  8 47 20  3 38 30  5 44  6 49 43
3735.6s 325 4 15 29]
3735.6s 326 cost: 842; so loi: 0
3735.6s 327 842
3735.6s 328 Thoi gian chay:  90.5893514620002
3826.1s 329 *******************************
3826.1s 330 Lan thu  41
3826.1s 331 [ 0 12 42  1 22 19 27 11 35 16 31 45 13 26  4 21 32 28 37 17  7 14 33 23
3826.1s 332 46 36 18 39 30 48 50  2  9 34 24 25 41 49  6  8 47 40 15 43 29 44 20  3
3826.1s 333 10  5 38]
3826.1s 334 cost: 779; so loi: 0
3826.1s 335 779
3826.1s 336 Thoi gian chay:  90.50501898799939
3916.9s 337 *******************************
3916.9s 338 Lan thu  42
3916.9s 339 [ 0 26 43 35 22 42 40  1 12 45 19 11 28 48 27 37 16 39 17 23  9 31 32 50
3916.9s 340 7 34 24  2 14 33 46 36 21 30 10 25 18 44  8 41  6 49 13 20  4 15  3 47
3916.9s 341 29  5 38]
3916.9s 342 cost: 871; so loi: 0
3916.9s 343 871
3916.9s 344 Thoi gian chay:  90.7567063940005
4007.1s 345 *******************************
4007.1s 346 Lan thu  43
4007.1s 347 [ 0 50 45 36 37 32 26 28  1 23 42 39 12 21 13 16 31 35 33 48 22 24 11 40
4007.1s 348 41 19  9 17  7 27 34  2 14 49 25 18  4 46 47 29  5 44 20  8 15 43  3 38
4007.1s 349 30 10  6]
4007.1s 350 cost: 864; so loi: 0
4007.1s 351 864
4007.1s 352 Thoi gian chay:  90.27291408900055
4097.8s 353 *******************************
4097.8s 354 Lan thu  44
4097.8s 355 [ 0 28 19 32 11 22 42  1 12 37 45 48 16 13 17 40 27 26 21 39 38 36 23 50
4097.8s 356 10 35 18  7 34 24 30 14 33  2  9 25  3 49 41 20  8 47 46 31  5 44  6 29
4097.8s 357 4 15 43]
4097.8s 358 cost: 786; so loi: 0
4097.8s 359 786
4097.8s 360 Thoi gian chay:  90.52640281699951
4188.0s 361 *******************************
4188.0s 362 Lan thu  45
4188.0s 363 [ 0 19  1 40 22 46 35 36 34 17 48 26 16 42 39 45 11 50 28 13 12 32 27 37
4188.0s 364 31 43 41  2 14 33 10 49  4 24  9 21 25 18  7  3 38  5 44 20  8 47 15 30
4188.0s 365 6 29 23]
4188.0s 366 cost: 864; so loi: 0
4188.0s 367 864
4188.0s 368 Thoi gian chay:  90.34409871099979
4278.7s 369 *******************************
4278.7s 370 Lan thu  46
4278.7s 371 [ 0 12  1 19 31 13 28 11  2 40 16 45 26 48 35 50 27 42 39 22 17 37 32 47
4278.7s 372 9 23 46 36 18 14 34 24 41 21 25  4  3  7 20  8 15  6 49 30  5 44 33 29
4278.7s 373 43 10 38]
4278.7s 374 cost: 864; so loi: 0
4278.7s 375 864
4278.7s 376 Thoi gian chay:  90.69362514000022
4369.3s 377 *******************************
4369.3s 378 Lan thu  47
4369.3s 379 [ 0 28 50 33 20 37 23 31 19 39 45 36 26 11 48  1 22 27 17 42 12 16 40 32
4369.3s 380 41  2 24 30 35 14 34 10 25 18 46 21 49  9  7  6 38  5 44  8 15 43 13  3
4369.3s 381 47 29  4]
4369.3s 382 cost: 856; so loi: 0
4369.3s 383 856
4369.3s 384 Thoi gian chay:  90.60543084399978
4459.5s 385 *******************************
4459.5s 386 Lan thu  48
4459.5s 387 [ 0 30 45  1 12 11 19 28 13 22 40 26 31 17 16 37 27 32 33  2 39 18 35 50
4459.5s 388 23  9 36 21 49 14 48 41  3 34 10 25 24 42  7  6  8 47 46 38  5 44 20  4
4459.5s 389 15 29 43]
4459.5s 390 cost: 868; so loi: 0
4459.5s 391 868
4459.5s 392 Thoi gian chay:  90.24505746199975
4549.8s 393 *******************************
4549.8s 394 Lan thu  49
4549.8s 395 [ 0 40 12 22  1 11 19 28 37 42 45 31 17 13 30 39 35 36  9  7 27 32  2 24
4549.8s 396 23 16 14 48 50 21 49 41 33 18 25 34  8 47 46 20  4 15  3 38 26 10  5 44
4549.8s 397 6 29 43]
4549.8s 398 cost: 855; so loi: 0
4549.8s 399 855
4549.8s 400 Thoi gian chay:  90.2114645620004
4640.5s 401 *******************************
4640.5s 402 Lan thu  50
4640.5s 403 [ 0 11 22 12 50 39 42 36 19  1 28 45 27 13 35 26 17 37 16 43 32 24 40 48
4640.5s 404 31  2  9 21 30 14 34  4 18  7 33 10 25 23 49  6  8 41 20 46 15  3 38  5
4640.5s 405 44 47 29]
4640.5s 406 cost: 788; so loi: 0
4640.5s 407 788
4640.5s 408 Thoi gian chay:  90.74146412499977
4730.6s 409 *******************************
4730.6s 410 Lan thu  51
4730.6s 411 [ 0 45 42 19 12  1 22 11 28 32 31 37 27 16 26 39 35 40  6 33  7 17 46 36
4730.6s 412 21 23 14 48 50  2  9 34 24 41 49 30 10 25 18 44 13  8 47 29 43 20  4 15
4730.6s 413 3 38  5]
4730.6s 414 cost: 818; so loi: 0
4730.6s 415 818
4730.6s 416 Thoi gian chay:  90.08195063199946
4820.5s 417 *******************************
4820.5s 418 Lan thu  52
4820.5s 419 [ 0 23 19  7 31 27 17 21 22  1 46 16 24 50 35 34 41 12 28 45 47 33 39 26
4820.5s 420 48  8 37 36 42  2 18 40  9 30 32 11 13 14 49 25  4 20  3  5 44 15 29 43
4820.5s 421 10  6 38]
4820.5s 422 cost: 856; so loi: 0
4820.5s 423 856
4820.5s 424 Thoi gian chay:  89.89577477900002
4911.4s 425 *******************************
4911.4s 426 Lan thu  53
4911.4s 427 [ 0  1 31 12 40 26 38 28 13 35 21 45 42 19 22 11 24 16 32 27 37 17 46 36
4911.4s 428 2 14 33 23 18 39 30 48 50 49  9 10  7 34  8 41  6 25  5 44 20  3 47 29
4911.4s 429 4 15 43]
4911.4s 430 cost: 776; so loi: 0
4911.4s 431 776
4911.4s 432 Thoi gian chay:  90.94010369699936
5001.7s 433 *******************************
5001.7s 434 Lan thu  54
5001.7s 435 [ 0 42 39 22 19 13 12  1 28 40 35 50 36 31 26 45 17 27 37 32  2  9  7 48
5001.7s 436 11 23 46 16 14 34 24 41 21 49 33  4 25 18 10  6  8 47 29 44 20  3 15 43
5001.7s 437 30  5 38]
5001.7s 438 cost: 825; so loi: 0
5001.7s 439 825
5001.7s 440 Thoi gian chay:  90.28142156499962
5091.2s 441 *******************************
5091.2s 442 Lan thu  55
5091.2s 443 [ 0 12 39 35  1 27 28 19 22 42 16 48 13 24 45 29 33  9 17 40 37 36 31 32
5091.2s 444 50 23 46 26  2 14 34 41 49 21  4 18  7  6 25 15  8 47 11  5 38 30 44 20
5091.2s 445 3 10 43]
5091.2s 446 cost: 803; so loi: 0
5091.2s 447 803
5091.2s 448 Thoi gian chay:  89.53225787300016
5181.6s 449 *******************************
5181.6s 450 Lan thu  56
5181.6s 451 [ 0 11 19 45 35 39 28  1 13 42 38 40 12 26 22 37 31 32 41 36 17 23 46 16
5181.6s 452 14 48 50 10 18  2  9 21 30  7 34 24 25  8 33 15  6 49 47 29  4 27  5 44
5181.6s 453 20  3 43]
5181.6s 454 cost: 865; so loi: 0
5181.6s 455 865
5181.6s 456 Thoi gian chay:  90.41601834899939
5272.1s 457 *******************************
5272.1s 458 Lan thu  57
5272.1s 459 [ 0 42  1 22 14 50 36 30 34 39  7  4 24  8 11 23 41 12 17 18 16  9 13 31
5272.1s 460 45 40 48 19  6 28 32 47 33 26  2 49 46 37 25 10 35 27 21 15 43 20  3 29
5272.1s 461 44 38  5]
5272.1s 462 cost: 793; so loi: 0
5272.1s 463 793
5272.1s 464 Thoi gian chay:  90.4879120000005
5362.2s 465 *******************************
5362.2s 466 Lan thu  58
5362.2s 467 [ 0 11 39 13 22  1 12 35 27 40 37  5 45 19 28 42 17 36 31 32 48 50 23 46
5362.2s 468 26  2 14 34 24 25  4 18  7 33  9 21 49 41  6  8 15 29 43 47 30 10 16 44
5362.2s 469 20  3 38]
5362.2s 470 cost: 800; so loi: 0
5362.2s 471 800
5362.2s 472 Thoi gian chay:  90.04111352700056
5452.2s 473 *******************************
5452.2s 474 Lan thu  59
5452.2s 475 [ 0 19 22  1 27 42 12 28 11 17 45 13 26 14 32 48 40 23 37 35 31  7 39 36
5452.2s 476 30 16 50 34  2  9 21 46 24 18 25 41  3 47  4 33  6  8 15 29 49 43 10 20
5452.2s 477 44 38  5]
5452.2s 478 cost: 882; so loi: 0
5452.2s 479 882
5452.2s 480 Thoi gian chay:  89.98000781300016
5541.7s 481 *******************************
5541.7s 482 Lan thu  60
5541.7s 483 [ 0 22 28 12 13 27 45 37 17 32 40 14 31 26 41 35 36  1 42 39 19 21 18 16
5541.7s 484 11 23 46  9 34 48 50  7  2 24  6 33 10 47 30 49 25  4 20  8 15  3 43 29
5541.7s 485 5 44 38]
5541.7s 486 cost: 919; so loi: 0
5541.7s 487 919
5541.7s 488 Thoi gian chay:  89.56934086300043
5631.6s 489 *******************************
5631.6s 490 Lan thu  61
5631.6s 491 [ 0 19  1 27 28 22 11 42 39 12 45 13 23 17 35 24 26 40 31 16 32 37 43 21
5631.6s 492 50  2 14 48 46  9 34 30 10 25 18  7  8 41 33  5 44 47 29  4 15 36 20  3
5631.6s 493 49  6 38]
5631.6s 494 cost: 1000; so loi: 0
5631.6s 495 1000
5631.6s 496 Thoi gian chay:  89.83131632099958
5721.9s 497 *******************************
5721.9s 498 Lan thu  62
5721.9s 499 [ 0 42  1 19 40 22 26 45 28 31 12 11 34 36 37 16  5 39 17 27 32 50  7 33
5721.9s 500 35 23 46  9 21  2 14 30 48 24 41 49 25 18  4  8 15 10 20  3 38 13 44 29
5721.9s 501 43 47  6]
5721.9s 502 cost: 962; so loi: 0
5721.9s 503 962
5721.9s 504 Thoi gian chay:  90.37245173300016
5812.6s 505 *******************************
5812.6s 506 Lan thu  63
5812.6s 507 [ 0  1 39 12 28 31 45 42 11 19 43 22 16 35 17 27 37 21 26 40 50 32 24 23
5812.6s 508 18 36  2 49  7 33 14 34 48 10 25 41  9 46  8 15  6 38 30  5 44 20  4  3
5812.6s 509 47 29 13]
5812.6s 510 cost: 805; so loi: 0
5812.6s 511 805
5812.6s 512 Thoi gian chay:  90.69965324300028
5903.3s 513 *******************************
5903.3s 514 Lan thu  64
5903.3s 515 [ 0 19 28 11 31  1 12 17 45 40 13 49 39 22 27  9  7 24 37 36 32 48 26 23
5903.3s 516 50 35 14 33  2 16 21 30 18 10 25 34  4  3 47 46  8 41 42  6 38 44 20 15
5903.3s 517 43 29  5]
5903.3s 518 cost: 885; so loi: 0
5903.3s 519 885
5903.3s 520 Thoi gian chay:  90.67767704399921
5993.5s 521 *******************************
5993.5s 522 Lan thu  65
5993.5s 523 [ 0 22 12 42  1 23 36 28 21 19 11 13 40 45 26 50 33 39 16 31 17 27 37 32
5993.5s 524 34 46  7 35 14 48 41  2 24 30 18  4 25  3 20  8 15  9 10  6 38  5 44 29
5993.5s 525 49 43 47]
5993.5s 526 cost: 899; so loi: 0
5993.5s 527 899
5993.5s 528 Thoi gian chay:  90.13708519600004
6084.5s 529 *******************************
6084.5s 530 Lan thu  66
6084.5s 531 [ 0 19 22 45 42 11 28 12  1 27 17 33 40 13 16 14 39 48 37 31 32  2 24 23
6084.5s 532 50 35 18  7 26 36 49 41 21  9 10 25 34  3 30  6  8 47 46 38  5 44 20  4
6084.5s 533 15 29 43]
6084.5s 534 cost: 858; so loi: 0
6084.5s 535 858
6084.5s 536 Thoi gian chay:  91.09520326499933
6174.2s 537 *******************************
6174.2s 538 Lan thu  67
6174.2s 539 [ 0 11 28 12 21 16 42 39 13  7 45 29 22 17 19 48 36 33 26 40 27 37 31 32
6174.2s 540 50 23 35 14 34 41 49  9  2 24 30 18 10 25  6  8 15  3 47  1 46 38  5 44
6174.2s 541 20  4 43]
6174.2s 542 cost: 821; so loi: 0
6174.2s 543 821
6174.2s 544 Thoi gian chay:  89.67704889400011
6264.6s 545 *******************************
6264.6s 546 Lan thu  68
6264.6s 547 [ 0 42 37 26  9 22 21 39 23 40 13 36 28 31 11  1 12 27 45 35 19 17 32 34
6264.6s 548 2 24 16 48  6 41 14 47  4 25 18  7 29 49 30 33 10 50  8 46 38  5 44 20
6264.6s 549 3 15 43]
6264.6s 550 cost: 869; so loi: 0
6264.6s 551 869
6264.6s 552 Thoi gian chay:  90.41741346400067
6355.2s 553 *******************************
6355.2s 554 Lan thu  69
6355.2s 555 [ 0 21  9 13 48 24 10  2 35 12 22 46 26 11 19 42 18 23 14 50 40  7 47 32
6355.2s 556 37  6 17 27 41 45 34 36  8  1  4 39 16 28 25 31 33 30 15 29 49 43 20  3
6355.2s 557 5 44 38]
6355.2s 558 cost: 836; so loi: 0
6355.2s 559 836
6355.2s 560 Thoi gian chay:  90.5099122949996
6445.5s 561 *******************************
6445.5s 562 Lan thu  70
6445.5s 563 [ 0 24 11 23 37 35 26 39 31 45 28 42 34 27  1 12 17 40 16 22 13 19 32  7
6445.5s 564 48 36 33 50 18 46 30 14 49 41  2  9 21 44 25 43 10  8 15  3 47 29  5 38
6445.5s 565 6 20  4]
6445.5s 566 cost: 919; so loi: 0
6445.5s 567 919
6445.5s 568 Thoi gian chay:  90.32330179600012
6535.4s 569 *******************************
6535.4s 570 Lan thu  71
6535.4s 571 [ 0 22  1 19 11 12 23 28 42 37 45 13 31 39 17  9  7 27 40 26 32 33 41 48
6535.4s 572 50 16 35 21 46 36  2 14  4 18 25 34  8 47 24 10  6 49 30  5 44 20  3 38
6535.4s 573 15 29 43]
6535.4s 574 cost: 885; so loi: 0
6535.4s 575 885
6535.4s 576 Thoi gian chay:  89.89438510800028
6624.8s 577 *******************************
6624.8s 578 Lan thu  72
6624.8s 579 [ 0 12  1 11 22 19 17 32 39 36  8  7 24 13 28 42 35 31 46 26 40 27 37 21
6624.8s 580 23 34 48 50 18 16 14 49 33  2  9 10 43 41  6 45 30 44 25  5 38 20  4 15
6624.8s 581 3 47 29]
6624.8s 582 cost: 1006; so loi: 0
6624.8s 583 1006
6624.8s 584 Thoi gian chay:  89.472180535
6715.4s 585 *******************************
6715.4s 586 Lan thu  73
6715.4s 587 [ 0 39 45 12 28 50 17 21  1 22 31 37 26 13 16 11 29 27  7 32 19 42 23 46
6715.4s 588 9 34  2 24 35 18 14 30 48 36 33 10 25 41 49  6  8 47 40 43 15  3 38  5
6715.4s 589 44 20  4]
6715.4s 590 cost: 859; so loi: 0
6715.4s 591 859
6715.4s 592 Thoi gian chay:  90.5861630950003
6806.3s 593 *******************************
6806.3s 594 Lan thu  74
6806.3s 595 [ 0 42 22  1 40 12 13 45 28 27 24 39  5 11 19 41  9 17 31 16 21 35 36 32
6806.3s 596 34 37 23 50  7 33  2 14 48 47 30 18 10 25  8 15  6 49 46 38 26 44 20  4
6806.3s 597 3 29 43]
6806.3s 598 cost: 911; so loi: 0
6806.3s 599 911
6806.3s 600 Thoi gian chay:  90.84151117300007
6896.8s 601 *******************************
6896.8s 602 Lan thu  75
6896.8s 603 [ 0 13 40 35 39  6  1 12 19 11 22 31 28 26 45 17 27 36 37 32 41  2  9  7
6896.8s 604 34 24 23 46 16 14 48 50 21 30 10 25 18 42  8 33  5 49  4 15 43 20  3 47
6896.8s 605 29 44 38]
6896.8s 606 cost: 806; so loi: 0
6896.8s 607 806
6896.8s 608 Thoi gian chay:  90.55249772699972
6987.8s 609 *******************************
6987.8s 610 Lan thu  76
6987.8s 611 [ 0 26 37 42 11 16 31 13 39 24 27 48 35 32 12 28 34 23 17 33 29 40 45 36
6987.8s 612 1 50 19 22  2 14 49 41 21 30 18 10 25  3  7  6  8 47  9 46 38  5 44 20
6987.8s 613 4 15 43]
6987.8s 614 cost: 832; so loi: 0
6987.8s 615 832
6987.8s 616 Thoi gian chay:  91.01004678000027
7079.0s 617 *******************************
7079.0s 618 Lan thu  77
7079.0s 619 [ 0 12 28 13  1 17 45 35 19 26 48 11 42 14 31 36 37 40 32  9 50 21 23 46
7079.0s 620 27 16 39 30 10  2 22 49 34 24 41 25 18  4  7 33  6  8 15 29 43 20  3 38
7079.0s 621 5 44 47]
7079.0s 622 cost: 780; so loi: 0
7079.0s 623 780
7079.0s 624 Thoi gian chay:  91.1593561159998
7169.1s 625 *******************************
7169.1s 626 Lan thu  78
7169.1s 627 [ 0 45 13 24 36  4 42 19 11 12  1 17 28 46 22  9 27 37 21 26 40 23 16 39
7169.1s 628 35 32  2 14 34 30 48 50  7 33 10 25 41 31 18 44 20  8 15  6  3 38  5 49
7169.1s 629 47 29 43]
7169.1s 630 cost: 882; so loi: 0
7169.1s 631 882
7169.1s 632 Thoi gian chay:  90.1163639260003
7259.7s 633 *******************************
7259.7s 634 Lan thu  79
7259.7s 635 [ 0 28 37 42  1 19 11 12 22 45 21 35 13 32 36 47  7 31 16 39 17 46 27 40
7259.7s 636 23 50 26 14 33  2 24 30 18 25  3 34 48 41 49  6  8  9 29 44 20  4 15 43
7259.7s 637 10  5 38]
7259.7s 638 cost: 825; so loi: 0
7259.7s 639 825
7259.7s 640 Thoi gian chay:  90.53550147199985
7349.8s 641 *******************************
7349.8s 642 Lan thu  80
7349.8s 643 [ 0 12 28 19  1 27 37 39 22 11 45 42 23 16 26 13  9 17 40 21 48 31 36 32
7349.8s 644 6 33 46 35 14 34 50  7  2 24 30 10 25 18  4  3  5 49 41  8 47 29 15 43
7349.8s 645 20 44 38]
7349.8s 646 cost: 875; so loi: 0
7349.8s 647 875
7349.8s 648 Thoi gian chay:  90.16476699400027
7440.3s 649 *******************************
7440.3s 650 Lan thu  81
7440.3s 651 [ 0 27 42 13 12  1 11 28 37 49 31 45 19 17 22 39 40 48 50 46 26 23 16 10
7440.3s 652 32 41 21 35 14 33  2  9  7 24 30 18 25 34  4  3 43 20  8 15 36  6 38  5
7440.3s 653 44 47 29]
7440.3s 654 cost: 905; so loi: 0
7440.3s 655 905
7440.3s 656 Thoi gian chay:  90.43051140999978
7531.0s 657 *******************************
7531.0s 658 Lan thu  82
7531.0s 659 [ 0 45 42 37 20 31 16 39  1 26 22 35 11 34 17 13 48 19 40  7 12 28 36 21
7531.0s 660 9 50 27 23 18 14 33  2 24 30 10 25 41 49 47 46 15  6  8 29 43 32  4  3
7531.0s 661 5 44 38]
7531.0s 662 cost: 833; so loi: 0
7531.0s 663 833
7531.0s 664 Thoi gian chay:  90.75310242699925
7621.6s 665 *******************************
7621.6s 666 Lan thu  83
7621.6s 667 [ 0 19 45 28  1 31 22 48 16 13 37 47 42 39 12 35 11 17 36 26 27 32 50 23
7621.6s 668 18  7 34  2 14 33 46 24  9 21 30 10 25 41  4  3 49  6  8 15 43 20 44 40
7621.6s 669 29  5 38]
7621.6s 670 cost: 837; so loi: 0
7621.6s 671 837
7621.6s 672 Thoi gian chay:  90.57793117700021
7712.5s 673 *******************************
7712.5s 674 Lan thu  84
7712.5s 675 [ 0  2 21 23 34  8 36 30 38 44 43 13 19 39 31 11 29  1 25 42 20  6 46 40
7712.5s 676 9 32 10 12  4 22 24 26 45 49 28  3 17 33 15 14 48  5 27 47 37 41 16 35
7712.5s 677 7 50 18]
7712.5s 678 cost: 817; so loi: 0
7712.5s 679 817
7712.5s 680 Thoi gian chay:  90.94717268500062
7802.5s 681 *******************************
7802.5s 682 Lan thu  85
7802.5s 683 [ 0 19 48 45  1 12 42 22 17 16 31 11 28 50 35 26 24 13 27 39 18 37 40 23
7802.5s 684 32 33 34  2 15 30  7 36 21 49 41  3 10 25  5 44  9 46  8  6 38 47 29 20
7802.5s 685 4 14 43]
7802.5s 686 cost: 775; so loi: 0
7802.5s 687 775
7802.5s 688 Thoi gian chay:  89.93214151099892
7892.3s 689 *******************************
7892.3s 690 Lan thu  86
7892.3s 691 [ 0 28 36 19 45 12 42  1 22 40 35 39 11 27 17 13  7 32 26 37  4 23 34  2
7892.3s 692 24 16 14 48 50 21 30 18 10 25  3 49 41 33  6  9 31 46 20  8 47 29  5 44
7892.3s 693 38 15 43]
7892.3s 694 cost: 842; so loi: 0
7892.3s 695 842
7892.3s 696 Thoi gian chay:  89.8535664910014
7982.7s 697 *******************************
7982.7s 698 Lan thu  87
7982.7s 699 [ 0 22 19 39  1 48 40 33 50 45 12 21 13 16 36  9 31 27 17 26 11 28 32 30
7982.7s 700 42 35 23 41  2 14 34 24 25 18  7  8 47 37 10  6 49 43 46 38  4 44 20  5
7982.7s 701 15  3 29]
7982.7s 702 cost: 876; so loi: 0
7982.7s 703 876
7982.7s 704 Thoi gian chay:  90.38796364399968
8072.6s 705 *******************************
8072.6s 706 Lan thu  88
8072.6s 707 [ 0 22 19 32 35 12 36 40 28  1 11 42 13 45 48 39 27 37 31 10 23 16  2 24
8072.6s 708 26 14 34 50 21  4 46  9 17 25 18  7 33  6  8 41 20  3 38 30  5 49 43 15
8072.6s 709 29 44 47]
8072.6s 710 cost: 771; so loi: 0
8072.6s 711 771
8072.6s 712 Thoi gian chay:  89.9337558949992
8162.3s 713 *******************************
8162.3s 714 Lan thu  89
8162.3s 715 [ 0 14 16 37 26 12  1 11 19 27 31 35 22 39 17 36 45 42 28 13 40 32  4 21
8162.3s 716 2 33 23 46  9  7 48 50 10 25 24 30 18  6  8 41 34 15 49 43 20  3 38  5
8162.3s 717 44 47 29]
8162.3s 718 cost: 798; so loi: 0
8162.3s 719 798
8162.3s 720 Thoi gian chay:  89.69137292899904
8252.6s 721 *******************************
8252.6s 722 Lan thu  90
8252.6s 723 [ 0 12 37 42 22 45 39 35 19 27 46 31 36 26 40 24 17 32 13 48  7  1 28 16
8252.6s 724 34 11 23 50 14 33  2  9 21  4 18 10 25 41  3 43 20  8 47 30 44  6 49 38
8252.6s 725 15 29  5]
8252.6s 726 cost: 837; so loi: 0
8252.6s 727 837
8252.6s 728 Thoi gian chay:  90.25271212000007
8342.7s 729 *******************************
8342.7s 730 Lan thu  91
8342.7s 731 [ 0 42 18  1 28 26 12 13 40 45 34  9 11 22 39 19 17 16 27 32 48 37 23 46
8342.7s 732 36 21 35 14 49 50  7 33  2 24 30 31 47 10 25  6  8 41  4 15  3 29 43 20
8342.7s 733 44 38  5]
8342.7s 734 cost: 829; so loi: 0
8342.7s 735 829
8342.7s 736 Thoi gian chay:  90.08752480399926
8433.6s 737 *******************************
8433.6s 738 Lan thu  92
8433.6s 739 [ 0  1 42 19 28 31 32 49  2 39 34 40 33  7 36 48  9 50 12 13 18 37 11 43
8433.6s 740 21 25 24  6 16 27 46 17 35 26 45 14 22 10 23 41 38 30  5 44 20  4 47 29
8433.6s 741 3 15  8]
8433.6s 742 cost: 760; so loi: 0
8433.6s 743 760
8433.6s 744 Thoi gian chay:  90.87670694699955
8523.2s 745 *******************************
8523.2s 746 Lan thu  93
8523.2s 747 [ 0 12 40 42 28  1 19 45 32 17 13 27 18 26 16  7 31 22 37 48 50 23 36 21
8523.2s 748 2 39 35 14 34 24 30 11 41 49 33 10 25  5 38  8  9 46 15  6 20  3 43 29
8523.2s 749 44 47  4]
8523.2s 750 cost: 968; so loi: 0
8523.2s 751 968
8523.2s 752 Thoi gian chay:  89.63706051600093
8613.7s 753 *******************************
8613.7s 754 Lan thu  94
8613.7s 755 [ 0 19 28 11  1 22 42 37 39 13 26 45 12 40 49 21 31 17 27 36 32 48 50 23
8613.7s 756 16 14 34 24 41  2  9 25 18 29  7  8 33 43 30  5 44 20  4 15  3 10  6 35
8613.7s 757 47 46 38]
8613.7s 758 cost: 838; so loi: 0
8613.7s 759 838
8613.7s 760 Thoi gian chay:  90.54054092499973
8704.7s 761 *******************************
8704.7s 762 Lan thu  95
8704.7s 763 [ 0 26 22 34 11 28 17 39 27 19 37 45 12 32 31 13 42 16 40 48 50 35 36  2
8704.7s 764 14 33 23 46  9  7  1 24 25 41 21 30 18 10  6  8 15  3 38  5 44 20  4 47
8704.7s 765 29 49 43]
8704.7s 766 cost: 821; so loi: 0
8704.7s 767 821
8704.7s 768 Thoi gian chay:  90.96794835699984
8794.9s 769 *******************************
8794.9s 770 Lan thu  96
8794.9s 771 [ 0 13  1 28 40 11 42 19 12 22 23 35 39 26 36 21 45 16 48 32 27 37 31  9
8794.9s 772 29 50  7  2 14 33 46 24 25 34  4 18 47 30 10  6  8 41 38  5 44 20  3 49
8794.9s 773 43 15 17]
8794.9s 774 cost: 883; so loi: 0
8794.9s 775 883
8794.9s 776 Thoi gian chay:  90.17292362100125
8885.1s 777 *******************************
8885.1s 778 Lan thu  97
8885.1s 779 [ 0 22 11 35 28 45 26 12  7 44 19  1 13 39 17 27 34 40 48 50 36 37 31 23
8885.1s 780 16 32 24 41  2 14 33  9 21 25 18 42  6  8 38  5 49 30 10 20 46 15  3 47
8885.1s 781 29 43  4]
8885.1s 782 cost: 882; so loi: 0
8885.1s 783 882
8885.1s 784 Thoi gian chay:  90.22956847599926
8976.1s 785 *******************************
8976.1s 786 Lan thu  98
8976.1s 787 [ 0 22 12  1 11 19 28 31 17 45 40 13 42 30 35 36 39  9 27 37 32 41 33  2
8976.1s 788 24 23 46 16 14 34 48 50 21 25 18  7  5 38 26 44 20  8 15  6 49 10 43 29
8976.1s 789 3 47  4]
8976.1s 790 cost: 849; so loi: 0
8976.1s 791 849
8976.1s 792 Thoi gian chay:  90.94104697399962
9066.5s 793 *******************************
9066.5s 794 Lan thu  99
9066.5s 795 [ 0 12 39 28 42 31 32 45 13 17 29 21 35 11 26  7 37 19  1 22  9 40 23 16
9066.5s 796 46 36 33  2 14 48 50 10 25 34 24 30 18  4 41 49  6  8 15 43 20  3 47 27
9066.5s 797 5 44 38]
9066.5s 798 cost: 785; so loi: 0
9066.5s 799 785
9066.5s 800 Thoi gian chay:  90.5380686790013
9067.1s 801 Traceback (most recent call last):
9067.1s 802 File "<string>", line 1, in <module>
9067.1s 803 File "/opt/conda/lib/python3.7/site-packages/papermill/execute.py", line 122, in execute_notebook
9067.1s 804 raise_for_execution_errors(nb, output_path)
9067.1s 805 File "/opt/conda/lib/python3.7/site-packages/papermill/execute.py", line 234, in raise_for_execution_errors
9067.1s 806 raise error
9067.1s 807 papermill.exceptions.PapermillExecutionError:
9067.1s 808 ---------------------------------------------------------------------------
9067.1s 809 Exception encountered at "In [1]":
9067.1s 810 ---------------------------------------------------------------------------
9067.1s 811 FileNotFoundError                         Traceback (most recent call last)
9067.1s 812 /tmp/ipykernel_19/1384518334.py in <module>
9067.1s 813 621
9067.1s 814 622 if __name__ == "__main__":
9067.1s 815 --> 623     cost, num_loi, time = main()
9067.1s 816 624     with open(path_result, 'w') as file:
9067.1s 817 625         file.write('cost:\n')
9067.1s 818 
9067.1s 819 /tmp/ipykernel_19/1384518334.py in main()
9067.1s 820 587
9067.1s 821 588 def main():
9067.1s 822 --> 589     data = get_data()
9067.1s 823 590     cost = []
9067.1s 824 591     num_loi = []
9067.1s 825 
9067.1s 826 /tmp/ipykernel_19/1384518334.py in get_data()
9067.1s 827 328 def get_data():
9067.1s 828 329
9067.1s 829 --> 330     with open(path_data, 'r') as file:
9067.1s 830 331         n = int(file.readline())
9067.1s 831 332         early = []
9067.1s 832 
9067.1s 833 FileNotFoundError: [Errno 2] No such file or directory: '../input/tdtsp-datasets/25points_3days.txt'
9067.1s 834 
9070.1s 835 /opt/conda/lib/python3.7/site-packages/traitlets/traitlets.py:2755: FutureWarning: --Exporter.preprocessors=["remove_papermill_header.RemovePapermillHeader"] for containers is deprecated in traitlets 5.0. You can pass `--Exporter.preprocessors item` ... multiple times to add items to a list.
9070.1s 836 FutureWarning,
9070.1s 837 [NbConvertApp] Converting notebook __notebook__.ipynb to notebook
9070.4s 838 [NbConvertApp] Writing 66296 bytes to __notebook__.ipynb
9072.9s 839 /opt/conda/lib/python3.7/site-packages/traitlets/traitlets.py:2755: FutureWarning: --Exporter.preprocessors=["nbconvert.preprocessors.ExtractOutputPreprocessor"] for containers is deprecated in traitlets 5.0. You can pass `--Exporter.preprocessors item` ... multiple times to add items to a list.
9072.9s 840 FutureWarning,
9072.9s 841 [NbConvertApp] Converting notebook __notebook__.ipynb to html
9073.9s 842 [NbConvertApp] Writing 407272 bytes to __results__.html