90 3152
0 1 15.775270101896494
0 4 40.3305152143077
0 5 60.58350090684674
0 8 49.78222655455536
0 10 65.84123782484701
0 11 63.15990713571209
0 13 99.06773746667359
0 14 25.491760202685445
0 15 48.74927793091708
0 16 88.57530283306792
0 17 62.25919109703174
0 19 64.87398372553729
0 20 78.10781963568542
0 21 46.402821564930505
0 23 7.961328120346203
0 24 23.617408398554897
0 25 20.74187404444092
0 26 63.68407105627677
0 27 74.2931546235949
0 28 41.3151288206714
0 29 89.0936275508598
0 30 85.99838557446955
0 31 85.03275248285377
0 32 22.861197722159897
0 33 43.837155151153304
0 34 87.26297053998648
0 35 69.30519402211692
0 36 94.37740415461666
0 38 58.797988909209586
0 39 28.996926341526766
0 41 35.79617727888916
0 46 40.94919326330067
0 49 62.44905872692166
0 50 23.748905416702883
0 53 79.53797661072494
0 55 70.4556379161096
0 56 73.40103319549999
0 57 92.81311781748174
0 58 21.926987803562746
0 59 22.43349955552861
0 60 34.48470254377622
0 61 64.89716039528282
0 63 72.8865034066758
0 66 8.560232881431945
0 67 18.707971106436155
0 70 63.89001330808001
0 71 28.138983687818037
0 72 60.969464593917806
0 73 86.94939786067208
0 75 27.508438696636567
0 78 28.45521457370462
0 79 67.53107143724066
0 80 17.673633650929304
0 81 65.08552526459694
0 84 56.521311265302394
0 85 27.412396200910415
0 87 85.27654487800766
0 88 29.231413665251004
1 4 25.918223106842895
1 5 43.29582840313018
1 6 78.7414980329306
1 7 65.47590847808405
1 10 96.96439224639043
1 11 11.179533263169144
1 14 49.87988930134233
1 16 6.295313490249071
1 18 47.420442576559964
1 19 56.58653402653762
1 21 18.426474609459632
1 22 12.112194175516153
1 23 46.86987070211846
1 24 32.78816656894409
1 25 42.36535783860442
1 26 50.55351389300251
1 28 78.96779942095725
1 30 72.38148676878689
1 32 76.82423007003324
1 33 92.7176169858961
1 37 59.57875439574964
1 38 85.13766286969278
1 40 72.19630366432915
1 41 97.83496694086958
1 43 76.73369461557284
1 44 90.83754545965382
1 45 2.4838540845128803
1 46 67.7824599108003
1 47 34.49357405227008
1 48 63.967507143896334
1 51 83.54762555638183
1 52 15.495628682654083
1 53 20.28406910568376
1 54 44.65557910992195
1 55 61.1201236332979
1 56 29.03077983539832
1 58 56.60982297758405
1 59 24.934152985234352
1 60 79.48063186425878
1 62 24.879895631508884
1 63 36.35597604419142
1 64 62.465879501811955
1 65 88.80936543698951
1 67 52.54073641135022
1 70 22.805131923892286
1 71 43.58938042617422
1 72 50.39459699329463
1 74 83.82136819736206
1 75 79.39121157467693
1 76 81.63755369738821
1 77 71.05949520194285
1 79 55.07262683380207
1 80 64.32591028722264
1 81 29.603032005854626
1 82 89.56532436839476
1 84 89.03704210385635
1 85 16.60675407745241
1 86 9.486248491789553
1 89 30.157999842057322
2 7 11.363440820357626
2 8 78.65963626231414
2 9 43.33441816074179
2 11 75.3853916974199
2 13 44.907467393338685
2 15 9.199699525690193
2 16 40.32073252655382
2 17 35.262552436223245
2 18 14.137180459159184
2 19 96.79146412526661
2 20 11.959013136152649
2 22 20.50477349165262
2 23 34.712070861412165
2 24 95.3769038302442
2 27 8.416015034587316
2 28 8.028752024937512
2 30 15.475304999381173
2 31 28.121970792875707
2 33 38.04583195480997
2 34 43.67941907964965
2 36 70.54980654291525
2 41 66.38962249332411
2 43 90.853183051603
2 44 72.25234706326655
2 48 62.50957190630697
2 49 84.66300416939009
2 50 66.64137846669153
2 51 33.860247832653656
2 52 99.95616314812128
2 53 72.62380454076654
2 54 65.95984648500391
2 56 18.3628393566574
2 60 20.491606322015862
2 61 33.80343841944881
2 63 55.24314192620386
2 64 91.41926573862392
2 65 36.987752672642145
2 66 10.962129903840324
2 67 10.216200927201562
2 68 83.95465893812477
2 69 33.714446011003844
2 70 10.331757810916937
2 71 23.70780448351249
2 72 34.57658835890684
2 73 73.0967944033357
2 74 67.62723174502007
2 77 29.776567648743157
2 80 69.37878188356868
2 81 3.6550262813286176
2 83 74.52112664919865
2 85 43.893663070843004
2 86 18.31264488829097
2 87 5.175026681766588
3 4 16.967088913966226
3 6 38.830985629622646
3 7 82.68195166138524
3 9 48.139491504405406
3 10 3.8399317838371525
3 12 23.49581453364316
3 13 80.56947803950057
3 15 56.72950841827273
3 18 14.083423980605833
3 19 90.15823539393458
3 20 3.7702185587255443
3 23 67.43412933402976
3 26 50.66991235414053
3 27 45.005851199473106
3 28 4.455192138378235
3 29 79.18226128337433
3 32 36.55137620814567
3 33 23.028862024244983
3 34 77.78182961751264
3 36 22.304763311379222
3 37 44.50733324219552
3 38 75.35436238742395
3 39 57.63239833969965
3 41 8.93688326779107
3 44 32.32401404683848
3 45 49.64856073727361
3 46 26.064281830028676
3 47 15.531204061639613
3 48 14.388948156908603
3 51 29.212694734383263
3 52 21.176788091837704
3 53 99.73681397189495
3 56 93.03255700154973
3 57 30.506821356874166
3 58 35.46653206079003
3 59 80.01434045492822
3 60 31.132190007020625
3 65 54.18313931516806
3 66 58.06483935446436
3 67 49.05082341994034
3 68 41.1998716206793
3 69 34.410547245275886
3 71 2.56290741267351
3 73 57.5174687736717
3 74 29.65066058614242
3 75 89.28430051272315
3 76 9.388303989624152
3 77 58.691251753907764
3 79 58.15300387290657
3 81 11.96556958187748
3 82 69.7085071237072
3 83 34.03362226478059
3 84 17.7629645695485
3 85 31.46034956899065
3 87 48.000664919509354
3 88 55.79859260041672
4 5 28.074741338950258
4 7 84.52931620326963
4 8 51.884678877012185
4 9 22.957665929873002
4 11 93.08510116705793
4 13 98.13392403782956
4 15 96.33394971111801
4 16 89.55487049127493
4 17 59.106023466463675
4 19 28.583019100944604
4 21 84.20111351034043
4 22 37.87258720531788
4 23 3.8766809638198514
4 25 39.55337400611525
4 26 59.572569343349535
4 27 65.89341235040303
4 29 1.7292504225105882
4 31 38.09509788325095
4 34 61.88885036705258
4 35 64.76752803706319
4 36 52.054646046826974
4 37 38.081488652069964
4 38 1.1220753600391495
4 39 13.101196889922221
4 40 75.08611442705157
4 41 31.993886023997092
4 43 39.06671879035714
4 44 71.68597556482415
4 45 59.906250904392635
4 46 16.30112472732154
4 47 12.192450391140968
4 49 99.05646716033672
4 52 3.547277266851623
4 53 49.70122608895486
4 54 35.72212507411774
4 55 98.13451461279227
4 56 78.04214309667525
4 57 55.47982592186856
4 58 78.75134424233609
4 59 48.06338016470121
4 61 52.0399711026493
4 62 13.420401803314943
4 63 65.29027319509296
4 67 38.708335390900054
4 69 41.11838133825128
4 70 62.647898739238
4 71 43.61206520394605
4 73 83.18505685083326
4 74 21.42765254148241
4 75 44.61446358343917
4 80 99.65039312152693
4 81 59.707598048479
4 82 61.983892038286754
4 84 14.926911069211881
4 86 37.9129988157188
4 87 7.811042619693992
4 89 59.66518163547686
5 6 35.3213431202676
5 7 26.24458734549511
5 8 79.428388110947
5 9 39.46371305087288
5 11 91.81417187339866
5 12 34.240878492227054
5 14 61.171123859580746
5 15 60.843526117301856
5 16 11.604930259693985
5 20 24.492805216849177
5 22 30.127771739975255
5 23 57.075897710451166
5 28 15.020634154925624
5 29 30.720498905947927
5 31 45.36608038132123
5 32 23.925312824380597
5 33 81.76366997851851
5 36 15.941236141461031
5 39 28.482497667790724
5 43 42.66441749140115
5 44 38.73604152250187
5 45 11.769888733851307
5 46 70.57790776788713
5 47 44.60765468011406
5 48 93.82222551242421
5 49 14.791246205844653
5 55 13.44813571611366
5 56 53.236887589013264
5 57 89.35222217869163
5 58 49.187705041747435
5 59 36.91943676406752
5 60 38.95380787078317
5 61 4.860635985729149
5 62 5.7845990815979915
5 63 39.383487782164124
5 64 95.32965377831225
5 65 94.21000597211157
5 66 53.328212821919344
5 67 84.34714122565234
5 68 80.99046264098747
5 70 17.091933678248196
5 72 71.5186942553855
5 73 35.45130835473027
5 75 78.8892684243528
5 76 46.53559400216064
5 77 66.9919580732082
5 78 97.41222779600277
5 79 55.24690960221264
5 81 66.75327188626841
5 82 9.896469262860093
5 83 63.17177005236522
5 84 71.6822249268382
5 86 2.847629378087268
5 87 83.49414519809763
5 88 1.6648567404976622
5 89 69.47871826356393
6 8 71.73246742358842
6 12 16.087510752352802
6 14 64.44469818842335
6 15 15.238626773659094
6 16 77.68012249399538
6 19 11.82135252319304
6 22 79.52062762051699
6 24 50.33454718574144
6 25 63.945532116967605
6 26 95.04971066610594
6 30 26.336123970498736
6 31 95.18801752993036
6 32 49.82417090873545
6 33 43.862732643537534
6 34 63.290542648628346
6 35 38.01170502809195
6 36 50.82909303602208
6 37 7.396581930863444
6 39 61.68867930999943
6 40 39.021380782317586
6 41 84.90235552533402
6 44 51.95092592933155
6 45 90.79413521861423
6 46 72.81164599808623
6 47 15.235103823490288
6 48 77.22071096455295
6 49 80.6155191034768
6 50 23.980044428223298
6 52 32.16782115290776
6 54 43.623656566885096
6 56 68.51278648708495
6 57 10.270161952491543
6 58 71.0089824235918
6 59 45.82738614236283
6 60 19.146035200360686
6 62 17.68439349389959
6 63 11.512280995801717
6 64 91.95674559598521
6 65 68.25169609189807
6 66 40.148707886251294
6 67 91.53103948711131
6 70 82.10562820469185
6 72 45.68423073702199
6 73 2.485544619233238
6 74 23.561001685341044
6 76 87.35020396975412
6 77 18.74811287566112
6 78 84.53589549403655
6 80 38.31656532209859
6 82 87.2218440417188
6 83 59.14515135077673
6 84 33.86973527742506
6 85 54.836566890064404
6 86 11.280273118146997
6 87 36.49648477923573
6 88 45.919917759662916
6 89 74.38635838045288
7 9 83.50254151071904
7 11 98.51526372770887
7 12 27.177618816541848
7 13 18.807436100520274
7 14 82.95619917823589
7 15 37.71161464997548
7 17 3.9972499489314446
7 18 16.320357584766544
7 20 6.475893024945792
7 21 74.83623533132655
7 22 7.943558524584183
7 23 36.604452393676866
7 24 83.72190152984726
7 26 89.46392571387663
7 27 51.13725524630122
7 28 90.86235191845309
7 29 10.02411976240542
7 30 68.47964665176336
7 31 24.032006645416324
7 32 60.46637492909857
7 33 51.50888118508869
7 35 30.280846429583235
7 37 48.73170363433921
7 38 98.51689047460165
7 39 16.443543969865082
7 42 19.142429408561945
7 43 40.23791101470192
7 44 59.850990478410914
7 45 75.85298218461725
7 46 64.18700824139633
7 47 70.93128081690635
7 48 14.225010020445865
7 51 83.07345548852356
7 53 94.94715187537675
7 54 58.579085895069525
7 55 75.75887260572051
7 56 8.901363123128261
7 57 61.158705093508495
7 58 47.75874211943385
7 59 99.52230638962118
7 63 80.96167892371426
7 64 63.60658291008597
7 65 94.38560663635451
7 66 10.825798471640866
7 69 8.913929421576496
7 70 38.85359997097081
7 72 43.6932404789756
7 74 14.288188055169199
7 75 57.33357060084166
7 76 43.85566528958252
7 77 7.264083381104133
7 78 37.148109191234305
7 81 92.27909658609762
7 82 28.414499151271198
7 83 9.213862304721683
7 85 88.312258137188
7 86 43.33015824942055
7 87 3.1221064027576815
7 88 56.77106852503276
7 89 30.716270826769254
8 11 18.35695351112304
8 14 53.61604426086837
8 15 27.27786870559454
8 16 43.57533427157
8 19 63.575833661672306
8 20 41.18423500798022
8 22 74.89192106233372
8 24 29.305817223292223
8 25 14.090389982323918
8 26 61.698854192236944
8 30 89.01221769042714
8 31 53.3388337599998
8 32 24.868126479053796
8 33 44.07363653690606
8 35 93.43757996416169
8 36 78.06514443736667
8 37 49.96236360657448
8 38 60.26857318405603
8 40 70.09421938454129
8 41 68.53645556075277
8 42 71.63803448347014
8 44 81.8089995291887
8 45 63.855655375162186
8 46 51.272067589188474
8 47 77.49342441233189
8 48 55.08606858898768
8 49 57.24202577236443
8 50 82.03832295206344
8 51 76.47532557461595
8 53 51.73699305129318
8 54 95.52854665946461
8 55 66.79790282672447
8 56 97.0225567115213
8 57 19.476893107625937
8 58 24.91873190072504
8 59 93.72300805819685
8 60 58.909228062362914
8 63 88.56166750534251
8 64 70.91659556546975
8 66 7.1981884469107715
8 67 18.363386387708463
8 70 54.44823739273818
8 71 3.1711009476104013
8 72 14.45876541709527
8 73 77.15180524377656
8 74 49.03414441994144
8 75 14.853242606597233
8 76 1.3121598086499036
8 77 89.49071562942589
8 80 45.03070862240594
8 81 97.4011041671741
8 82 24.787833315578553
8 83 97.8435842196611
8 87 31.24245413359472
8 89 35.611634148492165
9 10 83.87896567041543
9 12 53.44879512384741
9 13 12.684937780287651
9 15 79.3396812771776
9 17 73.66004579970965
9 18 22.797613420762556
9 19 89.06397692843338
9 22 17.44711593474802
9 23 35.598179566260775
9 24 69.95812362181586
9 26 25.856141135103023
9 27 96.27029148512584
9 30 83.36091326103838
9 31 52.72298824579277
9 34 86.63743426822839
9 35 1.8888270242492196
9 36 96.13896989036775
9 37 18.803056550787176
9 38 57.936612206702705
9 39 83.21610053765455
9 41 19.615481061165816
9 42 54.47380466679974
9 43 29.77136035017214
9 44 77.4604614613716
9 47 5.126718966444883
9 50 74.40160036095276
9 51 40.8970857817789
9 52 52.50619970590021
9 53 79.87744505552949
9 54 25.7291350850428
9 55 48.30955080366652
9 57 74.05476949642642
9 59 21.772216974438034
9 60 77.419596376569
9 61 89.12680628528695
9 62 48.003843961292134
9 63 72.08861679857587
9 64 60.776158711900386
9 65 72.07672246723679
9 67 98.8747847194318
9 68 75.59794132296135
9 71 82.25405154479223
9 73 13.538174126059298
9 75 7.894306470545959
9 76 70.42768216771618
9 78 76.62307485834722
9 79 34.823440465450815
9 80 8.14355217815851
9 82 82.60725008190629
9 83 58.269766071417244
9 86 69.48465071131648
9 87 6.859784791625162
9 88 20.231625919668804
9 89 45.563988907022186
10 11 77.70535112979435
10 12 80.68569066905523
10 13 16.567713596189726
10 16 68.31427303997874
10 17 60.367811887302416
10 18 25.407405137907496
10 19 85.20579433565545
10 20 79.94000074463237
10 21 80.62384601285227
10 26 66.63466232230519
10 29 40.21111640270571
10 32 2.185347269099971
10 34 89.63833140035808
10 35 64.57467351034997
10 36 97.87620903975842
10 37 38.43505166074604
10 38 13.243434950859047
10 39 45.80147574083344
10 41 4.914485110726858
10 43 74.57424573003982
10 45 49.551865584973775
10 46 39.76949608936933
10 47 56.45657911757234
10 49 15.655882662295529
10 52 86.87575736550272
10 54 56.27407749568762
10 55 5.6072976357870425
10 56 62.3892071272335
10 58 57.150655796331726
10 59 31.436429900762885
10 61 26.935252553223687
10 62 4.223240296361176
10 63 98.29457488855874
10 64 47.829512227134416
10 65 54.90235438081252
10 67 67.36432394043784
10 68 71.68738315451668
10 69 48.256670542503095
10 70 89.03495366175156
10 71 79.23458934464931
10 72 29.8274817541959
10 73 19.96865849086732
10 75 48.43792516858307
10 76 54.37966779277628
10 78 74.5722930755379
10 79 44.78196259781829
10 80 17.0980962205122
10 81 62.38740214823848
10 82 73.91820543956327
10 83 1.2376055793015777
10 87 42.79717306656488
10 88 49.43788650008438
11 13 99.73947815993324
11 14 41.05707294721935
11 16 10.11122375948381
11 17 52.03183091910879
11 18 17.016715675159105
11 19 51.186961667740796
11 20 90.99802401871251
11 21 60.719403840714584
11 22 23.95322585051143
11 24 40.22760695617601
11 26 94.2866989269467
11 28 56.88090100942234
11 29 11.254898038526141
11 30 4.890945151688601
11 31 5.583554248986055
11 32 18.51726935713567
11 34 48.60612803279504
11 35 20.172244806800865
11 36 70.53512386608256
11 38 31.949435190933208
11 40 58.56122250457092
11 41 95.03666407369009
11 42 49.39986887995835
11 44 46.34675506815625
11 46 90.31824852088371
11 48 28.590954444932983
11 50 5.790807351790009
11 52 56.24189666198873
11 53 74.88605957590033
11 54 61.05735829351703
11 55 93.28138146142602
11 56 99.76263531732177
11 57 22.4066701049705
11 58 20.45292314435722
11 59 35.428178119467425
11 62 29.09307159980575
11 64 79.62789826070735
11 65 83.24552400301823
11 66 78.9651588030429
11 67 94.74069816154675
11 71 33.87836022454236
11 72 19.78737546197037
11 73 97.6290159727377
11 74 89.66508832497874
11 75 71.98293625677051
11 77 81.01744973137478
11 78 40.6330146219736
11 80 63.44532787174276
11 82 64.84001735415154
11 83 35.19653628788749
11 84 82.84808321839844
11 86 45.641271217474
12 14 96.56197860603922
12 15 31.223290992453236
12 19 65.10775560039252
12 20 97.51510089598818
12 25 41.86226847850223
12 26 42.29593684566328
12 27 80.78790200503899
12 28 36.447425384863365
12 30 11.27214717998262
12 31 83.13911716540159
12 32 61.398054303655705
12 33 10.857237164005191
12 34 20.04343970729754
12 35 30.590102085720783
12 37 3.0768889161592763
12 38 60.656577763768944
12 40 51.84472863886428
12 41 9.729868027891609
12 42 70.75019139136525
12 43 91.7697204281373
12 44 51.13210308013439
12 45 11.294930757102865
12 48 79.23897109434039
12 49 17.621325890410745
12 51 69.18329365603144
12 53 19.64575624847468
12 54 64.11194392683846
12 57 18.261672226780572
12 58 95.48776342130633
12 59 45.21170533100879
12 60 67.7894824079296
12 61 89.15291218462164
12 63 96.100994141595
12 64 48.77941356465382
12 65 74.2084413917755
12 66 55.75384803953771
12 68 94.96517436557292
12 69 3.09619592747237
12 71 31.8055398247504
12 72 50.641238251312956
12 74 32.39171584676689
12 75 18.594166165911965
12 76 16.54075332004964
12 77 93.17607289038564
12 78 9.796738685605447
12 80 34.09590732046191
12 81 86.0584389394252
12 83 94.76864672383725
12 84 88.44828681242168
12 85 39.470027989762045
12 86 28.699017548532918
12 87 18.2939885973898
12 88 24.195384405454412
13 15 84.8009426294197
13 16 45.285976187486575
13 17 39.87919928972847
13 18 42.25213263139068
13 19 61.38880266886585
13 20 21.13800779715642
13 23 70.22642201686641
13 24 96.20426290321198
13 25 12.034379815154203
13 26 89.99498349740247
13 29 40.178940437606876
13 31 59.7668146407728
13 32 64.49879672729898
13 35 22.648292663302175
13 36 59.08903386986553
13 39 50.489946451593205
13 40 43.21922507056818
13 41 35.068964981990064
13 43 88.03924272503195
13 46 88.69888146421106
13 47 49.23841401145621
13 48 73.40550060496155
13 49 10.197452921526478
13 50 34.315828279159184
13 51 23.130326854440906
13 53 12.105974653124237
13 54 20.360531254035465
13 55 20.059930800340485
13 56 75.90689428988175
13 57 23.38021540742576
13 59 10.66410966032432
13 61 62.86673324114829
13 63 58.501126634758
13 66 65.64713707687709
13 67 12.641041002822398
13 68 9.484827143607978
13 69 43.26957864074607
13 70 98.32044974493108
13 71 38.769904989419906
13 73 55.00363576979617
13 74 57.491855198392784
13 75 37.02112556126693
13 76 69.77849610594285
13 77 16.266860170747062
13 79 99.31519913105622
13 80 55.779396872956326
13 82 17.041597644197115
13 83 8.482859031910216
13 84 91.81057317647335
13 87 22.879357246043764
13 88 53.596041821847535
13 89 70.29507270135859
14 15 33.49353320330559
14 16 91.5136207841092
14 17 83.68265332850014
14 18 75.20540245257018
14 19 88.63219736207859
14 20 4.225613764980511
14 26 16.248144578953738
14 27 72.01198502741792
14 29 69.02599553179849
14 32 22.000179611285517
14 33 16.558129779975186
14 34 50.82437627530033
14 35 43.26338976472102
14 36 49.794246309077145
14 38 3.9087292493421684
14 40 66.59799097353581
14 41 97.48055939393609
14 43 8.135470255008986
14 47 76.64672852614011
14 48 58.419463293932324
14 49 79.89251705065779
14 51 55.87669156244442
14 52 96.56438620823054
14 53 18.324721394842022
14 54 31.64155193660374
14 55 8.873567334951566
14 56 8.95690794046527
14 58 79.46413182455836
14 59 72.18390540563016
14 63 15.543961058189318
14 64 71.05981400662634
14 65 38.80796379523244
14 66 18.181109977996737
14 67 23.877116586878795
14 68 44.47294617658021
14 69 45.35208022146639
14 72 54.006431205472246
14 74 8.768021753170894
14 75 88.82629329449779
14 76 24.69447782090912
14 81 49.86953532565288
14 82 77.28890875205046
14 83 21.88502397334335
14 85 45.897416084020605
14 87 98.94472093315153
14 88 19.987337909190362
15 16 54.0626647112765
15 17 82.77395014412215
15 18 73.50844277870716
15 19 76.33740919475825
15 21 74.19300098523385
15 22 62.477584663124816
15 23 66.63126797047113
15 24 33.288974855498985
15 25 11.301872760387106
15 28 6.712246768712543
15 29 26.57644559249541
15 32 40.26547958150424
15 33 70.61808681351955
15 34 48.74850196266802
15 35 70.74284855916233
15 36 17.05614112720359
15 38 57.11244014387299
15 41 74.19962599594042
15 42 73.29555445329666
15 45 80.3601320566318
15 46 68.78500995645707
15 48 64.88616327010746
15 49 57.002606892923495
15 50 78.5197252551181
15 51 49.09423157040519
15 53 74.07107875599854
15 56 45.94432078877075
15 57 72.72850860062658
15 58 47.78723366277608
15 59 34.1869360746344
15 60 0.9983425460923566
15 61 20.249502467418424
15 62 1.6696655865550394
15 63 55.73408793292598
15 64 71.63361568169593
15 65 93.17191327370873
15 69 9.373282850599914
15 70 99.4897792828531
15 71 89.82107983644796
15 72 17.326167774737698
15 73 46.59297619190772
15 74 7.831132177799337
15 75 41.5256748745516
15 76 80.15929931236604
15 77 20.367267245455373
15 78 13.56491193044049
15 80 23.879882875555065
15 81 92.92098037602052
15 84 38.18672351962447
15 85 45.310392883845395
15 86 91.31713374180272
15 87 94.80182647514668
15 88 23.383581103084516
15 89 60.357721196210974
16 21 96.7873895218558
16 22 69.89620124252093
16 23 16.43475248418931
16 24 8.021328165188812
16 26 20.3724358913016
16 27 91.69732905748349
16 28 31.799170485439113
16 29 65.62635127894544
16 31 43.50600040528905
16 32 41.30136835265382
16 33 29.62126938458204
16 36 42.28133103929484
16 37 95.9450947275378
16 38 94.66939058799362
16 39 97.8785579711672
16 41 76.71746249539399
16 43 76.45687243029691
16 46 16.19974000468358
16 48 10.771390496230463
16 49 41.934361381441555
16 50 15.180086207094758
16 52 51.086797175008776
16 53 68.14922292564611
16 55 65.8454948417994
16 56 59.8379732076725
16 58 18.79891668430407
16 61 81.8028031067287
16 63 22.827491703994518
16 64 64.02043318338097
16 65 94.15506910832435
16 66 81.15635109384965
16 67 5.864581363119827
16 68 68.41790925344955
16 69 67.4769652264126
16 70 28.103988161709943
16 71 64.33543122800253
16 72 41.63232977330055
16 73 35.824552927051975
16 75 36.03207918744363
16 76 96.42284158325695
16 77 16.683967856668357
16 79 16.93880546322292
16 80 68.34746073738091
16 81 60.97563321549516
16 82 84.64741771569722
16 84 21.13303764601132
16 85 76.03894038062425
16 86 45.18064287795124
16 87 65.08015860578884
16 89 92.63012839869289
17 18 43.020801033729356
17 19 85.54732845816481
17 20 73.37620315800045
17 21 47.09633874218039
17 22 67.90415164841163
17 24 22.52956335786679
17 27 45.177532038625024
17 28 83.06210026213908
17 30 91.65084599885564
17 33 56.967168613602404
17 34 56.51382663980839
17 36 56.824197768263815
17 37 74.4141685412703
17 38 93.79920973435974
17 39 19.51075346435483
17 40 52.71761015728429
17 41 59.39742800442652
17 43 28.502315315504713
17 45 19.343879452620254
17 46 22.726449318693483
17 47 27.25774224388633
17 48 19.297785639458816
17 50 52.12607775716643
17 51 65.51307401916127
17 53 32.11848954939237
17 54 8.894784831355532
17 55 88.35738255418858
17 57 38.83599053433856
17 58 30.90284964481925
17 59 60.03770730139045
17 60 67.38384689225055
17 61 10.882971215754036
17 63 16.86891807704307
17 65 58.87959467934469
17 67 39.13184072276987
17 68 46.863297210903035
17 70 74.3124584705668
17 71 62.89174509588552
17 72 53.25256861796533
17 73 55.12570296479934
17 75 68.53968731323862
17 77 9.771574446134704
17 78 25.136160972238784
17 79 18.416111469101818
17 80 60.68397664333729
17 82 73.32326549209934
17 83 3.6650153157152476
17 84 93.95348660762245
17 85 52.87323022252711
17 86 78.70408847079683
17 87 6.080745646404883
17 89 58.463940898878455
18 20 52.7697784612393
18 22 26.72696472453012
18 23 25.903148036861747
18 24 66.54176785157313
18 25 4.364083612519219
18 26 71.2115264535009
18 28 56.08482551205576
18 29 7.545001974313312
18 30 68.1358207728635
18 31 23.777588212086005
18 32 95.85842062339468
18 33 25.175349650123625
18 35 97.51417725486769
18 36 81.46843069652746
18 38 7.94758870623762
18 39 79.59477349789091
18 40 10.56677382563595
18 41 3.1392050841264876
18 42 87.87230258947754
18 43 77.38883120218455
18 44 26.717947198575196
18 45 98.50290109859576
18 49 93.00857827467762
18 50 65.37568978679052
18 51 62.161757458109854
18 52 30.771104466066536
18 54 23.936841489937866
18 56 48.946149072572084
18 57 93.6171983170786
18 58 54.55009654913486
18 59 97.09665529461896
18 60 85.92360635461219
18 61 9.529703074948225
18 62 87.46128519164608
18 63 48.440836887334
18 64 74.93527325186965
18 65 61.17104677064185
18 66 41.7523688737326
18 67 78.47125947894989
18 68 55.88192555325811
18 70 99.49047888206967
18 71 46.510893565104716
18 72 42.48197973047685
18 73 78.00379051580629
18 74 33.73011873369425
18 75 87.24323779835738
18 76 37.93386123797243
18 77 38.064243933407745
18 78 94.55090923984766
18 79 72.47939081232832
18 80 45.90118420578479
18 81 56.00779616003464
18 82 89.04802213782405
18 86 14.360909221121492
18 89 35.773504201539865
19 20 41.71647561581692
19 21 62.18593892810398
19 23 65.38238143093037
19 24 45.77988864835082
19 26 94.83873479373186
19 27 39.58215708708204
19 28 98.43337858395466
19 29 64.37029234805942
19 32 56.59995286374816
19 34 47.10835310906472
19 36 57.81130024739323
19 37 62.19643114974306
19 38 59.87179695036857
19 39 71.52569101794232
19 41 24.29200544894573
19 42 70.5381486946714
19 43 51.60870052407591
19 44 1.3408162975786937
19 46 52.811381626205616
19 48 83.04958174514294
19 49 94.52983891358335
19 50 13.419338582531722
19 51 85.99048999955967
19 52 81.03895062113375
19 53 25.71314175510904
19 55 25.95469097875264
19 56 29.525694246669275
19 57 81.19437285329384
19 58 91.94773692281788
19 59 50.979186528343725
19 61 57.82879066276703
19 62 51.599332842077644
19 63 6.422832632631516
19 64 18.092007969433823
19 66 46.85987425602604
19 67 76.70879066675506
19 69 80.84573803024192
19 71 62.26351702587899
19 74 39.9533328001267
19 75 96.7889799957568
19 77 34.1295990994682
19 78 98.81806961093278
19 79 46.607557202806085
19 80 80.59981700641637
19 81 91.15652017030787
19 84 93.21408386803249
19 85 33.210063805909805
19 86 47.64673305244616
19 87 40.017436720469995
19 88 8.5814933700522
19 89 75.35699572060706
20 21 25.927277748249175
20 22 10.167218622930733
20 23 75.13317601287069
20 24 61.053733002191116
20 25 77.40119895481608
20 26 46.33010900034834
20 27 50.36753173549122
20 28 30.898200530372726
20 29 34.651362465425564
20 30 99.4685625021902
20 31 4.59849453973389
20 33 76.38848574915194
20 34 14.638932981496197
20 36 65.04894097734919
20 37 77.81434474719093
20 38 31.3333389613889
20 40 75.51413560635807
20 41 4.862772465464368
20 42 14.36481641609648
20 45 61.588458205882624
20 47 73.3936771142147
20 48 43.759693865576516
20 49 92.6998107316848
20 50 42.477324389116895
20 52 93.55411130559679
20 53 99.25282595391111
20 54 50.52265520259566
20 56 7.998569856778857
20 58 61.42624868349989
20 59 25.227269951242263
20 61 54.703482449452224
20 62 60.727197026392865
20 63 52.02050181151383
20 64 18.80073895702065
20 65 27.13780902625136
20 68 17.906575029405474
20 69 82.06648461959229
20 70 91.19947931214625
20 71 49.893713114578006
20 72 35.552951983393555
20 73 31.37596311023849
20 74 10.853743285697893
20 75 68.41436524390477
20 77 45.02992568575147
20 78 75.37998212310663
20 80 79.63319563500647
20 81 89.6843781666577
20 82 37.334744703044095
20 83 12.410094598511016
20 85 71.08275244136831
20 87 46.31801018408648
21 22 7.9880327098601756
21 23 5.619361394363469
21 24 71.79052416652101
21 26 46.62503913055717
21 31 90.57290094403558
21 32 80.0090815577908
21 34 6.997180238806255
21 35 38.638291776940584
21 36 99.38327824688707
21 37 56.953669335864845
21 38 61.878007094746124
21 41 94.90425290503838
21 43 72.27091659827646
21 44 81.54083249423583
21 45 47.31479651015024
21 47 15.510143321118939
21 49 62.948860564118476
21 50 15.369862163639647
21 51 70.89920235307088
21 52 98.76998224011
21 53 37.918693823037216
21 55 90.23127119983387
21 56 61.029723410704584
21 58 47.77129062584583
21 59 44.207202315605045
21 60 57.72685997344505
21 61 18.252678357134013
21 62 76.6503830539097
21 64 44.12536071709345
21 65 60.22560908899836
21 66 60.18181461350921
21 69 73.56792359913858
21 71 60.40865800890847
21 73 19.442556957028007
21 75 55.64593918304058
21 76 46.005904681378944
21 77 95.43625025033523
21 78 2.2710607983233166
21 80 79.15619359534703
21 81 70.4976274874556
21 82 58.76672135443168
21 84 92.84007123701713
21 85 90.37231822050438
21 86 30.049170367541965
21 87 22.218261623817952
21 89 24.03504634218836
22 24 62.7590978018982
22 26 64.95501991355621
22 28 73.77964524631507
22 29 60.46234448504084
22 30 48.56073730106114
22 31 65.86298709924476
22 32 30.291292366385296
22 33 45.565530581214546
22 34 67.12361627077274
22 35 26.930425174335817
22 36 35.89628177740893
22 37 91.13828994515927
22 38 74.21855644278396
22 41 65.4181352412278
22 43 42.73721521569601
22 44 87.02321304508031
22 45 34.0219000970443
22 46 25.618004238256674
22 47 71.05689463715004
22 48 60.532995130533024
22 50 36.90828556476749
22 51 71.04546235787265
22 52 45.05665463027276
22 53 19.41773102672208
22 55 65.62750370767246
22 57 31.12015100852473
22 58 71.50311667803858
22 59 57.86225002088434
22 61 97.08946715044142
22 62 3.399647910498418
22 66 46.00416013728888
22 68 44.81994233401041
22 69 97.03778868101892
22 71 96.94995363251013
22 72 58.806102445603706
22 73 6.390567101993022
22 74 24.34559034289618
22 75 41.93794173771129
22 76 1.8027269846647018
22 77 62.607340612353305
22 79 36.8602579501928
22 80 24.513468755924695
22 81 51.33875322986931
22 82 75.99706134536446
22 84 40.29681448938775
22 88 81.49978545597378
22 89 97.96925925904898
23 25 60.933741530587135
23 27 83.16103361329348
23 28 83.63365375856931
23 29 54.182835944590906
23 31 40.62448187531514
23 32 84.75438491279427
23 33 13.838777660115916
23 34 75.22761384416934
23 35 47.91520358069901
23 37 6.988035272208995
23 39 49.36916752513969
23 41 2.3519704382123487
23 44 61.3804617228358
23 45 14.437052498899229
23 46 95.9356083575394
23 48 98.87267135080805
23 49 58.09920092685273
23 51 1.6679835545119337
23 52 87.58670092579841
23 53 79.85935924218478
23 55 82.13643544544415
23 56 67.90198394123053
23 57 14.356466808835512
23 58 12.374448338546197
23 59 34.965288690234786
23 60 96.46886613967446
23 61 51.482880870476365
23 62 19.98470937867634
23 63 90.57336560099728
23 65 68.21473154882993
23 66 86.03878315736652
23 67 35.89693915748945
23 68 34.120874577463724
23 71 89.48227841853692
23 73 95.52282545675978
23 75 95.6685475539037
23 76 82.27104378671608
23 77 72.26598671876002
23 78 44.86856845716758
23 79 14.431113911836468
23 80 34.538300666612784
23 81 52.38992487427256
23 82 84.51625367686606
23 84 40.51313349997252
23 85 85.99694318411109
23 86 49.83287432334831
23 87 15.825908032620433
23 88 46.88703053154021
23 89 8.686339008157931
24 25 64.6786531401913
24 26 39.94411275988819
24 27 81.82741013022567
24 28 98.94982248730702
24 31 90.85687965016368
24 32 99.31086545145303
24 33 19.512654690014507
24 34 45.495194616684024
24 36 49.06964997565686
24 38 16.403199176651377
24 39 55.906595103794174
24 40 33.11051125729038
24 41 30.771504768398692
24 42 22.859465588829696
24 44 35.70668374358792
24 45 17.956308838348512
24 46 78.98742491705289
24 47 65.42557040766552
24 48 87.63602972990077
24 49 15.592072903326846
24 50 57.31195030021622
24 51 59.11790437645926
24 53 96.63679851198296
24 54 5.083192333675513
24 56 80.72424561876709
24 59 82.9436228251516
24 60 82.49551822326409
24 61 57.620779982330646
24 62 11.265672184548565
24 63 23.372759581241226
24 64 65.52290143197713
24 66 32.74653194571891
24 67 2.9062148242791284
24 69 9.167197084734521
24 70 16.248953770381053
24 72 12.202474610819085
24 73 72.79376101760597
24 74 93.15996738722588
24 75 10.038524055676039
24 78 93.29388625367889
24 79 94.1043445604648
24 80 31.78636118272893
24 81 56.45173461107579
24 82 94.57082033795447
24 83 67.11246426482388
24 85 53.25353692126045
24 86 70.25227116844326
24 87 69.33327324360987
24 88 42.53930830924296
25 26 6.0278603327552185
25 27 78.89597079013673
25 28 2.306840272719499
25 29 35.001257939415325
25 30 87.0737653197538
25 32 37.997550424741
25 33 55.1339787810528
25 34 63.525182478064366
25 35 14.5015808291002
25 36 67.66693289140129
25 38 12.265145149217462
25 39 74.96950127672
25 40 32.20727687575058
25 41 93.86286578263268
25 43 99.09269697035057
25 44 53.064013566662815
25 45 98.18973484835641
25 46 40.50852478842795
25 47 35.505872563911964
25 48 67.63768182524171
25 49 18.023194961891086
25 50 2.8836846971597283
25 52 4.974259989710498
25 54 78.53867771859225
25 55 86.03243476033242
25 56 48.680687098624375
25 57 44.41554123175013
25 58 99.72877852966514
25 61 90.57579777583834
25 62 50.96870716685613
25 63 56.7185499756061
25 64 21.989403624441245
25 65 10.648438904213938
25 66 91.90542616476027
25 67 98.44424335743668
25 70 36.76927591057611
25 72 8.209829320642163
25 73 10.346149712508078
25 74 32.78055366011272
25 75 38.64466494564416
25 76 10.701597901866583
25 77 35.76787657176342
25 78 79.23210679716969
25 80 3.557589673029037
25 81 22.963092198096266
25 82 63.41483410785196
25 83 7.463126999973575
25 85 78.87479303718683
25 86 45.05284036738221
25 87 24.560802933255594
25 89 2.94373874254822
26 27 94.63002492111814
26 29 88.33045232458532
26 30 84.59309121264384
26 32 77.5653443730515
26 33 26.360889059177993
26 34 66.40598841721139
26 35 70.83213009941048
26 38 92.95815008892573
26 39 8.490553447541851
26 40 98.78896831936076
26 41 62.96478460532988
26 43 31.153260100097917
26 44 1.5103164910783664
26 45 89.30489554783122
26 49 22.659493812940674
26 50 84.87380758458424
26 52 13.807979031421514
26 53 97.8334949329196
26 55 29.977511200356506
26 56 8.531745975177639
26 57 5.164097669123178
26 59 42.946568875508426
26 60 72.08162633795487
26 61 79.20103888888103
26 63 71.07245142482907
26 64 5.605874271133422
26 65 29.71025788105846
26 66 48.36951836599047
26 67 79.87090712708584
26 68 6.09066111808455
26 69 19.750566017028433
26 70 58.41517812904537
26 71 53.26361519625606
26 72 40.455109730002484
26 73 15.38426217086617
26 77 50.97499097291785
26 78 8.824273611861171
26 79 64.7703892252787
26 80 83.24098375613075
26 81 24.613711105535344
26 82 22.12470474624398
26 83 61.08442054425932
26 84 63.40218967034119
26 86 55.334067202515776
26 87 84.38007759006221
27 30 95.92353017574979
27 31 98.89858357195465
27 32 67.37201105284161
27 33 2.9853474490407117
27 35 5.2975486709268
27 36 88.97890939213092
27 37 62.96347943996448
27 39 79.72028662056381
27 40 46.299316563823204
27 41 15.491664649405749
27 43 56.93968462200981
27 45 53.15320433944909
27 46 34.77288832137785
27 47 67.70402020881185
27 48 48.60313813515998
27 49 30.218136074234042
27 50 12.3012886252949
27 51 72.66357898005658
27 52 50.19434147827818
27 53 49.85687928359694
27 54 13.936777840876035
27 56 20.833468410877682
27 57 33.198796978875315
27 59 17.57663878069013
27 61 93.50444778731658
27 62 34.59850258003409
27 63 16.613351747365478
27 64 26.260613978449644
27 65 56.589741748672886
27 66 2.8415008759550506
27 67 73.11460689198194
27 68 75.28562531926754
27 69 39.11185822000579
27 70 93.46770005888351
27 71 34.79759446770423
27 72 86.98880474525006
27 73 81.12370538656366
27 74 53.36316704249156
27 76 8.280363633892863
27 77 37.981853207581075
27 79 56.166105685742586
27 80 86.68663336962157
27 81 59.15818831338565
27 82 95.5450837830076
27 83 67.40797962143094
27 84 39.46568019128172
27 85 85.6476797319346
27 86 85.24707041844404
27 87 7.3861917621017446
27 88 61.00497641452745
28 30 8.77433144153027
28 31 45.12506902705178
28 32 13.441857131283461
28 34 10.070414590240038
28 35 46.691978634746164
28 37 7.064745217802951
28 38 24.05855721680235
28 39 56.09275460773814
28 40 88.93882148160529
28 41 40.838334304222386
28 42 82.37854013579626
28 45 76.74344254814201
28 46 59.46021082248473
28 47 41.80474273079675
28 49 16.466683443424916
28 50 50.51815122833822
28 51 87.38303534324704
28 52 84.04717414210388
28 54 79.20979572800097
28 55 94.6910396189215
28 57 50.24349884071943
28 58 76.95280136107495
28 59 14.746073608768228
28 61 69.23426423061534
28 62 79.61282153559647
28 64 80.96999082414749
28 65 16.89647533252621
28 67 66.01318026610014
28 68 24.721206582023793
28 69 88.4893595701391
28 70 10.5956762347991
28 71 76.63139929324525
28 72 12.901365386370157
28 73 76.97956538490233
28 74 53.14071335871653
28 75 65.39378957587621
28 76 39.949764320824556
28 77 96.91915888872434
28 78 21.43112371740866
28 79 90.24012678418335
28 80 78.32384513496153
28 85 3.581411622158022
28 86 9.685955180846106
28 87 95.63901926483646
28 88 95.09805995325787
28 89 56.22538747745929
29 30 9.05025629775384
29 31 21.829805016548164
29 32 97.7373124003588
29 33 7.080104330489348
29 35 24.45006438654465
29 37 10.526542716952736
29 40 93.45361794568124
29 41 68.13766657557291
29 42 76.02838453709285
29 44 51.285393446428785
29 45 69.24158779649518
29 46 88.26800867024798
29 48 48.43656609462993
29 49 55.875977989530845
29 50 66.39183242856895
29 51 74.90837603374925
29 52 14.467751414135517
29 53 66.31374447854897
29 54 67.53745630501086
29 55 21.063825153253482
29 56 77.8887965264971
29 57 98.93407645291431
29 58 73.20384847764394
29 61 14.111124206356923
29 62 47.52945797982436
29 63 1.485030799374515
29 66 32.09722342273719
29 67 47.972220682049496
29 68 30.804088518755652
29 69 99.02345736712748
29 70 70.11004319124639
29 71 23.31202886884403
29 72 26.43176010409792
29 73 6.942473500739444
29 74 47.28726060254832
29 75 57.5208695024792
29 76 71.73232240376782
29 77 35.80872069559106
29 78 50.83947121783052
29 79 33.90500425783299
29 81 18.965252271248378
29 82 11.734823175878573
29 83 74.34720131445381
29 84 53.72718333468161
29 85 70.42204682449162
29 87 10.166315272256096
29 88 17.19983132589064
29 89 11.463321962915034
30 33 74.87784134108072
30 34 34.3331223584277
30 35 73.11321948573536
30 36 96.18417162374458
30 37 5.632893284589547
30 38 62.19025867392338
30 40 90.30087275397764
30 41 82.0742688921956
30 42 4.173467938616775
30 43 20.60008437484944
30 44 43.5969495931667
30 45 30.88401224246356
30 46 49.73193787042491
30 47 7.773177905120502
30 48 4.987548964630159
30 49 23.346508546097393
30 51 78.89820171163556
30 54 29.489077799227633
30 55 45.02042568815129
30 56 65.28912137969712
30 57 75.95358273656649
30 58 78.35617939019923
30 60 61.810887079053636
30 61 96.32759841863177
30 62 6.74675757282296
30 65 23.675700622164626
30 66 77.27025675041656
30 67 9.721634775945379
30 68 62.93162491816111
30 69 52.77081680679103
30 70 64.90765438259149
30 71 30.223868652126775
30 72 33.634260037422656
30 73 65.58659725235565
30 74 34.13714692955657
30 75 85.3168121142933
30 76 45.11342481651005
30 77 90.02314907824254
30 78 36.919140651136786
30 80 7.52725221731962
30 81 40.83298441632586
30 82 26.710285039491502
30 84 51.061185862809424
30 85 92.92907123468964
30 86 14.58594513927791
30 87 55.59949121976522
30 88 37.22063221902215
30 89 77.99427868618125
31 32 29.482267769903967
31 33 39.535332129738954
31 34 14.059232598109103
31 36 15.45830570760593
31 37 94.91230629553813
31 38 19.237688750491294
31 39 52.41525724528831
31 40 94.1236774640778
31 41 88.44960324867006
31 42 44.426912408265956
31 45 85.25468177729392
31 47 90.37352556810824
31 48 80.02561224763183
31 50 45.525395054121844
31 51 31.848792076295165
31 54 60.97591926356698
31 55 34.43150651597721
31 56 68.9652048503649
31 58 22.595747043218754
31 59 58.75981335408084
31 61 92.13293547174335
31 62 2.795309675639672
31 63 95.85328683886492
31 64 4.864441507165013
31 65 2.862165054046217
31 66 46.47607773161825
31 67 36.541129181021496
31 68 21.598267926490294
31 69 31.704015413880082
31 70 29.703263407209533
31 71 94.15655577625536
31 72 71.69654741424861
31 74 76.23906025486123
31 75 7.126667971430881
31 76 8.954848236467315
31 77 74.70681552500501
31 78 98.34247083501661
31 79 39.70643673657662
31 80 72.50472656093389
31 81 75.95888271920367
31 82 16.112347406150313
31 83 15.703810130303319
31 85 37.31430168292385
31 86 60.56585271968247
31 88 35.255351663096135
32 33 97.52017339697875
32 34 96.62849520856328
32 35 75.58273739412438
32 36 61.29733998542934
32 37 10.200018912247899
32 40 50.47395191512737
32 42 94.78729031195856
32 43 22.192403935332177
32 45 15.704693577058338
32 46 75.13540865752474
32 48 59.58406423571395
32 49 84.49785525474381
32 50 70.76222409927654
32 51 86.74604824267709
32 52 96.72488625429753
32 53 66.5494055489466
32 54 8.26459525998132
32 55 34.66497558082539
32 56 89.39384082257443
32 57 49.150463311496594
32 58 32.31633435132951
32 59 77.53566057825864
32 60 22.96860570260104
32 62 83.75492304105396
32 63 43.68660693476059
32 65 51.34114207575355
32 66 11.229709559623906
32 67 12.037714954541498
32 68 64.16870482381209
32 69 18.94024669577762
32 70 95.09484048636341
32 72 92.08680644034442
32 73 79.81176944916496
32 74 58.42656020509477
32 75 96.53925424191482
32 77 83.67044958168101
32 80 64.14505752367388
32 81 36.03839349520307
32 82 35.722657332841024
32 83 11.73279480133971
32 84 54.75571996332391
32 85 15.31009445085463
32 87 32.925373525440556
32 88 12.610155199063078
32 89 94.31263513478652
33 35 33.8160395073209
33 36 58.326229011047
33 37 10.565119948351645
33 38 37.19295768678653
33 39 1.694861824071813
33 41 67.71548748593639
33 42 1.042860051543256
33 43 62.09421364237755
33 44 32.34709244932057
33 45 38.04482783908612
33 46 29.286458092691454
33 47 98.94520477428293
33 48 52.21349180961288
33 49 2.087128214549785
33 50 78.27396078968904
33 51 3.4247604357184556
33 52 43.11851968668312
33 53 60.346176609046026
33 55 60.11646178719036
33 56 29.19269856605646
33 57 25.780647212688827
33 59 61.34357806346844
33 60 93.81641591680484
33 62 84.66515587469266
33 63 4.54668417176991
33 64 35.50279422029919
33 66 4.372802733436567
33 69 12.247106136310713
33 70 26.25530391021905
33 74 67.87807195691225
33 75 16.972594245139234
33 76 36.88130858400763
33 77 15.339708572152112
33 78 10.474600893160062
33 79 38.7407864245443
33 80 59.99348064066201
33 81 19.035398373817426
33 82 15.602412830934187
33 84 97.75124075228192
33 85 60.20664391747373
33 86 44.40284280428575
33 87 22.618042265824528
33 88 5.9075221104065845
33 89 61.55515237175275
34 35 52.09067294210763
34 37 48.904498191833476
34 38 67.62142865694807
34 39 83.99186742486374
34 40 61.61730410617926
34 41 48.12257735133288
34 42 30.18968602853483
34 43 27.1885845081636
34 44 36.59520730780588
34 45 33.94780840277402
34 46 2.178704509865006
34 47 8.163653693322255
34 48 7.381533502640649
34 49 49.62948258285883
34 50 69.8020137389094
34 51 26.118151358963008
34 52 63.935612624539694
34 53 57.86101679776443
34 54 12.889278638423576
34 55 35.86506376325877
34 56 72.90438046453704
34 57 61.839700077604654
34 58 54.8614934706045
34 59 65.65234540609893
34 60 99.1027850252016
34 61 53.64795039378825
34 62 72.31108640609324
34 66 25.555152783553215
34 67 60.59876907137026
34 68 51.04369816455187
34 69 58.26954236550807
34 70 72.53629622137873
34 71 38.14206527560782
34 72 3.3269282582664808
34 73 78.42331676221185
34 74 74.2038569109301
34 75 71.21219054527899
34 77 57.19481824952211
34 78 62.1950791453671
34 79 61.46690438854704
34 80 28.141982912075186
34 82 34.41353132858184
34 83 34.425811331060125
34 84 58.354363288907344
34 86 30.533749042157527
34 87 7.562042381873922
34 88 73.91843079758797
34 89 42.70339429134403
35 36 49.37988776482855
35 37 32.610507406018165
35 38 33.45084420433146
35 39 78.25804353541034
35 40 52.84496803979884
35 41 14.370580583846014
35 42 75.44815191273837
35 43 65.49016366670715
35 44 57.77870279922933
35 45 7.132350801028923
35 46 42.506025544141984
35 48 27.33335645788458
35 49 15.11373630712043
35 50 31.921780136559686
35 51 19.682491122887036
35 52 39.27858406748994
35 53 64.98463245068677
35 54 39.19532084293084
35 56 31.599439597193513
35 58 73.54926039505753
35 60 80.94175736923584
35 61 14.31361619968664
35 62 77.15322426380818
35 63 22.39245422700864
35 64 40.47793246252417
35 65 87.80507967551283
35 66 48.50420077403332
35 67 24.055596854569046
35 68 22.101994574486728
35 69 48.12854098529627
35 70 59.45599473408369
35 71 91.3456315407431
35 72 13.966391824440846
35 73 59.454544360520806
35 74 2.6135213845079104
35 75 17.091293754253535
35 77 75.14326121488362
35 78 34.136162802329665
35 80 73.12185198480829
35 81 81.27600511914603
35 83 46.94900084002224
35 84 94.90878420346412
35 87 34.76210923600088
35 88 59.38360383592553
35 89 43.868250605087184
36 37 17.137453000456464
36 39 68.39395846509474
36 40 56.59878771378368
36 41 19.30163341663647
36 42 97.13794946221516
36 43 38.03276311930916
36 44 14.881888996408936
36 46 1.3681323422097091
36 47 46.84483743604557
36 48 17.320277857008143
36 50 93.37203806500752
36 51 30.441246822609084
36 52 15.552855313320721
36 54 1.1594881689280783
36 55 73.13062360613716
36 57 3.5096120044133916
36 58 29.702913850032278
36 59 82.76753218246988
36 61 43.27058819345602
36 62 18.958809806068995
36 63 62.977456190397696
36 64 4.989789494287665
36 65 68.12781985643241
36 66 69.43094912907586
36 68 34.70333658175527
36 69 69.89921321358449
36 70 6.040130779753412
36 71 79.8426208895253
36 73 13.560570824345069
36 74 16.638734842415467
36 75 76.24180941033462
36 76 83.55129166576313
36 77 12.550081281362377
36 78 13.670997301790885
36 80 90.12450233017553
36 81 47.766917904558795
36 82 56.20500359386911
36 83 66.1135827977381
36 84 41.07841408483577
36 85 49.48574415366208
36 86 70.11950100526164
36 87 17.264994912687882
36 88 58.17717763249651
36 89 3.903074425552356
37 38 31.110534277956287
37 39 74.29249840234674
37 40 56.49228068532254
37 41 54.419393948606455
37 44 85.68465732883938
37 45 31.216201867938015
37 46 7.185476978750888
37 48 72.63273997483465
37 49 15.599682208994293
37 50 64.00142804416778
37 51 50.061175548650844
37 52 12.114412410662714
37 53 6.9096269819012575
37 54 26.912625554425546
37 55 93.3857708971402
37 56 61.37036818357548
37 57 18.613404795780845
37 59 98.41427793690563
37 60 98.73659180662224
37 61 32.153590952591045
37 62 97.21940241834223
37 63 70.6374581024032
37 64 49.41333529932021
37 65 58.030962260722454
37 66 71.74004065998709
37 67 54.82619676917499
37 68 1.1559883463438938
37 69 24.79251784076943
37 70 32.860333583350354
37 71 36.72606341652121
37 72 10.546794647000512
37 73 37.96559909781544
37 74 69.58409518849363
37 75 82.1620875250373
37 76 27.949160409817562
37 77 34.78736095037564
37 78 52.035373905698165
37 79 54.32641958557923
37 80 26.33061541585378
37 81 12.761832344888248
37 83 87.87408836174355
37 84 1.2151143484644922
37 86 56.30013188054469
37 89 63.308395170986984
38 39 53.21013586244869
38 42 98.8215564250174
38 44 96.22709919638316
38 45 55.103415337419115
38 46 86.35424121456929
38 48 23.23695367520383
38 49 18.858880229398654
38 50 58.12733109577566
38 51 21.88877853808734
38 52 10.615204885959196
38 53 55.50557966275283
38 54 64.93102403786303
38 56 6.766818018876287
38 57 94.46715001011324
38 58 85.63625334426727
38 59 64.78754220145689
38 61 6.796158974401932
38 62 4.629205211174747
38 65 19.4070055097332
38 66 89.56067880090595
38 67 57.99868913606233
38 68 58.89943761591346
38 69 64.44951058599284
38 71 62.960466327540985
38 72 81.11902871617455
38 73 36.28192938425632
38 74 62.674725853594225
38 75 22.374976479331202
38 76 67.44963042601515
38 77 48.45016602470224
38 78 14.875824887849136
38 79 67.71175544001743
38 81 59.07874063574704
38 82 41.216889506327774
38 83 81.50009470274928
38 84 16.567802833776877
38 86 89.24042750831698
38 87 48.87652611829679
38 89 75.93168576452318
39 40 91.84105202681937
39 41 83.22502695971879
39 42 24.93271045527034
39 44 21.947803695024767
39 46 63.12568421289329
39 47 59.21349150694209
39 48 69.29817348379669
39 49 82.03631041045698
39 50 12.640828055428731
39 51 21.15541462080684
39 52 42.54882991112643
39 53 52.728912709123065
39 54 71.55517475936246
39 56 24.398271529766344
39 57 86.22519716632809
39 58 24.109569016873305
39 59 72.96103273688365
39 60 76.04570733866336
39 61 73.27152494421507
39 64 98.56941427893143
39 65 79.91722116621804
39 66 4.277775928737938
39 67 41.48712086407267
39 68 65.63766490440234
39 69 87.08507682629447
39 70 44.41752873202688
39 71 56.0382442381548
39 72 8.703579211387312
39 73 94.09207184358225
39 74 14.452172873177656
39 75 96.91830115066546
39 76 31.437120176893863
39 77 3.999547075776419
39 79 58.403957529396244
39 80 86.72877671130263
39 81 7.978796440130322
39 82 43.13589915978958
39 83 95.87196343248561
39 84 80.69040591928035
39 85 15.302795819614238
39 86 91.82658942301694
39 87 70.71131369871074
39 88 46.82813159975285
39 89 74.10820419940784
40 41 35.48076787391805
40 42 47.93445747624144
40 43 23.07036513981801
40 44 16.640045814239187
40 45 7.708160795576204
40 46 77.02435889086442
40 47 14.960523110643697
40 48 84.18458815940625
40 50 38.31244807088256
40 51 53.191888169159455
40 52 49.78469795646849
40 53 64.1802733180454
40 55 44.409641586512265
40 56 39.93794773496395
40 57 71.83796724501218
40 58 26.653301704010744
40 60 40.218456351979725
40 61 92.81137983345145
40 62 43.830738428564906
40 63 74.56279768121307
40 64 27.374762581819237
40 65 34.16963019391752
40 66 88.34006451736842
40 67 63.97775269517117
40 69 42.15266664673029
40 70 39.629187250763245
40 71 97.80881258240672
40 72 87.59803538064286
40 74 74.78536645060377
40 75 43.99524725905296
40 77 45.981089309949546
40 78 96.7495178215232
40 79 81.88083133817811
40 80 30.797941000377566
40 81 2.366650803429298
40 83 33.09026861216564
40 84 80.5745292453474
40 85 9.7337633315993
40 86 40.55451764579049
40 87 16.737679028741383
40 88 87.71995900317742
40 89 34.18883496469621
41 42 91.60332695463745
41 43 39.83859079036263
41 44 29.837231336959604
41 45 96.63443987242455
41 46 91.75170599235129
41 47 16.147609957032696
41 49 95.0820270587762
41 50 40.93849580575676
41 51 84.3810398580834
41 52 54.4595838826304
41 53 50.76366739054185
41 54 53.08650325572832
41 55 42.91688671119692
41 56 39.95841607165174
41 57 48.36082156101899
41 59 18.814989052681742
41 60 12.619394668275998
41 62 71.46381247575485
41 63 28.993377662756618
41 64 40.16834315327991
41 65 54.65260757434051
41 66 1.2315877389862822
41 67 20.853435533637313
41 68 89.9274230365364
41 69 75.09048347802305
41 70 29.09710816746641
41 71 37.40429678292122
41 73 21.019558585452625
41 74 10.653582464513564
41 77 40.649259385949414
41 78 21.182807635093965
41 79 97.66057850546301
41 81 28.721805629151582
41 82 83.93925302810891
41 83 58.99511762373163
41 85 15.301631821835835
41 86 76.25580642460159
41 87 93.5763930917042
41 88 22.873368607196703
41 89 0.9659116932639088
42 44 30.00097868208539
42 45 8.333198030112527
42 46 75.82817705737992
42 48 73.08658923878342
42 49 90.18994026136562
42 50 29.777414404524407
42 51 47.96194407844855
42 52 77.61302283082823
42 53 34.197297221612274
42 54 85.03163874027021
42 55 86.79625672363115
42 56 57.72126812296541
42 57 16.433225774408154
42 59 29.383411321360374
42 60 3.7786644501120064
42 61 35.05939980861162
42 62 52.88521417366545
42 63 39.64320896535554
42 64 37.76290746650546
42 65 49.51201564545876
42 67 37.886274682284096
42 68 92.904424489073
42 69 81.23475653088042
42 71 33.39056709581224
42 72 54.357300585870625
42 75 13.204495142512764
42 76 47.32449753163263
42 77 10.978765217010226
42 78 18.1718683625392
42 79 90.92244978163608
42 80 40.522943110417614
42 81 29.062855581288616
42 82 83.86305227876667
42 83 90.8997539833882
42 84 70.95059266529267
42 85 1.682449785647891
42 86 29.210713871135507
42 87 23.934091749532534
42 88 94.18870969846876
42 89 50.339816820675274
43 44 24.292562262426337
43 46 19.100337153878517
43 47 57.93140507631803
43 48 89.23984705165873
43 49 94.65551953871086
43 50 36.733340238186514
43 51 8.054201014804027
43 52 48.45991305562051
43 53 66.97727660999861
43 54 93.60716398085118
43 56 22.39417892811616
43 58 50.623786074069564
43 59 36.63002126376768
43 60 48.184565940221646
43 62 16.597278440179796
43 63 29.608756428787533
43 64 29.343017959243806
43 65 74.82240999137433
43 66 35.87541277416107
43 68 7.578263683416547
43 69 89.07070244868096
43 72 16.35138638126785
43 73 58.76231445139595
43 74 59.79949812516121
43 75 87.9259092264248
43 76 9.655397079320513
43 77 97.61252187176862
43 78 16.985222915321906
43 79 89.43963331614462
43 80 70.19882014617248
43 81 49.97749284018461
43 82 45.14943902816744
43 83 19.588626248026724
43 84 96.69808726284178
43 85 55.94673385150678
43 86 92.93288393143416
43 87 4.32786263766772
43 88 57.91885540824271
43 89 78.60861277127249
44 45 52.26690177453264
44 46 81.48545008015832
44 47 55.598532835821665
44 49 15.178419398352746
44 50 74.48614100138073
44 51 10.940975714984479
44 52 14.966260234678503
44 53 56.843048690934395
44 54 17.86022840974988
44 55 3.379018040813521
44 56 48.42363211427935
44 57 28.614285005707995
44 58 14.792023432961159
44 59 54.31826913670962
44 60 63.0010002135673
44 61 18.876793369040094
44 63 76.37841057642719
44 64 60.266958967954906
44 66 42.4037369925507
44 67 35.23727354337202
44 68 72.69761838490491
44 69 44.92954384938195
44 71 29.90785745593555
44 72 71.69544713631008
44 73 55.01940674143097
44 74 72.13210071539716
44 75 47.53800805620368
44 76 71.79766347974729
44 77 52.811358011714134
44 78 97.38381761997266
44 79 90.45679479019707
44 80 96.07495704788303
44 81 66.76100832061002
44 82 1.58214176741953
44 83 27.22162014406712
44 84 97.93654872216291
44 85 24.156763487033874
44 86 39.77880181879936
44 87 94.87049772378622
44 88 62.482982409554936
44 89 2.2111633929784635
45 46 1.642437997756798
45 47 37.58240105360291
45 48 40.82509075263883
45 49 81.263102814785
45 50 64.409044615121
45 51 19.621287922079812
45 52 45.46942784330702
45 54 3.859623110385472
45 55 1.114560306711013
45 56 41.303756311950416
45 57 92.93456010038012
45 58 73.28269151502224
45 59 8.053293141601657
45 60 21.771522736406386
45 61 88.05522686306827
45 62 80.73874836934571
45 63 14.116261020541353
45 64 46.64950195850904
45 65 87.0113706956725
45 66 4.295156670214945
45 67 36.14783762680131
45 68 15.721936946219737
45 69 29.048162032936975
45 70 38.364595652154726
45 71 35.95857745809513
45 72 89.19286298111749
45 73 12.120733085442916
45 74 62.17987793071878
45 75 17.303372725559967
45 76 66.61893159262738
45 77 34.34039746624518
45 78 60.69576213506825
45 79 90.80449026707207
45 80 18.3299351601965
45 81 60.15805915835444
45 82 4.5446498714553005
45 83 71.40711269603435
45 84 45.73036630014542
45 85 95.82365300967294
45 86 33.18629968217952
45 87 71.72444914331494
45 88 50.48428770706702
46 47 73.54206114216872
46 48 60.118918837986385
46 49 55.00310862442356
46 50 19.894578714750928
46 51 50.37851683347155
46 53 16.31536409716716
46 54 54.107249890176945
46 55 1.065440816165441
46 56 41.46259635386163
46 57 20.62873509106634
46 58 17.260116696248154
46 59 1.6427468683859248
46 61 80.21187041090275
46 62 70.34860914898178
46 63 24.118896455939
46 64 29.251898216967177
46 65 14.422835540798385
46 66 80.35262495346845
46 68 7.29849386617993
46 69 89.63265624472078
46 70 48.84659457679093
46 71 72.42776430532435
46 72 76.07243225935865
46 73 16.787204182523553
46 74 37.994984028473695
46 75 15.44896886915107
46 76 44.11160808053778
46 77 42.17122568125366
46 78 66.43635699166654
46 79 57.29279170671311
46 80 50.18141094249103
46 81 18.072783212838043
46 82 26.89660331775659
46 83 53.40852051105397
46 84 69.3215231547299
46 85 94.89893326048708
46 87 58.168873594328495
46 88 62.53463778384594
46 89 91.14833213607795
47 48 18.08495865223676
47 49 15.050164248272218
47 50 45.836365856543644
47 51 91.10891729733244
47 53 70.13108000937044
47 54 69.55119743537975
47 55 73.99527202446119
47 56 66.3556086038055
47 58 68.10722366765236
47 59 64.13244800061685
47 61 5.828495422425915
47 62 48.18291839942334
47 63 11.397417744337382
47 64 62.49574876741684
47 65 26.60636495508334
47 66 71.38051733458701
47 67 52.74639426872378
47 68 18.895327019179586
47 69 14.45774189515694
47 70 60.72295974013946
47 71 87.00110786837502
47 72 97.78485716905985
47 73 63.82233887821557
47 74 58.641835348559255
47 75 47.761153959802286
47 76 19.392681370964052
47 77 97.33707548641378
47 78 82.88031693688947
47 79 89.75893114212853
47 80 30.46826214618828
47 81 87.2914708035722
47 82 42.252245090006646
47 83 1.5188576637069668
47 84 88.51689401789311
47 85 69.12191022591658
47 86 28.714038034824856
47 87 44.115789937952556
47 88 49.24257233104879
47 89 66.63303940113822
48 49 30.44843015142314
48 50 91.505110160001
48 51 89.49039172962651
48 52 95.9984015661342
48 53 72.33413660732904
48 54 43.50687300113983
48 55 75.73223205117002
48 56 91.39777999745849
48 57 7.666766432198837
48 58 59.52287363205209
48 59 39.21123100393505
48 60 9.158262955235676
48 62 37.22071260047951
48 63 3.092580655374539
48 65 76.66833435509278
48 66 64.66313428614582
48 68 75.45198244048403
48 69 79.37524426015949
48 70 97.82888871532701
48 71 10.313159609526643
48 73 4.641753191923284
48 74 92.14473149256814
48 75 95.23177073502112
48 76 71.05149370638581
48 77 1.2823092623189132
48 78 10.071077964283008
48 79 95.90548821716459
48 80 74.11109564133946
48 81 56.810576028269736
48 82 69.47709919022421
48 83 8.141520944060996
48 84 32.98736863029602
48 85 91.08269804551851
48 86 52.10384466703299
48 87 13.73247908415434
48 88 45.127408192656624
48 89 96.58015567739236
49 50 44.17543610426037
49 51 35.80568993304458
49 52 95.64242728436865
49 53 92.74606932044466
49 54 92.8614636981803
49 55 26.802907317773375
49 56 78.95117949241836
49 57 19.846103858362724
49 58 39.28711199556023
49 59 62.520784563399445
49 60 59.678463624999694
49 61 39.50351030894139
49 63 16.034907968849367
49 64 54.40762018304697
49 65 86.58087444838132
49 66 63.962565014672116
49 67 88.21260369586649
49 68 78.76640828014769
49 69 69.53092143883293
49 70 26.52346437189646
49 71 83.73034856520947
49 72 84.63502446767494
49 73 21.08517629440185
49 74 76.37650531378316
49 75 73.55579182461146
49 76 89.77844325167985
49 77 76.10259914653292
49 78 95.92639425708097
49 80 40.749785542364684
49 81 42.11196682332761
49 82 85.06352635638383
49 83 64.02375480943113
49 84 32.925426808984
49 85 40.18775357847745
49 86 10.95740888910693
49 87 7.488403708715155
49 89 22.972093562632303
50 51 30.250545128921935
50 52 95.48462917866676
50 53 73.89847692009735
50 54 12.965956995495532
50 55 7.686577719777897
50 58 58.74787439707363
50 59 30.333840061590426
50 60 29.31799449779399
50 61 29.571070661598345
50 64 82.06774700616573
50 65 46.800262466031384
50 66 13.04026811726966
50 68 49.74655634193052
50 69 20.61481209446275
50 70 80.21947202642819
50 71 60.581428037858714
50 72 82.4294650604344
50 73 6.244625812444968
50 74 94.37162896552947
50 75 6.302031052055199
50 76 50.98632946006899
50 77 84.04574827865952
50 78 47.391548312583794
50 79 10.490238527082472
50 80 36.824329129461404
50 81 83.49764033362202
50 82 84.19892376781236
50 83 70.28589229496757
50 84 77.62082141062022
50 85 99.57864584513749
50 86 64.83724435466024
50 87 32.66459547264359
50 88 79.70262262901876
50 89 57.104272664547295
51 52 55.434741132532224
51 53 72.08757568232103
51 54 96.24332640708201
51 55 46.135370658743405
51 56 23.87268201119156
51 57 16.990841238442417
51 58 18.242333341794215
51 59 83.34352703408707
51 60 47.87491314156691
51 61 70.85397630081223
51 62 74.2485706696449
51 63 19.02133676948006
51 64 2.5570790342605454
51 65 54.1500880364797
51 66 80.882745218816
51 67 69.7821683906422
51 68 77.87055793891874
51 69 67.51259789562414
51 70 56.92746616602799
51 71 4.927388291791176
51 72 17.575678034731208
51 73 30.651714928037517
51 74 6.009877900392022
51 75 66.21334902119682
51 76 14.643926163308286
51 77 55.18376407675418
51 78 11.204868654929529
51 80 40.71947869426516
51 81 18.795423338257372
51 83 85.4651439268094
51 84 86.05086955894586
51 85 45.37599720801295
51 86 66.68341540758115
51 87 66.267168559519
51 88 93.64700358582378
51 89 90.29454297690958
52 53 49.65232082868669
52 54 42.23102816303904
52 55 0.9341426452734387
52 56 62.11477404673259
52 57 89.13982436036984
52 58 61.79361101732584
52 59 91.64683922026998
52 60 45.18758508526765
52 61 2.416527258003097
52 62 31.356861219733297
52 63 14.931131738228549
52 64 14.73641512390714
52 65 47.935513909456176
52 66 33.929691442169165
52 67 43.388796458862856
52 68 89.15091376996595
52 69 9.925285050922692
52 71 47.196484326526814
52 72 4.209084785621754
52 73 25.901581225442687
52 75 38.26528047505347
52 76 65.46367044707765
52 77 18.792301056540847
52 78 86.80664685134029
52 80 75.69976884113548
52 81 76.68364793089452
52 82 2.9770001613852513
52 83 58.30872929682543
52 84 92.57060947101695
52 85 54.76517551467346
52 87 72.43251599474087
52 88 34.402172623155366
52 89 29.321245992676598
53 54 56.805062704952284
53 55 18.71290414691232
53 56 99.23494210395538
53 57 9.08137330353049
53 58 85.1318456989779
53 59 76.80520444888711
53 60 22.140046249631833
53 61 30.979216750806707
53 62 74.21908641641063
53 63 7.521737807771939
53 64 57.1752543244431
53 65 19.877571179545306
53 67 59.91054189362768
53 68 11.505848990926856
53 69 87.14948477828614
53 70 54.107794129492866
53 71 19.86482540168479
53 72 54.70569836784531
53 73 53.579130051914696
53 75 41.16833127314038
53 76 87.53340200478415
53 77 85.33011237845234
53 78 39.502853399013595
53 79 9.398241138949006
53 80 4.549774524702916
53 81 39.688338290994004
53 82 16.037264713993387
53 83 6.651289292018912
53 84 45.21679873881451
53 85 98.58255897912623
53 86 88.10420546868914
53 87 66.13054801545452
53 88 60.00727141271632
53 89 24.85128243637112
54 55 84.31834996601049
54 56 86.98991021807184
54 57 51.97231583367531
54 59 71.0178970089852
54 61 36.700995688284586
54 62 87.96646644752282
54 63 29.284147171539757
54 64 54.98859636952146
54 65 53.4449634748978
54 66 16.745642996425737
54 67 80.41174685753417
54 69 50.146758733487154
54 70 44.4301524393426
54 71 53.36882912240389
54 72 22.643272154217783
54 73 61.47201524323395
54 74 55.726316267822014
54 75 24.350701375420623
54 76 73.84656677387676
54 77 55.81467015871815
54 78 75.48385514063287
54 79 83.70445958261493
54 80 25.587434902439707
54 81 78.50059762196494
54 82 29.154960496338877
54 84 42.77628258988051
54 85 77.34401957306471
54 86 88.97566982721517
54 87 62.59621076091035
54 88 66.93751398881543
54 89 50.0714534837967
55 56 51.448582642532145
55 57 11.980006146653476
55 58 10.092383342601504
55 59 23.86674897709548
55 61 65.61647329399455
55 62 25.202068189931996
55 63 77.42196744604264
55 64 28.256071666382695
55 65 80.72687331928205
55 66 15.60657037334617
55 67 37.650527379433996
55 68 51.75960759271492
55 69 65.05016416019926
55 70 25.79007486136908
55 71 25.672024417284412
55 72 23.591879530897728
55 73 17.61094631940378
55 74 52.42183929874925
55 75 12.747147579959124
55 76 81.86511919540303
55 77 4.695376953989839
55 78 43.05079856884102
55 80 56.82735509346051
55 81 97.46001202435157
55 82 64.90917491627481
55 83 82.5424063379622
55 84 47.171542490316774
55 85 8.489253714521123
55 86 81.2110142739177
55 88 19.684314465557815
55 89 77.84879686413046
56 58 21.46501630431429
56 59 99.30517882011593
56 60 72.34743724129191
56 61 32.998676964499424
56 62 80.19171585407894
56 63 76.68019731730602
56 64 37.02155498570361
56 65 17.457889640324474
56 67 70.849358018133
56 68 29.38268709514616
56 69 44.395497235552135
56 71 82.56764305173068
56 72 70.4835227025583
56 73 12.904919113866672
56 74 7.441752107552416
56 75 7.093315316312592
56 76 94.45786079371425
56 77 26.044494220205266
56 78 98.32452682500794
56 79 93.47599267979656
56 80 14.790125542795575
56 81 77.37408584752124
56 82 47.30860902935871
56 83 75.92241370908594
56 84 53.0246425780907
56 85 88.93387289065696
56 86 19.399681607597007
56 87 30.270164265548953
56 88 77.0159475618277
56 89 24.882406889822885
57 58 68.47079150029322
57 59 67.32088968584559
57 60 82.954141259498
57 61 38.46329613609517
57 62 83.87359958208413
57 63 45.228589219058314
57 64 4.304349029094639
57 65 33.787572644039074
57 66 2.3242826543247967
57 67 93.30909095164283
57 68 90.09854824095099
57 69 97.57587804309924
57 70 88.60974327702772
57 71 6.728080150471804
57 72 42.61820467794817
57 74 10.17830012009681
57 75 16.126284613595914
57 76 29.317039970567865
57 77 64.15047901001378
57 79 65.78558589859894
57 80 82.34887222139504
57 81 74.72900989900684
57 82 94.80876838433481
57 84 18.897185062302995
57 85 96.87193541205876
57 86 98.38783360501364
57 87 56.15862974753569
57 88 42.31810415902846
57 89 31.608290938285133
58 59 50.113648419622166
58 60 74.0294660007819
58 61 90.83790820600254
58 62 54.18358140344893
58 63 35.4970845966518
58 64 21.224651013869323
58 65 8.367533240605331
58 66 79.60792094979895
58 67 64.7624282309855
58 68 42.52526862045067
58 69 25.065059954596475
58 71 58.681744504340756
58 72 1.6785637301001912
58 73 85.66795812280216
58 74 11.622006325483826
58 75 18.272195198921604
58 76 83.98668341044949
58 77 76.24545943030161
58 78 22.802399037543506
58 79 97.48257678927371
58 80 12.493736867868511
58 81 91.49344152348488
58 82 59.98814406352093
58 83 7.405840712362968
58 84 76.238563672239
58 85 61.932661288984924
58 86 55.86962256457889
58 87 40.855719414587064
58 88 16.81643048161096
58 89 32.63592968869538
59 60 90.98703517425237
59 62 79.52518502812192
59 63 51.095079987453644
59 64 34.564679561089626
59 65 60.65144972587734
59 66 68.59856351116395
59 67 89.48146174663158
59 68 65.67001827360534
59 69 75.4066229228372
59 70 37.96646227101206
59 71 48.128188842455366
59 72 9.233829604946305
59 73 36.99966770692939
59 74 86.403177307589
59 75 38.47923452300456
59 77 36.560849728237756
59 78 63.52152944792695
59 79 1.1110706228147855
59 80 69.06729034838597
59 81 67.57312303362357
59 82 16.26334640126116
59 83 95.74387000185173
59 84 43.2137602303866
59 85 43.38564555160838
59 86 62.308883994352435
59 87 45.312659812054875
59 88 35.611698315224025
59 89 68.11091443673106
60 61 3.5005353348283865
60 62 18.519555033358664
60 63 43.115467581043994
60 64 8.167351232359131
60 65 95.4660651286325
60 67 60.77405058093433
60 68 80.25350156348804
60 69 18.73391362361278
60 70 49.46838075853479
60 71 47.01930306270654
60 72 71.70711677476882
60 73 42.26532271422401
60 74 15.215875801818
60 75 71.63059035629537
60 76 22.725152729648038
60 77 80.36530068805038
60 78 92.84180050806187
60 79 27.824876873202875
60 80 81.35327297478233
60 81 60.39340759507338
60 82 30.29393310638849
60 83 6.89069058212461
60 84 15.431600482679336
60 85 4.958081051624888
60 86 47.808739023837106
60 87 67.75669737347717
60 88 80.95329171652199
60 89 39.2560143951783
61 62 36.738584416886525
61 63 12.639711972024454
61 64 53.440956206900964
61 65 18.995119056306233
61 66 7.721634684738726
61 67 70.45825883702743
61 68 2.9748564255829417
61 69 59.158005341202674
61 70 15.48880622477511
61 71 58.682240554525606
61 72 36.03108563381648
61 73 15.29260921420687
61 74 98.56126732832854
61 75 34.51621089501365
61 76 76.4345773697609
61 77 44.431115556009246
61 78 56.86625211018888
61 79 82.90720532148858
61 80 4.572860715111563
61 81 52.742105008572175
61 82 8.87662226229443
61 83 26.510352998596026
61 84 83.61029918100583
61 85 12.158019001798262
61 86 98.72235638243512
61 87 93.47011405850418
61 88 24.899236429355543
61 89 65.77059765728504
62 63 43.057553246935136
62 64 93.09411281774925
62 65 98.1144747889761
62 66 43.34467290250794
62 67 86.33138948461773
62 68 30.655822815556743
62 69 41.40663730880234
62 70 54.9983362631421
62 71 61.07919128719481
62 72 69.96806265323887
62 73 53.662702751633105
62 74 87.6814603889253
62 75 30.155876895617236
62 76 27.753291305006723
62 77 54.96049920602472
62 78 89.71322471691157
62 79 94.37321611800776
62 80 50.03938532219495
62 81 97.02760223354014
62 82 38.298754547132944
62 83 65.94022130182685
62 84 44.73163337847431
62 85 97.33844291870572
62 87 1.2240141535046989
62 88 3.857309269458765
62 89 68.58414143724995
63 64 87.67521422453545
63 65 34.058115546789786
63 66 86.94468717321347
63 67 43.97106179263047
63 68 83.98877904820715
63 69 43.636855189457485
63 70 43.12106236327448
63 71 13.764385466763347
63 72 54.08257055790931
63 73 82.87865151659719
63 74 89.41646383874541
63 75 2.5306700103784765
63 76 73.95211272442012
63 78 34.50891327426368
63 79 39.101224931666245
63 80 33.43016172754095
63 81 82.03094596386985
63 82 65.2406222147215
63 83 59.059330682391966
63 84 26.981816471360357
63 85 3.6910333000156843
63 86 65.0119171964009
63 87 99.05198401753694
63 88 10.679517512495856
63 89 43.60511656475282
64 65 79.32499752811115
64 66 3.1893587012481692
64 67 71.14160476445296
64 68 50.86883052026474
64 69 71.35283628719317
64 70 18.565684131764428
64 71 89.32908423492552
64 73 34.87091226567516
64 74 54.64107181478986
64 75 22.743663362083414
64 76 66.97500862156309
64 77 34.26700896038906
64 78 47.20569778732075
64 79 53.80068494050286
64 80 73.30938605992479
64 81 25.558866241513535
64 82 21.871533733275836
64 83 62.85072375882525
64 84 49.97011256804454
64 85 17.130499867831425
64 86 44.60812717837033
64 87 42.62973970220347
64 88 77.78859398773247
64 89 48.64673177255272
65 66 84.09440297343362
65 67 61.2814359332708
65 68 27.24523159570489
65 69 4.2245716053047975
65 70 31.755632183258285
65 71 65.60663303648536
65 72 26.754892557947578
65 73 8.073127953700952
65 74 70.4119209234737
65 75 84.3605350756873
65 76 33.62372854239496
65 77 1.3513780128309845
65 78 60.95757732534805
65 79 43.69755973495274
65 80 60.73207988591922
65 81 11.786629957251273
65 82 39.25485581042166
65 83 38.40352356610284
65 84 42.709036033790916
65 85 60.829426294358726
65 86 6.638857195679954
65 87 75.07663657100827
65 88 2.5603744639058243
65 89 23.747678581744957
66 67 75.33647185097362
66 68 67.01217459831156
66 69 75.13337563817936
66 70 84.17020467130695
66 71 42.26830667505657
66 72 13.780286586541704
66 73 86.84956304408101
66 74 54.10070114335547
66 75 43.22147907505126
66 76 29.742165045796792
66 77 61.45323630405245
66 78 90.82737037244502
66 79 46.498974539130224
66 80 97.88638489138476
66 81 98.51095089364885
66 82 68.46560244697423
66 83 52.90981705151928
66 84 81.33893317923031
66 85 52.7704649093271
66 86 76.29658980231332
66 87 66.81717788000546
66 88 91.72729170963247
66 89 62.54425343366117
67 68 21.368578223541135
67 70 90.1416558324677
67 71 45.77606630166282
67 72 48.362866728090985
67 73 88.19524216124523
67 74 23.47250237463773
67 75 83.95284637685975
67 76 85.52463516987855
67 77 70.74176673431555
67 78 31.330800634590496
67 79 4.101412682657136
67 80 74.08471336868922
67 81 40.11286961657082
67 82 95.89039284737919
67 83 45.61850706359814
67 84 37.8863191511777
67 85 15.720490997349561
67 86 16.0004745671876
67 87 2.8569404893363646
67 88 21.37099133189163
67 89 9.468472727890584
68 69 22.903374675001384
68 70 70.08380934772451
68 71 30.27731774826467
68 72 99.41060762388818
68 73 60.266540318262976
68 74 93.73227762476198
68 75 88.09753913171957
68 76 75.28846113031994
68 77 98.92827703443483
68 78 49.65151300794922
68 79 85.14803913793747
68 80 78.98901806741851
68 81 74.66588930039856
68 82 10.075085620079761
68 83 50.27744404387775
68 84 31.299495145735918
68 85 45.92446982101277
68 86 27.91756599572171
68 87 49.84950622660878
68 88 57.481254951346166
68 89 71.13197693037549
69 70 30.457703372410187
69 71 37.057236867942244
69 72 69.74174635664158
69 73 91.2692331838255
69 74 43.04685858371039
69 75 67.11575962663791
69 76 97.27234788018349
69 77 49.121882551756094
69 78 81.01779692596503
69 79 47.61512730456371
69 80 65.63418016742182
69 81 76.20826117955771
69 82 55.429781199058475
69 83 86.15739230637993
69 84 2.5135277717492146
69 85 16.619234017191143
69 86 11.281727314495312
69 87 15.705238389775843
69 88 33.87103867419525
69 89 52.443244465162515
70 71 18.02038306390838
70 72 96.40018913330586
70 73 69.94063722053144
70 74 43.90196704976097
70 75 65.56562490112002
70 76 31.891489523794938
70 77 56.526459906672265
70 78 36.677973784609286
70 79 36.831231158246204
70 80 58.72661769031736
70 81 65.86693251581704
70 82 23.862279457232997
70 83 39.44216004781079
70 84 52.504577114423654
70 85 42.68474856446161
70 86 39.63519662354509
70 87 47.31932145435838
70 88 89.19051722380388
70 89 51.03264594320717
71 72 13.095662784774596
71 73 93.96104913784316
71 74 49.695802473346326
71 75 6.085184744802487
71 76 1.8424711202727886
71 77 58.34457867560463
71 78 33.57421704361171
71 79 81.93278363134321
71 80 3.4028989918624175
71 81 67.25185052652549
71 82 47.464039047028024
71 83 93.3628790431194
71 84 28.005711717716302
71 85 23.728627649902926
71 86 37.39347870194807
71 87 64.19217723036357
71 88 64.56662555613529
71 89 7.1994417461708275
72 73 35.33945897204313
72 74 57.244108494304946
72 75 67.62807757604214
72 76 61.16283898568159
72 77 90.2235330539963
72 78 91.10852445976158
72 79 91.149678048665
72 80 34.31488030322556
72 81 49.53246091210034
72 82 74.85615560438234
72 83 67.3569295225432
72 84 18.57054109697313
72 85 68.00013755940194
72 86 75.24928231942701
72 87 16.56404590002159
72 88 87.16059272401317
72 89 3.0718694411186727
73 74 24.989938989366596
73 75 85.20311026475406
73 76 26.55252982904066
73 77 6.599576157577471
73 78 89.31575032269615
73 79 2.7129375628221397
73 80 92.4513293468001
73 81 61.221871970814014
73 82 24.323033921340436
73 83 26.11514523540102
73 84 3.999795704105805
73 85 27.307773837431647
73 86 79.38819624218813
73 87 55.35778272283593
73 88 96.33158759920272
73 89 94.68396357848017
74 75 84.42196538221542
74 76 98.46791277348983
74 77 9.619874194304783
74 78 67.96779616099928
74 79 64.4306083853215
74 80 65.44319316391768
74 81 11.902164710339814
74 82 89.23174432551833
74 83 83.40664520476564
74 84 61.98990418515742
74 85 1.8606625359872562
74 86 38.1403360746684
74 87 48.14970810562729
74 88 57.0682746023465
74 89 9.781259105490358
75 76 40.68073096871951
75 77 73.93961750394782
75 78 87.62126854993602
75 79 22.33539494114248
75 80 42.468997689600265
75 81 71.71777497243716
75 82 37.01220669672246
75 83 4.045188884137352
75 84 38.56334563480694
75 85 83.02355737579212
75 86 19.622420309733954
75 87 76.40382507487737
75 88 27.571831622367906
75 89 85.0628722475977
76 77 62.105353024425014
76 78 60.19927422881038
76 79 51.90978713057464
76 80 43.70065865149816
76 81 44.07894960883973
76 82 44.66190357938162
76 83 51.19837154055227
76 84 33.37371627340338
76 85 49.85454174750231
76 86 74.2325067234893
76 87 18.206212956235795
76 88 53.233666302906684
76 89 36.947871582860415
77 78 61.47152177863676
77 79 26.79238415821866
77 80 15.589015521788847
77 81 41.41114957792903
77 82 20.268706891272174
77 83 72.37861459881945
77 84 2.760706237261619
77 85 34.3000522966497
77 86 88.08462489086618
77 87 46.691217807409295
77 88 31.276060696776785
77 89 96.4099633077274
78 79 51.04766028787697
78 80 46.39589654059088
78 81 79.70479394797462
78 82 94.93316978101132
78 83 65.26108142049516
78 84 70.12011125725775
78 85 59.67662403061104
78 86 10.655198226885185
78 87 97.48385208716549
78 88 26.951273756868265
78 89 61.63594896184754
79 80 68.96617171876912
79 81 45.42995067972073
79 82 13.960978579165841
79 83 84.28099473619416
79 84 21.907575962123175
79 85 92.27832825410832
79 86 38.87489600278963
79 87 46.48392937157634
79 88 80.77920834130578
79 89 38.382571048647705
80 81 8.0421737782043
80 82 80.28608770219272
80 83 72.95508649514076
80 84 20.913637516465815
80 85 78.83300476317179
80 86 8.186508401374464
80 87 47.03763763722228
80 88 75.2788024990932
80 89 14.579635046338698
81 82 23.63496109532698
81 83 10.70004496384446
81 84 80.87582294922066
81 85 83.00110552964772
81 86 7.949486464328544
81 87 49.78106233106224
81 88 41.55256754860995
81 89 13.081258639734456
82 83 19.753586146442395
82 84 59.55463480981505
82 85 21.30702556666472
82 86 43.16286392688841
82 87 77.5947698734325
82 88 10.187422649031271
82 89 4.421893077128888
83 84 77.29735572936787
83 85 7.16042077358042
83 86 57.34852303971413
83 87 41.59055109457304
83 88 41.37002183923053
83 89 97.38791651254395
84 85 93.35848929089336
84 86 92.55934349437295
84 87 82.29485159529308
84 88 97.55411951827597
84 89 54.31725750368176
85 86 73.56958926934183
85 87 53.51281929636717
85 88 71.7555837324706
85 89 64.71357251470785
86 87 77.79405959382161
86 88 31.1546544936504
86 89 18.236233445345388
87 88 53.65068615661608
87 89 25.089787176861186
88 89 18.306673633572174
