Name: 200-30-45
Time: 14.74409818649292 
Result: 33052
Solution:  24 14 47 44 36 17 33 36 32 43 4 36 35 14 22 9 8 24 48 7 4 46 50 29 47 22 51 5 29 19 11 36 13 5 16 35 3 32 25 39 24 31 41 10 26 33 22 29 22 12 26 46 19 40 44 32 15 20 45 16 36 18 42 43 40 50 25 39 17 46 12 11 8 49 12 6 50 8 11 36 43 50 19 20 9 7 50 22 26 39 42 21 15 19 45 48 28 23 13 35 30 5 23 25 41 18 43 7 44 41 32 3 24 14 8 50 25 48 11 30 31 47 17 39 27 9 9 36 14 38 4 18 37 38 38 25 26 9 33 23 32 11 51 35 41 36 11 21 4 15 47 49 17 10 39 47 10 26 29 37 29 15 52 3 19 47 17 11 41 14 6 48 26 31 15 28 42 4 51 43 28 7 31 48 32 40 26 34 45 23 27 37 42 19 6 42 4 15 20 44
0 : [] (0)
1 : [] (0)
2 : [] (0)
3 : [36, 111, 163] (35)
4 : [10, 20, 130, 148, 177, 196] (30)
5 : [27, 33, 101] (30)
6 : [75, 170, 194] (39)
7 : [19, 85, 107, 181] (21)
8 : [16, 72, 77, 114] (35)
9 : [15, 84, 125, 126, 137] (30)
10 : [43, 153, 156] (35)
11 : [30, 71, 78, 118, 141, 146, 167] (31)
12 : [49, 70, 74] (31)
13 : [32, 98] (40)
14 : [1, 13, 113, 128, 169] (30)
15 : [56, 92, 149, 161, 174, 197] (30)
16 : [34, 59] (45)
17 : [5, 68, 122, 152, 166] (25)
18 : [61, 105, 131] (45)
19 : [29, 52, 82, 93, 164, 193] (32)
20 : [57, 83, 198] (30)
21 : [91, 147] (30)
22 : [14, 25, 46, 48, 87] (31)
23 : [97, 102, 139, 189] (36)
24 : [0, 17, 40, 112] (34)
25 : [38, 66, 103, 116, 135] (32)
26 : [44, 50, 88, 136, 157, 172, 186] (25)
27 : [124, 190] (43)
28 : [96, 175, 180] (49)
29 : [23, 28, 47, 158, 160] (35)
30 : [100, 119] (31)
31 : [41, 120, 173, 182] (38)
32 : [8, 37, 55, 110, 140, 184] (36)
33 : [6, 45, 138] (36)
34 : [187] (32)
35 : [12, 35, 99, 143] (39)
36 : [4, 7, 11, 31, 60, 79, 127, 145] (41)
37 : [132, 159, 191] (36)
38 : [129, 133, 134] (45)
39 : [39, 67, 89, 123, 154] (45)
40 : [53, 64, 185] (40)
41 : [42, 104, 109, 144, 168] (39)
42 : [62, 90, 176, 192, 195] (52)
43 : [9, 63, 80, 106, 179] (44)
44 : [3, 54, 108, 199] (32)
45 : [58, 94, 188] (35)
46 : [21, 51, 69] (35)
47 : [2, 24, 121, 150, 155, 165] (43)
48 : [18, 95, 117, 171, 183] (46)
49 : [73, 151] (35)
50 : [22, 65, 76, 81, 86, 115] (33)
51 : [26, 142, 178] (34)
52 : [162] (2)
53 : [] (0)
