Name: 200-50-80
Time: 14.320180416107178 
Result: 14073
Solution:  17 17 12 22 12 28 25 24 7 3 15 22 19 20 4 21 33 12 23 4 7 31 25 16 24 20 4 16 4 16 10 22 21 18 31 32 4 8 10 17 31 14 22 30 20 17 10 33 15 7 14 15 32 12 14 5 27 24 13 31 25 21 5 16 30 30 3 18 4 5 14 18 19 35 17 17 25 12 26 7 27 28 6 21 11 6 29 27 20 29 6 21 22 14 23 11 29 24 11 33 8 15 6 30 28 12 25 13 8 27 24 16 19 4 14 20 4 32 27 6 27 32 7 25 4 11 16 20 28 24 5 18 21 30 20 26 9 3 28 28 13 20 29 12 21 6 12 21 6 11 15 6 20 3 18 24 18 13 6 16 29 3 10 27 16 9 12 31 16 28 26 33 30 23 25 23 11 6 13 33 7 12 24 19 7 20 19 24 28 8 18 7 33 12 17 27 17 23 27 26
0 : [] (0)
1 : [] (0)
2 : [] (0)
3 : [9, 66, 137, 153, 161] (54)
4 : [14, 19, 26, 28, 36, 68, 113, 116, 124] (41)
5 : [55, 62, 69, 130] (50)
6 : [82, 85, 90, 102, 119, 145, 148, 151, 158, 177] (49)
7 : [8, 20, 49, 79, 122, 180, 184, 191] (53)
8 : [37, 100, 108, 189] (55)
9 : [136, 165] (64)
10 : [30, 38, 46, 162] (63)
11 : [84, 95, 98, 125, 149, 176] (62)
12 : [2, 4, 17, 53, 77, 105, 143, 146, 166, 181, 193] (50)
13 : [58, 107, 140, 157, 178] (64)
14 : [41, 50, 54, 70, 93, 114] (60)
15 : [10, 48, 51, 101, 150] (60)
16 : [23, 27, 29, 63, 111, 126, 159, 164, 168] (57)
17 : [0, 1, 39, 45, 74, 75, 194, 196] (67)
18 : [33, 67, 71, 131, 154, 156, 190] (57)
19 : [12, 72, 112, 183, 186] (68)
20 : [13, 25, 44, 88, 115, 127, 134, 141, 152, 185] (58)
21 : [15, 32, 61, 83, 91, 132, 144, 147] (61)
22 : [3, 11, 31, 42, 92] (69)
23 : [18, 94, 173, 175, 197] (52)
24 : [7, 24, 57, 97, 110, 129, 155, 182, 187] (68)
25 : [6, 22, 60, 76, 106, 123, 174] (73)
26 : [78, 135, 170, 199] (69)
27 : [56, 80, 87, 109, 118, 120, 163, 195, 198] (70)
28 : [5, 81, 104, 128, 138, 139, 169, 188] (63)
29 : [86, 89, 96, 142, 160] (60)
30 : [43, 64, 65, 103, 133, 172] (71)
31 : [21, 34, 40, 59, 167] (60)
32 : [35, 52, 117, 121] (62)
33 : [16, 47, 99, 171, 179, 192] (52)
34 : [] (0)
35 : [73] (4)
