Name: 200-40-60
Time: 15.195034980773926 
Result: 24065
Solution:  18 46 18 47 27 9 41 45 40 34 16 42 41 25 25 5 26 23 19 32 4 32 24 16 20 34 33 12 34 42 37 4 42 38 15 9 11 14 30 38 11 7 7 17 39 29 28 32 3 43 13 33 23 11 18 20 31 22 44 32 9 12 26 29 12 33 38 24 35 42 27 16 32 41 23 47 4 43 16 19 18 11 19 42 22 4 4 10 27 2 24 47 6 34 14 15 28 25 20 5 7 8 33 17 39 46 8 43 25 43 11 44 41 10 40 41 17 46 23 27 26 9 13 10 4 46 30 18 37 44 2 48 41 36 45 37 39 36 41 30 36 16 21 41 21 5 36 23 3 20 44 36 8 3 45 31 19 27 33 35 29 24 6 18 41 39 43 17 11 13 29 38 25 47 30 27 13 48 15 36 7 24 33 48 3 18 49 31 39 42 2 8 36 2 16 42 27 38 4 4
0 : [] (0)
1 : [] (0)
2 : [89, 130, 190, 193] (53)
3 : [48, 148, 153, 184] (55)
4 : [20, 31, 76, 85, 86, 124, 198, 199] (43)
5 : [15, 99, 145] (42)
6 : [92, 162] (45)
7 : [41, 42, 100, 180] (34)
8 : [101, 106, 152, 191] (50)
9 : [5, 35, 60, 121] (38)
10 : [87, 113, 123] (41)
11 : [36, 40, 53, 81, 110, 168] (33)
12 : [27, 61, 64] (42)
13 : [50, 122, 169, 176] (39)
14 : [37, 94] (45)
15 : [34, 95, 178] (44)
16 : [10, 23, 71, 78, 141, 194] (41)
17 : [43, 103, 116, 167] (50)
18 : [0, 2, 54, 80, 127, 163, 185] (55)
19 : [18, 79, 82, 156] (49)
20 : [24, 55, 98, 149] (52)
21 : [142, 144] (41)
22 : [57, 84] (49)
23 : [17, 52, 74, 118, 147] (40)
24 : [22, 67, 90, 161, 181] (54)
25 : [13, 14, 97, 108, 172] (51)
26 : [16, 62, 120] (47)
27 : [4, 70, 88, 119, 157, 175, 196] (59)
28 : [46, 96] (60)
29 : [45, 63, 160, 170] (54)
30 : [38, 126, 139, 174] (58)
31 : [56, 155, 187] (50)
32 : [19, 21, 47, 59, 72] (43)
33 : [26, 51, 65, 102, 158, 182] (52)
34 : [9, 25, 28, 93] (40)
35 : [68, 159] (41)
36 : [133, 137, 140, 146, 151, 179, 192] (54)
37 : [30, 128, 135] (40)
38 : [33, 39, 66, 171, 197] (56)
39 : [44, 104, 136, 165, 188] (51)
40 : [8, 114] (65)
41 : [6, 12, 73, 112, 115, 132, 138, 143, 164] (45)
42 : [11, 29, 32, 69, 83, 189, 195] (59)
43 : [49, 77, 107, 109, 166] (60)
44 : [58, 111, 129, 150] (62)
45 : [7, 134, 154] (43)
46 : [1, 105, 117, 125] (45)
47 : [3, 75, 91, 173] (49)
48 : [131, 177, 183] (41)
49 : [186] (1)
50 : [] (0)
