Name: 600-40-60
Time: 39.721999645233154 
Result: 82067
Solution:  83 17 38 54 27 33 103 75 102 25 3 111 16 79 111 55 64 58 46 46 34 58 93 64 3 66 83 63 70 99 22 49 27 108 45 73 111 112 38 74 91 70 13 95 24 73 36 41 65 68 93 81 76 101 86 48 35 97 35 13 47 27 89 83 106 52 94 55 76 51 91 83 14 109 66 51 10 95 26 117 22 92 110 33 28 72 5 103 36 99 94 24 98 79 103 106 94 25 63 62 15 58 108 84 87 77 6 91 9 118 30 12 0 56 10 33 13 43 69 95 63 78 47 85 66 70 64 99 63 69 0 104 13 103 109 40 54 104 45 107 13 102 15 37 65 85 62 25 4 4 13 109 91 47 102 14 46 15 19 52 34 73 57 71 90 43 115 86 36 56 23 43 41 81 68 28 49 105 97 86 73 118 85 39 24 116 44 52 22 71 101 46 60 102 109 73 115 85 50 74 32 6 114 90 115 109 81 6 60 118 65 108 82 10 96 85 112 27 31 87 101 21 89 4 82 111 70 18 76 63 48 10 67 90 93 102 45 81 78 99 39 108 14 101 51 77 33 59 64 9 97 24 58 94 21 101 21 17 107 43 16 51 78 29 11 115 35 83 20 106 57 112 9 98 64 108 110 98 110 50 44 13 69 4 93 19 40 110 85 54 6 66 61 118 78 57 104 17 23 28 12 23 41 117 44 6 89 79 92 57 83 16 99 38 66 103 31 35 49 93 60 67 67 117 41 72 99 7 106 25 53 115 19 19 102 102 8 94 117 34 95 94 75 31 80 104 104 32 62 37 111 58 116 107 92 69 44 62 93 50 108 62 4 80 54 113 101 49 113 8 32 111 92 20 64 81 48 100 22 28 63 76 29 90 78 78 4 10 41 52 94 95 113 30 73 15 116 101 46 11 32 37 37 84 48 5 89 34 42 11 57 102 25 53 59 90 10 15 22 33 98 74 96 78 16 56 36 71 53 87 71 43 21 61 85 43 116 96 80 83 34 43 12 113 23 5 87 120 25 88 99 105 61 97 97 110 71 19 49 27 109 61 29 94 93 77 116 12 7 75 20 20 103 17 100 20 37 40 47 47 68 113 70 38 81 31 115 42 112 32 64 103 18 2 56 107 53 11 32 13 92 116 51 24 60 38 68 74 77 19 99 102 101 40 75 90 89 14 5 44 51 87 111 70 30 28 24 26 36 31 57 115 97 80 25 87 97 19 98 87 49 58 73 115 29 104 69 36 81 8 30 65 25 61 74 85 53 60 69 46 54 81 38 28 46 57 70 65 4 104 39 54 115 55 50 113 59 90 105 8 7 10 46 105 108 71 114 86 39 21 10 27 23 110 9 79 18 16 85 47
0 : [112, 130] (30)
1 : [] (0)
2 : [493] (7)
3 : [10, 24] (8)
4 : [148, 149, 223, 283, 362, 386, 568] (39)
5 : [86, 405, 445, 518] (39)
6 : [106, 201, 207, 290, 305] (19)
7 : [327, 468, 580] (47)
8 : [336, 369, 549, 579] (40)
9 : [108, 249, 272, 594] (40)
10 : [76, 114, 213, 231, 387, 416, 581, 590] (35)
11 : [264, 399, 409, 497] (42)
12 : [111, 300, 442, 467] (48)
13 : [42, 59, 116, 132, 140, 150, 281, 499] (35)
14 : [72, 155, 242, 517] (48)
15 : [100, 142, 157, 395, 417] (40)
16 : [12, 260, 311, 424, 597] (50)
17 : [1, 257, 297, 473] (49)
18 : [227, 492, 596] (43)
19 : [158, 285, 332, 333, 457, 509, 537] (39)
20 : [268, 373, 470, 471, 475] (42)
21 : [221, 254, 256, 432, 589] (48)
22 : [30, 80, 188, 378, 418] (43)
23 : [170, 298, 301, 444, 592] (43)
24 : [44, 91, 184, 251, 503, 526] (42)
25 : [9, 97, 147, 329, 412, 448, 534, 552] (39)
26 : [78, 527] (40)
27 : [4, 32, 61, 217, 459, 591] (48)
28 : [84, 175, 299, 379, 525, 563] (47)
29 : [263, 382, 462, 544] (42)
30 : [110, 393, 524, 550] (44)
31 : [218, 316, 343, 485, 529] (42)
32 : [200, 347, 370, 400, 489, 498] (45)
33 : [5, 83, 115, 246, 419] (52)
34 : [20, 160, 339, 407, 440] (43)
35 : [56, 58, 266, 317] (44)
36 : [46, 88, 168, 426, 528, 547] (47)
37 : [143, 349, 401, 402, 476] (42)
38 : [2, 38, 313, 483, 505, 562] (40)
39 : [183, 240, 570, 588] (48)
40 : [135, 286, 477, 513] (40)
41 : [47, 172, 302, 324, 388] (45)
42 : [408, 487] (46)
43 : [117, 165, 171, 259, 431, 435, 441] (51)
44 : [186, 280, 304, 356, 519] (50)
45 : [34, 138, 236] (41)
46 : [18, 19, 156, 191, 398, 559, 564, 582] (42)
47 : [60, 122, 153, 478, 479, 599] (42)
48 : [55, 230, 376, 404] (43)
49 : [31, 176, 318, 367, 458, 540] (40)
50 : [198, 279, 359, 574] (49)
51 : [69, 75, 244, 261, 502, 520] (54)
52 : [65, 159, 187, 389] (47)
53 : [330, 413, 428, 496, 556] (54)
54 : [3, 136, 289, 364, 560, 571] (57)
55 : [15, 67, 573] (47)
56 : [113, 169, 425, 494] (57)
57 : [162, 270, 295, 309, 410, 530, 565] (41)
58 : [17, 21, 101, 252, 351, 541] (43)
59 : [247, 414, 576] (48)
60 : [192, 208, 320, 504, 557] (60)
61 : [292, 433, 452, 461, 553] (48)
62 : [99, 146, 348, 357, 361] (48)
63 : [27, 98, 120, 128, 229, 380] (40)
64 : [16, 23, 126, 248, 274, 374, 490] (55)
65 : [48, 144, 210, 551, 567] (60)
66 : [25, 74, 124, 291, 314] (51)
67 : [232, 321, 322] (48)
68 : [49, 174, 480, 506] (52)
69 : [118, 129, 282, 355, 546, 558] (43)
70 : [28, 41, 125, 226, 482, 523, 566] (60)
71 : [163, 189, 427, 430, 456, 585] (46)
72 : [85, 325] (65)
73 : [35, 45, 161, 180, 195, 394, 542] (50)
74 : [39, 199, 421, 507, 554] (50)
75 : [7, 342, 469, 514] (53)
76 : [52, 68, 228, 381] (47)
77 : [105, 245, 465, 508] (55)
78 : [121, 238, 262, 294, 384, 385, 423] (45)
79 : [13, 93, 307, 595] (49)
80 : [344, 363, 438, 533] (56)
81 : [51, 173, 206, 237, 375, 484, 548, 561] (44)
82 : [212, 224] (59)
83 : [0, 26, 63, 71, 267, 310, 439] (49)
84 : [103, 403] (62)
85 : [123, 145, 182, 197, 215, 288, 434, 555, 598] (56)
86 : [54, 167, 179, 587] (60)
87 : [104, 219, 429, 446, 521, 535, 539] (54)
88 : [449] (42)
89 : [62, 222, 306, 406, 516] (52)
90 : [164, 203, 233, 383, 415, 515, 577] (60)
91 : [40, 70, 107, 152] (59)
92 : [81, 308, 354, 372, 500] (61)
93 : [22, 50, 234, 284, 319, 358, 464] (54)
94 : [66, 90, 96, 253, 337, 341, 390, 463] (56)
95 : [43, 77, 119, 340, 391] (60)
96 : [214, 422, 437] (60)
97 : [57, 178, 250, 453, 454, 532, 536] (61)
98 : [92, 273, 277, 420, 538] (61)
99 : [29, 89, 127, 239, 312, 326, 450, 510] (64)
100 : [377, 474] (67)
101 : [53, 190, 220, 243, 255, 366, 397, 512] (56)
102 : [8, 141, 154, 193, 235, 334, 335, 411, 511] (48)
103 : [6, 87, 94, 133, 315, 472, 491] (49)
104 : [131, 137, 296, 345, 346, 545, 569] (51)
105 : [177, 451, 578, 583] (60)
106 : [64, 95, 269, 328] (59)
107 : [139, 258, 353, 495] (55)
108 : [33, 102, 211, 241, 275, 360, 584] (53)
109 : [73, 134, 151, 194, 205, 460] (57)
110 : [82, 276, 278, 287, 455, 593] (60)
111 : [11, 14, 36, 225, 350, 371, 522] (56)
112 : [37, 216, 271, 488] (44)
113 : [365, 368, 392, 443, 481, 575] (60)
114 : [202, 586] (60)
115 : [166, 196, 204, 265, 331, 486, 531, 543, 572] (50)
116 : [185, 352, 396, 436, 466, 501] (47)
117 : [79, 303, 323, 338] (48)
118 : [109, 181, 209, 293] (44)
119 : [] (0)
120 : [447] (3)
