Name: 600-20-30
Time: 40.399251222610474 
Result: 39035
Solution:  107 22 13 101 37 67 64 80 82 24 54 57 67 76 83 96 42 56 56 65 74 25 87 110 88 67 104 6 71 15 33 69 45 86 50 110 17 39 15 45 21 27 108 46 100 67 9 98 47 104 29 11 30 66 63 65 21 15 79 19 92 61 106 76 111 95 102 62 40 109 4 84 64 84 108 55 88 28 8 30 7 34 43 99 59 72 111 17 6 91 102 38 37 41 16 110 48 94 59 74 19 75 41 93 94 53 28 16 68 113 19 89 70 33 83 87 96 78 79 86 80 55 46 8 30 101 108 77 96 52 33 103 106 2 77 27 96 42 50 76 4 76 67 77 64 58 7 20 104 113 55 103 102 61 91 101 59 46 85 99 16 106 12 25 81 27 46 12 81 33 17 18 77 36 64 5 63 48 70 60 27 42 111 19 55 42 43 19 56 29 5 62 102 39 86 21 93 21 75 97 53 20 36 24 39 63 99 104 84 112 12 102 34 87 49 86 90 8 91 9 64 9 88 56 100 70 108 25 56 6 68 94 107 41 16 69 70 100 85 106 26 85 69 40 3 19 28 17 20 18 14 44 11 65 95 16 86 31 88 74 98 5 65 112 71 51 45 5 34 105 85 32 8 54 99 70 31 104 64 112 71 107 63 101 50 108 106 93 69 102 98 10 86 96 100 45 31 70 86 41 104 62 78 47 89 96 102 29 70 87 92 71 24 10 35 76 77 10 32 66 34 84 60 25 73 64 48 38 101 22 7 45 44 109 68 68 4 70 77 5 34 59 78 97 66 90 94 4 80 24 69 37 105 34 93 82 10 29 65 24 83 37 96 72 76 60 12 30 100 13 15 39 109 75 92 40 101 105 71 106 30 75 65 30 89 75 13 103 53 13 74 45 77 72 58 27 56 72 50 99 7 12 79 112 57 25 45 44 83 98 95 77 88 104 83 100 46 50 24 100 44 114 106 113 6 92 96 40 63 89 34 52 10 72 58 99 52 14 64 78 18 9 84 112 95 11 30 107 53 87 39 50 47 15 61 113 64 54 20 50 80 35 103 83 84 108 51 61 48 44 56 42 106 35 9 93 92 16 74 85 73 45 79 80 22 58 66 30 11 41 36 51 87 76 26 44 103 73 29 82 93 109 57 92 51 81 92 84 39 84 25 37 62 53 111 36 14 19 20 80 108 21 74 7 95 92 6 71 11 11 89 9 38 73 52 12 107 104 49 86 91 72 28 30 57 93 21 19 62 98 23 42 62 74 83 29 73 66 99 49 50 78 73 57 92 3 46 90 32 38 59 87 25 110 61 53 22 21 37 18 59 78 36 6 91 24 69 52 4 39 85 40 23 96 56 96 109 94 110 79
0 : [] (0)
1 : [] (0)
2 : [133] (3)
3 : [244, 565] (6)
4 : [70, 140, 336, 347, 588] (19)
5 : [175, 190, 261, 267, 339] (22)
6 : [27, 88, 229, 424, 526, 583] (28)
7 : [80, 146, 330, 400, 523] (20)
8 : [78, 123, 217, 272] (25)
9 : [46, 219, 221, 441, 474, 531] (20)
10 : [291, 313, 317, 356, 432] (15)
11 : [51, 252, 445, 488, 528, 529] (22)
12 : [162, 167, 210, 366, 401, 535] (19)
13 : [2, 369, 386, 389] (24)
14 : [250, 437, 516] (20)
15 : [29, 38, 57, 370, 453] (20)
16 : [94, 107, 160, 234, 255, 477] (22)
17 : [36, 87, 170, 247] (20)
18 : [171, 249, 440, 579] (23)
19 : [59, 100, 110, 183, 187, 245, 517, 547] (20)
20 : [147, 201, 248, 458, 518] (22)
21 : [40, 56, 195, 197, 521, 546, 577] (19)
22 : [1, 329, 484, 576] (23)
23 : [550, 592] (23)
24 : [9, 203, 312, 349, 359, 418, 585] (21)
25 : [21, 163, 227, 323, 405, 510, 572] (18)
26 : [240, 494] (21)
27 : [41, 135, 165, 180, 395] (21)
28 : [77, 106, 246, 542] (22)
29 : [50, 189, 307, 357, 498, 555] (23)
30 : [52, 79, 124, 367, 380, 383, 446, 487, 543] (21)
31 : [257, 276, 296] (21)
32 : [271, 318, 568] (21)
33 : [30, 113, 130, 169] (22)
34 : [81, 212, 268, 320, 340, 353, 430] (27)
35 : [314, 461, 473] (20)
36 : [173, 202, 490, 515, 582] (27)
37 : [4, 92, 351, 361, 511, 578] (24)
38 : [91, 327, 532, 569] (30)
39 : [37, 193, 204, 371, 450, 508, 589] (23)
40 : [68, 243, 375, 427, 591] (24)
41 : [93, 102, 233, 299, 489] (27)
42 : [16, 137, 181, 185, 471, 551] (22)
43 : [82, 186] (23)
44 : [251, 332, 407, 420, 469, 495] (27)
45 : [32, 39, 266, 295, 331, 391, 406, 481] (20)
46 : [43, 122, 157, 166, 416, 566] (23)
47 : [48, 303, 452] (25)
48 : [96, 177, 326, 468] (24)
49 : [214, 538, 559] (24)
50 : [34, 138, 284, 398, 417, 451, 459, 560] (25)
51 : [265, 466, 491, 504] (25)
52 : [129, 431, 436, 534, 587] (25)
53 : [105, 200, 388, 448, 513, 575] (28)
54 : [10, 273, 457] (26)
55 : [75, 121, 150, 184] (20)
56 : [17, 18, 188, 223, 228, 396, 470, 594] (27)
57 : [11, 404, 502, 544, 563] (27)
58 : [145, 394, 434, 485] (28)
59 : [84, 98, 156, 341, 570, 580] (25)
60 : [179, 322, 365] (22)
61 : [61, 153, 454, 467, 574] (30)
62 : [67, 191, 301, 512, 548, 552] (26)
63 : [54, 176, 205, 282, 428] (23)
64 : [6, 72, 144, 174, 220, 278, 325, 438, 456] (23)
65 : [19, 55, 253, 262, 358, 382] (27)
66 : [53, 319, 344, 486, 557] (22)
67 : [5, 12, 25, 45, 142] (30)
68 : [108, 230, 334, 335] (28)
69 : [31, 235, 242, 288, 350, 586] (22)
70 : [112, 178, 225, 236, 275, 297, 308, 337] (28)
71 : [28, 264, 280, 311, 378, 527] (30)
72 : [85, 363, 393, 397, 433, 541] (30)
73 : [324, 480, 497, 533, 556, 562] (27)
74 : [20, 99, 259, 390, 478, 522, 553] (28)
75 : [101, 198, 373, 381, 385] (30)
76 : [13, 63, 139, 141, 315, 364, 493] (23)
77 : [127, 134, 143, 172, 316, 338, 392, 411] (23)
78 : [117, 302, 342, 439, 561, 581] (27)
79 : [58, 118, 402, 482, 599] (25)
80 : [7, 120, 348, 460, 483, 519] (30)
81 : [164, 168, 505] (27)
82 : [8, 355, 499] (32)
83 : [14, 114, 360, 408, 414, 463, 554] (30)
84 : [71, 73, 208, 321, 442, 464, 507, 509] (30)
85 : [158, 238, 241, 270, 479, 590] (25)
86 : [33, 119, 194, 215, 256, 292, 298, 539] (28)
87 : [22, 115, 213, 309, 449, 492, 571] (28)
88 : [24, 76, 222, 258, 412] (30)
89 : [111, 304, 384, 429, 530] (24)
90 : [216, 345, 567] (25)
91 : [89, 154, 218, 540, 584] (30)
92 : [60, 310, 374, 425, 476, 503, 506, 525, 564] (32)
93 : [103, 196, 287, 354, 475, 500, 545] (30)
94 : [97, 104, 231, 346, 597] (27)
95 : [65, 254, 410, 444, 524] (26)
96 : [15, 116, 128, 136, 293, 305, 362, 426, 593, 595] (27)
97 : [199, 343] (32)
98 : [47, 260, 290, 409, 549] (29)
99 : [83, 159, 206, 274, 399, 435, 558] (25)
100 : [44, 224, 237, 294, 368, 415, 419] (30)
101 : [3, 125, 155, 283, 328, 376] (30)
102 : [66, 90, 152, 192, 211, 289, 306] (33)
103 : [131, 151, 387, 462, 496] (35)
104 : [26, 49, 148, 207, 277, 300, 413, 537] (35)
105 : [269, 352, 377] (30)
106 : [62, 132, 161, 239, 286, 379, 422, 472] (30)
107 : [0, 232, 281, 447, 536] (27)
108 : [42, 74, 126, 226, 285, 465, 520] (29)
109 : [69, 333, 372, 501, 596] (23)
110 : [23, 35, 95, 573, 598] (26)
111 : [64, 86, 182, 514] (22)
112 : [209, 263, 279, 403, 443] (25)
113 : [109, 149, 423, 455] (21)
114 : [421] (1)
115 : [] (0)
