Name: 200-20-30
Time: 5.8222596645355225 
Result: 2
Solution: 1 4 20 26 6 40 20 1 22 4 3 41 12 30 22 15 18 16 15 40 2 33 19 18 8 39 28 25 1 14 25 42 33 2 41 3 40 10 29 16 22 19 9 12 30 29 1 6 0 9 13 29 37 3 40 11 10 33 1 19 7 9 17 10 15 42 4 11 4 25 18 12 28 16 1 8 26 22 27 8 38 3 4 13 7 35 27 15 22 30 33 5 18 6 31 17 42 27 28 24 5 18 35 2 37 21 10 40 31 37 26 36 19 30 26 32 29 22 6 42 36 25 28 25 37 21 38 14 38 0 23 9 14 8 32 2 35 24 19 17 5 28 24 9 15 5 20 15 13 32 27 14 15 39 31 38 27 35 13 32 18 42 12 5 36 15 10 6 0 41 10 35 20 26 34 11 23 21 2 34 40 18 12 39 26 14 38 34 14 30 38 7 20 31 26 7 7 28 36 36 
0: 48 129 168 (24)
1: 0 7 28 46 58 74 (26)
2: 20 33 103 135 178 (24)
3: 10 35 53 81 (24)
4: 1 9 66 68 82 (24)
5: 91 100 140 145 163 (26)
6: 4 47 93 118 167 (26)
7: 60 84 191 195 196 (26)
8: 24 75 79 133 (26)
9: 42 49 61 131 143 (24)
10: 37 56 63 106 166 170 (24)
11: 55 67 175 (24)
12: 12 43 71 162 182 (24)
13: 50 83 148 158 (25)
14: 29 127 132 151 185 188 (25)
15: 15 18 64 87 144 147 152 165 (24)
16: 17 39 73 (25)
17: 62 95 139 (24)
18: 16 23 70 92 101 160 181 (24)
19: 22 41 59 112 138 (24)
20: 2 6 146 172 192 (25)
21: 105 125 177 (25)
22: 8 14 40 77 88 117 (24)
23: 130 176 (26)
24: 99 137 142 (26)
25: 27 30 69 121 123 (26)
26: 3 76 110 114 173 184 194 (24)
27: 78 86 97 150 156 (26)
28: 26 72 98 122 141 197 (24)
29: 38 45 51 116 (26)
30: 13 44 89 113 189 (24)
31: 94 108 154 193 (26)
32: 115 134 149 159 (25)
33: 21 32 57 90 (24)
34: 174 179 187 (26)
35: 85 102 136 157 171 (26)
36: 111 120 164 198 199 (26)
37: 52 104 109 124 (26)
38: 80 126 128 155 186 190 (26)
39: 25 153 183 (26)
40: 5 19 36 54 107 180 (26)
41: 11 34 169 (25)
42: 31 65 96 119 161 (26)
