Name: 200-50-80
Time: 20.3843355178833 
Result: 4
Solution: 13 6 26 9 6 20 36 19 28 9 2 26 25 0 15 32 27 9 7 16 1 7 27 10 24 15 36 22 21 26 1 33 34 9 27 9 5 14 7 17 34 14 3 22 6 18 13 8 25 5 13 1 6 14 6 9 2 16 26 2 6 2 28 0 33 32 18 19 19 35 23 12 0 32 31 18 3 31 11 23 17 27 21 9 31 34 36 25 25 15 29 3 12 19 6 28 8 23 13 34 0 31 29 2 34 30 30 31 6 25 28 9 16 5 27 35 33 23 31 3 1 8 27 34 3 26 23 11 19 11 21 4 30 7 34 14 32 33 36 12 15 22 15 20 12 28 5 18 4 1 24 27 20 4 29 20 29 11 34 33 5 3 34 21 23 24 27 5 19 17 35 19 15 28 24 15 17 27 4 32 2 4 12 5 28 26 7 22 24 21 16 11 36 24 17 10 12 4 7 10 
0: 13 63 72 100 (63)
1: 20 30 51 120 149 (63)
2: 10 56 59 61 103 180 (63)
3: 42 76 91 119 124 161 (63)
4: 131 148 153 178 181 197 (63)
5: 36 49 113 146 160 167 183 (63)
6: 1 4 44 52 54 60 94 108 (63)
7: 18 21 38 133 186 198 (64)
8: 47 96 121 (64)
9: 3 9 17 33 35 55 83 111 (65)
10: 23 195 199 (67)
11: 78 127 129 157 191 (64)
12: 71 92 139 144 182 196 (65)
13: 0 46 50 98 (65)
14: 37 41 53 135 (67)
15: 14 25 89 140 142 172 175 (63)
16: 19 57 112 190 (65)
17: 39 80 169 176 194 (67)
18: 45 66 75 147 (64)
19: 7 67 68 93 128 168 171 (65)
20: 5 143 152 155 (66)
21: 28 82 130 163 189 (67)
22: 27 43 141 187 (66)
23: 70 79 97 117 126 164 (67)
24: 24 150 165 174 188 193 (67)
25: 12 48 87 88 109 (67)
26: 2 11 29 58 125 185 (67)
27: 16 22 34 81 114 122 151 166 177 (66)
28: 8 62 95 110 145 173 184 (67)
29: 90 102 154 156 (67)
30: 105 106 132 (67)
31: 74 77 84 101 107 118 (67)
32: 15 65 73 136 179 (67)
33: 31 64 116 137 159 (67)
34: 32 40 85 99 104 123 134 158 162 (67)
35: 69 115 170 (67)
36: 6 26 86 138 192 (67)
