Name: 200-30-45
Time: 6.009562730789185 
Result: 1
Solution: 16 21 17 10 8 29 4 25 9 14 11 12 21 10 10 23 24 20 2 15 5 29 8 3 11 5 14 23 29 4 17 15 3 25 28 22 5 17 24 23 16 6 29 2 16 28 8 8 20 0 12 6 16 2 25 9 21 23 28 20 18 21 16 29 13 17 7 4 1 11 2 26 20 7 6 7 22 26 18 16 15 16 3 18 1 10 23 21 4 10 7 0 17 12 15 16 15 26 13 29 28 2 13 6 12 25 23 13 25 4 3 0 29 24 23 4 24 13 13 15 20 18 4 14 20 23 7 1 9 24 14 27 8 13 1 13 0 22 9 3 28 6 20 28 8 10 5 26 16 21 15 3 10 5 27 19 20 0 22 16 18 20 10 6 16 19 11 4 19 15 10 17 1 24 13 5 7 27 7 14 10 2 14 25 10 0 27 6 3 20 6 12 26 20 29 9 19 12 11 17 
0: 49 91 111 136 157 185 (37)
1: 68 84 127 134 172 (37)
2: 18 43 53 70 101 181 (37)
3: 23 32 82 110 139 151 188 (37)
4: 6 29 67 88 109 115 122 167 (37)
5: 20 25 36 146 153 175 (37)
6: 41 51 74 103 141 163 187 190 (37)
7: 66 73 75 90 126 176 178 (37)
8: 4 22 46 47 132 144 (37)
9: 8 55 128 138 195 (36)
10: 3 13 14 85 89 145 152 162 170 180 184 (37)
11: 10 24 69 166 198 (37)
12: 11 50 93 104 191 197 (37)
13: 64 98 102 107 117 118 133 135 174 (37)
14: 9 26 123 130 179 182 (36)
15: 19 31 80 94 96 119 150 169 (37)
16: 0 40 44 52 62 79 81 95 148 159 164 (37)
17: 2 30 37 65 92 171 199 (37)
18: 60 78 83 121 160 (37)
19: 155 165 168 196 (37)
20: 17 48 59 72 120 124 142 156 161 189 193 (37)
21: 1 12 56 61 87 149 (37)
22: 35 76 137 158 (37)
23: 15 27 39 57 86 106 114 125 (37)
24: 16 38 113 116 129 173 (36)
25: 7 33 54 105 108 183 (37)
26: 71 77 97 147 192 (37)
27: 131 154 177 186 (37)
28: 34 45 58 100 140 143 (37)
29: 5 21 28 42 63 99 112 194 (37)
