Name: 200-40-60
Time: 11.297792911529541 
Result: 1
Solution: 26 32 0 14 2 24 11 20 21 26 28 11 25 20 0 29 3 16 15 7 23 29 7 12 21 22 4 16 27 29 24 5 0 3 26 3 3 15 18 25 31 1 12 20 0 2 15 18 0 28 9 8 14 10 2 19 9 2 6 13 16 12 11 31 20 16 6 8 24 4 24 11 23 22 11 26 19 30 1 14 7 21 5 1 19 9 1 8 21 29 27 0 1 23 3 26 9 13 9 3 10 22 11 2 2 15 3 26 15 9 32 28 21 10 13 27 16 0 13 26 13 24 31 21 25 16 31 2 32 3 28 23 20 8 15 23 17 3 22 22 11 32 29 32 25 29 14 17 30 1 6 11 25 7 32 12 17 23 5 30 6 6 6 6 28 27 25 17 28 8 11 32 31 12 2 20 17 31 11 16 10 0 12 12 18 15 2 23 5 15 5 21 12 12 4 30 14 28 22 19 
0: 2 14 32 44 48 91 117 181 (50)
1: 41 78 83 86 92 149 (49)
2: 4 45 54 57 103 104 127 174 186 (49)
3: 16 33 35 36 94 99 106 129 137 (50)
4: 26 69 194 (50)
5: 31 82 158 188 190 (49)
6: 58 66 150 160 161 162 163 (50)
7: 19 22 80 153 (50)
8: 51 67 87 133 169 (50)
9: 50 56 85 96 98 109 (50)
10: 53 100 113 180 (49)
11: 6 11 62 71 74 102 140 151 170 178 (49)
12: 23 42 61 155 173 182 183 192 193 (49)
13: 59 97 114 118 120 (49)
14: 3 52 79 146 196 (50)
15: 18 37 46 105 108 134 185 189 (49)
16: 17 27 60 65 116 125 179 (49)
17: 136 147 156 167 176 (49)
18: 38 47 184 (49)
19: 55 76 84 199 (50)
20: 7 13 43 64 132 175 (49)
21: 8 24 81 88 112 123 191 (49)
22: 25 73 101 138 139 198 (50)
23: 20 72 93 131 135 157 187 (50)
24: 5 30 68 70 121 (49)
25: 12 39 124 144 152 166 (49)
26: 0 9 34 75 95 107 119 (50)
27: 28 90 115 165 (50)
28: 10 49 111 130 164 168 197 (49)
29: 15 21 29 89 142 145 (50)
30: 77 148 159 195 (49)
31: 40 63 122 126 172 177 (49)
32: 1 110 128 141 143 154 171 (49)
