Name: 400-20-30
Time: 13.55832815170288 
Result: 3
Solution: 64 53 38 48 59 19 30 47 7 51 37 45 26 17 62 9 24 40 45 61 42 51 28 20 5 17 34 50 21 33 1 11 28 47 36 64 51 1 21 21 23 36 22 30 63 27 20 4 48 10 57 61 58 36 15 55 7 36 48 20 1 9 58 23 16 4 35 44 48 1 61 40 20 45 52 47 25 40 54 2 46 11 7 10 33 23 40 16 3 56 2 8 57 23 25 18 5 36 0 19 56 7 38 46 60 26 29 49 12 33 15 60 32 41 10 24 63 41 10 53 15 22 55 44 56 61 29 36 10 47 18 1 60 12 49 46 6 14 61 58 17 54 35 15 38 31 47 14 18 3 64 11 34 55 28 64 63 55 42 9 37 52 53 19 31 19 35 24 49 49 7 24 39 0 22 16 44 0 27 59 51 55 34 61 21 49 55 57 17 56 5 0 5 2 29 59 65 13 45 39 6 6 35 16 16 13 28 48 40 58 8 46 52 22 33 34 18 54 2 62 11 27 26 34 22 33 18 5 58 30 14 36 43 43 7 36 65 21 62 56 25 63 8 62 3 0 2 63 40 45 65 13 62 35 1 5 18 31 62 59 9 40 17 50 4 29 15 57 56 48 36 32 9 38 50 1 55 39 49 35 65 61 38 9 13 60 42 32 35 9 14 40 23 1 23 44 54 63 26 25 41 24 43 16 38 1 9 5 41 56 19 12 57 3 17 34 21 14 36 11 33 15 30 49 5 34 8 12 0 42 48 11 4 20 39 52 27 58 50 43 37 51 56 9 53 24 0 8 11 29 42 50 39 28 27 44 31 59 32 59 25 64 0 10 65 32 41 29 42 14 32 15 57 17 32 61 11 26 11 3 27 2 30 9 46 17 20 26 3 51 64 8 25 44 31 14 6 64 25 45 
0: 98 173 177 191 245 328 346 362 (23)
1: 30 37 60 69 131 254 275 293 305 (23)
2: 79 90 193 218 246 381 (23)
3: 88 149 244 313 379 388 (23)
4: 47 65 264 332 (23)
5: 24 96 190 192 227 255 307 324 (23)
6: 136 200 201 396 (23)
7: 8 56 82 101 170 234 (23)
8: 91 210 242 326 347 391 (23)
9: 15 61 159 260 272 283 289 306 343 383 (23)
10: 49 83 114 118 128 363 (25)
11: 31 81 151 220 319 331 348 376 378 (24)
12: 108 133 311 327 (23)
13: 197 205 251 284 (23)
14: 137 147 230 290 317 369 395 (25)
15: 54 110 120 143 266 321 371 (24)
16: 64 87 175 203 204 303 (23)
17: 13 25 140 188 262 314 373 385 (25)
18: 95 130 148 216 226 256 (24)
19: 5 99 163 165 310 (23)
20: 23 46 59 72 333 386 (24)
21: 28 38 39 184 237 316 (23)
22: 42 121 174 213 224 (23)
23: 40 63 85 93 292 294 (23)
24: 16 115 167 171 301 345 (23)
25: 76 94 240 299 360 392 398 (24)
26: 12 105 222 298 377 387 (24)
27: 45 178 221 336 354 380 (26)
28: 22 32 154 206 353 (23)
29: 106 126 194 265 349 367 (25)
30: 6 43 229 322 382 (25)
31: 145 164 257 356 394 (23)
32: 112 271 287 358 365 370 374 (24)
33: 29 84 109 214 225 320 (26)
34: 26 152 182 215 223 315 325 (24)
35: 66 142 166 202 253 279 288 (25)
36: 34 41 53 57 97 127 231 235 270 318 (26)
37: 10 160 340 (25)
38: 2 102 144 273 282 304 (26)
39: 172 199 277 334 352 (26)
40: 17 71 77 86 208 248 261 291 (26)
41: 113 117 300 308 366 (26)
42: 20 158 286 329 350 368 (26)
43: 232 233 302 339 (26)
44: 67 123 176 295 355 393 (26)
45: 11 18 73 198 249 399 (26)
46: 80 103 135 211 384 (26)
47: 7 33 75 129 146 (26)
48: 3 48 58 68 207 269 330 (26)
49: 107 134 168 169 185 278 323 (26)
50: 27 263 274 338 351 (25)
51: 9 21 36 180 341 389 (26)
52: 74 161 212 335 (26)
53: 1 119 162 344 (26)
54: 78 141 217 296 (26)
55: 55 122 153 157 181 186 276 (25)
56: 89 100 124 189 239 268 309 342 (26)
57: 50 92 187 267 312 372 (26)
58: 52 62 139 209 228 337 (26)
59: 4 179 195 259 357 359 (26)
60: 104 111 132 285 (25)
61: 19 51 70 125 138 183 281 375 (25)
62: 14 219 238 243 252 258 (26)
63: 44 116 156 241 247 297 (26)
64: 0 35 150 155 361 390 397 (26)
65: 196 236 250 280 364 (26)
