Name: 400-30-45
Time: 225.8460783958435 
Result: 7
Solution: 89 73 50 48 37 5 95 24 7 8 83 39 82 72 15 44 45 5 39 43 22 34 97 92 29 0 1 13 12 58 32 69 7 86 29 45 25 56 72 43 78 23 14 14 92 26 30 40 56 41 98 91 30 91 39 47 61 91 17 50 69 63 40 17 60 96 94 58 78 25 35 38 2 33 59 74 4 46 68 23 13 0 55 38 0 49 7 72 52 62 96 2 39 36 5 16 74 55 77 58 1 70 60 65 5 65 64 66 47 46 46 55 95 90 6 95 63 39 7 78 32 81 64 75 3 87 86 84 91 94 41 12 6 51 15 83 79 56 34 17 51 20 27 66 98 16 79 49 30 74 21 63 18 1 2 89 56 78 83 11 88 71 79 21 11 77 69 76 40 57 43 18 31 17 44 54 62 24 93 77 55 34 68 1 49 29 44 76 65 57 16 23 67 53 37 13 20 64 36 19 76 27 27 52 28 31 61 17 66 93 62 21 92 24 76 31 59 5 9 47 21 63 69 49 96 31 73 52 52 8 85 93 52 4 25 86 29 18 48 69 12 72 10 42 71 54 51 97 98 7 87 23 2 86 28 84 49 13 1 49 53 26 13 88 68 12 43 72 14 83 73 3 14 82 80 52 93 32 57 65 2 97 9 65 37 81 35 87 97 92 67 74 21 33 41 27 81 37 6 47 0 20 85 65 63 89 10 79 87 10 28 41 96 82 2 7 81 19 80 28 9 4 31 42 59 30 90 19 92 41 71 61 83 85 95 70 24 16 42 14 10 75 15 11 53 9 20 53 31 0 52 82 95 23 48 82 20 84 71 45 93 22 9 90 34 34 5 6 81 94 10 44 34 53 88 60 57 56 67 60 77 42 75 48 32 96 23 80 75 28 22 14 62 95 33 45 68 16 51 8 
0: 25 81 84 300 349 (34)
1: 26 100 153 183 258 (34)
2: 72 91 154 252 280 314 (34)
3: 124 271 (34)
4: 76 233 321 (34)
5: 5 17 94 104 217 366 (34)
6: 114 132 298 367 (34)
7: 8 32 86 118 249 315 (34)
8: 9 229 399 (39)
9: 218 282 320 345 362 (35)
10: 242 306 309 340 370 (38)
11: 159 164 343 (38)
12: 28 131 240 265 (34)
13: 27 80 195 257 262 (34)
14: 42 43 268 272 339 391 (35)
15: 14 134 342 (34)
16: 95 145 190 337 397 (34)
17: 58 63 139 173 207 (34)
18: 152 171 237 (35)
19: 199 317 327 (36)
20: 141 196 301 346 356 (34)
21: 150 163 211 220 292 (34)
22: 20 361 390 (34)
23: 41 79 191 251 353 386 (34)
24: 7 177 213 336 (36)
25: 36 69 234 (38)
26: 45 261 (34)
27: 142 201 202 295 (34)
28: 204 254 310 319 389 (36)
29: 24 34 185 236 (34)
30: 46 52 148 325 (36)
31: 172 205 215 225 322 348 (34)
32: 30 120 277 384 (37)
33: 73 293 394 (36)
34: 21 138 181 364 365 372 (36)
35: 70 286 (34)
36: 93 198 (36)
37: 4 194 284 297 (39)
38: 71 83 (41)
39: 11 18 54 92 117 (36)
40: 47 62 168 (38)
41: 49 130 294 311 329 (34)
42: 243 323 338 381 (34)
43: 19 39 170 266 (39)
44: 15 174 186 371 (34)
45: 16 35 359 395 (36)
46: 77 109 110 (36)
47: 55 108 219 299 (35)
48: 3 238 354 383 (37)
49: 85 147 184 223 256 259 (36)
50: 2 59 (37)
51: 133 140 246 398 (40)
52: 88 203 227 228 232 275 350 (40)
53: 193 260 344 347 373 (34)
54: 175 245 (41)
55: 82 97 111 180 (41)
56: 37 48 137 156 377 (40)
57: 169 189 278 376 (40)
58: 29 67 99 (40)
59: 74 216 324 (40)
60: 64 102 375 379 (40)
61: 56 206 331 (39)
62: 89 176 210 392 (41)
63: 61 116 151 221 304 (41)
64: 106 122 197 (40)
65: 103 105 188 279 283 303 (40)
66: 107 143 208 (39)
67: 192 290 378 (40)
68: 78 182 264 396 (41)
69: 31 60 166 222 239 (40)
70: 101 335 (41)
71: 161 244 330 358 (41)
72: 13 38 87 241 267 (41)
73: 1 226 270 (41)
74: 75 96 149 291 (41)
75: 123 341 382 388 (41)
76: 167 187 200 214 (40)
77: 98 165 179 380 (41)
78: 40 68 119 157 (41)
79: 136 146 162 307 (41)
80: 274 318 387 (39)
81: 121 285 296 316 368 (41)
82: 12 273 313 351 355 (40)
83: 10 135 158 269 332 (41)
84: 127 255 357 (41)
85: 230 302 333 (41)
86: 33 126 235 253 (41)
87: 125 250 287 308 (41)
88: 160 263 374 (41)
89: 0 155 305 (41)
90: 113 326 363 (41)
91: 51 53 57 128 (41)
92: 23 44 212 289 328 (41)
93: 178 209 231 276 360 (41)
94: 66 129 369 (41)
95: 6 112 115 334 352 393 (41)
96: 65 90 224 312 385 (41)
97: 22 247 281 288 (41)
98: 50 144 248 (41)
