Name: 400-40-60
Time: 60.65059185028076 
Result: 6
Solution: 57 25 15 21 40 17 13 66 27 32 11 32 6 0 18 38 62 63 56 8 59 50 61 15 61 35 60 31 35 24 23 8 65 37 23 49 22 15 7 5 53 8 25 0 12 21 28 55 23 1 11 25 64 61 0 15 64 24 17 33 8 58 1 19 42 29 6 45 23 29 43 37 1 45 35 21 8 0 61 27 46 26 52 30 17 4 24 10 11 66 40 11 14 7 39 11 0 50 39 9 41 2 62 51 39 16 48 24 9 7 5 37 65 42 43 56 8 31 64 21 61 59 66 18 53 27 18 21 18 57 17 24 16 48 24 12 4 14 44 39 58 27 64 47 65 17 23 1 42 62 47 8 18 65 62 16 29 4 3 33 37 30 12 48 14 34 13 64 54 36 33 30 0 3 8 31 53 32 23 17 38 32 39 45 20 10 56 21 9 7 28 19 2 2 11 50 47 8 18 6 43 66 38 16 62 0 20 13 64 7 64 36 56 31 27 61 11 41 55 43 8 33 25 51 33 54 43 33 35 59 8 30 55 3 54 49 29 13 26 43 49 53 49 3 3 36 52 44 28 63 58 30 35 54 46 18 52 33 29 11 57 9 47 63 34 11 43 4 55 34 9 48 49 65 2 54 38 54 50 37 46 40 1 29 7 45 14 41 27 54 31 38 6 20 18 7 13 47 10 61 16 15 31 46 28 25 25 52 44 5 41 2 34 27 58 25 18 63 33 38 42 7 51 66 16 55 51 48 5 43 3 22 53 54 41 3 3 63 40 34 37 60 66 63 21 25 37 22 12 48 51 39 19 62 17 8 13 54 20 39 50 15 35 22 46 18 26 46 44 44 8 23 27 24 47 9 17 31 50 35 23 20 54 4 55 60 54 4 12 30 18 52 32 39 63 58 45 22 45 6 
0: 13 43 54 77 96 172 205 (46)
1: 49 62 72 147 282 (46)
2: 101 192 193 274 311 (46)
3: 158 173 233 243 244 330 335 336 (46)
4: 85 136 157 267 383 387 (46)
5: 39 110 309 328 (49)
6: 12 66 199 292 399 (46)
7: 38 93 109 189 209 284 295 321 (46)
8: 19 31 41 60 76 116 151 174 197 220 230 355 370 (46)
9: 99 108 188 261 270 375 (48)
10: 87 185 298 (46)
11: 10 50 88 91 95 194 216 259 265 (48)
12: 44 135 162 348 388 (46)
13: 6 166 207 237 296 356 (48)
14: 92 137 164 286 (47)
15: 2 23 37 55 301 361 (46)
16: 105 132 155 203 300 324 (47)
17: 5 58 84 130 145 179 354 376 (46)
18: 14 123 126 128 152 198 255 294 316 365 390 (46)
19: 63 191 352 (46)
20: 184 206 293 358 381 (46)
21: 3 45 75 119 127 187 344 (46)
22: 36 331 347 363 397 (46)
23: 30 34 48 68 146 178 371 380 (46)
24: 29 57 86 107 131 134 373 (46)
25: 1 42 51 222 305 306 315 345 (46)
26: 81 238 366 (47)
27: 8 79 125 141 214 288 313 372 (52)
28: 46 190 248 304 (51)
29: 65 69 156 236 258 283 (52)
30: 83 161 171 231 251 389 (51)
31: 27 117 175 213 290 302 377 (52)
32: 9 11 177 181 392 (51)
33: 59 159 170 221 224 227 257 318 (52)
34: 165 264 269 312 339 (49)
35: 25 28 74 228 252 362 379 (52)
36: 169 211 245 (52)
37: 33 71 111 160 279 340 346 (52)
38: 15 180 202 276 291 319 (52)
39: 94 98 104 139 182 351 359 393 (52)
40: 4 90 281 338 (52)
41: 100 217 287 310 334 (52)
42: 64 113 148 320 (52)
43: 70 114 200 219 226 239 266 329 (52)
44: 138 247 308 368 369 (51)
45: 67 73 183 285 396 398 (52)
46: 80 254 280 303 364 367 (51)
47: 143 150 196 262 297 374 (51)
48: 106 133 163 271 327 349 (51)
49: 35 235 240 242 272 (52)
50: 21 97 195 278 360 378 (51)
51: 103 223 322 326 350 (46)
52: 82 246 256 307 391 (49)
53: 40 124 176 241 332 (52)
54: 168 225 234 253 275 277 289 333 357 382 386 (52)
55: 47 218 232 268 325 384 (47)
56: 18 115 186 212 (49)
57: 0 129 260 (52)
58: 61 140 250 314 395 (52)
59: 20 121 229 (52)
60: 26 341 385 (52)
61: 22 24 53 78 120 215 299 (52)
62: 16 102 149 154 204 353 (52)
63: 17 249 263 317 337 343 394 (52)
64: 52 56 118 142 167 208 210 (52)
65: 32 112 144 153 273 (52)
66: 7 89 122 201 323 342 (52)
