Name: 400-50-80
Time: 601.8534550666809 
Result: 16
Solution: 13 0 55 68 18 78 84 16 29 52 80 11 24 33 75 67 11 23 48 7 40 33 46 19 39 2 20 16 20 24 56 63 74 13 60 55 68 42 9 59 11 7 74 30 76 49 62 83 84 7 6 67 60 0 73 79 28 69 17 65 15 38 85 55 12 37 80 5 27 82 37 27 61 67 63 73 45 34 80 42 4 72 61 3 58 53 79 21 2 41 72 20 36 39 80 5 67 1 59 50 56 15 46 4 48 3 21 10 34 33 25 47 32 66 76 46 49 9 49 81 76 39 44 72 8 26 62 10 64 50 58 49 27 3 41 49 10 56 36 66 37 28 31 21 5 70 81 63 38 28 85 44 56 29 50 14 25 78 1 64 57 1 17 77 73 39 9 29 56 83 32 22 68 81 35 40 32 85 20 36 22 16 66 58 77 39 38 64 44 43 61 50 28 29 75 71 81 34 12 35 85 13 31 23 2 46 71 51 43 65 62 37 55 18 15 74 69 81 32 31 1 14 27 6 84 5 29 54 17 17 15 42 72 63 48 44 12 12 75 53 36 67 58 57 38 25 10 73 71 46 47 38 79 74 5 77 25 27 26 5 48 47 53 44 77 44 25 18 70 66 21 78 84 8 13 41 11 79 76 36 26 75 81 59 46 60 79 43 23 52 30 22 26 14 52 23 0 63 53 27 7 7 69 70 61 80 38 83 82 32 68 8 44 60 80 68 32 54 37 71 69 47 70 7 62 9 57 62 67 1 15 81 38 32 60 49 72 43 80 76 4 65 57 45 44 83 18 82 53 2 51 81 6 52 51 40 30 59 85 24 51 42 53 71 35 27 72 45 78 20 34 13 47 10 20 71 19 55 5 19 25 46 36 82 8 54 16 37 66 58 43 60 35 41 30 54 30 53 1 31 
0: 1 53 296 (57)
1: 97 158 161 220 329 398 (57)
2: 25 88 204 349 (57)
3: 83 105 133 (57)
4: 80 103 340 (63)
5: 67 95 144 225 254 259 378 (57)
6: 50 223 352 (57)
7: 19 41 49 300 301 323 (57)
8: 124 273 311 384 (57)
9: 38 117 166 325 (58)
10: 107 127 136 246 373 (57)
11: 11 16 40 276 (57)
12: 64 198 236 237 (57)
13: 0 33 201 274 371 (57)
14: 155 221 293 (57)
15: 60 101 214 230 330 (60)
16: 7 27 181 386 (57)
17: 58 162 228 229 (64)
18: 4 213 267 346 (59)
19: 23 376 379 (58)
20: 26 28 91 178 369 374 (66)
21: 87 106 143 270 (57)
22: 171 180 291 (57)
23: 17 203 288 295 (60)
24: 12 29 359 (57)
25: 110 156 245 256 266 380 (73)
26: 125 258 280 292 (60)
27: 68 71 132 222 257 299 365 (62)
28: 56 141 149 192 (61)
29: 8 153 167 193 226 (72)
30: 43 290 356 394 396 (61)
31: 142 202 219 399 (57)
32: 112 170 176 218 309 316 333 (67)
33: 13 21 109 (64)
34: 77 108 197 370 (62)
35: 174 199 364 392 (58)
36: 92 138 179 240 279 382 (73)
37: 65 70 140 211 318 387 (63)
38: 61 148 186 244 251 306 332 (71)
39: 24 93 121 165 185 (63)
40: 20 175 355 (61)
41: 89 134 275 393 (59)
42: 37 79 231 361 (64)
43: 189 208 287 337 390 (71)
44: 122 151 188 235 263 265 312 344 (72)
45: 76 343 367 (69)
46: 22 102 115 205 249 284 381 (72)
47: 111 250 261 321 372 (62)
48: 18 104 234 260 (72)
49: 45 116 118 131 135 335 (64)
50: 99 129 154 191 (69)
51: 207 350 354 360 (72)
52: 9 289 294 353 (72)
53: 85 239 262 298 348 362 397 (57)
54: 227 317 385 395 (68)
55: 2 35 63 212 377 (64)
56: 30 100 137 152 168 (57)
57: 160 243 326 342 (69)
58: 84 130 183 242 389 (57)
59: 39 98 283 357 (69)
60: 34 52 285 313 334 391 (58)
61: 72 82 190 304 (70)
62: 46 126 210 324 327 (73)
63: 31 74 147 233 297 (72)
64: 128 159 187 (71)
65: 59 209 341 (73)
66: 113 139 182 269 388 (72)
67: 15 51 73 96 241 328 (72)
68: 3 36 172 310 315 (73)
69: 57 216 302 320 (72)
70: 145 268 303 322 (73)
71: 195 206 248 319 363 375 (73)
72: 81 90 123 232 336 366 (73)
73: 54 75 164 247 (71)
74: 32 42 215 253 (73)
75: 14 194 238 281 (71)
76: 44 114 120 278 339 (72)
77: 163 184 255 264 (70)
78: 5 157 271 368 (72)
79: 55 86 252 277 286 (73)
80: 10 66 78 94 305 314 338 (73)
81: 119 146 173 196 217 282 331 351 (73)
82: 69 308 347 383 (73)
83: 47 169 307 345 (73)
84: 6 48 224 272 (73)
85: 62 150 177 200 358 (73)
