Name: 600-40-60
Time: 49.01641273498535 
Result: 11
Solution: 20 4 34 30 83 84 85 99 60 40 28 43 38 71 45 92 76 30 8 28 68 27 83 18 22 45 71 53 10 73 22 98 33 44 24 14 80 6 79 66 2 66 46 83 77 87 99 36 28 89 81 56 65 75 22 85 6 44 95 7 86 2 33 29 44 83 7 68 100 33 87 15 53 48 83 9 65 70 54 45 101 54 76 80 96 86 63 61 22 76 81 102 6 56 62 1 25 22 1 88 26 61 75 70 67 43 76 74 95 15 69 47 17 26 2 23 77 80 22 88 86 3 52 91 90 38 48 85 52 4 1 63 57 63 99 43 3 72 91 93 80 90 41 35 8 57 4 37 10 27 97 74 43 80 29 100 36 26 42 40 63 100 93 5 62 82 43 11 51 32 79 13 89 4 75 79 77 41 65 43 48 24 51 69 46 78 54 29 75 1 4 87 54 73 21 26 77 48 42 58 59 101 31 46 101 56 49 15 41 96 102 79 54 69 32 13 94 12 89 44 77 4 97 91 8 63 20 27 77 52 57 77 54 93 73 51 100 90 55 72 19 15 81 27 88 25 87 5 92 0 6 41 71 91 23 43 20 77 41 22 3 69 41 10 67 91 39 102 12 8 17 40 66 21 84 72 80 3 95 102 98 98 92 19 65 9 100 47 97 40 25 82 34 41 80 86 39 14 60 74 96 100 66 86 59 19 26 27 17 66 61 28 48 34 93 102 22 30 17 18 52 56 15 94 58 98 18 70 37 61 27 84 18 26 88 46 21 71 64 17 50 34 58 31 17 58 35 13 32 71 57 1 7 25 43 78 71 42 4 34 102 99 33 16 100 75 59 49 73 33 82 5 94 67 36 68 10 2 90 50 63 33 24 49 0 60 54 74 14 62 59 97 43 87 46 70 9 61 11 80 56 35 84 34 48 62 37 52 36 23 102 55 11 21 0 44 53 67 64 46 89 0 49 59 18 24 47 40 76 95 66 22 23 73 16 95 51 30 41 22 38 24 12 6 97 25 86 31 85 60 23 95 21 45 101 45 62 87 96 23 78 78 69 43 59 7 97 18 5 20 89 36 31 10 32 50 15 31 12 28 98 79 21 38 29 65 7 90 94 60 4 64 88 34 81 83 24 64 92 33 55 16 89 85 22 45 56 64 69 29 63 40 4 73 59 70 68 46 43 25 10 2 56 52 16 52 65 51 81 22 6 25 19 95 96 37 8 40 60 79 53 91 50 77 29 14 77 30 39 38 5 12 53 17 6 36 72 85 56 49 60 36 67 43 35 53 63 86 21 85 32 62 94 7 49 82 102 36 86 21 67 93 12 84 34 26 77 51 13 28 11 12 15 13 83 74 57 58 42 96 
0: 249 384 414 421 (44)
1: 95 98 130 189 351 (44)
2: 40 61 114 377 521 (44)
3: 121 136 260 277 (44)
4: 1 129 146 173 190 221 358 490 512 (44)
5: 163 247 371 468 550 (44)
6: 37 56 92 250 443 530 554 (44)
7: 59 66 352 465 486 573 (45)
8: 18 144 224 269 536 (44)
9: 75 285 396 (52)
10: 28 148 263 376 473 520 (45)
11: 167 398 412 590 (44)
12: 217 268 442 478 551 582 591 (44)
13: 171 215 347 588 593 (45)
14: 35 297 388 545 (45)
15: 71 109 207 241 322 476 592 (44)
16: 363 434 501 524 (44)
17: 112 270 308 318 339 344 553 (45)
18: 23 319 326 332 424 467 (48)
19: 240 283 305 532 (45)
20: 0 226 256 469 (46)
21: 194 273 336 413 452 482 568 579 (44)
22: 24 30 54 88 97 118 259 316 431 439 504 529 (44)
23: 115 254 409 432 450 459 (44)
24: 34 181 382 425 441 496 (45)
25: 96 245 290 353 445 519 531 (45)
26: 100 113 157 195 306 333 585 (44)
27: 21 149 227 243 307 330 (44)
28: 10 19 48 311 479 589 (44)
29: 63 154 187 484 509 544 (44)
30: 3 17 317 437 547 (46)
31: 202 343 447 472 477 (46)
32: 169 214 348 474 570 (44)
33: 32 62 69 362 369 381 499 (50)
34: 2 292 313 341 359 403 493 584 (54)
35: 143 346 401 564 (46)
36: 47 156 374 408 471 555 561 577 (47)
37: 147 328 406 535 (46)
38: 12 125 440 483 549 (45)
39: 266 296 548 (44)
40: 9 159 271 289 427 511 537 (44)
41: 142 177 208 251 258 262 293 438 (45)
42: 158 198 357 598 (45)
43: 11 105 135 152 166 179 255 354 392 463 518 563 (45)
44: 33 57 64 219 415 (47)
45: 14 25 79 453 455 505 (53)
46: 42 184 203 335 394 419 517 (45)
47: 111 287 426 (54)
48: 73 126 180 197 312 404 (44)
49: 206 367 383 422 559 574 (49)
50: 340 379 475 542 (54)
51: 168 182 235 436 527 587 (53)
52: 122 128 229 320 407 523 525 (45)
53: 27 72 416 540 552 565 (47)
54: 78 81 186 192 212 232 386 (46)
55: 238 411 500 (51)
56: 51 93 205 321 400 506 522 558 (54)
57: 132 145 230 350 596 (50)
58: 199 324 342 345 597 (55)
59: 200 304 366 390 423 464 514 (48)
60: 8 298 385 449 489 538 560 (44)
61: 87 101 310 329 397 (50)
62: 94 164 389 405 456 571 (49)
63: 86 131 133 160 225 380 510 566 (53)
64: 338 418 491 497 507 (55)
65: 52 76 178 284 485 526 (55)
66: 39 41 272 302 309 430 (55)
67: 104 264 373 417 562 580 (55)
68: 20 67 375 516 (55)
69: 110 183 213 261 462 508 (55)
70: 77 103 327 395 515 (55)
71: 13 26 252 337 349 356 (54)
72: 137 239 275 556 (55)
73: 29 193 234 368 433 513 (55)
74: 107 151 299 387 595 (55)
75: 53 102 174 188 365 (55)
76: 16 82 89 106 428 (55)
77: 44 116 176 196 220 228 231 257 543 546 586 (55)
78: 185 355 460 461 (55)
79: 38 170 175 211 481 539 (54)
80: 36 83 117 140 153 276 294 399 (54)
81: 50 90 242 494 528 (55)
82: 165 291 370 575 (54)
83: 4 22 43 65 74 495 594 (54)
84: 5 274 331 402 583 (55)
85: 6 55 127 448 503 557 569 (53)
86: 60 85 120 295 303 446 567 578 (54)
87: 45 70 191 246 393 457 (55)
88: 99 119 244 334 492 (55)
89: 49 172 218 420 470 502 (55)
90: 124 141 237 378 487 (55)
91: 123 138 223 253 265 541 (55)
92: 15 248 282 498 (55)
93: 139 162 233 314 581 (55)
94: 216 323 372 488 572 (55)
95: 58 108 278 429 435 451 533 (55)
96: 84 209 300 458 534 599 (55)
97: 150 222 288 391 444 466 (55)
98: 31 280 281 325 480 (55)
99: 7 46 134 361 (55)
100: 68 155 161 236 286 301 364 (55)
101: 80 201 204 454 (55)
102: 91 210 267 279 315 360 410 576 (55)
