Name: 600-20-30
Time: 604.7369849681854 
Result: 7
Solution: 65 134 135 93 139 17 102 45 34 77 35 26 33 15 96 127 9 129 88 122 135 140 70 127 46 56 120 25 10 2 26 62 83 38 48 8 24 68 113 132 20 52 76 91 100 1 142 13 73 125 81 123 89 67 80 110 74 21 74 29 124 90 75 62 96 2 64 139 22 18 49 19 130 79 108 39 20 109 114 124 25 23 40 58 115 66 13 33 84 132 68 42 80 131 97 12 117 18 129 29 142 145 79 126 101 82 1 144 60 50 92 85 137 49 130 95 84 36 80 23 88 140 142 60 135 2 105 95 50 75 40 133 133 69 129 110 28 114 52 117 51 112 25 105 146 61 86 90 104 112 6 36 10 60 137 22 51 99 55 134 23 66 48 130 55 42 12 44 115 76 106 144 122 118 16 97 15 128 127 20 6 148 85 36 96 89 84 102 100 19 89 75 27 31 24 38 1 23 98 44 0 149 113 117 129 144 71 145 8 30 147 139 81 94 92 147 118 109 36 126 74 7 50 53 95 78 26 144 140 31 149 124 27 58 68 90 70 108 89 72 145 67 0 127 125 138 139 35 118 142 14 82 102 69 148 88 72 15 53 9 76 143 94 86 121 64 83 77 59 115 116 57 92 63 108 59 80 10 111 62 12 81 123 102 77 56 16 100 87 6 131 73 28 31 72 19 117 100 17 5 23 11 61 15 47 53 38 64 52 37 117 128 58 86 52 53 5 47 71 101 91 63 143 17 143 10 85 95 83 1 3 37 135 148 92 119 146 105 144 46 31 39 50 67 107 87 21 104 34 19 125 147 135 110 108 94 111 34 125 49 38 138 22 44 39 120 33 132 126 123 87 40 108 103 71 69 78 7 136 6 30 11 84 25 102 39 0 83 97 41 7 4 93 49 41 70 73 37 22 19 102 15 102 107 133 126 25 113 12 1 73 57 29 113 23 92 32 138 0 65 134 5 27 61 9 3 3 62 79 61 97 6 1 18 119 122 43 107 45 98 32 58 63 59 131 4 107 45 54 80 122 84 11 100 3 44 38 121 43 55 45 84 34 116 57 148 51 121 141 30 40 63 140 71 16 147 36 120 29 88 133 13 58 10 114 29 78 30 84 103 7 132 16 29 46 116 11 140 48 13 43 14 67 55 5 85 64 21 54 83 47 91 78 14 59 137 112 129 70 65 109 17 96 14 65 138 32 34 74 19 8 102 128 149 20 91 130 47 9 101 64 101 123 33 103 118 127 136 115 149 82 116 73 58 42 76 5 103 139 40 126 100 93 106 40 113 140 141 28 43 50 106 68 43 72 110 145 97 118 69 107 89 99 124 146 79 66 60 9 121 63 4 90 57 24 46 52 91 41 2 
0: 200 242 386 418 (22)
1: 45 106 196 329 409 432 (22)
2: 29 65 125 599 (21)
3: 330 425 426 454 (21)
4: 391 445 591 (21)
5: 299 316 421 504 556 (24)
6: 150 180 289 379 431 (21)
7: 221 377 390 490 (22)
8: 35 208 530 (22)
9: 16 259 424 538 588 (21)
10: 28 152 277 325 483 (22)
11: 301 381 452 496 (25)
12: 95 166 280 408 (21)
13: 47 86 481 499 (21)
14: 250 501 513 523 (21)
15: 13 176 257 303 401 (21)
16: 174 286 474 492 (21)
17: 5 298 323 521 (21)
18: 69 97 433 (25)
19: 71 189 295 349 399 529 (22)
20: 40 76 179 534 (21)
21: 57 346 507 (21)
22: 68 155 362 398 (21)
23: 81 119 160 197 300 414 (21)
24: 36 194 594 (22)
25: 27 80 142 383 406 (21)
26: 11 30 226 (23)
27: 192 232 422 (21)
28: 136 292 568 (21)
29: 59 99 412 478 485 493 (21)
30: 209 380 469 487 (27)
31: 193 229 293 340 (23)
32: 416 440 526 (27)
33: 12 87 366 543 (21)
34: 8 348 357 462 527 (26)
35: 10 247 (21)
36: 117 151 183 218 476 (23)
37: 309 331 397 (21)
38: 33 195 306 360 456 (26)
39: 75 341 364 385 (24)
40: 82 130 371 470 559 564 (23)
41: 389 394 598 (24)
42: 91 165 554 (21)
43: 436 458 500 569 573 (25)
44: 167 199 363 455 (27)
45: 7 438 447 460 (21)
46: 24 339 494 595 (21)
47: 304 317 510 537 (21)
48: 34 162 498 (23)
49: 70 113 359 393 (21)
50: 109 128 222 342 570 (28)
51: 140 156 466 (25)
52: 41 138 308 314 596 (22)
53: 223 258 305 315 (23)
54: 448 508 (27)
55: 158 164 459 503 (23)
56: 25 285 (21)
57: 271 411 464 593 (28)
58: 83 233 312 441 482 553 (22)
59: 268 275 443 514 (22)
60: 108 123 153 587 (21)
61: 145 302 423 429 (28)
62: 31 63 279 427 (24)
63: 273 321 442 471 590 (28)
64: 66 265 307 506 540 (27)
65: 0 419 519 524 (21)
66: 85 161 586 (22)
67: 53 241 343 502 (27)
68: 37 90 234 572 (24)
69: 133 253 375 579 (22)
70: 22 236 395 518 (28)
71: 206 318 374 473 (27)
72: 239 256 294 574 (22)
73: 48 291 396 410 552 (26)
74: 56 58 220 528 (28)
75: 62 129 191 (23)
76: 42 169 260 555 (27)
77: 9 267 284 (28)
78: 225 376 486 512 (28)
79: 73 102 428 585 (26)
80: 54 92 118 276 449 (26)
81: 50 212 281 (28)
82: 105 251 550 (27)
83: 32 266 328 387 509 (28)
84: 88 116 186 382 451 461 488 (28)
85: 111 182 326 505 (28)
86: 146 263 313 (21)
87: 288 345 370 (23)
88: 18 120 255 479 (27)
89: 52 185 190 238 581 (27)
90: 61 147 235 592 (28)
91: 43 320 511 535 597 (27)
92: 110 214 272 334 415 (28)
93: 3 392 562 (28)
94: 213 262 355 (28)
95: 115 127 224 327 (27)
96: 14 64 184 522 (28)
97: 94 175 388 430 577 (26)
98: 198 439 (27)
99: 157 582 (21)
100: 44 188 287 297 453 561 (28)
101: 104 319 539 541 (28)
102: 6 187 252 283 384 400 402 531 (28)
103: 373 489 544 557 (28)
104: 148 347 (23)
105: 126 143 337 (28)
106: 170 563 571 (25)
107: 344 403 437 446 580 (21)
108: 74 237 274 354 372 (28)
109: 77 217 520 (28)
110: 55 135 353 575 (25)
111: 278 356 (26)
112: 141 149 516 (25)
113: 38 202 407 413 565 (27)
114: 78 137 484 (28)
115: 84 168 269 548 (28)
116: 270 463 495 551 (28)
117: 96 139 203 296 310 (28)
118: 173 216 248 545 578 (28)
119: 335 434 (28)
120: 26 365 477 (28)
121: 264 457 467 589 (28)
122: 19 172 435 450 (28)
123: 51 282 369 542 (28)
124: 60 79 231 583 (28)
125: 49 244 350 358 (28)
126: 103 219 368 405 560 (28)
127: 15 23 178 243 546 (28)
128: 177 311 532 (28)
129: 17 98 134 204 517 (28)
130: 72 114 163 536 (27)
131: 93 290 444 (28)
132: 39 89 367 491 (27)
133: 131 132 404 480 (28)
134: 1 159 420 (28)
135: 2 20 124 332 352 (28)
136: 378 547 (28)
137: 112 154 515 (27)
138: 245 361 417 525 (28)
139: 4 67 211 246 558 (28)
140: 21 121 228 472 497 566 (28)
141: 468 567 (23)
142: 46 100 122 249 (26)
143: 261 322 324 (27)
144: 107 171 205 227 338 (28)
145: 101 207 240 576 (28)
146: 144 336 584 (27)
147: 210 215 351 475 (28)
148: 181 254 333 465 (28)
149: 201 230 533 549 (28)
