Name: 600-30-45
Time: 504.50963020324707 
Result: 9
Solution: 74 1 108 12 99 97 52 123 66 94 95 83 103 88 75 46 40 129 54 47 70 32 55 91 73 90 110 103 96 125 25 64 73 0 111 0 78 51 49 7 127 44 110 107 133 86 18 88 56 122 30 48 128 55 40 109 108 133 15 132 9 134 102 105 83 25 71 60 111 106 43 99 63 22 134 68 62 73 58 121 90 81 67 118 42 121 99 86 4 92 19 130 118 49 86 66 32 74 59 123 92 87 15 5 24 135 5 102 24 2 2 101 14 84 107 85 34 52 19 113 91 85 65 11 98 79 97 110 10 9 131 0 6 129 34 77 120 94 120 120 99 6 112 50 89 10 36 86 113 24 6 81 35 33 130 101 3 87 83 14 39 54 128 15 112 3 86 31 124 6 59 62 93 119 124 99 120 41 127 106 2 95 127 93 87 72 13 60 27 129 110 106 44 82 9 83 112 9 34 135 83 104 116 109 7 96 95 73 57 43 117 36 78 33 54 132 95 66 116 20 126 63 28 104 21 44 39 65 96 1 81 75 4 89 41 36 19 25 76 46 28 123 102 123 93 29 117 119 131 30 124 60 14 17 11 13 95 84 10 94 14 42 68 79 134 34 127 52 43 93 5 50 130 82 134 21 23 24 114 3 61 11 120 105 48 10 44 57 9 101 16 92 110 48 87 20 106 131 83 31 98 51 62 91 7 86 49 15 48 102 96 62 22 95 116 17 121 3 90 119 21 114 68 22 105 70 85 103 79 53 33 89 121 122 87 56 42 25 30 31 135 93 63 50 47 88 135 43 65 81 78 4 71 113 46 71 131 134 17 10 31 20 108 126 91 105 50 7 98 50 82 7 67 1 79 24 121 1 14 130 82 12 63 14 22 90 8 74 73 94 21 29 49 115 28 33 118 23 30 126 130 77 8 60 52 96 26 118 115 112 129 120 65 14 80 75 69 25 106 105 28 26 82 110 7 113 109 77 20 132 76 98 88 135 85 69 1 47 72 72 12 102 5 37 31 58 133 38 84 117 57 69 131 125 80 21 26 45 122 126 115 81 103 25 61 63 104 34 125 78 8 76 122 80 47 41 100 134 116 28 35 66 106 112 128 59 32 86 53 78 59 29 77 102 35 0 84 70 98 40 48 67 88 51 46 93 129 66 109 135 33 97 40 23 121 58 113 115 103 12 53 11 38 45 88 74 32 39 22 75 130 19 117 52 66 115 89 119 41 125 115 16 78 114 18 127 38 67 79 75 8 92 51 34 114 103 20 70 99 60 130 73 57 62 56 16 46 132 18 111 37 67 69 9 96 47 64 16 81 100 96 37 81 108 107 114 39 109 124 123 102 27 21 75 97 100 1 111 89 89 
0: 33 35 131 495 (33)
1: 1 229 373 377 436 596 (33)
2: 109 110 180 (33)
3: 156 165 279 317 (33)
4: 88 232 351 (33)
5: 103 106 270 442 (33)
6: 132 141 150 169 (33)
7: 39 204 304 367 371 424 (33)
8: 386 402 470 550 (33)
9: 60 129 194 197 288 573 (33)
10: 128 145 258 285 359 (34)
11: 123 254 281 521 (33)
12: 3 381 440 519 (34)
13: 186 255 (33)
14: 112 159 252 260 378 383 413 (33)
15: 58 102 163 307 (33)
16: 290 541 565 577 (33)
17: 253 315 358 (33)
18: 46 544 568 (33)
19: 90 118 236 531 (33)
20: 219 295 361 428 556 (33)
21: 224 275 320 390 455 592 (33)
22: 73 312 323 384 528 (33)
23: 276 397 513 (37)
24: 104 108 149 277 375 (36)
25: 30 65 237 337 417 463 (33)
26: 406 421 456 (33)
27: 188 591 (33)
28: 222 240 394 420 479 (34)
29: 245 391 491 (33)
30: 50 249 338 398 (33)
31: 167 299 339 360 444 (33)
32: 21 96 486 526 (33)
33: 153 213 330 395 510 (33)
34: 116 134 198 265 467 553 (33)
35: 152 480 494 (34)
36: 146 211 235 (33)
37: 443 570 581 (34)
38: 447 522 546 (35)
39: 160 226 527 586 (33)
40: 16 54 499 512 (33)
41: 177 234 475 538 (33)
42: 84 261 336 (33)
43: 70 209 268 347 (34)
44: 41 192 225 286 (33)
45: 457 523 (35)
46: 15 239 354 504 566 (33)
47: 19 344 437 474 575 (34)
48: 51 284 293 308 500 (33)
49: 38 93 306 392 (34)
50: 143 271 343 366 369 (36)
51: 37 301 503 552 (35)
52: 6 117 267 404 533 (34)
53: 329 488 520 (33)
54: 18 161 214 (33)
55: 22 53 (35)
56: 48 335 564 (33)
57: 208 287 450 562 (34)
58: 78 445 515 (35)
59: 98 170 485 490 (35)
60: 67 187 251 403 559 (33)
61: 280 464 (38)
62: 76 171 302 311 563 (40)
63: 72 221 342 382 465 (33)
64: 31 576 (37)
65: 122 227 348 412 (40)
66: 8 95 217 481 507 534 (37)
67: 82 372 501 547 571 (37)
68: 75 262 322 (41)
69: 416 435 451 572 (41)
70: 20 325 497 557 (42)
71: 66 352 355 (37)
72: 185 438 439 (41)
73: 24 32 77 207 388 561 (42)
74: 0 97 387 525 (40)
75: 14 231 415 529 549 593 (34)
76: 238 430 471 (41)
77: 135 401 427 492 (42)
78: 36 212 350 469 489 542 (38)
79: 125 263 328 374 548 (42)
80: 414 454 473 (42)
81: 81 151 230 349 461 578 582 (42)
82: 193 273 370 380 422 (41)
83: 11 64 158 195 200 298 (40)
84: 113 257 448 496 (39)
85: 115 121 326 434 (41)
86: 45 87 94 147 166 305 487 (41)
87: 101 157 184 294 334 (40)
88: 13 47 345 432 502 524 (42)
89: 144 233 331 536 598 599 (39)
90: 25 80 318 385 (40)
91: 23 120 303 364 (41)
92: 89 100 291 551 (41)
93: 172 183 244 269 341 505 (42)
94: 9 137 259 389 (42)
95: 10 181 206 216 256 313 (42)
96: 28 205 228 310 405 574 580 (39)
97: 5 126 511 594 (42)
98: 124 300 368 431 498 (42)
99: 4 71 86 140 175 558 (41)
100: 476 579 595 (42)
101: 111 155 289 (41)
102: 62 107 242 309 441 493 590 (41)
103: 12 27 327 462 518 555 (42)
104: 201 223 466 (42)
105: 63 283 324 365 419 (42)
106: 69 179 191 296 418 482 (42)
107: 43 114 584 (42)
108: 2 56 362 583 (42)
109: 55 203 426 508 587 (42)
110: 26 42 127 190 292 423 (42)
111: 34 68 569 597 (42)
112: 142 164 196 409 483 (40)
113: 119 148 353 425 516 (42)
114: 278 321 543 554 585 (42)
115: 393 408 460 517 535 540 (42)
116: 202 218 314 478 (42)
117: 210 246 449 532 (42)
118: 83 92 396 407 (40)
119: 173 247 319 537 (42)
120: 136 138 139 176 282 411 (42)
121: 79 85 316 332 376 514 (41)
122: 49 333 458 472 (42)
123: 7 99 241 243 589 (41)
124: 168 174 250 588 (42)
125: 29 453 468 539 (42)
126: 220 363 399 459 (39)
127: 40 178 182 266 545 (42)
128: 52 162 484 (42)
129: 17 133 189 410 506 (42)
130: 91 154 272 379 400 530 560 (41)
131: 130 248 297 356 452 (34)
132: 59 215 429 567 (39)
133: 44 57 446 (42)
134: 61 74 264 274 357 477 (42)
135: 105 199 340 346 433 509 (42)
