Name: 600-50-80
Time: 604.7452223300934 
Result: 21
Solution: 0 91 135 143 19 23 99 122 89 10 111 120 93 104 32 73 37 38 8 125 51 74 113 136 67 72 140 59 80 122 114 87 13 90 30 15 49 115 101 42 40 54 139 10 75 143 128 82 130 95 98 121 13 49 125 16 133 129 26 1 112 5 119 143 104 112 7 19 72 143 59 122 97 91 132 117 120 43 59 2 3 99 111 93 60 122 80 133 120 110 18 95 19 25 60 123 61 20 115 115 131 117 83 106 50 33 86 36 99 11 24 15 102 135 139 8 55 131 54 49 93 122 113 129 5 128 140 16 98 66 118 52 45 141 124 101 4 55 98 101 0 22 13 136 28 132 111 76 90 20 137 64 110 25 96 92 107 6 134 37 58 129 50 40 136 100 132 123 106 128 40 79 140 1 111 72 105 123 104 22 109 0 51 92 32 39 136 128 143 85 133 19 4 65 135 90 17 77 119 67 124 11 119 67 124 87 107 54 34 135 106 46 23 143 0 75 28 12 69 55 103 0 15 76 38 32 77 52 68 46 129 44 17 140 125 22 110 41 45 65 84 76 46 51 80 41 63 113 95 29 127 141 98 86 40 48 68 32 96 33 59 19 69 78 45 101 75 90 61 85 27 88 74 75 48 86 31 140 110 44 140 109 126 69 111 49 83 69 56 106 76 131 82 68 85 131 133 92 94 119 5 124 143 67 73 47 111 107 112 80 141 23 81 10 48 57 101 127 88 20 39 131 55 4 127 65 116 110 21 35 80 32 84 9 61 83 142 64 97 5 128 21 8 91 141 4 3 102 133 18 14 101 25 116 101 3 34 50 54 114 36 137 17 33 81 94 132 143 19 13 82 6 72 123 86 2 38 63 84 71 7 14 82 109 21 35 12 121 109 40 42 103 15 96 24 94 102 57 125 100 124 106 69 72 16 78 81 91 108 88 12 137 118 121 95 40 79 3 74 134 80 62 53 47 7 35 137 138 9 19 41 85 134 92 20 28 53 81 32 56 139 125 117 139 65 24 6 93 27 66 4 61 134 108 1 41 113 35 98 68 105 69 89 30 70 49 22 60 101 70 56 84 11 10 58 20 5 58 96 73 50 56 97 1 71 73 121 41 34 117 52 140 104 11 28 81 127 138 29 47 66 41 138 50 136 78 130 77 58 9 130 46 11 18 26 55 81 106 123 31 11 138 126 63 42 82 10 20 27 105 61 25 121 85 12 139 98 28 120 132 2 107 94 79 29 69 59 38 22 24 75 46 134 83 84 95 53 35 64 27 39 15 43 65 10 59 122 139 35 122 62 45 67 112 120 135 53 89 38 118 25 108 116 16 14 31 126 91 7 142 110 64 108 116 18 126 4 48 26 29 
0: 0 140 181 214 221 (56)
1: 59 173 454 483 (57)
2: 79 375 540 (56)
3: 80 346 355 417 (56)
4: 136 192 323 345 450 596 (55)
5: 61 124 300 339 476 (59)
6: 157 371 446 (57)
7: 66 380 424 588 (58)
8: 18 115 342 (57)
9: 333 428 509 (55)
10: 9 43 313 473 526 564 (57)
11: 109 201 472 493 512 520 (55)
12: 217 386 410 534 (55)
13: 32 52 142 369 (56)
14: 350 381 584 (59)
15: 35 111 222 392 561 (75)
16: 55 127 404 583 (58)
17: 196 232 362 (56)
18: 90 349 513 594 (58)
19: 4 67 92 191 261 368 429 (61)
20: 97 149 319 434 475 527 (55)
21: 328 341 384 (55)
22: 141 179 235 466 548 (55)
23: 5 212 311 (55)
24: 110 394 445 549 (56)
25: 93 153 352 531 580 (56)
26: 58 514 598 (59)
27: 270 448 528 559 (58)
28: 144 216 435 494 537 (56)
29: 249 498 544 599 (56)
30: 34 463 (55)
31: 276 519 585 (66)
32: 14 184 225 257 331 438 (63)
33: 105 259 363 (59)
34: 208 356 488 (57)
35: 329 385 425 457 557 568 (67)
36: 107 360 (58)
37: 16 159 (55)
38: 17 224 376 547 578 (55)
39: 185 320 560 (68)
40: 40 163 170 254 389 415 (59)
41: 237 245 430 455 487 501 (55)
42: 39 390 524 (57)
43: 77 562 (62)
44: 231 279 (60)
45: 132 238 264 571 (63)
46: 211 229 242 511 551 (58)
47: 305 423 499 (56)
48: 255 274 314 597 (57)
49: 36 53 119 285 465 (55)
50: 104 162 357 480 503 (59)
51: 20 182 243 (57)
52: 131 227 490 (58)
53: 422 436 556 576 (63)
54: 41 118 207 358 (57)
55: 116 137 219 322 515 (57)
56: 288 439 470 481 (55)
57: 315 397 (60)
58: 160 474 477 508 (63)
59: 27 70 78 260 546 565 (59)
60: 84 94 467 (58)
61: 96 268 334 451 530 (56)
62: 421 570 (56)
63: 246 377 523 (72)
64: 151 337 558 591 (56)
65: 193 239 325 444 563 (71)
66: 129 449 500 (59)
67: 24 199 203 303 572 (60)
68: 228 256 293 459 (58)
69: 218 262 283 287 402 461 545 (64)
70: 464 469 (74)
71: 379 484 (76)
72: 25 68 175 372 403 (76)
73: 15 304 479 485 (68)
74: 21 272 418 (72)
75: 44 215 266 273 550 (67)
76: 147 223 241 290 (70)
77: 197 226 507 (55)
78: 263 405 505 (72)
79: 171 416 543 (67)
80: 28 86 244 309 330 420 (63)
81: 312 364 406 437 495 516 (67)
82: 47 292 370 382 525 (68)
83: 102 286 335 553 (76)
84: 240 332 378 471 554 (76)
85: 189 269 294 431 533 (73)
86: 106 253 275 374 (71)
87: 31 205 (76)
88: 271 318 409 (64)
89: 8 462 577 (70)
90: 33 148 195 267 (73)
91: 1 73 343 407 587 (75)
92: 155 183 297 433 (76)
93: 12 83 120 447 (72)
94: 298 365 395 542 (76)
95: 49 91 248 414 555 (73)
96: 154 258 393 478 (76)
97: 72 338 482 (75)
98: 50 128 138 252 458 536 (73)
99: 6 81 108 (71)
100: 165 399 (56)
101: 38 135 139 265 316 351 354 468 (73)
102: 112 347 396 (58)
103: 220 391 (74)
104: 13 64 178 492 (60)
105: 176 460 529 (74)
106: 103 168 210 289 401 517 (74)
107: 156 206 307 541 (75)
108: 408 453 581 592 (74)
109: 180 281 383 388 (74)
110: 89 152 236 278 327 590 (76)
111: 10 82 146 174 284 306 (73)
112: 60 65 308 573 (76)
113: 22 122 247 456 (76)
114: 30 359 (76)
115: 37 98 99 (75)
116: 326 353 582 593 (76)
117: 75 101 442 489 (76)
118: 130 412 579 (68)
119: 62 198 202 299 (61)
120: 11 76 88 538 574 (76)
121: 51 387 413 486 532 (76)
122: 7 29 71 85 121 566 569 (76)
123: 95 167 177 373 518 (76)
124: 134 200 204 301 400 (76)
125: 19 54 234 398 441 (76)
126: 282 522 586 595 (76)
127: 250 317 324 496 (76)
128: 46 125 169 187 340 (76)
129: 57 123 161 230 (76)
130: 48 506 510 (76)
131: 100 117 291 295 321 (76)
132: 74 145 166 366 539 (76)
133: 56 87 190 296 348 (76)
134: 158 419 432 452 552 (76)
135: 2 113 194 209 575 (76)
136: 23 143 164 186 504 (76)
137: 150 361 411 426 (72)
138: 427 497 502 521 (76)
139: 42 114 440 443 535 567 (76)
140: 26 126 172 233 277 280 491 (76)
141: 133 251 310 344 (75)
142: 336 589 (76)
143: 3 45 63 69 188 213 302 367 (75)
