Name: 800-50-80
Time: 607.9304089546204 
Result: 24
Solution: 46 183 58 113 107 11 132 42 39 10 175 163 35 3 130 52 165 128 32 119 146 105 16 171 94 94 8 102 159 155 177 80 26 101 64 47 170 51 109 129 72 164 141 6 135 155 14 39 106 66 120 97 77 61 25 163 48 112 19 94 131 43 166 166 158 54 8 132 19 122 37 125 161 63 165 137 168 14 12 136 37 105 48 149 93 158 96 55 34 109 171 19 95 142 71 114 9 110 156 144 118 68 88 32 97 179 118 80 104 165 161 82 65 13 170 7 85 3 64 134 130 56 166 145 168 154 51 31 9 128 2 166 143 82 179 167 110 142 27 12 131 39 182 136 172 89 86 106 75 162 42 127 177 7 147 153 115 113 30 169 126 4 42 113 18 47 72 40 34 165 24 133 81 58 53 178 175 75 10 170 122 148 88 74 4 80 49 114 110 122 33 72 160 115 92 129 3 100 63 143 134 114 61 155 149 134 80 95 137 100 15 5 152 20 114 22 128 67 175 40 114 102 153 96 59 44 164 126 129 54 77 42 138 56 44 25 37 134 41 169 142 106 144 127 67 41 45 17 24 162 0 166 27 56 20 68 137 94 156 52 4 184 101 151 47 167 115 128 7 26 149 30 133 24 160 52 94 116 142 23 157 152 56 146 110 113 78 153 101 179 116 51 138 139 127 135 10 172 173 23 48 133 16 64 153 87 50 140 59 38 87 117 66 40 118 29 159 57 184 85 104 145 181 2 136 140 46 124 121 110 123 167 24 12 169 82 21 178 36 29 14 96 72 109 30 94 49 162 91 4 118 126 138 110 25 23 172 65 94 107 53 151 28 150 144 132 92 135 60 41 53 68 181 69 21 148 12 145 16 146 82 106 170 157 141 69 20 10 22 41 105 123 68 14 101 1 160 155 38 99 18 76 92 173 93 155 174 65 81 162 170 164 169 107 70 157 0 89 180 137 171 28 95 90 36 83 75 15 2 174 79 21 157 161 66 73 127 169 159 159 20 122 139 43 17 100 62 93 106 63 174 136 182 32 175 130 19 150 139 15 148 112 125 116 162 24 57 100 15 61 129 78 57 106 32 67 163 71 31 124 69 123 37 167 108 180 129 25 30 135 26 160 52 183 178 33 159 172 87 103 20 179 75 117 88 176 85 182 103 38 80 135 168 56 62 149 134 70 151 62 166 86 1 5 83 123 163 48 135 47 147 101 98 87 37 18 13 77 155 157 108 34 65 152 72 124 84 154 13 61 6 148 60 171 183 182 57 161 23 74 108 87 40 184 127 134 150 103 162 2 128 96 158 107 36 17 131 61 147 176 120 62 72 16 127 20 34 181 33 121 173 154 22 5 136 28 141 27 22 105 106 27 144 135 97 145 156 155 142 43 79 108 101 0 119 10 175 65 102 152 98 83 73 45 161 3 176 41 58 18 180 50 108 109 140 175 0 157 60 79 35 2 82 111 99 62 147 90 49 172 131 14 54 97 8 112 115 49 3 73 147 126 108 78 21 177 114 141 172 151 171 144 161 45 74 117 80 166 36 134 46 144 48 123 49 142 7 18 125 126 12 1 135 71 99 154 74 179 26 150 138 128 137 96 181 89 57 125 13 39 92 82 149 51 42 86 53 144 119 46 130 26 87 111 145 127 120 164 3 162 182 148 81 139 120 98 6 95 134 17 91 184 76 70 6 84 55 169 50 148 29 74 180 174 146 182 86 180 46 73 112 69 174 173 9 177 113 43 179 44 92 168 160 29 170 28 143 83 156 104 142 111 11 100 132 181 126 72 184 91 9 35 178 8 122 4 131 155 151 65 
0: 250 416 613 636 (56)
1: 395 522 691 (54)
2: 130 323 428 569 641 (59)
3: 13 117 196 625 658 728 (54)
4: 161 184 260 349 795 (54)
5: 211 523 593 (59)
6: 43 550 736 744 (54)
7: 115 153 268 686 (54)
8: 26 66 654 793 (54)
9: 96 128 764 790 (60)
10: 9 178 296 387 615 (55)
11: 5 782 (56)
12: 78 139 333 376 690 (54)
13: 113 536 548 708 (57)
14: 46 77 340 393 651 (55)
15: 210 427 459 468 (59)
16: 22 302 378 583 (56)
17: 247 444 575 739 (54)
18: 164 400 535 629 687 (54)
19: 58 68 91 456 (68)
20: 213 254 386 440 500 585 (56)
21: 336 374 431 664 (57)
22: 215 388 592 598 (54)
23: 279 299 355 558 (55)
24: 170 248 273 332 465 (55)
25: 54 235 354 487 (54)
26: 32 269 490 698 721 (54)
27: 138 252 597 601 (54)
28: 362 421 595 775 (54)
29: 315 339 750 773 (63)
30: 158 271 344 488 (55)
31: 127 478 (54)
32: 18 103 453 474 (54)
33: 190 495 588 (59)
34: 88 168 541 586 (55)
35: 12 640 791 (57)
36: 338 424 574 678 (54)
37: 70 80 236 482 534 (54)
38: 309 398 509 (54)
39: 8 47 141 709 (60)
40: 167 219 313 562 (56)
41: 238 245 369 389 627 (62)
42: 7 150 162 231 714 (55)
43: 61 443 609 767 (63)
44: 225 234 769 (54)
45: 246 623 673 (54)
46: 0 326 680 719 758 (54)
47: 35 165 264 529 (54)
48: 56 82 300 527 682 (54)
49: 186 346 648 657 684 (54)
50: 306 631 748 (54)
51: 37 126 291 713 (55)
52: 15 259 275 492 (54)
53: 174 360 370 716 (62)
54: 65 229 652 (56)
55: 87 746 (54)
56: 121 233 253 282 513 (59)
57: 317 466 472 556 706 (62)
58: 2 173 628 (54)
59: 224 308 (56)
60: 368 552 638 (54)
61: 53 202 469 549 577 (54)
62: 446 514 519 581 645 (56)
63: 73 198 449 (57)
64: 34 118 303 (59)
65: 112 357 407 542 617 799 (67)
66: 49 312 434 (60)
67: 217 244 475 (56)
68: 101 255 371 392 (61)
69: 373 385 480 761 (59)
70: 414 517 743 (56)
71: 94 477 693 (54)
72: 40 166 191 342 544 582 787 (68)
73: 435 622 659 759 (54)
74: 183 559 674 696 751 (75)
75: 148 177 426 502 (59)
76: 401 742 (55)
77: 52 230 537 (63)
78: 286 471 663 (65)
79: 430 610 639 (54)
80: 31 107 185 206 510 676 (54)
81: 172 408 732 (72)
82: 111 133 335 380 642 711 (54)
83: 425 524 621 777 (71)
84: 546 745 (56)
85: 116 319 506 (59)
86: 146 521 715 756 (59)
87: 305 310 498 533 561 722 (60)
88: 102 182 504 (54)
89: 145 417 705 (56)
90: 423 647 (61)
91: 348 740 789 (69)
92: 194 366 402 710 770 (61)
93: 84 404 447 (55)
94: 24 25 59 257 276 345 358 (57)
95: 92 207 422 737 (61)
96: 86 223 341 571 703 (66)
97: 51 104 604 653 (77)
98: 532 620 735 (76)
99: 399 644 694 (59)
100: 197 209 445 467 783 (66)
101: 33 262 288 394 531 612 (73)
102: 27 221 618 (77)
103: 499 508 567 (54)
104: 108 320 779 (76)
105: 21 81 390 599 (71)
106: 48 147 241 381 448 473 600 (75)
107: 4 359 413 573 (78)
108: 484 540 560 611 632 662 (75)
109: 38 89 343 633 (74)
110: 97 136 188 284 329 353 (77)
111: 643 723 781 (78)
112: 57 461 655 760 (74)
113: 3 157 163 285 766 (70)
114: 95 187 201 214 220 666 (70)
115: 156 193 266 656 (70)
116: 277 290 463 (70)
117: 311 503 675 (75)
118: 100 106 314 350 (68)
119: 19 614 718 (67)
120: 50 580 726 734 (78)
121: 328 589 (59)
122: 69 180 189 441 794 (64)
123: 330 391 481 525 683 (78)
124: 327 479 545 (77)
125: 71 462 688 707 (75)
126: 160 227 351 661 689 786 (72)
127: 151 243 294 436 564 584 725 (78)
128: 17 129 216 267 570 701 (77)
129: 39 195 228 470 486 (76)
130: 14 120 455 720 (76)
131: 60 140 576 650 796 (78)
132: 6 67 365 784 (74)
133: 171 272 301 (78)
134: 119 200 205 237 516 565 679 738 (77)
135: 44 295 367 489 511 528 603 692 (74)
136: 79 143 324 451 594 (74)
137: 75 208 256 419 702 (78)
138: 232 292 352 700 (70)
139: 293 442 458 733 (76)
140: 307 325 634 (77)
141: 42 384 596 667 (78)
142: 93 137 240 278 608 685 780 (77)
143: 132 199 776 (76)
144: 99 242 364 602 671 681 717 (69)
145: 123 321 377 605 724 (76)
146: 20 283 379 754 (69)
147: 154 530 578 646 660 (76)
148: 181 375 460 551 731 749 (68)
149: 83 204 270 515 712 (76)
150: 363 457 566 699 (58)
151: 263 361 518 669 798 (75)
152: 212 281 543 619 (77)
153: 155 222 287 304 (78)
154: 125 547 591 695 (74)
155: 29 45 203 397 405 538 607 797 (78)
156: 98 258 606 778 (78)
157: 280 383 415 432 539 637 (78)
158: 64 85 572 (76)
159: 28 316 438 439 496 (78)
160: 192 274 396 491 772 (77)
161: 72 110 433 557 624 672 (78)
162: 149 249 347 409 464 568 729 (78)
163: 11 55 476 526 (78)
164: 41 226 411 727 (78)
165: 16 74 109 169 (78)
166: 62 63 122 131 251 520 677 (78)
167: 135 265 331 483 (78)
168: 76 124 512 771 (78)
169: 159 239 334 412 437 747 (78)
170: 36 114 179 382 410 774 (78)
171: 23 90 420 553 670 (78)
172: 144 297 356 497 649 668 (78)
173: 298 403 590 763 (78)
174: 406 429 450 753 762 (78)
175: 10 176 218 454 616 635 (78)
176: 505 579 626 (78)
177: 30 152 665 765 (78)
178: 175 337 494 792 (78)
179: 105 134 289 501 697 768 (78)
180: 418 485 630 752 757 (78)
181: 322 372 587 704 785 (77)
182: 142 452 507 555 730 755 (76)
183: 1 493 554 (78)
184: 261 318 563 741 788 (55)
