Name: 800-30-45
Time: 608.1283881664276 
Result: 13
Solution: 102 97 129 169 171 138 72 154 175 181 140 124 69 190 176 160 101 67 97 56 142 55 95 74 37 156 48 84 63 95 130 184 114 119 28 165 136 84 68 186 27 109 189 40 135 110 115 67 6 71 170 4 186 97 181 96 169 109 75 114 34 36 130 114 42 135 24 83 31 72 3 135 8 37 91 113 35 140 90 175 157 130 137 52 32 27 95 141 53 162 71 6 28 167 0 49 32 86 147 149 33 98 139 43 1 13 150 93 40 72 104 57 152 47 136 183 81 98 191 69 10 48 1 175 54 171 189 38 49 122 46 114 106 85 27 45 166 107 42 24 119 74 20 75 173 130 182 149 188 27 131 20 8 103 120 178 37 59 29 113 190 119 163 17 96 126 178 48 163 4 37 173 103 22 58 174 4 7 159 107 134 134 180 146 2 67 131 126 100 187 114 119 73 20 137 134 86 85 165 23 104 70 118 124 164 133 44 137 76 190 125 135 168 12 162 169 179 120 21 25 64 111 116 191 174 39 180 121 58 19 60 170 184 76 170 97 162 6 132 57 177 39 74 53 119 154 178 101 93 5 171 112 66 66 181 24 90 99 161 63 122 152 36 7 51 136 39 125 121 134 36 138 138 115 145 103 182 8 112 49 84 78 15 184 153 13 115 82 160 181 59 176 85 3 19 4 65 68 185 65 44 171 14 151 97 186 120 63 53 68 162 51 61 170 119 76 161 105 132 76 145 22 189 39 21 151 77 99 151 152 82 55 147 147 25 147 100 185 152 86 14 3 1 36 122 45 89 18 50 161 161 183 180 176 81 168 132 187 189 61 136 66 87 91 1 129 3 187 117 71 95 23 82 123 72 7 110 19 109 182 56 78 148 26 90 72 125 12 54 6 88 31 103 22 19 166 11 3 78 129 142 110 12 83 1 139 30 38 191 44 179 141 126 28 17 144 98 168 39 87 43 101 80 125 7 178 40 64 0 180 44 187 50 91 162 28 170 148 161 33 20 128 105 57 48 42 171 172 92 21 156 98 117 64 69 127 99 162 80 16 89 153 9 15 54 19 164 127 39 57 116 111 148 25 23 149 149 73 141 183 156 109 54 146 23 127 59 32 183 30 123 128 50 46 101 16 121 190 86 62 190 21 170 178 92 32 15 164 17 128 188 77 94 75 61 121 60 71 100 159 155 177 59 163 172 143 166 114 146 79 169 181 30 31 123 93 34 139 189 43 9 102 155 46 1 108 76 167 3 28 111 161 10 154 153 129 157 151 184 53 133 24 81 89 61 183 168 140 22 38 164 41 61 58 108 145 107 108 144 174 113 122 156 162 186 126 158 172 151 18 191 166 165 17 123 106 111 96 81 167 56 172 156 127 32 86 159 82 14 167 0 157 158 35 181 45 3 56 28 16 171 70 9 148 82 157 98 138 170 70 24 46 139 47 47 79 5 118 84 155 62 1 139 117 91 13 83 5 55 4 177 151 31 189 108 142 13 77 29 57 168 143 120 132 176 98 80 119 130 113 181 109 41 191 79 171 61 158 171 94 141 62 13 149 126 67 162 9 76 2 34 26 90 94 137 97 179 80 160 11 111 99 45 61 146 188 35 139 88 166 148 22 148 129 109 16 52 146 175 55 91 37 135 88 65 52 125 179 188 182 26 168 76 51 124 177 96 15 151 176 18 167 144 11 49 161 150 108 163 54 175 16 86 78 121 56 62 52 115 171 166 28 105 29 74 191 161 51 129 14 18 152 131 10 42 144 128 27 51 171 165 33 79 70 116 75 65 90 2 41 1 149 185 191 190 115 0 48 99 114 
0: 94 428 610 796 (36)
1: 104 122 342 364 404 544 641 790 (33)
2: 184 689 788 (33)
3: 70 293 341 366 397 548 616 (35)
4: 51 169 176 295 649 (34)
5: 249 636 647 (32)
6: 48 91 237 389 (32)
7: 177 263 375 424 (32)
8: 72 152 277 (32)
9: 462 540 622 687 (32)
10: 120 552 773 (32)
11: 396 699 743 (32)
12: 213 387 402 (32)
13: 105 285 645 656 682 (32)
14: 302 340 608 769 (32)
15: 282 463 506 737 (32)
16: 459 495 619 715 751 (32)
17: 163 414 508 593 (32)
18: 347 589 740 770 (32)
19: 229 294 377 394 465 (32)
20: 142 151 193 440 (32)
21: 218 324 449 501 (32)
22: 173 321 393 568 711 (32)
23: 199 371 474 484 (32)
24: 66 139 255 561 630 (32)
25: 219 334 473 (32)
26: 383 691 730 (32)
27: 40 85 134 149 777 (32)
28: 34 92 413 435 549 618 761 (32)
29: 158 658 763 (35)
30: 406 489 532 (32)
31: 68 391 533 652 (32)
32: 84 96 487 505 604 (32)
33: 100 439 781 (33)
34: 60 536 690 (32)
35: 76 613 706 (32)
36: 61 262 270 343 (32)
37: 24 73 156 170 721 (32)
38: 127 407 569 (33)
39: 225 241 266 323 418 468 (32)
40: 43 108 426 (33)
41: 571 672 789 (33)
42: 64 138 445 774 (32)
43: 103 420 539 (32)
44: 206 300 409 430 (32)
45: 135 345 615 702 (32)
46: 130 493 543 631 (32)
47: 113 633 634 (34)
48: 26 121 167 444 797 (33)
49: 95 128 279 744 (32)
50: 348 432 492 (42)
51: 264 311 733 767 778 (39)
52: 83 716 725 757 (33)
53: 88 243 308 559 (33)
54: 124 388 464 482 749 (33)
55: 21 331 648 719 (32)
56: 19 380 600 617 755 (32)
57: 111 239 443 469 659 (32)
58: 174 228 573 (32)
59: 157 290 486 522 (32)
60: 230 516 (33)
61: 312 359 514 564 572 676 703 (32)
62: 499 640 681 756 (32)
63: 28 259 307 (33)
64: 220 427 453 (32)
65: 296 299 724 786 (33)
66: 252 253 361 (32)
67: 17 47 185 685 (32)
68: 38 297 309 (32)
69: 12 119 454 (35)
70: 201 621 629 783 (34)
71: 49 90 369 517 (32)
72: 6 69 109 374 385 (34)
73: 192 477 (32)
74: 23 141 242 764 (36)
75: 58 143 513 785 (41)
76: 208 233 315 319 546 688 732 (33)
77: 326 511 657 (35)
78: 281 381 398 753 (36)
79: 529 635 674 782 (34)
80: 422 458 666 697 (35)
81: 116 354 562 598 (43)
82: 287 330 372 607 624 (35)
83: 67 403 646 (42)
84: 27 37 280 638 (34)
85: 133 197 292 (35)
86: 97 196 339 498 605 752 (44)
87: 362 419 (33)
88: 390 708 723 (35)
89: 346 460 563 (36)
90: 78 256 384 692 787 (35)
91: 74 363 433 644 720 (32)
92: 448 504 (33)
93: 107 248 535 (36)
94: 512 679 693 (36)
95: 22 29 86 370 (32)
96: 55 164 597 736 (32)
97: 1 18 53 235 304 695 (33)
98: 101 117 416 451 626 665 (38)
99: 257 327 456 701 798 (33)
100: 188 336 518 (36)
101: 16 247 421 494 (32)
102: 0 541 (34)
103: 153 172 275 392 (35)
104: 110 200 (32)
105: 317 442 762 (33)
106: 132 595 (43)
107: 137 179 576 (38)
108: 545 574 577 654 747 (45)
109: 41 57 378 481 671 714 (44)
110: 45 376 401 (35)
111: 221 471 550 596 700 (37)
112: 251 278 (42)
113: 75 159 580 669 (45)
114: 32 59 63 131 190 527 799 (45)
115: 46 273 286 758 795 (45)
116: 222 470 784 (39)
117: 368 452 643 (40)
118: 202 637 (45)
119: 33 140 161 191 244 314 667 (39)
120: 154 217 306 662 (45)
121: 227 268 496 515 754 (45)
122: 129 260 344 581 (36)
123: 373 490 534 594 (42)
124: 11 203 734 (42)
125: 210 267 386 423 726 (45)
126: 165 187 412 585 684 (45)
127: 455 467 485 603 (35)
128: 441 491 509 776 (42)
129: 2 365 399 555 713 768 (40)
130: 30 62 81 145 668 (45)
131: 150 186 772 (35)
132: 238 318 356 663 (42)
133: 205 560 (40)
134: 180 181 195 269 (43)
135: 44 65 71 211 722 (45)
136: 36 114 265 360 (45)
137: 82 194 207 694 (45)
138: 5 271 272 627 (35)
139: 102 405 537 632 642 707 (45)
140: 10 77 567 (45)
141: 87 411 478 680 (45)
142: 20 400 655 (44)
143: 525 661 (45)
144: 415 578 742 775 (45)
145: 274 320 575 (45)
146: 183 483 528 704 717 (45)
147: 98 332 333 335 (45)
148: 382 437 472 623 710 712 (45)
149: 99 147 475 476 683 791 (45)
150: 106 746 (45)
151: 303 325 328 557 588 651 738 (45)
152: 112 261 329 338 771 (42)
153: 284 461 554 (42)
154: 7 245 553 (39)
155: 520 542 639 (41)
156: 25 450 480 582 602 (45)
157: 80 556 611 625 (44)
158: 586 612 677 (43)
159: 178 519 606 (42)
160: 15 288 698 (45)
161: 258 316 349 350 438 551 745 766 (44)
162: 89 214 236 310 434 457 583 686 (45)
163: 162 168 523 748 (45)
164: 204 466 507 570 (45)
165: 35 198 592 780 (45)
166: 136 395 526 591 709 760 (45)
167: 93 547 599 609 741 (45)
168: 212 355 417 566 660 731 (45)
169: 3 56 215 530 (45)
170: 50 231 234 313 436 502 628 (45)
171: 4 125 250 301 446 620 675 678 759 779 (45)
172: 447 524 587 601 (42)
173: 144 171 (42)
174: 175 224 579 (32)
175: 8 79 123 718 750 (44)
176: 14 291 353 664 739 (43)
177: 240 521 650 735 (45)
178: 155 166 246 425 503 (45)
179: 216 410 696 727 (45)
180: 182 226 352 429 (45)
181: 9 54 254 289 531 614 670 (44)
182: 146 276 379 729 (44)
183: 115 351 479 488 565 (39)
184: 31 232 283 558 (45)
185: 298 337 792 (44)
186: 39 52 305 584 (45)
187: 189 357 367 431 (44)
188: 148 510 705 728 (45)
189: 42 126 322 358 538 653 (44)
190: 13 160 209 497 500 794 (40)
191: 118 223 408 590 673 765 793 (45)
