Name: 800-40-60
Time: 149.44427156448364 
Result: 9
Solution: 28 22 38 22 11 89 86 26 69 121 85 11 1 70 92 42 122 38 97 7 2 51 45 35 1 0 108 5 21 14 24 109 49 65 97 50 29 102 8 67 121 51 102 48 59 109 99 49 104 99 28 112 68 64 66 14 60 84 77 111 0 85 111 32 45 6 19 30 53 29 112 103 113 78 55 98 11 45 91 109 31 111 36 94 53 59 74 46 87 79 99 90 18 104 95 84 72 57 81 27 44 28 44 29 0 87 78 42 47 86 4 42 45 68 116 60 96 115 27 113 7 118 33 67 63 1 110 14 2 92 42 95 37 110 7 94 90 7 12 51 22 105 105 64 118 106 58 52 22 2 7 31 89 70 117 34 37 60 84 110 16 13 97 44 96 84 81 52 36 116 93 71 0 40 79 57 49 113 102 61 86 119 81 11 15 17 16 75 32 74 16 99 109 58 29 39 77 45 79 47 50 119 121 116 65 31 115 25 77 4 89 5 87 59 65 11 25 3 18 72 57 10 72 39 46 76 103 124 50 118 81 90 50 81 97 39 6 91 119 78 34 114 3 107 60 109 85 82 17 120 9 65 88 122 103 24 75 50 24 87 26 36 101 88 92 118 93 102 35 25 118 15 72 100 62 36 16 106 16 53 121 100 69 102 113 37 42 80 10 1 100 81 25 74 32 20 112 115 109 5 55 93 105 89 35 85 86 116 21 76 68 59 47 68 87 39 70 115 48 106 4 106 40 59 93 0 98 121 23 40 3 101 82 51 56 48 57 79 107 106 80 108 17 75 92 104 9 115 6 101 0 11 2 102 51 9 80 56 17 66 42 20 65 82 83 118 32 115 99 88 26 63 64 52 87 75 90 1 123 113 112 67 65 80 108 5 14 62 112 18 78 101 21 88 35 55 29 78 74 71 66 102 77 45 94 61 65 34 43 89 27 21 79 123 56 116 75 90 12 91 44 15 99 61 96 84 24 15 119 7 103 99 73 30 8 42 83 74 91 39 47 103 124 25 78 87 3 49 13 109 32 30 27 80 113 22 107 108 112 85 16 10 55 35 69 40 98 21 95 103 43 112 124 73 112 25 108 26 18 76 109 12 18 71 62 100 76 57 33 114 19 63 52 89 76 20 8 114 78 97 2 72 40 61 106 44 72 122 8 70 117 81 95 20 38 65 29 91 117 121 54 100 109 1 43 106 55 69 106 107 82 48 93 2 102 28 59 99 71 78 124 56 39 116 89 30 13 81 64 59 118 56 12 13 78 76 86 75 62 5 47 96 103 19 88 49 124 38 92 99 74 48 97 81 37 26 49 94 74 9 43 19 98 96 24 21 121 108 45 122 6 15 100 11 105 114 10 40 39 122 24 79 38 111 4 5 88 33 81 43 107 93 10 108 2 117 31 28 83 105 109 123 33 36 52 56 28 23 110 83 13 95 36 54 92 14 53 64 16 89 40 23 60 103 88 91 12 8 32 24 4 29 108 38 94 92 11 21 101 63 81 81 53 15 17 73 89 111 120 93 54 23 61 40 69 89 47 34 110 79 111 89 69 64 83 15 98 81 97 60 42 49 55 95 58 12 22 121 115 22 4 119 5 119 112 3 94 56 20 88 118 18 101 95 55 57 66 73 14 45 39 72 80 79 46 36 124 20 120 117 70 77 90 62 107 83 86 18 84 49 6 118 83 65 79 36 34 8 3 49 52 10 116 35 28 94 22 44 65 42 21 16 32 5 53 42 14 104 61 3 69 120 18 79 96 33 60 79 59 23 17 66 41 111 123 22 79 121 33 123 122 43 68 5 119 16 115 41 9 43 
0: 25 60 104 172 325 350 (45)
1: 12 24 125 289 377 523 (45)
2: 20 128 149 352 500 533 614 (45)
3: 217 242 330 446 705 748 769 (45)
4: 110 209 320 604 650 700 (45)
5: 27 211 299 385 559 605 702 763 793 (45)
6: 65 236 348 590 740 (45)
7: 19 120 134 137 150 429 (45)
8: 38 434 496 508 647 747 (45)
9: 250 346 355 579 798 (45)
10: 221 288 461 596 612 751 (45)
11: 4 11 76 183 215 351 593 656 (45)
12: 138 418 481 552 646 695 (45)
13: 161 448 546 553 630 (45)
14: 29 55 127 386 635 718 766 (45)
15: 184 271 421 427 591 663 685 (47)
16: 160 186 190 276 278 460 638 761 795 (45)
17: 185 248 342 358 664 780 (45)
18: 92 218 389 478 482 711 737 772 (45)
19: 66 490 563 581 (47)
20: 295 361 495 513 708 727 (45)
21: 28 308 392 411 467 585 657 760 (45)
22: 1 3 140 148 455 696 699 756 785 (45)
23: 328 627 641 671 779 (47)
24: 30 255 258 426 584 600 649 (48)
25: 207 216 269 292 443 475 (45)
26: 7 260 370 477 575 (47)
27: 99 118 410 452 (45)
28: 0 50 101 535 617 626 754 (46)
29: 36 69 103 194 396 516 651 (45)
30: 67 433 451 545 (45)
31: 80 151 205 616 (45)
32: 63 188 294 366 450 648 762 (46)
33: 122 488 607 622 775 788 (45)
34: 155 240 407 677 746 (46)
35: 23 268 304 394 463 753 (45)
36: 82 168 261 275 623 632 725 745 (45)
37: 132 156 285 574 (45)
38: 2 17 514 567 602 653 (46)
39: 195 223 235 315 439 542 598 720 (45)
40: 173 322 329 465 502 597 640 673 (45)
41: 782 797 (46)
42: 15 107 111 130 286 360 435 690 759 765 (45)
43: 408 470 524 580 609 791 799 (45)
44: 100 102 163 420 505 757 (45)
45: 22 64 77 112 197 403 588 719 (45)
46: 87 224 724 (46)
47: 108 199 312 440 560 676 (45)
48: 43 318 335 531 571 (49)
49: 32 47 176 447 565 576 691 739 749 (46)
50: 35 200 228 232 257 (53)
51: 21 41 139 333 354 (46)
52: 147 167 373 492 624 750 (45)
53: 68 84 279 636 662 764 (45)
54: 520 633 670 (45)
55: 74 300 395 462 526 692 714 (45)
56: 334 357 414 541 551 625 707 (45)
57: 97 175 220 336 487 715 (45)
58: 146 193 694 (45)
59: 44 85 213 311 323 536 549 778 (51)
60: 56 115 157 244 642 689 776 (47)
61: 179 405 423 503 672 768 (47)
62: 274 387 484 558 733 (48)
63: 124 371 491 659 (45)
64: 53 143 372 548 637 683 (45)
65: 33 204 214 251 362 382 406 515 743 758 (49)
66: 54 359 400 716 781 (45)
67: 39 123 381 (46)
68: 52 113 310 313 792 (45)
69: 8 282 464 527 674 682 770 (45)
70: 13 153 316 509 730 (45)
71: 171 399 483 538 (45)
72: 96 219 222 272 501 506 721 (46)
73: 432 473 665 717 (50)
74: 86 189 293 398 437 570 578 (52)
75: 187 256 343 375 416 557 (51)
76: 225 309 479 486 494 555 (53)
77: 58 196 208 402 731 (51)
78: 73 106 239 390 397 444 498 539 554 (54)
79: 89 174 198 337 412 601 679 723 744 773 777 786 (51)
80: 287 340 356 383 453 722 (54)
81: 98 166 182 230 233 291 511 547 573 608 660 661 687 (50)
82: 247 332 363 530 (50)
83: 364 436 618 629 684 735 742 (54)
84: 57 95 158 165 425 738 (53)
85: 10 61 246 305 459 (53)
86: 6 109 180 306 556 736 (54)
87: 88 105 212 259 314 374 445 (53)
88: 252 263 369 393 564 606 644 709 (54)
89: 5 152 210 303 409 493 544 639 666 675 681 (53)
90: 91 136 231 376 417 732 (51)
91: 78 237 419 438 517 645 (54)
92: 14 129 264 344 568 634 655 (54)
93: 170 266 301 324 532 611 669 (54)
94: 83 135 404 577 654 706 755 (54)
95: 94 131 468 512 631 693 713 (54)
96: 116 164 424 561 583 774 (54)
97: 18 34 162 234 499 572 688 (54)
98: 75 326 466 582 686 (54)
99: 46 49 90 191 368 422 431 537 569 (54)
100: 273 281 290 485 521 592 (54)
101: 262 331 349 391 658 712 (54)
102: 37 42 178 267 283 353 401 534 (54)
103: 71 226 254 430 441 469 562 643 (54)
104: 48 93 345 767 (54)
105: 141 142 302 594 619 (54)
106: 145 277 319 321 339 504 525 528 (54)
107: 243 338 456 529 610 734 (53)
108: 26 341 384 457 476 587 613 652 (54)
109: 31 45 79 192 245 298 449 480 522 620 (54)
110: 126 133 159 628 678 (51)
111: 59 62 81 603 667 680 783 (51)
112: 51 70 296 380 388 458 471 474 704 (54)
113: 72 119 177 284 379 454 (54)
114: 241 489 497 595 (53)
115: 117 206 297 317 347 367 698 796 (49)
116: 114 169 203 307 415 543 752 (54)
117: 154 510 518 615 729 (54)
118: 121 144 229 265 270 365 550 710 741 (54)
119: 181 201 238 428 701 703 794 (54)
120: 249 668 728 771 (54)
121: 9 40 202 280 327 519 586 697 787 (54)
122: 16 253 507 589 599 790 (54)
123: 378 413 621 784 789 (54)
124: 227 442 472 540 566 726 (54)
