Name: 800-20-30
Time: 79.18543314933777 
Result: 7
Solution: 48 105 101 95 43 150 119 108 89 57 33 51 44 55 65 121 35 70 134 57 46 103 151 76 73 69 155 71 60 144 0 96 90 94 63 159 126 73 67 81 17 104 133 86 121 12 57 155 29 13 135 149 104 32 35 132 62 113 95 105 80 75 40 100 11 101 89 156 38 14 32 105 158 77 141 131 35 95 103 59 131 49 56 64 91 116 50 140 19 30 60 56 73 152 97 96 76 22 67 159 47 87 71 130 51 124 120 147 91 75 7 34 138 60 52 143 83 149 35 67 44 3 64 28 17 6 77 155 120 139 111 118 91 129 2 31 143 21 107 141 8 122 41 13 92 63 82 137 115 82 143 13 143 112 9 87 48 62 117 109 94 99 38 121 150 18 45 110 145 63 99 125 112 67 35 43 109 46 72 152 35 43 16 104 67 150 42 113 5 36 55 37 84 54 62 129 48 75 96 135 113 146 116 18 22 26 86 135 62 142 26 108 126 29 127 131 117 134 137 144 51 15 73 134 159 8 69 70 153 26 152 30 155 68 44 129 13 113 136 135 115 115 2 13 147 158 42 23 21 51 48 78 92 143 126 15 49 109 114 81 133 56 148 84 28 140 103 30 9 121 145 72 79 0 135 32 58 98 45 144 84 104 79 139 42 4 47 12 111 81 129 121 51 122 26 61 16 4 68 60 110 15 15 107 29 70 88 39 86 83 111 80 125 100 106 73 96 124 149 154 60 123 117 7 155 76 39 18 76 29 74 52 50 121 30 1 142 7 65 35 153 23 52 13 145 80 45 115 139 36 142 13 153 115 14 47 19 36 129 83 74 1 87 1 98 119 59 126 135 152 1 124 125 61 78 14 127 123 67 118 61 145 29 152 53 159 122 21 157 5 4 35 37 126 0 127 3 40 50 3 33 22 72 81 111 76 49 24 88 30 79 130 18 104 54 30 10 73 140 33 106 33 12 106 53 6 68 83 76 117 74 131 39 9 5 79 24 122 100 150 135 132 101 92 76 11 121 11 50 83 93 143 7 93 58 131 130 145 21 143 15 148 142 120 81 1 115 108 148 99 60 103 72 74 37 147 60 42 101 15 20 64 114 75 110 96 71 23 159 158 90 26 82 35 82 54 58 10 60 158 24 87 120 107 153 73 101 37 10 66 72 71 77 77 121 2 65 27 18 27 26 40 120 67 32 14 15 6 93 48 98 85 45 69 94 5 21 136 115 66 7 92 93 57 16 25 146 66 72 9 81 115 141 139 17 56 96 94 20 6 112 90 146 89 99 1 93 128 138 23 134 5 12 51 102 33 85 80 139 121 100 12 148 98 27 5 111 11 74 134 105 65 107 50 25 52 44 78 88 44 138 50 31 44 109 99 13 103 90 88 125 156 110 69 134 82 117 34 154 128 70 45 38 78 146 90 126 137 116 99 79 105 43 16 147 102 125 92 29 37 70 64 107 53 50 19 119 112 87 118 79 72 132 139 39 133 25 18 89 14 123 151 98 64 74 133 59 3 49 3 23 66 33 153 106 31 150 4 32 159 152 129 27 148 49 159 28 43 5 86 95 41 22 156 43 3 97 114 59 77 154 42 136 10 102 83 111 34 90 36 35 145 106 18 108 16 46 56 151 88 148 38 96 151 97 1 159 11 122 32 87 11 140 149 118 110 49 41 130 14 27 133 52 28 19 54 124 72 81 25 137 109 86 150 62 86 127 42 15 57 130 158 79 89 20 68 63 41 8 6 60 116 55 85 35 47 90 61 8 136 136 21 118 112 122 7 53 144 157 18 98 136 96 53 141 41 101 110 25 11 
0: 30 273 394 (21)
1: 335 361 363 370 465 565 725 (22)
2: 134 242 515 (22)
3: 121 396 399 667 669 695 (22)
4: 285 297 390 677 (21)
5: 188 389 434 535 571 585 688 (23)
6: 125 425 527 559 769 (21)
7: 110 323 337 452 540 785 (21)
8: 140 225 768 778 (22)
9: 154 268 433 549 (21)
10: 416 497 508 703 (21)
11: 64 445 447 587 727 731 799 (21)
12: 45 287 422 572 581 (21)
13: 49 143 151 236 243 343 351 606 (21)
14: 69 354 375 525 659 739 (21)
15: 221 255 301 302 460 479 526 758 (21)
16: 182 296 544 633 715 (21)
17: 40 124 554 (21)
18: 165 203 327 412 518 657 713 789 (21)
19: 88 356 645 744 (21)
20: 480 558 764 (21)
21: 137 248 387 458 536 781 (21)
22: 97 204 401 692 (21)
23: 247 341 487 569 670 (21)
24: 407 436 500 (21)
25: 545 594 656 749 798 (21)
26: 205 210 229 294 491 520 (21)
27: 517 519 584 682 740 (21)
28: 123 264 686 743 (21)
29: 48 213 304 329 382 638 (22)
30: 89 231 267 334 409 415 (24)
31: 135 602 675 (22)
32: 53 70 275 524 678 729 (23)
33: 10 400 419 421 575 672 (22)
34: 111 617 707 (26)
35: 16 54 76 118 174 180 339 391 493 710 774 (21)
36: 189 349 357 709 (21)
37: 191 392 474 507 639 (26)
38: 68 162 622 721 (24)
39: 307 326 432 654 (27)
40: 62 397 521 (21)
41: 142 691 737 767 795 (23)
42: 186 246 284 477 701 757 (23)
43: 4 175 181 632 687 694 (23)
44: 12 120 234 596 599 603 (21)
45: 166 278 346 532 621 (22)
46: 20 177 716 (21)
47: 100 286 355 775 (22)
48: 0 156 196 250 529 (21)
49: 81 256 406 668 684 736 (21)
50: 86 332 398 448 593 601 644 (21)
51: 11 104 220 249 292 573 (21)
52: 114 331 342 595 742 (21)
53: 384 424 643 786 793 (22)
54: 193 414 495 745 (23)
55: 13 190 772 (21)
56: 82 91 261 555 717 (24)
57: 9 19 46 543 759 (26)
58: 276 454 496 (23)
59: 79 366 666 698 (28)
60: 28 90 113 299 320 470 476 498 770 (21)
61: 295 373 380 777 (24)
62: 56 157 194 208 754 (28)
63: 34 145 169 766 (21)
64: 83 122 481 641 663 (21)
65: 14 338 516 591 (21)
66: 509 539 547 671 (28)
67: 38 98 119 173 184 378 523 (28)
68: 233 298 426 765 (23)
69: 25 226 533 613 (27)
70: 17 227 305 620 640 (27)
71: 27 102 486 511 (23)
72: 178 271 402 472 510 548 651 747 (24)
73: 24 37 92 222 315 417 505 (27)
74: 330 360 430 473 588 664 (28)
75: 61 109 197 483 (26)
76: 23 96 325 328 405 428 444 (28)
77: 73 126 512 513 699 (28)
78: 251 374 597 623 (27)
79: 272 282 410 435 630 650 762 (27)
80: 60 311 345 577 (21)
81: 39 259 289 403 464 550 748 (28)
82: 146 149 492 494 615 (27)
83: 116 309 359 427 449 705 (27)
84: 192 263 280 (24)
85: 531 576 773 (25)
86: 43 206 308 689 752 755 (28)
87: 101 155 362 501 648 730 (28)
88: 306 408 598 609 719 (28)
89: 8 66 563 658 763 (28)
90: 32 490 561 608 625 708 776 (26)
91: 84 108 132 (23)
92: 144 252 443 541 637 (28)
93: 450 453 528 542 566 (26)
94: 33 160 534 557 (28)
95: 3 58 77 690 (28)
96: 31 95 198 316 485 556 722 792 (28)
97: 94 696 724 (28)
98: 277 364 530 583 662 790 (22)
99: 161 170 469 564 605 629 (28)
100: 63 313 438 580 (25)
101: 2 65 442 478 506 796 (27)
102: 574 635 704 (28)
103: 21 78 266 471 607 (27)
104: 41 52 183 281 413 (28)
105: 1 59 71 590 631 (28)
106: 314 420 423 674 712 (27)
107: 138 303 503 592 642 (23)
108: 7 211 467 714 (28)
109: 159 176 257 604 751 (28)
110: 167 300 484 612 735 797 (28)
111: 130 288 310 404 586 706 (28)
112: 153 172 560 647 783 (28)
113: 57 187 200 237 (28)
114: 258 482 697 (28)
115: 148 240 241 347 353 466 538 551 (28)
116: 85 202 628 771 (28)
117: 158 216 322 429 616 (27)
118: 131 379 649 734 782 (28)
119: 6 365 646 (27)
120: 106 128 463 502 522 (27)
121: 15 44 163 269 291 333 446 514 579 (26)
122: 141 293 386 437 728 784 (28)
123: 321 377 660 (28)
124: 105 317 371 746 (28)
125: 171 312 372 610 636 (28)
126: 36 212 254 367 393 626 (28)
127: 214 376 395 756 (28)
128: 567 619 (27)
129: 133 195 235 290 358 681 (28)
130: 103 411 456 738 760 (28)
131: 75 80 215 431 455 (28)
132: 55 441 652 (28)
133: 42 260 655 665 741 (28)
134: 18 217 223 570 589 614 (28)
135: 50 199 207 239 274 368 440 (28)
136: 238 537 702 779 780 791 (28)
137: 147 218 627 750 (28)
138: 112 568 600 (28)
139: 129 283 348 553 578 653 (28)
140: 87 265 418 732 (27)
141: 74 139 552 794 (27)
142: 209 336 350 462 (26)
143: 115 136 150 152 253 451 459 (28)
144: 29 219 279 787 (28)
145: 168 270 344 381 457 711 (28)
146: 201 546 562 624 (28)
147: 107 244 475 634 (28)
148: 262 461 468 582 683 720 (28)
149: 51 117 318 733 (28)
150: 5 164 185 439 676 753 (28)
151: 22 661 718 723 (28)
152: 93 179 230 369 383 680 (28)
153: 228 340 352 504 673 (28)
154: 319 618 700 (28)
155: 26 47 127 232 324 (28)
156: 67 611 693 (28)
157: 388 788 (28)
158: 72 245 489 499 761 (28)
159: 35 99 224 385 488 679 685 726 (28)
