Name: 200-50-80
Time: 0.5998685359954834 
Result: 29
Solution:  13 6 23 16 6 22 35 19 26 8 1 22 21 2 15 29 29 8 6 23 5 8 27 12 28 14 33 25 18 31 1 34 34 10 22 10 8 14 8 17 34 15 2 24 12 12 13 9 26 1 14 3 10 10 6 10 2 18 25 3 7 1 28 4 36 36 20 20 15 35 26 8 1 28 34 19 8 32 16 22 19 24 22 14 30 34 36 28 32 14 33 3 18 21 10 31 8 28 13 36 0 30 34 1 33 30 30 33 4 26 27 10 19 5 23 36 32 22 31 2 5 15 34 36 2 27 23 14 20 15 22 4 28 6 34 18 32 33 31 11 17 21 15 23 11 29 7 18 0 1 30 21 21 8 32 20 29 21 32 31 6 0 33 25 29 25 26 1 25 19 31 17 17 30 26 17 19 29 7 35 1 1 14 6 30 27 10 23 22 28 12 10 35 24 23 10 21 7 9 11
0 : [100, 148, 161] (54)
1 : [10, 30, 49, 61, 72, 103, 149, 167, 180, 181] (51)
2 : [13, 42, 56, 119, 124] (51)
3 : [51, 59, 91] (59)
4 : [63, 108, 131] (54)
5 : [20, 113, 120] (51)
6 : [1, 4, 18, 54, 133, 160, 183] (57)
7 : [60, 146, 178, 197] (51)
8 : [9, 17, 21, 36, 38, 71, 76, 96, 153] (54)
9 : [47, 198] (63)
10 : [33, 35, 52, 53, 55, 94, 111, 186, 191, 195] (64)
11 : [139, 144, 199] (57)
12 : [23, 44, 45, 190] (56)
13 : [0, 46, 98] (59)
14 : [25, 37, 50, 83, 89, 127, 182] (62)
15 : [14, 41, 68, 121, 129, 142] (70)
16 : [3, 78] (53)
17 : [39, 140, 171, 172, 175] (78)
18 : [28, 57, 92, 135, 147] (60)
19 : [7, 75, 80, 112, 169, 176] (63)
20 : [66, 67, 128, 155] (55)
21 : [12, 93, 141, 151, 152, 157, 196] (80)
22 : [5, 11, 34, 79, 82, 117, 130, 188] (78)
23 : [2, 19, 114, 126, 143, 187, 194] (79)
24 : [43, 81, 193] (76)
25 : [27, 58, 163, 165, 168] (75)
26 : [8, 48, 70, 109, 166, 174] (77)
27 : [22, 110, 125, 185] (70)
28 : [24, 62, 73, 87, 97, 132, 189] (74)
29 : [15, 16, 145, 156, 164, 177] (64)
30 : [84, 101, 105, 106, 150, 173, 184] (74)
31 : [29, 95, 118, 138, 159, 170] (80)
32 : [77, 88, 116, 136, 154, 158] (76)
33 : [26, 90, 104, 107, 137, 162] (58)
34 : [31, 32, 40, 74, 85, 102, 122, 134] (80)
35 : [6, 69, 179, 192] (79)
36 : [64, 65, 86, 99, 115, 123] (80)
