Name: 400-50-80
Time: 26.8935387134552 
Result: 12037
Solution:  21 2 56 68 18 80 84 19 34 53 80 11 28 37 73 69 10 25 51 11 39 33 48 19 37 4 21 20 23 25 54 66 74 16 62 50 68 37 12 58 7 12 70 30 78 49 63 82 85 1 9 67 60 1 73 73 32 69 16 66 14 40 84 58 17 37 81 5 26 80 39 29 65 67 64 74 48 31 84 42 3 72 61 0 64 57 83 21 8 43 73 23 38 43 78 5 68 0 56 50 56 11 51 0 48 3 15 12 37 32 27 49 30 64 77 46 49 9 53 80 76 43 50 75 12 26 63 10 70 52 59 50 28 2 44 53 7 59 31 67 37 32 33 24 6 73 82 62 42 29 84 44 57 29 58 18 26 83 4 64 57 0 24 75 71 40 12 30 55 84 35 23 70 83 36 43 32 81 22 39 19 21 69 60 77 41 36 66 44 40 66 47 30 31 75 72 82 35 7 38 85 12 38 17 4 47 67 53 45 68 68 36 59 15 17 76 71 72 31 31 1 15 35 6 81 7 34 57 15 19 13 44 72 64 52 46 7 10 78 53 36 67 59 58 38 26 7 72 71 44 49 38 80 74 6 74 27 28 29 6 49 49 57 41 77 46 22 23 70 65 16 78 84 5 13 44 11 74 81 37 27 78 84 60 45 58 79 41 22 54 31 28 27 17 52 21 3 63 53 27 5 7 67 72 61 79 39 84 79 36 69 8 41 64 82 67 34 55 31 71 69 46 75 7 62 14 56 65 64 1 14 80 40 30 66 47 74 43 84 79 4 65 51 45 46 77 25 84 53 1 51 81 5 61 54 42 34 58 85 29 55 44 60 77 40 22 75 44 78 16 36 15 46 13 19 71 20 56 7 21 27 45 41 83 9 62 12 38 68 59 47 57 35 43 29 50 33 53 0 33
0 : [83, 97, 103, 161, 398] (46)
1 : [49, 53, 220, 329, 349] (52)
2 : [1, 133] (52)
3 : [80, 105, 296] (57)
4 : [25, 158, 204, 340] (64)
5 : [67, 95, 273, 300, 352] (51)
6 : [144, 223, 254, 259] (53)
7 : [40, 136, 198, 225, 236, 246, 301, 323, 378] (51)
8 : [88, 311] (53)
9 : [50, 117, 384] (52)
10 : [16, 127, 237] (51)
11 : [11, 19, 101, 276] (52)
12 : [38, 41, 107, 124, 166, 201, 386] (51)
13 : [230, 274, 373] (56)
14 : [60, 325, 330] (56)
15 : [106, 213, 221, 228, 371] (72)
16 : [33, 58, 270, 369] (55)
17 : [64, 203, 214, 293] (53)
18 : [4, 155] (52)
19 : [7, 23, 180, 229, 374] (55)
20 : [27, 376] (58)
21 : [0, 26, 87, 181, 295, 379] (45)
22 : [178, 266, 288, 365] (52)
23 : [28, 91, 171, 267] (56)
24 : [143, 162] (53)
25 : [17, 29, 346] (54)
26 : [68, 125, 156, 245] (56)
27 : [110, 256, 280, 292, 299, 380] (79)
28 : [12, 132, 257, 291] (69)
29 : [71, 149, 153, 258, 359, 394] (76)
30 : [43, 112, 167, 192, 333] (78)
31 : [77, 138, 193, 218, 219, 290, 318] (76)
32 : [56, 109, 141, 176] (54)
33 : [21, 142, 396, 399] (76)
34 : [8, 226, 316, 356] (57)
35 : [170, 197, 222, 392] (62)
36 : [174, 186, 211, 240, 309, 370] (60)
37 : [13, 24, 37, 65, 108, 140, 279] (72)
38 : [92, 199, 202, 244, 251, 387] (62)
39 : [20, 70, 179, 306] (56)
40 : [61, 165, 189, 332, 364] (65)
41 : [185, 263, 287, 312, 382] (70)
42 : [79, 148, 355] (76)
43 : [89, 93, 121, 175, 337, 393] (65)
44 : [134, 151, 188, 231, 249, 275, 361, 367] (74)
45 : [208, 284, 343, 381] (70)
46 : [115, 235, 265, 321, 344, 372] (58)
47 : [191, 205, 335, 390] (67)
48 : [22, 76, 104] (56)
49 : [45, 111, 116, 250, 260, 261] (67)
50 : [35, 99, 122, 131, 395] (80)
51 : [18, 102, 342, 350] (63)
52 : [129, 234, 294] (63)
53 : [9, 118, 135, 207, 239, 298, 348, 397] (67)
54 : [30, 289, 354] (56)
55 : [168, 317, 360] (66)
56 : [2, 98, 100, 326, 377] (64)
57 : [85, 152, 160, 227, 262, 391] (67)
58 : [39, 63, 154, 243, 285, 357] (61)
59 : [130, 137, 212, 242, 389] (71)
60 : [52, 183, 283, 362] (54)
61 : [82, 304, 353] (77)
62 : [34, 147, 324, 385] (62)
63 : [46, 126, 297] (59)
64 : [74, 84, 113, 159, 233, 313, 328] (79)
65 : [72, 269, 327, 341] (60)
66 : [31, 59, 187, 190, 334] (80)
67 : [51, 73, 139, 206, 241, 302, 315] (80)
68 : [3, 36, 96, 209, 210, 388] (79)
69 : [15, 57, 182, 310, 320] (73)
70 : [42, 128, 172, 268] (79)
71 : [164, 216, 248, 319, 375] (80)
72 : [81, 195, 217, 232, 247, 303] (80)
73 : [14, 54, 55, 90, 145] (79)
74 : [32, 75, 253, 255, 277, 336] (77)
75 : [123, 163, 194, 322, 366] (80)
76 : [120, 215] (81)
77 : [114, 184, 264, 345, 363] (80)
78 : [44, 94, 238, 271, 281, 368] (82)
79 : [286, 305, 308, 339] (80)
80 : [5, 10, 69, 119, 252, 331] (80)
81 : [66, 177, 224, 278, 351] (80)
82 : [47, 146, 196, 314] (80)
83 : [86, 157, 173, 383] (64)
84 : [6, 62, 78, 150, 169, 272, 282, 307, 338, 347] (78)
85 : [48, 200, 358] (65)
