Name: 600-50-80
Time: 43.29927921295166 
Result: 60046
Solution:  2 90 134 143 24 26 95 123 89 12 113 119 93 104 33 72 42 43 9 124 54 71 110 141 66 75 142 57 80 121 118 93 10 90 30 16 46 115 102 38 39 52 139 8 77 141 128 84 133 94 102 121 16 46 126 19 138 129 26 2 114 6 120 139 108 116 8 24 74 139 61 128 100 92 132 117 121 44 55 1 2 99 114 97 66 126 80 135 117 112 21 96 23 28 64 128 57 21 116 125 134 120 81 107 50 33 86 38 91 13 24 16 104 136 138 5 55 131 57 49 94 123 116 127 5 125 142 15 101 68 119 52 48 140 125 101 1 52 100 102 3 23 14 130 29 128 111 74 87 14 138 65 111 24 97 91 102 6 138 37 65 129 51 40 131 99 134 123 107 131 41 83 134 7 112 82 105 125 107 24 107 4 43 92 33 40 135 129 143 86 132 23 7 67 135 95 17 74 119 60 130 15 113 71 123 88 112 61 34 137 109 42 22 143 3 77 28 15 69 57 98 0 15 76 42 34 76 51 71 53 130 45 22 142 124 21 113 39 47 66 84 79 48 48 78 41 64 114 96 30 125 138 101 77 41 50 67 37 102 35 63 21 75 72 40 103 72 90 62 85 34 87 75 71 48 87 32 139 108 44 140 115 130 74 113 56 83 69 55 107 74 134 74 66 86 127 133 94 98 120 5 125 142 73 78 47 114 108 111 79 139 23 79 8 50 59 97 122 89 20 38 135 55 0 130 63 115 112 22 27 78 35 87 16 62 84 143 64 99 2 127 22 4 89 141 7 0 110 131 21 13 101 25 117 101 8 36 50 57 118 39 140 17 34 80 91 137 143 25 6 82 4 81 126 85 2 38 62 83 73 6 14 82 109 20 41 15 124 108 37 45 106 15 96 27 95 108 58 132 103 124 108 68 71 18 76 77 97 108 91 10 137 121 124 100 41 86 3 74 125 83 59 50 54 10 33 134 136 11 20 43 85 134 89 21 27 53 88 29 56 132 126 114 142 60 25 5 92 34 65 8 62 136 110 0 43 112 33 103 69 105 70 90 32 70 44 23 58 101 69 53 88 9 12 55 19 14 56 90 73 46 56 97 0 67 73 124 42 41 115 51 142 103 15 27 76 127 138 33 43 63 43 137 50 131 78 131 71 59 9 126 44 11 23 31 57 81 102 122 31 12 138 131 60 49 86 9 18 29 104 61 29 121 83 18 142 100 33 120 132 1 106 97 80 33 72 60 36 22 28 79 43 136 85 87 95 53 43 61 31 42 14 47 68 12 52 128 142 36 130 63 48 68 115 123 135 52 93 43 122 29 109 113 17 13 30 122 90 12 141 113 65 111 117 19 130 2 49 28 29
0 : [221, 323, 346, 454, 483] (41)
1 : [79, 136, 540] (50)
2 : [0, 59, 80, 339, 375, 596] (45)
3 : [140, 214, 417] (50)
4 : [181, 342, 371] (55)
5 : [115, 124, 300, 446] (55)
6 : [61, 157, 369, 380] (58)
7 : [173, 192, 345] (52)
8 : [43, 66, 313, 355, 450] (62)
9 : [18, 472, 509, 526] (58)
10 : [32, 410, 424] (59)
11 : [428, 512] (55)
12 : [9, 473, 520, 564, 588] (51)
13 : [109, 350, 584] (51)
14 : [142, 149, 381, 476, 561] (52)
15 : [127, 201, 217, 222, 386, 392, 493] (56)
16 : [35, 52, 111, 333] (52)
17 : [196, 362, 583] (56)
18 : [404, 527, 534] (79)
19 : [55, 475, 594] (55)
20 : [319, 384, 429] (50)
21 : [90, 97, 235, 261, 349, 434] (44)
22 : [212, 232, 328, 341, 548] (50)
23 : [92, 141, 191, 311, 466, 513] (50)
24 : [4, 67, 110, 153, 179] (61)
25 : [352, 368, 445] (57)
26 : [5, 58] (72)
27 : [329, 394, 435, 494] (60)
28 : [93, 216, 549, 598] (50)
29 : [144, 438, 528, 531, 580, 599] (41)
30 : [34, 249, 585] (73)
31 : [514, 519, 559] (51)
32 : [276, 463] (64)
33 : [14, 105, 184, 425, 457, 498, 537, 544] (52)
34 : [208, 225, 270, 363, 448] (57)
35 : [259, 331] (53)
36 : [356, 547, 568] (61)
37 : [159, 257, 389] (65)
38 : [39, 107, 320, 376] (65)
39 : [40, 237, 360] (70)
40 : [163, 185, 264] (57)
41 : [170, 245, 254, 385, 415, 488] (67)
42 : [16, 211, 224, 487, 560] (60)
43 : [17, 182, 430, 455, 499, 501, 551, 557, 578] (57)
44 : [77, 279, 465, 511] (51)
45 : [231, 390] (72)
46 : [36, 53, 480] (57)
47 : [238, 305, 562] (67)
48 : [132, 242, 243, 274, 571] (60)
49 : [119, 524, 597] (50)
50 : [104, 255, 314, 357, 422, 503] (66)
51 : [162, 227, 490] (54)
52 : [41, 131, 137, 565, 576] (58)
53 : [229, 436, 470, 556] (74)
54 : [20, 423] (83)
55 : [78, 116, 288, 322, 474] (74)
56 : [285, 439, 477, 481] (66)
57 : [27, 96, 118, 219, 358, 515] (60)
58 : [397, 467] (78)
59 : [315, 421, 508] (66)
60 : [199, 444, 523, 546] (66)
61 : [70, 207, 530, 558] (53)
62 : [268, 334, 377, 451] (68)
63 : [260, 325, 500, 570] (74)
64 : [94, 246, 337] (54)
65 : [151, 160, 449, 591] (55)
66 : [24, 84, 239, 293] (59)
67 : [193, 256, 484] (70)
68 : [129, 402, 563, 572] (64)
69 : [218, 287, 459, 469] (66)
70 : [461, 464] (56)
71 : [21, 203, 228, 273, 403, 507] (53)
72 : [15, 263, 266, 545] (60)
73 : [303, 379, 479, 485] (66)
74 : [68, 147, 197, 283, 290, 292, 418] (74)
75 : [25, 262, 272] (58)
76 : [223, 226, 405, 495] (69)
77 : [44, 215, 253, 406] (70)
78 : [244, 304, 330, 505] (78)
79 : [241, 309, 312, 550] (67)
80 : [28, 86, 364, 543] (71)
81 : [102, 372, 516] (67)
82 : [175, 370, 382] (53)
83 : [171, 286, 378, 420, 533] (68)
84 : [47, 240, 335] (61)
85 : [269, 374, 431, 553] (60)
86 : [106, 189, 294, 416, 525] (55)
87 : [148, 271, 275, 332, 554] (67)
88 : [205, 437, 471] (55)
89 : [8, 318, 343, 433] (75)
90 : [1, 33, 267, 462, 478, 587] (75)
91 : [108, 155, 365, 409] (65)
92 : [73, 183, 447] (72)
93 : [12, 31, 577] (71)
94 : [49, 120, 297] (73)
95 : [6, 195, 395, 555] (79)
96 : [91, 248, 393] (79)
97 : [83, 154, 316, 407, 482, 542] (80)
98 : [220, 298] (84)
99 : [81, 165, 338] (79)
100 : [72, 138, 414, 536] (83)
101 : [128, 135, 252, 351, 354, 468] (71)
102 : [38, 50, 139, 156, 258, 517] (68)
103 : [265, 399, 458, 492] (74)
104 : [13, 112, 529] (59)
105 : [176, 460] (58)
106 : [391, 541] (61)
107 : [103, 168, 178, 180, 289] (72)
108 : [64, 278, 307, 388, 396, 401, 408] (73)
109 : [210, 383, 581] (57)
110 : [22, 347, 453] (64)
111 : [146, 152, 308, 592] (72)
112 : [89, 174, 206, 327, 456] (75)
113 : [10, 202, 236, 284, 582, 590] (66)
114 : [60, 82, 247, 306, 442] (76)
115 : [37, 281, 326, 489, 573] (76)
116 : [65, 98, 122] (78)
117 : [75, 88, 353, 593] (75)
118 : [30, 359] (76)
119 : [11, 130, 198] (69)
120 : [62, 101, 299, 538] (71)
121 : [29, 51, 76, 412, 532] (81)
122 : [317, 518, 579, 586] (80)
123 : [7, 121, 167, 204, 574] (80)
124 : [19, 234, 387, 400, 413, 486] (80)
125 : [99, 125, 134, 177, 250, 301, 419] (81)
126 : [54, 85, 373, 441, 510] (79)
127 : [123, 295, 340, 496] (77)
128 : [46, 71, 95, 145, 566] (80)
129 : [57, 161, 187] (71)
130 : [143, 200, 230, 282, 324, 569, 595] (80)
131 : [117, 164, 169, 348, 504, 506, 522] (79)
132 : [74, 190, 398, 440, 539] (79)
133 : [48, 296] (87)
134 : [2, 100, 166, 172, 291, 426, 432] (64)
135 : [87, 186, 194, 321, 575] (77)
136 : [113, 427, 452, 552] (80)
137 : [209, 366, 411, 502] (80)
138 : [56, 114, 150, 158, 251, 497, 521] (86)
139 : [42, 63, 69, 277, 310] (79)
140 : [133, 280, 361] (84)
141 : [23, 45, 344, 589] (80)
142 : [26, 126, 233, 302, 443, 491, 535, 567] (82)
143 : [3, 188, 213, 336, 367] (80)
