Name: 600-50-80
Time: 43.7436363697052 
Result: 47078
Solution:  2 92 134 143 19 23 98 121 89 10 117 119 93 105 34 72 39 41 6 124 56 70 113 136 66 75 138 60 82 121 111 86 12 91 30 19 47 114 105 43 43 52 143 13 72 142 127 81 129 95 99 117 14 48 126 22 143 130 29 2 116 5 121 142 105 117 7 25 73 143 61 125 102 91 132 118 121 44 57 1 4 101 116 97 62 130 83 134 117 110 22 98 20 26 63 125 58 20 115 114 132 124 84 105 51 34 92 38 99 16 28 14 106 138 139 5 54 131 60 52 92 125 117 127 5 128 142 14 101 67 120 58 46 141 123 101 4 57 98 99 3 20 8 130 34 127 119 76 87 20 139 63 112 26 99 95 103 9 138 40 56 133 55 41 133 100 132 123 106 128 37 83 139 7 112 80 105 125 103 25 107 0 44 95 33 42 132 128 143 92 132 21 3 66 134 93 18 77 120 62 126 16 111 69 122 87 108 61 34 133 106 44 20 143 1 84 28 16 63 52 104 0 15 72 34 33 77 52 70 53 134 45 25 142 125 21 110 40 49 65 90 78 44 58 82 41 65 119 95 30 122 132 101 78 39 44 68 32 95 32 63 20 71 76 43 105 75 88 61 86 31 87 75 76 51 86 33 137 111 48 139 112 131 71 115 50 82 68 57 109 74 131 84 66 87 127 135 90 94 120 6 124 142 72 79 46 110 108 112 81 139 24 81 4 54 58 99 129 88 20 39 134 57 4 128 63 115 112 20 26 79 35 85 16 59 82 140 62 95 0 131 21 10 91 143 1 2 109 131 20 17 103 29 116 100 8 36 52 52 119 37 138 17 35 80 94 135 143 21 8 82 6 70 124 86 2 36 65 88 70 6 14 82 110 23 35 13 121 109 42 42 104 15 96 27 97 103 53 129 102 126 106 67 74 17 71 80 93 108 89 11 139 125 126 96 38 81 3 73 129 82 64 57 49 8 39 138 136 11 17 39 85 133 92 16 26 51 81 34 54 137 126 110 140 56 25 5 95 28 69 4 61 135 109 4 44 114 34 98 69 107 69 88 30 71 45 21 59 101 68 54 87 13 12 55 20 10 62 94 73 48 51 97 2 74 73 127 38 38 114 50 142 108 14 26 78 130 140 34 47 64 43 137 58 131 77 128 70 57 11 128 44 16 20 26 61 84 105 123 31 10 140 131 55 47 81 10 24 27 105 60 31 123 83 9 137 102 33 120 131 0 108 95 79 34 69 63 35 28 25 78 45 143 85 85 90 52 34 60 27 41 14 43 69 10 56 123 140 36 126 60 47 69 113 120 134 46 92 39 122 27 109 111 17 15 31 118 94 10 141 112 67 113 117 18 125 4 50 29 34
0 : [181, 221, 339, 540] (52)
1 : [79, 214, 345] (57)
2 : [0, 59, 346, 375, 483] (43)
3 : [140, 192, 417] (51)
4 : [80, 136, 313, 323, 450, 454, 596] (48)
5 : [61, 115, 124, 446] (71)
6 : [18, 300, 371, 380] (69)
7 : [66, 173] (50)
8 : [142, 355, 369, 424] (53)
9 : [157, 534] (51)
10 : [9, 342, 476, 520, 526, 564, 588] (51)
11 : [410, 428, 509] (62)
12 : [32, 473] (55)
13 : [43, 386, 472] (14)
14 : [52, 111, 127, 381, 493, 561] (50)
15 : [222, 392, 584] (66)
16 : [109, 201, 217, 333, 434, 512] (50)
17 : [350, 362, 404, 429, 583] (54)
18 : [196, 594] (50)
19 : [4, 35] (51)
20 : [92, 97, 141, 149, 212, 261, 319, 328, 349, 475, 513] (45)
21 : [191, 235, 341, 368, 466] (53)
22 : [55, 90] (53)
23 : [5, 384] (73)
24 : [311, 527] (55)
25 : [67, 179, 232, 445, 549] (60)
26 : [93, 153, 329, 435, 494, 514] (65)
27 : [394, 528, 559, 580] (61)
28 : [110, 216, 448, 548] (58)
29 : [58, 352, 598] (75)
30 : [34, 249, 463] (92)
31 : [270, 519, 531, 585] (63)
32 : [257, 259] (61)
33 : [184, 225, 276, 537] (52)
34 : [14, 105, 144, 208, 224, 438, 457, 498, 544, 557, 599] (61)
35 : [331, 363, 385, 547] (57)
36 : [356, 376, 568] (65)
37 : [170, 360] (65)
38 : [107, 415, 487, 488] (51)
39 : [16, 254, 320, 425, 430, 578] (52)
40 : [159, 237] (69)
41 : [17, 163, 245, 560] (61)
42 : [185, 389, 390] (55)
43 : [39, 40, 264, 501, 562] (65)
44 : [77, 182, 211, 242, 255, 455, 511] (51)
45 : [231, 465, 551] (63)
46 : [132, 305, 576] (54)
47 : [36, 499, 524, 571] (53)
48 : [53, 279, 480] (56)
49 : [238, 423] (64)
50 : [285, 490, 597] (65)
51 : [104, 274, 436, 481] (63)
52 : [41, 119, 219, 227, 357, 358, 556] (64)
53 : [229, 397] (79)
54 : [116, 314, 439, 470] (65)
55 : [162, 474, 523] (55)
56 : [20, 160, 444, 565] (80)
57 : [78, 137, 288, 322, 422, 508] (54)
58 : [96, 131, 243, 315, 503] (54)
59 : [334, 467] (69)
60 : [27, 118, 530, 558, 570] (50)
61 : [70, 207, 268, 451, 515] (62)
62 : [84, 199, 337, 477] (55)
63 : [94, 151, 218, 260, 325, 546] (64)
64 : [421, 500] (69)
65 : [239, 246, 377] (55)
66 : [24, 193, 293] (60)
67 : [129, 402, 591] (52)
68 : [256, 287, 469] (62)
69 : [203, 449, 459, 461, 545, 563, 572] (74)
70 : [21, 228, 372, 379, 507] (76)
71 : [262, 283, 405, 464] (58)
72 : [15, 44, 223, 303] (61)
73 : [68, 418, 479, 485] (83)
74 : [290, 403, 484] (59)
75 : [25, 266, 272] (58)
76 : [147, 263, 273] (60)
77 : [197, 226, 505] (80)
78 : [241, 253, 495, 550] (71)
79 : [304, 330, 543] (58)
80 : [175, 364, 406] (55)
81 : [47, 309, 312, 416, 437, 525] (62)
82 : [28, 244, 286, 335, 370, 382, 420] (76)
83 : [86, 171, 533] (60)
84 : [102, 215, 292, 516] (77)
85 : [332, 431, 553, 554] (65)
86 : [31, 269, 275, 374] (77)
87 : [148, 205, 271, 294, 471] (78)
88 : [267, 318, 378, 462] (63)
89 : [8, 409] (58)
90 : [240, 297, 555] (78)
91 : [33, 73, 343] (74)
92 : [1, 106, 120, 189, 433, 577] (72)
93 : [12, 195, 407] (75)
94 : [298, 365, 478, 587] (67)
95 : [49, 155, 183, 248, 258, 338, 447, 542] (73)
96 : [393, 414] (62)
97 : [83, 395, 482] (54)
98 : [6, 91, 138, 458] (66)
99 : [50, 108, 139, 154, 316] (80)
100 : [165, 354] (56)
101 : [81, 128, 135, 252, 468] (76)
102 : [72, 399, 536] (72)
103 : [156, 178, 351, 396] (69)
104 : [220, 391] (74)
105 : [13, 38, 64, 103, 176, 265, 517, 529] (67)
106 : [112, 168, 210, 401] (81)
107 : [180, 460] (78)
108 : [206, 307, 408, 492, 541] (79)
109 : [289, 347, 388, 453, 581] (80)
110 : [89, 236, 306, 383, 442] (72)
111 : [30, 202, 278, 582] (74)
112 : [152, 174, 281, 308, 327, 590] (74)
113 : [22, 573, 592] (58)
114 : [37, 99, 456, 489] (77)
115 : [98, 284, 326] (78)
116 : [60, 82, 353] (75)
117 : [10, 51, 65, 88, 122, 593] (80)
118 : [75, 586] (74)
119 : [11, 146, 247, 359] (80)
120 : [130, 198, 299, 538, 574] (80)
121 : [7, 29, 62, 76, 387] (83)
122 : [204, 250, 579] (80)
123 : [134, 167, 518, 532, 566] (78)
124 : [19, 101, 301, 373] (80)
125 : [71, 95, 121, 177, 234, 412, 595] (80)
126 : [54, 200, 400, 413, 441, 569] (80)
127 : [46, 123, 145, 295, 486] (77)
128 : [125, 169, 187, 324, 506, 510] (79)
129 : [48, 317, 398, 419] (80)
130 : [57, 85, 143, 496] (80)
131 : [117, 282, 291, 340, 348, 504, 522, 539] (78)
132 : [74, 100, 166, 186, 190, 251] (78)
133 : [161, 164, 209, 432] (80)
134 : [2, 87, 194, 230, 321, 575] (79)
135 : [296, 366, 452] (80)
136 : [23, 427] (66)
137 : [277, 440, 502, 535] (75)
138 : [26, 113, 158, 361, 426] (80)
139 : [114, 150, 172, 280, 310, 411] (73)
140 : [336, 443, 497, 521, 567] (79)
141 : [133, 589] (70)
142 : [45, 63, 126, 233, 302, 491] (74)
143 : [3, 42, 56, 69, 188, 213, 344, 367, 552] (78)
