Name: 600-20-30
Time: 43.35667586326599 
Result: 28019
Solution:  67 137 136 92 137 17 107 43 37 78 37 30 37 12 96 127 12 137 91 130 141 140 74 135 47 55 120 27 10 0 25 63 84 39 45 8 26 68 115 132 19 61 78 92 101 4 144 14 77 125 86 127 88 64 83 114 75 26 74 35 120 95 76 67 103 2 68 140 25 21 50 21 129 76 108 40 22 110 119 125 28 28 47 59 117 64 17 28 82 133 70 43 86 129 96 21 120 19 125 31 145 143 81 123 101 85 6 143 62 51 97 87 137 51 130 96 87 34 81 22 85 139 134 66 133 3 104 97 52 76 42 132 133 69 130 111 27 111 47 114 54 107 25 106 148 61 87 92 110 112 7 35 15 62 134 20 50 103 50 143 22 64 49 130 54 42 12 44 113 80 104 144 119 114 17 97 17 128 125 22 7 148 86 41 96 87 91 100 100 18 89 76 24 30 31 44 1 30 98 47 2 146 113 119 139 144 73 144 6 32 142 138 82 95 103 146 116 119 36 126 73 6 50 57 97 85 28 146 142 31 149 126 23 62 74 90 74 111 90 72 145 63 0 128 127 136 138 38 123 143 11 83 99 65 147 88 71 17 59 10 77 144 92 89 123 65 86 77 58 120 122 58 90 65 114 59 77 7 109 61 16 84 123 100 79 55 14 100 85 4 136 72 34 30 70 22 118 101 17 8 24 13 56 16 46 58 35 66 49 39 124 131 57 86 51 56 11 56 69 105 92 63 148 20 142 12 89 102 86 0 2 37 135 148 88 118 145 106 141 48 33 39 59 68 113 93 19 109 36 18 126 149 135 107 111 96 112 34 124 52 45 138 24 52 38 122 35 132 128 122 82 46 108 106 73 67 80 6 135 4 29 4 85 31 103 42 5 83 100 41 8 3 93 48 45 75 70 40 22 24 108 17 101 105 135 126 27 113 12 1 77 51 24 114 24 92 35 138 1 61 141 0 32 63 12 0 4 63 77 62 97 5 2 23 116 122 46 106 43 105 32 61 67 59 131 4 107 44 53 80 121 85 9 100 5 43 38 116 46 58 43 80 33 115 63 148 50 119 135 29 46 58 140 72 18 144 36 117 31 97 130 15 55 10 120 29 79 31 86 101 7 131 18 35 45 116 13 139 49 17 42 13 66 55 9 83 65 22 54 84 48 91 79 17 60 137 114 125 71 69 115 17 102 15 65 134 36 33 67 15 9 105 133 149 21 92 125 46 10 101 63 107 121 34 104 122 128 147 112 148 80 124 71 56 41 73 7 104 133 36 126 102 94 109 43 113 143 140 31 42 53 105 70 47 75 110 149 98 125 70 108 90 99 129 146 81 66 60 7 122 72 1 94 62 25 46 52 91 44 4
0 : [29, 242, 329, 421, 425] (22)
1 : [196, 409, 418, 591] (16)
2 : [65, 200, 330, 432] (20)
3 : [125, 391] (21)
4 : [45, 289, 379, 381, 426, 445, 599] (18)
5 : [386, 431, 454] (21)
6 : [106, 208, 221, 377] (20)
7 : [150, 180, 277, 490, 556, 588] (20)
8 : [35, 299, 390] (23)
9 : [452, 504, 530] (20)
10 : [28, 259, 483, 538] (19)
11 : [250, 316] (16)
12 : [13, 16, 166, 325, 408, 424] (18)
13 : [301, 496, 501] (25)
14 : [47, 286] (21)
15 : [152, 481, 523, 529] (20)
16 : [280, 303] (24)
17 : [5, 86, 174, 176, 257, 298, 401, 499, 513, 521] (25)
18 : [189, 349, 474, 492] (21)
19 : [40, 97, 346] (23)
20 : [155, 323] (20)
21 : [69, 71, 95, 534] (20)
22 : [76, 119, 160, 179, 295, 398, 507] (21)
23 : [232, 433] (21)
24 : [192, 300, 362, 399, 412, 414] (27)
25 : [30, 68, 142, 594] (25)
26 : [36, 57] (22)
27 : [27, 136, 406] (24)
28 : [80, 81, 87, 226] (20)
29 : [380, 469, 485] (24)
30 : [11, 193, 197, 293] (20)
31 : [99, 194, 229, 383, 478, 487, 568] (15)
32 : [209, 422, 440] (25)
33 : [340, 462, 527] (20)
34 : [117, 292, 357, 543] (24)
35 : [59, 151, 306, 366, 416, 493] (20)
36 : [218, 348, 476, 526, 559] (21)
37 : [8, 10, 12, 331] (23)
38 : [247, 364, 456] (22)
39 : [33, 309, 341] (25)
40 : [75, 397] (23)
41 : [183, 389, 554] (29)
42 : [130, 165, 385, 500, 569] (25)
43 : [7, 91, 438, 455, 460, 564] (22)
44 : [167, 195, 447, 598] (28)
45 : [34, 360, 394, 494] (21)
46 : [304, 371, 436, 458, 470, 537, 595] (21)
47 : [24, 82, 138, 199, 573] (22)
48 : [339, 393, 510] (24)
49 : [162, 308, 498] (23)
50 : [70, 156, 158, 222, 466] (29)
51 : [109, 113, 314, 411] (29)
52 : [128, 359, 363, 596] (27)
53 : [448, 570] (22)
54 : [140, 164, 508] (30)
55 : [25, 285, 482, 503] (24)
56 : [302, 315, 317, 553] (25)
57 : [223, 312] (22)
58 : [268, 271, 305, 459, 471] (25)
59 : [83, 258, 275, 342, 443] (20)
60 : [514, 587] (28)
61 : [41, 145, 279, 419, 441] (22)
62 : [108, 153, 233, 429, 593] (23)
63 : [31, 241, 321, 423, 427, 464, 540] (24)
64 : [53, 85, 161] (28)
65 : [253, 265, 273, 506, 524] (22)
66 : [123, 307, 502, 586] (22)
67 : [0, 63, 375, 442, 528] (20)
68 : [37, 66, 343] (20)
69 : [133, 318, 519] (21)
70 : [90, 294, 396, 572, 579] (30)
71 : [256, 518, 552] (27)
72 : [239, 291, 473, 590] (27)
73 : [206, 220, 374, 555] (26)
74 : [22, 58, 234, 236] (23)
75 : [56, 395, 574] (22)
76 : [62, 73, 129, 191] (26)
77 : [48, 260, 267, 276, 410, 428] (26)
78 : [9, 42] (30)
79 : [284, 486, 512] (29)
80 : [169, 376, 449, 461, 550] (27)
81 : [102, 118, 585] (23)
82 : [88, 212, 370] (27)
83 : [54, 251, 387, 505] (29)
84 : [32, 281, 509] (27)
85 : [105, 120, 225, 288, 382, 451] (28)
86 : [50, 92, 182, 266, 313, 328, 488] (26)
87 : [111, 116, 146, 185] (21)
88 : [52, 255, 334] (21)
89 : [190, 263, 326] (27)
90 : [235, 238, 272, 581] (23)
91 : [18, 186, 511, 597] (21)
92 : [3, 43, 147, 262, 320, 415, 535] (20)
93 : [345, 392] (22)
94 : [562, 592] (29)
95 : [61, 213] (29)
96 : [14, 94, 115, 184, 355] (23)
97 : [110, 127, 175, 224, 430, 479] (23)
98 : [198, 577] (34)
99 : [252, 582] (21)
100 : [187, 188, 283, 287, 388, 453] (21)
101 : [44, 104, 297, 402, 489, 539] (24)
102 : [327, 522, 561] (25)
103 : [64, 157, 214, 384] (26)
104 : [126, 170, 544, 557] (29)
105 : [319, 403, 439, 531, 571] (30)
106 : [143, 337, 373, 437] (30)
107 : [6, 141, 353, 446, 541] (30)
108 : [74, 372, 400, 580] (30)
109 : [278, 347, 563] (30)
110 : [77, 148, 575] (29)
111 : [135, 137, 237, 354] (30)
112 : [149, 356, 548] (26)
113 : [168, 202, 344, 407, 565] (20)
114 : [55, 139, 173, 274, 413, 516] (30)
115 : [38, 463, 520] (30)
116 : [216, 434, 457, 495] (30)
117 : [84, 477] (27)
118 : [296, 335] (32)
119 : [78, 172, 203, 217, 467] (24)
120 : [26, 60, 96, 269, 484] (31)
121 : [450, 542] (21)
122 : [270, 365, 369, 435, 545, 589] (30)
123 : [103, 248, 264, 282] (28)
124 : [310, 358, 551] (29)
125 : [49, 79, 98, 178, 517, 536, 578] (30)
126 : [219, 231, 350, 405, 560] (30)
127 : [15, 51, 244] (30)
128 : [177, 243, 368, 546] (27)
129 : [72, 93, 583] (29)
130 : [19, 114, 134, 163, 480] (29)
131 : [311, 444, 491] (30)
132 : [39, 131, 367] (29)
133 : [89, 124, 132, 532, 558] (28)
134 : [122, 154, 525] (24)
135 : [23, 332, 352, 378, 404, 468] (27)
136 : [2, 245, 290] (28)
137 : [1, 4, 17, 112, 515] (30)
138 : [211, 246, 361, 417] (28)
139 : [121, 204, 497] (30)
140 : [21, 67, 472, 567] (30)
141 : [20, 338, 420] (28)
142 : [210, 228, 324] (30)
143 : [101, 107, 159, 249, 566] (30)
144 : [46, 171, 205, 207, 261, 475] (27)
145 : [100, 240, 336] (31)
146 : [201, 215, 227, 584] (31)
147 : [254, 547] (31)
148 : [144, 181, 322, 333, 465, 549] (30)
149 : [230, 351, 533, 576] (30)
