Name: 200-30-45
Time: 4.413176774978638 
Result: 45
Solution:  24 15 47 42 36 18 31 38 31 45 5 35 34 16 20 9 4 24 48 8 4 47 50 29 48 20 50 6 29 18 9 35 13 5 17 35 5 32 25 38 24 34 41 12 26 33 24 28 17 13 25 47 20 41 46 30 13 22 44 16 35 18 43 44 37 50 25 39 17 47 12 11 8 49 11 6 50 10 11 32 40 50 19 22 8 7 49 21 24 39 40 20 15 21 43 48 31 23 14 35 30 7 24 24 41 19 43 7 43 43 32 4 26 15 7 50 23 45 9 32 29 48 16 37 26 8 11 37 15 39 4 21 38 36 37 27 28 8 34 19 35 9 51 34 44 36 10 22 4 14 48 51 16 9 40 46 15 26 28 36 29 15 51 5 18 46 15 9 38 12 6 49 23 32 15 27 42 8 51 43 27 4 30 48 32 38 25 33 45 25 28 37 42 19 10 42 5 16 23 44
0 : [] (0)
1 : [] (0)
2 : [] (0)
3 : [] (0)
4 : [16, 20, 111, 130, 148, 181] (44)
5 : [10, 33, 36, 163, 196] (37)
6 : [27, 75, 170] (30)
7 : [85, 101, 107, 114] (31)
8 : [19, 72, 84, 125, 137, 177] (33)
9 : [15, 30, 118, 141, 153, 167] (32)
10 : [77, 146, 194] (32)
11 : [71, 74, 78, 126] (34)
12 : [43, 70, 169] (38)
13 : [32, 49, 56] (35)
14 : [98, 149] (31)
15 : [1, 92, 113, 128, 156, 161, 166, 174] (32)
16 : [13, 59, 122, 152, 197] (32)
17 : [34, 48, 68] (36)
18 : [5, 29, 61, 164] (35)
19 : [82, 105, 139, 193] (31)
20 : [14, 25, 52, 91] (34)
21 : [87, 93, 131] (37)
22 : [57, 83, 147] (33)
23 : [97, 116, 172, 198] (35)
24 : [0, 17, 40, 46, 88, 102, 103] (34)
25 : [38, 50, 66, 186, 189] (35)
26 : [44, 112, 124, 157] (35)
27 : [135, 175, 180] (41)
28 : [47, 136, 158, 190] (41)
29 : [23, 28, 120, 160] (39)
30 : [55, 100, 182] (38)
31 : [6, 8, 96] (41)
32 : [37, 79, 110, 119, 173, 184] (39)
33 : [45, 187] (44)
34 : [12, 41, 138, 143] (39)
35 : [11, 31, 35, 60, 99, 140] (38)
36 : [4, 133, 145, 159] (40)
37 : [64, 123, 127, 134, 191] (37)
38 : [7, 39, 132, 168, 185] (37)
39 : [67, 89, 129] (40)
40 : [80, 90, 154] (45)
41 : [42, 53, 104] (43)
42 : [3, 176, 192, 195] (39)
43 : [62, 94, 106, 108, 109, 179] (37)
44 : [58, 63, 144, 199] (41)
45 : [9, 117, 188] (35)
46 : [54, 155, 165] (41)
47 : [2, 21, 51, 69] (36)
48 : [18, 24, 95, 121, 150, 183] (35)
49 : [73, 86, 171] (35)
50 : [22, 26, 65, 76, 81, 115] (31)
51 : [142, 151, 162, 178] (40)
52 : [] (0)
53 : [] (0)
