Name: 200-50-80
Time: 4.442348480224609 
Result: 66
Solution:  19 18 11 24 11 31 24 25 8 3 15 22 17 20 6 24 33 13 22 4 8 31 26 15 23 17 5 16 3 14 7 24 21 15 33 32 5 8 9 18 28 14 20 30 23 16 12 29 15 7 14 17 31 13 12 5 26 23 12 31 22 21 5 17 25 32 4 20 3 3 11 18 21 32 16 19 26 11 27 7 29 28 5 20 11 6 30 29 19 29 5 18 22 14 23 10 29 21 9 28 8 16 6 30 29 16 28 13 10 27 25 17 19 3 13 19 3 32 27 5 26 33 6 26 4 8 14 20 24 22 4 19 21 27 21 25 9 3 26 32 11 20 29 12 17 5 10 21 5 15 13 3 18 4 20 23 18 13 5 14 29 4 10 26 16 12 11 32 16 29 28 33 30 25 24 21 10 6 14 33 7 12 25 18 6 18 19 26 29 8 17 11 31 12 17 26 11 23 23 25
0 : [] (0)
1 : [] (0)
2 : [] (0)
3 : [9, 28, 68, 69, 113, 116, 137, 151] (56)
4 : [19, 66, 124, 130, 153, 161] (51)
5 : [26, 36, 55, 62, 82, 90, 119, 145, 148, 158] (50)
6 : [14, 85, 102, 122, 177, 184] (51)
7 : [30, 49, 79, 180] (54)
8 : [8, 20, 37, 100, 125, 189] (52)
9 : [38, 98, 136] (57)
10 : [95, 108, 146, 162, 176] (57)
11 : [2, 4, 70, 77, 84, 140, 166, 191, 196] (59)
12 : [46, 54, 58, 143, 165, 181, 193] (64)
13 : [17, 53, 107, 114, 150, 157] (55)
14 : [29, 41, 50, 93, 126, 159, 178] (62)
15 : [10, 23, 33, 48, 149] (66)
16 : [27, 45, 74, 101, 105, 164, 168] (64)
17 : [12, 25, 51, 63, 111, 144, 190, 194] (65)
18 : [1, 39, 71, 91, 152, 156, 183, 185] (64)
19 : [0, 75, 88, 112, 115, 131, 186] (66)
20 : [13, 42, 67, 83, 127, 141, 154] (64)
21 : [32, 61, 72, 97, 132, 134, 147, 175] (65)
22 : [11, 18, 60, 92, 129] (63)
23 : [24, 44, 57, 94, 155, 197, 198] (64)
24 : [3, 6, 15, 31, 128, 174] (64)
25 : [7, 64, 110, 135, 173, 182, 199] (63)
26 : [22, 56, 76, 120, 123, 138, 163, 187, 195] (62)
27 : [78, 109, 118, 133] (62)
28 : [40, 81, 99, 106, 170] (61)
29 : [47, 80, 87, 89, 96, 104, 142, 160, 169, 188] (65)
30 : [43, 86, 103, 172] (64)
31 : [5, 21, 52, 59, 192] (56)
32 : [35, 65, 73, 117, 139, 167] (61)
33 : [16, 34, 121, 171, 179] (59)
34 : [] (0)
35 : [] (0)
