Name: 200-20-30
Time: 4.543765544891357 
Result: 26
Solution:  32 2 14 20 12 29 16 25 27 20 20 12 29 27 28 4 24 20 23 22 8 5 15 7 27 9 32 30 27 24 16 3 21 19 33 2 9 32 4 23 29 32 20 11 26 3 18 22 32 2 18 5 33 30 7 17 11 12 3 13 27 7 21 24 27 9 7 6 26 30 30 21 23 4 13 17 9 9 2 29 30 29 26 10 3 4 22 11 31 20 24 8 6 9 16 20 18 13 4 14 15 19 19 15 17 30 12 10 4 15 6 11 17 24 3 8 23 10 12 25 23 16 27 25 31 17 11 28 21 9 8 4 25 31 24 12 24 21 13 32 13 25 24 13 18 26 32 4 22 8 23 18 19 7 4 31 28 5 17 16 28 10 27 27 3 6 6 33 30 23 8 13 31 16 30 21 8 9 30 5 9 14 4 4 22 13 10 13 7 15 29 28 19 16 16 29 20 18 26 14
0 : [] (0)
1 : [] (0)
2 : [1, 35, 49, 78] (20)
3 : [31, 45, 58, 84, 114, 164] (20)
4 : [15, 38, 73, 85, 98, 108, 131, 147, 154, 182, 183] (20)
5 : [21, 51, 157, 179] (21)
6 : [67, 92, 110, 165, 166] (21)
7 : [23, 54, 61, 66, 153, 188] (20)
8 : [20, 91, 115, 130, 149, 170, 176] (20)
9 : [25, 36, 65, 76, 77, 93, 129, 177, 180] (21)
10 : [83, 107, 117, 161, 186] (21)
11 : [43, 56, 87, 111, 126] (21)
12 : [4, 11, 57, 106, 118, 135] (23)
13 : [59, 74, 97, 138, 140, 143, 171, 185, 187] (23)
14 : [2, 99, 181, 199] (24)
15 : [22, 100, 103, 109, 189] (24)
16 : [6, 30, 94, 121, 159, 173, 193, 194] (23)
17 : [55, 75, 104, 112, 125, 158] (26)
18 : [46, 50, 96, 144, 151, 197] (26)
19 : [33, 101, 102, 152, 192] (26)
20 : [3, 9, 10, 17, 42, 89, 95, 196] (26)
21 : [32, 62, 71, 128, 137, 175] (26)
22 : [19, 47, 86, 148, 184] (26)
23 : [18, 39, 72, 116, 120, 150, 169] (26)
24 : [16, 29, 63, 90, 113, 134, 136, 142] (25)
25 : [7, 119, 123, 132, 141] (26)
26 : [44, 68, 82, 145, 198] (25)
27 : [8, 13, 24, 28, 60, 64, 122, 162, 163] (25)
28 : [14, 127, 156, 160, 191] (26)
29 : [5, 12, 40, 79, 81, 190, 195] (26)
30 : [27, 53, 69, 70, 80, 105, 168, 174, 178] (26)
31 : [88, 124, 133, 155, 172] (24)
32 : [0, 26, 37, 41, 48, 139, 146] (22)
33 : [34, 52, 167] (23)
34 : [] (0)
35 : [] (0)
