Name: 200-20-30
Time: 4.5734381675720215 
Result: 26
Solution:  31 2 16 18 11 32 18 25 25 19 20 11 28 26 29 6 22 18 22 20 8 5 20 5 28 9 30 30 27 24 14 5 21 21 33 2 9 31 4 21 28 32 20 10 23 3 20 25 34 2 18 6 34 33 7 17 10 12 3 14 28 8 22 25 26 8 4 6 26 33 30 21 23 2 13 15 9 9 3 33 30 29 23 9 3 4 22 14 32 21 24 8 8 8 15 18 17 15 4 14 14 24 18 16 17 31 14 13 2 15 6 11 17 25 2 8 25 10 12 21 19 16 27 23 34 18 9 33 19 9 8 2 26 29 24 13 22 23 16 31 14 27 25 14 18 25 32 8 22 8 24 18 17 4 4 33 31 3 16 16 27 9 26 27 4 6 6 32 30 26 7 11 30 16 33 23 7 9 30 5 8 12 2 4 19 15 11 12 7 12 30 28 24 15 19 27 20 19 28 13
0 : [] (0)
1 : [] (0)
2 : [1, 35, 49, 73, 108, 114, 131, 182] (20)
3 : [45, 58, 78, 84, 157] (24)
4 : [38, 66, 85, 98, 153, 154, 164, 183] (21)
5 : [21, 23, 31, 179] (21)
6 : [15, 51, 67, 110, 165, 166] (21)
7 : [54, 170, 176, 188] (20)
8 : [20, 61, 65, 91, 92, 93, 115, 130, 147, 149, 180] (20)
9 : [25, 36, 76, 77, 83, 126, 129, 161, 177] (20)
10 : [43, 56, 117] (21)
11 : [4, 11, 111, 171, 186] (23)
12 : [57, 118, 181, 187, 189] (21)
13 : [74, 107, 135, 199] (22)
14 : [30, 59, 87, 99, 100, 106, 140, 143] (23)
15 : [75, 94, 97, 109, 185, 193] (23)
16 : [2, 103, 121, 138, 158, 159, 173] (24)
17 : [55, 96, 104, 112, 152] (25)
18 : [3, 6, 17, 50, 95, 102, 125, 144, 151] (25)
19 : [9, 120, 128, 184, 194, 197] (25)
20 : [10, 19, 22, 42, 46, 196] (26)
21 : [32, 33, 39, 71, 89, 119] (26)
22 : [16, 18, 62, 86, 136, 148] (26)
23 : [44, 72, 82, 123, 137, 175] (26)
24 : [29, 90, 101, 134, 150, 192] (26)
25 : [7, 8, 47, 63, 113, 116, 142, 145] (25)
26 : [13, 64, 68, 132, 162, 169] (25)
27 : [28, 122, 141, 160, 163, 195] (24)
28 : [12, 24, 40, 60, 191, 198] (25)
29 : [14, 81, 133] (20)
30 : [26, 27, 70, 80, 168, 172, 178, 190] (23)
31 : [0, 37, 105, 139, 156] (20)
32 : [5, 41, 88, 146, 167] (20)
33 : [34, 53, 69, 79, 127, 155, 174] (20)
34 : [48, 52, 124] (21)
35 : [] (0)
