Name: 200-30-45
Time: 4.26438307762146 
Result: 44
Solution:  26 14 47 42 39 18 32 36 31 45 6 33 34 16 24 9 5 23 50 8 4 45 50 30 48 21 50 6 29 19 11 37 13 5 17 36 4 30 25 38 24 32 42 11 25 33 21 28 22 12 27 46 20 39 45 32 15 21 44 16 37 18 43 44 40 51 25 41 17 47 12 11 8 49 10 5 50 8 12 33 43 48 17 21 9 7 49 20 26 39 40 22 14 19 43 46 30 23 13 35 34 7 24 25 41 20 47 8 45 45 31 6 25 15 7 51 24 48 10 31 31 47 17 40 27 10 11 36 14 38 7 19 37 36 39 25 26 11 33 21 34 9 51 32 44 37 11 22 4 14 47 51 15 10 39 46 15 26 28 37 30 15 51 4 18 46 16 11 39 14 6 49 23 32 15 28 42 4 50 42 29 7 27 48 29 40 25 35 45 24 28 38 42 18 9 41 6 16 23 44
0 : [] (0)
1 : [] (0)
2 : [] (0)
3 : [] (0)
4 : [20, 36, 148, 163, 177] (39)
5 : [16, 33, 75] (33)
6 : [10, 27, 111, 170, 196] (34)
7 : [85, 101, 114, 130, 181] (33)
8 : [19, 72, 77, 107] (33)
9 : [15, 84, 141, 194] (37)
10 : [74, 118, 125, 153] (30)
11 : [30, 43, 71, 126, 137, 146, 167] (31)
12 : [49, 70, 78] (37)
13 : [32, 98] (40)
14 : [1, 92, 128, 149, 169] (31)
15 : [56, 113, 152, 156, 161, 174] (31)
16 : [13, 59, 166, 197] (31)
17 : [34, 68, 82, 122] (32)
18 : [5, 61, 164, 193] (33)
19 : [29, 93, 131] (33)
20 : [52, 87, 105] (37)
21 : [25, 46, 57, 83, 139] (30)
22 : [48, 91, 147] (38)
23 : [17, 97, 172, 198] (33)
24 : [14, 40, 102, 116, 189] (34)
25 : [38, 44, 66, 103, 112, 135, 186] (35)
26 : [0, 88, 136, 157] (35)
27 : [50, 124, 182] (36)
28 : [47, 158, 175, 190] (36)
29 : [28, 180, 184] (37)
30 : [23, 37, 96, 160] (40)
31 : [8, 110, 119, 120] (39)
32 : [6, 41, 55, 143, 173] (37)
33 : [11, 45, 79, 138] (37)
34 : [12, 100, 140] (38)
35 : [99, 187] (44)
36 : [7, 35, 127, 133] (42)
37 : [31, 60, 132, 145, 159] (42)
38 : [39, 129, 191] (42)
39 : [4, 53, 89, 134, 154, 168] (42)
40 : [64, 90, 123, 185] (42)
41 : [67, 104, 195] (42)
42 : [3, 42, 176, 179, 192] (43)
43 : [62, 80, 94] (42)
44 : [58, 63, 144, 199] (41)
45 : [9, 21, 54, 108, 109, 188] (37)
46 : [51, 95, 155, 165] (39)
47 : [2, 69, 106, 121, 150] (36)
48 : [24, 81, 117, 183] (33)
49 : [73, 86, 171] (35)
50 : [18, 22, 26, 76, 178] (41)
51 : [65, 115, 142, 151, 162] (35)
52 : [] (0)
53 : [] (0)
