Name: 200-30-45
Time: 4.335899353027344 
Result: 44
Solution:  26 13 46 42 35 18 32 38 29 46 6 35 34 15 21 9 6 23 50 8 4 45 50 30 48 21 51 5 29 19 9 35 13 5 17 34 4 32 25 39 23 37 42 10 25 33 23 27 17 13 25 46 19 40 46 31 14 22 44 16 37 18 41 44 37 50 25 39 17 48 12 10 8 49 12 7 50 6 11 32 40 47 21 22 8 7 48 22 26 39 43 20 13 20 44 48 31 23 15 35 30 8 22 24 41 19 43 9 43 41 31 5 25 16 7 51 23 46 9 34 31 47 16 36 27 7 11 36 16 41 4 21 38 36 36 24 26 11 34 21 35 6 51 36 43 38 11 25 5 14 49 51 13 9 39 47 14 26 27 35 32 15 49 5 18 47 16 11 38 12 6 49 23 30 15 28 42 7 50 42 29 4 28 48 32 40 28 33 45 24 28 38 42 18 10 45 4 14 20 43
0 : [] (0)
1 : [] (0)
2 : [] (0)
3 : [] (0)
4 : [20, 36, 130, 181, 196] (44)
5 : [27, 33, 111, 148, 163] (35)
6 : [10, 16, 77, 141, 170] (34)
7 : [75, 85, 114, 125, 177] (38)
8 : [19, 72, 84, 101] (31)
9 : [15, 30, 107, 118, 153] (31)
10 : [43, 71, 194] (32)
11 : [78, 126, 137, 146, 167] (31)
12 : [70, 74, 169] (35)
13 : [1, 32, 49, 92, 152] (32)
14 : [56, 149, 156, 197] (32)
15 : [13, 98, 161, 174] (34)
16 : [59, 113, 122, 128, 166] (32)
17 : [34, 48, 68] (36)
18 : [5, 61, 164, 193] (33)
19 : [29, 52, 105] (33)
20 : [91, 93, 198] (37)
21 : [14, 25, 82, 131, 139] (32)
22 : [57, 83, 87, 102] (33)
23 : [17, 40, 46, 97, 116, 172] (33)
24 : [103, 135, 189] (33)
25 : [38, 44, 50, 66, 112, 147] (35)
26 : [0, 88, 136, 157] (35)
27 : [47, 124, 158] (36)
28 : [175, 182, 186, 190] (35)
29 : [8, 28, 180] (42)
30 : [23, 100, 173] (39)
31 : [55, 96, 110, 120] (43)
32 : [6, 37, 79, 160, 184] (41)
33 : [45, 187] (44)
34 : [12, 35, 119, 138] (42)
35 : [4, 11, 31, 99, 140, 159] (36)
36 : [123, 127, 133, 134, 143] (36)
37 : [41, 60, 64] (35)
38 : [7, 132, 145, 168, 191] (36)
39 : [39, 67, 89, 154] (41)
40 : [53, 80, 185] (38)
41 : [62, 104, 109, 129] (34)
42 : [3, 42, 176, 179, 192] (43)
43 : [90, 106, 108, 144, 199] (40)
44 : [58, 63, 94] (41)
45 : [21, 188, 195] (41)
46 : [2, 9, 51, 54, 117] (42)
47 : [81, 121, 155, 165] (42)
48 : [24, 69, 86, 95, 183] (38)
49 : [73, 150, 162, 171] (38)
50 : [18, 22, 65, 76, 178] (41)
51 : [26, 115, 142, 151] (33)
52 : [] (0)
53 : [] (0)
