Name: 200-50-80
Time: 4.41251015663147 
Result: 66
Solution:  15 17 12 23 12 33 24 24 7 3 15 22 19 20 6 24 32 12 27 5 7 31 26 15 23 20 4 15 3 14 6 22 21 15 33 32 3 8 10 18 31 14 19 30 20 17 12 31 15 7 16 13 32 12 11 7 27 22 12 31 23 22 6 17 30 31 3 19 5 4 11 18 21 33 18 16 25 12 26 7 29 27 5 20 11 5 29 28 20 28 5 18 22 14 23 11 29 20 10 32 8 16 7 30 28 13 24 14 9 28 26 18 21 3 13 18 5 32 27 5 27 33 7 23 4 8 13 18 25 25 4 19 21 30 19 26 9 3 29 28 12 20 29 11 20 3 8 21 5 16 13 4 18 4 17 23 19 13 4 17 30 5 10 28 16 10 12 31 15 29 28 33 30 24 24 25 11 5 14 33 7 12 26 17 8 20 20 21 25 8 18 13 32 12 19 27 14 23 23 25
0 : [] (0)
1 : [] (0)
2 : [] (0)
3 : [9, 28, 36, 66, 113, 137, 145] (50)
4 : [26, 69, 124, 130, 151, 153, 158] (51)
5 : [19, 68, 82, 85, 90, 116, 119, 148, 161, 177] (53)
6 : [14, 30, 62] (54)
7 : [8, 20, 49, 55, 79, 102, 122, 180] (54)
8 : [37, 100, 125, 146, 184, 189] (55)
9 : [108, 136] (61)
10 : [38, 98, 162, 165] (60)
11 : [54, 70, 84, 95, 143, 176] (57)
12 : [2, 4, 17, 46, 53, 58, 77, 140, 166, 181, 193] (57)
13 : [51, 105, 114, 126, 150, 157, 191] (58)
14 : [29, 41, 93, 107, 178, 196] (58)
15 : [0, 10, 23, 27, 33, 48, 168] (61)
16 : [50, 75, 101, 149, 164] (61)
17 : [1, 45, 63, 154, 159, 183] (62)
18 : [39, 71, 74, 91, 111, 115, 127, 152, 190] (63)
19 : [12, 42, 67, 131, 134, 156, 194] (63)
20 : [13, 25, 44, 83, 88, 97, 141, 144, 185, 186] (61)
21 : [32, 72, 112, 132, 147, 187] (61)
22 : [11, 31, 57, 61, 92] (62)
23 : [3, 24, 60, 94, 123, 155, 197, 198] (64)
24 : [6, 7, 15, 106, 173, 174] (65)
25 : [76, 128, 129, 175, 188, 199] (66)
26 : [22, 78, 110, 135, 182] (66)
27 : [18, 56, 81, 118, 120, 195] (66)
28 : [87, 89, 104, 109, 139, 163, 170] (63)
29 : [80, 86, 96, 138, 142, 169] (63)
30 : [43, 64, 103, 133, 160, 172] (63)
31 : [21, 40, 47, 59, 65, 167] (65)
32 : [16, 35, 52, 99, 117, 192] (65)
33 : [5, 34, 73, 121, 171, 179] (58)
34 : [] (0)
35 : [] (0)
