Name: 200-20-30
Time: 4.533660411834717 
Result: 26
Solution:  32 2 15 22 12 31 16 25 25 18 21 9 29 26 28 6 24 18 21 22 10 2 15 7 27 11 32 30 26 24 17 4 23 19 32 2 10 30 6 21 24 32 21 9 22 3 19 21 33 2 18 6 31 31 7 18 11 12 3 16 28 7 20 25 26 7 5 7 26 32 30 22 22 3 13 16 6 10 4 30 31 28 26 10 3 4 22 13 33 19 24 5 9 11 16 23 18 13 3 12 15 23 20 15 16 31 11 13 6 13 5 10 17 26 4 10 23 12 12 24 22 16 29 23 29 17 10 30 22 9 6 3 27 31 25 13 23 24 15 32 14 26 23 14 18 25 32 3 23 4 25 20 18 4 3 31 29 4 17 16 27 9 25 27 6 10 5 33 30 28 7 11 32 17 30 23 7 7 30 5 6 14 4 4 19 14 11 12 5 15 30 27 21 16 17 29 20 18 27 14
0 : [] (0)
1 : [] (0)
2 : [1, 21, 35, 49] (23)
3 : [45, 58, 73, 84, 98, 131, 147, 154] (23)
4 : [31, 78, 85, 114, 149, 153, 157, 182, 183] (24)
5 : [66, 91, 110, 166, 179, 188] (23)
6 : [15, 38, 51, 76, 108, 130, 164, 180] (22)
7 : [23, 54, 61, 65, 67, 170, 176, 177] (25)
8 : [] (0)
9 : [11, 43, 92, 129, 161] (22)
10 : [20, 36, 77, 83, 111, 115, 126, 165] (20)
11 : [25, 56, 93, 106, 171, 186] (20)
12 : [4, 57, 99, 117, 118, 187] (23)
13 : [74, 87, 97, 107, 109, 135] (25)
14 : [140, 143, 181, 185, 199] (24)
15 : [2, 22, 100, 103, 138, 189] (24)
16 : [6, 59, 75, 94, 104, 121, 159, 193] (24)
17 : [30, 112, 125, 158, 173, 194] (25)
18 : [9, 17, 50, 55, 96, 144, 152, 197] (26)
19 : [33, 46, 89, 184] (25)
20 : [62, 102, 151, 196] (25)
21 : [10, 18, 39, 42, 47, 192] (25)
22 : [3, 19, 44, 71, 72, 86, 120, 128] (26)
23 : [32, 95, 101, 116, 123, 136, 142, 148, 175] (25)
24 : [16, 29, 40, 90, 119, 137] (25)
25 : [7, 8, 63, 134, 145, 150, 162] (26)
26 : [13, 28, 64, 68, 82, 113, 141] (25)
27 : [24, 132, 160, 163, 191, 198] (26)
28 : [14, 60, 81, 169] (26)
29 : [12, 122, 124, 156, 195] (26)
30 : [27, 37, 70, 79, 127, 168, 174, 178, 190] (26)
31 : [5, 52, 53, 80, 105, 133, 155] (26)
32 : [0, 26, 34, 41, 69, 139, 146, 172] (24)
33 : [48, 88, 167] (23)
34 : [] (0)
35 : [] (0)
