Name: 200-20-30
Time: 4.515187501907349 
Result: 27
Solution:  32 2 14 20 12 32 16 25 28 21 19 11 27 26 28 7 25 20 18 22 10 3 15 6 28 10 31 27 26 23 14 5 25 21 33 2 10 30 4 25 28 26 20 10 24 2 20 24 33 2 18 6 31 30 7 17 9 12 3 13 26 9 22 25 26 8 6 7 26 33 30 21 23 2 13 16 8 12 4 29 29 29 24 10 3 4 22 15 33 22 24 6 9 10 16 19 17 13 3 14 16 21 19 15 17 30 11 13 2 15 6 11 17 26 3 9 25 9 12 21 22 16 32 28 29 18 10 33 22 8 7 2 26 29 24 11 24 24 16 32 12 25 23 12 19 23 32 6 23 6 23 18 17 6 6 30 29 4 15 16 27 10 26 27 5 7 4 31 30 23 8 13 30 18 32 21 5 10 29 5 7 14 5 4 20 13 10 13 8 14 30 28 19 16 19 26 20 17 26 12
0 : [] (0)
1 : [] (0)
2 : [1, 35, 45, 49, 73, 108, 131] (20)
3 : [21, 58, 84, 98, 114] (22)
4 : [38, 78, 85, 157, 166, 183] (21)
5 : [31, 164, 176, 179, 182] (20)
6 : [23, 51, 66, 91, 110, 147, 149, 153, 154] (21)
7 : [15, 54, 67, 130, 165, 180] (22)
8 : [65, 76, 129, 170, 188] (21)
9 : [56, 61, 92, 115, 117] (21)
10 : [20, 25, 36, 43, 83, 93, 126, 161, 177, 186] (21)
11 : [11, 106, 111, 135] (21)
12 : [4, 57, 77, 118, 140, 143, 199] (21)
13 : [59, 74, 97, 107, 171, 185, 187] (22)
14 : [2, 30, 99, 181, 189] (24)
15 : [22, 87, 103, 109, 158] (23)
16 : [6, 75, 94, 100, 121, 138, 159, 193] (23)
17 : [55, 96, 104, 112, 152, 197] (26)
18 : [18, 50, 125, 151, 173] (26)
19 : [10, 95, 102, 144, 192, 194] (27)
20 : [3, 17, 42, 46, 184, 196] (26)
21 : [9, 33, 71, 101, 119, 175] (27)
22 : [19, 62, 86, 89, 120, 128] (27)
23 : [29, 72, 142, 145, 148, 150, 169] (27)
24 : [44, 47, 82, 90, 134, 136, 137] (27)
25 : [7, 16, 32, 39, 63, 116, 141] (27)
26 : [13, 28, 41, 60, 64, 68, 113, 132, 162, 195, 198] (23)
27 : [12, 27, 160, 163] (25)
28 : [8, 14, 24, 40, 123, 191] (24)
29 : [79, 80, 81, 124, 133, 156, 178] (27)
30 : [37, 53, 70, 105, 155, 168, 172, 190] (25)
31 : [26, 52, 167] (23)
32 : [0, 5, 122, 139, 146, 174] (22)
33 : [34, 48, 69, 88, 127] (20)
34 : [] (0)
35 : [] (0)
