Name: 200-20-30
Time: 4.523046970367432 
Result: 27
Solution:  31 3 14 22 12 31 19 25 25 19 20 12 27 25 29 6 22 17 21 21 8 2 15 8 28 10 31 30 26 23 14 5 25 21 33 2 9 30 6 25 28 32 22 11 23 3 20 21 34 2 18 6 34 33 7 19 14 12 3 15 26 7 21 23 26 10 6 7 26 33 30 20 21 2 13 16 6 9 4 33 31 29 25 10 3 4 22 13 32 20 24 6 8 10 18 18 18 14 3 13 17 22 18 15 16 30 11 11 6 15 6 10 17 25 2 9 23 9 12 24 19 19 28 22 33 17 9 33 22 9 8 2 28 31 24 13 22 24 16 32 12 27 25 12 17 26 32 6 24 6 25 19 16 4 5 33 30 4 15 16 29 9 25 27 4 10 5 32 30 26 7 11 31 17 33 24 8 10 28 5 7 13 5 4 19 18 10 12 7 15 30 27 23 18 17 28 20 18 26 14
0 : [] (0)
1 : [] (0)
2 : [21, 35, 49, 73, 114, 131] (20)
3 : [1, 45, 58, 84, 98] (21)
4 : [78, 85, 153, 157, 164, 183] (21)
5 : [31, 154, 166, 179, 182] (20)
6 : [15, 38, 51, 66, 76, 91, 108, 110, 147, 149] (20)
7 : [54, 61, 67, 170, 180, 188] (20)
8 : [20, 23, 92, 130, 176] (20)
9 : [36, 77, 115, 117, 126, 129, 161] (21)
10 : [25, 65, 83, 93, 111, 165, 177, 186] (20)
11 : [43, 106, 107, 171] (20)
12 : [4, 11, 57, 118, 140, 143, 187] (21)
13 : [74, 87, 99, 135, 181] (24)
14 : [2, 30, 56, 97, 199] (21)
15 : [22, 59, 103, 109, 158, 189] (27)
16 : [75, 104, 138, 152, 159] (24)
17 : [17, 100, 112, 125, 144, 173, 194] (27)
18 : [50, 94, 95, 96, 102, 185, 193, 197] (26)
19 : [6, 9, 55, 120, 121, 151, 184] (25)
20 : [10, 46, 71, 89, 196] (26)
21 : [18, 19, 33, 47, 62, 72] (27)
22 : [3, 16, 42, 86, 101, 123, 128, 136] (26)
23 : [29, 44, 63, 116, 192] (27)
24 : [90, 119, 134, 137, 148, 175] (24)
25 : [7, 8, 13, 32, 39, 82, 113, 142, 150, 162] (27)
26 : [28, 60, 64, 68, 145, 169, 198] (25)
27 : [12, 141, 163, 191] (25)
28 : [24, 40, 122, 132, 178, 195] (20)
29 : [14, 81, 160] (20)
30 : [27, 37, 70, 105, 156, 168, 190] (24)
31 : [0, 5, 26, 80, 133, 172] (22)
32 : [41, 88, 139, 146, 167] (20)
33 : [34, 53, 69, 79, 124, 127, 155, 174] (21)
34 : [48, 52] (20)
35 : [] (0)
