Name: 200-20-30
Time: 4.531301736831665 
Result: 26
Solution:  31 2 15 19 11 32 16 25 26 18 20 11 27 27 29 5 25 19 22 20 8 5 17 8 28 10 32 29 27 25 15 3 23 20 31 2 9 32 5 24 26 31 20 11 24 2 18 21 33 2 17 6 31 30 7 19 9 13 3 13 26 7 22 24 26 7 6 7 26 33 30 21 21 3 13 14 7 9 3 32 29 30 26 10 3 4 22 16 32 19 24 6 8 11 15 19 18 15 4 14 15 19 21 14 16 29 11 12 5 13 3 10 17 26 4 7 22 10 12 23 18 16 29 26 29 17 11 33 19 9 9 3 25 31 24 12 22 23 14 31 14 28 23 12 17 24 33 5 23 6 25 18 16 6 4 30 28 4 18 16 28 10 26 27 2 6 6 32 29 25 8 13 30 17 33 21 8 7 30 5 8 12 4 4 21 14 10 12 9 13 29 27 23 15 19 29 20 19 28 15
0 : [] (0)
1 : [] (0)
2 : [1, 35, 45, 49, 164] (21)
3 : [31, 58, 73, 78, 84, 110, 131] (21)
4 : [85, 98, 114, 154, 157, 182, 183] (20)
5 : [15, 21, 38, 108, 147, 179] (20)
6 : [51, 66, 91, 149, 153, 165, 166] (20)
7 : [54, 61, 65, 67, 76, 115, 177] (20)
8 : [20, 23, 92, 170, 176, 180] (21)
9 : [36, 56, 77, 129, 130, 188] (22)
10 : [25, 83, 111, 117, 161, 186] (21)
11 : [4, 11, 43, 93, 106, 126] (22)
12 : [107, 118, 135, 143, 181, 187] (23)
13 : [57, 59, 74, 109, 171, 189] (24)
14 : [75, 99, 103, 138, 140, 185] (23)
15 : [2, 30, 94, 97, 100, 193, 199] (24)
16 : [6, 87, 104, 121, 152, 159] (23)
17 : [22, 50, 112, 125, 144, 173] (25)
18 : [9, 46, 96, 120, 151, 158] (25)
19 : [3, 17, 55, 89, 95, 101, 128, 194, 197] (26)
20 : [10, 19, 33, 42, 196] (24)
21 : [47, 71, 72, 102, 175, 184] (26)
22 : [18, 62, 86, 116, 136] (26)
23 : [32, 119, 137, 142, 148, 192] (25)
24 : [39, 44, 63, 90, 134, 145] (26)
25 : [7, 16, 29, 132, 150, 169] (26)
26 : [8, 40, 60, 64, 68, 82, 113, 123, 162] (26)
27 : [12, 13, 28, 163, 191] (25)
28 : [24, 141, 156, 160, 198] (26)
29 : [14, 27, 80, 105, 122, 124, 168, 190, 195] (25)
30 : [53, 70, 81, 155, 172, 178] (24)
31 : [0, 34, 41, 52, 133, 139] (24)
32 : [5, 26, 37, 79, 88, 167] (25)
33 : [48, 69, 127, 146, 174] (23)
34 : [] (0)
35 : [] (0)
