Name: 200-40-60
Time: 4.652636528015137 
Result: 54
Solution:  20 47 17 47 28 9 40 47 37 34 16 42 42 25 27 4 28 24 17 32 3 30 24 15 20 35 36 11 34 42 39 5 40 36 14 9 11 13 32 37 7 9 7 15 35 29 27 29 2 43 14 29 21 13 18 21 28 22 44 32 8 12 23 31 15 32 38 24 35 42 29 15 36 42 27 47 4 43 15 19 19 11 17 41 19 4 4 15 26 3 22 43 8 35 14 18 26 25 21 6 7 6 32 18 39 43 8 46 26 42 9 46 41 10 41 44 16 46 24 25 30 9 13 10 3 46 27 18 38 45 5 49 40 37 44 38 40 34 40 31 33 16 20 41 23 7 34 22 5 21 44 39 10 3 45 35 17 27 33 34 33 23 6 19 39 43 42 16 10 12 30 38 24 44 30 26 13 49 13 38 7 25 31 49 5 18 49 30 36 39 2 12 37 2 15 43 25 39 4 5
0 : [] (0)
1 : [] (0)
2 : [48, 190, 193] (43)
3 : [20, 89, 124, 153] (43)
4 : [15, 76, 85, 86, 198] (41)
5 : [31, 130, 148, 184, 199] (41)
6 : [99, 101, 162] (41)
7 : [40, 42, 100, 145, 180] (43)
8 : [60, 92, 106] (44)
9 : [5, 35, 41, 110, 121] (45)
10 : [113, 123, 152, 168] (45)
11 : [27, 36, 81] (43)
12 : [61, 169, 191] (53)
13 : [37, 53, 122, 176, 178] (45)
14 : [34, 50, 94] (49)
15 : [23, 43, 64, 71, 78, 87, 194] (43)
16 : [10, 116, 141, 167] (43)
17 : [2, 18, 82, 156] (47)
18 : [54, 95, 103, 127, 185] (48)
19 : [79, 80, 84, 163] (50)
20 : [0, 24, 142] (42)
21 : [52, 55, 98, 149] (49)
22 : [57, 90, 147] (47)
23 : [62, 144, 161] (53)
24 : [17, 22, 67, 118, 172] (52)
25 : [13, 97, 119, 181, 196] (51)
26 : [88, 96, 108, 175] (53)
27 : [14, 46, 74, 126, 157] (52)
28 : [4, 16, 56] (50)
29 : [45, 47, 51, 70] (50)
30 : [21, 120, 170, 174, 187] (50)
31 : [63, 139, 182] (46)
32 : [19, 38, 59, 65, 102] (49)
33 : [140, 158, 160] (54)
34 : [9, 28, 137, 146, 159] (47)
35 : [25, 44, 68, 93, 155] (53)
36 : [26, 33, 72, 188] (52)
37 : [8, 39, 133, 192] (54)
38 : [66, 128, 135, 171, 179] (51)
39 : [30, 104, 151, 164, 189, 197] (52)
40 : [6, 32, 132, 136, 138] (50)
41 : [83, 112, 114, 143] (51)
42 : [11, 12, 29, 69, 73, 109, 166] (51)
43 : [49, 77, 91, 105, 165, 195] (50)
44 : [58, 115, 134, 150, 173] (53)
45 : [129, 154] (54)
46 : [107, 111, 117, 125] (52)
47 : [1, 3, 7, 75] (44)
48 : [] (0)
49 : [131, 177, 183, 186] (42)
50 : [] (0)
