Name: 200-50-80
Time: 4.317115783691406 
Result: 65
Solution:  15 18 11 21 11 33 24 26 8 3 16 22 17 20 5 22 33 12 25 4 7 31 26 15 23 17 3 15 3 15 8 21 21 18 33 32 4 8 10 18 31 14 21 30 20 17 13 32 15 9 16 14 31 13 13 4 28 24 12 31 22 20 7 16 25 32 3 21 3 4 12 18 19 33 15 16 23 11 26 9 29 27 5 21 10 6 29 28 17 28 4 20 22 14 23 11 29 22 9 33 8 15 7 30 29 14 27 13 10 28 24 15 19 5 15 20 3 32 27 5 28 30 7 25 4 9 14 20 29 22 5 16 21 27 20 25 7 3 25 32 9 19 29 12 18 3 10 21 5 12 14 5 17 4 17 23 18 14 5 17 29 5 10 28 16 11 11 32 15 29 28 33 30 25 24 23 10 5 12 33 8 13 27 17 6 20 19 22 26 6 18 8 33 12 16 25 12 23 27 27
0 : [] (0)
1 : [] (0)
2 : [] (0)
3 : [9, 26, 28, 66, 68, 116, 137, 145] (54)
4 : [19, 36, 55, 69, 90, 124, 153] (56)
5 : [14, 82, 113, 119, 130, 148, 151, 158, 161, 177] (54)
6 : [85, 184, 189] (55)
7 : [20, 62, 102, 122, 136] (58)
8 : [8, 30, 37, 100, 180, 191] (54)
9 : [49, 79, 98, 125, 140] (51)
10 : [38, 84, 108, 146, 162, 176] (56)
11 : [2, 4, 77, 95, 165, 166] (58)
12 : [17, 58, 70, 143, 149, 178, 193, 196] (60)
13 : [46, 53, 54, 107, 181] (60)
14 : [41, 51, 93, 105, 126, 150, 157] (58)
15 : [0, 23, 27, 29, 48, 74, 101, 111, 114, 168] (62)
16 : [10, 50, 63, 75, 131, 164, 194] (63)
17 : [12, 25, 45, 88, 152, 154, 159, 183] (65)
18 : [1, 33, 39, 71, 144, 156, 190] (62)
19 : [72, 112, 141, 186] (64)
20 : [13, 44, 61, 91, 115, 127, 134, 185] (64)
21 : [3, 31, 32, 42, 67, 83, 132, 147] (64)
22 : [11, 15, 60, 92, 97, 129, 187] (64)
23 : [24, 76, 94, 155, 175, 197] (63)
24 : [6, 57, 110, 174] (63)
25 : [18, 64, 123, 135, 138, 173, 195] (63)
26 : [7, 22, 78, 188] (63)
27 : [81, 106, 118, 133, 182, 198, 199] (63)
28 : [56, 87, 89, 109, 120, 163, 170] (64)
29 : [80, 86, 96, 104, 128, 142, 160, 169] (62)
30 : [43, 103, 121, 172] (63)
31 : [21, 40, 52, 59] (56)
32 : [35, 47, 65, 117, 139, 167] (63)
33 : [5, 16, 34, 73, 99, 171, 179, 192] (61)
34 : [] (0)
35 : [] (0)
