Name: 200-30-45
Time: 4.422667026519775 
Result: 45
Solution:  25 14 46 42 39 16 31 38 30 46 6 33 35 14 24 9 8 23 48 8 4 43 50 29 47 21 51 6 29 19 10 35 13 5 17 35 5 32 27 38 24 36 42 12 25 33 21 27 21 13 25 46 19 41 44 30 14 18 45 16 37 18 44 44 37 51 25 40 19 48 12 11 8 49 13 6 50 7 9 33 41 47 21 21 8 6 50 20 25 40 40 22 13 19 43 46 32 24 15 35 30 8 22 24 41 18 46 7 45 45 33 4 27 14 5 50 24 46 10 32 31 48 17 40 26 10 9 36 14 38 4 20 36 39 36 26 27 11 32 19 34 11 51 34 44 38 11 22 4 14 49 51 17 11 39 47 10 26 28 36 31 15 51 4 19 47 17 11 39 12 6 49 25 33 15 28 42 7 50 43 28 7 31 48 33 37 25 34 45 23 29 37 42 20 10 45 4 17 23 42
0 : [] (0)
1 : [] (0)
2 : [] (0)
3 : [] (0)
4 : [20, 111, 130, 148, 163, 196] (37)
5 : [33, 36, 114] (34)
6 : [10, 27, 75, 85, 170] (33)
7 : [77, 107, 177, 181] (33)
8 : [16, 19, 72, 84, 101] (40)
9 : [15, 78, 126] (30)
10 : [30, 118, 125, 156, 194] (37)
11 : [71, 137, 141, 146, 153, 167] (30)
12 : [43, 70, 169] (38)
13 : [32, 49, 74, 92] (36)
14 : [1, 13, 56, 113, 128, 149] (32)
15 : [98, 161, 174] (31)
16 : [5, 59] (39)
17 : [34, 122, 152, 166, 197] (33)
18 : [57, 61, 105] (37)
19 : [29, 52, 68, 93, 139, 164] (30)
20 : [87, 131, 193] (32)
21 : [25, 46, 48, 82, 83] (31)
22 : [91, 102, 147] (31)
23 : [17, 189, 198] (34)
24 : [14, 40, 97, 103, 116] (30)
25 : [0, 44, 50, 66, 88, 172, 186] (37)
26 : [124, 135, 157] (35)
27 : [38, 47, 112, 136] (35)
28 : [158, 175, 180] (35)
29 : [23, 28, 190] (38)
30 : [8, 55, 100] (40)
31 : [6, 120, 160, 182] (41)
32 : [37, 96, 119, 138] (41)
33 : [11, 45, 79, 110, 173, 184] (39)
34 : [140, 143, 187] (39)
35 : [12, 31, 35, 99] (41)
36 : [41, 127, 132, 134, 159] (45)
37 : [60, 64, 185, 191] (35)
38 : [7, 39, 129, 145] (41)
39 : [4, 133, 154, 168] (40)
40 : [67, 89, 90, 123] (39)
41 : [53, 80, 104] (41)
42 : [3, 42, 176, 192, 199] (45)
43 : [21, 94, 179] (39)
44 : [54, 62, 63, 144] (43)
45 : [58, 108, 109, 188, 195] (38)
46 : [2, 9, 51, 95, 106, 117] (38)
47 : [24, 81, 155, 165] (39)
48 : [18, 69, 121, 183] (41)
49 : [73, 150, 171] (36)
50 : [22, 76, 86, 115, 178] (35)
51 : [26, 65, 142, 151, 162] (34)
52 : [] (0)
53 : [] (0)
