Name: 200-50-80
Time: 4.342468500137329 
Result: 67
Solution:  16 18 12 22 11 33 24 26 7 3 15 22 17 20 4 24 33 12 26 5 9 31 26 16 24 17 6 16 5 14 7 21 21 17 31 32 4 9 9 18 31 14 19 30 23 18 10 33 15 9 16 12 32 12 14 5 28 22 13 31 25 23 8 17 26 32 4 18 5 4 14 18 20 33 18 16 24 12 27 9 30 28 6 21 11 5 29 28 19 29 6 21 22 14 23 11 29 23 11 31 9 15 6 30 28 13 28 13 9 27 26 15 20 6 13 19 4 32 27 5 28 33 7 25 3 12 16 21 30 21 4 18 21 29 20 26 8 3 27 30 10 20 29 11 18 6 8 21 5 15 13 5 17 3 17 22 19 13 5 14 30 5 10 25 16 10 11 32 16 29 25 33 30 23 25 23 9 7 12 32 7 14 25 19 8 19 22 21 25 6 17 11 33 14 19 25 14 23 23 24
0 : [] (0)
1 : [] (0)
2 : [] (0)
3 : [9, 124, 137, 153] (54)
4 : [14, 36, 66, 69, 116, 130] (51)
5 : [19, 28, 55, 68, 85, 119, 148, 151, 158, 161] (52)
6 : [26, 82, 90, 102, 113, 145, 189] (53)
7 : [8, 30, 122, 177, 180] (52)
8 : [62, 136, 146, 184] (58)
9 : [20, 37, 38, 49, 79, 100, 108, 176] (56)
10 : [46, 140, 162, 165] (63)
11 : [4, 84, 95, 98, 143, 166, 191] (57)
12 : [2, 17, 51, 53, 77, 125, 178] (56)
13 : [58, 105, 107, 114, 150, 157] (57)
14 : [29, 41, 54, 70, 93, 159, 181, 193, 196] (58)
15 : [10, 48, 101, 111, 149] (58)
16 : [0, 23, 27, 50, 75, 126, 164, 168] (59)
17 : [12, 25, 33, 63, 152, 154, 190] (61)
18 : [1, 39, 45, 67, 71, 74, 131, 144] (62)
19 : [42, 88, 115, 156, 183, 185, 194] (64)
20 : [13, 72, 112, 134, 141] (61)
21 : [31, 32, 83, 91, 127, 129, 132, 147, 187] (63)
22 : [3, 11, 57, 92, 155, 186] (66)
23 : [44, 61, 94, 97, 173, 175, 197, 198] (65)
24 : [6, 15, 24, 76, 199] (67)
25 : [60, 123, 163, 170, 174, 182, 188, 195] (65)
26 : [7, 18, 22, 64, 110, 135] (65)
27 : [78, 109, 118, 138] (65)
28 : [56, 81, 87, 104, 106, 120] (65)
29 : [86, 89, 96, 133, 142, 169] (64)
30 : [43, 80, 103, 128, 139, 160, 172] (61)
31 : [21, 34, 40, 59, 99] (59)
32 : [35, 52, 65, 117, 167, 179] (64)
33 : [5, 16, 47, 73, 121, 171, 192] (65)
34 : [] (0)
35 : [] (0)
