Name: 200-50-80
Time: 4.392255544662476 
Result: 67
Solution:  16 18 12 23 11 31 23 25 8 3 16 23 19 20 6 24 33 12 22 4 8 31 26 15 27 18 4 15 4 15 10 21 21 16 32 32 3 8 8 18 31 14 22 30 21 17 12 32 14 7 15 14 31 12 13 7 26 22 12 31 22 20 5 16 27 32 4 17 4 4 12 18 21 33 16 16 26 11 26 8 30 27 5 19 11 5 29 28 18 29 4 21 22 14 23 10 29 20 12 32 8 15 6 30 28 17 24 13 8 28 25 18 20 6 13 19 3 31 27 7 28 33 7 24 4 9 15 19 28 21 5 19 20 30 19 25 9 3 25 30 9 19 29 11 19 4 8 23 6 11 14 4 19 3 21 25 19 13 6 17 30 4 10 28 13 11 12 33 15 26 29 32 30 25 24 25 11 5 14 32 7 16 26 18 7 18 19 23 28 6 18 7 33 14 17 26 16 23 24 25
0 : [] (0)
1 : [] (0)
2 : [] (0)
3 : [9, 36, 116, 137, 153] (51)
4 : [19, 26, 28, 66, 68, 69, 90, 124, 145, 151, 161] (51)
5 : [62, 82, 85, 130, 177] (51)
6 : [14, 102, 113, 148, 158, 189] (50)
7 : [49, 55, 119, 122, 180, 184, 191] (56)
8 : [8, 20, 37, 38, 79, 100, 108, 146] (55)
9 : [125, 136, 140] (61)
10 : [30, 95, 162] (60)
11 : [4, 77, 84, 143, 149, 165, 176] (61)
12 : [2, 17, 46, 53, 58, 70, 98, 166] (60)
13 : [54, 107, 114, 157, 164] (59)
14 : [41, 48, 51, 93, 150, 178, 193] (60)
15 : [23, 27, 29, 50, 101, 126, 168] (59)
16 : [0, 10, 33, 63, 74, 75, 181, 196] (58)
17 : [45, 67, 105, 159, 194] (59)
18 : [1, 25, 39, 71, 88, 111, 183, 185, 190] (59)
19 : [12, 83, 115, 127, 131, 134, 141, 144, 152, 156, 186] (60)
20 : [13, 61, 97, 112, 132] (63)
21 : [31, 32, 44, 72, 91, 129, 154] (66)
22 : [18, 42, 57, 60, 92] (64)
23 : [3, 6, 11, 94, 147, 187, 197] (64)
24 : [15, 106, 123, 174, 198] (67)
25 : [7, 110, 135, 138, 155, 173, 175, 199] (64)
26 : [22, 56, 76, 78, 169, 182, 195] (64)
27 : [24, 64, 81, 118] (65)
28 : [87, 104, 109, 120, 128, 163, 188] (63)
29 : [86, 89, 96, 142, 170] (65)
30 : [43, 80, 103, 133, 139, 160, 172] (63)
31 : [5, 21, 40, 52, 59, 117] (60)
32 : [34, 35, 47, 65, 99, 171, 179] (62)
33 : [16, 73, 121, 167, 192] (66)
34 : [] (0)
35 : [] (0)
