Name: 200-40-60
Time: 4.62054705619812 
Result: 55
Solution:  20 48 18 47 28 8 40 46 36 32 16 39 37 25 24 5 28 25 17 32 4 31 25 15 21 30 35 12 34 42 42 3 41 39 15 10 11 15 33 38 11 9 4 14 39 29 25 29 2 44 13 33 20 11 18 20 31 24 45 32 9 12 26 29 18 33 37 24 35 42 29 15 34 44 28 48 8 43 17 19 22 14 19 42 22 3 3 12 23 3 21 46 9 34 14 16 23 26 20 7 8 5 31 18 39 46 5 45 28 44 10 48 38 10 38 42 16 46 27 26 31 9 13 14 4 46 28 19 38 43 4 47 41 37 41 37 40 38 41 30 36 17 20 41 27 7 33 23 5 21 44 37 11 3 45 32 19 27 34 35 30 22 7 18 37 42 44 18 11 13 28 39 27 44 30 27 11 45 13 36 8 21 35 47 5 18 43 32 40 40 2 11 33 2 17 44 26 39 4 4
0 : [] (0)
1 : [] (0)
2 : [48, 190, 193] (43)
3 : [31, 85, 86, 89, 153] (40)
4 : [20, 42, 124, 130, 198, 199] (49)
5 : [15, 101, 106, 148, 184] (52)
6 : [] (0)
7 : [99, 145, 162] (43)
8 : [5, 76, 100, 180] (41)
9 : [41, 60, 92, 121] (41)
10 : [35, 110, 113] (46)
11 : [36, 40, 53, 152, 168, 176, 191] (42)
12 : [27, 61, 87] (42)
13 : [50, 122, 169, 178] (48)
14 : [43, 81, 94, 123] (55)
15 : [23, 34, 37, 71] (49)
16 : [10, 95, 116] (54)
17 : [18, 78, 141, 194] (42)
18 : [2, 54, 64, 103, 163, 167, 185] (42)
19 : [79, 82, 127, 156] (42)
20 : [0, 52, 55, 98, 142] (53)
21 : [24, 90, 149, 181] (51)
22 : [80, 84, 161] (53)
23 : [88, 96, 147] (50)
24 : [14, 57, 67] (54)
25 : [13, 17, 22, 46] (53)
26 : [62, 97, 119, 196] (50)
27 : [118, 144, 157, 172, 175] (49)
28 : [4, 16, 74, 108, 126, 170] (52)
29 : [45, 47, 63, 70] (55)
30 : [25, 139, 160, 174] (53)
31 : [21, 56, 102, 120] (55)
32 : [9, 19, 59, 155, 187] (53)
33 : [38, 51, 65, 146, 192] (54)
34 : [28, 72, 93, 158] (53)
35 : [26, 68, 159, 182] (51)
36 : [8, 140, 179] (52)
37 : [12, 66, 133, 135, 151, 164] (55)
38 : [39, 112, 114, 128, 137] (55)
39 : [11, 33, 44, 104, 171, 197] (54)
40 : [6, 136, 188, 189] (49)
41 : [32, 132, 134, 138, 143] (49)
42 : [29, 30, 69, 83, 115, 165] (52)
43 : [77, 129, 186] (52)
44 : [49, 73, 109, 150, 166, 173, 195] (53)
45 : [58, 107, 154, 177] (44)
46 : [7, 91, 105, 117, 125] (42)
47 : [3, 131, 183] (43)
48 : [1, 75, 111] (51)
49 : [] (0)
50 : [] (0)
