Name: 200-50-80
Time: 4.358587265014648 
Result: 66
Solution:  19 17 13 21 11 33 24 25 7 3 15 23 19 21 6 22 33 12 21 6 8 31 25 15 24 18 4 15 5 14 7 22 21 15 33 32 6 9 10 17 27 14 19 31 22 16 11 33 14 8 17 14 29 12 13 4 28 22 13 31 23 21 5 17 25 32 5 21 3 3 12 18 20 32 17 19 24 12 27 7 26 29 5 20 11 6 30 26 19 28 4 18 22 14 23 10 29 20 9 33 9 16 6 30 26 14 25 13 10 26 23 15 20 5 13 19 4 31 27 5 28 31 7 26 4 12 16 18 25 20 5 22 21 30 20 25 9 3 29 32 10 19 29 12 17 3 9 23 5 12 13 6 19 4 17 25 18 14 6 15 30 3 11 28 15 11 11 32 17 28 28 33 30 23 24 26 9 5 13 32 6 16 26 18 8 18 22 22 28 8 18 7 33 14 16 24 17 23 26 25
0 : [] (0)
1 : [] (0)
2 : [] (0)
3 : [9, 68, 69, 137, 145, 161] (52)
4 : [26, 55, 90, 116, 124, 153] (50)
5 : [28, 62, 66, 82, 113, 119, 130, 148, 177] (50)
6 : [14, 19, 36, 85, 102, 151, 158, 180] (50)
7 : [8, 30, 79, 122, 191] (54)
8 : [20, 49, 184, 189] (51)
9 : [37, 98, 100, 136, 146, 176] (54)
10 : [38, 95, 108, 140] (64)
11 : [4, 46, 84, 162, 165, 166] (64)
12 : [17, 53, 70, 77, 125, 143, 149] (62)
13 : [2, 54, 58, 107, 114, 150, 178] (63)
14 : [29, 41, 48, 51, 93, 105, 157, 193] (63)
15 : [10, 23, 27, 33, 111, 159, 164] (66)
16 : [45, 101, 126, 181, 194] (65)
17 : [1, 39, 50, 63, 74, 144, 154, 168, 196] (62)
18 : [25, 71, 91, 127, 156, 183, 185, 190] (60)
19 : [0, 12, 42, 75, 88, 115, 141, 152] (62)
20 : [72, 83, 97, 112, 129, 134] (61)
21 : [3, 13, 18, 32, 61, 67, 132] (62)
22 : [15, 31, 44, 57, 92, 131, 186, 187] (63)
23 : [11, 60, 94, 110, 147, 173, 197] (63)
24 : [6, 24, 76, 174, 195] (64)
25 : [7, 22, 64, 106, 128, 135, 155, 199] (64)
26 : [80, 87, 104, 109, 123, 175, 182, 198] (66)
27 : [40, 78, 118] (63)
28 : [56, 89, 120, 163, 169, 170, 188] (59)
29 : [52, 81, 96, 138, 142] (66)
30 : [86, 103, 133, 160, 172] (63)
31 : [21, 43, 59, 117, 121] (59)
32 : [35, 65, 73, 139, 167, 179] (65)
33 : [5, 16, 34, 47, 99, 171, 192] (56)
34 : [] (0)
35 : [] (0)
