Name: 200-20-30
Time: 4.4944634437561035 
Result: 26
Solution:  32 2 16 21 12 30 16 25 26 21 19 13 27 26 28 4 23 18 20 24 8 3 16 8 27 9 31 29 26 25 14 5 23 19 33 2 9 32 5 21 24 29 22 11 26 2 18 25 31 2 19 6 33 30 7 17 10 14 3 13 26 8 22 23 26 8 5 7 26 33 30 22 22 4 14 16 9 10 4 30 29 30 25 9 3 4 21 15 33 21 24 6 9 8 19 18 17 13 3 13 18 21 18 15 17 31 11 11 2 15 6 11 17 26 2 9 24 10 14 24 18 22 32 25 33 18 9 33 21 10 9 5 29 29 22 11 23 23 13 32 12 27 25 14 19 23 32 4 23 4 25 18 17 6 5 30 30 4 15 16 28 8 26 27 7 6 6 32 29 28 7 12 31 15 29 22 7 8 30 5 6 14 5 4 20 13 10 12 8 12 29 28 24 18 16 26 20 18 26 14
0 : [] (0)
1 : [] (0)
2 : [1, 35, 45, 49, 108, 114] (20)
3 : [21, 58, 84, 98] (20)
4 : [15, 73, 78, 85, 147, 149, 157, 183] (20)
5 : [31, 38, 66, 131, 154, 179, 182] (20)
6 : [51, 91, 110, 153, 165, 166, 180] (20)
7 : [54, 67, 164, 170, 176] (21)
8 : [20, 23, 61, 65, 93, 161, 177, 188] (20)
9 : [25, 36, 76, 83, 92, 115, 126, 130] (22)
10 : [56, 77, 117, 129, 186] (22)
11 : [43, 106, 107, 111, 135] (23)
12 : [4, 140, 171, 187, 189] (22)
13 : [11, 59, 97, 99, 138, 185] (23)
14 : [30, 57, 74, 118, 143, 181, 199] (23)
15 : [87, 103, 109, 158, 173] (25)
16 : [2, 6, 22, 75, 159, 194] (24)
17 : [55, 96, 104, 112, 152] (25)
18 : [17, 46, 95, 100, 102, 120, 125, 151, 193, 197] (26)
19 : [10, 33, 50, 94, 144] (25)
20 : [18, 184, 196] (25)
21 : [3, 9, 39, 86, 89, 101, 128] (25)
22 : [42, 62, 71, 72, 121, 134, 175] (24)
23 : [16, 32, 63, 136, 137, 145, 148] (25)
24 : [19, 40, 90, 116, 119, 192] (25)
25 : [7, 29, 47, 82, 123, 142, 150] (26)
26 : [8, 13, 28, 44, 60, 64, 68, 113, 162, 195, 198] (24)
27 : [12, 24, 141, 163] (26)
28 : [14, 160, 169, 191] (26)
29 : [27, 41, 80, 132, 133, 168, 174, 190] (26)
30 : [5, 53, 70, 79, 81, 155, 156, 178] (26)
31 : [26, 48, 105, 172] (25)
32 : [0, 37, 122, 139, 146, 167] (23)
33 : [34, 52, 69, 88, 124, 127] (25)
34 : [] (0)
35 : [] (0)
