Name: 200-50-80
Time: 4.448985815048218 
Result: 66
Solution:  20 17 12 21 12 31 23 24 7 3 15 22 17 22 4 24 33 12 21 5 8 31 23 16 25 20 5 16 3 14 9 21 21 17 31 31 3 9 8 18 28 14 23 27 20 18 10 33 15 9 14 15 31 12 13 8 28 24 12 30 22 22 8 17 26 32 4 22 3 5 13 18 19 32 17 17 26 11 27 7 26 30 8 19 10 5 29 29 21 28 5 16 22 13 24 11 29 21 11 33 8 15 7 30 26 13 25 14 10 28 26 16 19 5 16 20 5 32 27 6 28 32 7 23 3 8 13 21 25 20 4 18 20 27 20 25 7 3 26 32 12 21 29 12 19 4 9 21 6 16 15 3 20 4 17 22 18 13 5 16 30 3 10 27 13 11 12 31 15 26 29 33 30 25 25 24 9 5 12 33 6 12 26 19 6 18 20 21 28 6 18 9 33 12 19 26 12 23 25 24
0 : [] (0)
1 : [] (0)
2 : [] (0)
3 : [9, 28, 36, 68, 124, 137, 151, 161] (57)
4 : [14, 66, 130, 145, 153] (51)
5 : [19, 26, 69, 85, 90, 113, 116, 158, 177] (51)
6 : [119, 148, 180, 184, 189] (52)
7 : [8, 79, 102, 122, 136] (55)
8 : [20, 38, 55, 62, 82, 100, 125] (52)
9 : [30, 37, 49, 146, 176, 191] (52)
10 : [46, 84, 108, 162] (54)
11 : [77, 95, 98, 165] (60)
12 : [2, 4, 17, 53, 58, 140, 143, 166, 178, 181, 193, 196] (62)
13 : [54, 70, 93, 105, 126, 157, 164] (61)
14 : [29, 41, 50, 107] (62)
15 : [10, 48, 51, 101, 150, 168] (62)
16 : [23, 27, 91, 111, 114, 149, 159] (62)
17 : [1, 12, 33, 63, 74, 75, 154] (62)
18 : [39, 45, 71, 131, 156, 185, 190] (61)
19 : [72, 83, 112, 144, 183, 194] (60)
20 : [0, 25, 44, 115, 129, 132, 134, 152, 186] (62)
21 : [3, 18, 31, 32, 88, 97, 127, 141, 147, 187] (61)
22 : [11, 13, 60, 61, 67, 92, 155] (65)
23 : [6, 22, 42, 123, 197] (64)
24 : [7, 15, 57, 94, 175, 199] (66)
25 : [24, 106, 128, 135, 173, 174, 198] (66)
26 : [64, 76, 80, 104, 110, 138, 169, 182, 195] (65)
27 : [43, 78, 118, 133, 163] (65)
28 : [40, 56, 89, 109, 120, 188] (66)
29 : [86, 87, 96, 142, 170] (66)
30 : [59, 81, 103, 160, 172] (61)
31 : [5, 21, 34, 35, 52, 167] (65)
32 : [65, 73, 117, 121, 139] (66)
33 : [16, 47, 99, 171, 179, 192] (52)
34 : [] (0)
35 : [] (0)
