Name: 200-40-60
Time: 4.597440719604492 
Result: 54
Solution:  20 48 20 47 28 10 41 47 37 34 16 39 41 25 25 5 27 22 17 32 6 30 24 15 22 32 33 13 34 42 41 4 40 36 13 10 11 17 31 38 12 7 4 15 35 30 26 30 3 44 14 30 21 10 18 21 32 23 45 32 9 11 24 31 18 32 35 24 35 42 29 14 34 41 28 47 5 43 17 19 19 12 22 42 18 3 4 12 23 2 23 47 11 34 15 16 28 24 22 6 7 9 33 15 36 46 7 48 25 42 7 48 39 10 39 41 16 46 21 25 31 9 13 9 7 44 28 18 39 43 4 46 41 36 45 37 44 34 41 33 36 18 19 40 27 5 34 23 2 20 45 38 9 3 45 32 21 27 35 38 29 22 6 21 40 42 40 18 11 14 29 40 26 44 30 27 9 47 14 35 6 21 35 47 4 18 48 29 38 41 2 12 33 2 15 42 26 39 4 4
0 : [] (0)
1 : [] (0)
2 : [89, 148, 190, 193] (41)
3 : [48, 85, 153] (49)
4 : [31, 42, 86, 130, 184, 198, 199] (41)
5 : [15, 76, 145] (42)
6 : [20, 99, 162, 180] (42)
7 : [41, 100, 106, 110, 124] (48)
8 : [] (0)
9 : [60, 101, 121, 123, 152, 176] (47)
10 : [5, 35, 53, 113] (48)
11 : [36, 61, 92, 168] (46)
12 : [40, 81, 87, 191] (46)
13 : [27, 34, 122] (43)
14 : [50, 71, 169, 178] (50)
15 : [23, 43, 94, 103, 194] (49)
16 : [10, 95, 116] (54)
17 : [18, 37, 78] (54)
18 : [54, 64, 84, 127, 141, 167, 185] (47)
19 : [79, 80, 142] (46)
20 : [0, 2, 149] (51)
21 : [52, 55, 118, 156, 163, 181] (48)
22 : [17, 24, 82, 98, 161] (48)
23 : [57, 88, 90, 147] (50)
24 : [22, 62, 67, 97] (48)
25 : [13, 14, 108, 119] (48)
26 : [46, 172, 196] (49)
27 : [16, 144, 157, 175] (50)
28 : [4, 74, 96, 126] (49)
29 : [70, 160, 170, 187] (48)
30 : [21, 45, 47, 51, 174] (54)
31 : [38, 63, 120] (52)
32 : [19, 25, 56, 59, 65, 155] (52)
33 : [26, 102, 139, 192] (54)
34 : [9, 28, 72, 93, 137, 146] (51)
35 : [44, 66, 68, 158, 179, 182] (53)
36 : [33, 104, 133, 140] (54)
37 : [8, 135] (53)
38 : [39, 151, 159, 188] (51)
39 : [11, 112, 114, 128, 197] (51)
40 : [32, 143, 164, 166, 171] (51)
41 : [6, 12, 30, 73, 115, 132, 138, 189] (53)
42 : [29, 69, 83, 109, 165, 195] (52)
43 : [77, 129] (51)
44 : [49, 125, 136, 173] (50)
45 : [58, 134, 150, 154] (50)
46 : [105, 117, 131] (51)
47 : [3, 7, 75, 91, 177, 183] (48)
48 : [1, 107, 111, 186] (48)
49 : [] (0)
50 : [] (0)
