Name: 200-40-60
Time: 4.654954195022583 
Result: 55
Solution:  20 47 18 47 28 8 41 47 39 34 16 39 41 25 26 5 26 22 19 32 6 33 25 15 20 34 35 11 35 42 41 5 40 36 14 9 12 15 31 38 7 9 5 14 35 29 28 30 2 41 13 30 23 12 18 22 30 24 44 32 10 11 23 31 13 33 37 24 35 42 32 15 34 45 25 47 8 43 16 19 19 11 19 42 20 4 3 12 24 3 21 46 7 34 14 17 25 26 22 7 8 5 33 17 36 43 8 48 28 44 10 48 39 9 40 41 16 46 22 27 27 10 13 10 4 42 29 18 37 44 3 46 40 37 45 38 43 33 41 32 36 20 18 41 23 6 34 21 3 21 45 37 10 4 45 33 17 27 33 35 31 22 6 18 39 38 41 19 10 12 29 37 27 48 30 26 14 48 12 38 6 23 30 46 5 18 44 29 38 42 2 13 37 2 15 43 26 39 4 5
0 : [] (0)
1 : [] (0)
2 : [48, 190, 193] (43)
3 : [86, 89, 130, 148] (42)
4 : [85, 124, 153, 198] (42)
5 : [15, 31, 42, 101, 184, 199] (42)
6 : [20, 145, 162, 180] (41)
7 : [40, 92, 99] (43)
8 : [5, 76, 100, 106] (45)
9 : [35, 41, 113] (45)
10 : [60, 110, 121, 123, 152, 168] (43)
11 : [27, 61, 81] (52)
12 : [36, 53, 87, 169, 178] (42)
13 : [50, 64, 122, 191] (44)
14 : [34, 43, 94, 176] (40)
15 : [23, 37, 71, 194] (42)
16 : [10, 78, 116] (51)
17 : [95, 103, 156] (51)
18 : [2, 54, 127, 142, 163, 185] (47)
19 : [18, 79, 80, 82, 167] (47)
20 : [0, 24, 84, 141] (47)
21 : [90, 147, 149] (48)
22 : [17, 55, 98, 118, 161] (46)
23 : [52, 62, 144, 181] (52)
24 : [57, 67, 88] (48)
25 : [13, 22, 74, 96] (47)
26 : [14, 16, 97, 175, 196] (48)
27 : [119, 120, 157, 172] (52)
28 : [4, 46, 108] (53)
29 : [45, 126, 170, 187] (49)
30 : [47, 51, 56, 174, 182] (51)
31 : [38, 63, 160] (54)
32 : [19, 59, 70, 139] (50)
33 : [21, 65, 102, 137, 155, 158] (50)
34 : [9, 25, 72, 93, 146] (53)
35 : [26, 28, 44, 68, 159] (52)
36 : [33, 104, 140] (52)
37 : [66, 128, 133, 151, 171, 192] (52)
38 : [39, 135, 165, 179, 188] (50)
39 : [8, 11, 112, 164, 197] (49)
40 : [32, 114, 132] (50)
41 : [6, 12, 30, 49, 115, 138, 143, 166] (50)
42 : [29, 69, 83, 125, 189] (54)
43 : [77, 105, 136, 195] (55)
44 : [58, 109, 129, 186] (53)
45 : [73, 134, 150, 154] (48)
46 : [91, 117, 131, 183] (51)
47 : [1, 3, 7, 75] (44)
48 : [107, 111, 173, 177] (51)
49 : [] (0)
50 : [] (0)
