Name: 200-20-30
Time: 4.492279529571533 
Result: 26
Solution:  32 2 14 22 14 32 16 25 25 19 21 9 26 25 28 6 25 18 23 20 10 3 18 8 27 10 29 30 27 24 15 5 25 19 33 2 9 32 6 21 25 32 20 11 21 3 19 24 33 2 18 6 32 33 7 17 11 14 3 16 27 7 20 24 26 8 6 7 26 33 30 22 23 4 14 14 6 9 2 33 31 31 23 10 3 4 20 11 31 22 24 6 9 8 16 20 17 15 4 13 16 22 19 14 17 30 15 13 6 15 6 10 17 25 2 8 24 10 12 22 18 16 29 26 33 18 10 33 21 8 9 2 27 30 23 11 24 24 14 32 14 25 25 14 18 26 33 6 23 6 22 18 16 7 4 32 30 4 15 16 28 9 27 27 4 8 5 29 30 28 7 12 31 15 29 23 5 8 30 5 8 12 5 4 19 16 10 13 7 12 27 28 21 15 17 27 20 18 27 13
0 : [] (0)
1 : [] (0)
2 : [1, 35, 49, 78, 114, 131] (23)
3 : [21, 45, 58, 84] (22)
4 : [73, 85, 98, 154, 157, 164, 183] (21)
5 : [31, 166, 176, 179, 182] (21)
6 : [15, 38, 51, 66, 76, 91, 108, 110, 147, 149] (20)
7 : [54, 61, 67, 153, 170, 188] (20)
8 : [23, 65, 93, 115, 129, 165, 177, 180] (21)
9 : [11, 36, 77, 92, 130, 161] (22)
10 : [20, 25, 83, 111, 117, 126, 186] (22)
11 : [43, 56, 87, 135] (23)
12 : [118, 171, 181, 189] (22)
13 : [99, 107, 187, 199] (23)
14 : [2, 4, 57, 74, 75, 103, 138, 140, 143] (24)
15 : [30, 97, 106, 109, 158, 173, 193] (24)
16 : [6, 59, 94, 100, 121, 152, 159, 185] (23)
17 : [55, 96, 104, 112, 194] (24)
18 : [17, 22, 50, 120, 125, 144, 151, 197] (25)
19 : [9, 33, 46, 102, 184] (25)
20 : [19, 42, 62, 86, 95, 196] (26)
21 : [10, 39, 44, 128, 192] (25)
22 : [3, 71, 89, 101, 119, 150] (26)
23 : [18, 72, 82, 134, 148, 175] (26)
24 : [29, 47, 63, 90, 116, 136, 137] (26)
25 : [7, 8, 13, 16, 32, 40, 113, 141, 142] (25)
26 : [12, 64, 68, 123, 145] (24)
27 : [24, 28, 60, 132, 162, 163, 190, 195, 198] (23)
28 : [14, 160, 169, 191] (26)
29 : [26, 122, 167, 174] (26)
30 : [27, 70, 105, 133, 156, 168, 178] (26)
31 : [80, 81, 88, 172] (25)
32 : [0, 5, 37, 41, 52, 139, 155] (22)
33 : [34, 48, 53, 69, 79, 124, 127, 146] (21)
34 : [] (0)
35 : [] (0)
