Name: 200-30-45
Time: 4.377442359924316 
Result: 45
Solution:  24 15 46 44 38 18 33 37 29 46 4 33 34 14 21 10 8 23 50 8 3 46 46 31 48 22 50 6 29 19 10 36 13 5 16 36 3 31 25 38 24 36 42 10 27 33 22 28 17 12 27 47 19 38 45 30 14 18 45 17 37 18 41 43 41 50 25 39 18 48 12 11 8 49 10 6 50 10 12 33 41 49 21 22 7 7 50 20 27 39 42 19 14 20 44 45 34 25 13 35 32 5 22 24 41 21 47 7 46 45 31 4 25 16 8 51 23 47 8 30 30 48 16 36 26 4 11 36 15 39 6 20 37 40 36 26 29 11 34 21 32 8 47 31 40 36 11 24 4 15 48 51 14 11 40 45 15 26 27 37 31 15 51 4 19 46 16 11 39 14 5 49 23 30 15 27 42 4 51 43 28 3 29 48 32 38 30 35 45 23 27 37 42 19 7 43 5 17 22 44
0 : [] (0)
1 : [] (0)
2 : [] (0)
3 : [20, 36, 181] (33)
4 : [10, 111, 125, 148, 163, 177] (34)
5 : [33, 101, 170, 196] (31)
6 : [27, 75, 130] (31)
7 : [84, 85, 107, 194] (33)
8 : [16, 19, 72, 114, 118, 141] (36)
9 : [] (0)
10 : [15, 30, 43, 74, 77] (41)
11 : [71, 126, 137, 146, 153, 167] (31)
12 : [49, 70, 78] (37)
13 : [32, 98] (40)
14 : [13, 56, 92, 152, 169] (30)
15 : [1, 128, 149, 156, 161, 174] (31)
16 : [34, 113, 122, 166] (30)
17 : [48, 59, 197] (35)
18 : [5, 57, 61, 68] (38)
19 : [29, 52, 91, 164, 193] (37)
20 : [87, 93, 131] (37)
21 : [14, 82, 105, 139] (31)
22 : [25, 46, 83, 102, 198] (30)
23 : [17, 116, 172, 189] (38)
24 : [0, 40, 103, 147] (37)
25 : [38, 66, 97, 112] (33)
26 : [124, 135, 157] (35)
27 : [44, 50, 88, 158, 175, 190] (33)
28 : [47, 180] (33)
29 : [8, 28, 136, 182] (38)
30 : [55, 119, 120, 173, 186] (32)
31 : [23, 37, 110, 143, 160] (32)
32 : [100, 140, 184] (32)
33 : [6, 11, 45, 79] (39)
34 : [12, 96, 138] (40)
35 : [99, 187] (44)
36 : [31, 35, 41, 123, 127, 134, 145] (43)
37 : [7, 60, 132, 159, 191] (45)
38 : [4, 39, 53, 185] (36)
39 : [67, 89, 129, 168] (43)
40 : [133, 144, 154] (45)
41 : [62, 64, 80, 104] (45)
42 : [42, 90, 176, 192] (43)
43 : [63, 179, 195] (45)
44 : [3, 94, 199] (40)
45 : [54, 58, 95, 109, 155, 188] (40)
46 : [2, 9, 21, 22, 108, 165] (44)
47 : [51, 106, 117, 142] (39)
48 : [24, 69, 121, 150, 183] (36)
49 : [73, 81, 171] (37)
50 : [18, 26, 65, 76, 86] (32)
51 : [115, 151, 162, 178] (33)
52 : [] (0)
53 : [] (0)
