Name: 200-30-45
Time: 4.312941312789917 
Result: 1045
Solution:  25 13 47 44 36 18 31 36 30 46 4 33 34 16 21 10 8 24 50 4 4 46 50 30 48 21 51 5 29 18 10 36 13 5 15 34 3 29 26 39 23 32 42 12 26 33 21 28 17 13 26 46 20 38 45 31 16 22 45 17 37 18 41 43 41 51 25 39 19 48 12 11 8 49 10 4 50 10 12 34 41 45 21 22 5 6 50 22 24 40 40 23 13 19 43 48 32 23 14 35 33 6 22 25 41 20 47 8 45 45 31 5 25 16 9 50 24 47 9 30 31 47 16 38 27 9 8 38 16 40 3 19 36 37 36 27 28 9 32 21 34 6 47 37 42 36 10 21 3 15 49 51 16 11 39 45 9 26 27 37 31 15 50 3 18 46 17 9 39 14 6 49 26 33 15 28 42 4 51 43 29 3 28 48 29 38 26 35 45 24 26 38 42 18 11 44 6 16 20 44
0 : [] (0)
1 : [] (0)
2 : [] (0)
3 : [36, 130, 148, 163, 181] (37)
4 : [10, 19, 20, 75, 177] (37)
5 : [27, 33, 84, 111] (34)
6 : [85, 101, 141, 170, 196] (32)
7 : [] (0)
8 : [16, 72, 107, 126] (33)
9 : [114, 118, 125, 137, 156, 167] (31)
10 : [15, 30, 74, 77, 146] (31)
11 : [71, 153, 194] (33)
12 : [43, 70, 78] (39)
13 : [1, 32, 49, 92] (31)
14 : [98, 169] (39)
15 : [34, 149, 161, 174] (36)
16 : [13, 56, 113, 122, 128, 152, 197] (30)
17 : [48, 59, 166] (30)
18 : [5, 29, 61, 164, 193] (40)
19 : [68, 93, 131] (30)
20 : [52, 105, 198] (35)
21 : [14, 25, 46, 82, 139, 147] (29)
22 : [57, 83, 87, 102] (33)
23 : [40, 91, 97] (32)
24 : [17, 88, 116, 189] (34)
25 : [0, 66, 103, 112] (37)
26 : [38, 44, 50, 157, 172, 186, 190] (36)
27 : [124, 135, 158] (37)
28 : [47, 136, 175, 182] (36)
29 : [28, 37, 180, 184] (42)
30 : [8, 23, 119] (33)
31 : [6, 55, 110, 120, 160] (43)
32 : [41, 96, 138] (40)
33 : [11, 45, 100, 173] (38)
34 : [12, 35, 79, 140] (39)
35 : [99, 187] (44)
36 : [4, 7, 31, 132, 134, 145] (34)
37 : [60, 133, 143, 159] (42)
38 : [53, 123, 127, 185, 191] (40)
39 : [39, 67, 154, 168] (40)
40 : [89, 90, 129] (43)
41 : [62, 64, 80, 104] (45)
42 : [42, 144, 176, 192] (37)
43 : [63, 94, 179] (44)
44 : [3, 195, 199] (41)
45 : [54, 58, 81, 108, 109, 155, 188] (43)
46 : [9, 21, 51, 165] (40)
47 : [2, 106, 117, 121, 142] (41)
48 : [24, 69, 95, 183] (31)
49 : [73, 150, 171] (36)
50 : [18, 22, 76, 86, 115, 162] (35)
51 : [26, 65, 151, 178] (35)
52 : [] (0)
53 : [] (0)
