Name: 200-30-45
Time: 4.266836643218994 
Result: 44
Solution:  24 14 47 44 39 17 32 35 30 46 4 35 35 16 23 10 7 24 48 4 4 46 46 30 48 22 51 6 29 19 10 36 13 5 15 36 3 29 28 36 23 32 42 12 28 33 23 29 22 13 26 47 20 38 46 32 17 22 45 16 37 18 43 43 39 51 25 39 18 48 12 10 8 49 11 5 50 10 13 35 41 50 20 22 5 6 50 21 26 40 43 19 14 19 44 46 31 23 14 35 34 8 23 26 41 18 45 7 44 44 31 4 25 16 6 51 23 45 7 31 28 47 16 39 26 7 10 38 16 40 7 20 36 37 39 27 30 8 34 23 34 8 51 34 44 38 10 21 3 15 49 51 17 11 40 47 11 26 28 37 29 15 51 3 20 47 17 10 38 12 5 49 24 31 15 28 42 8 50 42 27 3 32 48 31 37 27 33 45 25 29 38 42 20 6 41 4 14 21 42
0 : [] (0)
1 : [] (0)
2 : [] (0)
3 : [36, 148, 163, 181] (32)
4 : [10, 19, 20, 111, 196] (33)
5 : [33, 75, 84, 170] (33)
6 : [27, 85, 114, 194] (35)
7 : [16, 107, 118, 125, 130] (31)
8 : [72, 101, 137, 141, 177] (37)
9 : [] (0)
10 : [15, 30, 71, 77, 126, 146, 167] (35)
11 : [74, 153, 156] (32)
12 : [43, 70, 169] (38)
13 : [32, 49, 78] (40)
14 : [1, 92, 98, 197] (37)
15 : [34, 149, 161, 174] (36)
16 : [13, 59, 113, 122, 128] (34)
17 : [5, 56, 152, 166] (30)
18 : [61, 68, 105] (33)
19 : [29, 91, 93] (35)
20 : [52, 82, 131, 164, 193] (31)
21 : [87, 147, 198] (32)
22 : [25, 48, 57, 83] (35)
23 : [14, 40, 46, 97, 102, 116, 139] (30)
24 : [0, 17, 172] (31)
25 : [66, 112, 189] (33)
26 : [50, 88, 103, 124, 157] (34)
27 : [135, 180, 186] (35)
28 : [38, 44, 120, 158, 175] (33)
29 : [28, 37, 47, 160, 190] (41)
30 : [8, 23, 136] (37)
31 : [96, 110, 119, 173, 184] (38)
32 : [6, 41, 55, 182] (40)
33 : [45, 187] (44)
34 : [100, 138, 140, 143] (41)
35 : [7, 11, 12, 79, 99] (42)
36 : [31, 35, 39, 132] (44)
37 : [60, 133, 159, 185] (41)
38 : [53, 127, 145, 168, 191] (40)
39 : [4, 64, 67, 123, 134] (40)
40 : [89, 129, 154] (38)
41 : [80, 104, 195] (44)
42 : [42, 176, 179, 192, 199] (44)
43 : [62, 63, 90] (37)
44 : [3, 94, 108, 109, 144] (43)
45 : [58, 106, 117, 188] (37)
46 : [9, 21, 22, 54, 95] (38)
47 : [2, 51, 121, 155, 165] (37)
48 : [18, 24, 69, 183] (38)
49 : [73, 150, 171] (36)
50 : [76, 81, 86, 178] (33)
51 : [26, 65, 115, 142, 151, 162] (40)
52 : [] (0)
53 : [] (0)
