Name: 200-50-80
Time: 4.312122344970703 
Result: 66
Solution:  17 20 13 23 11 33 24 24 7 3 16 22 17 22 4 24 33 14 21 5 7 31 24 16 23 18 5 16 5 14 8 22 21 17 33 32 5 8 8 18 27 14 19 30 22 16 11 33 15 9 15 12 31 12 14 7 28 22 13 31 25 21 5 17 26 32 5 19 5 4 14 18 20 32 16 18 23 11 27 9 29 28 8 21 10 6 29 31 21 28 5 18 23 14 23 11 29 20 11 33 9 15 7 30 26 13 26 13 10 25 23 15 20 3 13 20 6 32 27 5 28 32 6 26 3 8 15 18 30 24 4 21 21 30 19 25 9 3 29 30 12 19 29 12 19 5 9 22 5 12 16 5 19 4 19 24 19 14 4 16 30 3 11 25 17 10 12 33 16 29 25 32 30 23 25 24 9 5 14 33 7 13 25 17 7 18 21 26 28 6 18 7 31 13 17 27 11 23 25 26
0 : [] (0)
1 : [] (0)
2 : [] (0)
3 : [9, 113, 124, 137, 161] (51)
4 : [14, 69, 130, 153, 158] (51)
5 : [19, 26, 28, 36, 62, 66, 68, 90, 119, 145, 148, 151, 177] (51)
6 : [85, 116, 122, 189] (53)
7 : [8, 20, 55, 102, 180, 184, 191] (53)
8 : [30, 37, 38, 82, 125] (56)
9 : [49, 79, 100, 136, 146, 176] (55)
10 : [84, 108, 165] (60)
11 : [4, 46, 77, 95, 98, 162, 196] (57)
12 : [51, 53, 140, 143, 149, 166] (60)
13 : [2, 58, 105, 107, 114, 181, 193] (60)
14 : [17, 29, 41, 54, 70, 93, 157, 178] (61)
15 : [48, 50, 101, 111, 126] (63)
16 : [10, 23, 27, 45, 74, 150, 159, 168] (61)
17 : [0, 12, 33, 63, 164, 183, 194] (63)
18 : [25, 39, 71, 75, 91, 127, 185, 190] (63)
19 : [42, 67, 134, 141, 144, 152, 154, 156] (63)
20 : [1, 72, 97, 112, 115] (63)
21 : [18, 32, 61, 83, 88, 131, 132, 186] (63)
22 : [11, 13, 31, 44, 57, 147] (66)
23 : [3, 24, 76, 92, 94, 110, 173, 197] (65)
24 : [6, 7, 15, 22, 129, 155, 175] (66)
25 : [60, 109, 135, 163, 170, 174, 182, 198] (65)
26 : [64, 104, 106, 123, 187, 199] (64)
27 : [40, 78, 118, 195] (64)
28 : [56, 81, 89, 120, 188] (62)
29 : [80, 86, 96, 138, 142, 169] (63)
30 : [43, 103, 128, 133, 139, 160, 172] (60)
31 : [21, 52, 59, 87, 192] (64)
32 : [35, 65, 73, 117, 121, 171] (61)
33 : [5, 16, 34, 47, 99, 167, 179] (59)
34 : [] (0)
35 : [] (0)
