Name: 400-40-60
Time: 8.981082439422607 
Result: 58
Solution:  33 23 59 17 43 56 20 72 38 67 20 20 44 41 65 6 5 66 69 62 51 61 27 65 38 27 34 47 63 13 59 23 32 40 25 50 37 6 39 38 37 52 72 40 9 55 50 33 50 46 48 26 49 31 3 21 61 62 14 45 24 48 54 25 46 61 56 27 52 70 3 46 64 3 51 61 62 62 30 51 71 53 64 37 16 60 70 51 22 40 16 26 51 47 18 18 49 16 46 45 71 42 59 22 38 39 60 14 6 6 65 12 64 28 68 48 36 33 15 46 27 30 70 37 53 73 44 58 29 22 60 70 11 36 31 40 45 41 43 17 63 21 72 27 35 41 66 64 22 35 49 15 17 44 4 11 56 50 43 71 27 22 65 54 35 41 58 50 37 10 54 66 28 72 14 3 50 37 5 30 29 66 20 58 16 45 48 49 12 69 21 25 34 5 7 7 22 32 32 7 32 29 38 17 62 9 30 11 23 28 35 23 20 36 15 49 42 62 34 54 53 6 6 19 64 29 56 9 10 4 56 3 41 71 12 56 66 23 11 67 22 9 10 16 52 7 39 63 7 47 69 23 55 29 6 34 57 54 9 3 26 13 5 26 27 55 54 25 32 44 24 28 52 31 42 14 14 40 57 63 12 14 17 23 23 37 51 23 57 73 63 50 51 58 45 19 53 29 67 28 67 54 22 12 36 31 22 15 59 51 20 17 52 59 19 72 32 38 42 10 46 16 46 11 39 58 62 55 36 67 49 34 24 62 45 6 48 43 19 60 41 10 65 29 72 61 49 46 36 66 52 54 17 44 33 31 30 65 26 5 17 63 68 30 59 23 56 17 7 34 49 38 23 4 11 26 37 21 39 27 25 59 14 18 69 68 68 4 70 71 44 48 53 38 65 39 44 21 64 20
0 : [] (0)
1 : [] (0)
2 : [] (0)
3 : [54, 70, 73, 175, 231, 259] (46)
4 : [154, 229, 373, 387] (46)
5 : [16, 178, 193, 262, 359] (42)
6 : [15, 37, 108, 109, 221, 222, 254, 335] (58)
7 : [194, 195, 199, 245, 248, 368] (40)
8 : [] (0)
9 : [44, 205, 227, 241, 258] (43)
10 : [169, 228, 242, 319, 341] (44)
11 : [132, 155, 207, 238, 323, 374] (40)
12 : [111, 188, 234, 280, 303] (41)
13 : [29, 261] (45)
14 : [58, 107, 174, 275, 276, 281, 382] (44)
15 : [118, 151, 214, 307] (44)
16 : [84, 90, 97, 184, 243, 321] (42)
17 : [3, 139, 152, 203, 282, 311, 352, 360, 367] (46)
18 : [94, 95, 383] (44)
19 : [223, 295, 314, 338] (51)
20 : [6, 10, 11, 182, 212, 310, 399] (46)
21 : [55, 141, 190, 377, 397] (45)
22 : [88, 103, 129, 148, 161, 196, 240, 302, 306] (44)
23 : [1, 31, 208, 211, 237, 251, 283, 284, 287, 365, 372] (44)
24 : [60, 270, 332] (46)
25 : [34, 63, 191, 267, 380] (46)
26 : [51, 91, 260, 263, 358, 375] (45)
27 : [22, 25, 67, 120, 143, 160, 264, 379] (46)
28 : [113, 172, 209, 271, 299] (46)
29 : [128, 180, 201, 225, 253, 297, 343] (46)
30 : [78, 121, 179, 206, 356, 363] (46)
31 : [53, 134, 273, 305, 355] (55)
32 : [32, 197, 198, 200, 268, 316] (50)
33 : [0, 47, 117, 354] (49)
34 : [26, 192, 218, 255, 331, 369] (48)
35 : [144, 149, 164, 210] (49)
36 : [116, 133, 213, 304, 328, 348] (49)
37 : [36, 40, 83, 123, 168, 177, 285, 376] (48)
38 : [8, 24, 39, 104, 202, 317, 371, 393] (48)
39 : [38, 105, 246, 324, 378, 395] (47)
40 : [33, 43, 89, 135, 277] (50)
41 : [13, 137, 145, 165, 232, 340] (50)
42 : [101, 216, 274, 318] (56)
43 : [4, 138, 158, 337] (52)
44 : [12, 126, 153, 269, 353, 390, 396] (51)
45 : [59, 99, 136, 185, 294, 334] (50)
46 : [49, 64, 71, 98, 119, 320, 322, 347] (50)
47 : [27, 93, 249] (51)
48 : [50, 61, 115, 186, 336, 391] (49)
49 : [52, 96, 150, 187, 215, 330, 346, 370] (49)
50 : [35, 46, 48, 157, 167, 176, 291] (49)
51 : [20, 74, 79, 87, 92, 286, 292, 309] (50)
52 : [41, 68, 244, 272, 312, 350] (52)
53 : [81, 124, 220, 296, 392] (54)
54 : [62, 163, 170, 219, 257, 266, 301, 351] (54)
55 : [45, 252, 265, 327] (56)
56 : [5, 66, 156, 226, 230, 235, 366] (54)
57 : [256, 278, 288] (58)
58 : [127, 166, 183, 293, 325] (57)
59 : [2, 30, 102, 308, 313, 364, 381] (55)
60 : [85, 106, 130, 339] (56)
61 : [21, 56, 65, 75, 345] (55)
62 : [19, 57, 76, 77, 204, 217, 326, 333] (55)
63 : [28, 140, 247, 279, 290, 361] (54)
64 : [72, 82, 112, 147, 224, 398] (56)
65 : [14, 23, 110, 162, 342, 357, 394] (45)
66 : [17, 146, 171, 181, 236, 349] (53)
67 : [9, 239, 298, 300, 329] (53)
68 : [114, 362, 385, 386] (41)
69 : [18, 189, 250, 384] (51)
70 : [69, 86, 122, 131, 388] (44)
71 : [80, 100, 159, 233, 389] (49)
72 : [7, 42, 142, 173, 315, 344] (40)
73 : [125, 289] (43)
74 : [] (0)
