Name: 400-50-80
Time: 9.536564588546753 
Result: 75
Solution:  57 10 11 11 9 9 18 49 63 14 17 27 50 70 47 36 62 3 54 66 50 54 70 61 65 32 10 34 69 62 44 63 56 46 39 64 12 12 45 18 37 58 7 6 23 61 11 42 47 52 16 19 23 29 15 23 20 43 8 12 6 47 20 35 30 70 54 48 16 21 40 27 69 63 60 18 8 22 19 34 27 63 53 4 4 29 30 49 34 51 30 21 56 56 64 44 44 69 14 22 62 52 29 28 49 24 55 64 10 13 19 27 46 26 54 4 6 62 41 49 24 34 16 51 37 9 7 4 39 37 69 66 51 9 45 49 53 11 3 50 38 34 59 20 62 6 32 42 12 29 22 37 27 51 26 38 18 41 44 9 30 59 14 53 3 31 56 58 63 68 12 19 61 13 42 12 58 15 6 4 48 35 8 19 44 52 43 65 52 10 60 59 55 21 49 63 16 41 27 68 21 23 56 19 13 70 48 25 15 26 8 53 31 67 69 52 59 27 12 14 54 57 30 60 43 21 22 9 51 38 38 56 10 70 4 24 30 28 26 64 13 51 40 51 46 6 32 7 8 35 68 59 21 27 45 33 23 40 14 14 36 10 64 43 17 25 36 12 25 41 65 4 18 44 38 35 27 38 24 48 60 55 32 48 43 41 67 36 11 31 38 19 45 31 66 68 19 36 6 65 18 41 46 62 31 30 60 29 37 34 52 30 16 42 11 55 18 29 52 68 34 47 61 57 66 56 61 33 34 58 21 45 32 27 38 30 15 57 25 50 44 13 33 32 60 53 46 23 63 29 20 25 48 64 60 28 43 37 19 48 57 40 11 65 15 16 16 35 41 36 17 4 39 6 47 3 58 28 29 6 21 48 67 19 16 45 42 70 17 61 53 48 55 69 4 7 39 14 8 41
0 : [] (0)
1 : [] (0)
2 : [] (0)
3 : [17, 138, 164, 375] (68)
4 : [83, 84, 115, 127, 179, 234, 271, 371, 394] (60)
5 : [] (0)
6 : [43, 60, 116, 145, 178, 245, 298, 373, 379] (53)
7 : [42, 126, 247, 395] (55)
8 : [58, 76, 182, 210, 248, 398] (54)
9 : [4, 5, 125, 133, 159, 227] (55)
10 : [1, 26, 108, 189, 232, 261] (53)
11 : [2, 3, 46, 137, 288, 314, 362] (59)
12 : [36, 37, 59, 148, 170, 175, 218, 267] (54)
13 : [109, 173, 204, 240, 341] (53)
14 : [9, 98, 162, 219, 258, 259, 397] (54)
15 : [54, 177, 208, 336, 364] (53)
16 : [50, 68, 122, 196, 312, 365, 366, 384] (54)
17 : [10, 264, 370, 388] (55)
18 : [6, 39, 75, 156, 272, 300, 316] (56)
19 : [51, 78, 110, 171, 183, 203, 291, 296, 358, 383] (55)
20 : [56, 62, 143, 350] (55)
21 : [69, 91, 193, 200, 225, 252, 330, 380] (58)
22 : [77, 99, 150, 226] (61)
23 : [44, 52, 55, 201, 256, 347] (58)
24 : [105, 120, 235, 278] (58)
25 : [207, 265, 268, 338, 351] (57)
26 : [113, 154, 209, 238] (58)
27 : [11, 71, 80, 111, 152, 198, 217, 253, 276, 333] (55)
28 : [103, 237, 355, 377] (61)
29 : [53, 85, 102, 149, 307, 317, 349, 378] (56)
30 : [64, 86, 90, 160, 222, 236, 305, 311, 335] (56)
31 : [165, 212, 289, 293, 304] (59)
32 : [25, 146, 246, 282, 332, 343] (60)
33 : [255, 327, 342] (60)
34 : [27, 79, 88, 121, 141, 309, 320, 328] (60)
35 : [63, 181, 249, 275, 367] (63)
36 : [15, 260, 266, 287, 297, 369] (63)
37 : [40, 124, 129, 151, 308, 357] (70)
38 : [140, 155, 229, 230, 274, 277, 290, 334] (64)
39 : [34, 128, 372, 396] (65)
40 : [70, 242, 257, 361] (65)
41 : [118, 157, 197, 269, 285, 301, 368, 399] (66)
42 : [47, 147, 174, 313, 386] (65)
43 : [57, 186, 224, 263, 284, 356] (66)
44 : [30, 95, 96, 158, 184, 273, 340] (73)
45 : [38, 134, 254, 292, 331, 385] (67)
46 : [33, 112, 244, 302, 346] (70)
47 : [14, 48, 61, 321, 374] (70)
48 : [67, 180, 206, 279, 283, 352, 359, 381, 391] (72)
49 : [7, 87, 104, 119, 135, 194] (71)
50 : [12, 20, 139, 339] (73)
51 : [89, 123, 132, 153, 228, 241, 243] (72)
52 : [49, 101, 185, 188, 215, 310, 318] (72)
53 : [82, 136, 163, 211, 345, 390] (72)
54 : [18, 21, 66, 114, 220] (75)
55 : [106, 192, 281, 315, 392] (72)
56 : [32, 92, 93, 166, 202, 231, 325] (74)
57 : [0, 221, 323, 337, 360] (75)
58 : [41, 167, 176, 329, 376] (71)
59 : [142, 161, 191, 216, 251] (73)
60 : [74, 190, 223, 280, 306, 344, 354] (72)
61 : [23, 45, 172, 322, 326, 389] (72)
62 : [16, 29, 100, 117, 144, 303] (73)
63 : [8, 31, 73, 81, 168, 195, 348] (72)
64 : [35, 94, 107, 239, 262, 353] (74)
65 : [24, 187, 270, 299, 363] (74)
66 : [19, 131, 294, 324] (73)
67 : [213, 286, 382] (69)
68 : [169, 199, 250, 295, 319] (69)
69 : [28, 72, 97, 130, 214, 393] (55)
70 : [13, 22, 65, 205, 233, 387] (52)
71 : [] (0)
