Name: 400-50-80
Time: 9.539143323898315 
Result: 75
Solution:  57 8 10 10 6 10 18 50 63 12 17 30 51 70 45 33 62 3 49 65 48 54 69 58 65 32 12 31 68 62 42 65 56 46 39 66 13 11 45 18 37 58 10 6 23 60 5 42 46 53 17 19 22 31 16 22 18 41 7 12 5 48 19 37 30 70 53 47 17 23 40 27 69 65 61 19 6 23 19 33 27 62 55 7 5 29 29 53 34 52 31 21 56 56 64 42 44 70 17 22 62 50 29 28 50 24 56 65 9 13 20 27 48 28 55 3 5 62 41 47 24 34 16 53 38 12 8 5 39 37 69 65 51 9 46 49 52 10 3 50 41 37 58 20 61 3 32 44 12 28 21 38 27 55 22 37 15 35 43 7 31 60 12 53 8 32 56 55 63 70 10 19 65 14 44 12 57 16 6 5 46 34 8 20 44 51 43 64 51 9 57 59 56 22 49 63 20 40 29 65 22 22 57 22 16 69 48 25 13 27 7 53 31 67 68 50 60 28 9 14 54 55 30 62 41 22 20 9 49 36 41 57 11 69 3 24 31 30 26 65 13 50 40 50 42 5 32 8 8 35 68 57 22 23 45 33 23 43 14 13 36 10 64 46 18 25 41 10 26 41 66 6 20 44 38 36 27 41 24 47 59 54 32 47 43 40 61 40 15 31 38 21 45 29 67 68 20 36 9 66 20 42 42 61 31 30 58 27 37 36 53 30 15 41 11 55 20 29 52 68 36 47 62 58 66 57 63 33 34 59 22 44 34 27 38 30 15 58 25 49 44 12 34 31 59 52 49 25 64 29 22 25 48 67 61 28 45 38 19 52 56 40 11 64 14 15 15 35 41 34 16 3 40 6 50 5 60 26 29 5 22 48 68 18 15 45 41 69 17 59 54 47 55 69 3 7 39 15 7 41
0 : [] (0)
1 : [] (0)
2 : [] (0)
3 : [17, 115, 138, 145, 234, 371, 394] (74)
4 : [] (0)
5 : [46, 60, 84, 116, 127, 179, 245, 375, 379] (54)
6 : [4, 43, 76, 178, 271, 373] (52)
7 : [58, 83, 159, 210, 395, 398] (50)
8 : [1, 126, 164, 182, 247, 248] (56)
9 : [108, 133, 189, 218, 227, 298] (54)
10 : [2, 3, 5, 42, 137, 170, 261, 267] (55)
11 : [37, 232, 314, 362] (55)
12 : [9, 26, 59, 125, 148, 162, 175, 341] (56)
13 : [36, 109, 208, 240, 259] (55)
14 : [173, 219, 258, 364] (56)
15 : [156, 288, 312, 336, 365, 366, 384, 397] (55)
16 : [54, 122, 177, 204, 370] (56)
17 : [10, 50, 68, 98, 388] (51)
18 : [6, 39, 56, 264, 383] (52)
19 : [51, 62, 75, 78, 171, 358] (54)
20 : [110, 143, 183, 196, 226, 272, 296, 300, 316] (51)
21 : [91, 150, 291] (57)
22 : [52, 55, 99, 154, 193, 200, 201, 203, 225, 252, 330, 350, 380] (60)
23 : [44, 69, 77, 253, 256] (52)
24 : [105, 120, 235, 278] (58)
25 : [207, 265, 338, 347, 351] (57)
26 : [238, 268, 377] (62)
27 : [71, 80, 111, 152, 209, 276, 307, 333] (54)
28 : [103, 113, 149, 217, 355] (60)
29 : [85, 86, 102, 198, 293, 317, 349, 378] (59)
30 : [11, 64, 222, 237, 305, 311, 335] (60)
31 : [27, 53, 90, 160, 212, 236, 289, 304, 343] (59)
32 : [25, 146, 165, 246, 282] (63)
33 : [15, 79, 255, 327] (66)
34 : [88, 121, 181, 328, 332, 342, 369] (66)
35 : [157, 249, 367] (71)
36 : [229, 260, 275, 297, 309, 320] (68)
37 : [40, 63, 129, 141, 155, 308] (65)
38 : [124, 151, 274, 290, 334, 357] (66)
39 : [34, 128, 396] (63)
40 : [70, 197, 242, 285, 287, 361, 372] (60)
41 : [57, 118, 140, 224, 230, 266, 269, 277, 313, 368, 386, 399] (61)
42 : [30, 47, 95, 244, 301, 302] (63)
43 : [158, 186, 257, 284] (64)
44 : [96, 147, 174, 184, 273, 331, 340] (67)
45 : [14, 38, 254, 292, 356, 385] (67)
46 : [33, 48, 134, 180, 263] (66)
47 : [67, 119, 279, 283, 321, 391] (70)
48 : [20, 61, 112, 206, 352, 381] (71)
49 : [18, 135, 194, 228, 339, 346] (74)
50 : [7, 101, 104, 139, 215, 241, 243, 374] (72)
51 : [12, 132, 185, 188] (72)
52 : [89, 136, 318, 345, 359] (74)
53 : [49, 66, 87, 123, 163, 211, 310] (73)
54 : [21, 220, 281, 390] (72)
55 : [82, 114, 153, 167, 221, 315, 392] (72)
56 : [32, 92, 93, 106, 166, 192, 360] (72)
57 : [0, 176, 190, 202, 231, 251, 325] (71)
58 : [23, 41, 142, 306, 323, 337] (73)
59 : [191, 280, 329, 344, 389] (74)
60 : [45, 161, 216, 376] (74)
61 : [74, 144, 286, 303, 354] (71)
62 : [16, 29, 81, 100, 117, 223, 322] (72)
63 : [8, 168, 195, 326] (70)
64 : [94, 187, 262, 348, 363] (70)
65 : [19, 24, 31, 73, 107, 131, 172, 199, 239] (69)
66 : [35, 270, 299, 324] (75)
67 : [213, 294, 353] (73)
68 : [28, 214, 250, 295, 319, 382] (64)
69 : [22, 72, 130, 205, 233, 387, 393] (66)
70 : [13, 65, 97, 169] (63)
71 : [] (0)
