Name: 400-20-30
Time: 8.965183019638062 
Result: 3033
Solution:  47 16 31 5 84 18 61 80 89 56 76 72 17 62 94 83 57 60 64 50 22 5 63 57 45 58 100 21 60 63 20 12 77 3 30 47 61 91 98 92 76 13 19 98 79 38 2 46 27 62 11 5 19 8 31 96 62 100 59 82 93 71 13 17 29 49 84 7 62 9 34 36 48 87 54 24 47 81 21 85 12 87 77 22 3 25 100 14 53 86 50 84 39 68 17 22 51 45 91 33 43 18 11 9 60 79 46 77 99 90 25 70 26 97 53 87 26 8 50 77 74 34 90 32 56 9 12 32 73 76 78 94 87 11 56 24 64 13 31 26 52 21 9 81 85 74 51 33 37 59 52 93 9 71 70 88 96 41 48 56 27 24 42 23 35 30 32 88 63 10 39 49 5 91 100 97 5 23 23 48 24 55 13 65 95 7 67 82 61 80 14 16 48 67 102 2 24 39 14 27 29 7 89 30 41 30 89 37 54 35 74 64 81 57 14 28 48 84 46 32 70 70 83 3 65 54 6 59 79 49 68 40 77 94 60 102 59 85 8 55 20 83 2 84 98 63 96 92 35 35 102 44 65 26 27 42 40 20 19 49 82 71 88 80 56 93 94 45 75 86 75 45 101 38 92 35 49 36 32 101 82 38 97 7 65 52 44 65 66 2 75 8 84 22 28 55 99 96 86 58 28 52 10 86 2 63 17 81 87 71 24 38 69 42 22 76 17 33 75 21 38 56 95 44 12 67 66 70 75 29 97 14 33 96 11 72 40 61 47 72 8 5 57 98 69 31 54 16 53 3 18 41 25 31 78 14 6 72 34 37 50 95 45 16 53 90 73 18 43 37 8 3 42 90 89 67 71 27 17 78 74 92 44 43 39 101 14 37 81 68 58 46 73 54 79 5 41 64 69 85
0 : [] (0)
1 : [] (0)
2 : [46, 195, 242, 289, 304] (22)
3 : [33, 84, 223, 349, 371] (20)
4 : [] (0)
5 : [3, 21, 51, 172, 176, 341, 395] (27)
6 : [226, 356] (23)
7 : [67, 185, 201, 283] (25)
8 : [53, 117, 238, 291, 340, 370] (20)
9 : [69, 103, 125, 142, 152] (24)
10 : [169, 302] (23)
11 : [50, 102, 133, 334] (24)
12 : [31, 80, 126, 324] (26)
13 : [41, 62, 137, 182] (27)
14 : [87, 190, 198, 214, 331, 355, 386] (21)
15 : [] (0)
16 : [1, 191, 347, 363] (26)
17 : [12, 63, 94, 306, 316, 378] (22)
18 : [5, 101, 350, 367] (29)
19 : [42, 52, 258] (27)
20 : [30, 240, 257] (23)
21 : [27, 78, 141, 319] (22)
22 : [20, 83, 95, 293, 314] (21)
23 : [163, 177, 178] (22)
24 : [75, 135, 161, 180, 196, 310] (20)
25 : [85, 110, 352] (20)
26 : [112, 116, 139, 253] (21)
27 : [48, 160, 199, 254, 377] (22)
28 : [215, 294, 300] (23)
29 : [64, 200, 329] (25)
30 : [34, 165, 203, 205] (24)
31 : [2, 54, 138, 345, 353] (24)
32 : [123, 127, 166, 219, 278] (24)
33 : [99, 147, 317, 332] (26)
34 : [70, 121, 358] (22)
35 : [164, 209, 248, 249, 275] (24)
36 : [71, 277] (24)
37 : [148, 207, 359, 369, 387] (21)
38 : [45, 273, 281, 311, 320] (22)
39 : [92, 170, 197, 384] (24)
40 : [231, 256, 336] (23)
41 : [157, 204, 351, 396] (24)
42 : [162, 255, 313, 372] (26)
43 : [100, 368, 383] (27)
44 : [251, 286, 323, 382] (25)
45 : [24, 97, 267, 271, 362] (29)
46 : [47, 106, 218, 391] (27)
47 : [0, 35, 76, 338] (25)
48 : [72, 158, 179, 192, 216] (25)
49 : [65, 171, 229, 259, 276] (26)
50 : [19, 90, 118, 360] (27)
51 : [96, 146] (27)
52 : [140, 150, 285, 301] (25)
53 : [88, 114, 348, 364] (26)
54 : [74, 208, 225, 346, 393] (25)
55 : [181, 239, 295] (25)
56 : [9, 124, 134, 159, 264, 321] (27)
57 : [16, 23, 213, 342] (27)
58 : [25, 299, 390] (29)
59 : [58, 149, 227, 236] (24)
60 : [17, 28, 104, 234] (27)
61 : [6, 36, 188, 337] (27)
62 : [13, 49, 56, 68] (27)
63 : [22, 29, 168, 245, 305] (25)
64 : [18, 136, 211, 397] (26)
65 : [183, 224, 252, 284, 287] (26)
66 : [288, 326] (30)
67 : [186, 193, 325, 375] (24)
68 : [93, 230, 389] (25)
69 : [312, 344, 398] (25)
70 : [111, 154, 220, 221, 327] (27)
71 : [61, 153, 261, 309, 376] (26)
72 : [11, 335, 339, 357] (28)
73 : [128, 366, 392] (27)
74 : [120, 145, 210, 380] (27)
75 : [268, 270, 290, 318, 328] (29)
76 : [10, 40, 129, 315] (29)
77 : [32, 82, 107, 119, 232] (29)
78 : [130, 354, 379] (28)
79 : [44, 105, 228, 394] (28)
80 : [7, 189, 263] (30)
81 : [77, 143, 212, 307, 388] (27)
82 : [59, 187, 260, 280] (28)
83 : [15, 222, 241] (28)
84 : [4, 66, 91, 217, 243, 292] (29)
85 : [79, 144, 237, 399] (28)
86 : [89, 269, 298, 303] (29)
87 : [73, 81, 115, 132, 308] (29)
88 : [155, 167, 262] (30)
89 : [8, 202, 206, 374] (30)
90 : [109, 122, 365, 373] (30)
91 : [37, 98, 173] (30)
92 : [39, 247, 274, 381] (33)
93 : [60, 151, 265] (30)
94 : [14, 131, 233, 266] (29)
95 : [184, 322, 361] (29)
96 : [55, 156, 246, 297, 333] (29)
97 : [113, 175, 282, 330] (29)
98 : [38, 43, 244, 343] (28)
99 : [108, 296] (20)
100 : [26, 57, 86, 174] (25)
101 : [272, 279, 385] (21)
102 : [194, 235, 250] (20)
103 : [] (0)
104 : [] (0)
