Name: 400-30-45
Time: 9.219964265823364 
Result: 43
Solution:  38 50 63 21 38 38 39 49 60 31 34 57 47 33 50 7 18 52 18 47 60 46 58 45 52 21 52 49 37 25 3 21 55 62 21 47 14 49 36 12 18 28 46 7 54 30 9 37 11 49 61 60 55 53 16 22 20 32 60 24 40 5 47 56 64 62 32 36 19 31 42 36 12 3 7 9 19 52 59 14 59 19 35 25 32 45 19 19 38 27 60 48 46 23 4 8 38 14 64 9 41 61 42 30 13 47 22 10 36 19 48 47 63 32 57 33 18 15 11 17 26 58 62 21 20 9 20 37 65 28 29 30 60 62 58 63 45 55 52 17 41 43 29 18 37 9 23 33 27 27 26 40 7 35 57 20 26 31 56 6 21 39 25 51 4 12 58 42 46 14 42 42 3 22 56 54 40 36 15 36 61 29 56 57 54 13 33 29 24 52 26 39 13 12 13 11 65 31 43 15 23 55 44 48 22 6 27 16 40 39 44 43 55 8 17 34 38 12 5 30 10 64 38 65 23 40 24 51 3 31 31 50 5 15 26 45 52 59 51 7 6 51 36 27 29 24 5 28 28 55 34 17 37 25 19 4 33 10 23 63 21 49 35 10 48 43 59 32 43 40 27 65 32 59 54 7 37 52 45 24 5 44 15 54 20 54 59 39 24 46 12 62 4 3 50 36 52 57 10 42 20 48 41 25 10 41 16 40 50 48 56 50 65 36 6 47 53 28 50 51 44 10 35 41 49 24 6 32 35 63 39 25 45 40 32 42 29 54 42 35 57 14 9 61 39 25 34 10 10 51 54 21 14 31 50 53 55 33 50 28 46 45 50 62 43 62 61 16 4 44 20 36 8 43 5 8 17 12 9 34 22 24 51 27 60 45 13 39 10 16 39 49 18 58 3 29 4 17 10 3
0 : [] (0)
1 : [] (0)
2 : [] (0)
3 : [30, 73, 172, 228, 293, 394, 399] (30)
4 : [94, 164, 255, 292, 368, 396] (31)
5 : [61, 218, 232, 246, 280, 374] (32)
6 : [159, 205, 240, 314, 326] (32)
7 : [15, 43, 74, 152, 239, 275] (34)
8 : [95, 213, 372, 375] (34)
9 : [46, 75, 99, 125, 145, 342, 378] (32)
10 : [107, 220, 257, 263, 298, 304, 321, 347, 348, 388, 398] (32)
11 : [48, 118, 195] (32)
12 : [39, 72, 165, 193, 217, 290, 377] (32)
13 : [104, 185, 192, 194, 386] (32)
14 : [36, 79, 97, 169, 341, 352] (33)
15 : [117, 178, 199, 233, 282] (33)
16 : [54, 207, 306, 367, 389] (33)
17 : [119, 139, 214, 251, 376, 397] (34)
18 : [16, 18, 40, 116, 143, 392] (36)
19 : [68, 76, 81, 86, 87, 109, 254] (35)
20 : [56, 124, 126, 155, 284, 300, 370] (34)
21 : [3, 25, 31, 34, 123, 160, 260, 351] (36)
22 : [55, 106, 173, 204, 380] (42)
23 : [93, 146, 200, 224, 258] (36)
24 : [59, 188, 226, 245, 279, 288, 325, 381] (36)
25 : [29, 83, 162, 253, 303, 331, 345] (36)
26 : [120, 150, 156, 190, 234] (39)
27 : [89, 148, 149, 206, 243, 270, 383] (39)
28 : [41, 129, 247, 248, 317, 359] (39)
29 : [130, 142, 181, 187, 244, 336, 395] (40)
30 : [45, 103, 131, 219] (43)
31 : [9, 69, 157, 197, 229, 230, 353] (40)
32 : [57, 66, 84, 113, 267, 272, 327, 334] (39)
33 : [13, 115, 147, 186, 256, 357] (40)
34 : [10, 215, 250, 346, 379] (41)
35 : [82, 153, 262, 322, 328, 339] (40)
36 : [38, 67, 71, 108, 177, 179, 242, 295, 313, 371] (40)
37 : [28, 47, 127, 144, 252, 276] (40)
38 : [0, 4, 5, 88, 96, 216, 222] (39)
39 : [6, 161, 191, 209, 287, 330, 344, 387, 390] (40)
40 : [60, 151, 176, 208, 225, 269, 307, 333] (40)
41 : [100, 140, 302, 305, 323] (42)
42 : [70, 102, 167, 170, 171, 299, 335, 338] (41)
43 : [141, 198, 211, 265, 268, 364, 373] (41)
44 : [202, 210, 281, 320, 369] (42)
45 : [23, 85, 136, 235, 278, 332, 361, 385] (41)
46 : [21, 42, 92, 168, 289, 360] (41)
47 : [12, 19, 35, 62, 105, 111, 315] (41)
48 : [91, 110, 203, 264, 301, 309] (42)
49 : [7, 27, 37, 49, 261, 324, 391] (40)
50 : [1, 14, 231, 294, 308, 311, 318, 354, 358, 362] (39)
51 : [163, 227, 238, 241, 319, 349, 382] (41)
52 : [17, 24, 26, 77, 138, 189, 236, 277, 296] (40)
53 : [53, 316, 355] (40)
54 : [44, 175, 184, 274, 283, 285, 337, 350] (40)
55 : [32, 52, 137, 201, 212, 249, 356] (41)
56 : [63, 158, 174, 182, 310] (42)
57 : [11, 114, 154, 183, 297, 340] (41)
58 : [22, 121, 134, 166, 393] (41)
59 : [78, 80, 237, 266, 273, 286] (41)
60 : [8, 20, 51, 58, 90, 132, 384] (40)
61 : [50, 101, 180, 343, 366] (31)
62 : [33, 65, 122, 133, 291, 363, 365] (30)
63 : [2, 112, 135, 259, 329] (32)
64 : [64, 98, 221] (33)
65 : [128, 196, 223, 271, 312] (30)
