Name: 400-20-30
Time: 8.978710412979126 
Result: 4032
Solution:  51 15 29 5 85 18 61 82 88 56 75 73 17 62 94 84 56 60 64 50 22 3 65 57 46 58 99 21 61 62 19 13 78 3 30 47 60 92 100 93 76 13 19 98 80 40 2 46 27 61 10 5 20 6 31 97 63 100 59 77 94 72 15 17 35 53 86 7 59 12 33 36 49 86 52 23 48 85 21 84 11 86 77 20 3 25 102 14 54 83 49 81 37 67 16 22 55 48 90 34 44 18 10 8 59 80 45 75 99 90 25 71 25 100 52 86 26 8 50 77 74 34 90 32 56 12 11 32 73 76 78 95 87 14 57 25 62 11 30 26 51 17 11 83 85 74 52 33 37 60 51 91 12 69 71 89 97 41 47 57 27 24 43 22 35 31 32 88 62 9 41 48 5 88 97 95 6 23 23 48 26 54 13 69 96 7 70 81 60 77 15 16 47 67 101 2 23 37 14 28 28 8 91 30 41 29 90 39 54 38 74 68 79 59 14 29 45 85 45 32 70 70 83 3 66 51 6 57 78 49 68 38 77 92 61 102 60 86 5 55 22 83 3 84 97 64 94 95 32 35 102 44 65 26 27 42 40 25 18 50 80 71 91 79 53 94 92 46 77 86 75 42 101 39 93 38 47 36 31 100 79 38 97 9 64 51 46 66 68 2 73 10 84 22 28 55 99 96 85 58 29 55 10 89 2 64 17 84 87 66 24 37 65 42 24 76 15 34 75 21 38 57 95 39 12 66 63 69 76 28 98 16 33 97 10 69 40 62 47 73 7 3 56 98 66 31 53 17 53 3 18 41 27 31 78 12 5 72 33 35 50 96 43 17 54 93 72 19 43 38 9 2 44 87 91 66 71 24 17 81 74 92 44 42 38 101 16 36 82 70 58 45 72 53 82 8 39 64 67 85
0 : [] (0)
1 : [] (0)
2 : [46, 195, 289, 304, 371] (21)
3 : [21, 33, 84, 223, 242, 341, 349] (25)
4 : [] (0)
5 : [3, 51, 172, 238, 356] (26)
6 : [53, 176, 226] (22)
7 : [67, 185, 340] (21)
8 : [103, 117, 201, 395] (20)
9 : [169, 283, 370] (22)
10 : [50, 102, 291, 302, 334] (22)
11 : [80, 126, 137, 142] (25)
12 : [69, 125, 152, 324, 355] (21)
13 : [31, 41, 182] (22)
14 : [87, 133, 198, 214] (23)
15 : [1, 62, 190, 316] (22)
16 : [94, 191, 331, 386] (19)
17 : [12, 63, 141, 306, 347, 363, 378] (20)
18 : [5, 101, 258, 350] (22)
19 : [30, 42, 367] (25)
20 : [52, 83] (21)
21 : [27, 78, 319] (21)
22 : [20, 95, 163, 240, 293] (21)
23 : [75, 177, 178, 196] (22)
24 : [161, 310, 314, 377] (23)
25 : [85, 110, 112, 135, 257] (24)
26 : [116, 139, 180, 253] (23)
27 : [48, 160, 254, 352] (23)
28 : [199, 200, 294, 329] (23)
29 : [2, 205, 215, 300] (24)
30 : [34, 138, 203] (25)
31 : [54, 165, 278, 345, 353] (24)
32 : [123, 127, 166, 219, 248] (23)
33 : [70, 147, 332, 358] (23)
34 : [99, 121, 317] (25)
35 : [64, 164, 249, 359] (24)
36 : [71, 277, 387] (29)
37 : [92, 148, 197, 311] (25)
38 : [209, 231, 275, 281, 320, 369, 384] (22)
39 : [207, 273, 323, 396] (22)
40 : [45, 256, 336] (24)
41 : [157, 170, 204, 351] (23)
42 : [255, 271, 313, 383] (25)
43 : [162, 362, 368] (24)
44 : [100, 251, 372, 382] (25)
45 : [106, 216, 218, 391] (24)
46 : [24, 47, 267, 286] (26)
47 : [35, 158, 192, 276, 338] (26)
48 : [76, 97, 171, 179] (25)
49 : [72, 90, 229] (27)
50 : [19, 118, 259, 360] (27)
51 : [0, 140, 150, 225, 285] (26)
52 : [74, 114, 146] (28)
53 : [65, 264, 346, 348, 393] (26)
54 : [88, 181, 208, 364] (28)
55 : [96, 239, 295, 301] (27)
56 : [9, 16, 124, 342] (26)
57 : [23, 134, 159, 227, 321] (26)
58 : [25, 299, 390] (29)
59 : [58, 68, 104, 213] (26)
60 : [17, 36, 149, 188, 236] (26)
61 : [6, 28, 49, 234] (26)
62 : [13, 29, 136, 168, 337] (27)
63 : [56, 326] (28)
64 : [18, 245, 284, 305, 397] (26)
65 : [22, 252, 312] (28)
66 : [224, 287, 309, 325, 344, 375] (26)
67 : [93, 193, 398] (27)
68 : [211, 230, 288] (26)
69 : [153, 183, 327, 335] (26)
70 : [186, 220, 221, 389] (25)
71 : [111, 154, 261, 376] (25)
72 : [61, 357, 366, 392] (24)
73 : [11, 128, 290, 339] (29)
74 : [120, 145, 210, 380] (27)
75 : [10, 107, 270, 318] (29)
76 : [40, 129, 315, 328] (30)
77 : [59, 82, 119, 189, 232, 268] (27)
78 : [32, 130, 228, 354] (29)
79 : [212, 263, 280] (31)
80 : [44, 105, 260] (29)
81 : [91, 187, 379] (28)
82 : [7, 388, 394] (30)
83 : [89, 143, 222, 241] (28)
84 : [15, 79, 243, 292, 307] (27)
85 : [4, 77, 144, 217, 298, 399] (28)
86 : [66, 73, 81, 115, 237, 269] (26)
87 : [132, 308, 373] (27)
88 : [8, 167, 173] (28)
89 : [155, 303] (29)
90 : [98, 109, 122, 206] (30)
91 : [151, 202, 262, 374] (29)
92 : [37, 233, 266, 381] (32)
93 : [39, 274, 365] (29)
94 : [14, 60, 246, 265] (27)
95 : [131, 175, 247, 322] (27)
96 : [184, 297, 361] (27)
97 : [55, 156, 174, 244, 282, 333] (28)
98 : [43, 330, 343] (27)
99 : [26, 108, 296] (27)
100 : [38, 57, 113, 279] (22)
101 : [194, 272, 385] (24)
102 : [86, 235, 250] (26)
103 : [] (0)
104 : [] (0)
