Name: 400-50-80
Time: 9.43520450592041 
Result: 78
Solution:  59 8 12 12 9 12 18 52 63 16 20 30 52 70 46 32 60 3 50 64 49 54 70 58 64 31 10 31 69 65 43 64 54 47 39 67 10 12 43 21 38 58 10 7 23 60 11 47 45 54 15 17 22 30 15 23 19 41 8 12 4 48 18 37 30 70 53 46 17 20 37 24 69 61 62 19 8 23 19 34 28 61 54 4 4 30 30 48 34 51 30 21 57 56 60 42 44 70 13 24 62 50 29 27 50 24 56 64 8 13 19 26 48 26 56 4 7 60 41 47 25 34 16 52 37 11 7 3 39 35 69 66 51 8 45 51 52 11 3 53 40 37 59 23 60 4 33 43 13 30 22 38 28 54 21 37 16 39 44 8 30 61 13 50 7 32 55 55 63 66 9 19 61 14 42 14 58 16 3 4 49 34 8 19 45 52 42 65 49 9 59 61 57 21 50 63 19 41 27 68 22 21 56 19 17 70 47 26 15 28 7 53 31 67 69 54 61 24 9 12 53 55 29 60 43 21 20 10 49 35 40 59 9 70 3 26 30 27 25 66 13 50 40 50 44 4 33 5 8 35 68 57 22 26 45 33 24 40 14 14 36 9 64 41 18 25 41 11 27 41 67 4 19 46 40 37 30 41 24 47 58 55 32 48 43 41 63 40 14 31 38 22 45 31 68 68 16 36 9 64 19 43 42 60 32 30 59 27 36 38 55 31 18 42 11 51 21 30 52 67 36 46 61 56 66 59 62 33 34 58 21 46 32 27 38 30 15 57 25 50 44 13 34 31 60 54 49 24 62 28 19 24 48 65 59 29 46 35 19 49 56 40 11 65 14 16 16 34 41 36 18 4 40 5 47 3 57 28 30 5 22 48 67 19 16 45 39 70 17 62 55 46 55 69 4 5 38 15 9 41
0 : [] (0)
1 : [] (0)
2 : [] (0)
3 : [17, 127, 138, 178, 234, 375] (74)
4 : [60, 83, 84, 115, 145, 179, 245, 271, 371, 394] (60)
5 : [247, 373, 379, 395] (53)
6 : [] (0)
7 : [43, 116, 126, 164, 210] (51)
8 : [1, 58, 76, 108, 133, 159, 182, 248] (55)
9 : [4, 170, 189, 218, 232, 261, 298, 398] (52)
10 : [26, 36, 42, 227] (55)
11 : [46, 125, 137, 267, 314, 362] (52)
12 : [2, 3, 5, 37, 59, 219] (60)
13 : [98, 109, 148, 162, 240, 341] (50)
14 : [173, 175, 258, 259, 288, 364] (52)
15 : [50, 54, 208, 336, 397] (52)
16 : [9, 122, 156, 177, 296, 365, 366, 384] (50)
17 : [51, 68, 204, 388] (53)
18 : [6, 62, 264, 312, 370] (51)
19 : [56, 75, 78, 110, 171, 183, 196, 203, 272, 300, 350, 358, 383] (50)
20 : [10, 69, 226] (55)
21 : [39, 91, 154, 193, 201, 225, 316, 330] (55)
22 : [52, 150, 200, 252, 291, 380] (55)
23 : [44, 55, 77, 143] (62)
24 : [71, 99, 105, 217, 256, 278, 347, 351] (61)
25 : [120, 238, 265, 338] (60)
26 : [111, 113, 207, 235, 253] (60)
27 : [103, 198, 237, 268, 307, 333] (61)
28 : [80, 152, 209, 349, 377] (60)
29 : [102, 222, 355] (60)
30 : [11, 53, 64, 85, 86, 90, 149, 160, 236, 276, 305, 317, 335, 378] (56)
31 : [25, 27, 212, 289, 293, 311, 343] (56)
32 : [15, 165, 282, 304, 332] (70)
33 : [146, 246, 255, 327] (67)
34 : [79, 88, 121, 181, 328, 342, 367] (67)
35 : [129, 229, 249, 357] (69)
36 : [260, 297, 308, 320, 369] (70)
37 : [63, 70, 124, 141, 155, 275] (68)
38 : [40, 151, 290, 309, 334, 396] (69)
39 : [34, 128, 157, 386] (64)
40 : [140, 230, 242, 257, 274, 287, 361, 372] (63)
41 : [57, 118, 197, 263, 266, 269, 277, 285, 368, 399] (62)
42 : [95, 174, 186, 302, 313] (63)
43 : [30, 38, 147, 224, 284, 301] (65)
44 : [96, 158, 244, 340] (67)
45 : [48, 134, 184, 254, 292, 385] (66)
46 : [14, 67, 273, 321, 331, 356, 391] (64)
47 : [33, 47, 119, 206, 279, 374] (64)
48 : [61, 87, 112, 283, 352, 381] (68)
49 : [20, 180, 188, 228, 346, 359] (68)
50 : [18, 101, 104, 163, 194, 241, 243, 339] (68)
51 : [89, 132, 135, 315] (77)
52 : [7, 12, 123, 136, 185, 318] (70)
53 : [66, 139, 211, 220] (73)
54 : [21, 32, 49, 82, 153, 215, 345] (70)
55 : [166, 167, 221, 281, 310, 390, 392] (69)
56 : [93, 106, 114, 202, 323, 360] (71)
57 : [92, 192, 251, 337, 376] (73)
58 : [23, 41, 176, 280, 329] (75)
59 : [0, 142, 190, 231, 306, 325, 354] (74)
60 : [16, 45, 94, 117, 144, 223, 303, 344] (76)
61 : [73, 81, 161, 172, 191, 216, 322] (77)
62 : [74, 100, 326, 348, 389] (78)
63 : [8, 168, 195, 286] (75)
64 : [19, 24, 31, 107, 262, 299] (76)
65 : [29, 187, 353, 363] (73)
66 : [131, 169, 239, 324] (78)
67 : [35, 213, 270, 319, 382] (69)
68 : [199, 250, 294, 295] (63)
69 : [28, 72, 130, 214, 393] (52)
70 : [13, 22, 65, 97, 205, 233, 387] (55)
71 : [] (0)
