Name: 400-20-30
Time: 11.159651756286621 
Result: 1031
Solution:  49 16 29 4 85 18 62 81 89 56 75 73 16 61 97 83 58 60 64 49 21 3 63 57 45 56 99 23 61 62 19 13 79 3 25 47 63 93 98 92 78 13 20 99 78 40 2 46 28 62 11 4 20 5 31 98 62 99 61 78 91 74 15 16 30 49 86 5 60 12 35 36 48 87 54 23 48 83 22 85 14 86 77 17 4 27 102 14 55 86 47 84 37 69 13 17 54 45 91 32 43 18 13 9 59 82 45 74 100 91 22 69 25 102 53 87 26 8 50 78 74 34 87 33 55 10 9 35 73 76 77 95 87 12 56 26 61 12 31 26 51 16 9 81 86 74 52 32 36 60 51 94 9 70 72 88 97 45 46 57 26 24 42 23 33 31 30 88 60 10 42 49 6 89 96 95 6 21 24 48 23 52 16 68 96 6 71 78 61 75 15 17 48 66 102 2 23 39 14 28 27 8 90 30 41 30 90 38 53 34 73 64 81 57 14 29 45 84 45 30 70 70 82 4 65 51 5 57 79 50 69 40 77 94 60 101 59 85 4 55 19 83 2 83 98 64 96 95 33 35 102 44 65 28 28 42 40 22 18 49 80 71 89 82 55 97 94 46 76 86 72 45 101 38 93 38 50 37 32 100 80 39 98 8 66 51 46 65 67 2 77 9 87 25 28 59 98 93 84 58 29 55 11 86 4 63 14 83 86 68 26 37 67 42 23 75 15 34 75 21 38 56 95 39 11 65 66 69 77 27 97 14 35 96 10 70 40 63 47 73 8 3 57 96 68 32 53 16 54 3 18 42 25 33 79 14 4 70 32 36 50 92 42 17 54 93 72 19 43 39 6 4 41 90 89 68 71 24 15 79 76 91 44 43 38 100 15 36 82 71 58 44 72 53 80 8 39 65 68 85
0 : [] (0)
1 : [] (0)
2 : [46, 195, 242, 289] (20)
3 : [21, 33, 341, 349] (21)
4 : [3, 51, 84, 223, 238, 304, 356, 371] (25)
5 : [53, 67, 226] (21)
6 : [172, 176, 185, 370] (23)
7 : [] (0)
8 : [117, 201, 283, 340, 395] (24)
9 : [103, 126, 142, 152, 291] (26)
10 : [125, 169, 334] (23)
11 : [50, 302, 324] (24)
12 : [69, 133, 137] (23)
13 : [31, 41, 94, 102] (21)
14 : [80, 87, 198, 214, 306, 331, 355] (20)
15 : [62, 190, 316, 378, 386] (20)
16 : [1, 12, 63, 141, 182, 347] (23)
17 : [83, 95, 191, 363] (24)
18 : [5, 101, 258, 350] (22)
19 : [30, 240, 367] (27)
20 : [42, 52] (24)
21 : [20, 177, 319] (23)
22 : [78, 110, 257] (24)
23 : [27, 75, 163, 180, 196, 314] (22)
24 : [161, 178, 377] (24)
25 : [34, 112, 293, 352] (24)
26 : [116, 135, 139, 160, 310] (21)
27 : [85, 200, 329] (21)
28 : [48, 199, 253, 254, 294] (20)
29 : [2, 215, 300] (23)
30 : [64, 166, 203, 205, 219] (22)
31 : [54, 138, 165] (21)
32 : [99, 147, 278, 345, 358] (22)
33 : [123, 164, 248, 353] (21)
34 : [121, 209, 317] (23)
35 : [70, 127, 249, 332] (24)
36 : [71, 148, 359, 387] (23)
37 : [92, 277, 311] (25)
38 : [207, 273, 275, 320, 384] (24)
39 : [197, 281, 323, 369, 396] (25)
40 : [45, 231, 256, 336] (26)
41 : [204, 372] (27)
42 : [162, 170, 255, 313, 351, 362] (28)
43 : [100, 368, 383] (27)
44 : [251, 382, 391] (26)
45 : [24, 97, 106, 157, 216, 218, 271] (25)
46 : [47, 158, 267, 286] (25)
47 : [35, 90, 338] (24)
48 : [72, 76, 179, 192] (24)
49 : [0, 19, 65, 171, 259] (24)
50 : [118, 229, 276, 360] (25)
51 : [140, 150, 225, 285] (24)
52 : [146, 181] (27)
53 : [114, 208, 346, 393] (25)
54 : [74, 96, 348, 364] (29)
55 : [88, 124, 239, 264, 301] (26)
56 : [9, 25, 134, 321] (27)
57 : [23, 159, 213, 227, 342] (27)
58 : [16, 299, 390] (28)
59 : [104, 236, 295] (23)
60 : [17, 68, 149, 168, 234] (23)
61 : [13, 28, 58, 136, 188] (24)
62 : [6, 29, 49, 56] (25)
63 : [22, 36, 305, 337] (27)
64 : [18, 211, 245] (28)
65 : [224, 252, 287, 325, 397] (29)
66 : [193, 284, 326] (26)
67 : [288, 312] (29)
68 : [183, 309, 344, 375, 398] (27)
69 : [93, 111, 230, 327] (28)
70 : [153, 220, 221, 335, 357] (27)
71 : [186, 261, 376, 389] (26)
72 : [154, 270, 366, 392] (27)
73 : [11, 128, 210, 339] (30)
74 : [61, 107, 120, 145] (26)
75 : [10, 189, 315, 318] (28)
76 : [129, 268, 380] (28)
77 : [82, 130, 232, 290, 328] (28)
78 : [40, 44, 59, 119, 187] (27)
79 : [32, 228, 354, 379] (28)
80 : [260, 280, 394] (27)
81 : [7, 143, 212] (29)
82 : [105, 222, 263, 388] (30)
83 : [15, 77, 241, 243, 307] (27)
84 : [91, 217, 298] (29)
85 : [4, 79, 237, 399] (28)
86 : [66, 81, 89, 144, 269, 303, 308] (30)
87 : [73, 115, 122, 132, 292] (30)
88 : [155, 167] (29)
89 : [8, 173, 262, 374] (29)
90 : [202, 206, 373] (30)
91 : [60, 98, 109, 381] (31)
92 : [39, 361] (29)
93 : [37, 274, 297, 365] (30)
94 : [151, 233, 266] (29)
95 : [131, 175, 247, 322] (27)
96 : [174, 184, 246, 333, 343] (28)
97 : [14, 156, 265, 330] (28)
98 : [38, 55, 244, 282, 296] (27)
99 : [26, 43, 57] (21)
100 : [108, 279, 385] (21)
101 : [235, 272] (21)
102 : [86, 113, 194, 250] (29)
103 : [] (0)
104 : [] (0)
