Name: 400-50-80
Time: 9.506402492523193 
Result: 76
Solution:  57 7 10 10 10 9 19 46 63 16 19 27 50 69 46 34 60 3 53 67 48 54 70 59 66 32 12 35 68 66 42 65 54 46 39 67 12 11 45 17 37 58 10 7 25 61 6 42 45 57 18 18 27 29 18 21 18 40 8 12 7 48 20 37 30 68 55 51 17 22 40 25 69 62 62 19 8 25 19 37 28 62 54 4 7 29 27 50 34 52 30 21 57 55 60 43 45 70 17 22 63 47 30 28 49 24 56 64 10 13 20 27 47 26 56 4 7 61 41 49 25 34 16 52 37 9 7 3 39 37 68 66 51 9 44 50 54 11 3 50 41 37 62 23 60 6 32 43 13 28 20 33 28 57 21 36 19 38 45 8 28 60 14 53 7 31 55 56 61 70 13 20 65 15 44 13 58 13 6 4 46 36 8 21 45 52 42 65 51 13 59 61 56 23 51 61 16 41 28 64 21 24 59 20 16 67 49 26 13 27 8 53 32 67 69 54 59 25 11 15 53 56 30 61 42 22 22 9 49 38 41 59 11 70 4 24 29 30 26 64 15 49 40 51 42 4 32 6 8 35 68 56 21 25 47 31 23 40 14 13 37 10 64 46 16 23 41 10 27 41 65 4 17 45 41 38 27 40 24 48 59 54 32 48 43 40 63 40 14 33 38 22 48 29 68 68 17 36 7 65 23 41 44 59 31 30 58 27 36 38 55 32 17 41 12 54 23 28 53 68 36 47 62 57 66 55 63 33 34 58 22 44 32 27 38 29 15 57 25 50 44 13 33 33 60 52 47 21 61 29 19 27 48 64 62 29 43 35 16 49 56 43 11 64 14 15 16 34 41 35 16 4 40 4 49 3 58 24 28 6 23 52 67 20 14 43 41 69 17 62 54 46 55 69 4 6 39 14 9 40
0 : [] (0)
1 : [] (0)
2 : [] (0)
3 : [17, 127, 138, 375] (64)
4 : [83, 115, 179, 234, 245, 271, 371, 373, 394] (63)
5 : [] (0)
6 : [46, 145, 178, 247, 379, 395] (54)
7 : [1, 43, 60, 84, 116, 126, 164, 298] (50)
8 : [58, 76, 159, 182, 210, 248] (50)
9 : [5, 125, 133, 227, 398] (52)
10 : [2, 3, 4, 42, 108, 261, 267] (53)
11 : [37, 137, 218, 232, 362] (53)
12 : [26, 36, 59, 314] (53)
13 : [109, 148, 170, 175, 177, 189, 208, 259, 341] (50)
14 : [162, 258, 288, 364, 384, 397] (54)
15 : [173, 219, 240, 336, 365] (60)
16 : [9, 122, 196, 204, 264, 358, 366, 370] (55)
17 : [39, 68, 98, 272, 296, 312, 388] (54)
18 : [50, 51, 54, 56] (58)
19 : [6, 10, 75, 78, 156, 350] (57)
20 : [62, 110, 150, 171, 203, 383] (57)
21 : [55, 91, 154, 183, 200, 252, 347] (57)
22 : [69, 99, 225, 226, 291, 330] (59)
23 : [143, 193, 256, 265, 300, 316, 380] (56)
24 : [105, 201, 235, 278, 377] (56)
25 : [44, 71, 77, 120, 217, 253, 338] (57)
26 : [113, 207, 238] (62)
27 : [11, 52, 86, 111, 209, 268, 276, 307, 333, 351] (58)
28 : [80, 103, 149, 152, 160, 198, 317, 378] (58)
29 : [53, 85, 236, 293, 335, 349, 355] (60)
30 : [64, 90, 102, 222, 237, 305] (61)
31 : [165, 255, 304] (64)
32 : [25, 146, 212, 246, 282, 311, 332] (64)
33 : [151, 289, 327, 342, 343] (64)
34 : [15, 88, 121, 328, 367] (63)
35 : [27, 249, 357, 369] (63)
36 : [155, 181, 297, 308, 320] (64)
37 : [40, 63, 79, 124, 129, 141, 260] (63)
38 : [157, 229, 275, 290, 309, 334] (63)
39 : [34, 128, 396] (63)
40 : [57, 70, 242, 257, 277, 285, 287, 372, 399] (55)
41 : [118, 140, 197, 230, 266, 269, 274, 301, 313, 368, 386] (55)
42 : [30, 47, 186, 224, 244] (67)
43 : [95, 147, 284, 356, 361, 385] (64)
44 : [134, 174, 302, 331, 340] (68)
45 : [38, 48, 96, 158, 184, 273] (73)
46 : [7, 14, 33, 180, 263, 391] (70)
47 : [101, 112, 254, 321, 346] (69)
48 : [20, 61, 279, 283, 292, 352] (72)
49 : [104, 119, 206, 228, 241, 359, 374] (72)
50 : [12, 87, 135, 139, 339] (76)
51 : [67, 132, 188, 194, 243] (72)
52 : [89, 123, 185, 345, 381] (75)
53 : [18, 163, 211, 220, 318] (72)
54 : [21, 32, 82, 136, 215, 281, 315, 390] (72)
55 : [66, 93, 166, 310, 325, 392] (71)
56 : [106, 114, 167, 192, 221, 251, 360] (73)
57 : [0, 49, 92, 153, 323, 337] (71)
58 : [41, 176, 306, 329, 376] (71)
59 : [23, 190, 202, 216, 231, 280, 303] (72)
60 : [16, 94, 144, 161, 344] (71)
61 : [45, 117, 168, 191, 195, 223, 348] (73)
62 : [73, 74, 81, 142, 322, 354, 389] (72)
63 : [8, 100, 286, 326] (72)
64 : [107, 199, 239, 262, 353, 363] (74)
65 : [31, 172, 187, 270, 299] (75)
66 : [24, 29, 131, 324] (75)
67 : [19, 35, 205, 213, 382] (70)
68 : [28, 65, 130, 250, 294, 295, 319] (65)
69 : [13, 72, 214, 387, 393] (64)
70 : [22, 97, 169, 233] (64)
71 : [] (0)
