Name: 400-50-80
Time: 9.615998029708862 
Result: 77
Solution:  58 9 9 10 8 11 19 46 63 10 18 26 51 69 45 32 62 3 50 67 48 54 69 61 66 32 12 32 67 65 42 63 56 46 39 67 12 13 45 19 38 57 11 7 23 62 9 43 46 53 18 15 25 30 16 23 19 41 8 12 7 47 17 37 30 70 51 49 18 21 37 24 69 65 60 19 8 23 20 38 28 62 56 4 5 30 30 50 35 52 32 21 55 56 60 42 45 70 17 22 63 50 29 27 50 24 55 64 8 14 21 24 47 27 56 3 9 62 42 49 26 34 15 51 36 9 8 3 39 37 68 65 54 7 44 52 55 9 3 50 41 37 57 20 59 4 32 42 13 31 22 38 28 52 23 36 18 40 45 9 30 61 12 53 4 31 56 59 63 70 9 20 64 15 43 13 57 16 5 4 46 33 8 22 45 51 43 63 49 9 60 61 57 25 50 62 17 41 28 68 22 23 58 19 16 70 49 25 16 28 7 53 31 67 69 54 61 24 9 13 53 55 29 62 42 23 22 10 51 37 40 57 10 69 3 26 32 30 26 64 14 49 40 50 44 4 32 4 8 35 68 59 22 23 46 35 23 44 14 13 34 11 65 46 18 21 40 12 24 41 65 4 17 45 40 38 28 41 24 47 58 55 32 47 43 41 66 40 13 31 38 20 48 31 68 68 20 36 10 64 20 41 42 60 31 30 58 28 37 33 54 30 17 42 11 55 23 28 53 65 34 48 61 56 66 59 61 33 34 58 22 44 33 27 38 30 15 59 25 49 44 13 32 33 60 52 48 25 62 28 19 25 48 66 60 29 43 38 17 48 56 41 11 64 13 16 16 35 40 36 17 3 40 4 49 5 59 27 27 5 23 52 67 20 14 44 41 70 17 63 54 47 54 69 3 5 39 14 9 40
0 : [] (0)
1 : [] (0)
2 : [] (0)
3 : [17, 115, 127, 138, 234, 371, 394] (72)
4 : [83, 145, 164, 179, 245, 247, 271, 373] (66)
5 : [84, 178, 375, 379, 395] (53)
6 : [] (0)
7 : [43, 60, 133, 210] (50)
8 : [4, 58, 76, 108, 126, 182, 248] (52)
9 : [1, 2, 46, 116, 125, 137, 159, 170, 189, 218, 398] (52)
10 : [3, 9, 227, 232, 298] (52)
11 : [5, 42, 261, 314, 362] (51)
12 : [26, 36, 59, 162, 267] (50)
13 : [37, 148, 175, 219, 259, 288, 341, 364] (56)
14 : [109, 240, 258, 384, 397] (52)
15 : [51, 122, 173, 336] (56)
16 : [54, 177, 204, 208, 365, 366] (59)
17 : [62, 98, 196, 272, 312, 358, 370, 388] (54)
18 : [10, 50, 68, 156, 264] (56)
19 : [6, 39, 56, 75, 203, 350] (56)
20 : [78, 143, 171, 291, 296, 300, 383] (55)
21 : [69, 91, 110, 265] (55)
22 : [99, 150, 183, 200, 226, 252, 330] (54)
23 : [44, 55, 77, 154, 201, 225, 253, 256, 316, 380] (55)
24 : [71, 105, 111, 217, 268, 278] (56)
25 : [52, 193, 207, 338, 347, 351] (56)
26 : [11, 120, 235, 238] (59)
27 : [103, 113, 333, 377, 378] (60)
28 : [80, 152, 198, 209, 276, 307, 317, 349] (60)
29 : [102, 222, 355] (60)
30 : [53, 64, 85, 86, 160, 237, 305, 311, 335] (60)
31 : [149, 165, 212, 289, 293, 304] (61)
32 : [15, 25, 27, 90, 146, 236, 246, 282, 342] (61)
33 : [181, 309, 327, 332, 343] (65)
34 : [121, 260, 320, 328] (63)
35 : [88, 249, 255, 367] (63)
36 : [124, 155, 297, 369] (62)
37 : [63, 70, 129, 141, 229, 308] (66)
38 : [40, 79, 151, 275, 290, 334, 357] (62)
39 : [34, 128, 396] (63)
40 : [157, 230, 242, 266, 274, 287, 368, 372, 399] (62)
41 : [57, 140, 197, 269, 277, 285, 301, 361, 386] (59)
42 : [30, 95, 118, 147, 224, 302, 313] (62)
43 : [47, 174, 186, 284, 356] (68)
44 : [134, 244, 257, 331, 340, 385] (67)
45 : [14, 38, 96, 158, 184, 273] (69)
46 : [7, 33, 48, 180, 254, 263] (69)
47 : [61, 112, 279, 283, 391] (73)
48 : [20, 292, 321, 346, 352, 359] (72)
49 : [67, 119, 188, 206, 241, 339, 374] (73)
50 : [18, 87, 101, 104, 139, 194, 243] (72)
51 : [12, 66, 123, 185, 228] (75)
52 : [89, 135, 153, 345, 381] (72)
53 : [49, 163, 211, 220, 318] (76)
54 : [21, 132, 215, 310, 390, 392] (73)
55 : [92, 106, 136, 221, 281, 315] (72)
56 : [32, 82, 93, 114, 166, 323, 360] (70)
57 : [41, 142, 176, 192, 231] (70)
58 : [0, 202, 280, 306, 329] (70)
59 : [144, 167, 251, 325, 337, 376] (72)
60 : [74, 94, 190, 303, 344, 354] (72)
61 : [23, 161, 191, 216, 322, 326] (71)
62 : [16, 45, 81, 117, 195, 223, 348] (70)
63 : [8, 31, 100, 168, 187, 389] (72)
64 : [107, 172, 239, 299, 363] (70)
65 : [29, 73, 131, 262, 270, 319] (69)
66 : [24, 286, 324, 353] (77)
67 : [19, 28, 35, 213, 382] (69)
68 : [130, 199, 250, 294, 295] (67)
69 : [13, 22, 72, 214, 233, 393] (69)
70 : [65, 97, 169, 205, 387] (72)
71 : [] (0)
