Name: 400-40-60
Time: 8.979888439178467 
Result: 60
Solution:  33 25 59 18 44 55 19 69 38 69 18 17 43 42 67 6 5 65 70 60 51 59 29 61 36 30 36 47 61 14 58 23 36 40 24 51 38 10 40 38 36 52 70 41 9 55 52 35 50 47 49 26 46 34 3 21 60 60 17 44 25 49 53 27 45 63 56 24 51 67 3 46 63 5 51 63 62 62 30 49 71 53 64 37 13 61 70 51 20 38 16 26 51 45 19 18 49 18 46 45 71 42 60 21 38 42 60 12 8 7 65 11 64 28 67 48 34 34 15 46 27 28 70 37 55 73 46 57 28 21 60 69 8 36 31 40 42 43 43 18 64 17 68 24 35 39 66 61 22 37 49 15 18 44 8 11 58 50 45 71 30 20 68 54 35 40 59 51 40 10 54 67 28 69 14 3 50 36 5 30 31 65 18 58 16 47 48 50 11 69 19 26 35 5 7 5 25 32 32 10 31 30 37 17 63 9 32 11 25 29 33 23 20 36 15 49 42 60 31 54 52 7 7 16 64 30 58 8 8 5 59 3 41 71 10 55 64 23 12 67 17 10 10 16 53 3 37 61 9 48 66 26 56 25 6 34 56 54 9 6 29 12 6 27 26 55 54 27 30 48 24 27 50 31 41 13 16 42 57 68 14 13 18 23 25 37 54 22 56 73 62 49 51 57 42 19 52 29 67 29 66 53 22 13 37 32 21 15 54 53 22 18 51 59 20 71 32 39 43 10 46 17 40 11 41 60 63 55 34 68 50 33 22 62 43 5 48 43 17 61 41 9 65 30 70 62 50 43 37 70 53 54 19 44 35 33 30 66 26 7 20 66 68 30 59 23 57 18 6 33 49 38 23 3 13 26 36 25 38 30 27 58 14 21 69 66 68 3 70 71 46 47 53 39 65 39 44 21 64 23
0 : [] (0)
1 : [] (0)
2 : [] (0)
3 : [54, 70, 175, 231, 245, 373, 387] (57)
4 : [] (0)
5 : [16, 73, 178, 193, 195, 229, 335] (51)
6 : [15, 254, 259, 262, 368] (44)
7 : [109, 194, 221, 222, 359] (43)
8 : [108, 132, 154, 227, 228] (44)
9 : [44, 205, 248, 258, 341] (44)
10 : [37, 169, 199, 234, 241, 242, 319] (40)
11 : [111, 155, 188, 207, 323] (41)
12 : [107, 238, 261] (48)
13 : [84, 275, 281, 303, 374] (40)
14 : [29, 174, 280, 382] (47)
15 : [118, 151, 214, 307] (44)
16 : [90, 184, 223, 243, 276] (41)
17 : [11, 58, 141, 203, 240, 321, 338] (41)
18 : [3, 10, 95, 97, 139, 152, 182, 282, 311, 367] (40)
19 : [6, 94, 190, 295, 352] (40)
20 : [88, 161, 212, 314, 360] (41)
21 : [55, 103, 129, 306, 383, 397] (47)
22 : [148, 287, 302, 310, 332] (45)
23 : [31, 211, 237, 283, 365, 372, 399] (49)
24 : [34, 67, 143, 270] (46)
25 : [1, 60, 196, 208, 253, 284, 377] (44)
26 : [51, 91, 191, 251, 264, 358, 375] (44)
27 : [63, 120, 263, 267, 271, 380] (44)
28 : [113, 121, 128, 172] (47)
29 : [22, 209, 260, 297, 299] (47)
30 : [25, 78, 160, 179, 201, 225, 268, 343, 356, 363, 379] (44)
31 : [134, 180, 200, 218, 273] (51)
32 : [197, 198, 206, 305, 316] (49)
33 : [0, 210, 331, 355, 369] (49)
34 : [53, 116, 117, 255, 328] (49)
35 : [47, 144, 164, 192, 354] (51)
36 : [24, 26, 32, 40, 133, 177, 213, 376] (51)
37 : [83, 123, 149, 202, 246, 285, 304, 348] (51)
38 : [8, 36, 39, 89, 104, 371, 378] (52)
39 : [145, 317, 393, 395] (51)
40 : [33, 38, 135, 165, 168, 322] (50)
41 : [43, 232, 274, 324, 340] (57)
42 : [13, 101, 105, 136, 216, 277, 294] (50)
43 : [12, 137, 138, 318, 334, 337, 347] (52)
44 : [4, 59, 153, 353, 396] (51)
45 : [64, 93, 99, 158] (52)
46 : [52, 71, 98, 119, 126, 320, 390] (51)
47 : [27, 49, 185, 391] (51)
48 : [115, 186, 249, 269, 336] (51)
49 : [50, 61, 79, 96, 150, 215, 291, 370] (50)
50 : [48, 157, 176, 187, 272, 330, 346] (48)
51 : [20, 35, 68, 74, 87, 92, 167, 292, 312] (48)
52 : [41, 46, 220, 296] (52)
53 : [62, 81, 244, 301, 309, 350, 392] (52)
54 : [163, 170, 219, 257, 266, 286, 308, 351] (52)
55 : [5, 45, 124, 235, 265, 327] (51)
56 : [66, 252, 256, 288] (54)
57 : [127, 278, 293, 366] (60)
58 : [30, 156, 183, 226, 381] (55)
59 : [2, 21, 166, 230, 313, 364] (58)
60 : [19, 56, 57, 102, 106, 130, 217, 325] (52)
61 : [23, 28, 85, 147, 247, 339] (54)
62 : [76, 77, 290, 333, 345] (54)
63 : [65, 72, 75, 204, 326] (55)
64 : [82, 112, 140, 224, 236, 398] (55)
65 : [17, 110, 181, 342, 394] (54)
66 : [146, 250, 300, 357, 361, 385] (54)
67 : [14, 69, 114, 171, 239, 298] (53)
68 : [142, 162, 279, 329, 362, 386] (55)
69 : [7, 9, 131, 173, 189, 384] (58)
70 : [18, 42, 86, 122, 344, 349, 388] (54)
71 : [80, 100, 159, 233, 315, 389] (58)
72 : [] (0)
73 : [125, 289] (43)
74 : [] (0)
