Name: 400-50-80
Time: 9.641186237335205 
Result: 78
Solution:  58 8 8 10 10 9 18 46 64 10 19 31 52 67 50 35 62 3 50 67 48 54 69 63 66 32 11 31 69 63 43 64 53 46 39 66 12 12 44 18 38 58 9 7 24 60 9 47 47 54 16 17 22 30 17 21 20 43 8 12 4 47 17 37 31 69 57 47 18 23 40 27 69 65 60 19 7 22 20 33 27 63 53 4 4 31 30 52 35 51 31 21 57 56 61 43 45 69 15 23 62 48 29 28 49 24 55 65 9 13 19 24 46 25 56 4 6 63 41 50 26 34 15 52 38 10 7 6 39 37 69 65 51 9 45 52 52 11 3 53 37 34 58 22 62 4 32 43 12 31 21 38 28 55 22 38 19 40 43 9 31 61 14 50 7 32 56 54 60 70 8 20 63 13 44 12 57 13 3 4 46 35 8 18 45 52 42 64 49 14 57 59 55 23 50 62 18 40 27 68 23 23 57 19 13 70 48 26 16 28 8 53 31 67 65 51 61 28 12 15 54 56 30 63 42 23 20 10 49 38 41 59 7 69 4 26 31 27 25 66 13 51 40 49 45 4 33 6 8 35 68 56 22 28 48 33 23 41 14 13 36 10 65 41 18 25 36 12 24 42 65 6 18 45 41 37 31 36 24 48 59 57 29 47 45 40 64 36 14 31 37 20 45 30 68 68 16 36 11 62 23 41 42 60 34 30 58 28 37 36 53 31 16 43 11 51 18 31 53 68 34 50 61 56 66 55 61 33 35 58 22 47 32 27 38 30 15 57 26 49 44 12 32 31 63 55 48 20 64 28 19 28 48 65 61 29 44 37 18 48 56 42 11 66 14 15 16 34 40 36 16 4 39 6 49 3 59 27 30 6 22 49 67 19 16 48 39 70 17 59 53 46 54 69 4 3 39 14 10 40
0 : [] (0)
1 : [] (0)
2 : [] (0)
3 : [17, 138, 178, 375, 395] (78)
4 : [60, 83, 84, 115, 145, 179, 234, 245, 371, 394] (60)
5 : [] (0)
6 : [116, 127, 247, 271, 373, 379] (52)
7 : [43, 76, 126, 164, 232] (52)
8 : [1, 2, 58, 170, 182, 210, 248] (55)
9 : [5, 42, 46, 108, 133, 159] (53)
10 : [3, 4, 9, 125, 227, 261, 398] (51)
11 : [26, 137, 298, 314, 362] (56)
12 : [36, 37, 59, 148, 175, 218, 267, 341] (52)
13 : [109, 173, 177, 204, 240, 259] (53)
14 : [162, 189, 258, 288, 364, 397] (52)
15 : [98, 122, 219, 336, 365] (56)
16 : [50, 208, 296, 312, 366, 370, 384] (52)
17 : [51, 54, 62, 388] (62)
18 : [6, 39, 68, 183, 196, 264, 272, 316, 358] (52)
19 : [10, 75, 110, 156, 203, 350, 383] (55)
20 : [56, 78, 171, 226, 291, 347] (55)
21 : [55, 91, 150] (62)
22 : [52, 77, 143, 154, 252, 330, 380] (55)
23 : [69, 99, 193, 200, 201, 225, 256, 300] (55)
24 : [44, 105, 111, 268, 278] (57)
25 : [113, 238, 265] (59)
26 : [120, 207, 235, 338] (56)
27 : [71, 80, 198, 237, 333, 377] (55)
28 : [103, 152, 209, 217, 253, 307, 349, 351] (54)
29 : [102, 282, 355] (56)
30 : [53, 86, 222, 293, 305, 335, 378] (52)
31 : [11, 27, 64, 85, 90, 149, 160, 212, 236, 276, 289, 311, 317, 343] (51)
32 : [25, 146, 165, 332, 342] (61)
33 : [79, 246, 255, 327] (60)
34 : [121, 141, 304, 320, 367] (69)
35 : [15, 88, 181, 249, 328] (65)
36 : [260, 266, 277, 287, 297, 309, 369] (64)
37 : [63, 129, 140, 275, 290, 308, 357] (66)
38 : [40, 124, 151, 155, 229, 334] (67)
39 : [34, 128, 372, 386, 396] (69)
40 : [70, 157, 197, 242, 285, 368, 399] (67)
41 : [118, 230, 257, 263, 274, 301] (67)
42 : [186, 224, 269, 302, 361] (70)
43 : [30, 57, 95, 147, 158, 313] (67)
44 : [38, 174, 340, 356] (68)
45 : [96, 134, 184, 244, 273, 284, 292] (69)
46 : [7, 33, 112, 180, 391] (69)
47 : [47, 48, 61, 67, 283, 331] (68)
48 : [20, 101, 206, 254, 279, 346, 352, 359, 385] (70)
49 : [104, 188, 228, 243, 339, 374, 381] (71)
50 : [14, 18, 119, 163, 194, 321] (70)
51 : [89, 132, 215, 241, 315] (70)
52 : [12, 87, 123, 135, 136, 185] (70)
53 : [32, 82, 139, 211, 310, 318, 390] (71)
54 : [21, 49, 167, 220, 392] (74)
55 : [106, 153, 192, 325, 345] (73)
56 : [93, 114, 166, 221, 251, 323, 360] (73)
57 : [66, 92, 176, 190, 202, 281, 337] (74)
58 : [0, 41, 142, 306, 329] (78)
59 : [191, 231, 280, 376, 389] (78)
60 : [45, 74, 168, 303] (75)
61 : [94, 161, 216, 322, 326, 354] (77)
62 : [16, 100, 144, 195, 299] (78)
63 : [23, 29, 81, 117, 172, 223, 344] (74)
64 : [8, 31, 187, 286, 348] (69)
65 : [73, 107, 131, 214, 262, 270, 353] (67)
66 : [24, 35, 239, 324, 363] (67)
67 : [13, 19, 213, 382] (64)
68 : [199, 250, 294, 295, 319] (65)
69 : [22, 28, 65, 72, 97, 130, 233, 393] (62)
70 : [169, 205, 387] (63)
71 : [] (0)
