Name: 400-40-60
Time: 8.920240879058838 
Result: 59
Solution:  32 25 54 17 44 54 20 67 38 69 20 20 44 42 69 6 8 66 70 63 52 60 27 65 35 29 38 47 63 14 57 25 32 42 23 50 37 8 41 38 36 52 72 40 9 56 53 35 50 45 48 26 46 28 4 21 60 62 13 48 24 49 53 28 45 63 56 23 48 70 3 47 62 3 50 62 63 62 31 50 71 55 66 34 16 61 70 51 20 39 16 26 51 46 18 18 49 19 47 45 71 42 59 22 36 44 60 15 8 8 64 12 64 28 66 48 34 33 15 46 30 31 70 40 54 72 47 56 27 22 59 68 8 36 30 40 43 41 43 20 64 22 72 25 35 43 65 64 20 38 49 14 17 44 8 12 59 49 45 71 30 24 67 54 35 40 60 49 36 11 56 66 28 72 14 3 48 34 4 30 30 64 21 58 18 47 48 46 11 67 19 24 34 4 5 7 25 33 32 9 31 29 37 17 62 9 30 11 22 29 35 23 22 33 15 49 41 62 32 56 52 6 6 17 63 28 58 9 7 5 56 3 41 70 11 56 64 25 15 68 17 9 13 17 52 8 37 59 8 50 69 25 57 25 7 34 57 54 11 3 26 13 5 26 27 55 54 25 29 46 21 27 51 31 41 13 16 42 58 65 13 11 16 26 25 34 51 23 55 72 60 49 51 57 42 19 53 29 67 29 68 53 21 12 37 32 20 14 54 51 20 16 52 57 18 71 33 39 43 11 46 16 41 11 40 60 62 55 34 67 48 34 24 63 46 6 47 43 18 61 42 7 65 32 70 61 49 46 36 68 52 55 21 40 36 34 32 61 26 4 20 65 66 31 59 22 56 17 7 33 49 39 23 3 12 30 37 23 41 32 27 59 13 19 70 65 68 5 69 71 47 52 53 38 65 39 39 21 64 22
0 : [] (0)
1 : [] (0)
2 : [] (0)
3 : [70, 73, 175, 231, 259, 373] (41)
4 : [54, 178, 193, 359] (44)
5 : [194, 229, 262, 387] (41)
6 : [15, 221, 222, 335] (40)
7 : [195, 228, 254, 341, 368] (40)
8 : [16, 37, 108, 109, 132, 154, 245, 248] (41)
9 : [44, 199, 205, 227, 241] (40)
10 : [] (0)
11 : [169, 188, 207, 234, 258, 281, 319, 323] (49)
12 : [111, 155, 303, 374] (43)
13 : [58, 242, 261, 275, 280, 382] (42)
14 : [29, 151, 174, 307] (54)
15 : [107, 118, 214, 238] (52)
16 : [84, 90, 276, 282, 311, 321] (46)
17 : [3, 152, 203, 223, 240, 243, 367] (47)
18 : [94, 95, 184, 314, 338] (46)
19 : [97, 190, 295, 383] (48)
20 : [6, 10, 11, 88, 139, 148, 306, 310, 360] (45)
21 : [55, 182, 270, 302, 352, 397] (46)
22 : [103, 129, 141, 208, 212, 365, 399] (46)
23 : [34, 67, 211, 287, 372, 377] (46)
24 : [60, 161, 191, 332] (46)
25 : [1, 31, 143, 196, 237, 251, 253, 267, 284] (44)
26 : [51, 91, 260, 263, 283, 358] (46)
27 : [22, 128, 264, 271, 380] (48)
28 : [53, 63, 113, 172, 225] (44)
29 : [25, 201, 209, 268, 297, 299] (44)
30 : [120, 134, 160, 179, 180, 206, 375] (45)
31 : [78, 121, 200, 273, 363] (45)
32 : [0, 32, 198, 218, 305, 343, 356, 379] (45)
33 : [117, 197, 213, 316, 369] (48)
34 : [83, 116, 177, 192, 255, 285, 328, 331, 355] (49)
35 : [24, 47, 144, 164, 210] (50)
36 : [40, 104, 133, 168, 348, 354] (49)
37 : [36, 202, 246, 304, 376] (49)
38 : [8, 26, 39, 149, 393] (51)
39 : [89, 317, 371, 395, 396] (51)
40 : [43, 123, 135, 165, 324, 353] (50)
41 : [38, 137, 216, 232, 274, 322, 378] (49)
42 : [13, 33, 101, 277, 294, 340] (49)
43 : [136, 138, 145, 318, 337] (50)
44 : [4, 12, 105, 153] (51)
45 : [49, 64, 99, 158] (52)
46 : [52, 93, 119, 187, 269, 320, 334, 347] (50)
47 : [27, 71, 98, 126, 185, 336, 390] (50)
48 : [50, 59, 68, 115, 176, 186, 330] (50)
49 : [61, 96, 150, 157, 167, 215, 291, 346, 370] (49)
50 : [35, 48, 74, 79, 249] (53)
51 : [87, 92, 272, 286, 292, 309] (52)
52 : [20, 41, 220, 244, 312, 350, 391] (54)
53 : [46, 62, 296, 301, 392] (57)
54 : [2, 5, 124, 163, 257, 266, 308] (56)
55 : [81, 265, 288, 327, 351] (56)
56 : [45, 66, 127, 170, 219, 230, 235, 366] (57)
57 : [30, 252, 256, 293, 313] (57)
58 : [183, 226, 278] (59)
59 : [102, 130, 156, 247, 364, 381] (58)
60 : [21, 56, 106, 166, 290, 325] (57)
61 : [85, 339, 345, 357] (58)
62 : [57, 72, 75, 77, 204, 217, 326] (56)
63 : [19, 28, 65, 76, 224, 333] (56)
64 : [110, 112, 140, 147, 181, 236, 398] (53)
65 : [23, 146, 279, 342, 361, 385, 394] (51)
66 : [17, 82, 114, 171, 362] (55)
67 : [7, 162, 189, 298, 329] (50)
68 : [131, 239, 300, 349, 386] (50)
69 : [9, 14, 250, 388] (49)
70 : [18, 69, 86, 122, 233, 344, 384] (50)
71 : [80, 100, 159, 315, 389] (57)
72 : [42, 125, 142, 173, 289] (49)
73 : [] (0)
74 : [] (0)
