Name: 400-20-30
Time: 9.017942190170288 
Result: 3032
Solution:  50 16 31 5 84 21 61 82 88 56 75 73 16 61 96 84 55 60 66 49 22 3 63 57 45 58 99 22 60 62 20 12 78 3 30 48 63 93 98 93 79 13 18 97 76 41 2 46 27 62 10 3 17 6 31 98 63 101 59 78 91 74 13 16 30 50 87 7 59 12 33 36 51 90 55 21 49 81 20 85 13 88 77 22 3 24 102 14 52 83 49 81 36 69 14 22 55 45 91 34 43 20 13 9 60 79 44 75 100 91 24 69 27 101 53 87 26 9 50 79 75 34 89 31 56 9 12 32 73 78 78 95 87 15 56 26 62 13 30 26 50 16 11 83 85 74 52 32 36 61 51 93 9 71 71 86 96 43 46 56 26 24 43 22 33 32 33 88 61 11 39 48 7 88 100 96 5 21 25 48 25 54 16 67 96 6 71 78 59 76 15 19 48 67 101 2 22 37 11 27 29 7 90 28 41 29 90 41 53 35 73 68 83 57 14 26 45 85 45 31 71 72 82 2 67 50 5 59 80 49 69 40 77 92 61 102 59 86 5 54 19 83 3 84 98 63 97 92 32 37 101 44 65 29 29 43 39 21 19 49 81 71 91 82 54 94 92 45 74 87 72 45 99 40 95 35 50 38 31 101 80 38 96 10 67 53 46 65 66 2 77 9 86 22 28 56 99 96 85 58 28 55 10 90 2 64 14 81 86 67 23 35 65 42 23 77 17 34 76 23 38 57 95 43 12 66 64 68 77 27 97 14 35 98 10 68 40 62 47 73 7 3 57 96 68 31 52 16 54 3 19 42 25 29 80 14 6 70 37 35 50 94 44 18 57 89 72 18 44 36 7 2 42 89 89 69 72 24 14 79 74 92 43 40 38 100 14 37 84 70 58 47 70 53 81 5 39 64 70 84
0 : [] (0)
1 : [] (0)
2 : [46, 195, 223, 289, 304, 371] (22)
3 : [21, 33, 51, 84, 242, 341, 349] (26)
4 : [] (0)
5 : [3, 176, 226, 238, 395] (23)
6 : [53, 185, 356] (24)
7 : [67, 172, 201, 340, 370] (30)
8 : [] (0)
9 : [103, 117, 125, 152, 291] (22)
10 : [50, 283, 302, 334] (24)
11 : [142, 169, 198] (22)
12 : [31, 69, 126, 324] (22)
13 : [41, 62, 80, 102, 137] (23)
14 : [87, 94, 214, 306, 331, 355, 378, 386] (24)
15 : [133, 190] (22)
16 : [1, 12, 63, 141, 182, 347] (23)
17 : [52, 316] (23)
18 : [42, 363, 367] (27)
19 : [191, 240, 258, 350] (25)
20 : [30, 78, 101] (21)
21 : [5, 75, 177, 257] (20)
22 : [20, 27, 83, 95, 163, 196, 293] (20)
23 : [310, 314, 319] (25)
24 : [85, 110, 161, 377] (24)
25 : [178, 180, 352] (26)
26 : [116, 135, 139, 160, 215] (24)
27 : [48, 112, 199, 329] (24)
28 : [203, 294, 300] (23)
29 : [200, 205, 253, 254, 353] (23)
30 : [34, 64, 138] (23)
31 : [2, 54, 123, 219, 278, 345] (24)
32 : [127, 147, 165, 248] (23)
33 : [70, 164, 166] (22)
34 : [99, 121, 317] (25)
35 : [209, 275, 311, 332, 359] (22)
36 : [71, 92, 148, 369] (22)
37 : [197, 249, 358, 387] (23)
38 : [277, 281, 320, 384] (25)
39 : [170, 256, 396] (24)
40 : [231, 273, 336, 383] (26)
41 : [45, 204, 207] (22)
42 : [313, 351, 372] (22)
43 : [100, 157, 162, 255, 323, 382] (23)
44 : [106, 251, 362, 368] (22)
45 : [24, 97, 216, 218, 267, 271] (24)
46 : [47, 158, 286] (23)
47 : [338, 391] (28)
48 : [35, 171, 179, 192] (25)
49 : [19, 76, 90, 229, 259] (25)
50 : [0, 65, 118, 140, 225, 276, 360] (25)
51 : [72, 150] (32)
52 : [88, 146, 346] (28)
53 : [114, 208, 285, 393] (26)
54 : [181, 239, 264, 348] (30)
55 : [16, 74, 96, 301] (26)
56 : [9, 124, 134, 159, 295] (27)
57 : [23, 213, 321, 342, 364] (27)
58 : [25, 299, 390] (29)
59 : [58, 68, 188, 227, 236] (21)
60 : [17, 28, 104] (25)
61 : [6, 13, 149, 168, 234] (25)
62 : [29, 49, 136, 337] (29)
63 : [22, 36, 56, 245] (28)
64 : [305, 326, 397] (29)
65 : [252, 287, 312] (27)
66 : [18, 288, 325] (29)
67 : [183, 193, 224, 284, 309] (27)
68 : [211, 327, 335, 344] (27)
69 : [93, 111, 230, 375] (27)
70 : [357, 389, 392, 398] (26)
71 : [153, 154, 186, 220, 261] (26)
72 : [221, 270, 366, 376] (25)
73 : [11, 128, 210, 339] (30)
74 : [61, 145, 268, 380] (26)
75 : [10, 107, 120] (27)
76 : [44, 189, 318] (26)
77 : [82, 232, 290, 315, 328] (27)
78 : [32, 59, 129, 130, 187] (27)
79 : [40, 105, 119, 379] (27)
80 : [228, 280, 354] (27)
81 : [77, 91, 260, 307, 394] (30)
82 : [7, 222, 263] (30)
83 : [89, 143, 212, 241] (30)
84 : [4, 15, 243, 388, 399] (31)
85 : [79, 144, 217, 298] (29)
86 : [155, 237, 292, 308] (30)
87 : [66, 115, 132, 269] (29)
88 : [8, 81, 167, 173] (29)
89 : [122, 365, 373, 374] (30)
90 : [73, 202, 206, 303] (30)
91 : [60, 98, 109, 262] (29)
92 : [233, 247, 266, 381] (30)
93 : [37, 39, 151] (29)
94 : [265, 361] (27)
95 : [131, 274, 322] (28)
96 : [14, 156, 175, 184, 282, 297, 343] (27)
97 : [43, 246, 330] (26)
98 : [38, 55, 244, 333] (26)
99 : [26, 272, 296] (27)
100 : [108, 174, 385] (27)
101 : [57, 113, 194, 250, 279] (21)
102 : [86, 235] (22)
103 : [] (0)
104 : [] (0)
