Name: 400-30-45
Time: 9.362447738647461 
Result: 43
Solution:  36 51 63 19 40 37 39 48 60 31 35 57 49 30 48 5 19 51 18 47 58 45 59 46 52 21 51 49 38 27 4 21 55 62 24 47 14 48 38 12 17 28 46 9 54 30 9 39 11 49 61 60 57 54 18 23 20 32 58 24 38 6 46 58 62 62 33 37 18 34 43 35 15 6 4 13 19 52 59 15 60 19 35 26 34 47 20 18 38 27 60 46 46 21 5 7 40 15 64 8 40 63 42 31 14 46 22 11 37 19 48 46 64 33 57 33 18 15 11 14 24 56 63 20 18 10 20 37 65 29 29 30 59 62 58 64 47 56 54 17 36 42 28 20 34 10 24 35 26 26 27 42 6 35 58 20 25 31 56 3 24 36 27 49 3 18 59 41 46 13 46 43 6 22 57 57 42 35 14 38 60 32 55 57 56 12 33 27 26 52 28 42 14 12 12 11 65 32 46 16 23 52 43 45 21 7 26 16 43 39 45 41 55 9 15 34 39 12 6 29 10 61 38 65 23 40 24 50 5 28 30 50 6 17 22 44 54 59 50 4 7 51 34 26 33 24 4 28 28 55 36 17 37 28 15 4 31 8 22 63 21 48 34 10 48 45 59 30 41 42 29 65 30 60 57 9 39 54 45 27 3 44 16 57 24 55 59 38 25 48 12 61 4 3 50 34 54 52 10 41 20 50 42 25 10 41 16 38 51 48 56 49 65 37 7 47 53 28 51 49 44 10 36 42 49 25 7 30 33 62 40 25 44 40 32 43 27 54 39 33 57 17 4 57 36 26 33 10 10 53 54 22 12 31 52 53 57 35 50 28 47 45 51 61 46 61 62 14 4 44 21 36 8 44 5 8 18 13 9 34 22 26 51 29 61 47 13 41 9 18 42 51 17 53 3 26 4 19 10 4
0 : [] (0)
1 : [] (0)
2 : [] (0)
3 : [159, 164, 280, 293, 394] (31)
4 : [30, 74, 239, 246, 255, 292, 342, 368, 396, 399] (30)
5 : [15, 94, 228, 374] (30)
6 : [61, 73, 152, 172, 218, 232] (31)
7 : [95, 205, 240, 314, 326] (33)
8 : [99, 257, 372, 375] (31)
9 : [43, 46, 213, 275, 378, 388] (32)
10 : [125, 145, 220, 263, 298, 304, 321, 347, 348, 398] (30)
11 : [48, 107, 118, 195] (33)
12 : [39, 185, 193, 194, 217, 290, 352] (34)
13 : [75, 169, 377, 386] (34)
14 : [36, 104, 119, 178, 192, 367] (34)
15 : [72, 79, 97, 117, 214, 254] (34)
16 : [199, 207, 282, 306] (35)
17 : [40, 139, 233, 251, 341, 392] (34)
18 : [18, 54, 68, 87, 116, 124, 165, 376, 389] (34)
19 : [3, 16, 76, 81, 109, 397] (34)
20 : [56, 86, 123, 126, 143, 155, 300] (36)
21 : [25, 31, 93, 204, 260, 370] (37)
22 : [106, 173, 234, 258, 351, 380] (37)
23 : [55, 200, 224] (39)
24 : [34, 59, 120, 146, 160, 226, 245, 284] (38)
25 : [156, 288, 303, 325, 331] (37)
26 : [83, 148, 149, 188, 206, 243, 345, 381, 395] (38)
27 : [29, 89, 150, 162, 187, 279, 336] (37)
28 : [41, 142, 190, 229, 247, 248, 253, 317, 359] (37)
29 : [129, 130, 219, 270, 383] (38)
30 : [13, 45, 131, 230, 267, 272, 327] (39)
31 : [9, 103, 157, 256, 353] (40)
32 : [57, 181, 197, 334] (43)
33 : [66, 113, 115, 186, 244, 328, 339, 346] (39)
34 : [69, 84, 144, 215, 242, 262, 295, 379] (39)
35 : [10, 71, 82, 147, 153, 177, 357] (40)
36 : [0, 140, 161, 250, 322, 344, 371] (42)
37 : [5, 67, 108, 127, 252, 313] (40)
38 : [28, 38, 60, 88, 179, 222, 287, 307] (41)
39 : [6, 47, 209, 216, 276, 338] (41)
40 : [4, 96, 100, 225, 330, 333] (40)
41 : [167, 211, 268, 299, 305, 387] (41)
42 : [102, 141, 151, 176, 191, 269, 302, 323, 390] (40)
43 : [70, 171, 202, 208, 335] (42)
44 : [235, 281, 320, 332, 369, 373] (40)
45 : [21, 203, 210, 265, 278, 361] (42)
46 : [23, 42, 62, 91, 92, 105, 111, 168, 170, 198, 364] (41)
47 : [19, 35, 85, 136, 315, 360, 385] (41)
48 : [7, 14, 37, 110, 261, 264, 289, 309] (40)
49 : [12, 27, 49, 163, 311, 319, 324] (41)
50 : [227, 231, 238, 294, 301, 358] (42)
51 : [1, 17, 26, 241, 308, 318, 362, 382, 391] (42)
52 : [24, 77, 189, 201, 297, 354] (43)
53 : [316, 349, 355, 393] (41)
54 : [44, 53, 138, 236, 277, 296, 337, 350] (41)
55 : [32, 182, 212, 249, 285] (41)
56 : [121, 137, 158, 184, 310] (42)
57 : [11, 52, 114, 174, 175, 183, 274, 283, 340, 343, 356] (40)
58 : [20, 58, 63, 134, 154] (41)
59 : [22, 78, 132, 166, 237, 266, 286] (39)
60 : [8, 51, 80, 90, 180, 273] (40)
61 : [50, 221, 291, 363, 365, 384] (33)
62 : [33, 64, 65, 133, 329, 366] (34)
63 : [2, 101, 122, 259] (30)
64 : [98, 112, 135] (30)
65 : [128, 196, 223, 271, 312] (30)
