Name: 400-50-80
Time: 9.416825771331787 
Result: 76
Solution:  59 9 9 10 9 10 19 48 63 15 18 27 50 70 45 34 61 3 51 65 48 53 70 62 65 32 11 31 69 62 42 64 54 47 39 67 12 11 46 19 38 57 8 6 25 61 5 44 45 56 15 17 22 30 15 22 18 40 7 12 4 47 18 37 30 70 51 51 19 23 40 24 69 62 60 18 5 23 20 38 27 61 53 5 7 30 28 53 34 50 30 21 55 56 64 43 44 69 15 22 62 47 30 28 49 24 55 65 9 13 20 24 46 27 54 4 7 60 41 49 26 34 16 51 36 10 7 5 39 34 69 65 51 7 46 52 55 10 3 52 40 35 58 21 58 5 33 43 12 29 20 33 29 56 23 38 19 37 43 9 29 59 12 53 5 32 56 56 64 68 9 20 63 14 44 12 57 15 3 5 46 34 8 20 45 52 42 65 51 12 57 63 55 22 49 63 19 40 27 68 21 23 56 20 14 70 51 26 16 28 7 53 31 67 69 54 60 24 11 13 54 55 29 62 42 22 21 10 49 38 40 58 8 70 3 25 29 30 26 65 14 49 40 49 45 5 33 4 8 35 68 58 21 23 45 32 23 41 13 12 37 12 65 41 16 25 40 9 24 45 66 4 20 45 40 38 27 38 24 50 60 57 31 48 44 41 62 40 14 32 38 22 48 30 66 68 19 36 9 64 18 41 45 61 31 33 58 27 37 35 55 31 15 41 11 53 19 31 53 64 35 47 62 56 66 58 61 33 34 57 21 45 34 27 38 29 15 59 25 50 44 15 33 31 61 52 47 25 64 27 22 24 48 67 60 28 43 36 17 49 56 42 11 65 14 17 15 35 40 36 16 5 40 6 47 6 59 28 27 9 23 50 67 20 15 43 40 70 17 61 55 48 54 69 3 5 39 13 8 40
0 : [] (0)
1 : [] (0)
2 : [] (0)
3 : [17, 138, 178, 234, 394] (52)
4 : [60, 115, 247, 271] (50)
5 : [46, 76, 83, 127, 145, 164, 179, 245, 371, 395] (54)
6 : [43, 373, 375] (54)
7 : [58, 84, 116, 126, 133, 210] (50)
8 : [42, 182, 232, 248, 398] (54)
9 : [1, 2, 4, 108, 159, 170, 267, 298, 379] (50)
10 : [3, 5, 125, 137, 227] (52)
11 : [26, 37, 218, 314, 362] (50)
12 : [36, 59, 148, 162, 175, 189, 259, 261] (50)
13 : [109, 219, 258, 397] (52)
14 : [173, 204, 240, 288, 364] (54)
15 : [9, 50, 54, 98, 177, 312, 336, 341, 366, 384] (53)
16 : [122, 208, 264, 370] (53)
17 : [51, 358, 365, 388] (53)
18 : [10, 56, 62, 75, 300] (54)
19 : [6, 39, 68, 156, 196, 296, 316] (52)
20 : [78, 110, 150, 171, 183, 203, 272, 383] (51)
21 : [91, 143, 200, 226, 252, 330] (53)
22 : [52, 55, 99, 193, 225, 291, 350] (53)
23 : [69, 77, 154, 201, 253, 256, 380] (52)
24 : [71, 105, 111, 217, 268, 278, 351] (58)
25 : [44, 235, 265, 338, 347] (61)
26 : [120, 207, 238] (60)
27 : [11, 80, 113, 198, 276, 307, 333, 349, 378] (59)
28 : [86, 103, 209, 355, 377] (59)
29 : [149, 152, 160, 222, 236, 335] (60)
30 : [53, 64, 85, 90, 102, 237, 293] (61)
31 : [27, 212, 282, 304, 311, 317, 343] (64)
32 : [25, 165, 255, 289] (66)
33 : [146, 151, 246, 305, 327, 342] (63)
34 : [15, 88, 121, 129, 181, 328, 332] (64)
35 : [141, 249, 309, 320, 367] (66)
36 : [124, 297, 357, 369] (65)
37 : [63, 157, 260, 308] (65)
38 : [40, 79, 155, 229, 275, 277, 290, 334] (64)
39 : [34, 128, 396] (63)
40 : [57, 70, 140, 197, 230, 242, 266, 274, 287, 368, 372, 386, 399] (61)
41 : [118, 257, 263, 285, 301, 313] (64)
42 : [30, 186, 224, 361] (63)
43 : [95, 147, 158, 356, 385] (67)
44 : [47, 96, 174, 284, 340] (66)
45 : [14, 48, 184, 244, 254, 269, 273, 302, 331] (67)
46 : [38, 112, 134, 180] (71)
47 : [33, 61, 101, 321, 346, 374] (72)
48 : [7, 20, 283, 292, 352, 391] (72)
49 : [104, 119, 194, 228, 241, 243, 359] (71)
50 : [12, 89, 279, 339, 381] (71)
51 : [18, 66, 67, 123, 132, 188, 206] (72)
52 : [135, 139, 185, 345] (74)
53 : [21, 82, 87, 163, 211, 315, 318] (74)
54 : [32, 114, 215, 220, 392] (71)
55 : [92, 106, 136, 192, 221, 310, 390] (70)
56 : [49, 93, 153, 166, 167, 202, 323, 360] (71)
57 : [41, 176, 190, 281, 329] (70)
58 : [142, 144, 231, 251, 306, 325] (71)
59 : [0, 161, 337, 376] (76)
60 : [74, 117, 216, 280, 354] (75)
61 : [16, 45, 81, 303, 326, 344, 389] (74)
62 : [23, 29, 73, 100, 223, 286, 322] (74)
63 : [8, 172, 191, 195] (76)
64 : [31, 94, 168, 299, 319, 348] (75)
65 : [19, 24, 107, 131, 187, 239, 262, 363] (70)
66 : [270, 294, 324] (76)
67 : [35, 213, 353, 382] (75)
68 : [169, 199, 250, 295] (67)
69 : [28, 72, 97, 130, 214, 393] (55)
70 : [13, 22, 65, 205, 233, 387] (52)
71 : [] (0)
