Name: 400-50-80
Time: 9.365840435028076 
Result: 74
Solution:  57 9 11 10 10 9 19 47 63 15 18 28 50 68 46 33 60 3 54 66 49 54 69 63 66 31 10 32 69 62 45 63 54 46 39 66 11 12 44 19 39 59 8 7 24 61 6 42 45 56 17 15 22 30 16 23 19 41 8 12 4 47 18 37 30 70 52 49 17 23 38 24 69 61 60 18 4 25 20 34 27 62 53 4 4 32 30 51 34 51 30 21 57 56 64 43 44 69 16 22 63 48 29 27 50 24 55 64 10 13 19 27 47 26 57 3 7 61 41 48 25 34 16 52 38 12 8 4 39 35 68 66 51 9 46 49 52 10 3 53 41 35 58 21 59 4 32 43 10 31 22 33 28 52 24 40 17 36 44 8 28 61 14 53 7 31 55 54 64 70 9 20 62 13 43 14 58 15 4 4 48 33 9 20 45 52 42 65 50 13 60 58 56 22 49 63 19 40 28 65 21 21 56 20 15 69 52 25 14 28 8 53 31 67 67 50 62 28 10 13 54 57 29 61 41 21 20 9 50 37 41 59 11 69 4 24 32 31 26 65 13 51 40 50 45 4 32 6 8 35 68 60 21 23 45 32 25 41 14 13 37 9 64 42 18 23 40 11 27 42 67 6 19 45 40 35 28 40 24 48 59 55 30 48 43 41 64 40 12 32 38 22 48 30 68 68 20 36 11 65 19 41 45 59 34 30 58 28 36 33 53 30 17 42 12 55 18 28 53 68 34 47 62 56 66 55 61 33 35 57 22 45 32 27 38 30 15 58 25 51 44 12 32 32 59 52 46 20 63 28 19 28 48 66 61 29 45 37 15 51 56 39 11 65 14 17 16 34 40 36 16 4 40 6 46 7 58 26 28 6 21 49 67 20 16 43 40 70 17 60 55 46 54 69 3 6 38 15 9 40
0 : [] (0)
1 : [] (0)
2 : [] (0)
3 : [17, 115, 138, 394] (57)
4 : [60, 76, 83, 84, 127, 145, 178, 179, 234, 245, 371] (52)
5 : [] (0)
6 : [46, 247, 271, 373, 379, 395] (64)
7 : [43, 116, 164, 375] (51)
8 : [42, 58, 126, 159, 210, 248] (56)
9 : [1, 5, 133, 170, 182, 227, 261, 398] (57)
10 : [3, 4, 26, 108, 137, 148, 218] (56)
11 : [2, 36, 232, 267, 298, 362] (61)
12 : [37, 59, 125, 288, 314, 341] (55)
13 : [109, 173, 189, 219, 240, 259] (55)
14 : [162, 175, 208, 258, 364] (57)
15 : [9, 51, 177, 204, 336, 358, 397] (55)
16 : [54, 98, 122, 366, 370, 384] (54)
17 : [50, 68, 156, 312, 365, 388] (58)
18 : [10, 62, 75, 264, 316] (53)
19 : [6, 39, 56, 110, 196, 272, 300, 350] (51)
20 : [78, 171, 183, 203, 226, 296, 347, 383] (50)
21 : [91, 143, 200, 201, 225, 252, 380] (53)
22 : [52, 99, 150, 193, 291, 330] (63)
23 : [55, 69, 253, 265] (56)
24 : [44, 71, 105, 154, 235, 278] (52)
25 : [77, 120, 207, 256, 338] (57)
26 : [113, 238, 377] (65)
27 : [80, 103, 111, 268, 333] (50)
28 : [11, 152, 160, 198, 209, 217, 276, 307, 317, 349, 351, 378] (62)
29 : [102, 222, 355] (60)
30 : [53, 64, 86, 90, 282, 293, 305, 311, 335] (59)
31 : [25, 149, 165, 212, 237] (60)
32 : [27, 85, 146, 236, 246, 255, 289, 332, 342, 343] (60)
33 : [15, 151, 181, 309, 327] (67)
34 : [79, 88, 121, 304, 320, 367] (67)
35 : [129, 141, 249, 275, 328] (69)
36 : [157, 297, 308, 369] (68)
37 : [63, 229, 260, 357] (67)
38 : [70, 124, 290, 334, 396] (71)
39 : [34, 40, 128, 361] (68)
40 : [155, 197, 242, 266, 274, 277, 287, 368, 372, 386, 399] (60)
41 : [57, 118, 140, 224, 230, 257, 285, 301] (60)
42 : [47, 186, 263, 269, 313] (60)
43 : [95, 147, 174, 284, 385] (62)
44 : [38, 96, 158, 340] (66)
45 : [30, 48, 184, 244, 254, 273, 302, 331, 356] (65)
46 : [14, 33, 134, 346, 374, 391] (70)
47 : [7, 61, 112, 321] (71)
48 : [101, 119, 180, 279, 283, 292, 352] (71)
49 : [20, 67, 135, 194, 381] (69)
50 : [12, 104, 188, 215, 228, 243] (70)
51 : [87, 89, 132, 241, 339, 359] (69)
52 : [66, 123, 136, 153, 185, 206, 345] (72)
53 : [82, 139, 163, 211, 310, 318] (72)
54 : [18, 21, 32, 167, 220, 392] (72)
55 : [106, 166, 281, 315, 325, 390] (74)
56 : [49, 93, 192, 202, 323, 360] (72)
57 : [0, 92, 114, 221, 329] (73)
58 : [142, 176, 191, 306, 337, 376] (73)
59 : [41, 144, 231, 280, 303, 344] (74)
60 : [16, 74, 190, 251, 389] (74)
61 : [45, 73, 117, 161, 223, 326, 354] (71)
62 : [29, 81, 172, 216, 322] (73)
63 : [8, 23, 31, 100, 195, 348] (70)
64 : [94, 107, 168, 262, 286] (74)
65 : [187, 199, 239, 299, 363] (74)
66 : [19, 24, 35, 131, 324, 353] (72)
67 : [213, 214, 270, 382] (74)
68 : [13, 130, 250, 294, 295, 319] (63)
69 : [22, 28, 72, 97, 205, 233, 393] (59)
70 : [65, 169, 387] (62)
71 : [] (0)
