Name: 400-30-45
Time: 9.311148643493652 
Result: 43
Solution:  36 52 63 18 42 37 39 48 60 31 33 57 50 30 50 3 20 52 20 47 59 44 58 44 52 21 52 51 39 28 3 22 55 59 24 48 12 48 36 13 19 28 45 10 52 33 6 37 9 48 61 60 57 53 14 22 20 32 57 23 39 6 45 58 64 62 34 36 18 33 41 35 12 3 5 14 19 51 58 15 60 20 35 25 35 47 19 19 39 25 60 48 46 24 5 7 38 13 64 9 42 62 42 27 15 47 21 12 36 20 48 48 63 31 56 31 18 16 11 14 24 57 63 24 17 8 20 38 65 30 34 30 60 61 59 63 47 56 52 16 38 40 29 18 34 11 25 31 28 26 25 44 9 33 60 20 26 31 58 3 24 40 25 49 4 17 59 44 45 13 45 41 4 22 56 54 41 35 14 38 61 32 55 57 55 12 35 27 24 50 29 40 13 12 12 11 65 32 45 14 23 54 46 45 21 6 24 17 40 39 44 40 55 8 18 35 37 11 6 29 9 63 39 65 23 45 24 50 3 28 34 50 7 16 27 45 55 59 51 6 6 54 34 26 29 25 5 28 28 55 34 16 37 25 14 3 33 12 22 63 22 47 35 10 47 44 59 31 43 41 29 65 31 60 54 9 37 54 46 26 3 42 15 56 22 54 59 39 24 46 15 61 4 3 48 37 51 56 13 41 20 49 43 24 10 43 16 41 50 46 56 49 65 36 7 47 53 26 50 49 42 10 35 41 50 25 6 29 34 61 40 27 43 43 32 46 30 54 39 34 55 17 6 61 36 26 31 9 10 52 52 25 13 31 50 53 54 36 49 28 47 45 50 61 46 62 62 14 6 46 21 36 8 44 5 8 14 13 9 34 22 26 51 29 61 47 12 38 10 17 38 49 19 57 4 28 5 20 12 3
0 : [] (0)
1 : [] (0)
2 : [] (0)
3 : [15, 30, 73, 159, 228, 255, 280, 293, 399] (30)
4 : [164, 172, 292, 394] (31)
5 : [74, 94, 246, 374, 396] (30)
6 : [46, 61, 205, 218, 239, 240, 326, 342, 368] (30)
7 : [95, 232, 314] (31)
8 : [125, 213, 372, 375] (30)
9 : [48, 99, 152, 220, 275, 347, 378] (31)
10 : [43, 263, 304, 321, 348, 388] (31)
11 : [118, 145, 195, 217] (32)
12 : [36, 72, 107, 185, 193, 194, 257, 386, 398] (31)
13 : [39, 97, 169, 192, 298, 352, 377] (31)
14 : [54, 75, 119, 178, 199, 254, 367, 376] (34)
15 : [79, 104, 282, 290] (35)
16 : [117, 139, 233, 251, 306] (35)
17 : [124, 165, 207, 341, 389] (34)
18 : [3, 68, 116, 143, 214] (41)
19 : [40, 76, 86, 87, 392] (36)
20 : [16, 18, 56, 81, 109, 126, 155, 300, 397] (36)
21 : [25, 106, 204, 370] (37)
22 : [31, 55, 173, 258, 260, 284, 380] (37)
23 : [59, 200, 224] (40)
24 : [34, 93, 120, 123, 160, 188, 206, 226, 288, 303] (36)
25 : [83, 89, 146, 150, 162, 245, 253, 325, 351] (36)
26 : [149, 156, 243, 279, 317, 345, 381] (37)
27 : [103, 187, 234, 331] (37)
28 : [29, 41, 148, 229, 247, 248, 359, 395] (37)
29 : [142, 190, 219, 244, 270, 327, 383] (39)
30 : [13, 129, 131, 336] (40)
31 : [9, 113, 115, 147, 157, 267, 272, 346, 353] (39)
32 : [57, 181, 197, 334] (43)
33 : [10, 45, 69, 153, 256] (41)
34 : [66, 130, 144, 230, 242, 250, 328, 339, 379] (41)
35 : [71, 82, 84, 177, 186, 215, 262, 322] (41)
36 : [0, 38, 67, 108, 313, 344, 357, 371] (42)
37 : [5, 47, 216, 252, 276, 295] (42)
38 : [96, 127, 140, 179, 387, 390] (41)
39 : [6, 28, 60, 88, 209, 222, 287, 338] (42)
40 : [141, 161, 191, 208, 211, 330] (42)
41 : [70, 171, 176, 269, 299, 307, 323] (41)
42 : [4, 100, 102, 281, 320] (41)
43 : [268, 302, 305, 332, 333] (40)
44 : [21, 23, 151, 167, 210, 265, 373] (41)
45 : [42, 62, 168, 170, 198, 203, 225, 235, 361] (40)
46 : [92, 202, 278, 289, 309, 335, 364, 369] (40)
47 : [19, 85, 105, 136, 261, 264, 315, 360, 385] (40)
48 : [7, 35, 37, 49, 91, 110, 111, 294] (40)
49 : [163, 301, 311, 319, 358, 391] (41)
50 : [12, 14, 189, 227, 231, 308, 318, 324, 354, 362] (39)
51 : [27, 77, 238, 296, 382] (40)
52 : [1, 17, 24, 26, 44, 138, 349, 350] (40)
53 : [53, 316, 355] (40)
54 : [175, 201, 241, 274, 277, 285, 337, 356] (40)
55 : [32, 182, 184, 212, 236, 249, 340] (41)
56 : [114, 137, 174, 283, 297, 310] (39)
57 : [11, 52, 58, 121, 183, 393] (40)
58 : [22, 63, 78, 158] (39)
59 : [20, 33, 134, 166, 237, 266, 286] (41)
60 : [8, 51, 80, 90, 132, 154, 273] (39)
61 : [50, 133, 180, 291, 329, 343, 363, 384] (38)
62 : [65, 101, 365, 366] (38)
63 : [2, 112, 122, 135, 221, 259] (32)
64 : [64, 98] (30)
65 : [128, 196, 223, 271, 312] (30)
