Name: 400-40-60
Time: 9.085906982421875 
Result: 60
Solution:  32 24 58 18 45 54 19 72 39 69 19 19 44 42 64 8 8 66 69 61 49 59 27 65 37 27 34 47 59 13 57 25 31 40 26 50 37 6 39 38 37 51 72 41 9 55 52 35 50 46 49 26 50 29 3 21 61 61 13 42 24 48 53 26 44 62 57 23 48 70 3 44 63 6 50 64 63 62 32 49 71 57 65 37 15 60 70 51 22 40 16 26 51 48 18 18 51 19 45 46 72 42 60 22 37 43 61 14 6 6 65 11 64 28 66 48 36 33 16 50 27 27 70 35 53 73 44 56 29 24 59 67 8 36 31 39 45 42 43 19 64 20 72 26 35 38 65 64 22 39 49 15 17 43 3 11 59 50 45 71 27 24 66 54 34 40 60 52 36 11 56 67 28 71 14 4 48 37 5 32 30 66 19 57 16 45 48 46 12 69 20 23 33 5 6 4 22 33 32 8 31 29 36 17 62 8 33 11 25 28 32 24 22 33 15 49 43 62 31 54 52 7 8 17 64 30 58 9 7 4 57 5 41 68 11 58 66 21 14 68 19 9 12 17 53 4 37 62 6 47 67 25 55 27 8 35 54 56 9 6 25 12 5 27 27 55 54 27 30 48 21 29 52 31 41 12 14 42 57 65 13 11 16 23 24 35 51 22 56 73 61 46 51 58 44 19 53 30 67 28 67 57 22 13 33 31 22 14 59 52 18 17 51 59 18 70 32 39 40 11 44 17 42 12 38 60 62 55 37 69 50 34 25 63 45 5 45 43 16 60 41 9 65 30 71 61 49 42 36 68 51 56 17 42 35 34 30 63 25 7 19 65 67 30 59 24 56 17 3 34 46 39 23 4 12 27 36 21 43 27 28 58 15 20 71 68 68 4 70 71 47 49 53 37 62 38 42 24 64 23
0 : [] (0)
1 : [] (0)
2 : [] (0)
3 : [54, 70, 154, 368] (43)
4 : [175, 195, 229, 245, 373, 387] (42)
5 : [178, 193, 231, 262, 335] (41)
6 : [37, 73, 108, 109, 194, 248, 259] (41)
7 : [221, 228, 359] (41)
8 : [15, 16, 132, 199, 205, 222, 254] (45)
9 : [44, 227, 241, 258, 341] (51)
10 : [] (0)
11 : [111, 155, 169, 207, 234, 281, 319] (47)
12 : [188, 242, 261, 275, 323, 374] (41)
13 : [29, 58, 280, 303] (44)
14 : [107, 174, 238, 276, 307] (47)
15 : [84, 151, 214, 382] (50)
16 : [90, 118, 184, 282, 338] (47)
17 : [152, 203, 223, 243, 311, 321, 352, 367] (46)
18 : [3, 94, 95, 310, 314] (46)
19 : [6, 10, 11, 97, 139, 182, 240, 295, 360] (48)
20 : [141, 190, 383] (48)
21 : [55, 237, 270, 377] (48)
22 : [88, 103, 148, 196, 212, 287, 302, 306] (45)
23 : [67, 191, 283, 372, 399] (45)
24 : [1, 60, 129, 161, 211, 284, 365, 397] (45)
25 : [31, 208, 251, 260, 332, 358] (44)
26 : [34, 51, 63, 91, 143] (47)
27 : [22, 25, 120, 121, 160, 253, 263, 264, 267, 375, 379] (44)
28 : [113, 172, 209, 299, 380] (46)
29 : [53, 128, 201, 271] (45)
30 : [180, 225, 268, 297, 343, 356, 363] (47)
31 : [32, 134, 200, 218, 273, 305] (50)
32 : [0, 78, 179, 198, 210, 316] (48)
33 : [117, 192, 197, 206, 213, 304] (50)
34 : [26, 164, 331, 355, 369] (50)
35 : [47, 123, 144, 255, 285, 354] (50)
36 : [116, 133, 168, 202, 348, 376] (53)
37 : [24, 36, 40, 83, 104, 177, 246, 328, 393] (50)
38 : [39, 145, 324, 395] (50)
39 : [8, 38, 135, 149, 317, 371] (50)
40 : [33, 89, 165, 318] (49)
41 : [43, 232, 274, 340] (48)
42 : [13, 59, 101, 137, 277, 322, 347, 353, 396] (48)
43 : [105, 138, 153, 216, 337, 378] (50)
44 : [12, 64, 71, 126, 294, 320] (47)
45 : [4, 98, 136, 158, 185, 334, 336] (48)
46 : [49, 99, 187, 291, 370] (51)
47 : [27, 249, 390] (50)
48 : [61, 68, 93, 115, 176, 186, 269] (50)
49 : [20, 50, 79, 150, 215, 346, 391] (48)
50 : [35, 48, 52, 74, 119, 157, 330] (49)
51 : [41, 87, 92, 96, 286, 292, 312, 350] (51)
52 : [46, 167, 220, 272, 309] (50)
53 : [62, 124, 244, 296, 392] (55)
54 : [5, 163, 219, 256, 266] (53)
55 : [45, 252, 265, 327] (56)
56 : [127, 170, 257, 288, 351, 366] (60)
57 : [30, 66, 81, 183, 230, 278, 301] (57)
58 : [2, 226, 235, 293, 381] (56)
59 : [21, 28, 130, 156, 308, 313, 364] (57)
60 : [85, 102, 166, 325, 339] (55)
61 : [19, 56, 57, 106, 290, 345] (51)
62 : [65, 77, 204, 217, 247, 326, 394] (53)
63 : [72, 76, 333, 357] (54)
64 : [14, 75, 112, 140, 147, 224, 398] (56)
65 : [23, 82, 110, 146, 279, 342, 361] (49)
66 : [17, 114, 162, 181, 236] (55)
67 : [131, 171, 250, 298, 300, 362] (52)
68 : [233, 239, 349, 385, 386] (51)
69 : [9, 18, 189, 329] (47)
70 : [69, 86, 122, 315, 388] (47)
71 : [80, 159, 173, 344, 384, 389] (40)
72 : [7, 42, 100, 142] (40)
73 : [125, 289] (43)
74 : [] (0)
