Name: 600-50-80
Time: 13.265641450881958 
Result: 1080
Solution:  41 100 87 43 113 119 45 15 105 35 61 8 88 48 103 25 64 102 112 77 121 53 41 96 38 23 121 79 105 92 17 68 14 33 81 14 18 80 48 116 18 14 75 11 42 71 40 94 93 110 76 90 15 82 83 27 57 53 114 21 29 73 71 48 36 76 96 72 107 17 87 123 73 40 113 67 7 97 40 83 111 101 31 73 125 12 85 19 24 5 46 58 50 72 107 19 61 105 91 37 20 24 8 31 17 42 8 9 44 101 120 122 56 12 78 67 52 29 100 46 44 3 6 26 118 31 64 5 99 13 55 37 30 22 75 72 53 122 105 109 16 111 96 63 43 18 88 97 98 23 56 124 37 11 91 107 63 125 21 115 112 97 50 107 53 6 72 6 68 97 60 122 114 93 79 118 108 47 106 3 34 98 86 119 44 20 13 10 57 105 106 104 91 41 125 38 103 74 101 108 35 71 41 115 76 100 47 67 11 72 108 15 111 111 76 59 3 119 74 106 99 39 91 12 50 85 59 62 20 57 20 6 66 81 80 87 96 57 82 46 116 43 37 14 77 49 9 95 58 54 29 72 38 41 114 51 120 79 54 108 82 87 35 82 80 93 78 75 18 37 96 113 76 59 38 89 83 105 22 49 30 3 86 79 33 65 25 9 61 70 20 117 86 80 112 23 121 51 69 113 123 122 74 12 54 64 32 79 85 29 87 110 117 69 29 82 89 6 26 33 25 101 18 52 66 120 22 91 93 19 84 89 25 65 122 49 56 124 55 59 117 71 38 86 68 45 63 16 34 90 117 55 28 67 119 70 95 111 69 30 80 66 109 62 43 95 92 33 25 103 63 45 101 110 85 8 38 35 44 24 31 124 23 89 112 28 21 26 60 34 52 106 70 50 42 98 75 21 60 57 95 92 13 30 49 74 108 57 55 122 104 46 47 54 93 55 118 7 27 27 19 120 27 91 55 20 51 124 102 58 15 75 64 45 105 10 9 39 109 115 49 99 63 125 33 97 42 78 87 96 7 106 71 39 92 22 114 40 42 51 47 47 116 99 85 119 25 36 112 17 103 68 27 111 51 95 111 91 31 115 81 65 69 51 30 73 73 100 10 32 100 83 14 16 32 62 54 88 109 22 79 90 92 17 3 71 82 43 22 114 56 94 21 117 88 110 113 6 5 36 109 122 69 39 50 38 91 84 6 58 35 59 63 32 44 16 13 87 67 104 114 93 59 109 16 5 90 118 28 10 94 66 16 46 30 46 39 34 78 59 56 84 70 48 104 84 51 35 48 81 101 14 102 62 77 70 29 72 89 96 11 120 31 80 44 66 61 116 9 28 56 24 64 11 75 124 100 58 30 78
0 : [] (0)
1 : [] (0)
2 : [] (0)
3 : [121, 179, 216, 281, 504] (59)
4 : [] (0)
5 : [89, 127, 518, 545] (58)
6 : [122, 165, 167, 231, 317, 517, 528] (54)
7 : [76, 417, 450] (61)
8 : [11, 102, 106, 375] (53)
9 : [107, 246, 287, 436, 588] (59)
10 : [187, 435, 488, 549] (59)
11 : [43, 153, 208, 580, 593] (59)
12 : [85, 113, 223, 303] (58)
13 : [129, 186, 402, 536] (60)
14 : [32, 35, 41, 243, 492, 571] (52)
15 : [7, 52, 211, 430] (52)
16 : [140, 347, 493, 535, 544, 552] (52)
17 : [30, 69, 104, 469, 503] (53)
18 : [36, 40, 145, 268, 322] (53)
19 : [87, 95, 329, 420] (57)
20 : [100, 185, 228, 230, 290, 425] (52)
21 : [59, 158, 386, 397, 512] (52)
22 : [133, 278, 326, 455, 499, 508] (53)
23 : [25, 149, 295, 382] (52)
24 : [88, 101, 379, 591] (52)
25 : [15, 286, 320, 332, 368, 466] (54)
26 : [123, 318, 387] (54)
27 : [55, 418, 419, 422, 472] (55)
28 : [352, 385, 548, 589] (54)
29 : [60, 117, 250, 309, 314, 576] (56)
30 : [132, 280, 359, 403, 484, 554, 598] (57)
31 : [82, 103, 125, 380, 478, 582] (59)
32 : [306, 489, 494, 533] (59)
33 : [33, 284, 319, 367, 444] (63)
34 : [180, 348, 389, 557] (58)
35 : [9, 200, 262, 377, 530, 567] (64)
36 : [64, 467, 519] (58)
37 : [99, 131, 152, 242, 269] (59)
38 : [24, 195, 252, 274, 342, 376, 525] (59)
39 : [221, 437, 453, 523, 556] (59)
40 : [46, 73, 78, 457] (67)
41 : [0, 22, 193, 202, 253] (66)
42 : [44, 105, 394, 446, 458] (70)
43 : [3, 144, 241, 364, 507] (69)
44 : [108, 120, 184, 378, 534, 584] (68)
45 : [6, 345, 371, 433] (68)
46 : [90, 119, 239, 411, 553, 555] (68)
47 : [177, 206, 412, 460, 461] (68)
48 : [13, 38, 63, 563, 568] (67)
49 : [245, 279, 335, 404, 440] (65)
50 : [92, 162, 224, 393, 524] (67)
51 : [255, 297, 426, 459, 474, 483, 566] (65)
52 : [116, 323, 390] (65)
53 : [21, 57, 136, 164] (62)
54 : [249, 258, 304, 413, 496] (72)
55 : [130, 338, 351, 408, 415, 424] (67)
56 : [112, 150, 336, 510, 560, 590] (68)
57 : [56, 188, 229, 237, 399, 407] (65)
58 : [91, 248, 429, 529, 597] (64)
59 : [215, 226, 273, 339, 531, 542, 559] (65)
60 : [170, 388, 398] (75)
61 : [10, 96, 288, 586] (74)
62 : [227, 363, 495, 573] (73)
63 : [143, 156, 346, 370, 442, 532] (68)
64 : [16, 126, 305, 432, 592] (69)
65 : [285, 333, 481] (69)
66 : [232, 324, 361, 551, 585] (66)
67 : [75, 115, 207, 353, 538] (68)
68 : [31, 168, 344, 471] (62)
69 : [298, 313, 358, 482, 522] (62)
70 : [289, 355, 392, 562, 575] (60)
71 : [45, 62, 201, 341, 452, 505] (59)
72 : [67, 93, 135, 166, 209, 251, 577] (59)
73 : [61, 72, 83, 485, 486] (61)
74 : [197, 218, 302, 405] (73)
75 : [42, 134, 267, 396, 431, 594] (72)
76 : [50, 65, 204, 214, 272] (78)
77 : [19, 244, 574] (74)
78 : [114, 266, 447, 558, 599] (80)
79 : [27, 174, 257, 283, 307, 500] (75)
80 : [37, 234, 264, 293, 360, 583] (74)
81 : [34, 233, 480, 569] (77)
82 : [53, 238, 260, 263, 315, 506] (77)
83 : [54, 79, 276, 491] (76)
84 : [330, 527, 561, 565] (77)
85 : [86, 225, 308, 374, 464] (75)
86 : [182, 282, 292, 343] (75)
87 : [2, 70, 235, 261, 310, 448, 537] (72)
88 : [12, 146, 497, 514] (74)
89 : [275, 316, 331, 383, 578] (70)
90 : [51, 349, 501, 546] (67)
91 : [98, 154, 192, 222, 327, 423, 477, 526] (71)
92 : [29, 366, 401, 454, 502] (71)
93 : [48, 173, 265, 328, 414, 541] (71)
94 : [47, 511, 550] (75)
95 : [247, 356, 365, 400, 475] (74)
96 : [23, 66, 142, 236, 270, 449, 579] (75)
97 : [77, 147, 161, 169, 445] (74)
98 : [148, 181, 395] (76)
99 : [128, 220, 441, 463] (73)
100 : [1, 118, 205, 487, 490, 596] (74)
101 : [81, 109, 198, 321, 372, 570] (73)
102 : [17, 428, 572] (77)
103 : [14, 196, 369, 470] (73)
104 : [191, 410, 539, 564] (79)
105 : [8, 28, 97, 138, 189, 277, 434] (74)
106 : [178, 190, 219, 391, 451] (79)
107 : [68, 94, 155, 163] (79)
108 : [176, 199, 210, 259, 406] (80)
109 : [139, 362, 438, 498, 520, 543] (76)
110 : [49, 311, 373, 515] (80)
111 : [80, 141, 212, 213, 357, 473, 476] (79)
112 : [18, 160, 294, 384, 468] (80)
113 : [4, 74, 271, 299, 516] (78)
114 : [58, 172, 254, 456, 509, 540] (79)
115 : [159, 203, 439, 479] (80)
116 : [39, 240, 462, 587] (73)
117 : [291, 312, 340, 350, 513] (75)
118 : [124, 175, 416, 547] (74)
119 : [5, 183, 217, 354, 465] (71)
120 : [110, 256, 325, 421, 581] (70)
121 : [20, 26, 296] (73)
122 : [111, 137, 171, 301, 334, 409, 521] (70)
123 : [71, 300] (68)
124 : [151, 337, 381, 427, 595] (72)
125 : [84, 157, 194, 443] (49)
126 : [] (0)
