Name: 600-40-60
Time: 14.09030270576477 
Result: 1060
Solution:  82 20 39 54 28 36 101 72 102 23 3 109 15 80 111 54 63 59 45 47 36 57 94 60 5 64 82 62 69 98 21 50 27 108 46 72 114 112 36 73 93 71 13 96 24 70 37 44 65 71 93 79 78 102 88 46 36 96 36 13 46 27 86 81 106 52 94 56 77 52 89 82 14 110 66 51 11 94 25 118 20 91 109 36 28 73 3 106 36 98 95 24 98 79 100 104 95 25 64 62 13 58 107 86 88 77 6 91 8 118 30 10 4 52 10 34 12 44 70 95 62 75 47 87 65 71 64 99 61 69 3 104 13 103 108 39 55 104 45 107 12 102 14 37 67 84 62 21 6 4 13 107 90 44 102 17 47 15 19 52 33 72 57 72 92 42 115 85 36 56 24 43 40 84 68 28 48 103 97 84 74 118 85 40 25 117 44 55 22 73 99 45 59 98 109 72 115 85 50 73 32 9 113 89 117 108 82 5 57 119 65 108 84 5 97 89 111 25 29 86 98 21 88 4 81 111 68 18 76 64 48 10 66 90 92 103 45 82 74 95 39 108 13 103 50 77 34 59 63 11 96 26 58 94 22 101 22 15 107 42 17 56 82 31 9 114 35 82 21 106 58 109 9 98 64 108 110 103 110 50 45 14 69 6 94 19 40 110 84 54 5 64 65 119 78 57 107 17 22 30 12 26 42 119 44 8 89 78 90 58 82 16 100 38 68 106 30 38 49 93 61 66 67 117 40 76 100 6 105 25 56 116 20 16 104 104 6 94 117 33 95 95 78 30 81 104 105 30 61 37 111 60 116 106 92 70 45 63 93 50 112 60 3 80 52 114 102 49 116 8 29 111 92 18 62 80 48 99 22 30 63 76 30 92 79 75 4 10 41 51 95 93 113 31 71 15 115 99 47 13 32 35 35 88 48 3 90 34 39 10 57 102 24 55 60 91 11 16 23 34 98 74 99 79 16 58 36 69 53 87 71 46 20 61 82 42 116 96 83 83 31 43 10 113 21 5 85 117 25 87 100 103 58 97 97 111 71 19 49 26 109 59 28 93 93 78 117 12 5 75 17 19 101 16 102 21 37 41 47 49 67 113 70 35 81 31 114 43 112 31 67 107 18 4 53 109 49 11 31 13 92 116 51 25 59 36 68 74 75 18 101 100 101 41 74 91 88 14 5 43 51 89 111 69 33 28 24 26 37 31 58 113 97 79 23 88 94 21 100 86 49 57 72 115 32 106 70 37 80 8 29 63 27 60 75 84 53 59 69 47 54 79 39 23 47 57 69 64 6 104 41 53 117 55 51 113 55 91 105 9 6 11 46 105 108 72 115 85 40 22 11 27 22 114 8 80 19 14 83 47
0 : [] (0)
1 : [] (0)
2 : [] (0)
3 : [10, 86, 130, 362, 405] (50)
4 : [112, 149, 223, 386, 493] (45)
5 : [24, 207, 213, 290, 445, 468, 518] (52)
6 : [106, 148, 283, 327, 336, 568, 580] (43)
7 : [] (0)
8 : [108, 305, 369, 549, 594] (45)
9 : [201, 264, 272, 579] (41)
10 : [111, 114, 231, 387, 409, 442] (46)
11 : [76, 249, 416, 497, 581, 590] (41)
12 : [116, 140, 300, 467] (42)
13 : [42, 59, 100, 132, 150, 242, 399, 499] (47)
14 : [72, 142, 281, 517, 597] (40)
15 : [12, 157, 257, 395] (43)
16 : [311, 333, 417, 424, 473] (43)
17 : [155, 260, 297, 470] (41)
18 : [227, 373, 492, 509] (44)
19 : [158, 285, 457, 471, 596] (42)
20 : [1, 80, 332, 432] (44)
21 : [30, 147, 221, 268, 444, 475, 537] (42)
22 : [188, 254, 256, 298, 378, 589, 592] (42)
23 : [9, 418, 534, 563] (41)
24 : [44, 91, 170, 412, 526] (44)
25 : [78, 97, 184, 217, 329, 448, 503] (42)
26 : [251, 301, 459, 527] (46)
27 : [32, 61, 552, 591] (45)
28 : [4, 84, 175, 462, 525] (40)
29 : [218, 370, 550] (43)
30 : [110, 299, 316, 343, 347, 379, 382] (40)
31 : [263, 393, 440, 485, 489, 498, 529] (40)
32 : [200, 400, 544] (41)
33 : [160, 339, 524] (41)
34 : [115, 246, 407, 419] (42)
35 : [266, 401, 402, 483] (40)
36 : [5, 20, 38, 56, 58, 83, 88, 168, 426, 505] (46)
37 : [46, 143, 349, 476, 528, 547] (50)
38 : [313, 317] (49)
39 : [2, 135, 240, 408, 562] (45)
40 : [172, 183, 286, 324, 588] (44)
41 : [388, 477, 513, 570] (47)
42 : [165, 259, 302, 435] (43)
43 : [171, 441, 487, 519] (51)
44 : [47, 117, 153, 186, 304] (45)
45 : [18, 138, 191, 236, 280, 356] (44)
46 : [34, 55, 60, 431, 582] (47)
47 : [19, 122, 156, 398, 478, 559, 564, 599] (45)
48 : [176, 230, 376, 404] (46)
49 : [318, 367, 458, 479, 496, 540] (49)
50 : [31, 198, 244, 279, 359] (52)
51 : [75, 389, 502, 520, 574] (54)
52 : [65, 69, 113, 159, 364] (54)
53 : [428, 494, 556, 571] (53)
54 : [3, 15, 289, 560] (55)
55 : [136, 187, 413, 573, 576] (50)
56 : [67, 169, 261, 330] (50)
57 : [21, 162, 208, 295, 410, 541, 565] (50)
58 : [101, 252, 270, 309, 425, 452, 530] (50)
59 : [17, 192, 247, 461, 504, 557] (51)
60 : [23, 351, 361, 414, 553] (51)
61 : [128, 320, 348, 433] (49)
62 : [27, 99, 120, 146, 374] (47)
63 : [16, 248, 357, 380, 551] (45)
64 : [25, 98, 126, 229, 274, 291, 567] (45)
65 : [48, 124, 210, 292] (53)
66 : [74, 232, 321] (48)
67 : [144, 322, 480, 490] (49)
68 : [174, 226, 314, 506] (47)
69 : [28, 129, 282, 427, 523, 558, 566] (46)
70 : [45, 118, 355, 482, 546] (51)
71 : [41, 49, 125, 394, 430, 456] (47)
72 : [7, 35, 161, 163, 195, 542, 585] (50)
73 : [39, 85, 189, 199] (47)
74 : [180, 238, 421, 507, 514] (55)
75 : [121, 385, 469, 508, 554] (58)
76 : [228, 325, 381] (56)
77 : [68, 105, 245] (52)
78 : [52, 294, 307, 342, 465] (45)
79 : [51, 93, 384, 423, 533, 561] (50)
80 : [13, 363, 375, 548, 595] (56)
81 : [63, 224, 344, 484] (50)
82 : [0, 26, 71, 206, 237, 262, 267, 310, 434] (47)
83 : [438, 439, 598] (49)
84 : [145, 173, 179, 212, 288, 555] (50)
85 : [167, 182, 197, 446, 587] (58)
86 : [62, 103, 219, 539] (60)
87 : [123, 429, 449] (59)
88 : [54, 104, 222, 403, 516, 535] (58)
89 : [70, 203, 215, 306, 521] (60)
90 : [152, 233, 308, 406] (58)
91 : [81, 107, 415, 515, 577] (59)
92 : [164, 234, 354, 372, 383, 500] (59)
93 : [40, 50, 319, 358, 391, 463, 464] (57)
94 : [22, 66, 77, 253, 284, 337, 536] (56)
95 : [90, 96, 119, 239, 340, 341, 390] (60)
96 : [43, 57, 250, 437] (58)
97 : [178, 214, 453, 454, 532] (52)
98 : [29, 89, 92, 193, 220, 273, 420] (56)
99 : [127, 190, 377, 397, 422] (58)
100 : [94, 312, 326, 450, 511, 538] (58)
101 : [6, 255, 472, 510, 512] (57)
102 : [8, 53, 141, 154, 366, 411, 474] (58)
103 : [133, 177, 235, 243, 277, 451] (53)
104 : [95, 131, 137, 334, 335, 345, 569] (54)
105 : [328, 346, 578, 583] (58)
106 : [64, 87, 269, 315, 353, 545] (55)
107 : [102, 139, 151, 258, 296, 491] (57)
108 : [33, 134, 205, 211, 241, 275, 584] (52)
109 : [11, 82, 194, 271, 460, 495] (54)
110 : [73, 276, 278, 287] (56)
111 : [14, 216, 225, 350, 371, 455, 522] (55)
112 : [37, 360, 488] (54)
113 : [202, 392, 443, 481, 531, 575] (47)
114 : [36, 265, 365, 486, 593] (53)
115 : [166, 196, 396, 543, 586] (51)
116 : [331, 352, 368, 436, 501] (45)
117 : [185, 204, 323, 338, 447, 466, 572] (40)
118 : [79, 109, 181] (43)
119 : [209, 293, 303] (39)
120 : [] (0)
