Name: 600-30-45
Time: 13.934763669967651 
Result: 5047
Solution:  69 81 53 73 72 57 50 25 55 142 20 139 84 6 130 13 129 51 12 69 140 110 29 46 112 45 102 135 138 38 82 138 37 64 117 25 88 119 135 43 54 31 104 143 61 51 109 144 65 116 74 112 24 90 140 133 115 113 4 135 62 67 21 136 30 85 121 138 68 103 109 76 145 92 13 92 23 30 70 21 52 82 58 29 107 85 15 40 139 53 98 33 10 138 63 9 50 129 71 49 24 138 24 22 92 9 40 98 134 19 132 111 45 108 67 142 88 112 78 33 109 124 82 143 65 13 93 81 75 123 108 102 132 68 99 129 76 9 96 10 122 57 101 21 78 41 16 117 135 124 72 8 77 59 44 120 112 57 56 97 47 5 23 98 69 17 60 99 43 8 26 111 112 44 57 63 51 60 49 123 116 9 102 129 78 37 115 69 83 55 48 28 6 93 50 79 18 129 91 103 133 72 121 8 129 130 13 106 134 123 93 33 74 127 18 123 47 96 120 102 106 145 20 141 101 44 119 70 22 29 78 82 22 127 143 4 97 121 12 41 34 145 88 5 85 87 86 75 61 122 65 25 125 35 92 96 46 67 90 128 134 136 113 79 26 91 37 105 125 90 37 105 80 137 132 133 38 70 36 100 137 54 27 10 145 4 120 127 102 24 63 3 93 130 128 122 108 104 64 123 82 131 105 117 34 144 9 67 42 72 122 62 74 133 62 93 106 131 61 42 141 117 116 26 101 7 58 13 143 141 45 5 117 37 85 23 74 4 55 144 66 36 66 125 84 82 114 103 113 61 66 128 16 127 115 54 116 7 27 73 129 143 62 28 27 111 36 89 114 131 35 71 36 51 96 107 141 15 106 111 73 10 136 36 84 31 79 18 126 28 13 23 142 55 47 52 49 57 142 42 117 48 116 104 140 33 58 69 64 142 48 118 124 137 124 21 115 21 14 89 101 119 87 100 50 15 69 15 60 7 90 52 43 80 73 72 91 14 92 107 23 136 104 127 17 91 18 118 54 66 139 18 82 108 35 116 145 84 64 117 140 9 84 80 141 19 120 69 106 128 110 56 119 40 78 29 120 34 100 14 39 121 126 103 26 83 64 111 6 94 20 136 79 31 3 81 31 36 119 75 29 137 24 30 95 80 22 116 19 90 20 94 99 134 39 39 20 39 44 6 132 97 120 27 89 53 125 5 45 64 110 126 66 48 100 118 71 101 91 120 114 59 112 52 77 99 96 71 123 136 107 96 8 8 129 47 122 52 124 47 54 86 4 133 56 19 87 82 12 59 46 45 107 12 40 3 41 38 85 95 79 39 29 132 134 79 37 35 87 35 130 62 17 113 48 130 139 4 131 18
0 : [] (0)
1 : [] (0)
2 : [] (0)
3 : [291, 494, 575] (33)
4 : [58, 235, 285, 337, 562, 597] (34)
5 : [161, 243, 331, 527] (35)
6 : [13, 192, 488, 519] (32)
7 : [325, 357, 429] (34)
8 : [151, 169, 203, 552, 553] (30)
9 : [95, 105, 137, 181, 306, 461] (29)
10 : [92, 139, 283, 381] (31)
11 : [] (0)
12 : [18, 238, 568, 573] (34)
13 : [15, 74, 125, 206, 327, 390] (34)
14 : [418, 437, 479] (31)
15 : [86, 377, 425, 427] (33)
16 : [146, 352] (33)
17 : [165, 444, 592] (36)
18 : [196, 214, 387, 446, 451, 599] (35)
19 : [109, 465, 508, 565] (30)
20 : [10, 222, 490, 510, 516] (31)
21 : [62, 79, 143, 415, 417] (30)
22 : [103, 228, 232, 506] (31)
23 : [76, 162, 335, 391, 440] (33)
24 : [52, 100, 102, 289, 502] (33)
25 : [7, 35, 251] (35)
26 : [170, 264, 323, 484] (34)
27 : [282, 358, 364, 523] (32)
28 : [191, 363, 389] (32)
29 : [22, 83, 229, 475, 500, 582] (34)
30 : [64, 77, 503] (41)
31 : [41, 385, 493, 496] (33)
32 : [] (0)
33 : [91, 119, 211, 405] (37)
34 : [240, 304, 477] (33)
35 : [253, 370, 454, 587, 589] (32)
36 : [278, 341, 366, 372, 383, 497] (33)
37 : [32, 185, 266, 270, 333, 586] (33)
38 : [29, 276, 577] (35)
39 : [480, 514, 515, 517, 581] (36)
40 : [87, 106, 473, 574] (35)
41 : [145, 239, 576] (36)
42 : [308, 319, 399] (33)
43 : [39, 168, 432] (36)
44 : [154, 173, 225, 518] (33)
45 : [25, 112, 330, 528, 571] (33)
46 : [23, 256, 570] (33)
47 : [160, 216, 394, 555, 559] (30)
48 : [190, 401, 410, 533, 594] (32)
49 : [99, 178, 396] (30)
50 : [6, 96, 194, 424] (33)
51 : [17, 45, 176, 373] (31)
52 : [80, 395, 431, 543, 557] (32)
53 : [2, 89, 525] (32)
54 : [40, 281, 355, 448, 560] (39)
55 : [8, 189, 338, 393] (37)
56 : [158, 471, 564] (37)
57 : [5, 141, 157, 174, 397] (31)
58 : [82, 326, 406] (42)
59 : [153, 541, 569] (35)
60 : [166, 177, 428] (35)
61 : [44, 248, 318, 349] (33)
62 : [60, 311, 314, 362, 591] (34)
63 : [94, 175, 290] (34)
64 : [33, 298, 408, 458, 486, 529] (34)
65 : [48, 124, 250] (35)
66 : [340, 342, 350, 449, 532] (34)
67 : [61, 114, 257, 307] (33)
68 : [68, 133] (36)
69 : [0, 19, 164, 187, 407, 426, 467] (35)
70 : [78, 227, 277] (33)
71 : [98, 371, 536, 547] (38)
72 : [4, 150, 201, 309, 435] (39)
73 : [3, 359, 380, 434] (39)
74 : [50, 212, 312, 336] (44)
75 : [128, 247, 499] (41)
76 : [71, 136] (43)
77 : [152, 544] (37)
78 : [118, 144, 184, 230, 474] (36)
79 : [195, 263, 386, 492, 580, 585] (34)
80 : [272, 433, 463, 505] (36)
81 : [1, 127, 495] (36)
82 : [30, 81, 122, 231, 300, 345, 452, 567] (33)
83 : [188, 485] (35)
84 : [12, 344, 384, 457, 462] (36)
85 : [65, 85, 244, 334, 578] (37)
86 : [246, 561] (37)
87 : [245, 422, 566, 588] (36)
88 : [36, 116, 242] (37)
89 : [367, 419, 524] (36)
90 : [53, 258, 269, 430, 509] (37)
91 : [198, 265, 436, 445, 538] (40)
92 : [73, 75, 104, 254, 438] (41)
93 : [126, 193, 210, 292, 315] (40)
94 : [489, 511] (41)
95 : [504, 579] (39)
96 : [138, 217, 255, 374, 546, 551] (40)
97 : [159, 236, 521] (41)
98 : [90, 107, 163] (43)
99 : [134, 167, 512, 545] (41)
100 : [279, 423, 478, 534] (44)
101 : [142, 224, 324, 420, 537] (42)
102 : [26, 131, 182, 219, 288] (45)
103 : [69, 199, 347, 483] (40)
104 : [42, 297, 403, 442] (43)
105 : [267, 271, 302] (44)
106 : [207, 220, 316, 378, 468] (44)
107 : [84, 375, 439, 550, 572] (45)
108 : [113, 130, 296, 453] (45)
109 : [46, 70, 120] (45)
110 : [21, 470, 530] (42)
111 : [111, 171, 365, 379, 487] (43)
112 : [24, 51, 117, 156, 172, 542] (41)
113 : [57, 262, 348, 593] (42)
114 : [346, 368, 540] (41)
115 : [56, 186, 354, 416] (40)
116 : [49, 180, 322, 356, 402, 455, 507] (40)
117 : [34, 147, 303, 321, 332, 400, 459] (45)
118 : [411, 447, 535] (42)
119 : [37, 226, 421, 472, 498] (43)
120 : [155, 218, 286, 466, 476, 522, 539] (40)
121 : [66, 202, 237, 481] (40)
122 : [140, 249, 295, 310, 556] (43)
123 : [129, 179, 209, 215, 299, 548] (43)
124 : [121, 149, 412, 414, 558] (44)
125 : [252, 268, 343, 526] (44)
126 : [388, 482, 531] (45)
127 : [213, 233, 287, 353, 443] (45)
128 : [259, 294, 351, 469] (45)
129 : [16, 97, 135, 183, 197, 204, 360, 554] (44)
130 : [14, 205, 293, 590, 595] (45)
131 : [301, 317, 369, 598] (47)
132 : [110, 132, 274, 520, 583] (45)
133 : [55, 200, 275, 313, 563] (47)
134 : [108, 208, 260, 513, 584] (44)
135 : [27, 38, 59, 148] (44)
136 : [63, 261, 382, 441, 491, 549] (44)
137 : [273, 280, 413, 501] (44)
138 : [28, 31, 67, 93, 101] (44)
139 : [11, 88, 450, 596] (44)
140 : [20, 54, 404, 460] (43)
141 : [223, 320, 329, 376, 464] (39)
142 : [9, 115, 392, 398, 409] (36)
143 : [43, 123, 234, 328, 361] (38)
144 : [47, 305, 339] (36)
145 : [72, 221, 241, 284, 456] (33)
146 : [] (0)
