Name: 600-50-80
Time: 13.377865314483643 
Result: 6082
Solution:  40 102 88 45 112 120 43 15 102 35 61 8 89 48 106 26 63 99 116 76 122 53 40 98 38 22 122 79 103 92 18 67 13 33 86 14 18 81 51 114 19 14 74 10 42 70 39 95 93 110 76 88 15 83 84 27 57 52 112 21 28 72 70 48 36 76 94 72 107 18 90 125 72 40 114 64 6 96 41 83 112 103 31 73 123 11 84 19 25 4 47 58 52 73 106 16 61 104 91 35 21 24 8 33 18 41 8 9 43 102 119 121 58 12 78 66 52 29 100 44 45 4 4 24 118 32 65 5 100 13 55 36 30 22 76 73 54 122 105 112 17 111 100 63 42 16 87 96 101 24 56 123 38 8 93 108 63 125 21 115 111 98 52 107 55 5 72 6 71 96 62 123 115 93 79 118 106 47 107 3 37 97 86 117 44 20 16 12 58 105 105 103 91 43 123 40 104 74 102 108 35 71 44 116 76 104 46 69 11 73 107 15 109 113 76 59 5 119 74 108 100 39 90 12 48 88 58 59 24 58 21 5 66 80 81 87 96 57 82 47 116 41 37 16 77 50 9 95 57 54 30 71 39 42 115 51 120 80 53 109 81 87 34 82 79 99 78 76 17 39 96 113 77 59 40 90 86 111 23 52 31 3 90 81 35 66 24 8 61 70 18 117 85 80 113 23 121 50 69 113 123 121 69 12 54 64 33 79 81 26 88 110 115 69 29 83 90 6 24 30 23 100 17 50 64 120 23 89 93 20 80 94 27 65 124 49 56 124 55 60 118 70 37 85 68 46 63 14 34 92 114 58 28 67 119 71 93 111 68 31 82 67 104 65 42 95 92 31 22 102 64 46 101 110 84 10 38 35 44 27 32 123 26 89 112 28 21 26 60 31 53 106 68 51 41 97 75 21 60 57 94 90 13 30 49 75 108 59 50 122 103 49 44 54 93 56 118 9 29 26 19 119 27 90 55 20 50 124 103 58 14 74 63 45 105 8 6 39 108 117 47 98 62 124 33 97 41 78 87 98 9 108 71 38 92 21 113 40 46 51 49 45 116 100 83 121 25 40 111 14 104 68 27 109 50 95 112 91 32 117 78 65 69 51 29 73 73 102 10 30 99 83 14 16 33 62 58 86 107 20 78 91 92 20 3 73 81 43 22 114 55 94 23 120 85 110 112 4 5 36 108 121 68 39 51 39 89 84 4 58 34 59 62 37 44 18 13 87 67 101 114 93 59 109 17 5 93 120 26 9 91 64 15 47 32 46 37 35 82 59 56 82 71 48 102 85 51 34 49 81 101 14 101 62 75 66 29 72 88 98 11 119 31 79 43 70 62 114 9 28 55 22 64 11 75 124 100 53 32 77
0 : [] (0)
1 : [] (0)
2 : [] (0)
3 : [179, 281, 504] (56)
4 : [89, 121, 122, 517, 528] (53)
5 : [127, 165, 216, 231, 518, 545] (55)
6 : [76, 167, 317, 436] (56)
7 : [] (0)
8 : [11, 102, 106, 153, 287, 435] (69)
9 : [107, 246, 417, 450, 549, 588] (58)
10 : [43, 375, 488] (57)
11 : [85, 208, 580, 593] (59)
12 : [113, 187, 223, 303] (57)
13 : [32, 129, 402, 536] (50)
14 : [35, 41, 347, 430, 469, 492, 571] (52)
15 : [7, 52, 211, 552] (49)
16 : [95, 145, 186, 243, 493] (52)
17 : [140, 268, 322, 544] (52)
18 : [30, 36, 69, 104, 290, 535] (53)
19 : [40, 87, 420] (58)
20 : [185, 329, 425, 499, 503] (52)
21 : [59, 100, 158, 230, 386, 397, 455] (52)
22 : [25, 133, 368, 508, 591] (52)
23 : [278, 295, 320, 326, 512] (58)
24 : [101, 123, 149, 228, 286, 318] (56)
25 : [88, 466] (61)
26 : [15, 309, 382, 387, 419, 548] (57)
27 : [55, 332, 379, 422, 472] (57)
28 : [60, 352, 385, 589] (62)
29 : [117, 314, 418, 484, 576] (58)
30 : [132, 250, 319, 403, 489] (55)
31 : [82, 280, 359, 367, 389, 582] (57)
32 : [125, 380, 478, 554, 598] (55)
33 : [33, 103, 306, 444, 494] (61)
34 : [262, 348, 530, 567] (60)
35 : [9, 99, 200, 284, 377, 557] (57)
36 : [64, 131, 519] (56)
37 : [180, 242, 342, 533, 556] (59)
38 : [24, 152, 376, 453] (58)
39 : [46, 221, 252, 269, 437, 523, 525] (58)
40 : [0, 22, 73, 195, 274, 457, 467] (58)
41 : [78, 105, 241, 394, 446] (62)
42 : [44, 144, 253, 364] (67)
43 : [6, 108, 193, 507, 584] (65)
44 : [119, 184, 202, 378, 412, 534] (68)
45 : [3, 120, 433, 461] (69)
46 : [206, 345, 371, 458, 555] (74)
47 : [90, 177, 239, 440, 553] (76)
48 : [13, 63, 224, 563] (66)
49 : [335, 404, 411, 460, 568] (68)
50 : [245, 297, 323, 408, 426, 474] (65)
51 : [38, 255, 393, 459, 483, 524, 566] (66)
52 : [57, 92, 116, 162, 279] (67)
53 : [21, 258, 390, 597] (66)
54 : [136, 249, 304, 413] (68)
55 : [130, 164, 338, 424, 510, 590] (69)
56 : [150, 336, 415, 560] (67)
57 : [56, 237, 248, 399] (66)
58 : [91, 112, 188, 226, 229, 351, 429, 496, 529] (63)
59 : [215, 227, 273, 407, 531, 542, 559] (64)
60 : [339, 388, 398] (70)
61 : [10, 96, 288] (71)
62 : [170, 442, 495, 532, 573, 586] (66)
63 : [16, 143, 156, 346, 432] (66)
64 : [75, 305, 324, 370, 551, 592] (73)
65 : [126, 333, 363, 481] (71)
66 : [115, 232, 285, 575] (69)
67 : [31, 353, 361, 538] (73)
68 : [344, 358, 392, 471, 522] (68)
69 : [207, 298, 302, 313, 482] (75)
70 : [45, 62, 289, 341, 585] (68)
71 : [168, 201, 251, 355, 452, 562] (64)
72 : [61, 67, 72, 166, 577] (66)
73 : [83, 93, 135, 209, 485, 486, 505] (64)
74 : [42, 197, 218, 431] (67)
75 : [396, 405, 574, 594] (67)
76 : [19, 50, 65, 134, 204, 214, 267] (68)
77 : [244, 272, 599] (70)
78 : [114, 266, 447, 480, 500] (68)
79 : [27, 174, 264, 307, 583] (75)
80 : [233, 257, 293, 330] (73)
81 : [37, 234, 260, 283, 308, 506, 569] (77)
82 : [238, 263, 360, 558, 561] (79)
83 : [53, 79, 315, 464, 491] (81)
84 : [54, 86, 374, 527] (76)
85 : [292, 343, 514, 565] (78)
86 : [34, 182, 276, 497] (78)
87 : [146, 235, 261, 448, 537] (75)
88 : [2, 51, 225, 310, 578] (72)
89 : [12, 327, 383, 526] (69)
90 : [70, 222, 275, 282, 316, 401, 423] (70)
91 : [98, 192, 477, 501, 550] (67)
92 : [29, 349, 366, 454, 502] (69)
93 : [48, 154, 173, 328, 356, 414, 541, 546] (67)
94 : [66, 331, 400, 511] (74)
95 : [47, 247, 365, 475] (68)
96 : [77, 147, 169, 236, 270] (76)
97 : [181, 395, 445] (79)
98 : [23, 161, 441, 449, 579] (72)
99 : [17, 265, 490] (72)
100 : [118, 128, 142, 220, 321, 463, 596] (72)
101 : [148, 372, 539, 570, 572] (78)
102 : [1, 8, 109, 198, 369, 487, 564] (72)
103 : [28, 81, 191, 410, 428] (74)
104 : [97, 196, 205, 362, 470] (73)
105 : [138, 189, 190, 434] (74)
106 : [14, 94, 176, 391] (81)
107 : [68, 163, 178, 210, 498] (79)
108 : [155, 199, 219, 406, 438, 451, 520] (80)
109 : [212, 259, 473, 543] (80)
110 : [49, 311, 373, 515] (80)
111 : [141, 160, 277, 357, 468] (82)
112 : [4, 58, 80, 139, 384, 476, 516] (76)
113 : [213, 271, 294, 299, 456] (80)
114 : [39, 74, 350, 509, 540, 587] (80)
115 : [159, 172, 254, 312] (76)
116 : [18, 203, 240, 462] (81)
117 : [183, 291, 439, 479] (75)
118 : [124, 175, 340, 416] (71)
119 : [110, 217, 354, 421, 581] (70)
120 : [5, 256, 325, 513, 547] (68)
121 : [111, 296, 301, 465, 521] (69)
122 : [20, 26, 137, 409] (66)
123 : [84, 151, 171, 194, 300, 381] (65)
124 : [334, 337, 427, 443, 595] (68)
125 : [71, 157] (68)
126 : [] (0)
