Name: 600-40-60
Time: 14.08071494102478 
Result: 2059
Solution:  82 19 39 55 28 36 103 73 100 23 3 112 15 79 111 57 61 58 45 43 37 58 94 64 5 67 83 62 69 99 21 49 28 108 46 73 114 110 37 73 90 72 14 97 24 70 36 42 65 71 93 79 78 102 88 44 39 96 36 11 46 29 85 83 106 52 94 53 76 53 89 83 14 108 65 51 9 94 27 119 19 91 106 31 25 72 5 105 38 99 94 21 98 79 102 103 94 23 63 61 15 57 107 84 87 77 6 91 9 118 29 12 4 55 10 33 12 42 68 96 61 75 47 88 66 70 67 99 62 72 4 106 13 104 109 39 53 104 45 107 13 102 14 38 67 86 62 23 6 4 12 107 92 48 102 16 44 16 19 50 33 73 58 73 90 42 115 83 37 56 23 43 40 82 66 30 47 102 95 87 73 118 85 41 24 117 42 54 23 73 99 44 60 102 111 73 114 87 48 73 32 10 113 88 117 108 86 6 57 119 66 108 85 8 96 86 113 25 31 86 98 22 88 5 81 111 69 18 76 64 47 9 66 90 93 103 46 79 77 95 39 107 13 105 51 77 33 59 63 10 96 25 58 96 24 100 20 15 107 43 13 55 78 27 11 113 34 82 23 106 57 114 6 98 64 109 110 104 109 50 44 15 69 4 94 19 39 110 84 54 9 65 64 119 78 58 105 17 21 28 11 26 44 117 43 7 89 78 89 57 82 14 98 38 67 106 28 35 50 93 60 71 67 117 40 74 99 8 105 27 52 116 19 18 103 103 7 93 118 34 97 93 75 33 81 104 104 31 61 38 112 58 116 107 92 70 43 65 95 49 111 63 4 80 53 115 100 49 116 7 29 109 91 18 62 79 48 101 22 26 64 76 30 88 78 78 5 10 40 51 94 98 113 28 72 16 116 99 43 11 32 35 36 86 50 4 90 32 40 10 53 103 24 53 59 90 9 17 22 34 96 74 97 75 16 59 36 70 53 88 69 46 21 61 82 42 116 95 81 80 36 43 12 111 22 5 84 118 23 87 102 107 60 97 97 110 71 20 52 26 109 61 28 91 93 76 118 12 7 76 20 20 102 17 100 21 37 41 50 48 68 112 70 37 81 32 114 45 111 32 67 109 17 6 53 108 50 9 30 13 92 116 51 26 60 39 68 75 76 19 98 99 101 40 75 91 89 14 5 43 47 89 112 68 31 28 24 26 35 32 59 115 96 80 26 90 94 17 100 86 49 58 71 115 30 106 71 37 82 8 29 64 25 61 74 85 52 59 67 47 54 80 39 24 49 56 71 63 6 104 41 54 117 55 51 110 56 92 105 8 6 9 46 105 108 69 114 83 37 23 10 27 22 113 9 79 18 16 82 50
0 : [] (0)
1 : [] (0)
2 : [] (0)
3 : [10] (2)
4 : [112, 130, 149, 283, 362, 405] (56)
5 : [24, 86, 223, 386, 445, 518] (51)
6 : [106, 148, 207, 272, 493, 568, 580] (41)
7 : [305, 336, 369, 468] (42)
8 : [213, 327, 549, 579] (42)
9 : [76, 108, 231, 290, 416, 497, 581, 594] (42)
10 : [114, 201, 249, 387, 409, 590] (47)
11 : [59, 264, 300, 399] (43)
12 : [111, 116, 150, 442, 467] (41)
13 : [132, 140, 242, 260, 499] (44)
14 : [42, 72, 142, 311, 517] (41)
15 : [12, 100, 257, 281] (44)
16 : [155, 157, 395, 424, 597] (41)
17 : [297, 417, 473, 492, 537] (41)
18 : [227, 333, 373, 596] (42)
19 : [1, 80, 158, 285, 332, 509] (44)
20 : [256, 457, 470, 471] (44)
21 : [30, 91, 298, 432, 475] (42)
22 : [221, 378, 418, 444, 592] (44)
23 : [9, 97, 147, 170, 188, 268, 448, 589] (43)
24 : [44, 184, 254, 412, 526, 563] (43)
25 : [84, 217, 251, 552] (43)
26 : [301, 379, 459, 503, 527, 534] (44)
27 : [78, 263, 329, 591] (42)
28 : [4, 32, 299, 316, 393, 462, 525] (44)
29 : [61, 110, 370, 550] (43)
30 : [175, 382, 498, 544] (44)
31 : [83, 218, 347, 524] (42)
32 : [200, 400, 407, 485, 489, 529] (44)
33 : [115, 160, 246, 343] (42)
34 : [266, 339, 419] (46)
35 : [317, 401, 528] (44)
36 : [5, 46, 58, 402, 426, 440] (43)
37 : [20, 38, 168, 476, 483, 547, 588] (44)
38 : [88, 143, 313, 349] (42)
39 : [2, 56, 135, 240, 286, 505, 562] (43)
40 : [172, 324, 388, 408, 513] (44)
41 : [183, 477, 570] (45)
42 : [47, 117, 165, 186, 435] (43)
43 : [19, 171, 259, 304, 356, 398, 441, 519] (44)
44 : [55, 156, 191, 280, 302] (46)
45 : [18, 138, 487] (47)
46 : [34, 60, 236, 431, 582] (49)
47 : [122, 176, 230, 520, 559] (47)
48 : [153, 198, 376, 479] (47)
49 : [31, 359, 367, 540, 564] (51)
50 : [159, 279, 318, 404, 478, 496, 599] (50)
51 : [75, 244, 389, 502, 574] (53)
52 : [65, 330, 458, 556] (49)
53 : [67, 69, 136, 364, 410, 413, 428, 494] (49)
54 : [187, 289, 560, 571] (53)
55 : [3, 113, 261, 573] (54)
56 : [169, 565, 576] (58)
57 : [15, 101, 208, 270, 309] (45)
58 : [17, 21, 162, 252, 295, 351, 541] (46)
59 : [247, 414, 425, 530, 557] (45)
60 : [192, 320, 452, 504] (46)
61 : [16, 99, 120, 348, 433, 461, 553] (44)
62 : [27, 128, 146, 374] (52)
63 : [98, 248, 361, 567] (47)
64 : [23, 229, 274, 292, 380, 551] (48)
65 : [48, 74, 291, 357] (54)
66 : [124, 174, 210, 232] (51)
67 : [25, 126, 144, 314, 322, 490, 558] (49)
68 : [118, 480, 506, 523] (50)
69 : [28, 226, 282, 430, 585] (49)
70 : [45, 125, 355, 427, 482] (51)
71 : [49, 321, 456, 542, 546, 566] (51)
72 : [41, 85, 129, 394] (52)
73 : [7, 35, 39, 161, 163, 180, 189, 195, 199] (52)
74 : [325, 421, 554] (52)
75 : [121, 342, 423, 507, 514] (54)
76 : [68, 228, 381, 465, 469, 508] (52)
77 : [105, 238, 245] (59)
78 : [52, 262, 294, 307, 384, 385] (55)
79 : [13, 51, 93, 237, 375, 595] (57)
80 : [363, 439, 533, 561] (56)
81 : [224, 344, 438, 484] (54)
82 : [0, 173, 267, 310, 434, 548, 598] (54)
83 : [26, 63, 71, 167, 587] (53)
84 : [103, 288, 446] (56)
85 : [62, 182, 212, 555] (55)
86 : [145, 206, 215, 219, 403, 539] (52)
87 : [104, 179, 197, 449] (51)
88 : [54, 123, 203, 222, 383, 429] (52)
89 : [70, 306, 308, 516, 521] (53)
90 : [40, 164, 233, 406, 415, 535] (52)
91 : [81, 107, 372, 463, 515] (54)
92 : [152, 354, 500, 577] (57)
93 : [50, 234, 319, 337, 341, 464] (59)
94 : [22, 66, 77, 90, 96, 284, 390, 536] (55)
95 : [178, 239, 358, 437] (57)
96 : [57, 119, 214, 250, 253, 420, 532] (57)
97 : [43, 340, 422, 453, 454] (56)
98 : [92, 220, 273, 312, 391, 510] (57)
99 : [29, 89, 127, 190, 326, 397, 511] (59)
100 : [8, 255, 366, 474, 538] (56)
101 : [377, 512] (58)
102 : [53, 94, 141, 154, 177, 193, 450, 472] (57)
103 : [6, 95, 235, 334, 335, 411] (57)
104 : [133, 137, 277, 345, 346, 569] (58)
105 : [87, 243, 296, 328, 578, 583] (56)
106 : [64, 82, 131, 269, 315, 545] (57)
107 : [102, 139, 151, 241, 258, 353, 451] (56)
108 : [33, 73, 205, 211, 495, 584] (54)
109 : [134, 275, 278, 371, 460, 491] (52)
110 : [37, 276, 287, 455, 575] (51)
111 : [14, 194, 225, 360, 443, 488] (54)
112 : [11, 350, 481, 522] (56)
113 : [202, 216, 265, 392, 593] (52)
114 : [36, 196, 271, 486, 586] (51)
115 : [166, 365, 531, 543] (43)
116 : [331, 352, 368, 396, 436, 501] (49)
117 : [185, 204, 303, 323, 572] (40)
118 : [109, 181, 338, 447, 466] (41)
119 : [79, 209, 293] (41)
120 : [] (0)
