Name: 600-40-60
Time: 13.819408178329468 
Result: 2060
Solution:  82 19 39 54 28 34 103 74 102 24 3 110 13 80 111 57 63 58 45 43 38 55 94 62 5 66 83 63 69 101 21 51 25 108 46 71 111 111 40 72 90 73 13 94 26 71 37 43 65 70 93 79 78 102 86 44 34 96 34 13 47 27 86 82 106 52 95 56 76 53 89 84 14 105 65 51 7 94 27 118 22 93 104 34 28 72 4 105 39 99 94 22 98 78 102 105 94 26 62 61 13 57 109 84 85 77 6 91 9 117 29 10 4 53 11 35 11 41 70 96 63 77 48 85 65 71 67 99 63 69 6 105 12 104 106 40 55 102 45 107 12 100 14 38 67 84 62 21 5 4 12 108 90 48 102 14 47 16 19 52 34 72 55 71 92 42 115 83 36 56 23 43 37 81 67 30 48 104 98 84 76 116 85 40 26 117 42 53 22 73 99 43 59 97 110 73 115 87 46 72 31 8 114 91 117 108 85 6 60 118 69 107 83 11 95 89 111 24 29 89 99 20 88 5 81 111 66 20 76 63 47 9 68 90 93 102 46 81 78 95 39 109 13 102 49 79 32 59 65 11 97 25 59 96 21 100 23 16 108 39 14 51 78 31 10 113 35 83 22 106 55 114 10 100 66 110 110 102 109 50 44 12 69 4 95 18 42 110 84 55 8 66 64 118 78 57 105 17 20 28 9 24 44 117 43 8 89 77 90 57 81 16 101 38 67 106 31 36 49 93 61 69 67 117 41 73 100 7 105 26 55 116 17 21 103 100 8 94 118 33 97 94 74 33 80 103 107 31 64 37 112 61 116 108 92 66 43 64 95 49 109 61 4 80 54 113 101 50 114 7 32 111 89 17 62 78 52 99 22 29 63 76 29 88 78 76 4 10 39 50 97 98 113 28 71 18 116 100 43 9 32 35 37 87 47 4 90 34 40 11 57 100 25 53 60 92 8 14 19 34 97 74 98 79 16 58 36 68 51 87 69 43 21 61 84 42 116 91 85 82 31 43 12 114 23 5 86 117 26 88 96 104 58 97 96 111 71 20 51 26 109 60 28 95 93 76 118 12 7 75 20 22 102 17 103 21 37 41 49 47 70 111 70 35 82 31 113 45 112 31 67 107 18 5 55 107 49 13 31 14 92 116 52 28 59 40 68 75 78 20 98 98 101 40 75 88 88 16 6 44 52 87 112 66 30 28 24 26 35 31 57 115 97 80 24 87 95 17 100 87 51 57 74 115 30 105 71 36 81 8 29 63 24 60 74 85 50 59 67 46 54 79 41 25 48 56 71 64 5 104 41 55 117 55 54 113 58 92 107 9 5 9 46 104 110 72 115 85 38 21 12 27 23 114 6 79 19 17 82 50
0 : [] (0)
1 : [] (0)
2 : [] (0)
3 : [10] (2)
4 : [86, 112, 149, 283, 362, 386, 405] (58)
5 : [24, 148, 223, 445, 493, 568, 580] (45)
6 : [106, 130, 207, 518, 594] (43)
7 : [76, 327, 369, 468] (45)
8 : [201, 290, 305, 336, 416, 549] (43)
9 : [108, 231, 300, 399, 579, 581] (44)
10 : [111, 264, 272, 387] (44)
11 : [114, 116, 213, 249, 409] (43)
12 : [132, 140, 150, 281, 442, 467, 590] (41)
13 : [12, 42, 59, 100, 242, 497] (55)
14 : [72, 142, 155, 260, 417, 499] (48)
15 : [] (0)
16 : [157, 257, 311, 424, 517] (47)
17 : [297, 332, 373, 473, 537, 597] (40)
18 : [285, 395, 492] (45)
19 : [1, 158, 418, 596] (47)
20 : [221, 227, 298, 457, 470, 509] (43)
21 : [30, 147, 254, 333, 432, 475, 589] (44)
22 : [80, 91, 188, 268, 378, 471] (45)
23 : [170, 256, 444, 592] (46)
24 : [9, 217, 301, 526, 534, 552] (43)
25 : [32, 251, 412, 563] (49)
26 : [44, 97, 184, 329, 448, 459, 527] (43)
27 : [61, 78, 591] (45)
28 : [4, 84, 299, 393, 462, 503, 525] (43)
29 : [110, 218, 379, 382, 550] (47)
30 : [175, 524, 544] (45)
31 : [200, 263, 316, 347, 440, 485, 489, 498, 529] (41)
32 : [246, 370, 400] (41)
33 : [339, 343] (41)
34 : [5, 56, 58, 83, 160, 407, 419] (40)
35 : [115, 266, 401, 483, 528] (46)
36 : [168, 317, 426, 547] (47)
37 : [46, 172, 349, 402, 476] (48)
38 : [20, 143, 313, 588] (46)
39 : [2, 88, 240, 259, 388] (45)
40 : [38, 135, 183, 408, 505, 513] (44)
41 : [117, 324, 477, 562, 570] (41)
42 : [165, 186, 286, 435] (44)
43 : [19, 47, 171, 191, 304, 356, 398, 431, 441] (43)
44 : [55, 280, 302, 519] (53)
45 : [18, 138, 487] (47)
46 : [34, 198, 236, 559, 582] (47)
47 : [60, 156, 230, 404, 479] (49)
48 : [122, 153, 176, 564] (47)
49 : [244, 318, 359, 478, 496] (50)
50 : [279, 367, 389, 556, 599] (48)
51 : [31, 75, 261, 428, 458, 540] (45)
52 : [65, 159, 376, 502, 520] (46)
53 : [69, 113, 187, 413] (45)
54 : [3, 364, 560, 574] (48)
55 : [21, 136, 162, 270, 289, 330, 494, 571, 573] (45)
56 : [67, 169, 565] (53)
57 : [15, 101, 295, 309, 410, 530, 541] (49)
58 : [17, 425, 452, 576] (47)
59 : [192, 247, 252, 504, 557] (55)
60 : [208, 414, 461, 553] (48)
61 : [99, 320, 351, 361, 433] (51)
62 : [23, 98, 146, 374] (50)
63 : [16, 27, 120, 128, 229, 380, 551] (46)
64 : [292, 348, 357, 567] (52)
65 : [48, 74, 124, 248] (57)
66 : [25, 226, 274, 291, 355, 523] (50)
67 : [126, 144, 174, 314, 322, 490, 558] (50)
68 : [232, 427, 506] (50)
69 : [28, 129, 210, 282, 321, 430] (50)
70 : [49, 118, 480, 482] (49)
71 : [35, 45, 125, 163, 394, 456, 546, 566] (50)
72 : [39, 85, 161, 199, 585] (51)
73 : [41, 189, 195, 325] (51)
74 : [7, 342, 421, 542, 554] (56)
75 : [469, 507, 514] (52)
76 : [68, 180, 228, 381, 385, 465] (51)
77 : [105, 121, 307] (55)
78 : [52, 93, 238, 262, 294, 375, 384, 508] (51)
79 : [51, 245, 423, 561, 595] (53)
80 : [13, 344, 363, 533] (60)
81 : [173, 224, 237, 310, 548] (53)
82 : [0, 63, 439, 484, 598] (54)
83 : [26, 167, 212, 267] (54)
84 : [71, 103, 145, 179, 288, 434] (54)
85 : [104, 123, 182, 206, 438, 555, 587] (55)
86 : [54, 62, 446] (54)
87 : [197, 403, 429, 521, 535, 539] (55)
88 : [222, 383, 449, 515, 516] (55)
89 : [70, 215, 219, 306, 372] (57)
90 : [40, 152, 233, 308, 406] (59)
91 : [107, 203, 437] (60)
92 : [164, 354, 415, 500, 577] (55)
93 : [50, 81, 234, 319, 464] (60)
94 : [22, 43, 77, 90, 96, 337, 341] (53)
95 : [66, 214, 239, 284, 358, 463, 536] (53)
96 : [57, 119, 253, 450, 454] (54)
97 : [193, 250, 340, 390, 420, 453, 532] (55)
98 : [92, 178, 391, 422, 510, 511] (57)
99 : [89, 127, 190, 220, 377] (54)
100 : [141, 255, 273, 326, 335, 397, 411, 538] (58)
101 : [29, 312, 366, 512] (57)
102 : [8, 53, 94, 137, 154, 235, 243, 277, 472] (58)
103 : [6, 334, 345, 474] (58)
104 : [82, 133, 177, 451, 569, 583] (57)
105 : [73, 87, 95, 131, 296, 328, 545] (56)
106 : [64, 134, 269, 315] (58)
107 : [139, 211, 346, 491, 495, 578] (60)
108 : [33, 151, 205, 258, 353] (57)
109 : [102, 241, 278, 360, 460] (59)
110 : [11, 194, 275, 276, 287, 584] (56)
111 : [14, 36, 37, 216, 225, 371, 455, 481] (51)
112 : [350, 488, 522] (47)
113 : [265, 365, 392, 486, 575] (49)
114 : [202, 271, 368, 443, 593] (50)
115 : [166, 196, 531, 543, 586] (49)
116 : [181, 331, 352, 396, 436, 501] (50)
117 : [109, 185, 204, 303, 323, 447, 572] (54)
118 : [79, 209, 293, 338, 466] (56)
119 : [] (0)
120 : [] (0)
