Name: 600-20-30
Time: 14.209672212600708 
Result: 3030
Solution:  109 23 10 98 33 68 63 79 81 24 54 58 64 76 83 95 42 58 56 66 73 23 87 110 86 65 102 4 72 11 35 68 44 86 50 108 17 39 16 43 21 26 108 48 101 68 9 100 43 104 27 13 30 66 61 67 22 14 78 23 93 61 108 78 112 91 103 61 38 110 3 84 62 85 110 55 89 29 9 31 6 36 45 95 62 71 111 18 7 91 103 36 34 41 18 110 50 96 61 74 20 74 41 93 94 52 29 13 67 113 19 87 69 33 83 87 96 78 79 85 80 53 48 5 27 105 108 83 95 53 31 102 105 4 75 28 94 39 49 75 4 76 66 76 69 57 8 20 103 113 55 104 102 59 90 101 59 47 85 99 17 107 11 27 82 26 46 13 82 31 15 18 77 38 66 4 63 47 70 59 24 42 113 17 52 44 46 19 56 27 5 63 103 41 86 20 91 21 74 97 53 20 36 22 39 61 101 108 84 112 13 102 33 84 50 86 90 12 90 10 66 9 89 54 100 69 108 23 60 5 68 94 107 43 15 69 69 101 85 106 27 87 69 39 3 19 25 16 19 17 14 45 11 65 94 19 86 32 91 72 95 5 64 113 71 51 44 9 34 106 83 30 6 54 99 71 32 104 67 112 72 107 62 98 51 109 106 93 64 102 99 8 85 96 99 44 30 68 85 42 104 61 81 48 89 96 101 31 71 85 92 70 23 13 37 74 77 11 32 67 35 84 58 28 74 63 49 36 102 26 4 46 44 110 69 68 6 70 76 5 34 59 78 98 67 95 94 3 78 23 70 37 107 33 93 82 10 28 63 22 81 35 97 70 78 60 10 32 99 13 16 42 107 76 91 40 100 105 75 106 27 76 68 30 89 74 11 103 53 14 73 46 77 72 58 27 54 71 51 100 7 10 77 113 55 24 43 43 83 97 96 78 88 105 83 99 48 51 26 100 42 109 107 113 6 91 95 41 65 88 35 51 10 73 60 100 53 14 64 78 17 7 84 111 93 9 30 109 54 89 40 48 47 16 65 111 65 57 19 45 83 31 103 82 88 107 50 61 47 46 55 41 106 33 8 94 92 14 73 87 75 44 82 80 21 59 66 29 12 40 37 52 86 77 25 42 101 74 29 80 95 109 56 93 51 79 92 85 39 83 24 35 62 55 109 36 11 22 20 81 110 21 73 7 94 91 6 71 12 8 90 8 38 75 52 15 108 103 49 85 92 71 28 34 57 90 23 14 61 96 24 44 60 73 83 29 72 67 100 49 48 77 72 57 92 4 44 87 32 41 56 87 23 112 62 52 21 22 32 15 60 78 34 6 88 23 68 52 6 37 84 43 22 96 56 94 109 94 112 79
0 : [] (0)
1 : [] (0)
2 : [] (0)
3 : [70, 244, 347] (19)
4 : [27, 133, 140, 175, 330, 565] (18)
5 : [123, 190, 229, 261, 339] (21)
6 : [80, 272, 336, 424, 526, 583, 588] (20)
7 : [88, 400, 441, 523] (21)
8 : [146, 291, 474, 529, 531] (23)
9 : [46, 78, 221, 267, 445] (21)
10 : [2, 219, 356, 366, 401, 432] (20)
11 : [29, 162, 252, 317, 386, 516] (20)
12 : [217, 488, 528] (20)
13 : [51, 107, 167, 210, 313, 369] (20)
14 : [57, 250, 389, 437, 477, 547] (20)
15 : [170, 234, 535, 579] (20)
16 : [38, 247, 370, 453] (22)
17 : [36, 160, 183, 249, 440] (24)
18 : [87, 94, 171] (22)
19 : [110, 187, 245, 248, 255, 458] (22)
20 : [100, 147, 195, 201, 518] (21)
21 : [40, 197, 484, 521, 576] (21)
22 : [56, 203, 359, 517, 577, 592] (21)
23 : [1, 21, 59, 227, 312, 349, 546, 572, 585] (21)
24 : [9, 180, 405, 510, 550] (20)
25 : [246, 494] (21)
26 : [41, 165, 329, 418] (22)
27 : [50, 124, 163, 189, 240, 380, 395] (26)
28 : [135, 323, 357, 542] (20)
29 : [77, 106, 487, 498, 555] (23)
30 : [52, 271, 296, 383, 446] (24)
31 : [79, 130, 169, 307, 461] (21)
32 : [257, 276, 318, 367, 568, 578] (27)
33 : [4, 113, 212, 353, 473] (23)
34 : [92, 268, 340, 543, 582] (23)
35 : [30, 320, 361, 430, 511] (23)
36 : [81, 91, 202, 327, 515] (27)
37 : [314, 351, 490, 589] (21)
38 : [68, 173, 532] (25)
39 : [37, 137, 204, 243, 508] (23)
40 : [375, 450, 489] (23)
41 : [93, 102, 193, 427, 471, 569] (23)
42 : [16, 181, 299, 371, 420, 495] (21)
43 : [39, 48, 233, 406, 407, 591] (21)
44 : [32, 185, 266, 295, 332, 481, 551, 566] (20)
45 : [82, 251, 459] (23)
46 : [166, 186, 331, 391, 469] (24)
47 : [157, 177, 452, 468] (24)
48 : [43, 122, 303, 416, 451, 560] (27)
49 : [138, 326, 538, 559] (24)
50 : [34, 96, 214, 466] (23)
51 : [265, 284, 398, 417, 431, 504] (28)
52 : [105, 184, 491, 534, 575, 587] (25)
53 : [121, 129, 200, 388, 436] (30)
54 : [10, 223, 273, 396, 448] (26)
55 : [75, 150, 404, 470, 513] (26)
56 : [18, 188, 502, 570, 594] (21)
57 : [145, 457, 544, 563] (26)
58 : [11, 17, 322, 394] (29)
59 : [153, 156, 179, 341, 485] (26)
60 : [228, 365, 434, 552, 580] (25)
61 : [54, 61, 67, 98, 205, 301, 467, 548] (26)
62 : [72, 84, 282, 512, 574] (26)
63 : [6, 176, 191, 325, 358] (25)
64 : [12, 262, 288, 438] (27)
65 : [25, 253, 428, 454, 456] (25)
66 : [19, 53, 142, 174, 220, 486] (25)
67 : [55, 108, 278, 319, 344, 557] (25)
68 : [5, 31, 45, 230, 297, 335, 382, 586] (25)
69 : [112, 144, 225, 235, 236, 242, 334] (25)
70 : [178, 311, 337, 350, 363] (28)
71 : [85, 264, 275, 308, 397, 527, 541] (28)
72 : [28, 259, 280, 393, 556, 562] (28)
73 : [20, 390, 433, 478, 522, 553] (27)
74 : [99, 101, 198, 315, 324, 385, 497] (29)
75 : [134, 139, 378, 480, 533] (27)
76 : [13, 141, 143, 338, 373, 381] (27)
77 : [172, 316, 392, 402, 493, 561] (28)
78 : [58, 63, 117, 342, 348, 364, 411, 439, 581] (28)
79 : [7, 118, 505, 599] (28)
80 : [120, 483, 499] (29)
81 : [8, 302, 360, 519] (28)
82 : [164, 168, 355, 463, 482] (30)
83 : [14, 114, 127, 270, 408, 414, 460, 509, 554] (28)
84 : [71, 208, 213, 321, 442, 590] (27)
85 : [73, 119, 158, 238, 292, 298, 309, 507, 539] (26)
86 : [24, 33, 194, 215, 256, 492] (26)
87 : [22, 111, 115, 241, 479, 567, 571] (25)
88 : [412, 429, 464, 584] (27)
89 : [76, 222, 304, 384, 449] (27)
90 : [154, 216, 218, 530, 545] (28)
91 : [65, 89, 196, 258, 374, 425, 525] (28)
92 : [310, 476, 506, 540, 564] (27)
93 : [60, 103, 287, 354, 444, 503] (28)
94 : [104, 136, 231, 254, 346, 475, 524, 595, 597] (29)
95 : [15, 83, 128, 260, 345, 426, 500] (29)
96 : [97, 116, 293, 305, 410, 549, 593] (29)
97 : [199, 362, 409] (29)
98 : [3, 283, 343] (29)
99 : [159, 274, 290, 294, 368, 415] (29)
100 : [47, 224, 376, 399, 419, 435, 558] (29)
101 : [44, 155, 206, 237, 306, 496] (29)
102 : [26, 131, 152, 211, 289, 328] (30)
103 : [66, 90, 148, 192, 387, 462, 537] (30)
104 : [49, 151, 277, 300] (29)
105 : [125, 132, 377, 413] (29)
106 : [239, 269, 286, 379, 472] (28)
107 : [161, 232, 281, 352, 372, 422, 465] (28)
108 : [35, 42, 62, 126, 207, 226, 536] (28)
109 : [0, 285, 421, 447, 501, 514, 596] (30)
110 : [23, 69, 74, 95, 333, 520] (27)
111 : [86, 443, 455] (29)
112 : [64, 209, 279, 573, 598] (28)
113 : [109, 149, 182, 263, 403, 423] (20)
114 : [] (0)
115 : [] (0)
