Name: 600-50-80
Time: 13.274247646331787 
Result: 4083
Solution:  40 100 86 43 112 115 48 15 103 36 61 9 88 48 103 26 65 102 111 77 120 51 41 98 38 21 122 81 104 92 17 68 16 34 87 12 19 78 48 115 19 12 77 11 42 70 39 94 94 110 76 87 15 80 83 27 57 52 111 21 29 72 74 47 36 78 95 73 105 18 88 121 73 40 113 64 7 96 40 82 113 102 31 73 125 10 84 22 25 5 44 58 49 73 106 17 63 104 89 35 18 28 8 32 19 42 9 12 44 98 119 122 58 11 78 64 52 29 102 45 46 4 4 26 114 33 64 6 99 13 55 34 30 22 76 72 54 124 106 109 17 111 100 63 44 16 91 92 99 22 56 124 38 8 93 108 63 125 23 116 115 96 52 107 53 8 72 7 72 95 61 122 115 93 78 116 108 47 107 3 37 99 87 118 43 21 16 11 57 104 105 100 88 41 125 39 101 74 99 107 35 70 41 114 76 101 46 68 13 71 108 15 112 110 77 60 4 117 74 106 101 38 90 12 51 85 59 59 20 57 19 5 69 81 81 86 96 57 83 45 116 44 39 16 77 47 9 95 59 54 30 70 38 41 115 51 120 80 51 109 81 86 35 82 83 93 77 75 18 37 96 113 76 62 39 89 83 111 23 52 29 4 89 81 34 65 24 6 61 70 20 117 86 79 112 28 123 53 69 111 124 123 71 12 55 64 32 79 83 26 88 110 119 69 29 82 88 4 24 30 23 97 17 50 64 119 20 90 94 20 84 94 28 66 123 48 56 124 54 58 118 71 37 86 68 43 60 15 35 91 114 57 28 67 119 70 95 111 69 29 82 66 106 64 42 94 92 32 20 102 62 43 104 110 87 8 38 35 44 26 32 124 26 89 113 31 23 24 60 31 53 105 70 50 40 97 76 22 60 58 95 90 13 30 48 78 108 59 55 122 104 49 44 56 91 55 119 7 28 26 19 120 27 93 55 17 50 123 106 58 13 75 67 46 105 10 5 37 110 117 47 98 63 125 34 97 40 80 88 99 8 107 70 39 92 20 112 42 45 50 49 45 121 100 84 121 25 37 114 15 103 66 26 108 49 97 111 94 32 117 79 66 69 51 27 72 73 102 9 30 98 83 13 15 33 62 56 85 108 17 79 90 92 18 3 73 81 43 22 117 56 94 24 117 85 112 114 5 5 37 109 123 66 37 49 40 93 84 4 58 32 62 63 33 42 19 13 86 67 101 113 91 59 109 18 3 88 120 28 10 96 64 16 47 31 47 36 34 81 59 56 85 70 48 101 90 49 34 49 80 100 13 103 62 75 66 29 71 89 96 8 118 28 80 45 68 61 117 8 28 52 24 65 10 74 124 97 54 30 79
0 : [] (0)
1 : [] (0)
2 : [] (0)
3 : [179, 504, 545] (56)
4 : [121, 122, 216, 281, 317, 528] (50)
5 : [89, 231, 436, 517, 518] (51)
6 : [127, 287] (54)
7 : [76, 167, 417] (52)
8 : [102, 153, 165, 375, 450, 580, 588] (54)
9 : [11, 106, 246, 488] (50)
10 : [85, 435, 549, 593] (56)
11 : [43, 113, 187] (56)
12 : [35, 41, 107, 223, 303] (55)
13 : [129, 208, 402, 430, 492, 536, 571] (66)
14 : [] (0)
15 : [7, 52, 211, 347, 469, 493] (63)
16 : [32, 145, 186, 243, 552] (55)
17 : [30, 95, 140, 322, 425, 499] (53)
18 : [69, 100, 268, 503, 544] (53)
19 : [36, 40, 104, 230, 420, 535] (52)
20 : [228, 290, 326, 329, 368, 455] (55)
21 : [25, 59, 185] (55)
22 : [87, 133, 149, 397, 508] (54)
23 : [158, 278, 320, 386] (55)
24 : [286, 318, 387, 512, 591] (61)
25 : [88, 466] (61)
26 : [15, 123, 309, 379, 382, 419, 472] (57)
27 : [55, 422, 484] (58)
28 : [101, 295, 332, 352, 418, 548, 582, 589] (56)
29 : [60, 117, 280, 314, 359, 576] (59)
30 : [132, 250, 319, 403, 489, 598] (58)
31 : [82, 385, 389, 554] (63)
32 : [103, 306, 367, 380, 478, 530] (58)
33 : [125, 494, 533] (57)
34 : [33, 131, 284, 444, 557, 567] (61)
35 : [99, 200, 262, 348, 377] (61)
36 : [9, 64, 556] (73)
37 : [180, 269, 342, 437, 467, 519, 523] (56)
38 : [24, 152, 221, 252, 376] (58)
39 : [46, 195, 242, 274, 453] (56)
40 : [0, 73, 78, 394, 446, 525] (62)
41 : [22, 193, 202, 253] (65)
42 : [44, 105, 364, 457, 534] (68)
43 : [3, 184, 345, 371, 507] (69)
44 : [90, 108, 144, 241, 378, 412] (66)
45 : [119, 239, 458, 461, 584] (66)
46 : [120, 206, 433] (65)
47 : [63, 177, 245, 440, 553, 555] (62)
48 : [6, 13, 38, 335, 404, 563] (65)
49 : [92, 411, 460, 474, 524, 566, 568] (66)
50 : [323, 393, 426, 459] (67)
51 : [21, 224, 255, 258, 483] (66)
52 : [57, 116, 162, 279, 590] (68)
53 : [164, 297, 390] (66)
54 : [136, 249, 338, 597] (70)
55 : [130, 304, 408, 415, 424] (68)
56 : [150, 336, 413, 496, 510, 560] (69)
57 : [56, 188, 229, 237, 351] (65)
58 : [91, 112, 339, 399, 429, 529] (66)
59 : [226, 227, 248, 407, 542, 559] (67)
60 : [215, 346, 388, 398] (65)
61 : [10, 170, 288, 586] (65)
62 : [273, 370, 495, 531, 573] (64)
63 : [96, 143, 156, 442, 532] (61)
64 : [75, 115, 126, 305, 324, 363, 551] (64)
65 : [16, 285, 592] (62)
66 : [333, 361, 471, 481, 522, 575] (61)
67 : [353, 432, 538] (67)
68 : [31, 207, 344, 585] (66)
69 : [232, 298, 313, 358, 482] (83)
70 : [45, 201, 251, 289, 355, 392, 452, 562] (62)
71 : [209, 302, 341, 577] (63)
72 : [61, 135, 166, 168, 485] (70)
73 : [67, 72, 83, 93, 486, 505] (69)
74 : [62, 197, 218, 594] (78)
75 : [267, 431, 574] (80)
76 : [50, 134, 204, 272, 396] (75)
77 : [19, 42, 214, 244, 266] (77)
78 : [37, 65, 114, 174, 405] (75)
79 : [293, 307, 480, 500, 599] (76)
80 : [53, 257, 447, 569, 583] (66)
81 : [27, 233, 234, 260, 283, 506, 558] (67)
82 : [79, 263, 315, 360] (70)
83 : [54, 238, 264, 276, 308, 491] (71)
84 : [86, 330, 464, 527] (77)
85 : [225, 497, 514, 561] (75)
86 : [2, 235, 261, 292, 343, 537] (68)
87 : [34, 51, 182, 374] (75)
88 : [12, 70, 192, 310, 316, 448, 546] (70)
89 : [98, 275, 282, 383, 578] (78)
90 : [222, 327, 401, 501, 565] (74)
91 : [146, 349, 414, 541] (73)
92 : [29, 147, 366, 454, 502] (76)
93 : [154, 173, 265, 423, 526] (74)
94 : [47, 48, 328, 331, 365, 477, 511] (68)
95 : [66, 169, 247, 356, 400] (70)
96 : [77, 161, 236, 270, 550, 579] (73)
97 : [321, 395, 445, 475, 596] (73)
98 : [23, 109, 441, 490] (75)
99 : [128, 148, 181, 198, 449] (76)
100 : [1, 142, 191, 463, 570] (80)
101 : [196, 205, 220, 539, 564] (75)
102 : [17, 81, 118, 369, 487] (75)
103 : [8, 14, 470, 572] (75)
104 : [28, 97, 189, 372, 410] (76)
105 : [68, 190, 391, 434] (77)
106 : [94, 138, 219, 362, 428] (79)
107 : [163, 178, 199, 451] (77)
108 : [155, 176, 210, 406, 473, 498] (79)
109 : [139, 259, 520, 543] (78)
110 : [49, 213, 311, 373, 438] (78)
111 : [18, 58, 141, 277, 299, 357, 476] (76)
112 : [4, 212, 294, 456, 515] (76)
113 : [74, 80, 271, 384, 540] (79)
114 : [124, 203, 350, 468, 516] (78)
115 : [5, 39, 160, 172, 254] (80)
116 : [159, 175, 240] (80)
117 : [217, 291, 439, 479, 509, 513, 587] (80)
118 : [183, 340, 581] (64)
119 : [110, 312, 325, 354, 416] (77)
120 : [20, 256, 421, 547] (80)
121 : [71, 462, 465] (72)
122 : [26, 111, 171, 409] (72)
123 : [296, 301, 334, 427, 521] (71)
124 : [137, 151, 300, 337, 381, 595] (61)
125 : [84, 157, 194, 443] (49)
126 : [] (0)
