Name: 600-20-30
Time: 13.974090099334717 
Result: 1030
Solution:  110 21 9 101 33 68 62 80 84 24 53 56 64 76 82 96 42 58 58 66 73 24 88 108 91 68 102 6 69 10 35 67 46 89 48 110 16 39 15 45 22 26 109 47 101 71 9 99 43 104 31 12 30 66 59 65 22 13 77 22 90 63 110 78 112 93 101 64 39 110 3 80 64 85 109 55 87 28 7 30 7 35 44 95 61 71 112 19 5 92 103 38 35 41 16 111 48 94 60 75 22 74 42 94 94 53 31 14 67 111 18 89 69 32 83 88 96 80 79 83 79 55 48 5 27 104 108 77 97 52 32 103 105 5 72 26 96 42 49 75 4 74 67 76 66 57 8 17 103 110 54 104 102 61 89 99 59 48 85 99 17 107 11 25 81 30 47 13 83 33 18 18 78 36 64 4 63 49 72 59 24 42 112 17 54 44 46 17 56 31 3 61 103 39 88 20 93 21 75 98 55 20 35 23 40 63 97 107 84 111 13 101 33 85 50 86 88 8 91 13 63 7 88 56 100 69 107 22 60 6 68 94 104 43 14 68 69 100 85 106 26 84 68 40 3 19 25 16 20 17 13 45 11 65 96 18 86 31 89 74 97 5 66 111 70 49 43 4 34 105 84 32 11 57 96 71 33 103 64 112 71 107 64 98 49 109 106 93 69 102 99 9 84 97 100 47 29 70 87 42 104 62 78 47 89 96 102 31 70 87 91 71 24 13 38 75 78 10 30 65 34 82 60 24 74 63 48 38 101 27 4 46 44 109 69 65 7 71 76 3 34 57 79 95 65 92 95 4 79 24 70 38 108 34 93 82 10 29 65 22 81 35 96 72 82 60 10 30 100 12 16 43 107 76 93 40 102 106 75 106 29 76 66 30 89 79 11 104 54 13 77 45 77 71 58 26 55 73 51 98 7 13 76 113 58 25 46 44 82 97 96 78 86 103 83 100 46 50 25 100 42 109 108 112 6 91 97 40 63 90 35 51 10 74 59 98 52 14 64 77 15 9 84 110 96 10 32 109 53 88 41 49 47 16 64 113 66 56 19 45 80 36 103 82 86 107 52 61 48 45 55 43 106 33 10 94 90 17 75 85 72 46 82 81 23 59 65 28 12 39 37 51 87 78 27 41 101 72 30 80 93 105 58 92 51 83 92 85 39 83 24 36 62 55 111 36 15 21 20 81 111 21 72 5 93 90 3 73 11 9 90 8 37 74 53 14 108 105 51 86 92 70 28 33 57 90 22 19 59 96 23 41 63 73 82 28 73 67 99 50 49 78 73 56 91 6 45 90 32 38 57 87 24 111 62 54 19 24 32 14 59 78 34 6 90 24 68 54 6 37 85 43 21 96 53 94 111 98 110 79
0 : [] (0)
1 : [] (0)
2 : [] (0)
3 : [70, 190, 244, 339, 526] (22)
4 : [140, 175, 267, 330, 347] (21)
5 : [88, 123, 133, 261, 523] (20)
6 : [27, 229, 424, 565, 583, 588] (21)
7 : [78, 80, 221, 336, 400] (20)
8 : [146, 217, 531] (20)
9 : [2, 46, 291, 441, 529] (21)
10 : [29, 317, 356, 366, 432, 445, 474] (20)
11 : [162, 252, 272, 386, 528] (20)
12 : [51, 369, 488] (21)
13 : [57, 167, 210, 219, 250, 313, 389, 401] (20)
14 : [107, 234, 437, 535, 579] (21)
15 : [38, 440, 516] (22)
16 : [36, 94, 247, 370, 453] (22)
17 : [147, 160, 183, 187, 249, 477] (22)
18 : [110, 170, 171, 255] (21)
19 : [87, 245, 458, 547, 576] (22)
20 : [195, 201, 248, 518] (22)
21 : [1, 197, 517, 521, 592] (22)
22 : [40, 56, 59, 100, 227, 359, 546] (20)
23 : [203, 484, 550] (20)
24 : [9, 21, 180, 312, 323, 349, 510, 572, 577, 585] (19)
25 : [163, 246, 405, 418] (20)
26 : [41, 135, 240, 395] (21)
27 : [124, 329, 494] (21)
28 : [77, 487, 542, 555] (21)
29 : [296, 357, 380] (22)
30 : [52, 79, 165, 318, 367, 383, 498] (21)
31 : [50, 106, 189, 257, 307] (22)
32 : [113, 130, 271, 446, 568, 578] (23)
33 : [4, 169, 212, 276, 473, 543] (23)
34 : [268, 320, 340, 353, 582] (24)
35 : [30, 81, 92, 202, 361, 430] (26)
36 : [173, 461, 511, 515] (25)
37 : [490, 532, 589] (25)
38 : [91, 314, 327, 351, 569] (26)
39 : [37, 68, 193, 489, 508] (24)
40 : [204, 243, 375, 427] (25)
41 : [93, 450, 495, 551] (24)
42 : [16, 102, 137, 181, 299, 420] (23)
43 : [48, 233, 266, 371, 471, 591] (23)
44 : [82, 185, 332, 407] (21)
45 : [39, 251, 391, 459, 469, 566] (22)
46 : [32, 186, 331, 406, 416, 481] (21)
47 : [43, 166, 295, 303, 452] (21)
48 : [34, 96, 122, 157, 326, 468] (24)
49 : [138, 177, 265, 284, 451, 560] (23)
50 : [214, 417, 559] (24)
51 : [398, 431, 491, 504, 538] (26)
52 : [129, 436, 466] (27)
53 : [10, 105, 448, 534, 594] (25)
54 : [150, 184, 388, 575, 587] (26)
55 : [75, 121, 200, 396, 470, 513] (25)
56 : [11, 188, 223, 457, 563] (26)
57 : [145, 273, 341, 544, 570] (27)
58 : [17, 18, 394, 404, 502] (25)
59 : [54, 156, 179, 434, 485, 548, 580] (27)
60 : [98, 228, 322, 365] (26)
61 : [84, 153, 191, 467] (27)
62 : [6, 301, 512, 574] (26)
63 : [61, 176, 205, 220, 325, 428, 552] (25)
64 : [12, 67, 72, 174, 278, 282, 438, 454] (25)
65 : [55, 253, 319, 335, 344, 358, 486] (25)
66 : [19, 53, 144, 262, 382, 456] (25)
67 : [31, 108, 142, 557] (28)
68 : [5, 25, 230, 235, 242, 586] (26)
69 : [28, 112, 225, 236, 288, 334] (27)
70 : [264, 297, 308, 350, 541] (26)
71 : [45, 85, 275, 280, 311, 337, 393] (29)
72 : [134, 178, 363, 480, 497, 522] (29)
73 : [20, 397, 527, 553, 556, 562] (28)
74 : [101, 141, 259, 324, 433, 533] (28)
75 : [99, 139, 198, 315, 378, 478] (27)
76 : [13, 143, 338, 373, 381, 402] (28)
77 : [58, 127, 390, 392, 439] (27)
78 : [63, 172, 302, 316, 411, 493, 561, 581] (27)
79 : [118, 120, 342, 348, 385, 599] (28)
80 : [7, 71, 117, 460, 499] (27)
81 : [164, 360, 483, 519] (27)
82 : [14, 321, 355, 364, 408, 463, 482, 554] (27)
83 : [114, 119, 168, 414, 505, 509] (27)
84 : [8, 208, 241, 270, 292, 442] (27)
85 : [73, 158, 213, 238, 479, 507, 590] (28)
86 : [215, 256, 412, 464, 539] (27)
87 : [76, 298, 309, 492, 571] (28)
88 : [22, 115, 194, 216, 222, 449] (28)
89 : [33, 111, 154, 258, 304, 384] (29)
90 : [60, 429, 476, 525, 530, 545, 567, 584] (29)
91 : [24, 218, 310, 425, 564] (28)
92 : [89, 345, 503, 506, 540] (30)
93 : [65, 196, 287, 354, 374, 500, 524] (28)
94 : [97, 103, 104, 231, 475, 595] (30)
95 : [83, 343, 346] (29)
96 : [15, 116, 136, 254, 274, 305, 362, 410, 444, 549, 593] (29)
97 : [128, 206, 260, 293, 409, 426] (28)
98 : [199, 283, 399, 435, 597] (29)
99 : [47, 155, 159, 290, 558] (29)
100 : [224, 237, 294, 368, 415, 419] (29)
101 : [3, 44, 66, 211, 328, 496] (30)
102 : [26, 152, 289, 306, 376] (30)
103 : [90, 131, 148, 192, 277, 413, 462] (30)
104 : [49, 125, 151, 232, 300, 387] (30)
105 : [132, 269, 501, 537] (30)
106 : [239, 286, 377, 379, 472] (28)
107 : [161, 207, 226, 281, 372, 465] (29)
108 : [23, 126, 352, 422, 536] (28)
109 : [42, 74, 285, 333, 421, 447] (28)
110 : [0, 35, 62, 69, 149, 443, 598] (27)
111 : [95, 109, 209, 263, 514, 520, 573, 596] (23)
112 : [64, 86, 182, 279, 423] (27)
113 : [403, 455] (22)
114 : [] (0)
115 : [] (0)
