Name: 600-40-60
Time: 14.145801782608032 
Result: 2062
Solution:  82 19 39 56 27 33 104 71 102 26 3 111 16 80 111 57 66 58 44 42 35 55 95 61 5 66 82 63 69 98 21 50 28 109 46 73 114 112 38 73 91 70 15 94 25 73 36 42 65 69 88 78 77 101 88 47 37 97 35 13 47 28 90 83 106 52 96 53 76 51 91 83 14 107 65 51 8 94 23 119 18 93 105 33 27 72 6 104 35 99 95 21 98 78 101 105 94 27 63 62 15 57 107 86 87 78 6 91 10 118 30 12 3 55 11 35 12 43 70 95 65 77 48 85 67 73 68 99 61 71 4 103 14 103 108 39 53 102 45 107 13 101 15 37 66 86 62 25 6 4 11 107 90 46 102 15 44 15 19 52 33 72 54 72 93 43 115 83 37 56 24 43 38 82 67 28 49 103 98 87 73 118 85 39 25 117 41 54 23 73 98 43 60 99 109 73 113 88 49 74 31 8 112 88 117 109 81 6 59 119 67 106 84 5 95 87 114 27 30 89 98 20 89 5 82 112 71 17 76 63 47 9 69 90 91 101 44 81 74 97 39 108 14 102 50 79 32 59 62 9 98 24 58 94 24 100 22 17 108 41 14 51 77 29 11 113 34 81 23 106 55 113 10 100 66 108 110 101 110 50 44 13 70 3 95 19 42 110 84 53 6 66 64 119 78 54 105 17 21 29 10 26 44 118 43 6 89 78 89 56 84 16 98 38 68 101 31 33 49 93 61 70 64 117 41 75 97 8 106 26 53 115 18 20 107 102 11 96 117 34 97 95 74 29 81 103 106 31 62 37 111 58 116 107 92 66 42 64 95 49 111 63 3 80 52 114 103 52 116 8 30 111 91 17 62 81 48 104 21 28 66 76 29 88 79 77 4 9 40 52 96 94 113 27 68 18 116 99 43 9 32 35 36 85 48 3 89 35 42 11 53 100 24 53 59 93 12 15 20 34 98 74 96 77 16 57 36 68 54 89 68 46 21 61 86 39 116 92 79 82 35 43 12 112 22 5 85 117 25 87 96 103 58 99 97 111 71 18 49 27 109 59 31 95 93 76 117 12 5 75 20 22 102 16 102 20 37 40 50 47 69 113 70 38 83 33 113 45 110 31 68 109 18 3 53 109 51 13 31 13 92 116 52 27 59 38 66 74 76 20 101 99 100 42 76 88 89 13 6 43 48 86 113 67 32 28 24 26 36 29 58 115 99 80 26 88 96 19 99 86 49 58 70 115 31 105 68 37 80 8 30 63 25 60 76 84 54 60 67 45 57 82 37 24 48 56 71 65 4 103 41 55 117 55 50 113 60 90 105 10 9 9 46 107 108 72 115 83 40 23 11 25 22 114 6 79 19 15 81 47
0 : [] (0)
1 : [] (0)
2 : [] (0)
3 : [10, 112, 283, 362, 405, 493] (40)
4 : [130, 149, 386, 568] (45)
5 : [24, 213, 223, 445, 468] (45)
6 : [86, 106, 148, 207, 290, 305, 518, 594] (41)
7 : [] (0)
8 : [76, 201, 327, 369, 549] (45)
9 : [231, 249, 387, 399, 580, 581] (43)
10 : [108, 272, 300, 579] (45)
11 : [114, 150, 264, 336, 409, 590] (44)
12 : [111, 116, 416, 442, 467] (45)
13 : [59, 140, 281, 497, 499, 517] (45)
14 : [72, 132, 242, 260] (44)
15 : [42, 100, 142, 155, 157, 417, 597] (43)
16 : [12, 311, 424, 473] (43)
17 : [227, 257, 297, 373] (43)
18 : [80, 332, 395, 457, 492] (44)
19 : [1, 158, 285, 537, 596] (43)
20 : [221, 333, 418, 470, 475, 509] (45)
21 : [30, 91, 298, 378, 432] (46)
22 : [256, 444, 471, 592] (45)
23 : [78, 188, 268, 589] (46)
24 : [170, 251, 254, 412, 526, 563] (44)
25 : [44, 147, 184, 448, 552, 591] (43)
26 : [9, 301, 329, 527, 534] (43)
27 : [4, 84, 97, 217, 393, 459, 503] (43)
28 : [32, 61, 175, 379, 525] (43)
29 : [263, 299, 343, 382, 529] (43)
30 : [110, 218, 370, 550] (46)
31 : [200, 316, 347, 462, 489, 498, 544] (43)
32 : [246, 400, 524] (43)
33 : [5, 83, 160, 317, 485] (46)
34 : [266, 339, 419] (46)
35 : [20, 58, 88, 115, 401, 407, 440] (45)
36 : [46, 402, 426, 528] (44)
37 : [56, 143, 168, 349, 476, 547, 562] (41)
38 : [38, 172, 313, 483, 505] (41)
39 : [2, 135, 183, 240, 435] (43)
40 : [388, 477, 588] (45)
41 : [186, 259, 324, 570] (43)
42 : [19, 47, 286, 356, 408, 513] (42)
43 : [117, 165, 171, 191, 304, 398, 441, 519] (42)
44 : [18, 156, 236, 280, 302] (47)
45 : [138, 487, 559] (47)
46 : [34, 153, 431, 582] (50)
47 : [55, 60, 230, 479, 599] (46)
48 : [122, 376, 404, 520, 564] (47)
49 : [176, 198, 318, 359, 458, 540] (49)
50 : [31, 244, 279, 478, 574] (48)
51 : [69, 75, 261, 496] (48)
52 : [65, 159, 364, 367, 389, 502] (49)
53 : [67, 136, 289, 330, 410, 413, 494] (48)
54 : [162, 187, 295, 428, 556] (48)
55 : [21, 113, 270, 571, 573] (49)
56 : [3, 169, 309, 565] (50)
57 : [15, 101, 425, 560] (49)
58 : [17, 252, 351, 452, 530, 541] (49)
59 : [208, 247, 414, 461, 504] (54)
60 : [192, 553, 557, 576] (53)
61 : [23, 128, 320, 433] (53)
62 : [99, 146, 248, 348, 374] (52)
63 : [27, 98, 229, 361, 551] (49)
64 : [292, 322, 357] (53)
65 : [48, 74, 120, 567] (48)
66 : [16, 25, 144, 274, 291, 355, 380, 506] (48)
67 : [124, 174, 210, 523, 558] (47)
68 : [126, 314, 394, 427, 430, 490, 546] (47)
69 : [28, 49, 232, 480] (50)
70 : [41, 118, 282, 321, 482, 542] (48)
71 : [7, 129, 226, 456, 566] (51)
72 : [85, 161, 163, 585] (51)
73 : [35, 39, 45, 125, 180, 189, 195] (52)
74 : [199, 238, 342, 421, 507] (52)
75 : [325, 469] (51)
76 : [68, 228, 381, 465, 508, 514, 554] (52)
77 : [52, 121, 262, 385, 423] (51)
78 : [51, 93, 105, 294, 307] (53)
79 : [245, 384, 438, 595] (53)
80 : [13, 363, 533, 548] (53)
81 : [206, 237, 267, 344, 375, 598] (53)
82 : [0, 26, 173, 224, 439, 561] (54)
83 : [63, 71, 167, 484, 587] (58)
84 : [212, 288, 310, 555] (59)
85 : [123, 182, 403, 446] (57)
86 : [103, 145, 434, 521, 539] (56)
87 : [104, 179, 215, 449] (56)
88 : [50, 54, 197, 203, 383, 515, 535] (57)
89 : [219, 222, 306, 308, 406, 429, 516] (56)
90 : [62, 152, 233, 577] (60)
91 : [40, 70, 107, 234, 372] (55)
92 : [354, 437, 500] (60)
93 : [81, 164, 319, 415, 464] (57)
94 : [43, 77, 96, 253, 391] (53)
95 : [22, 90, 119, 214, 284, 341, 358, 463] (51)
96 : [66, 337, 390, 422, 450, 536] (53)
97 : [57, 239, 326, 340, 454] (52)
98 : [29, 92, 178, 190, 220, 250, 312, 420] (52)
99 : [89, 127, 193, 397, 453, 511, 532, 538] (51)
100 : [255, 273, 411, 512] (56)
101 : [53, 94, 141, 235, 277, 315, 510] (57)
102 : [8, 137, 154, 243, 335, 472, 474] (56)
103 : [131, 133, 177, 345, 366, 451, 569] (54)
104 : [6, 87, 377] (56)
105 : [82, 95, 296, 545, 578] (55)
106 : [64, 211, 269, 328, 346] (57)
107 : [73, 102, 139, 151, 334, 353, 583] (56)
108 : [134, 241, 258, 275, 584] (59)
109 : [33, 194, 205, 460, 491, 495] (58)
110 : [276, 278, 287, 488] (62)
111 : [11, 14, 350, 360, 371, 455] (59)
112 : [37, 202, 225, 443] (53)
113 : [196, 265, 271, 392, 481, 486, 522, 575] (55)
114 : [36, 216, 365, 593] (51)
115 : [166, 331, 531, 543, 586] (43)
116 : [352, 368, 396, 436, 501] (45)
117 : [185, 204, 323, 338, 447, 466, 572] (40)
118 : [109, 181, 303] (41)
119 : [79, 209, 293] (41)
120 : [] (0)
