Name: 600-30-45
Time: 13.73974061012268 
Result: 6048
Solution:  72 79 54 73 72 57 50 26 56 142 19 140 86 8 130 14 127 50 7 72 139 110 29 46 112 45 102 135 135 37 81 139 39 64 117 25 89 118 136 44 54 31 105 143 61 51 109 144 66 113 74 112 29 95 142 135 118 113 3 132 61 67 22 136 35 85 118 137 68 99 110 75 145 90 12 95 21 31 69 21 52 79 58 29 108 86 15 39 139 56 98 33 10 138 65 11 50 129 71 48 25 137 24 22 92 8 38 97 133 21 129 112 47 111 66 141 89 111 77 32 107 124 81 143 65 11 92 80 77 123 108 102 128 67 99 129 79 12 95 11 121 56 101 23 78 42 16 116 137 125 72 7 80 60 47 120 112 53 59 95 43 6 22 97 67 15 62 101 43 14 27 110 114 43 57 60 52 65 50 124 115 6 103 129 74 37 117 69 82 54 48 33 5 91 50 81 19 129 91 104 134 71 120 8 130 130 12 106 134 125 96 31 74 127 13 122 46 95 122 103 108 145 20 141 101 44 120 70 19 29 78 79 23 128 143 4 97 120 12 45 34 145 87 4 86 85 87 76 60 122 63 25 123 34 94 93 46 66 87 128 133 135 113 79 26 88 38 104 125 89 36 105 78 138 132 131 38 70 39 98 141 56 29 10 145 4 121 123 102 24 63 3 94 132 123 119 107 105 64 125 82 132 105 121 32 144 8 68 42 72 123 66 73 136 60 95 107 131 61 43 141 113 118 24 99 7 55 14 143 140 45 5 122 39 85 24 75 3 55 144 69 36 67 121 84 82 118 103 111 62 66 127 17 127 113 52 116 6 30 73 130 143 60 29 27 111 36 89 114 128 35 69 36 52 97 105 139 15 108 110 74 10 138 34 84 30 77 17 126 31 13 24 142 56 48 51 49 58 142 37 117 51 117 104 140 35 58 72 64 144 49 116 124 138 124 21 114 24 17 88 100 119 90 100 49 16 71 13 57 8 89 53 43 80 74 70 91 11 91 106 20 137 101 127 17 91 19 115 53 66 135 22 84 108 32 115 145 86 61 117 139 7 84 75 139 19 119 72 104 129 107 57 122 39 76 30 120 34 100 13 40 120 126 103 26 83 64 112 4 93 21 130 77 29 4 81 32 40 119 75 31 136 23 30 95 82 23 115 19 90 20 96 99 133 41 40 19 39 40 7 134 98 121 27 93 53 124 6 45 64 109 126 66 48 102 116 71 102 91 122 117 59 114 51 76 98 94 73 124 136 107 96 7 10 130 47 125 52 124 47 55 83 4 133 55 19 85 81 12 59 45 41 108 12 41 4 42 36 85 92 81 41 27 132 133 81 37 32 87 38 129 62 15 113 48 131 140 5 131 16
0 : [] (0)
1 : [] (0)
2 : [] (0)
3 : [58, 291, 337] (34)
4 : [235, 243, 285, 488, 494, 562, 575] (33)
5 : [192, 331, 597] (32)
6 : [161, 181, 357, 527] (39)
7 : [18, 151, 325, 461, 519, 552] (35)
8 : [13, 105, 203, 306, 429] (36)
9 : [] (0)
10 : [92, 283, 381, 553] (31)
11 : [95, 125, 139, 437] (30)
12 : [74, 137, 206, 238, 568, 573] (32)
13 : [214, 390, 427, 479] (32)
14 : [15, 169, 327] (33)
15 : [86, 165, 377, 592] (37)
16 : [146, 425, 599] (31)
17 : [352, 387, 418, 444] (34)
18 : [] (0)
19 : [10, 196, 228, 446, 465, 508, 516, 565] (31)
20 : [222, 440, 510] (40)
21 : [76, 79, 109, 415, 490] (33)
22 : [62, 103, 162, 451] (32)
23 : [143, 232, 502, 506] (34)
24 : [102, 289, 323, 335, 391, 417] (32)
25 : [35, 100, 251] (34)
26 : [7, 264, 484] (38)
27 : [170, 364, 523, 582] (34)
28 : [] (0)
29 : [22, 52, 83, 229, 282, 363, 493] (31)
30 : [358, 385, 475, 503] (30)
31 : [41, 77, 211, 389, 500] (30)
32 : [119, 304, 454, 496, 587] (42)
33 : [91, 191] (33)
34 : [240, 253, 383, 477] (33)
35 : [64, 370, 405] (40)
36 : [270, 341, 366, 372, 577] (41)
37 : [29, 185, 399, 586] (43)
38 : [106, 266, 276, 589] (39)
39 : [32, 87, 278, 333, 473, 517] (31)
40 : [480, 497, 515, 518] (32)
41 : [514, 571, 574, 581] (32)
42 : [145, 308, 576] (28)
43 : [160, 168, 173, 319, 432] (30)
44 : [39, 225] (35)
45 : [25, 239, 330, 528, 570] (31)
46 : [23, 216, 256] (32)
47 : [112, 154, 555, 559] (30)
48 : [99, 190, 394, 533, 594] (30)
49 : [396, 410, 424] (32)
50 : [6, 17, 96, 178, 194] (36)
51 : [45, 395, 401, 543] (38)
52 : [80, 176, 355, 373, 557] (35)
53 : [157, 431, 448, 525] (38)
54 : [2, 40, 189] (38)
55 : [326, 338, 560, 564] (41)
56 : [8, 89, 141, 281, 393] (34)
57 : [5, 174, 428, 471] (34)
58 : [82, 397, 406] (30)
59 : [158, 541, 569] (38)
60 : [153, 175, 248, 314, 362] (30)
61 : [44, 60, 318, 458] (32)
62 : [166, 349, 591] (32)
63 : [250, 290] (33)
64 : [33, 298, 408, 486, 529] (32)
65 : [94, 124, 177] (33)
66 : [48, 114, 257, 311, 350, 449, 532] (34)
67 : [61, 133, 164, 342] (38)
68 : [68, 307] (37)
69 : [78, 187, 340, 371] (36)
70 : [227, 277, 435] (32)
71 : [98, 201, 426, 536] (33)
72 : [0, 4, 19, 150, 309, 407, 467] (32)
73 : [3, 312, 359, 547] (38)
74 : [50, 184, 212, 380, 434] (41)
75 : [71, 336, 463, 499] (41)
76 : [247, 474, 544] (42)
77 : [118, 128, 386, 492] (39)
78 : [144, 230, 272] (42)
79 : [1, 81, 136, 231, 263] (43)
80 : [127, 152, 433] (40)
81 : [30, 122, 195, 495, 567, 580, 585] (44)
82 : [188, 300, 345, 505] (38)
83 : [485, 561] (38)
84 : [344, 384, 452, 462] (37)
85 : [65, 245, 334, 566, 578] (35)
86 : [12, 85, 244, 457] (33)
87 : [242, 246, 258, 588] (41)
88 : [265, 419] (40)
89 : [36, 116, 269, 367, 430] (42)
90 : [73, 422, 509] (40)
91 : [193, 198, 436, 438, 445, 538] (43)
92 : [104, 126, 579] (39)
93 : [255, 489, 524] (38)
94 : [254, 292, 546] (33)
95 : [53, 75, 138, 159, 217, 315, 504] (37)
96 : [210, 511, 551] (42)
97 : [107, 163, 236, 374] (41)
98 : [90, 279, 521, 545] (48)
99 : [69, 134, 324, 512] (41)
100 : [420, 423, 478] (42)
101 : [142, 167, 224, 442] (42)
102 : [26, 131, 288, 534, 537] (40)
103 : [182, 219, 347, 483] (45)
104 : [199, 267, 403, 468] (41)
105 : [42, 271, 297, 302, 375] (44)
106 : [207, 439] (42)
107 : [120, 296, 316, 470, 550] (39)
108 : [84, 130, 220, 378, 453, 572] (39)
109 : [46, 530] (39)
110 : [21, 70, 171, 379] (40)
111 : [113, 117, 348, 365] (41)
112 : [24, 51, 111, 156, 487] (43)
113 : [49, 57, 262, 321, 354, 593] (43)
114 : [172, 368, 416, 542] (44)
115 : [180, 447, 455, 507] (45)
116 : [147, 356, 411, 535] (45)
117 : [34, 186, 400, 402, 459, 540] (41)
118 : [37, 56, 66, 322, 346] (42)
119 : [295, 421, 466, 498] (42)
120 : [155, 202, 226, 237, 476, 481] (42)
121 : [140, 286, 303, 343, 522] (42)
122 : [215, 218, 249, 332, 472, 539] (45)
123 : [129, 252, 287, 294, 310] (43)
124 : [121, 179, 412, 414, 526, 548, 558] (45)
125 : [149, 209, 268, 299, 556] (45)
126 : [388, 482, 531] (45)
127 : [16, 213, 351, 353, 443] (46)
128 : [132, 233, 259, 369] (45)
129 : [97, 110, 135, 183, 197, 469, 590] (43)
130 : [14, 204, 205, 360, 491, 554] (43)
131 : [275, 317, 595, 598] (42)
132 : [59, 274, 293, 301, 583] (44)
133 : [108, 260, 513, 563, 584] (44)
134 : [200, 208, 520] (43)
135 : [27, 28, 55, 261, 450] (43)
136 : [38, 63, 313, 501, 549] (45)
137 : [67, 101, 148, 441] (45)
138 : [93, 273, 382, 413] (45)
139 : [20, 31, 88, 376, 460, 464] (40)
140 : [11, 329, 404, 596] (40)
141 : [115, 223, 280, 320] (40)
142 : [9, 54, 392, 398] (37)
143 : [43, 123, 234, 328, 361] (38)
144 : [47, 305, 339, 409] (37)
145 : [72, 221, 241, 284, 456] (33)
146 : [] (0)
