Name: 600-40-60
Time: 14.0450439453125 
Result: 2059
Solution:  83 19 38 53 27 36 104 74 102 23 3 112 15 79 111 56 66 58 44 42 36 57 94 61 4 65 82 63 69 101 24 50 27 108 46 70 113 112 37 74 92 72 15 96 25 72 35 43 65 70 89 80 78 102 88 47 36 96 36 12 48 30 88 82 106 52 94 54 76 52 90 83 14 107 65 51 7 95 24 120 22 93 104 36 28 71 4 105 37 100 95 22 98 78 101 104 94 27 64 62 13 59 108 84 86 77 6 91 9 120 29 11 4 55 10 33 12 44 70 96 64 77 48 87 67 73 65 100 60 70 6 106 13 102 107 37 54 102 45 106 12 102 14 37 68 84 62 25 4 4 11 109 91 46 102 15 46 15 19 50 34 75 57 72 91 42 115 86 37 56 23 43 37 83 66 28 47 105 95 84 73 117 85 39 25 111 41 55 22 72 101 46 58 101 111 73 114 86 48 74 33 6 115 89 115 108 83 5 60 117 66 106 85 6 96 85 114 27 31 87 101 22 89 5 82 111 69 18 76 64 47 9 69 90 93 103 43 83 74 97 39 109 13 102 48 79 32 59 66 10 97 25 59 93 24 100 23 17 108 42 16 56 83 30 9 113 34 82 20 106 59 113 10 100 65 109 110 103 109 50 44 16 71 4 94 19 44 110 84 53 7 65 63 120 78 57 107 17 20 30 11 26 42 117 44 7 90 78 91 58 82 16 98 38 66 102 29 35 49 93 61 68 64 117 41 73 99 8 105 27 52 116 16 21 107 103 8 95 114 33 97 95 76 31 80 103 107 31 63 37 111 58 116 107 92 68 44 62 93 51 110 64 4 80 52 116 100 52 115 8 29 111 89 19 62 81 48 99 22 28 66 76 29 88 78 78 4 9 41 53 97 95 113 26 68 17 111 100 44 11 32 34 34 86 49 5 89 32 39 11 52 104 25 53 60 92 12 18 22 34 97 74 97 77 16 59 36 68 51 90 70 43 21 61 83 40 115 94 80 81 36 43 12 112 21 5 85 120 23 87 99 107 58 96 97 111 72 19 50 27 109 61 30 94 92 77 112 12 7 75 20 21 103 15 102 20 37 40 47 50 71 113 71 36 84 32 113 45 112 32 66 103 18 6 55 109 53 14 31 13 92 111 52 26 59 40 67 75 75 18 98 98 101 43 74 88 89 14 5 44 49 88 113 68 31 28 24 26 35 32 59 113 96 79 27 90 98 18 98 86 49 58 74 115 29 104 72 38 83 8 30 63 24 61 76 84 51 60 68 46 54 81 38 28 49 57 72 67 4 105 41 54 117 55 50 112 57 92 106 10 9 11 46 105 110 69 114 83 40 22 13 27 23 111 7 80 20 17 81 48
0 : [] (0)
1 : [] (0)
2 : [] (0)
3 : [10] (2)
4 : [24, 86, 112, 148, 149, 283, 362, 386, 568] (52)
5 : [207, 223, 405, 445, 518] (43)
6 : [106, 130, 201, 213, 493] (41)
7 : [76, 290, 305, 468, 594] (42)
8 : [327, 336, 369, 549] (43)
9 : [108, 231, 264, 387, 580] (45)
10 : [114, 249, 272, 579] (40)
11 : [111, 150, 300, 399, 409, 581] (45)
12 : [59, 116, 140, 416, 442, 467] (44)
13 : [100, 132, 242, 499, 590] (40)
14 : [72, 142, 497, 517] (40)
15 : [12, 42, 155, 157, 473] (42)
16 : [260, 281, 311, 332, 424] (41)
17 : [257, 297, 395, 597] (42)
18 : [227, 417, 492, 509, 537] (42)
19 : [1, 158, 285, 373, 457] (43)
20 : [268, 298, 470, 475, 596] (42)
21 : [333, 432, 444, 471] (45)
22 : [80, 91, 188, 221, 378, 418, 589] (44)
23 : [9, 170, 256, 448, 592] (44)
24 : [30, 78, 254, 526, 552] (44)
25 : [44, 147, 184, 251, 412] (45)
26 : [301, 393, 503, 527] (45)
27 : [4, 32, 97, 217, 329, 459, 534, 591] (46)
28 : [84, 175, 379, 525, 563] (43)
29 : [110, 316, 370, 382, 544] (47)
30 : [61, 263, 299, 462, 550] (46)
31 : [218, 343, 347, 498, 524] (46)
32 : [246, 400, 407, 485, 489, 529] (49)
33 : [115, 200, 339] (47)
34 : [160, 266, 401, 402, 419] (47)
35 : [46, 317, 528] (48)
36 : [5, 20, 56, 58, 83, 426, 440, 483] (43)
37 : [38, 88, 135, 143, 168, 172, 349, 476] (43)
38 : [2, 313, 547, 562] (43)
39 : [183, 240, 408] (44)
40 : [435, 477, 505, 588] (42)
41 : [186, 324, 388, 570] (44)
42 : [19, 165, 259, 302] (43)
43 : [47, 171, 236, 431, 441, 513] (43)
44 : [18, 117, 280, 286, 304, 356, 398, 519] (44)
45 : [138, 487] (45)
46 : [34, 153, 156, 191, 559, 582] (44)
47 : [55, 176, 230, 478] (43)
48 : [60, 122, 198, 244, 376, 599] (43)
49 : [318, 404, 520, 540, 564] (47)
50 : [31, 159, 279, 458, 479, 574] (48)
51 : [75, 359, 428, 556] (48)
52 : [65, 69, 330, 364, 367, 410, 502] (49)
53 : [3, 289, 389, 413, 496] (52)
54 : [67, 136, 560, 571] (53)
55 : [113, 187, 494, 573] (50)
56 : [15, 169, 261] (53)
57 : [21, 162, 295, 565, 576] (49)
58 : [17, 192, 309, 351, 452, 541] (49)
59 : [101, 247, 252, 270, 425, 504, 530] (48)
60 : [128, 208, 414, 557] (53)
61 : [23, 320, 433, 461, 553] (55)
62 : [99, 146, 357, 374] (48)
63 : [27, 292, 348, 551] (49)
64 : [98, 120, 229, 322, 361] (47)
65 : [25, 48, 74, 126, 274, 291] (46)
66 : [16, 174, 210, 248, 314, 380, 490] (47)
67 : [124, 506, 567] (51)
68 : [144, 321, 355, 394, 427, 523, 558] (49)
69 : [28, 226, 232, 585] (53)
70 : [35, 49, 118, 129, 430] (54)
71 : [85, 282, 480, 482] (52)
72 : [41, 45, 163, 189, 456, 546, 566] (51)
73 : [125, 180, 195, 325] (50)
74 : [7, 39, 199, 238, 421, 514, 542] (51)
75 : [161, 469, 507, 508] (49)
76 : [68, 228, 342, 381, 554] (51)
77 : [105, 121, 423, 465] (51)
78 : [52, 93, 294, 307, 384, 385] (52)
79 : [13, 245, 533] (58)
80 : [51, 344, 363, 438, 595] (54)
81 : [375, 439, 561, 598] (55)
82 : [26, 63, 224, 267, 310] (53)
83 : [0, 71, 173, 206, 237, 262, 434, 548, 587] (53)
84 : [103, 145, 179, 288, 484, 555] (53)
85 : [182, 212, 215, 446] (59)
86 : [104, 167, 197, 403, 539] (57)
87 : [123, 219, 449] (57)
88 : [54, 62, 383, 515, 521] (57)
89 : [50, 203, 222, 372, 406, 516] (56)
90 : [70, 233, 306, 429, 535] (55)
91 : [107, 152, 164, 308] (56)
92 : [40, 354, 415, 464, 500, 577] (55)
93 : [81, 234, 253, 319, 358] (57)
94 : [22, 66, 96, 284, 437, 463] (53)
95 : [77, 90, 178, 337, 341, 391] (54)
96 : [43, 57, 119, 214, 453, 532] (57)
97 : [239, 250, 340, 390, 420, 422, 454] (57)
98 : [92, 312, 510, 511, 536, 538] (57)
99 : [326, 377, 450] (58)
100 : [89, 127, 255, 273, 366, 397] (56)
101 : [29, 94, 190, 193, 220, 512] (56)
102 : [8, 53, 133, 137, 141, 154, 243, 315, 474] (55)
103 : [235, 277, 335, 345, 472, 491] (56)
104 : [6, 82, 95, 411, 545] (56)
105 : [87, 177, 328, 569, 583] (56)
106 : [64, 131, 139, 211, 269, 578] (57)
107 : [73, 134, 296, 334, 346, 353, 451] (56)
108 : [33, 102, 205, 258] (55)
109 : [151, 241, 275, 278, 460, 495] (56)
110 : [276, 287, 360, 584] (56)
111 : [14, 185, 194, 225, 350, 371, 396, 455, 501, 593] (55)
112 : [11, 37, 443, 466, 488, 575] (55)
113 : [36, 265, 271, 392, 481, 486, 522, 531] (48)
114 : [196, 216, 338, 586] (59)
115 : [166, 202, 204, 368, 436, 543] (57)
116 : [331, 352, 365] (55)
117 : [181, 209, 303, 323, 572] (59)
118 : [] (0)
119 : [] (0)
120 : [79, 109, 293, 447] (40)
