Name: 600-30-45
Time: 13.72645616531372 
Result: 9048
Solution:  72 80 53 74 73 57 50 26 55 142 19 139 85 6 130 15 129 49 12 72 141 109 30 46 114 46 98 135 139 36 81 139 38 64 118 27 89 118 136 45 53 31 105 144 61 51 109 145 65 113 74 112 30 94 140 133 119 114 3 132 61 71 23 137 33 86 119 137 66 100 110 75 143 90 12 93 22 31 67 21 52 79 58 29 107 86 14 41 135 57 98 33 8 139 65 9 52 130 71 48 25 137 24 22 92 4 38 96 134 23 131 111 47 111 68 142 88 108 74 33 109 123 81 144 67 13 93 82 76 120 107 102 128 69 100 129 81 11 96 11 123 58 101 23 78 40 17 115 135 124 69 8 78 56 45 118 113 56 54 95 44 4 23 97 68 16 61 100 44 11 27 110 113 44 60 59 53 63 51 122 117 9 104 131 77 36 116 66 83 54 48 29 5 92 50 81 19 130 91 105 134 70 120 7 131 129 16 106 133 126 95 33 74 125 18 123 47 96 122 103 105 145 20 142 101 44 119 68 23 28 78 79 24 128 143 4 97 123 12 43 34 143 89 6 86 86 84 75 58 125 64 25 122 35 91 96 46 68 89 127 133 135 113 77 26 88 37 102 125 88 37 104 77 137 128 134 41 69 39 99 139 56 27 11 145 3 117 125 102 24 60 3 92 132 127 120 107 105 63 122 84 132 106 119 34 144 9 67 37 72 124 63 73 138 62 93 106 130 58 42 139 117 118 24 101 6 55 16 143 139 44 4 120 40 85 23 70 7 55 143 64 36 68 121 84 80 117 105 111 62 63 128 14 125 113 50 116 7 31 74 129 143 58 31 27 112 36 88 114 132 35 72 37 52 100 106 140 15 108 112 73 9 138 35 84 31 74 16 126 31 13 25 143 54 50 51 49 58 142 41 116 49 118 105 141 35 57 74 63 144 47 117 126 138 124 22 115 21 16 87 100 119 92 99 48 16 71 15 60 8 90 52 43 80 76 73 91 14 91 107 21 134 103 126 18 91 20 116 54 62 136 19 84 108 33 116 144 86 63 117 140 9 82 79 140 18 121 72 104 129 107 57 124 44 77 30 121 34 101 12 39 121 127 103 26 83 65 112 5 94 20 132 79 29 3 80 28 35 118 74 27 139 21 30 95 82 22 115 19 90 20 94 99 136 39 40 20 39 42 6 135 98 121 29 89 52 125 5 45 64 110 126 63 49 99 115 71 102 91 123 117 59 114 52 79 97 95 72 128 136 108 97 8 11 130 47 125 50 124 47 55 85 5 133 56 17 88 83 13 59 43 43 108 13 40 3 42 37 87 93 80 39 28 133 134 77 37 31 87 38 129 58 17 113 48 131 141 5 131 19
0 : [] (0)
1 : [] (0)
2 : [] (0)
3 : [58, 285, 291, 494, 575] (39)
4 : [105, 161, 235, 331] (31)
5 : [192, 488, 527, 562, 597] (32)
6 : [13, 243, 325, 519] (29)
7 : [203, 337, 357] (33)
8 : [92, 151, 429, 552] (34)
9 : [95, 181, 306, 381, 461] (30)
10 : [] (0)
11 : [137, 139, 169, 283, 553] (30)
12 : [18, 74, 238, 479] (30)
13 : [125, 390, 568, 573] (33)
14 : [86, 352, 437] (33)
15 : [15, 377, 427] (30)
16 : [165, 206, 327, 387, 418, 425] (34)
17 : [146, 565, 592] (34)
18 : [214, 444, 465] (30)
19 : [10, 196, 451, 508, 599] (34)
20 : [222, 446, 490, 510, 516] (30)
21 : [79, 417, 440, 502] (30)
22 : [76, 103, 415, 506] (31)
23 : [62, 109, 143, 162, 228, 335] (30)
24 : [102, 232, 289, 323] (32)
25 : [100, 251, 391] (31)
26 : [7, 264, 484] (38)
27 : [35, 170, 282, 364, 500] (33)
28 : [229, 496, 582] (33)
29 : [83, 191, 493, 523] (33)
30 : [22, 52, 475, 503] (35)
31 : [41, 77, 358, 363, 385, 389, 587] (35)
32 : [] (0)
33 : [64, 91, 119, 211, 454] (44)
34 : [240, 304, 477] (33)
35 : [253, 370, 383, 405, 497] (34)
36 : [29, 185, 341, 366] (36)
37 : [266, 270, 308, 372, 577, 586] (33)
38 : [32, 106, 589] (38)
39 : [278, 480, 514, 517, 581] (33)
40 : [145, 333, 515, 574] (33)
41 : [87, 276, 399] (33)
42 : [319, 518, 576] (33)
43 : [239, 432, 570, 571] (33)
44 : [160, 168, 173, 225, 330, 473] (33)
45 : [39, 154, 528] (33)
46 : [23, 25, 256] (36)
47 : [112, 216, 410, 555, 559] (34)
48 : [99, 190, 424, 594] (34)
49 : [17, 396, 401, 533] (33)
50 : [6, 194, 355, 394, 557] (33)
51 : [45, 178, 395] (36)
52 : [80, 96, 373, 431, 525, 543] (37)
53 : [2, 40, 176] (36)
54 : [158, 189, 393, 448] (37)
55 : [8, 326, 338, 560] (39)
56 : [153, 157, 281, 564] (37)
57 : [5, 89, 406, 471] (32)
58 : [82, 141, 248, 318, 362, 397, 591] (32)
59 : [175, 541, 569] (38)
60 : [174, 290, 428] (38)
61 : [44, 60, 166] (35)
62 : [314, 349, 449] (32)
63 : [177, 298, 311, 350, 408, 458, 532] (33)
64 : [33, 250, 340, 529] (35)
65 : [48, 94, 486] (35)
66 : [68, 187] (35)
67 : [78, 124, 307] (33)
68 : [114, 164, 227, 257, 342] (33)
69 : [133, 150, 277] (32)
70 : [201, 336] (36)
71 : [61, 98, 426, 536] (36)
72 : [0, 19, 309, 371, 467, 547] (33)
73 : [4, 312, 380, 435] (35)
74 : [3, 50, 118, 212, 359, 386, 407, 499] (34)
75 : [71, 247] (36)
76 : [128, 434] (36)
77 : [184, 263, 272, 474, 585] (34)
78 : [144, 152, 230] (48)
79 : [81, 231, 463, 492, 544] (35)
80 : [1, 345, 433, 495, 580] (34)
81 : [30, 122, 136, 195] (37)
82 : [127, 462, 505] (38)
83 : [188, 485, 567] (48)
84 : [246, 300, 344, 384, 452] (35)
85 : [12, 334, 561] (42)
86 : [65, 85, 244, 245, 457] (36)
87 : [419, 578, 588] (37)
88 : [116, 265, 269, 367, 566] (35)
89 : [36, 242, 258, 524] (42)
90 : [73, 430, 509] (42)
91 : [198, 254, 436, 438, 445, 538] (43)
92 : [104, 193, 292, 422] (42)
93 : [75, 126, 315, 579] (43)
94 : [53, 489, 511] (42)
95 : [159, 210, 504, 546] (43)
96 : [107, 138, 217, 255] (41)
97 : [163, 236, 545, 551] (43)
98 : [26, 90, 521] (40)
99 : [279, 423, 512, 534] (41)
100 : [69, 134, 167, 374, 420] (40)
101 : [142, 224, 324, 478] (41)
102 : [131, 267, 288, 537] (40)
103 : [219, 442, 483] (42)
104 : [182, 271, 468] (40)
105 : [42, 199, 220, 297, 347, 403] (39)
106 : [207, 302, 316, 375] (37)
107 : [84, 130, 296, 439, 470] (40)
108 : [117, 378, 453, 550, 572] (38)
109 : [21, 46, 120] (43)
110 : [70, 171, 530] (42)
111 : [111, 113, 348] (42)
112 : [51, 365, 379, 487] (44)
113 : [49, 156, 172, 262, 354, 593] (41)
114 : [24, 57, 368, 542] (44)
115 : [147, 416, 507, 535] (44)
116 : [186, 356, 400, 447, 455] (42)
117 : [180, 286, 321, 346, 411, 459, 540] (42)
118 : [34, 37, 155, 322, 402, 498] (42)
119 : [56, 66, 226, 303, 421] (42)
120 : [129, 202, 295, 332] (43)
121 : [343, 466, 476, 481, 522] (42)
122 : [179, 218, 252, 299] (44)
123 : [121, 140, 215, 237, 539] (44)
124 : [149, 310, 414, 472, 558] (45)
125 : [213, 249, 268, 287, 353, 526, 556] (46)
126 : [209, 388, 412, 443, 531] (45)
127 : [259, 294, 482] (44)
128 : [132, 233, 274, 351, 548] (45)
129 : [16, 135, 205, 360, 469, 590] (42)
130 : [14, 97, 197, 317, 554] (40)
131 : [110, 183, 204, 595, 598] (41)
132 : [59, 293, 301, 369, 491] (45)
133 : [55, 208, 260, 563, 583] (45)
134 : [108, 200, 275, 441, 584] (43)
135 : [27, 88, 148, 261, 520] (43)
136 : [38, 450, 513, 549] (41)
137 : [63, 67, 101, 273] (46)
138 : [313, 382, 413] (44)
139 : [11, 28, 31, 93, 280, 320, 329, 501] (42)
140 : [54, 376, 460, 464] (43)
141 : [20, 404, 596] (40)
142 : [9, 115, 223, 398] (39)
143 : [72, 234, 241, 328, 339, 361, 392] (39)
144 : [43, 123, 305, 409, 456] (39)
145 : [47, 221, 284] (40)
146 : [] (0)
