Name: 600-20-30
Time: 13.985943794250488 
Result: 30
Solution:  110 21 10 96 33 68 65 80 86 24 55 56 67 79 81 93 40 55 60 66 73 24 89 109 90 67 102 6 72 10 35 68 44 87 48 109 16 37 15 46 18 26 107 47 100 68 8 100 45 101 32 10 32 61 61 65 20 12 77 19 90 63 109 78 111 91 105 61 38 110 3 80 62 84 110 55 87 27 9 31 6 33 42 99 59 71 112 17 6 92 102 37 33 41 19 110 49 98 61 76 19 75 43 94 94 53 30 16 67 113 16 87 69 30 82 86 95 79 78 84 79 54 48 9 28 102 108 78 94 50 31 105 103 5 77 29 95 40 51 77 3 76 66 74 64 58 7 18 103 113 54 104 102 58 88 99 59 46 79 97 17 106 12 25 83 26 46 14 83 30 15 18 78 39 66 4 63 49 71 60 26 43 113 16 52 43 46 18 58 26 3 63 103 40 89 21 93 20 73 96 55 19 36 23 39 62 100 108 85 111 11 101 35 84 50 86 88 8 90 9 63 9 88 56 99 69 106 23 60 4 69 94 107 43 14 65 70 101 84 106 27 84 69 39 3 19 25 16 20 18 15 44 11 65 97 17 86 32 88 74 98 5 64 113 70 51 42 9 34 105 85 30 7 55 99 72 31 104 67 111 71 107 64 99 49 109 104 93 66 102 99 8 85 97 101 44 29 69 86 42 104 61 81 48 89 93 101 28 70 85 91 71 19 11 36 76 79 11 33 66 35 84 60 28 73 64 47 37 102 27 3 45 44 109 68 68 5 70 77 5 32 59 78 98 68 92 95 4 78 23 69 36 107 34 93 82 10 28 67 23 81 35 97 70 80 60 9 32 99 13 16 43 108 75 93 41 100 106 73 106 31 76 68 31 89 77 14 103 53 13 73 47 76 72 57 28 56 70 51 100 7 10 76 113 56 24 46 43 83 97 95 79 88 103 83 99 45 50 26 98 43 109 108 113 6 91 94 39 63 93 34 51 9 72 57 100 52 14 64 78 14 8 82 110 95 11 31 107 54 89 39 47 48 14 64 112 64 59 17 48 83 36 103 80 87 108 52 61 48 44 57 42 105 35 8 96 93 14 74 85 75 44 79 79 23 58 66 31 13 41 37 53 87 78 25 40 103 71 29 82 93 105 57 91 51 81 92 84 40 85 24 34 62 54 111 36 11 20 20 80 110 21 74 5 93 90 3 71 11 7 90 12 38 72 53 12 106 105 49 85 92 74 27 31 57 90 23 20 62 96 24 44 61 75 83 29 72 65 99 51 49 77 74 56 93 6 46 89 32 41 54 85 23 111 62 53 19 23 35 18 59 81 34 6 91 24 71 52 5 38 84 43 21 97 53 96 109 94 112 80
0 : [] (0)
1 : [] (0)
2 : [] (0)
3 : [70, 140, 190, 244, 330, 526] (21)
4 : [175, 229, 347] (20)
5 : [133, 261, 336, 339, 523, 588] (20)
6 : [27, 80, 88, 424, 565, 583] (21)
7 : [146, 272, 400, 529] (23)
8 : [46, 217, 291, 441, 474] (21)
9 : [78, 123, 219, 221, 267, 366, 432] (21)
10 : [2, 29, 51, 356, 401] (21)
11 : [210, 252, 313, 317, 445, 516, 528] (21)
12 : [57, 162, 531, 535] (23)
13 : [369, 389, 488] (21)
14 : [167, 234, 386, 437, 440, 453, 477] (22)
15 : [38, 170, 250] (20)
16 : [36, 107, 110, 183, 247, 370] (22)
17 : [87, 160, 255, 458] (21)
18 : [40, 147, 171, 187, 249, 579] (23)
19 : [59, 94, 100, 201, 245, 312, 576] (25)
20 : [56, 197, 248, 517, 518, 547] (20)
21 : [1, 195, 521, 592] (26)
22 : [] (0)
23 : [203, 227, 349, 359, 484, 546, 572, 577] (21)
24 : [9, 21, 405, 510, 550, 585] (21)
25 : [163, 246, 494] (24)
26 : [41, 165, 180, 189, 418] (23)
27 : [77, 240, 329, 542] (21)
28 : [124, 307, 323, 357, 395] (22)
29 : [135, 296, 498, 555] (22)
30 : [106, 113, 169, 271] (22)
31 : [79, 130, 276, 380, 383, 446, 487, 543] (22)
32 : [50, 52, 257, 340, 367, 568] (22)
33 : [4, 81, 92, 318] (27)
34 : [268, 353, 430, 511, 582] (23)
35 : [30, 212, 320, 361, 473, 578] (25)
36 : [202, 314, 351, 461, 515] (24)
37 : [37, 91, 327, 490] (25)
38 : [68, 532, 589] (24)
39 : [173, 204, 243, 427, 450] (23)
40 : [16, 137, 193, 495, 508] (24)
41 : [93, 375, 489, 569] (25)
42 : [82, 266, 299, 471] (24)
43 : [102, 181, 185, 233, 371, 407, 420, 591] (22)
44 : [32, 251, 295, 332, 469, 481, 551] (21)
45 : [48, 331, 416] (21)
46 : [39, 157, 166, 186, 406, 566] (22)
47 : [43, 326, 391, 451] (23)
48 : [34, 122, 303, 452, 459, 468] (24)
49 : [96, 177, 284, 538, 560] (25)
50 : [129, 214, 417] (26)
51 : [138, 265, 398, 431, 504, 559] (26)
52 : [184, 436, 466, 587] (26)
53 : [105, 388, 491, 534, 575, 594] (26)
54 : [121, 150, 448, 513, 570] (26)
55 : [10, 17, 75, 200, 273] (26)
56 : [11, 223, 396, 404, 563] (27)
57 : [394, 434, 470, 502, 544] (27)
58 : [145, 153, 188, 485] (28)
59 : [84, 156, 341, 457, 580] (26)
60 : [18, 179, 228, 322, 365] (26)
61 : [53, 54, 67, 98, 301, 467, 552] (25)
62 : [72, 205, 512, 548, 574] (26)
63 : [61, 176, 191, 220, 428] (24)
64 : [144, 262, 282, 325, 438, 454, 456] (25)
65 : [6, 55, 235, 253, 557] (26)
66 : [19, 142, 174, 288, 319, 486] (28)
67 : [12, 25, 108, 278, 358] (25)
68 : [5, 31, 45, 334, 335, 344, 382] (25)
69 : [112, 225, 230, 242, 297, 350] (24)
70 : [236, 264, 308, 337, 363, 397] (25)
71 : [85, 178, 280, 311, 497, 527, 586] (24)
72 : [28, 275, 393, 433, 533, 556] (27)
73 : [20, 198, 324, 378, 390] (28)
74 : [143, 259, 478, 522, 541, 562] (28)
75 : [101, 373, 480, 553] (29)
76 : [99, 141, 315, 381, 392, 402] (28)
77 : [58, 134, 139, 338, 385, 561] (27)
78 : [63, 118, 127, 172, 342, 348, 439, 493] (27)
79 : [13, 117, 120, 158, 316, 411, 482, 483] (27)
80 : [7, 71, 364, 463, 519, 599] (28)
81 : [14, 302, 360, 505, 581] (27)
82 : [114, 355, 442, 499] (30)
83 : [164, 168, 408, 414, 460, 554] (27)
84 : [73, 119, 213, 238, 241, 321, 507, 590] (27)
85 : [208, 270, 292, 309, 479, 509, 539, 571] (28)
86 : [8, 115, 215, 256, 298] (28)
87 : [33, 76, 111, 464, 492] (27)
88 : [154, 216, 222, 258, 412] (30)
89 : [22, 194, 304, 384, 449, 567] (28)
90 : [24, 60, 218, 525, 530, 545] (29)
91 : [65, 310, 425, 503, 584] (30)
92 : [89, 345, 506, 540] (28)
93 : [15, 196, 287, 305, 354, 374, 429, 476, 500, 524, 564] (29)
94 : [103, 104, 128, 231, 426, 597] (29)
95 : [116, 136, 346, 410, 444] (29)
96 : [3, 199, 475, 549, 595] (30)
97 : [159, 254, 293, 362, 409, 593] (29)
98 : [97, 260, 343, 419] (29)
99 : [83, 155, 224, 274, 283, 290, 368, 415, 558] (29)
100 : [44, 47, 206, 376, 399, 435] (29)
101 : [49, 211, 237, 294, 306] (29)
102 : [26, 90, 125, 152, 289, 328] (30)
103 : [132, 148, 192, 387, 413, 462, 496] (29)
104 : [151, 277, 286, 300] (30)
105 : [66, 131, 269, 472, 501, 537] (30)
106 : [161, 226, 239, 377, 379, 536] (29)
107 : [42, 232, 281, 352, 447] (28)
108 : [126, 207, 372, 422, 465] (28)
109 : [23, 35, 62, 285, 333, 421, 596] (26)
110 : [0, 69, 74, 95, 443, 520] (27)
111 : [64, 209, 279, 514, 573] (25)
112 : [86, 455, 598] (27)
113 : [109, 149, 182, 263, 403, 423] (20)
114 : [] (0)
115 : [] (0)
