Name: 600-50-80
Time: 13.287086009979248 
Result: 9084
Solution:  41 100 88 43 112 120 48 16 102 36 61 9 88 52 104 26 66 100 115 77 122 54 40 95 37 21 122 81 103 92 19 67 16 34 84 11 19 81 51 116 18 13 74 15 42 71 38 94 93 110 76 89 16 83 85 26 57 53 111 20 27 71 73 49 36 78 95 72 106 17 87 121 73 40 116 66 5 98 41 82 112 102 31 73 125 9 85 23 30 4 47 58 52 72 107 17 64 104 91 35 17 23 8 32 19 41 10 12 43 102 120 120 57 12 77 66 49 31 101 45 46 4 5 25 117 31 64 6 99 13 55 38 30 22 77 72 53 124 107 109 18 112 99 63 43 15 86 93 101 21 55 124 38 7 91 109 64 125 22 115 114 98 51 107 55 7 72 7 71 96 61 123 115 93 78 115 107 46 103 3 36 98 87 119 42 20 13 11 56 105 105 99 88 42 125 37 104 74 99 108 35 71 44 113 76 103 47 68 11 72 110 16 109 113 76 60 4 119 74 108 101 39 90 12 51 87 58 62 24 57 21 5 68 81 80 86 96 57 82 47 116 44 35 15 77 49 9 95 59 54 32 71 38 41 114 52 118 80 53 110 81 86 35 82 80 96 79 76 17 37 97 113 75 61 39 89 86 106 21 47 28 3 88 79 32 66 26 10 61 70 18 117 85 80 112 28 118 53 69 111 123 122 70 12 54 64 33 77 81 28 87 110 117 69 29 83 88 4 25 29 23 99 19 50 64 120 20 94 94 19 83 89 28 65 124 48 56 124 54 60 118 70 37 84 67 45 63 13 34 91 113 55 28 67 119 72 92 109 68 31 80 66 104 62 44 94 92 32 21 103 63 43 104 111 87 8 40 36 44 26 32 124 23 88 111 31 24 24 60 33 52 106 70 50 41 97 77 23 60 56 94 92 15 30 48 74 109 56 53 123 102 49 46 56 93 59 118 8 27 27 22 121 27 91 55 17 52 123 102 58 13 74 65 45 106 8 6 38 108 117 45 97 63 125 34 99 40 81 89 98 7 110 70 40 92 21 114 41 43 50 48 48 120 100 82 120 25 40 113 17 105 65 26 108 50 95 111 91 35 117 79 65 69 51 29 72 75 103 7 30 100 83 12 16 34 61 58 84 109 17 78 90 92 17 4 72 80 43 22 117 54 95 24 118 84 112 114 7 5 37 106 124 66 39 49 39 90 85 3 55 32 62 63 35 42 17 13 90 67 103 113 93 59 108 18 3 88 118 27 10 96 66 15 46 31 47 39 36 78 59 56 82 69 48 101 86 52 33 49 81 101 13 102 62 76 68 26 73 91 98 9 119 28 80 44 69 61 114 7 28 54 24 65 10 75 124 98 58 29 79
0 : [] (0)
1 : [] (0)
2 : [] (0)
3 : [179, 281, 528, 545] (50)
4 : [89, 121, 216, 317, 504] (53)
5 : [76, 122, 231, 518] (55)
6 : [127, 436] (50)
7 : [153, 165, 167, 450, 488, 517, 588] (53)
8 : [102, 375, 417, 435] (52)
9 : [11, 85, 246, 580] (52)
10 : [106, 287, 549, 593] (58)
11 : [35, 187, 208] (55)
12 : [107, 113, 223, 303, 492] (50)
13 : [41, 129, 186, 347, 430, 536, 571] (71)
14 : [] (0)
15 : [43, 145, 243, 402, 552] (58)
16 : [7, 32, 52, 211, 493] (57)
17 : [69, 95, 100, 268, 425, 469, 499, 503, 535] (52)
18 : [40, 140, 290, 544] (52)
19 : [30, 36, 104, 322, 329] (56)
20 : [59, 185, 326] (54)
21 : [25, 149, 230, 278, 368, 455] (55)
22 : [133, 158, 420, 508] (58)
23 : [87, 101, 320, 382, 397] (54)
24 : [228, 386, 387, 512, 591] (54)
25 : [123, 318, 466] (55)
26 : [15, 55, 286, 379, 472, 576] (54)
27 : [60, 418, 419, 422, 548] (57)
28 : [280, 295, 309, 332, 352, 582, 589] (55)
29 : [314, 319, 484, 598] (59)
30 : [88, 132, 403, 489] (63)
31 : [82, 117, 125, 359, 385, 554] (61)
32 : [103, 250, 284, 367, 380, 530] (59)
33 : [306, 389, 567] (56)
34 : [33, 348, 444, 494] (62)
35 : [99, 200, 242, 262, 478, 533] (57)
36 : [9, 64, 180, 377, 557] (59)
37 : [24, 195, 269, 342, 519] (57)
38 : [46, 131, 152, 252, 437] (57)
39 : [221, 274, 523, 525, 556] (56)
40 : [22, 73, 376, 446, 453, 467] (68)
41 : [0, 78, 105, 253, 394, 457] (68)
42 : [44, 184, 193, 534] (68)
43 : [3, 108, 144, 371, 458, 507] (70)
44 : [202, 241, 364, 378, 584] (73)
45 : [119, 345, 433, 440] (71)
46 : [120, 177, 412, 553] (76)
47 : [90, 206, 239, 279, 555] (69)
48 : [6, 335, 404, 460, 461, 563] (65)
49 : [63, 116, 245, 411, 524, 568] (62)
50 : [323, 393, 459, 474] (62)
51 : [38, 162, 224, 483] (63)
52 : [13, 92, 255, 390, 426, 566] (61)
53 : [57, 136, 258, 297, 408] (60)
54 : [21, 249, 304, 338, 510, 590] (59)
55 : [130, 150, 164, 351, 424, 529] (58)
56 : [188, 336, 399, 407, 413, 560] (62)
57 : [56, 112, 229, 237] (65)
58 : [91, 226, 429, 496, 597] (59)
59 : [248, 415, 542, 559] (72)
60 : [215, 339, 388, 398] (76)
61 : [10, 170, 273, 288, 495, 586] (72)
62 : [227, 363, 531, 573] (72)
63 : [143, 346, 370, 442, 532] (66)
64 : [96, 126, 156, 305, 324] (67)
65 : [333, 432, 471, 481, 592] (69)
66 : [16, 75, 115, 285, 361, 522, 551] (70)
67 : [31, 344, 353, 538] (81)
68 : [207, 232, 358, 575] (75)
69 : [298, 313, 482, 562, 585] (72)
70 : [289, 302, 341, 392, 452] (65)
71 : [45, 61, 168, 201, 251] (65)
72 : [67, 93, 135, 166, 209, 355, 485, 505] (66)
73 : [62, 72, 83, 577] (68)
74 : [42, 197, 218, 405, 431] (70)
75 : [272, 486, 594] (80)
76 : [50, 204, 214, 267, 574] (72)
77 : [19, 114, 134, 244, 307, 396] (73)
78 : [65, 174, 500, 558] (73)
79 : [266, 283, 480, 599] (72)
80 : [234, 257, 264, 293, 360, 506, 583] (70)
81 : [27, 37, 233, 260, 308, 447, 569] (68)
82 : [79, 238, 263, 464, 561] (82)
83 : [53, 315, 330, 491] (79)
84 : [34, 343, 497, 514] (79)
85 : [54, 86, 292, 527] (78)
86 : [146, 235, 261, 276, 565] (70)
87 : [70, 182, 225, 310, 374] (69)
88 : [2, 12, 192, 282, 316, 383, 546] (66)
89 : [51, 275, 331, 448] (69)
90 : [222, 501, 526, 537] (69)
91 : [98, 154, 349, 423, 477, 578] (69)
92 : [29, 356, 366, 401, 454, 502] (74)
93 : [48, 147, 173, 414, 541] (79)
94 : [47, 327, 328, 365, 400] (72)
95 : [23, 66, 247, 475, 511] (79)
96 : [169, 236, 265, 550] (77)
97 : [270, 395, 441] (80)
98 : [77, 161, 181, 449, 579, 596] (73)
99 : [128, 142, 191, 198, 321, 445] (73)
100 : [1, 17, 463, 490] (80)
101 : [118, 148, 220, 564, 570] (78)
102 : [8, 81, 109, 410, 428, 572] (66)
103 : [28, 178, 205, 369, 487, 539] (67)
104 : [14, 97, 196, 362, 372] (71)
105 : [189, 190, 470] (71)
106 : [68, 277, 391, 434, 520] (74)
107 : [94, 138, 163, 176] (80)
108 : [199, 219, 438, 473, 543] (75)
109 : [139, 155, 212, 357, 406, 498] (75)
110 : [49, 210, 259, 311, 451] (77)
111 : [58, 299, 373, 384, 476] (77)
112 : [4, 80, 141, 294, 515] (81)
113 : [203, 213, 271, 350, 468, 540] (79)
114 : [160, 254, 456, 516, 587] (79)
115 : [18, 159, 172, 175] (79)
116 : [39, 74, 240] (78)
117 : [124, 291, 312, 439, 479, 509] (84)
118 : [256, 296, 340, 416, 513, 547] (80)
119 : [183, 217, 354, 581] (78)
120 : [5, 110, 111, 325, 462, 465] (78)
121 : [71, 421] (77)
122 : [20, 26, 301] (71)
123 : [171, 300, 409, 427] (65)
124 : [137, 151, 334, 337, 381, 521, 595] (55)
125 : [84, 157, 194, 443] (49)
126 : [] (0)
