Name: 600-20-30
Time: 14.220160484313965 
Result: 1031
Solution:  109 23 12 100 35 68 64 79 86 24 53 57 67 77 83 94 42 55 56 66 74 27 87 108 88 67 102 4 69 13 33 68 48 91 50 110 16 37 16 44 20 27 109 48 101 68 9 99 46 101 28 10 32 64 60 66 21 12 78 21 93 62 110 78 111 94 101 64 40 110 2 84 63 84 110 55 89 29 10 29 6 34 43 96 61 71 111 19 5 91 102 36 38 41 18 110 48 95 61 76 19 73 44 93 94 52 30 13 68 113 19 86 70 31 83 89 97 82 80 84 79 56 49 6 29 105 108 83 96 53 32 105 106 6 73 28 91 41 49 77 2 76 66 72 65 58 7 21 104 113 55 103 102 61 91 97 59 47 85 99 16 106 8 28 82 28 47 14 82 30 17 19 78 37 64 5 63 47 70 61 24 42 113 18 52 44 45 16 56 27 5 63 102 41 86 21 91 20 75 95 55 20 36 21 39 65 98 107 84 109 13 100 33 85 49 86 89 8 90 9 63 8 87 55 99 71 107 22 59 4 70 94 107 43 13 67 69 100 84 106 27 84 68 40 2 20 25 17 20 17 14 43 11 65 97 18 86 31 92 72 98 5 62 113 71 49 41 7 34 104 85 30 8 57 97 73 33 104 67 111 70 105 64 101 50 108 106 90 66 102 98 10 84 96 99 44 31 70 85 42 104 62 78 48 90 97 102 32 71 84 91 69 22 9 37 76 76 10 34 67 36 84 58 26 74 64 50 39 101 26 4 45 42 107 69 66 5 71 77 2 33 56 78 97 68 92 94 4 80 23 69 36 108 34 93 82 11 28 67 22 81 35 96 71 78 60 10 32 101 13 18 42 107 75 91 42 100 105 74 106 29 76 65 30 89 78 14 104 54 14 72 46 77 71 57 27 55 73 50 98 7 13 78 113 54 24 45 44 81 98 96 77 87 105 83 99 45 50 26 98 44 113 107 113 6 91 95 38 63 89 36 49 8 73 59 98 53 14 64 77 17 7 84 110 98 9 32 109 54 88 36 48 47 18 64 112 65 59 18 45 83 35 103 82 88 107 52 61 48 46 56 43 106 32 10 94 88 14 72 85 75 45 81 79 23 58 65 29 11 41 37 52 87 77 25 40 101 71 30 80 93 109 57 91 51 81 92 84 38 85 24 35 62 54 111 36 9 21 20 80 112 22 72 6 95 90 6 74 11 9 89 12 38 74 52 12 106 104 51 87 92 72 26 30 58 91 21 14 62 97 24 42 62 75 83 29 75 66 100 51 49 76 73 56 93 2 44 89 32 39 57 87 25 110 60 56 22 21 32 14 60 78 36 6 90 24 68 52 6 38 83 39 23 97 54 95 111 96 112 79
0 : [] (0)
1 : [] (0)
2 : [70, 140, 244, 339, 565] (20)
3 : [] (0)
4 : [27, 229, 330, 347] (22)
5 : [88, 175, 190, 261, 336] (21)
6 : [80, 123, 133, 424, 523, 526, 583, 588] (20)
7 : [146, 267, 400, 441] (20)
8 : [162, 217, 221, 272, 432] (21)
9 : [46, 219, 313, 445, 516, 529] (21)
10 : [51, 78, 291, 317, 366, 474] (20)
11 : [252, 356, 488, 528] (21)
12 : [2, 57, 531, 535] (26)
13 : [29, 107, 210, 234, 369, 401] (23)
14 : [167, 250, 386, 389, 437, 477, 547, 579] (23)
15 : [] (0)
16 : [36, 38, 160, 187] (21)
17 : [170, 247, 249, 440] (22)
18 : [94, 183, 255, 370, 453, 458] (21)
19 : [87, 100, 110, 171] (24)
20 : [40, 197, 201, 245, 248, 518] (21)
21 : [56, 59, 147, 195, 203, 517, 546, 577] (21)
22 : [227, 312, 359, 521, 576] (22)
23 : [1, 349, 484, 592] (22)
24 : [9, 180, 405, 510, 550, 585] (23)
25 : [246, 494, 572] (22)
26 : [323, 329, 418, 542] (22)
27 : [21, 41, 189, 240, 395] (21)
28 : [50, 135, 163, 165, 357] (22)
29 : [77, 79, 124, 380, 487, 555] (22)
30 : [106, 169, 271, 383, 498, 543] (21)
31 : [113, 257, 296] (23)
32 : [52, 130, 307, 367, 446, 473, 568, 578] (22)
33 : [30, 212, 276, 340] (22)
34 : [81, 268, 318, 353] (23)
35 : [4, 361, 461, 511] (23)
36 : [91, 202, 320, 351, 430, 450, 515, 582] (24)
37 : [37, 173, 314, 490] (24)
38 : [92, 427, 508, 532, 589] (25)
39 : [204, 327, 569, 591] (24)
40 : [68, 243, 495] (25)
41 : [93, 137, 193, 266, 489] (24)
42 : [16, 181, 299, 332, 371, 375, 551] (24)
43 : [82, 233, 251, 471] (24)
44 : [39, 102, 185, 295, 407, 420, 566] (23)
45 : [186, 331, 406, 416, 459, 481] (23)
46 : [48, 391, 469] (23)
47 : [157, 166, 177, 452] (23)
48 : [32, 43, 96, 303, 451, 468] (23)
49 : [122, 138, 214, 265, 431, 560] (23)
50 : [34, 284, 326, 398, 417] (23)
51 : [504, 538, 559] (24)
52 : [105, 184, 466, 491, 534, 587] (25)
53 : [10, 129, 436] (27)
54 : [388, 404, 448, 513, 594] (28)
55 : [17, 75, 150, 200, 223, 396] (26)
56 : [18, 121, 188, 341, 470, 563, 575] (26)
57 : [11, 273, 394, 502, 570] (27)
58 : [145, 322, 485, 544] (30)
59 : [156, 228, 434, 457] (27)
60 : [54, 365, 574, 580] (26)
61 : [84, 98, 153, 179, 467] (26)
62 : [61, 262, 301, 512, 548, 552] (26)
63 : [72, 176, 191, 220, 428] (25)
64 : [6, 53, 67, 174, 282, 325, 438, 454] (25)
65 : [144, 205, 253, 382, 456, 486] (25)
66 : [19, 55, 142, 288, 335, 557] (25)
67 : [12, 25, 235, 278, 319, 358] (25)
68 : [5, 31, 45, 108, 242, 344, 586] (25)
69 : [28, 236, 311, 334, 350] (27)
70 : [112, 178, 230, 280, 297] (27)
71 : [85, 225, 264, 308, 337, 363, 393, 497] (28)
72 : [143, 259, 390, 478, 522, 541] (28)
73 : [101, 134, 275, 397, 433, 562] (30)
74 : [20, 324, 378, 527, 533] (28)
75 : [198, 373, 480, 553, 556] (28)
76 : [99, 141, 315, 316, 381, 561] (28)
77 : [13, 139, 338, 392, 411, 439, 493] (27)
78 : [58, 63, 172, 302, 342, 364, 385, 402, 581] (27)
79 : [7, 120, 483, 599] (28)
80 : [118, 348, 499, 519] (27)
81 : [360, 408, 482, 505] (29)
82 : [117, 164, 168, 355, 463] (27)
83 : [14, 114, 127, 414, 460, 554, 590] (25)
84 : [71, 73, 119, 208, 238, 241, 292, 309, 321, 442, 507] (25)
85 : [158, 213, 270, 298, 479, 509] (26)
86 : [8, 111, 194, 215, 256] (28)
87 : [22, 222, 412, 492, 539, 571] (28)
88 : [24, 449, 464, 476] (30)
89 : [76, 115, 216, 384, 429, 530, 567] (28)
90 : [218, 287, 304, 525, 584] (30)
91 : [33, 89, 136, 154, 196, 310, 374, 425, 503, 545] (29)
92 : [258, 345, 506, 540] (29)
93 : [60, 103, 354, 500, 564] (30)
94 : [15, 65, 104, 231, 346, 475] (30)
95 : [97, 199, 426, 524, 595] (29)
96 : [83, 128, 293, 362, 410, 597] (29)
97 : [116, 155, 254, 274, 305, 343, 549, 593] (29)
98 : [206, 260, 290, 399, 409, 419, 435, 444] (29)
99 : [47, 159, 224, 294, 415] (30)
100 : [3, 211, 237, 376, 558] (29)
101 : [44, 49, 66, 283, 328, 368, 496] (30)
102 : [26, 90, 152, 192, 289, 306] (31)
103 : [151, 462] (30)
104 : [148, 269, 277, 300, 387, 537] (30)
105 : [125, 131, 281, 377, 413] (29)
106 : [132, 161, 239, 286, 379, 472, 536] (28)
107 : [207, 226, 232, 333, 372, 422, 465] (27)
108 : [23, 126, 285, 352] (27)
109 : [0, 42, 209, 447, 501] (26)
110 : [35, 62, 69, 74, 95, 443, 573] (27)
111 : [64, 86, 279, 514, 596] (27)
112 : [455, 520, 598] (24)
113 : [109, 149, 182, 263, 403, 421, 423] (21)
114 : [] (0)
115 : [] (0)
