Name: 600-50-80
Time: 13.457964181900024 
Result: 7083
Solution:  41 104 85 45 114 120 47 16 103 35 61 10 89 49 102 25 63 103 113 78 120 51 41 96 38 23 122 81 105 92 19 67 15 33 82 13 18 80 52 114 17 13 78 13 42 71 39 95 93 110 75 86 15 82 83 26 57 55 111 20 28 71 74 47 36 78 94 72 105 14 89 124 72 40 116 66 7 96 40 83 113 103 31 75 125 12 84 19 27 4 47 57 52 72 107 17 60 105 91 37 20 28 7 30 18 42 9 10 44 101 120 123 56 11 78 64 49 31 101 45 46 4 6 24 118 33 65 6 100 14 54 37 30 22 75 72 53 122 107 113 16 112 100 64 44 18 88 97 99 23 55 124 39 7 93 107 63 125 21 116 115 98 53 107 54 5 72 6 73 97 61 123 115 93 77 118 108 46 105 3 36 101 88 115 42 20 15 11 57 106 105 102 91 41 125 39 104 74 97 105 35 71 41 113 76 100 47 69 12 71 109 16 108 111 76 59 4 119 74 108 100 39 90 12 47 87 59 59 23 58 20 4 68 81 82 87 97 57 82 46 116 44 37 18 77 50 9 97 58 53 31 71 36 42 117 52 120 82 52 109 82 86 34 81 83 93 78 76 18 37 96 112 75 59 39 89 85 107 21 48 31 4 90 81 33 65 24 7 61 68 19 116 85 79 115 25 123 53 69 112 124 123 70 12 53 64 33 79 85 27 88 110 117 69 30 84 89 5 24 33 25 101 17 51 65 120 22 90 94 19 86 91 26 65 122 49 56 124 55 58 116 70 38 86 68 43 63 14 34 90 115 55 28 67 119 71 93 111 69 31 80 67 108 62 43 94 92 32 25 103 64 43 99 111 87 9 40 35 44 27 29 121 26 90 110 32 22 24 62 35 52 106 70 50 41 98 75 23 60 58 94 91 15 30 50 76 108 58 50 121 106 49 45 54 94 56 119 5 28 28 21 121 26 91 55 20 52 122 103 58 15 77 63 44 106 9 5 37 109 114 45 98 63 125 35 99 40 83 89 99 6 110 71 40 92 22 112 42 46 51 48 48 118 99 85 121 25 37 114 16 104 68 27 108 48 95 111 91 31 117 80 68 69 51 30 73 73 101 10 31 100 84 14 15 34 62 55 88 108 20 79 92 89 20 3 72 81 43 22 117 54 95 22 119 83 111 113 3 5 36 108 123 66 38 50 38 92 84 4 57 31 59 63 32 44 19 13 87 68 102 114 91 62 109 17 4 87 120 25 11 96 66 15 48 29 47 38 36 82 61 55 85 71 50 102 84 52 32 49 80 100 13 104 60 76 66 29 73 93 98 13 119 31 79 45 66 62 115 9 28 56 23 66 9 74 124 99 59 31 79
0 : [] (0)
1 : [] (0)
2 : [] (0)
3 : [179, 504, 517] (57)
4 : [89, 121, 216, 231, 281, 528, 545] (54)
5 : [165, 317, 417, 436, 518] (55)
6 : [122, 127, 167, 450] (55)
7 : [76, 102, 153, 287] (61)
8 : [] (0)
9 : [106, 246, 375, 435, 588, 593] (61)
10 : [11, 107, 488] (50)
11 : [113, 187, 549] (50)
12 : [85, 208, 223, 303] (53)
13 : [35, 41, 43, 536, 571, 580] (54)
14 : [69, 129, 347, 492] (57)
15 : [32, 52, 186, 402, 430, 493, 552] (56)
16 : [7, 140, 211, 469] (59)
17 : [40, 95, 322, 544] (54)
18 : [36, 104, 145, 243, 268] (53)
19 : [30, 87, 290, 329, 535] (54)
20 : [59, 100, 185, 230, 425, 499, 503] (53)
21 : [158, 278, 420] (56)
22 : [133, 326, 386, 455, 508, 512] (52)
23 : [25, 149, 228, 397, 591] (54)
24 : [123, 286, 318, 387] (59)
25 : [15, 295, 320, 368, 466, 548] (56)
26 : [55, 332, 382, 422] (56)
27 : [88, 309, 379, 472] (54)
28 : [60, 101, 352, 418, 419, 589] (54)
29 : [380, 554, 576] (54)
30 : [103, 132, 314, 403, 484] (52)
31 : [82, 117, 250, 280, 359, 478, 489, 530, 582, 598] (52)
32 : [367, 385, 533, 567] (61)
33 : [33, 125, 284, 306, 319] (64)
34 : [262, 348, 494] (61)
35 : [9, 200, 377, 389, 444] (59)
36 : [64, 180, 252, 519, 557] (62)
37 : [99, 131, 242, 269, 437, 467] (61)
38 : [24, 342, 523, 525, 556] (61)
39 : [46, 152, 195, 221, 274] (64)
40 : [73, 78, 376, 446, 453] (67)
41 : [0, 22, 193, 202, 394] (65)
42 : [44, 105, 184, 253, 457] (67)
43 : [345, 364, 371, 507] (72)
44 : [108, 144, 241, 378, 433, 534] (65)
45 : [3, 119, 412, 440, 584] (70)
46 : [120, 177, 239, 458] (71)
47 : [6, 63, 90, 206, 224, 555] (67)
48 : [279, 460, 461, 474, 553] (67)
49 : [13, 116, 335, 411, 568] (74)
50 : [245, 393, 404, 408, 524, 563] (65)
51 : [21, 323, 459, 483] (64)
52 : [38, 92, 255, 258, 390, 426, 566] (65)
53 : [136, 162, 249, 297, 304] (71)
54 : [130, 164, 413, 510] (63)
55 : [57, 150, 338, 351, 424, 496, 560] (66)
56 : [112, 336, 415, 590] (63)
57 : [56, 91, 188, 237, 529] (62)
58 : [229, 248, 339, 399, 407, 429] (63)
59 : [215, 226, 227, 273, 531, 597] (65)
60 : [96, 398, 573] (79)
61 : [10, 170, 288, 559] (78)
62 : [363, 388, 495, 542, 586] (69)
63 : [16, 156, 346, 432, 442, 532] (60)
64 : [115, 143, 305, 370] (63)
65 : [126, 285, 324, 333] (65)
66 : [75, 522, 551, 575, 585, 592] (63)
67 : [31, 353, 361] (64)
68 : [232, 289, 344, 471, 481, 538] (63)
69 : [207, 298, 313, 358, 482] (69)
70 : [302, 341, 392] (63)
71 : [45, 61, 201, 209, 251, 355, 452, 562] (62)
72 : [67, 72, 93, 135, 166, 505] (66)
73 : [168, 485, 486, 577] (71)
74 : [62, 197, 218, 594] (78)
75 : [50, 83, 134, 272, 396] (72)
76 : [204, 214, 267, 405, 574] (74)
77 : [174, 244, 431] (74)
78 : [19, 42, 65, 114, 266] (72)
79 : [293, 307, 500, 583, 599] (70)
80 : [37, 360, 480, 569] (72)
81 : [27, 233, 263, 283, 506] (72)
82 : [34, 53, 234, 238, 257, 260, 558] (71)
83 : [54, 79, 264, 447, 514] (72)
84 : [86, 315, 491, 527, 565] (76)
85 : [2, 276, 292, 308, 464, 561] (71)
86 : [51, 261, 330, 343] (72)
87 : [225, 235, 374, 537, 546] (70)
88 : [146, 182, 310, 497] (70)
89 : [12, 70, 275, 316, 448, 502] (68)
90 : [222, 282, 327, 349, 383] (72)
91 : [98, 192, 331, 401, 423, 477, 541] (72)
92 : [29, 366, 454, 501, 526] (83)
93 : [48, 154, 173, 265, 356, 578] (71)
94 : [66, 328, 365, 400, 414] (73)
95 : [47, 475, 511] (72)
96 : [23, 77, 270, 550] (75)
97 : [147, 169, 198, 236, 247] (76)
98 : [161, 395, 441, 579] (77)
99 : [148, 372, 445, 449, 463, 596] (74)
100 : [128, 142, 205, 220, 490, 570] (73)
101 : [109, 118, 181, 321, 487] (73)
102 : [14, 191, 539, 564] (78)
103 : [8, 17, 81, 369, 428] (74)
104 : [1, 196, 470, 572] (79)
105 : [28, 68, 97, 178, 190, 199] (76)
106 : [189, 391, 410, 434] (79)
107 : [94, 138, 155, 163, 277] (79)
108 : [176, 212, 219, 362, 406, 473, 498, 520] (76)
109 : [210, 259, 438, 543] (78)
110 : [49, 311, 384, 451] (77)
111 : [58, 213, 357, 373, 476, 515] (78)
112 : [141, 271, 299, 456] (80)
113 : [18, 80, 139, 203, 516] (80)
114 : [4, 39, 439, 468, 540] (82)
115 : [160, 172, 183, 294, 350, 587] (80)
116 : [74, 159, 240, 291, 340] (81)
117 : [254, 312, 479, 509] (78)
118 : [124, 175, 462] (74)
119 : [217, 354, 416, 513, 581] (73)
120 : [5, 20, 110, 256, 325, 547] (74)
121 : [381, 409, 421, 465] (67)
122 : [26, 137, 334, 427] (68)
123 : [111, 171, 296, 301, 521] (73)
124 : [71, 151, 300, 337, 595] (77)
125 : [84, 157, 194, 443] (49)
126 : [] (0)
