Name: 600-30-45
Time: 13.683159589767456 
Result: 6048
Solution:  70 79 54 73 71 57 50 26 56 142 18 139 87 8 131 12 127 49 6 72 137 109 30 46 114 45 102 131 137 37 83 139 39 64 118 27 88 119 135 42 53 31 104 141 60 51 109 144 65 116 74 111 27 91 143 133 120 113 3 133 64 70 22 136 31 85 118 138 68 100 110 76 145 94 13 93 21 29 67 21 51 79 58 29 107 86 15 38 135 55 98 33 10 139 66 10 50 130 71 48 25 138 24 22 92 9 38 98 134 19 131 111 49 109 66 142 90 108 76 33 106 124 83 142 65 9 92 81 76 121 109 104 127 69 97 129 80 9 92 9 124 57 100 21 78 42 19 117 134 122 70 8 79 61 44 118 113 53 59 98 45 6 22 99 69 16 62 100 45 13 28 111 113 45 57 60 53 60 51 124 116 9 103 129 74 36 115 67 83 54 47 29 6 89 50 80 18 131 92 103 132 72 119 7 129 126 17 108 134 126 95 31 74 127 18 123 46 94 120 103 104 145 20 141 102 43 118 68 19 28 77 81 22 127 144 5 97 122 12 44 34 145 87 4 86 86 85 74 61 123 65 25 124 33 91 95 46 66 87 128 133 136 113 77 26 90 36 103 125 88 38 104 78 137 128 132 41 69 37 101 139 55 27 10 145 3 117 126 102 25 59 4 92 130 125 122 110 106 63 123 83 132 105 117 33 144 9 67 38 73 122 63 73 135 61 94 105 131 58 43 141 116 116 24 101 6 56 13 141 142 44 3 118 38 85 24 75 5 55 144 64 35 66 121 84 80 114 106 113 63 63 125 14 126 116 51 115 7 31 73 130 143 58 29 28 111 35 89 114 129 36 72 37 53 100 107 140 15 110 110 72 10 138 34 84 31 74 18 126 31 13 22 143 55 47 48 49 58 142 41 116 48 116 105 141 35 58 70 63 143 49 116 125 139 124 21 115 24 16 89 101 119 90 99 50 16 69 16 57 8 91 54 43 80 77 73 88 14 91 107 20 136 105 125 15 91 18 115 52 66 135 17 82 108 33 115 145 86 62 117 138 7 81 77 140 18 123 72 105 130 113 56 121 40 76 30 123 34 100 14 38 121 128 102 26 83 62 111 4 94 21 136 78 31 3 82 30 40 119 75 27 139 24 27 95 82 22 117 19 90 20 96 99 136 39 39 18 40 44 8 132 97 118 28 91 52 127 5 45 64 112 123 67 47 101 117 71 101 91 120 114 61 113 52 75 97 96 71 123 135 108 96 7 9 129 47 124 52 124 47 54 84 4 137 55 18 85 81 12 59 45 43 107 12 40 3 39 37 86 93 79 40 27 133 131 79 37 33 87 36 130 61 17 112 47 133 140 5 134 18
0 : [] (0)
1 : [] (0)
2 : [] (0)
3 : [58, 285, 331, 494, 575] (32)
4 : [243, 291, 488, 562] (32)
5 : [235, 337, 527, 597] (33)
6 : [18, 161, 192, 325] (34)
7 : [203, 357, 461, 552] (30)
8 : [13, 151, 429, 519] (34)
9 : [105, 125, 137, 139, 181, 306, 553] (29)
10 : [92, 95, 283, 381] (33)
11 : [] (0)
12 : [15, 238, 568, 573] (32)
13 : [74, 169, 327, 390] (33)
14 : [352, 437, 479] (37)
15 : [86, 377, 444] (31)
16 : [165, 418, 425, 427] (34)
17 : [206, 451, 592] (34)
18 : [10, 196, 214, 387, 446, 465, 516, 565, 599] (32)
19 : [109, 146, 228, 508] (41)
20 : [222, 440, 510] (40)
21 : [76, 79, 143, 415, 490] (31)
22 : [62, 103, 162, 232, 391, 506] (34)
23 : [] (0)
24 : [102, 323, 335, 417, 502] (32)
25 : [100, 251, 289] (32)
26 : [7, 264, 484] (38)
27 : [35, 52, 282, 500, 503, 582] (34)
28 : [170, 229, 364, 523] (35)
29 : [77, 83, 191, 363] (41)
30 : [22, 475, 496] (40)
31 : [41, 64, 211, 358, 385, 389, 493] (42)
32 : [] (0)
33 : [91, 119, 253, 304, 454, 587] (35)
34 : [240, 383, 477] (30)
35 : [341, 366, 405] (33)
36 : [185, 266, 370, 589] (34)
37 : [29, 278, 372, 577, 586] (35)
38 : [87, 106, 270, 308, 333, 480] (36)
39 : [32, 514, 515, 576] (36)
40 : [473, 497, 517, 574, 581] (34)
41 : [276, 399] (30)
42 : [39, 145] (36)
43 : [225, 319, 432, 571] (36)
44 : [154, 239, 330, 518] (31)
45 : [25, 160, 168, 173, 528, 570] (30)
46 : [23, 216, 256] (32)
47 : [190, 394, 533, 555, 559, 594] (31)
48 : [99, 395, 401] (33)
49 : [17, 112, 396, 410] (31)
50 : [6, 96, 194, 424] (33)
51 : [45, 80, 178, 355] (39)
52 : [448, 525, 543, 557] (35)
53 : [40, 157, 176, 373] (36)
54 : [2, 189, 431, 560] (35)
55 : [89, 281, 338, 393, 564] (36)
56 : [8, 326, 471] (36)
57 : [5, 141, 174, 428] (33)
58 : [82, 318, 362, 397, 406] (37)
59 : [158, 290, 569] (36)
60 : [44, 175, 177] (32)
61 : [153, 248, 314, 541, 591] (33)
62 : [166, 458, 486] (34)
63 : [298, 311, 349, 350, 408] (35)
64 : [33, 60, 340, 529] (35)
65 : [48, 124, 250] (35)
66 : [94, 114, 257, 342, 449] (34)
67 : [78, 187, 307, 532] (33)
68 : [68, 227] (36)
69 : [133, 164, 277, 426] (33)
70 : [0, 61, 150, 407] (35)
71 : [4, 98, 536, 547] (35)
72 : [19, 201, 371, 380, 467] (33)
73 : [3, 309, 312, 359, 435] (33)
74 : [50, 184, 212, 247, 386] (39)
75 : [336, 499, 544] (39)
76 : [71, 118, 128, 474] (38)
77 : [230, 263, 434, 463] (40)
78 : [144, 272, 492] (43)
79 : [1, 81, 152, 580, 585] (39)
80 : [136, 195, 345, 433] (40)
81 : [127, 231, 462, 567] (41)
82 : [452, 495, 505] (40)
83 : [30, 122, 188, 300, 485] (39)
84 : [344, 384, 561] (38)
85 : [65, 246, 334, 566] (35)
86 : [85, 244, 245, 457, 578] (37)
87 : [12, 242, 258, 588] (37)
88 : [36, 269, 436] (36)
89 : [193, 367, 419] (41)
90 : [116, 265, 422, 509] (30)
91 : [53, 254, 430, 438, 445, 524, 538] (34)
92 : [104, 126, 138, 198, 292] (37)
93 : [75, 579] (38)
94 : [73, 217, 315, 489] (39)
95 : [210, 255, 504] (40)
96 : [511, 546, 551] (40)
97 : [134, 236, 521, 545] (45)
98 : [90, 107, 159] (42)
99 : [163, 423, 512] (43)
100 : [69, 142, 167, 374, 478] (40)
101 : [279, 324, 420, 534, 537] (42)
102 : [26, 224, 288, 483] (41)
103 : [182, 199, 219, 267] (41)
104 : [42, 131, 220, 271] (42)
105 : [302, 316, 403, 442, 468] (43)
106 : [120, 297, 347] (42)
107 : [84, 375, 439, 572] (44)
108 : [117, 207, 453, 550] (43)
109 : [21, 46, 113, 130] (48)
110 : [70, 296, 378, 379] (42)
111 : [51, 111, 171, 365, 487] (44)
112 : [530, 593] (43)
113 : [57, 156, 172, 262, 348, 470, 542] (43)
114 : [24, 346, 368, 540] (44)
115 : [186, 356, 416, 447, 455] (41)
116 : [49, 180, 321, 322, 354, 400, 402, 411] (42)
117 : [147, 286, 303, 459, 507, 535] (42)
118 : [34, 66, 155, 226, 332, 522] (44)
119 : [37, 202, 421, 498] (46)
120 : [56, 218, 539] (43)
121 : [129, 343, 472, 481] (45)
122 : [149, 237, 295, 310] (45)
123 : [215, 249, 299, 466, 476, 531, 548] (44)
124 : [121, 140, 179, 252, 414, 556, 558] (45)
125 : [268, 294, 351, 412, 443] (45)
126 : [205, 209, 287, 353, 388] (45)
127 : [16, 132, 213, 233, 526] (46)
128 : [259, 274, 482] (44)
129 : [135, 183, 204, 369, 554] (44)
130 : [97, 293, 360, 469, 590] (42)
131 : [14, 27, 110, 197, 317, 584] (45)
132 : [200, 275, 301, 520] (43)
133 : [55, 59, 260, 583, 595] (41)
134 : [108, 148, 208, 598] (44)
135 : [38, 88, 313, 450, 549] (42)
136 : [63, 261, 441, 491, 513] (41)
137 : [20, 28, 273, 563] (42)
138 : [67, 101, 382, 460] (42)
139 : [11, 31, 93, 280, 413, 501] (42)
140 : [376, 464, 596] (40)
141 : [43, 223, 320, 328, 404] (41)
142 : [9, 115, 123, 329, 398] (41)
143 : [54, 361, 392, 409] (37)
144 : [47, 234, 305, 339] (39)
145 : [72, 221, 241, 284, 456] (33)
146 : [] (0)
