Name: 600-50-80
Time: 13.40248441696167 
Result: 80
Solution:  42 101 86 45 113 119 42 16 104 35 61 10 88 50 103 26 64 102 113 76 120 54 43 98 38 23 122 80 104 92 18 67 15 34 87 12 19 79 48 117 17 13 74 15 42 71 37 94 93 110 75 85 15 78 83 27 57 55 112 21 28 71 71 48 36 76 95 74 105 17 90 125 72 42 113 66 5 96 40 83 112 104 31 73 124 8 84 20 29 6 46 60 49 73 107 19 65 105 89 38 19 23 7 31 19 41 8 10 44 101 119 121 57 12 77 66 50 32 100 45 45 4 4 24 115 33 64 5 99 13 54 34 30 21 75 73 52 121 107 109 17 112 97 65 42 18 88 92 98 20 56 123 39 7 93 108 63 123 22 116 111 98 51 107 53 7 72 7 69 96 60 123 115 93 78 115 106 45 105 3 34 100 86 119 43 21 15 11 56 106 106 102 89 41 123 39 103 74 99 105 35 68 40 116 76 101 47 67 11 73 107 16 110 111 76 59 4 117 74 106 101 40 91 12 51 87 58 62 21 59 22 6 66 82 80 86 96 57 82 47 116 41 37 16 77 48 9 95 58 54 32 73 35 44 114 50 118 80 53 110 82 86 35 82 81 97 80 74 17 38 96 114 77 60 40 91 86 111 22 49 26 3 89 81 34 66 26 6 61 70 19 117 85 79 113 25 118 53 69 111 124 122 72 12 54 64 32 79 81 25 82 111 118 69 29 84 90 6 26 31 27 101 18 52 66 120 23 91 94 19 84 92 28 65 121 48 56 124 55 58 118 70 37 83 68 46 63 17 33 91 117 56 28 67 119 72 94 110 68 31 80 67 108 64 43 95 92 32 24 103 63 47 98 109 86 9 38 36 44 27 32 124 24 90 111 29 23 25 62 33 52 105 70 53 41 97 75 24 60 58 94 90 13 30 48 74 109 59 54 123 104 45 44 56 90 55 117 7 27 28 20 121 26 93 55 19 50 123 106 58 13 76 63 46 104 11 7 39 108 114 49 99 62 125 35 97 40 82 88 97 8 110 74 39 92 20 114 39 42 51 49 45 120 98 85 121 25 39 112 15 103 66 24 107 48 96 112 94 32 117 81 68 69 51 30 73 73 102 9 30 99 83 12 15 34 61 54 87 108 21 78 91 91 19 4 73 82 43 22 115 54 95 22 122 88 112 113 8 6 37 106 124 66 37 49 40 89 85 3 58 31 59 62 37 42 16 13 87 68 102 113 93 62 108 18 3 93 118 27 11 95 66 15 47 30 47 36 32 80 59 56 82 70 50 101 84 50 35 48 81 100 13 104 61 75 69 28 71 93 98 9 120 28 79 44 70 61 117 10 27 55 24 64 10 74 124 100 59 31 78
0 : [] (0)
1 : [] (0)
2 : [] (0)
3 : [179, 281, 528, 545] (50)
4 : [121, 122, 216, 504] (50)
5 : [76, 127] (61)
6 : [89, 231, 287, 317, 518] (51)
7 : [102, 153, 165, 167, 417, 436] (50)
8 : [85, 106, 450, 517] (53)
9 : [246, 375, 488, 580] (50)
10 : [11, 107, 588, 593] (51)
11 : [187, 208, 435, 549] (53)
12 : [35, 113, 223, 303, 492] (59)
13 : [41, 129, 402, 430, 536, 571] (56)
14 : [] (0)
15 : [32, 43, 52, 186, 469, 493, 552] (57)
16 : [7, 211, 243, 535] (54)
17 : [40, 69, 140, 268, 347] (59)
18 : [30, 145, 322, 544] (59)
19 : [36, 95, 100, 104, 290, 329, 425, 503] (57)
20 : [87, 149, 420, 455] (55)
21 : [59, 133, 185, 228, 499] (55)
22 : [158, 230, 278, 508, 512] (56)
23 : [25, 101, 326, 386] (53)
24 : [123, 368, 382, 397, 472, 591] (52)
25 : [295, 309, 387, 466] (57)
26 : [15, 280, 286, 318, 422] (57)
27 : [55, 320, 379, 418, 548, 589] (55)
28 : [60, 332, 352, 419, 576, 582] (60)
29 : [88, 314, 385] (64)
30 : [132, 403, 484, 489, 554] (57)
31 : [82, 103, 319, 359, 530, 598] (56)
32 : [117, 250, 306, 367, 380, 478, 557] (55)
33 : [125, 348, 389] (60)
34 : [33, 131, 180, 284, 494] (63)
35 : [9, 200, 252, 262, 444, 567] (63)
36 : [64, 377, 556] (66)
37 : [46, 242, 342, 519, 523, 533] (64)
38 : [24, 99, 269, 376] (64)
39 : [152, 195, 437, 453, 457, 467] (66)
40 : [78, 202, 221, 274, 446, 525] (64)
41 : [105, 193, 241, 394] (66)
42 : [0, 6, 44, 73, 144, 458, 534] (62)
43 : [22, 184, 364, 507] (62)
44 : [108, 253, 378, 412, 584] (62)
45 : [3, 119, 120, 177, 411, 461] (65)
46 : [90, 345, 433] (63)
47 : [206, 239, 371, 553, 555] (67)
48 : [38, 63, 245, 335, 404, 474, 568] (64)
49 : [92, 279, 440, 460, 524] (67)
50 : [13, 116, 255, 426, 563, 566] (65)
51 : [162, 224, 459, 483] (74)
52 : [136, 323, 390] (67)
53 : [164, 258, 297, 393] (72)
54 : [21, 130, 249, 304, 408, 496, 510] (64)
55 : [57, 338, 415, 424, 590] (64)
56 : [150, 188, 336, 351, 413, 560] (65)
57 : [56, 112, 237] (62)
58 : [226, 248, 339, 399, 429, 529] (60)
59 : [215, 229, 407, 531, 559, 597] (63)
60 : [91, 170, 273, 398] (58)
61 : [10, 288, 495, 573, 586] (61)
62 : [227, 388, 442, 532, 542] (64)
63 : [156, 346, 370, 432] (64)
64 : [16, 126, 305, 363, 592] (78)
65 : [96, 143, 333] (76)
66 : [75, 115, 232, 285, 324, 471, 522, 551] (74)
67 : [31, 207, 353, 361] (73)
68 : [201, 344, 358, 481, 538] (75)
69 : [168, 298, 313, 482, 575] (74)
70 : [289, 341, 392, 562, 585] (70)
71 : [45, 61, 62, 577] (74)
72 : [72, 166, 302, 355] (70)
73 : [83, 93, 135, 209, 251, 485, 486, 505] (65)
74 : [42, 67, 197, 218, 267, 405, 452, 594] (64)
75 : [50, 134, 396, 574] (66)
76 : [19, 65, 204, 214, 431] (75)
77 : [114, 244, 272] (72)
78 : [53, 174, 500, 599] (72)
79 : [37, 293, 307, 583] (70)
80 : [27, 234, 257, 266, 360, 558] (71)
81 : [264, 283, 308, 480, 569] (73)
82 : [233, 238, 260, 263, 310, 447, 506, 561] (78)
83 : [54, 79, 343, 491] (74)
84 : [86, 315, 330, 565] (79)
85 : [51, 292, 464, 527] (72)
86 : [2, 182, 235, 261, 276, 374] (72)
87 : [34, 225, 497, 537] (76)
88 : [12, 146, 448, 514] (74)
89 : [98, 192, 282, 526] (71)
90 : [70, 316, 383, 401, 414] (72)
91 : [222, 275, 327, 349, 501, 502] (72)
92 : [29, 147, 331, 366, 454] (77)
93 : [48, 154, 173, 423, 541, 546, 578] (72)
94 : [47, 328, 356, 400, 477] (69)
95 : [66, 247, 365, 511, 550] (68)
96 : [77, 169, 236, 270, 475] (78)
97 : [142, 265, 395, 445, 449] (80)
98 : [23, 148, 161, 372, 463, 579] (76)
99 : [128, 198, 441, 490] (79)
100 : [118, 181, 570, 596] (79)
101 : [1, 109, 205, 220, 321, 564] (72)
102 : [17, 191, 487, 539] (79)
103 : [14, 196, 369, 470] (73)
104 : [8, 28, 81, 410, 434, 572] (73)
105 : [68, 97, 178, 199, 391] (72)
106 : [176, 189, 190, 219, 428, 520] (75)
107 : [94, 138, 163, 210, 473] (80)
108 : [155, 362, 438, 498, 543] (73)
109 : [139, 373, 406] (78)
110 : [49, 212, 259, 357, 451] (77)
111 : [160, 213, 277, 299, 311, 384] (80)
112 : [58, 80, 141, 468, 476, 515] (76)
113 : [4, 18, 74, 294, 516, 540] (78)
114 : [254, 271, 439, 456] (75)
115 : [124, 172, 175, 509] (75)
116 : [159, 203, 240] (72)
117 : [39, 217, 291, 350, 416, 479, 587] (69)
118 : [256, 296, 312, 340, 547] (69)
119 : [5, 110, 183, 354] (70)
120 : [20, 325, 462, 581] (80)
121 : [111, 137, 334, 421, 465] (70)
122 : [26, 301, 513] (70)
123 : [151, 157, 171, 194, 409, 427] (68)
124 : [84, 300, 337, 381, 521, 595] (71)
125 : [71, 443] (72)
126 : [] (0)
