Name: 600-30-45
Time: 13.962188005447388 
Result: 10048
Solution:  72 81 54 71 73 57 51 25 56 141 19 140 86 7 131 15 129 49 12 72 137 110 30 46 114 46 103 135 135 37 81 139 38 64 117 26 88 118 135 45 54 31 105 144 60 51 109 143 66 115 74 113 28 91 140 136 116 114 4 132 64 71 23 137 30 85 121 136 67 103 109 75 145 91 12 93 21 31 70 18 52 81 58 29 108 85 15 41 139 55 98 33 9 139 61 10 51 130 71 49 24 137 24 22 92 4 41 97 133 22 130 112 46 111 69 141 89 111 75 33 109 124 81 142 65 10 92 80 75 121 107 100 132 68 99 129 78 10 96 9 123 57 101 20 78 41 16 115 136 125 72 8 79 61 45 119 113 53 57 97 44 4 23 100 68 18 63 98 44 14 26 110 112 44 57 60 53 59 48 122 117 9 104 129 77 36 117 64 83 53 48 29 5 89 50 81 18 132 92 105 134 72 119 7 129 126 15 108 134 123 94 35 74 125 18 122 47 96 122 102 105 145 20 140 102 42 120 71 19 28 79 81 21 128 143 5 97 121 12 44 34 145 89 7 85 87 88 76 61 122 66 25 124 33 91 95 47 68 91 128 133 136 115 77 26 90 37 102 125 89 37 104 80 138 129 132 38 68 39 98 141 54 28 10 145 4 117 126 102 25 59 6 92 130 126 120 106 105 65 122 84 132 106 120 34 143 8 67 43 73 124 66 72 137 62 96 105 131 62 43 141 115 119 27 100 7 55 16 143 141 43 5 121 41 85 24 69 5 55 144 65 36 65 123 84 80 113 105 111 62 66 130 14 125 113 50 116 8 26 73 129 143 61 31 27 111 36 89 114 131 36 70 35 52 96 106 140 15 106 110 74 10 138 35 84 30 75 18 127 31 13 23 144 54 50 50 48 57 142 42 118 51 115 105 139 33 61 70 65 143 47 118 126 138 124 21 116 23 13 86 101 119 87 99 49 17 70 17 58 9 90 56 44 80 74 73 88 13 90 106 23 137 107 126 17 90 18 115 55 68 139 22 84 108 33 114 145 87 62 117 139 10 84 81 139 19 120 68 104 128 108 58 120 39 77 29 120 34 101 13 37 121 127 103 26 83 63 111 6 95 19 132 77 31 4 81 28 39 118 75 31 139 23 30 95 82 24 116 19 90 20 94 98 133 39 41 18 40 40 7 134 96 118 26 91 52 127 6 45 65 112 125 63 48 99 119 69 103 91 121 113 60 113 52 76 99 96 73 124 136 108 96 8 7 128 47 122 52 124 48 54 82 4 135 56 19 87 83 12 59 43 43 107 12 40 4 39 38 85 93 77 40 27 133 134 77 37 31 87 35 128 62 16 110 50 130 142 4 132 18
0 : [] (0)
1 : [] (0)
2 : [] (0)
3 : [] (0)
4 : [58, 105, 161, 285, 494, 562, 575, 597] (45)
5 : [192, 235, 331, 337] (38)
6 : [291, 488, 527] (31)
7 : [13, 203, 243, 325, 519, 553] (32)
8 : [151, 306, 357, 552] (32)
9 : [92, 139, 181, 429] (33)
10 : [95, 125, 137, 283, 381, 461] (34)
11 : [] (0)
12 : [18, 74, 238, 568, 573] (37)
13 : [390, 418, 437, 479] (38)
14 : [169, 352] (31)
15 : [15, 86, 206, 377] (30)
16 : [146, 327, 592] (33)
17 : [425, 427, 444] (32)
18 : [79, 165, 196, 214, 387, 446, 516, 599] (30)
19 : [10, 228, 465, 490, 508, 565] (30)
20 : [143, 222, 510] (30)
21 : [76, 232, 415] (33)
22 : [103, 109, 451] (37)
23 : [62, 162, 391, 417, 440, 502] (34)
24 : [100, 102, 335, 506] (34)
25 : [7, 251, 289] (33)
26 : [35, 170, 264, 358, 484, 523] (38)
27 : [323, 364, 582] (35)
28 : [52, 229, 282, 496] (36)
29 : [83, 191, 475] (36)
30 : [22, 64, 385, 503] (36)
31 : [41, 77, 363, 389, 493, 500, 587] (38)
32 : [] (0)
33 : [91, 119, 253, 405, 454] (36)
34 : [240, 304, 477] (33)
35 : [211, 372, 383, 589] (34)
36 : [185, 341, 366, 370] (33)
37 : [29, 266, 270, 480, 586] (35)
38 : [32, 276, 577] (37)
39 : [278, 473, 497, 514, 576] (32)
40 : [517, 518, 574, 581] (34)
41 : [87, 106, 145, 333, 515] (32)
42 : [225, 399] (31)
43 : [308, 319, 330, 570, 571] (29)
44 : [160, 168, 173, 239, 432] (31)
45 : [39, 154, 528] (33)
46 : [23, 25, 112] (35)
47 : [216, 256, 410, 555] (34)
48 : [178, 190, 396, 533, 559] (33)
49 : [17, 99, 424] (36)
50 : [194, 355, 394, 395, 594] (31)
51 : [6, 45, 96, 401] (35)
52 : [80, 373, 525, 543, 557] (33)
53 : [157, 176, 189] (34)
54 : [2, 40, 281, 393, 560] (33)
55 : [89, 326, 338, 448] (38)
56 : [8, 431, 564] (36)
57 : [5, 141, 158, 174, 397] (35)
58 : [82, 428, 471] (34)
59 : [177, 290, 569] (38)
60 : [44, 175, 541] (34)
61 : [94, 153, 248, 362, 406] (35)
62 : [314, 318, 349, 458, 591] (35)
63 : [166, 486, 532] (35)
64 : [33, 60, 187] (34)
65 : [124, 298, 340, 342, 408, 529] (34)
66 : [48, 250, 311, 350] (36)
67 : [68, 307] (37)
68 : [133, 164, 257, 277, 449, 467] (36)
69 : [114, 336, 536] (38)
70 : [78, 371, 407, 426] (37)
71 : [3, 61, 98, 227] (38)
72 : [0, 19, 150, 201, 312] (36)
73 : [4, 309, 359, 435, 547] (35)
74 : [50, 212, 380, 434] (37)
75 : [71, 118, 128, 386, 499] (36)
76 : [247, 544] (36)
77 : [184, 263, 474, 492, 580, 585] (37)
78 : [136, 144] (38)
79 : [152, 230] (40)
80 : [127, 272, 345, 433] (36)
81 : [1, 30, 81, 122, 195, 231, 463, 495] (36)
82 : [505, 561] (38)
83 : [188, 485, 567] (48)
84 : [300, 344, 384, 452, 462] (38)
85 : [65, 85, 244, 334, 578] (37)
86 : [12, 419] (39)
87 : [245, 422, 457, 566, 588] (39)
88 : [36, 246, 436] (39)
89 : [116, 193, 242, 269, 367] (41)
90 : [265, 430, 438, 445, 509] (39)
91 : [53, 73, 254, 258, 524, 538] (37)
92 : [104, 126, 198, 292] (36)
93 : [75, 579] (38)
94 : [210, 511] (38)
95 : [255, 489, 504] (43)
96 : [138, 217, 315, 374, 521, 546, 551] (35)
97 : [107, 159, 236] (39)
98 : [90, 167, 279, 512] (37)
99 : [134, 423, 534, 545] (38)
100 : [131, 163, 324] (35)
101 : [142, 420, 478] (42)
102 : [219, 224, 267, 288] (43)
103 : [26, 69, 483, 537] (43)
104 : [182, 271, 468] (40)
105 : [42, 199, 220, 297, 316, 347, 403] (40)
106 : [296, 302, 375, 378, 439] (40)
107 : [130, 442, 572] (46)
108 : [84, 207, 453, 470, 550] (41)
109 : [46, 70, 120] (45)
110 : [21, 171, 379, 593] (43)
111 : [113, 117, 348, 365, 487] (48)
112 : [111, 172, 530] (45)
113 : [51, 156, 346, 354, 540, 542] (43)
114 : [24, 57, 368, 455] (44)
115 : [49, 147, 262, 321, 402, 447] (43)
116 : [56, 356, 416, 507] (44)
117 : [34, 180, 186, 286, 459] (42)
118 : [37, 400, 411, 498, 522] (42)
119 : [155, 202, 322, 421, 535] (43)
120 : [226, 295, 303, 466, 472, 476] (43)
121 : [66, 129, 237, 332, 481, 539] (42)
122 : [179, 215, 218, 249, 299, 556] (43)
123 : [140, 209, 343] (44)
124 : [121, 252, 310, 414, 548, 558] (44)
125 : [149, 213, 268, 353, 531] (45)
126 : [205, 287, 294, 412, 443] (43)
127 : [388, 482, 526] (44)
128 : [233, 259, 469, 554, 590] (44)
129 : [16, 135, 183, 204, 274, 360] (43)
130 : [97, 110, 293, 351, 595] (43)
131 : [14, 317, 369] (44)
132 : [59, 132, 197, 275, 301, 491, 598] (43)
133 : [108, 260, 513, 583] (44)
134 : [200, 208, 520, 584] (45)
135 : [27, 28, 38, 563] (45)
136 : [55, 67, 148, 261, 549] (46)
137 : [20, 63, 101, 313, 441] (46)
138 : [273, 382, 413] (44)
139 : [31, 88, 93, 404, 450, 460, 464, 501] (45)
140 : [11, 54, 223, 376] (39)
141 : [9, 115, 280, 320, 329] (38)
142 : [123, 398, 596] (39)
143 : [47, 234, 305, 328, 361, 409] (40)
144 : [43, 339, 392] (36)
145 : [72, 221, 241, 284, 456] (33)
146 : [] (0)
