Name: 600-20-30
Time: 14.08826231956482 
Result: 3030
Solution:  110 22 12 101 33 68 65 79 84 24 55 56 65 76 80 95 40 58 59 66 74 24 86 108 87 67 104 4 69 14 32 70 45 89 48 107 16 39 16 45 19 26 109 49 102 68 9 100 44 101 28 12 30 63 59 67 22 14 78 23 91 62 105 78 111 93 104 63 38 109 3 84 64 84 110 55 88 28 8 29 7 33 47 99 59 71 112 18 5 91 102 37 38 41 19 111 49 95 61 74 21 75 42 95 94 52 27 14 67 113 19 89 70 30 82 87 95 78 78 83 81 53 46 7 29 101 108 82 98 50 32 105 106 4 73 29 92 40 49 77 4 74 66 73 69 57 9 17 102 113 54 103 102 61 89 97 59 47 85 97 19 106 11 24 83 28 46 14 81 31 15 18 78 36 64 5 63 49 71 59 24 40 113 17 55 44 45 17 58 30 4 62 102 41 90 20 91 21 74 98 53 19 37 23 39 61 99 107 83 111 12 101 32 84 50 86 90 10 91 12 68 7 88 56 100 69 108 21 58 6 69 94 107 41 15 65 70 100 84 106 26 87 68 40 3 20 25 16 20 18 13 43 11 65 96 18 86 32 88 73 95 5 64 113 70 49 45 9 34 107 85 33 9 57 99 70 34 104 67 111 72 105 64 99 52 107 106 93 66 102 100 8 84 97 99 46 31 68 85 40 104 61 81 48 91 93 102 31 71 88 92 69 23 11 38 76 76 11 30 66 35 83 60 28 73 65 53 36 102 22 7 45 44 109 68 67 4 73 75 4 35 58 77 96 68 94 94 3 80 22 69 37 108 32 93 82 11 29 67 25 83 35 97 70 76 60 7 29 99 13 16 40 109 76 91 42 100 105 72 106 27 76 68 29 89 78 14 104 54 15 75 46 77 72 57 26 56 73 51 101 7 12 77 113 54 25 44 43 82 97 96 79 88 105 83 99 45 50 25 98 41 113 108 113 6 92 93 40 63 88 37 52 7 73 57 99 53 14 64 78 17 6 82 110 92 8 30 109 54 87 40 48 48 14 61 112 64 56 17 46 82 35 103 81 85 106 51 60 47 43 52 43 107 35 7 93 90 15 73 88 74 42 82 81 22 59 67 28 10 39 38 52 86 78 27 41 101 71 30 80 93 110 58 92 52 79 92 86 40 84 25 34 62 54 110 36 12 23 20 80 111 22 72 5 93 92 6 71 11 8 89 10 37 75 52 15 106 105 48 90 92 71 26 30 59 90 18 17 61 98 24 43 60 75 81 29 73 66 101 46 49 77 74 55 90 7 44 88 33 41 58 87 23 111 62 51 23 23 34 14 58 78 34 6 89 23 68 51 7 37 86 40 21 98 55 94 111 98 112 79
0 : [] (0)
1 : [] (0)
2 : [] (0)
3 : [70, 244, 347] (19)
4 : [27, 133, 140, 190, 336, 339] (20)
5 : [88, 175, 261, 523] (21)
6 : [229, 424, 441, 526, 583] (20)
7 : [80, 123, 221, 330, 366, 400, 432, 474, 565, 588] (19)
8 : [78, 291, 445, 529] (19)
9 : [46, 146, 267, 272] (21)
10 : [217, 488, 531] (20)
11 : [162, 252, 313, 317, 356, 528] (21)
12 : [2, 51, 210, 219, 401, 516] (21)
13 : [250, 369] (21)
14 : [29, 57, 107, 167, 386, 437, 453, 579] (21)
15 : [170, 234, 389, 477, 535] (22)
16 : [36, 38, 247, 370] (21)
17 : [147, 183, 187, 440, 458, 547] (21)
18 : [87, 171, 249, 255, 546] (21)
19 : [40, 94, 110, 160, 201] (21)
20 : [195, 245, 248, 518] (24)
21 : [100, 197, 227, 592] (23)
22 : [1, 56, 329, 349, 484, 521] (21)
23 : [59, 203, 312, 517, 572, 576, 577, 585] (21)
24 : [9, 21, 163, 180, 550] (21)
25 : [246, 359, 405, 418, 510] (21)
26 : [41, 240, 395, 542] (22)
27 : [106, 380, 494] (22)
28 : [50, 77, 165, 323, 487] (24)
29 : [79, 124, 135, 357, 367, 383, 555] (22)
30 : [52, 113, 189, 318, 446, 498, 543] (23)
31 : [169, 296, 307] (22)
32 : [30, 130, 212, 257, 353] (24)
33 : [4, 81, 271, 568] (23)
34 : [268, 276, 511, 578, 582] (23)
35 : [320, 340, 361, 461, 473] (23)
36 : [173, 327, 515] (24)
37 : [91, 202, 351, 430, 532, 589] (25)
38 : [68, 92, 314, 490] (26)
39 : [37, 204, 489] (22)
40 : [16, 137, 181, 243, 299, 371, 427, 450, 508, 591] (22)
41 : [93, 193, 233, 420, 495, 569] (23)
42 : [102, 375, 481] (22)
43 : [251, 407, 469, 471, 551] (22)
44 : [48, 185, 332, 406, 566] (21)
45 : [32, 39, 186, 266, 331, 416] (23)
46 : [122, 166, 295, 391, 459, 559] (22)
47 : [82, 157, 468] (24)
48 : [34, 303, 451, 452, 538] (24)
49 : [43, 96, 138, 177, 265, 560] (24)
50 : [129, 214, 417] (26)
51 : [398, 466, 575, 587] (25)
52 : [105, 284, 431, 470, 491, 504, 534] (26)
53 : [121, 200, 326, 436] (27)
54 : [150, 388, 404, 448, 513] (27)
55 : [10, 75, 184, 563, 594] (27)
56 : [11, 223, 396, 457] (27)
57 : [145, 273, 394, 434] (25)
58 : [17, 188, 228, 341, 502, 570, 580] (27)
59 : [18, 54, 84, 156, 179, 485, 544] (25)
60 : [322, 365, 467, 552] (25)
61 : [98, 153, 205, 301, 454, 548] (25)
62 : [61, 191, 512, 574] (26)
63 : [53, 67, 176, 428] (26)
64 : [72, 174, 262, 282, 438, 456] (26)
65 : [6, 12, 235, 253, 325] (27)
66 : [19, 142, 288, 319, 557] (26)
67 : [25, 55, 108, 278, 335, 358, 486] (26)
68 : [5, 45, 220, 242, 297, 334, 344, 382, 586] (26)
69 : [28, 144, 225, 230, 311, 350] (26)
70 : [31, 112, 236, 264, 275, 363] (26)
71 : [85, 178, 308, 497, 527, 541] (27)
72 : [280, 378, 393, 522] (27)
73 : [134, 143, 259, 324, 337, 397, 433, 478, 556] (27)
74 : [20, 99, 141, 198, 480, 562] (27)
75 : [101, 338, 390, 533, 553] (27)
76 : [13, 315, 316, 364, 373, 381] (27)
77 : [139, 342, 392, 402, 561] (27)
78 : [58, 63, 117, 118, 172, 385, 439, 493, 581] (27)
79 : [7, 411, 505, 599] (28)
80 : [14, 348, 499, 519] (28)
81 : [120, 168, 302, 463, 483, 554] (28)
82 : [114, 127, 355, 408, 442, 460, 482] (28)
83 : [119, 164, 208, 321, 360, 414] (28)
84 : [8, 71, 73, 213, 238, 292, 509] (28)
85 : [158, 270, 298, 464] (26)
86 : [22, 215, 256, 492, 507, 590] (28)
87 : [24, 115, 241, 449, 571] (26)
88 : [76, 222, 258, 309, 412, 429, 479, 567] (28)
89 : [33, 111, 154, 384, 530, 584] (27)
90 : [194, 216, 476, 539, 545, 564] (28)
91 : [60, 89, 196, 218, 304, 374] (28)
92 : [136, 310, 425, 444, 503, 506, 525, 540] (29)
93 : [65, 287, 305, 354, 426, 475, 500, 524] (29)
94 : [104, 231, 345, 346, 595] (29)
95 : [15, 97, 103, 116, 260] (29)
96 : [254, 343, 410] (29)
97 : [155, 159, 293, 362, 409] (30)
98 : [128, 199, 419, 549, 593, 597] (29)
99 : [83, 206, 274, 283, 294, 368, 415, 435] (28)
100 : [47, 224, 237, 290, 376] (30)
101 : [3, 49, 125, 211, 399, 496, 558] (29)
102 : [44, 90, 148, 152, 192, 289, 306, 328] (28)
103 : [151, 462] (30)
104 : [26, 66, 277, 300, 387] (30)
105 : [62, 131, 281, 377, 413, 537] (29)
106 : [132, 161, 239, 286, 379, 465, 536] (27)
107 : [35, 207, 232, 269, 285, 472] (28)
108 : [23, 126, 226, 352, 422] (28)
109 : [42, 69, 333, 372, 447] (29)
110 : [0, 74, 443, 501, 514] (29)
111 : [64, 95, 209, 279, 520, 573, 596] (29)
112 : [86, 455, 598] (27)
113 : [109, 149, 182, 263, 403, 421, 423] (21)
114 : [] (0)
115 : [] (0)
