Name: 600-30-45
Time: 13.855804920196533 
Result: 6047
Solution:  71 82 53 73 71 57 51 26 55 142 17 140 85 7 131 15 127 49 9 71 136 109 29 46 111 46 98 133 137 37 82 139 38 64 117 25 88 118 135 43 53 31 104 143 63 51 109 145 65 114 74 113 24 95 141 135 118 114 2 132 62 68 23 136 33 86 120 138 67 102 109 76 144 90 14 93 23 31 67 21 52 82 59 29 107 86 14 40 139 57 98 33 10 138 62 8 52 129 71 48 24 137 24 22 92 4 41 97 135 19 132 112 45 110 70 140 88 113 78 33 108 123 82 144 65 10 93 79 75 121 107 103 129 66 100 129 80 8 96 9 125 57 101 21 78 42 18 115 138 122 71 8 77 57 47 118 111 56 54 98 44 4 23 97 69 15 63 99 44 12 27 110 111 44 57 61 52 59 50 123 117 7 104 130 74 38 117 64 83 56 50 29 5 93 50 82 18 131 91 103 134 68 119 8 130 130 17 106 134 126 95 31 75 127 15 122 47 96 120 102 105 144 20 141 101 43 120 69 21 28 77 82 21 127 144 4 97 121 13 45 34 144 88 7 86 87 86 76 60 124 63 26 121 34 93 95 46 65 89 128 133 135 115 79 26 87 36 102 125 87 35 105 79 138 129 132 41 70 36 100 139 54 28 10 145 2 121 124 102 24 60 2 93 132 127 120 110 105 65 123 82 132 105 120 35 144 7 68 40 73 122 65 73 133 61 93 107 131 60 42 141 116 118 25 99 7 56 15 143 142 44 2 121 36 84 23 69 5 55 143 66 36 66 124 83 82 113 103 110 61 66 129 16 127 116 50 117 8 28 73 129 143 62 31 27 111 36 88 114 128 36 72 36 52 100 105 140 14 106 111 72 9 136 34 85 29 78 18 126 28 13 27 140 54 48 47 49 58 142 37 119 51 116 105 141 35 58 74 65 144 48 116 126 139 124 20 115 24 15 89 100 119 91 99 49 17 70 16 58 9 90 52 45 80 74 73 91 13 92 108 23 138 104 128 17 89 17 115 53 65 135 22 84 107 33 113 145 86 62 118 137 10 84 81 140 19 123 71 106 128 107 58 122 44 78 28 121 34 101 12 40 120 125 103 25 83 64 109 4 94 19 130 78 29 4 81 30 35 118 75 28 138 21 30 95 81 22 116 19 90 20 94 99 133 39 40 18 40 39 8 134 96 120 27 91 54 128 5 45 65 112 127 62 48 99 119 70 101 91 121 116 60 114 52 75 96 96 72 126 136 108 97 7 7 131 47 122 51 124 48 54 85 5 136 55 17 87 82 13 59 42 42 107 14 41 2 44 38 84 92 81 40 29 133 134 79 37 31 87 39 130 62 16 111 50 131 142 4 132 16
0 : [] (0)
1 : [] (0)
2 : [58, 285, 291, 331, 575] (42)
3 : [] (0)
4 : [105, 161, 235, 488, 494, 597] (42)
5 : [192, 337, 527, 562] (30)
6 : [] (0)
7 : [13, 181, 243, 306, 325, 552, 553] (36)
8 : [95, 137, 151, 203, 357, 519] (38)
9 : [18, 139, 381, 429] (33)
10 : [92, 125, 283, 461] (36)
11 : [] (0)
12 : [169, 479] (32)
13 : [238, 390, 437, 568] (31)
14 : [74, 86, 377, 573] (33)
15 : [15, 165, 214, 327, 418] (32)
16 : [352, 427, 592, 599] (31)
17 : [10, 206, 425, 444, 446, 565] (31)
18 : [146, 196, 387, 516] (32)
19 : [109, 465, 490, 508] (31)
20 : [222, 415, 510] (36)
21 : [79, 143, 228, 232, 502] (32)
22 : [103, 451, 506] (35)
23 : [62, 76, 162, 335, 440] (33)
24 : [52, 100, 102, 289, 417] (34)
25 : [35, 323, 484] (34)
26 : [7, 251, 264] (32)
27 : [170, 364, 391, 523] (31)
28 : [229, 282, 358, 389, 475, 500] (32)
29 : [22, 83, 191, 385, 493, 582] (35)
30 : [496, 503] (34)
31 : [41, 77, 211, 363, 587] (36)
32 : [] (0)
33 : [64, 91, 119, 454] (37)
34 : [240, 253, 383, 477] (33)
35 : [270, 304, 405, 497] (33)
36 : [266, 278, 333, 341, 366, 370, 372] (32)
37 : [29, 399, 586] (34)
38 : [32, 185, 577] (36)
39 : [514, 518, 589] (33)
40 : [87, 308, 480, 515, 517, 581] (36)
41 : [106, 276, 574] (34)
42 : [145, 319, 570, 571] (36)
43 : [39, 225] (35)
44 : [160, 168, 173, 330, 473, 576] (35)
45 : [112, 239, 432, 528] (33)
46 : [23, 25, 256] (36)
47 : [154, 216, 395, 555] (32)
48 : [99, 394, 410, 533, 559] (32)
49 : [17, 396, 424] (33)
50 : [178, 190, 194, 355, 594] (31)
51 : [6, 45, 401, 557] (37)
52 : [80, 96, 176, 373, 431, 543] (35)
53 : [2, 40, 448] (34)
54 : [158, 281, 393, 525, 560] (35)
55 : [8, 338, 564] (38)
56 : [157, 189, 326] (35)
57 : [5, 89, 141, 153, 174] (38)
58 : [397, 406, 428, 471] (36)
59 : [82, 177, 569] (38)
60 : [248, 290, 318, 541] (36)
61 : [175, 314, 349] (39)
62 : [60, 94, 362, 458, 532, 591] (35)
63 : [44, 166, 250] (35)
64 : [33, 187, 486] (37)
65 : [48, 124, 257, 298, 311, 408, 449, 529] (34)
66 : [133, 340, 342, 350] (35)
67 : [68, 78] (39)
68 : [61, 201, 307] (35)
69 : [164, 227, 336] (37)
70 : [114, 277, 426, 536] (34)
71 : [0, 4, 19, 98, 150, 467] (28)
72 : [371, 380, 547] (34)
73 : [3, 309, 312, 359, 435] (33)
74 : [50, 184, 407, 434] (35)
75 : [128, 212, 499, 544] (36)
76 : [71, 247] (36)
77 : [152, 230] (40)
78 : [118, 144, 386, 474, 492] (36)
79 : [127, 263, 272, 585] (36)
80 : [136, 433] (34)
81 : [463, 495, 505, 580] (35)
82 : [1, 30, 81, 122, 195, 231, 300, 345, 567] (33)
83 : [188, 344, 485] (36)
84 : [334, 452, 462, 578] (37)
85 : [12, 384, 561] (44)
86 : [65, 85, 244, 246, 457] (39)
87 : [245, 265, 269, 566, 588] (39)
88 : [36, 116, 242, 367] (40)
89 : [258, 419, 445] (44)
90 : [73, 430, 509] (42)
91 : [198, 422, 436, 524, 538] (41)
92 : [104, 438, 579] (42)
93 : [75, 126, 193, 254, 292, 315] (41)
94 : [489, 511] (41)
95 : [53, 210, 255, 504] (41)
96 : [138, 217, 521, 545, 546] (40)
97 : [107, 163, 236, 551] (44)
98 : [26, 90, 159] (43)
99 : [167, 324, 423, 512, 534] (37)
100 : [134, 279, 374, 420] (37)
101 : [142, 224, 478, 537] (41)
102 : [69, 219, 267, 288] (43)
103 : [131, 199, 347, 483] (40)
104 : [42, 182, 442] (43)
105 : [220, 271, 297, 302, 375, 403] (40)
106 : [207, 378, 468] (41)
107 : [84, 130, 316, 453, 470, 572] (39)
108 : [120, 439, 550] (39)
109 : [21, 46, 70, 487] (40)
110 : [113, 171, 296, 348] (41)
111 : [24, 156, 172, 365, 379, 593] (43)
112 : [111, 530] (42)
113 : [51, 117, 346, 455] (42)
114 : [49, 57, 368, 542] (42)
115 : [147, 262, 416, 447] (44)
116 : [321, 354, 402, 411, 507, 540] (42)
117 : [34, 180, 186, 356] (45)
118 : [37, 56, 155, 322, 459, 498] (42)
119 : [202, 400, 421, 535] (46)
120 : [66, 218, 226, 295, 303, 481, 522] (42)
121 : [129, 237, 252, 286, 332, 476, 539] (42)
122 : [149, 215, 310, 472, 556] (44)
123 : [121, 179, 299, 466] (44)
124 : [249, 287, 343, 414, 558] (45)
125 : [140, 268, 482] (44)
126 : [209, 388, 412, 548] (43)
127 : [16, 213, 233, 294, 353, 531] (45)
128 : [259, 369, 443, 469, 526] (43)
129 : [97, 132, 135, 274, 351, 360] (43)
130 : [183, 204, 205, 491, 590] (44)
131 : [14, 197, 317, 554, 595] (43)
132 : [59, 110, 275, 293, 301, 598] (45)
133 : [27, 260, 313, 513, 583] (43)
134 : [200, 208, 520, 584] (45)
135 : [38, 55, 108, 261, 450] (46)
136 : [20, 63, 382, 549, 563] (47)
137 : [28, 101, 460] (41)
138 : [67, 93, 148, 273, 441, 501] (43)
139 : [31, 88, 280, 413] (42)
140 : [11, 115, 376, 392, 464] (42)
141 : [54, 223, 320, 404] (41)
142 : [9, 329, 398, 596] (42)
143 : [43, 328, 339, 361] (37)
144 : [72, 123, 221, 234, 241, 305, 409] (34)
145 : [47, 284, 456] (37)
146 : [] (0)
