Name: 600-30-45
Time: 13.912197828292847 
Result: 9045
Solution:  72 81 53 73 73 57 52 27 56 140 18 138 87 6 130 12 127 50 11 72 136 109 30 46 112 45 100 131 138 36 81 139 33 64 118 27 88 119 137 45 54 31 104 143 60 51 109 145 66 116 75 112 26 92 141 135 115 113 3 133 61 69 22 134 31 86 119 136 67 99 110 76 142 91 14 95 22 30 69 22 51 81 59 33 108 85 15 40 139 54 98 33 9 138 64 10 50 130 71 48 26 138 26 22 92 7 39 96 133 23 132 111 44 108 68 142 88 110 76 34 106 124 81 144 67 13 92 82 75 122 109 105 131 69 100 129 80 10 92 9 123 57 101 20 78 41 16 117 135 122 71 7 77 61 46 120 113 56 55 95 46 5 23 98 68 15 64 102 44 12 27 111 115 39 60 62 53 64 51 124 118 7 101 126 74 36 117 65 83 55 46 32 3 93 50 79 18 131 92 102 132 72 120 7 131 129 14 107 134 124 95 34 75 128 18 123 47 94 120 103 106 144 20 142 102 43 117 68 22 24 78 79 24 128 144 3 98 121 13 43 34 145 89 5 86 88 84 74 59 124 65 25 120 33 94 93 47 65 89 127 133 136 113 79 26 89 38 102 126 89 38 105 79 137 133 131 41 68 38 101 140 54 27 11 145 3 120 122 102 24 63 4 92 130 123 119 108 104 63 123 84 133 106 116 32 144 10 68 38 73 122 63 71 135 61 98 105 129 60 43 141 116 116 24 99 7 53 14 142 141 43 5 118 38 85 25 70 8 55 143 65 36 66 125 83 81 118 103 113 62 63 125 17 126 115 51 113 8 28 73 131 143 59 30 28 112 35 88 114 130 35 72 36 55 99 105 141 15 106 110 74 10 136 35 85 31 79 18 126 31 14 23 143 54 50 49 49 56 142 39 116 49 116 105 141 35 57 70 63 144 47 116 124 140 124 22 116 23 16 87 101 119 91 99 48 16 71 13 60 9 90 54 42 80 76 72 90 11 91 107 19 135 104 125 17 90 16 115 52 63 139 18 84 108 33 116 144 85 63 118 137 10 84 79 138 19 121 70 106 128 112 57 121 44 75 30 120 34 100 13 37 121 127 103 25 83 66 110 6 97 19 136 78 31 3 81 29 38 119 75 28 137 23 29 95 82 23 117 20 90 20 96 99 135 41 40 19 42 40 7 132 97 118 26 93 52 126 6 46 65 111 126 62 48 103 114 69 104 91 121 115 59 113 52 77 97 93 73 123 136 108 98 7 7 132 47 122 50 124 46 54 86 5 137 56 18 88 82 12 59 42 44 109 14 40 3 42 38 86 94 81 41 28 134 131 79 37 33 87 37 128 61 17 112 49 130 139 4 134 15
0 : [] (0)
1 : [] (0)
2 : [] (0)
3 : [58, 192, 235, 285, 494, 575] (32)
4 : [291, 597] (30)
5 : [161, 243, 331, 562] (30)
6 : [13, 488, 527] (25)
7 : [105, 151, 181, 203, 325, 519, 552, 553] (26)
8 : [337, 357] (32)
9 : [92, 139, 429] (30)
10 : [95, 137, 306, 381, 461] (30)
11 : [18, 283, 437] (30)
12 : [15, 169, 568] (35)
13 : [125, 238, 427, 479] (34)
14 : [74, 206, 327, 390, 573] (30)
15 : [86, 165, 377, 599] (31)
16 : [146, 418, 425, 446] (34)
17 : [352, 444, 592] (33)
18 : [10, 196, 214, 387, 451, 565] (37)
19 : [440, 465, 490, 516] (35)
20 : [143, 222, 508, 510] (36)
21 : [] (0)
22 : [62, 76, 79, 103, 228, 415] (31)
23 : [109, 162, 391, 417, 502, 506] (31)
24 : [229, 232, 289, 323] (36)
25 : [251, 335, 484] (35)
26 : [52, 100, 102, 264, 523] (35)
27 : [7, 35, 170, 282] (30)
28 : [358, 364, 500, 582] (30)
29 : [496, 503] (34)
30 : [22, 77, 363, 475] (37)
31 : [41, 64, 385, 389, 493] (32)
32 : [191, 304] (32)
33 : [32, 83, 91, 253, 454, 587] (33)
34 : [119, 211, 240, 477] (32)
35 : [366, 370, 383, 405] (33)
36 : [29, 185, 341, 372] (34)
37 : [480, 586, 589] (36)
38 : [266, 270, 278, 308, 333, 497, 577] (32)
39 : [106, 173, 399] (34)
40 : [87, 515, 518, 574] (33)
41 : [145, 276, 514, 581] (33)
42 : [432, 517, 570, 576] (33)
43 : [225, 239, 319, 330] (34)
44 : [112, 168, 473, 571] (32)
45 : [25, 39] (34)
46 : [23, 154, 160, 190, 528, 559] (30)
47 : [216, 256, 410, 555] (34)
48 : [99, 424, 533] (35)
49 : [395, 396, 401, 594] (31)
50 : [17, 96, 194, 394, 557] (31)
51 : [45, 80, 178, 355] (39)
52 : [6, 448, 525, 543] (34)
53 : [2, 176, 326] (36)
54 : [40, 89, 281, 393, 431, 560] (35)
55 : [158, 189, 338, 373] (37)
56 : [8, 157, 397, 564] (39)
57 : [5, 141, 406, 471] (33)
58 : [] (0)
59 : [82, 248, 362, 541, 569] (43)
60 : [44, 174, 318, 428] (35)
61 : [60, 153, 314, 591] (35)
62 : [175, 349, 532] (36)
63 : [290, 298, 311, 350, 408, 449, 458] (35)
64 : [33, 94, 166, 177] (39)
65 : [187, 250, 257, 340, 529] (40)
66 : [48, 342, 486] (39)
67 : [68, 124] (38)
68 : [114, 164, 227, 277, 307] (39)
69 : [61, 78, 133, 536] (43)
70 : [336, 407, 467] (36)
71 : [98, 150, 312, 426] (35)
72 : [0, 19, 201, 371, 435] (34)
73 : [3, 4, 309, 359, 547] (34)
74 : [184, 247, 380] (36)
75 : [50, 128, 212, 474, 499] (33)
76 : [71, 118, 434] (34)
77 : [152, 544] (37)
78 : [144, 230, 492] (41)
79 : [195, 231, 263, 272, 386, 463, 585] (35)
80 : [136, 433] (34)
81 : [1, 30, 81, 122, 345, 495, 580] (34)
82 : [127, 505, 567] (37)
83 : [188, 344, 485] (36)
84 : [246, 300, 452, 462] (37)
85 : [85, 334, 384, 457] (39)
86 : [65, 244, 561, 578] (38)
87 : [12, 419, 588] (41)
88 : [36, 116, 245, 367, 566] (40)
89 : [242, 258, 265, 269] (44)
90 : [430, 436, 445, 509] (41)
91 : [73, 422, 438, 538] (40)
92 : [53, 104, 126, 138, 198, 292] (38)
93 : [193, 255, 524, 546] (39)
94 : [217, 254, 579] (41)
95 : [75, 159, 210, 504] (40)
96 : [107, 511] (42)
97 : [489, 521, 545] (42)
98 : [90, 163, 236, 315, 551] (42)
99 : [69, 324, 374, 423, 512] (39)
100 : [26, 134, 478] (44)
101 : [142, 182, 279, 420] (43)
102 : [167, 199, 224, 267, 288] (39)
103 : [219, 347, 483, 534] (43)
104 : [42, 297, 442, 537] (42)
105 : [131, 271, 316, 375, 403] (42)
106 : [120, 220, 302, 378, 468] (42)
107 : [207, 439] (42)
108 : [84, 113, 296, 453, 550] (43)
109 : [21, 46, 130, 572] (45)
110 : [70, 117, 379, 487] (44)
111 : [111, 171, 530] (44)
112 : [24, 51, 365, 470, 593] (43)
113 : [57, 156, 262, 348, 356, 542] (41)
114 : [368, 535] (42)
115 : [56, 172, 354, 447, 540] (43)
116 : [49, 303, 321, 322, 400, 402, 411, 416, 455] (40)
117 : [147, 186, 226, 507] (45)
118 : [34, 180, 332, 346, 459, 522] (45)
119 : [37, 66, 295, 421, 498] (44)
120 : [155, 202, 218, 252, 286, 476] (45)
121 : [237, 466, 472, 481, 539] (45)
122 : [129, 149, 287, 310, 556] (44)
123 : [140, 215, 294, 299, 548] (44)
124 : [121, 179, 209, 249, 412, 414, 558] (45)
125 : [343, 351, 443] (44)
126 : [183, 268, 353, 388, 526, 531] (42)
127 : [16, 259, 482] (44)
128 : [213, 233, 469, 590] (45)
129 : [135, 205, 317] (41)
130 : [14, 97, 293, 369, 595] (43)
131 : [27, 132, 197, 204, 275, 360, 584] (42)
132 : [110, 200, 520, 554] (43)
133 : [59, 108, 260, 274, 301] (40)
134 : [63, 208, 583, 598] (42)
135 : [55, 148, 313, 441, 513] (43)
136 : [20, 67, 261, 382, 491, 549] (45)
137 : [38, 273, 460, 501, 563] (42)
138 : [11, 28, 93, 101, 464] (42)
139 : [31, 88, 450, 596] (43)
140 : [9, 280, 413] (41)
141 : [54, 320, 329, 376, 404] (39)
142 : [72, 115, 223, 328, 398] (39)
143 : [43, 339, 361, 392] (44)
144 : [123, 221, 234, 305, 409, 456] (39)
145 : [47, 241, 284] (30)
146 : [] (0)
