Name: 600-40-60
Time: 14.11930775642395 
Result: 60
Solution:  82 19 39 53 28 35 104 74 100 24 3 112 15 79 110 54 61 58 46 42 35 59 94 60 3 64 85 63 69 100 23 49 27 108 46 73 113 111 38 72 92 73 15 96 25 73 34 42 65 70 94 80 78 101 86 47 33 96 35 13 47 30 90 82 106 52 94 53 77 52 91 84 14 108 65 51 11 94 23 119 22 93 108 34 28 72 3 104 38 96 94 21 98 79 100 105 94 27 63 62 14 58 107 84 87 77 8 91 8 117 30 11 4 55 9 35 13 42 68 94 61 76 48 86 67 73 64 100 62 70 4 106 11 102 106 38 53 104 45 107 14 100 17 37 67 86 62 21 6 4 11 109 89 44 102 14 48 15 18 50 34 72 57 72 90 42 115 83 35 56 25 43 37 82 66 29 47 102 95 87 73 116 85 41 24 117 45 54 23 71 101 43 58 97 111 72 111 86 48 73 32 6 113 88 117 109 86 6 57 117 69 108 82 11 95 86 113 25 29 86 101 21 89 5 81 111 67 17 76 64 49 9 69 90 91 100 46 81 74 95 39 110 13 103 48 77 32 59 66 7 97 24 58 97 21 101 22 16 108 42 13 56 78 32 9 115 34 81 20 105 57 113 9 98 64 110 110 99 109 50 45 15 69 6 92 18 40 110 85 55 9 66 61 119 78 58 105 18 21 30 8 26 44 119 42 6 89 79 92 59 81 15 98 38 68 105 28 36 49 93 64 67 66 117 41 75 97 7 106 27 53 116 18 17 102 103 7 91 115 31 97 92 78 32 80 103 107 30 63 37 112 60 116 107 92 68 43 65 93 49 107 64 3 80 54 115 101 52 114 7 31 111 89 19 62 81 48 103 21 30 62 76 28 91 79 78 4 9 41 50 95 95 113 26 73 19 116 98 43 9 33 36 37 83 50 3 90 35 41 11 53 104 24 55 60 93 12 18 21 34 96 74 99 78 16 57 36 71 54 88 70 46 20 61 85 42 116 96 85 83 33 43 11 113 22 5 84 117 24 87 99 107 59 98 95 111 72 16 51 27 109 61 28 92 93 77 117 12 5 75 19 22 101 16 102 21 37 40 48 51 71 111 71 36 82 31 112 43 110 32 65 107 18 3 56 109 52 12 30 12 92 116 53 28 59 38 68 74 75 17 99 100 101 42 76 88 89 15 5 44 51 88 112 68 33 28 24 26 35 27 59 115 98 80 27 87 97 20 99 86 49 55 70 115 30 105 69 39 82 8 29 63 24 61 76 85 50 60 71 47 55 80 38 27 47 57 71 64 6 104 40 56 114 54 51 113 59 92 105 8 6 9 46 104 110 70 114 88 39 21 12 25 23 113 6 79 17 12 85 47
0 : [] (0)
1 : [] (0)
2 : [] (0)
3 : [10, 24, 86, 362, 405, 493] (42)
4 : [112, 130, 149, 386] (50)
5 : [223, 445, 468, 518] (44)
6 : [148, 201, 207, 283, 305, 568, 580, 594] (43)
7 : [249, 327, 336, 369] (41)
8 : [106, 108, 300, 549, 579] (53)
9 : [114, 231, 264, 272, 290, 387, 399, 581] (53)
10 : [] (0)
11 : [76, 111, 132, 150, 213, 409, 442] (42)
12 : [416, 467, 497, 499, 590, 597] (40)
13 : [59, 116, 242, 260] (42)
14 : [72, 100, 140, 155] (44)
15 : [12, 42, 157, 281, 311, 517] (45)
16 : [257, 424, 457, 473] (43)
17 : [142, 227, 333, 509, 596] (43)
18 : [158, 285, 297, 332, 417, 492] (43)
19 : [1, 373, 395, 470] (46)
20 : [268, 432, 537] (41)
21 : [91, 147, 221, 254, 298, 378, 418, 475, 589] (42)
22 : [80, 256, 444, 471] (42)
23 : [30, 78, 188, 592] (45)
24 : [9, 184, 251, 412, 448, 526, 552] (42)
25 : [44, 170, 217, 591] (42)
26 : [301, 393, 527] (42)
27 : [32, 97, 329, 459, 529, 534, 563] (43)
28 : [4, 84, 316, 382, 462, 503, 525] (44)
29 : [175, 218, 550] (45)
30 : [61, 110, 299, 347, 379, 498, 544] (40)
31 : [339, 370, 485] (41)
32 : [200, 246, 263, 343, 489] (45)
33 : [56, 400, 440, 524] (45)
34 : [46, 83, 160, 266, 419] (45)
35 : [5, 20, 58, 115, 168, 407, 528] (41)
36 : [317, 401, 426, 483] (43)
37 : [143, 172, 349, 402, 476] (44)
38 : [38, 88, 135, 313, 505, 562] (40)
39 : [2, 240, 547, 588] (45)
40 : [286, 477, 570] (41)
41 : [183, 324, 388, 408] (43)
42 : [19, 47, 117, 165, 259, 304, 435, 513] (43)
43 : [171, 191, 356, 398, 441, 487] (42)
44 : [153, 302, 519] (50)
45 : [138, 186, 280] (47)
46 : [18, 34, 236, 431, 582] (48)
47 : [55, 60, 176, 559, 564, 599] (47)
48 : [122, 156, 198, 244, 376, 478] (45)
49 : [31, 230, 318, 359, 540] (50)
50 : [159, 279, 389, 404, 556] (50)
51 : [75, 458, 479, 520, 574] (51)
52 : [65, 69, 367, 496] (51)
53 : [3, 67, 136, 330, 410, 502] (50)
54 : [15, 187, 364, 428, 573] (50)
55 : [113, 289, 413, 541, 560] (53)
56 : [169, 261, 494, 571] (54)
57 : [162, 208, 270, 425, 565] (48)
58 : [17, 101, 192, 252, 295] (48)
59 : [21, 247, 309, 452, 504, 530, 576] (47)
60 : [23, 351, 414, 557] (48)
61 : [16, 120, 292, 433, 461, 553] (46)
62 : [99, 128, 146, 374, 380] (46)
63 : [27, 98, 348, 551] (46)
64 : [25, 126, 229, 274, 320, 361, 567] (48)
65 : [48, 74, 357, 490] (56)
66 : [174, 248, 291, 322] (48)
67 : [124, 144, 226, 321] (51)
68 : [118, 314, 355, 506, 523] (48)
69 : [28, 210, 232, 282, 546] (48)
70 : [49, 129, 430, 542, 585] (52)
71 : [189, 427, 480, 482, 558, 566] (50)
72 : [39, 85, 161, 163, 195, 456] (50)
73 : [35, 41, 45, 125, 180, 199, 394] (50)
74 : [7, 238, 421, 507] (55)
75 : [325, 469, 508] (52)
76 : [121, 228, 381, 514, 554] (56)
77 : [68, 105, 245, 465] (55)
78 : [52, 262, 294, 342, 385, 423] (53)
79 : [13, 93, 307, 384, 595] (54)
80 : [51, 344, 363, 533, 561] (57)
81 : [224, 237, 267, 310, 375] (58)
82 : [0, 63, 173, 212, 484, 548] (57)
83 : [167, 403, 439] (60)
84 : [71, 103, 446] (56)
85 : [26, 182, 288, 434, 438, 555, 598] (51)
86 : [54, 123, 145, 197, 206, 215, 219, 539] (52)
87 : [104, 179, 449, 535] (52)
88 : [203, 429, 515, 521, 587] (53)
89 : [152, 222, 306, 372, 516] (52)
90 : [62, 164, 233, 406] (55)
91 : [70, 107, 234, 337, 383] (57)
92 : [40, 284, 308, 341, 354, 463, 500, 577] (55)
93 : [81, 319, 358, 415, 464] (57)
94 : [22, 50, 66, 77, 90, 96, 119] (55)
95 : [178, 214, 239, 390, 391, 454] (58)
96 : [43, 57, 89, 420, 437] (57)
97 : [193, 250, 253, 326, 340, 536] (57)
98 : [92, 273, 312, 397, 453, 532] (56)
99 : [277, 422, 450, 510, 538] (60)
100 : [8, 29, 94, 127, 141, 235, 511] (57)
101 : [53, 190, 220, 255, 366, 472, 512] (57)
102 : [133, 154, 177, 334, 474] (57)
103 : [243, 335, 345, 377] (56)
104 : [6, 87, 137, 411, 569, 583] (59)
105 : [95, 269, 296, 315, 545, 578] (58)
106 : [64, 131, 134, 328] (59)
107 : [102, 139, 346, 353, 360, 451, 491] (56)
108 : [33, 73, 82, 211, 258] (56)
109 : [151, 205, 278, 460, 495] (59)
110 : [14, 241, 275, 276, 287, 488, 584] (56)
111 : [37, 194, 196, 225, 371, 455, 481] (55)
112 : [11, 350, 486, 522] (53)
113 : [36, 202, 216, 271, 392, 443, 575, 593] (54)
114 : [368, 572, 586] (53)
115 : [166, 265, 338, 365, 531, 543] (57)
116 : [181, 331, 352, 396, 436, 501] (50)
117 : [109, 185, 204, 209, 323, 447, 466] (46)
118 : [] (0)
119 : [79, 293, 303] (44)
120 : [] (0)
