Name: 600-50-80
Time: 13.265689134597778 
Result: 4083
Solution:  41 101 84 45 112 115 43 16 102 36 61 8 86 48 102 27 63 102 114 78 122 54 40 95 37 21 121 81 103 92 19 68 15 34 82 12 18 79 52 116 17 13 74 14 42 69 41 94 94 110 75 88 16 83 85 26 57 56 114 21 28 73 71 46 36 78 93 73 105 18 90 121 71 41 113 64 5 96 40 83 115 103 31 73 125 11 85 19 29 6 47 58 49 72 107 18 65 104 89 38 21 24 7 31 19 41 11 12 43 100 117 120 59 13 77 65 50 29 101 46 45 4 4 24 115 31 65 6 100 14 54 35 30 22 75 73 52 124 106 110 18 112 96 64 42 16 87 92 99 21 55 124 39 11 93 108 63 125 23 116 112 97 53 107 55 7 72 6 70 96 60 122 113 94 78 119 106 46 103 3 37 98 86 117 43 20 15 9 57 104 106 99 88 43 125 41 103 74 100 108 35 69 42 114 76 104 47 68 13 74 109 15 109 111 76 59 4 118 74 108 101 39 90 12 51 88 58 59 23 58 21 4 66 82 84 86 96 57 82 47 116 41 39 15 77 48 9 96 58 54 30 73 39 44 117 52 118 79 52 110 82 85 34 81 85 93 79 75 17 38 97 113 77 62 39 89 84 106 21 52 27 3 90 78 33 66 24 7 61 70 20 116 87 81 111 27 123 50 69 114 122 123 73 12 54 64 32 76 85 28 87 109 115 69 30 83 89 4 25 33 25 96 18 50 65 120 22 95 95 20 80 91 27 66 122 49 56 124 54 58 117 71 38 85 67 45 63 17 34 91 114 56 28 67 118 72 96 109 69 29 83 67 107 62 42 96 92 32 25 102 64 46 100 110 86 8 40 36 44 27 34 124 23 89 111 31 22 24 62 32 53 105 70 51 40 98 75 24 60 61 94 89 13 30 49 74 109 56 54 122 103 48 47 55 93 59 119 5 27 28 22 119 27 93 55 20 51 123 106 58 14 75 63 44 104 9 8 37 111 115 48 99 63 125 35 97 39 79 88 96 7 107 74 38 92 20 113 40 46 50 49 48 120 98 82 118 25 38 111 14 105 65 26 111 47 97 113 91 32 115 79 68 69 51 30 74 74 103 7 30 97 83 13 16 35 61 57 84 108 22 79 92 89 20 3 72 81 43 22 114 54 95 26 118 86 112 112 6 5 36 108 124 68 39 49 39 91 84 4 57 31 61 63 35 42 17 13 87 67 102 113 93 62 108 17 4 87 118 26 11 95 64 16 49 32 46 37 33 82 61 56 84 71 48 101 90 52 33 45 80 100 14 104 60 76 70 26 72 90 97 12 120 29 80 44 68 62 114 9 28 56 24 65 9 75 124 100 53 31 77
0 : [] (0)
1 : [] (0)
2 : [] (0)
3 : [179, 281, 504] (56)
4 : [121, 122, 216, 231, 317, 528, 545] (54)
5 : [76, 417, 518] (59)
6 : [89, 127, 167, 517] (52)
7 : [102, 165, 287, 450, 488] (54)
8 : [11, 375, 436] (61)
9 : [187, 246, 435, 588, 593] (51)
10 : [] (0)
11 : [85, 106, 153, 549] (50)
12 : [35, 107, 223, 303, 580] (56)
13 : [41, 113, 208, 402, 492, 536] (57)
14 : [43, 129, 430, 469, 571] (54)
15 : [32, 186, 211, 243] (52)
16 : [7, 52, 145, 493, 552] (52)
17 : [40, 268, 347, 535, 544] (51)
18 : [36, 69, 95, 140, 322] (55)
19 : [30, 87, 104] (58)
20 : [185, 290, 329, 425, 455, 503] (53)
21 : [25, 59, 100, 149, 230, 278] (54)
22 : [133, 326, 386, 420, 499, 508] (55)
23 : [158, 228, 382] (56)
24 : [101, 123, 286, 387, 397, 591] (55)
25 : [318, 320, 368, 466] (54)
26 : [55, 472, 512, 548, 576] (54)
27 : [15, 280, 295, 332, 379, 418, 422] (56)
28 : [60, 309, 352, 419, 589] (55)
29 : [88, 117, 359, 582] (55)
30 : [132, 250, 314, 403, 484, 489] (55)
31 : [82, 103, 125, 385, 530, 598] (57)
32 : [306, 367, 389, 478, 554] (60)
33 : [284, 319, 557, 567] (63)
34 : [33, 262, 348, 380] (59)
35 : [131, 200, 444, 494, 533] (63)
36 : [9, 64, 377, 519] (65)
37 : [24, 180, 437, 556] (63)
38 : [99, 269, 342, 453, 467] (59)
39 : [152, 221, 242, 252, 274, 446, 523, 525] (59)
40 : [22, 78, 376, 394, 457] (63)
41 : [0, 46, 73, 105, 195, 241] (62)
42 : [44, 144, 202, 364, 534] (67)
43 : [6, 108, 184, 193, 507] (68)
44 : [253, 378, 433, 584] (68)
45 : [3, 120, 345, 568] (70)
46 : [63, 119, 177, 371, 458, 555] (69)
47 : [90, 206, 239, 412, 474] (68)
48 : [13, 245, 411, 440, 461, 563] (69)
49 : [92, 335, 404, 460, 524, 553] (70)
50 : [116, 297, 323, 459] (68)
51 : [224, 393, 426, 483] (71)
52 : [38, 136, 255, 258, 279, 566] (65)
53 : [162, 390, 597] (62)
54 : [21, 130, 249, 304, 338, 408, 510] (61)
55 : [150, 164, 413, 424] (63)
56 : [57, 336, 351, 407, 560, 590] (62)
57 : [56, 188, 237, 496, 529] (63)
58 : [91, 226, 229, 248, 339, 429] (63)
59 : [112, 215, 227, 415] (75)
60 : [170, 398, 573] (70)
61 : [10, 288, 399, 495, 531, 559] (64)
62 : [273, 363, 388, 542, 586] (64)
63 : [16, 156, 346, 432, 442, 532] (60)
64 : [75, 143, 305, 370, 551] (68)
65 : [96, 115, 126, 324, 471, 592] (68)
66 : [232, 285, 333] (76)
67 : [344, 353, 361, 538] (69)
68 : [31, 207, 481, 522, 585] (71)
69 : [45, 201, 298, 313, 358, 482] (73)
70 : [168, 289, 392, 575] (67)
71 : [62, 72, 341, 562] (68)
72 : [93, 166, 355, 505, 577] (67)
73 : [61, 67, 83, 135, 251, 302] (66)
74 : [42, 197, 209, 218, 405, 452, 485, 486] (66)
75 : [50, 134, 267, 396, 431, 594] (69)
76 : [204, 214, 307, 574] (79)
77 : [114, 244, 272, 599] (83)
78 : [19, 65, 174, 283] (76)
79 : [37, 257, 266, 447, 480, 500] (73)
80 : [330, 569, 583] (76)
81 : [27, 263, 293, 506] (77)
82 : [34, 233, 238, 260, 464, 558] (73)
83 : [53, 79, 315, 360, 491] (72)
84 : [2, 234, 276, 497, 527, 561] (71)
85 : [54, 86, 261, 264, 308, 343] (72)
86 : [12, 182, 235, 374, 514] (76)
87 : [146, 292, 310, 537, 546] (71)
88 : [51, 192, 225, 448] (70)
89 : [98, 275, 316, 383, 401, 502] (74)
90 : [70, 222, 282, 565, 578] (79)
91 : [331, 349, 477, 526] (79)
92 : [29, 147, 366, 454, 501] (77)
93 : [66, 154, 265, 414, 423, 541] (76)
94 : [47, 48, 173, 400] (77)
95 : [23, 327, 328, 511, 550] (71)
96 : [77, 142, 169, 236, 247, 321, 356, 365, 449] (71)
97 : [161, 270, 445, 475, 490, 579] (71)
98 : [181, 395, 463] (80)
99 : [148, 191, 441] (75)
100 : [109, 128, 198, 372, 570, 596] (71)
101 : [1, 118, 220, 564] (75)
102 : [8, 14, 17, 369, 539] (75)
103 : [28, 81, 178, 196, 410, 487] (74)
104 : [97, 189, 205, 434, 572] (76)
105 : [68, 391, 470] (75)
106 : [138, 176, 190, 277, 428] (77)
107 : [94, 163, 362, 451] (78)
108 : [155, 199, 219, 498, 520, 543] (77)
109 : [210, 212, 311, 357, 406] (75)
110 : [49, 139, 259, 373] (77)
111 : [213, 294, 384, 438, 468, 473] (77)
112 : [4, 141, 160, 515, 516] (75)
113 : [74, 172, 271, 456, 476, 540] (80)
114 : [18, 58, 203, 299, 350, 509, 587] (77)
115 : [5, 80, 124, 312, 439, 479] (79)
116 : [39, 159, 240, 291] (80)
117 : [110, 183, 254, 340] (80)
118 : [217, 256, 354, 465, 513, 547] (78)
119 : [175, 416, 421] (79)
120 : [111, 325, 462, 581] (80)
121 : [26, 71] (77)
122 : [20, 171, 300, 334, 409] (67)
123 : [296, 301, 427] (57)
124 : [137, 151, 337, 381, 521, 595] (51)
125 : [84, 157, 194, 443] (49)
126 : [] (0)
