Name: 600-40-60
Time: 13.765960454940796 
Result: 3062
Solution:  82 19 39 53 27 35 104 73 102 26 3 109 14 79 111 57 62 60 46 47 35 59 95 61 3 66 83 63 69 98 22 49 28 110 45 75 114 113 36 74 93 75 13 95 26 72 36 43 65 70 93 81 77 102 87 47 35 97 35 12 48 28 87 83 106 52 94 53 77 51 90 83 14 105 65 51 8 94 27 116 20 91 105 35 25 71 3 106 36 96 93 22 98 80 103 104 96 23 64 62 14 59 108 84 88 78 6 91 9 118 30 10 3 55 10 34 11 42 70 94 62 77 47 86 67 72 68 99 60 69 3 104 12 104 108 37 55 103 45 106 12 101 15 37 68 86 62 23 5 4 13 107 89 49 102 14 48 15 19 51 33 72 54 71 92 42 115 84 35 56 24 43 39 82 67 28 47 103 97 86 72 118 85 41 26 117 41 55 23 72 99 44 60 97 111 73 113 88 48 75 30 6 112 92 117 108 82 6 58 117 69 107 85 6 98 86 112 24 31 86 99 21 88 4 81 112 66 19 76 64 50 9 67 90 93 102 46 82 75 95 39 110 13 103 48 78 33 59 62 10 96 25 58 98 23 101 22 16 107 40 15 56 82 31 9 114 33 83 21 106 59 114 9 99 65 109 110 102 109 50 44 13 71 3 93 18 39 108 85 54 8 66 63 117 78 55 106 17 20 30 11 24 45 118 43 8 90 77 91 58 82 12 99 38 68 102 34 38 49 93 61 68 64 117 41 73 100 6 107 27 52 116 19 20 104 102 6 94 117 31 97 94 77 29 81 104 107 34 63 39 111 61 116 108 92 69 42 65 93 50 110 60 3 80 52 114 101 49 116 8 29 110 89 19 62 79 48 101 21 27 62 76 29 91 79 76 4 10 41 52 96 94 113 30 71 18 114 98 47 13 32 34 36 86 50 4 90 35 42 10 51 102 25 54 59 91 11 15 23 32 96 74 99 75 16 57 35 66 51 89 68 44 20 61 82 42 115 95 80 81 34 43 15 114 21 5 85 118 24 88 96 105 60 97 96 110 72 17 50 27 109 59 29 94 93 77 118 12 5 75 16 21 102 17 100 21 37 40 47 46 70 113 70 34 83 33 115 43 111 34 64 105 18 6 55 109 53 12 30 13 92 113 51 26 59 36 68 74 75 20 99 103 100 42 74 92 88 17 5 44 52 89 111 68 32 28 24 26 37 27 60 112 96 79 27 88 95 19 100 87 49 57 74 115 33 105 72 37 82 8 30 63 24 61 76 84 54 59 69 47 57 80 42 23 46 58 71 67 5 104 37 54 117 55 51 113 56 92 106 8 6 11 46 105 110 69 115 87 40 21 11 25 22 112 9 80 16 13 83 47
0 : [] (0)
1 : [] (0)
2 : [] (0)
3 : [10, 24, 86, 112, 130, 283, 362] (48)
4 : [149, 223, 386, 405] (48)
5 : [148, 445, 468, 518, 568] (42)
6 : [106, 201, 207, 213, 327, 336, 493, 580] (54)
7 : [] (0)
8 : [76, 290, 305, 369, 549, 579] (45)
9 : [108, 231, 264, 272, 594] (43)
10 : [111, 114, 249, 387, 409] (46)
11 : [116, 300, 416, 581, 590] (40)
12 : [59, 132, 140, 311, 467, 497] (40)
13 : [42, 150, 242, 281, 399, 499, 597] (40)
14 : [12, 72, 100, 155] (46)
15 : [142, 157, 260, 417, 442] (39)
16 : [257, 424, 470, 596] (42)
17 : [297, 457, 473, 517] (42)
18 : [285, 395, 492] (45)
19 : [1, 158, 227, 332, 373, 537] (43)
20 : [80, 298, 333, 432, 509] (42)
21 : [221, 268, 378, 444, 471, 475, 589] (42)
22 : [30, 91, 256, 592] (45)
23 : [97, 147, 188, 254, 418, 563] (42)
24 : [170, 217, 301, 448, 526, 552] (43)
25 : [84, 251, 412, 591] (48)
26 : [9, 44, 184, 503, 527] (43)
27 : [4, 78, 329, 379, 459, 529, 534] (43)
28 : [32, 61, 175, 525] (41)
29 : [343, 370, 382, 462] (45)
30 : [110, 200, 299, 393, 498, 550] (42)
31 : [218, 263, 339] (47)
32 : [400, 419, 524] (43)
33 : [160, 246, 266, 485, 544] (41)
34 : [115, 316, 347, 401, 440, 483, 489] (44)
35 : [5, 20, 56, 58, 83, 168, 407, 426] (40)
36 : [38, 46, 88, 402, 505] (41)
37 : [135, 143, 476, 528, 547, 570] (47)
38 : [313, 317] (49)
39 : [2, 172, 240, 286, 349] (44)
40 : [259, 477, 588] (44)
41 : [183, 186, 324, 388] (46)
42 : [117, 165, 356, 408, 435, 513, 562] (44)
43 : [47, 171, 304, 441, 487] (41)
44 : [191, 280, 431, 519] (45)
45 : [34, 138, 302] (49)
46 : [18, 236, 479, 564, 582] (45)
47 : [19, 55, 122, 176, 398, 478, 559, 599] (44)
48 : [60, 156, 198, 244, 376] (40)
49 : [31, 153, 318, 367, 540] (42)
50 : [230, 279, 359, 404, 458] (44)
51 : [69, 75, 159, 410, 428, 502, 574] (48)
52 : [65, 330, 364, 389, 520] (46)
53 : [3, 67, 496] (54)
54 : [162, 289, 413, 556, 571] (56)
55 : [113, 136, 187, 295, 494, 573] (55)
56 : [169, 261, 576] (54)
57 : [15, 425, 541, 560] (55)
58 : [208, 252, 309, 565] (57)
59 : [21, 101, 247, 270, 414, 461, 504, 557] (54)
60 : [17, 128, 192, 361, 452, 530] (52)
61 : [23, 320, 351, 433, 553] (51)
62 : [16, 99, 120, 146, 248, 374, 380] (49)
63 : [27, 292, 348, 551] (49)
64 : [98, 229, 322, 490] (48)
65 : [48, 74, 274, 357] (49)
66 : [25, 226, 291, 427] (49)
67 : [124, 174, 232, 567] (49)
68 : [126, 144, 314, 321, 430, 506, 523] (49)
69 : [28, 129, 210, 355, 558, 585] (52)
70 : [49, 118, 480, 482] (49)
71 : [85, 163, 282, 394, 566] (50)
72 : [45, 125, 161, 180, 189, 456, 546] (51)
73 : [7, 195, 325] (50)
74 : [39, 421, 507, 514, 542] (50)
75 : [35, 41, 199, 238, 423, 469, 508] (49)
76 : [228, 381, 385, 554] (53)
77 : [52, 68, 121, 307, 342, 465] (54)
78 : [105, 245, 294] (52)
79 : [13, 375, 384, 533] (56)
80 : [93, 363, 438, 561, 595] (52)
81 : [51, 224, 344, 439] (52)
82 : [0, 173, 206, 237, 262, 310, 434, 548] (45)
83 : [26, 63, 71, 267, 484, 598] (45)
84 : [103, 167, 555] (54)
85 : [182, 212, 288, 446] (58)
86 : [123, 145, 179, 215, 219, 403] (56)
87 : [54, 62, 539, 587] (60)
88 : [104, 197, 222, 449, 516, 535] (53)
89 : [152, 372, 429, 521] (53)
90 : [70, 233, 306, 406] (62)
91 : [81, 107, 308, 383, 415] (57)
92 : [164, 203, 354, 500, 515, 577] (58)
93 : [40, 50, 90, 234, 284, 319, 358, 464] (56)
94 : [66, 77, 119, 337, 341, 391, 463] (56)
95 : [22, 43, 239, 437, 536] (56)
96 : [89, 96, 250, 390, 420, 450, 454, 532] (55)
97 : [57, 178, 193, 340, 453] (58)
98 : [29, 92, 214, 253, 397] (59)
99 : [127, 190, 220, 273, 312, 422, 510] (59)
100 : [326, 474, 512, 538] (58)
101 : [141, 255, 366, 377] (59)
102 : [8, 53, 154, 235, 277, 315, 335, 411, 472] (59)
103 : [94, 137, 177, 243, 511] (56)
104 : [6, 95, 131, 133, 334, 345, 569] (58)
105 : [73, 82, 451, 491, 545, 583] (56)
106 : [64, 87, 139, 269, 296, 578] (58)
107 : [151, 211, 258, 328, 346] (60)
108 : [102, 134, 205, 287, 353] (58)
109 : [11, 275, 278, 460, 495] (57)
110 : [33, 241, 276, 360, 371, 455, 584] (57)
111 : [14, 194, 350, 488, 522] (58)
112 : [202, 216, 225, 531, 593] (50)
113 : [37, 196, 392, 481, 501, 575] (45)
114 : [36, 265, 271, 365, 396, 443] (51)
115 : [166, 436, 486, 543, 586] (51)
116 : [79, 331, 352, 368] (52)
117 : [185, 204, 209, 293, 323, 338, 572] (51)
118 : [109, 181, 303, 447, 466] (51)
119 : [] (0)
120 : [] (0)
