Name: 600-30-45
Time: 15.76687216758728 
Result: 6046
Solution:  69 79 53 71 73 57 51 27 55 141 18 139 88 6 130 14 129 52 11 69 136 110 29 46 114 46 102 133 138 37 81 139 39 64 117 28 88 118 135 43 53 31 105 144 60 50 109 143 66 114 74 113 28 95 142 134 118 113 3 135 61 68 22 137 35 89 122 138 67 99 109 75 145 91 14 94 23 30 70 18 51 80 58 31 108 86 15 42 139 53 98 33 8 138 66 10 51 126 71 49 26 137 24 22 92 8 38 98 134 23 129 110 46 111 69 139 90 112 74 32 107 123 84 144 65 10 92 83 75 121 108 104 132 68 97 129 81 8 92 10 124 56 100 20 78 40 18 116 136 125 72 8 77 56 44 118 111 55 57 95 45 5 23 100 69 15 63 102 42 12 27 110 111 42 57 59 51 59 50 125 115 6 101 126 76 38 119 67 82 54 48 32 6 92 50 81 18 129 91 105 133 71 120 8 130 130 17 106 134 125 96 31 74 127 18 123 47 95 123 102 108 145 20 140 100 43 119 70 22 25 77 82 24 127 144 4 97 120 12 45 34 145 87 4 86 86 84 76 61 122 64 26 122 33 95 96 47 66 87 128 134 136 115 80 26 88 37 105 126 87 38 104 79 138 132 133 41 69 40 99 139 56 27 11 145 3 120 123 102 24 60 4 92 131 126 118 106 108 63 124 82 132 106 118 35 144 10 68 40 73 122 62 73 137 61 95 107 129 61 42 139 114 117 24 98 6 54 15 143 142 45 3 118 41 84 25 72 3 55 142 64 36 66 121 83 81 114 103 111 63 66 125 14 125 116 52 117 7 29 73 126 143 61 31 28 111 36 89 114 132 35 69 37 53 96 107 140 15 107 110 74 10 136 33 85 31 79 17 127 31 13 22 143 55 49 50 48 58 142 36 119 49 118 105 141 33 58 73 63 144 48 116 126 141 124 22 115 22 17 89 101 119 86 100 48 17 70 13 60 7 90 55 45 80 78 73 90 11 92 108 23 138 103 127 14 91 19 117 54 62 135 19 82 108 32 113 145 84 61 117 137 10 84 79 139 17 120 70 104 131 107 57 121 38 75 30 122 34 101 12 39 122 128 102 25 83 65 112 5 97 19 131 78 29 3 80 29 40 119 75 27 138 22 30 95 80 25 115 19 90 20 93 98 135 39 41 18 40 44 6 132 97 120 28 93 52 128 5 45 65 112 126 62 47 99 116 71 103 91 123 117 62 111 51 76 99 93 74 124 136 107 96 8 10 128 47 122 52 124 47 54 85 4 134 56 18 88 83 13 59 45 42 109 13 41 3 44 37 85 94 79 40 27 133 133 79 37 31 87 34 130 58 15 113 49 130 140 5 131 18
0 : [] (0)
1 : [] (0)
2 : [] (0)
3 : [58, 285, 331, 337, 494, 575] (44)
4 : [235, 243, 291, 562] (32)
5 : [161, 488, 527, 597] (30)
6 : [13, 181, 192, 325, 519] (35)
7 : [357, 429] (30)
8 : [92, 105, 137, 151, 203, 552] (33)
9 : [] (0)
10 : [95, 125, 139, 306, 381, 461, 553] (39)
11 : [18, 283, 437] (30)
12 : [169, 238, 479] (36)
13 : [390, 427, 568, 573] (36)
14 : [15, 74, 352, 444] (38)
15 : [86, 165, 327, 377, 592] (39)
16 : [] (0)
17 : [206, 387, 418, 425, 465] (31)
18 : [10, 79, 146, 196, 214, 516, 565, 599] (39)
19 : [446, 451, 490, 508] (33)
20 : [143, 222, 510] (30)
21 : [] (0)
22 : [62, 103, 228, 391, 415, 417, 502] (37)
23 : [76, 109, 162, 440] (33)
24 : [102, 232, 289, 323] (32)
25 : [229, 335, 484, 506] (37)
26 : [100, 251, 264] (31)
27 : [7, 170, 282, 500, 582] (34)
28 : [35, 52, 364, 523] (36)
29 : [22, 358, 493, 496] (32)
30 : [77, 475, 503] (36)
31 : [41, 83, 211, 363, 385, 389, 587] (30)
32 : [119, 191, 454] (27)
33 : [91, 253, 383, 405] (38)
34 : [240, 477, 589] (39)
35 : [64, 304, 370] (36)
36 : [341, 366, 399] (38)
37 : [29, 266, 372, 577, 586] (34)
38 : [106, 185, 270, 473] (32)
39 : [32, 480, 514] (31)
40 : [145, 278, 308, 497, 517, 581] (30)
41 : [276, 333, 515, 574] (31)
42 : [87, 168, 173, 319, 571] (28)
43 : [39, 225] (35)
44 : [154, 518, 576] (31)
45 : [160, 239, 330, 432, 528, 570] (33)
46 : [23, 25, 112] (35)
47 : [216, 256, 533, 555, 559] (35)
48 : [190, 396, 410, 424] (36)
49 : [99, 394, 401, 594] (35)
50 : [45, 178, 194, 395] (37)
51 : [6, 80, 96, 176, 543] (32)
52 : [17, 355, 525, 557] (36)
53 : [2, 40, 89, 373] (34)
54 : [189, 326, 448, 560] (41)
55 : [8, 157, 338, 393, 431] (37)
56 : [141, 153, 281, 564] (37)
57 : [5, 158, 174, 471] (35)
58 : [82, 397, 406, 591] (31)
59 : [175, 177, 569] (36)
60 : [44, 290, 428] (31)
61 : [60, 248, 314, 318, 362, 458] (35)
62 : [311, 449, 532, 541] (30)
63 : [166, 298, 349, 408] (33)
64 : [33, 250, 340] (34)
65 : [124, 486, 529] (34)
66 : [48, 94, 257, 342, 350] (35)
67 : [68, 187] (35)
68 : [61, 133, 307] (33)
69 : [0, 19, 114, 164, 277, 371] (32)
70 : [78, 227, 426, 467] (33)
71 : [3, 98, 201, 536] (34)
72 : [150, 336] (36)
73 : [4, 309, 312, 359, 407, 435] (36)
74 : [50, 118, 212, 380, 547] (37)
75 : [71, 128, 474, 499] (37)
76 : [184, 247, 544] (40)
77 : [152, 230] (40)
78 : [144, 434, 492] (44)
79 : [1, 272, 386, 463, 580, 585] (37)
80 : [81, 263, 433, 495, 505] (37)
81 : [30, 136, 195, 345] (37)
82 : [188, 231, 300, 452] (37)
83 : [127, 344, 485, 567] (38)
84 : [122, 246, 334, 457, 462] (39)
85 : [384, 561, 578] (40)
86 : [85, 244, 245, 422] (44)
87 : [242, 258, 269, 588] (38)
88 : [12, 36, 265, 566] (41)
89 : [65, 367, 419] (37)
90 : [116, 430, 436, 509] (39)
91 : [73, 198, 445, 538] (38)
92 : [104, 126, 138, 193, 292, 438] (37)
93 : [511, 524, 546] (37)
94 : [75, 579] (38)
95 : [53, 159, 217, 254, 315, 504] (37)
96 : [210, 255, 374, 551] (39)
97 : [134, 236, 489, 521] (45)
98 : [90, 107, 324, 512] (43)
99 : [69, 279, 534, 545] (42)
100 : [142, 163, 224, 423] (45)
101 : [182, 420, 478] (45)
102 : [26, 167, 219, 288, 483] (39)
103 : [347, 442, 537] (41)
104 : [131, 271, 468] (41)
105 : [42, 199, 267, 403] (40)
106 : [207, 296, 302] (40)
107 : [120, 316, 375, 378, 470, 550] (38)
108 : [84, 130, 220, 297, 439, 453] (39)
109 : [46, 70, 572] (41)
110 : [21, 111, 171, 379] (42)
111 : [113, 156, 172, 348, 365, 542] (44)
112 : [117, 487, 530] (44)
113 : [51, 57, 455, 593] (44)
114 : [24, 49, 321, 346, 368] (44)
115 : [180, 262, 416, 507] (45)
116 : [147, 354, 411, 535] (45)
117 : [34, 322, 356, 447, 459, 540] (42)
118 : [37, 56, 155, 295, 303, 332, 402] (43)
119 : [186, 226, 400, 421, 498] (45)
120 : [202, 237, 286, 466, 522] (42)
121 : [129, 343, 472] (43)
122 : [66, 249, 252, 310, 476, 481, 556] (41)
123 : [121, 215, 218, 287, 539] (44)
124 : [140, 299, 414, 548, 558] (43)
125 : [149, 179, 209, 351, 353] (43)
126 : [97, 183, 268, 294, 360, 412, 531] (43)
127 : [213, 233, 388, 443] (45)
128 : [259, 482, 526, 554] (44)
129 : [16, 110, 135, 197, 317] (44)
130 : [14, 204, 205, 590, 595] (43)
131 : [293, 469, 491, 598] (45)
132 : [132, 274, 301, 369, 520] (44)
133 : [27, 200, 275, 583, 584] (43)
134 : [55, 108, 208, 260, 563] (45)
135 : [38, 59, 450, 513] (43)
136 : [20, 148, 261, 382, 549] (46)
137 : [63, 101, 313, 460] (45)
138 : [28, 67, 93, 273, 441, 501] (43)
139 : [11, 31, 88, 115, 280, 320, 464] (43)
140 : [223, 376, 596] (45)
141 : [9, 404, 413] (40)
142 : [54, 329, 339, 398] (40)
143 : [47, 328, 361, 392] (41)
144 : [43, 123, 234, 305, 409] (33)
145 : [72, 221, 241, 284, 456] (33)
146 : [] (0)
