Name: 600-20-30
Time: 14.204165935516357 
Result: 30
Solution:  109 22 11 100 35 68 61 80 86 24 53 56 67 77 80 96 38 57 56 65 74 27 87 109 89 68 103 4 69 15 34 67 45 86 48 110 16 39 14 43 21 27 109 46 101 67 8 101 43 101 32 13 30 61 58 65 19 15 78 22 90 61 110 78 112 93 101 63 40 110 3 81 62 84 110 55 87 27 11 30 6 34 45 99 59 71 112 18 5 91 103 38 34 41 19 110 48 98 59 74 21 73 44 94 94 53 28 15 68 113 16 89 69 31 82 88 96 79 80 85 81 53 50 5 28 105 108 78 97 49 33 105 106 6 77 29 93 39 51 77 3 76 66 77 67 57 7 21 104 110 55 104 102 60 91 100 59 46 85 98 20 107 8 25 84 26 46 13 81 32 18 18 79 36 66 4 63 47 70 57 25 40 111 16 52 44 46 16 57 30 3 61 102 41 88 20 92 21 75 95 53 19 37 24 39 64 98 105 84 111 11 102 33 84 49 86 88 8 90 10 63 6 89 56 99 69 106 22 56 4 69 94 106 43 13 66 71 101 85 106 27 87 67 40 3 19 28 17 19 16 15 44 11 65 94 16 86 31 90 75 96 5 64 113 70 50 41 5 34 107 84 30 6 56 98 70 31 104 67 112 72 107 64 99 50 109 106 93 68 102 98 10 84 96 99 45 29 67 86 41 104 62 81 47 90 97 102 30 70 85 92 70 24 10 37 74 76 10 33 67 35 80 58 26 74 63 48 36 102 23 3 46 42 110 70 67 7 71 76 5 32 59 77 97 66 91 95 3 78 23 69 36 108 31 93 82 10 28 63 23 83 37 95 73 80 60 6 32 100 13 15 39 108 75 91 40 100 105 72 106 30 75 65 30 89 77 11 103 53 13 76 45 77 72 58 26 54 71 50 99 7 10 77 111 54 24 43 43 79 99 96 78 87 104 83 99 48 51 26 98 42 109 107 112 6 92 93 40 64 88 37 51 7 73 61 98 52 14 64 78 17 8 82 110 94 8 30 108 54 88 39 50 48 16 64 113 66 55 17 48 80 35 103 83 85 106 50 60 48 44 56 41 107 33 10 93 94 16 75 85 72 43 79 80 22 59 65 31 12 41 38 52 88 77 25 42 101 71 29 82 94 110 56 93 51 79 92 85 39 81 25 35 62 54 111 36 12 19 20 81 111 22 75 4 94 91 3 74 12 8 91 7 38 74 53 14 107 105 47 85 92 71 27 32 59 90 22 16 62 97 23 42 61 76 80 29 73 65 99 49 50 76 72 56 92 3 43 88 32 39 57 87 24 111 62 52 24 24 33 16 56 79 37 6 89 24 68 51 7 37 83 39 21 97 55 97 111 96 112 80
0 : [] (0)
1 : [] (0)
2 : [] (0)
3 : [70, 140, 190, 244, 330, 347, 526, 565] (29)
4 : [27, 175, 229, 523] (23)
5 : [88, 123, 261, 267, 339] (22)
6 : [80, 133, 221, 272, 366, 424, 583] (21)
7 : [146, 336, 400, 432, 531, 588] (21)
8 : [46, 162, 217, 441, 445, 529] (25)
9 : [] (0)
10 : [219, 291, 313, 317, 356, 401, 474] (21)
11 : [2, 78, 210, 252, 386] (20)
12 : [488, 516, 528] (20)
13 : [51, 167, 234, 369, 389] (20)
14 : [38, 437, 535] (22)
15 : [29, 57, 107, 250, 370] (20)
16 : [36, 110, 183, 187, 249, 255, 453, 477, 547, 579] (21)
17 : [247, 440, 458] (20)
18 : [87, 170, 171] (22)
19 : [56, 94, 201, 245, 248, 517] (21)
20 : [160, 195, 518] (23)
21 : [40, 100, 147, 197, 592] (22)
22 : [1, 59, 227, 484, 521, 546] (22)
23 : [329, 349, 359, 550] (21)
24 : [9, 203, 312, 405, 572, 576, 577, 585] (21)
25 : [163, 180, 494, 510] (21)
26 : [165, 323, 395, 418] (21)
27 : [21, 41, 77, 240, 542] (22)
28 : [106, 124, 246, 357] (22)
29 : [135, 296, 498, 555] (22)
30 : [52, 79, 189, 271, 307, 380, 383, 446] (22)
31 : [113, 257, 276, 353, 487] (25)
32 : [50, 169, 340, 367, 543, 568] (22)
33 : [130, 212, 318, 473, 578] (22)
34 : [30, 81, 92, 268] (24)
35 : [4, 320, 461, 511] (24)
36 : [173, 327, 351, 515] (25)
37 : [202, 314, 361, 430, 582, 589] (26)
38 : [16, 91, 490, 532] (24)
39 : [37, 137, 204, 371, 450, 508, 569, 591] (23)
40 : [68, 181, 243, 375, 427] (24)
41 : [93, 193, 266, 299, 471, 489] (25)
42 : [332, 420, 495, 551] (23)
43 : [39, 48, 233, 406, 407, 481, 566] (23)
44 : [102, 185, 251, 469] (23)
45 : [32, 82, 295, 391] (23)
46 : [43, 157, 166, 186, 331] (26)
47 : [177, 303, 538] (26)
48 : [34, 96, 326, 416, 452, 459, 468] (27)
49 : [129, 214, 559] (26)
50 : [122, 265, 284, 398, 451, 466, 560] (26)
51 : [138, 417, 431, 504, 587] (25)
52 : [184, 436, 491, 575] (26)
53 : [10, 105, 121, 200, 388, 534] (27)
54 : [396, 404, 448, 513] (25)
55 : [75, 150, 457, 594] (29)
56 : [11, 18, 223, 228, 273, 470, 502, 563, 580] (23)
57 : [17, 145, 179, 188, 570] (23)
58 : [54, 322, 394] (23)
59 : [84, 98, 156, 341, 485, 544] (25)
60 : [153, 365, 467] (25)
61 : [6, 53, 61, 191, 434, 552] (25)
62 : [72, 301, 512, 548, 574] (25)
63 : [67, 176, 220, 325, 358] (24)
64 : [205, 262, 282, 428, 438, 454] (24)
65 : [19, 55, 253, 382, 486, 557] (25)
66 : [142, 174, 235, 344, 456] (25)
67 : [12, 31, 45, 144, 242, 278, 297, 319, 335] (25)
68 : [5, 25, 108, 288, 586] (25)
69 : [28, 112, 225, 230, 350] (25)
70 : [178, 264, 275, 308, 311, 334] (28)
71 : [85, 236, 337, 397, 497, 541] (28)
72 : [280, 378, 393, 480, 562] (28)
73 : [101, 363, 433, 556] (28)
74 : [20, 99, 315, 324, 527, 533] (27)
75 : [198, 259, 373, 381, 478, 522] (27)
76 : [141, 316, 338, 390, 553, 561] (29)
77 : [13, 134, 139, 143, 342, 385, 392, 402, 493] (27)
78 : [58, 63, 127, 348, 411, 439] (26)
79 : [117, 172, 408, 482, 505, 581] (27)
80 : [7, 14, 118, 321, 364, 460, 483, 554, 599] (27)
81 : [71, 120, 168, 302, 509, 519] (28)
82 : [114, 355, 442, 499] (30)
83 : [360, 414, 463, 590] (27)
84 : [73, 164, 208, 213, 270, 292] (27)
85 : [119, 158, 238, 309, 464, 479, 507, 539] (28)
86 : [8, 33, 215, 256, 298] (29)
87 : [22, 76, 241, 412, 571] (27)
88 : [115, 194, 216, 429, 449, 492, 567] (27)
89 : [24, 111, 222, 384, 584] (28)
90 : [60, 218, 258, 304, 545] (27)
91 : [89, 154, 345, 374, 525, 530] (29)
92 : [196, 310, 425, 506, 540, 564] (28)
93 : [65, 136, 287, 354, 426, 475, 503] (28)
94 : [103, 104, 231, 254, 444, 476, 500, 524] (28)
95 : [199, 346, 362] (28)
96 : [15, 116, 260, 293, 410, 597] (27)
97 : [128, 305, 343, 549, 593, 595] (28)
98 : [97, 159, 206, 274, 290, 419, 435] (29)
99 : [83, 224, 283, 294, 399, 409, 415, 558] (29)
100 : [3, 155, 368, 376] (28)
101 : [44, 47, 49, 66, 237, 496] (30)
102 : [152, 192, 211, 289, 306, 328] (29)
103 : [26, 90, 387, 462] (30)
104 : [148, 151, 277, 300, 413] (30)
105 : [125, 131, 207, 377, 537] (30)
106 : [132, 226, 232, 239, 286, 379, 465] (28)
107 : [161, 269, 281, 422, 472, 536] (28)
108 : [126, 352, 372, 447] (30)
109 : [0, 23, 42, 285, 421] (29)
110 : [35, 62, 69, 74, 95, 149, 333, 443, 501] (29)
111 : [182, 209, 403, 514, 520, 573, 596] (26)
112 : [64, 86, 279, 423, 598] (29)
113 : [109, 263, 455] (22)
114 : [] (0)
115 : [] (0)
