Name: 600-40-60
Time: 14.00748872756958 
Result: 2060
Solution:  83 20 38 54 27 36 104 73 102 25 3 110 15 80 111 56 63 60 46 47 36 59 94 61 4 67 85 63 69 101 23 51 27 110 45 73 112 111 36 73 90 73 13 94 22 70 37 42 65 71 94 81 78 102 87 47 34 97 36 13 46 29 90 84 106 52 95 54 77 51 91 82 14 107 65 51 10 94 24 120 18 93 104 36 28 72 4 106 36 99 94 24 98 80 100 105 95 25 64 62 14 59 107 86 88 77 9 91 10 120 30 11 4 57 9 33 12 42 68 94 64 79 46 86 65 70 67 99 61 69 6 105 13 104 108 38 53 103 45 106 13 101 16 38 66 86 62 21 4 4 13 107 92 46 102 15 44 16 18 52 34 73 57 72 93 42 115 84 36 56 23 43 41 81 66 28 47 103 96 85 73 117 85 39 26 115 40 55 22 73 99 46 60 99 109 72 114 87 50 72 32 6 113 90 117 108 82 6 58 117 69 106 83 11 95 85 112 26 30 85 99 20 89 4 81 112 68 18 76 63 48 10 67 90 91 103 44 84 78 98 39 110 14 103 48 79 34 59 64 7 97 26 58 96 21 100 23 16 107 43 12 54 77 31 11 114 35 83 21 105 59 113 7 98 66 110 110 99 109 50 44 13 71 4 92 19 42 110 85 55 6 65 62 120 78 55 105 17 20 29 9 25 45 114 42 6 89 78 88 59 82 18 99 38 67 106 29 34 49 93 60 66 66 117 41 75 98 8 107 27 52 115 19 18 103 100 11 90 114 31 97 92 74 29 81 103 105 29 64 38 111 58 116 108 92 69 42 63 93 49 109 61 4 80 53 116 102 50 113 7 31 111 91 17 62 78 51 102 22 26 63 76 28 89 78 76 4 9 40 50 94 95 113 29 67 16 113 100 46 13 33 37 35 85 50 5 89 35 39 10 57 104 24 53 59 89 12 17 21 33 98 74 96 75 16 58 35 71 51 89 70 47 20 61 86 42 115 96 81 83 35 43 10 112 22 5 87 120 25 88 97 104 61 98 95 111 72 19 49 27 109 59 30 91 93 77 117 12 8 75 19 22 103 15 100 21 37 41 46 49 71 112 70 36 82 32 114 43 111 32 68 108 17 6 54 108 53 10 33 12 92 114 50 26 60 36 67 74 77 19 99 101 101 42 77 88 88 13 5 44 48 87 112 66 32 28 24 26 37 30 60 112 98 80 25 87 95 18 100 86 49 57 74 115 32 106 69 37 83 8 30 64 27 60 76 85 52 59 67 46 57 79 42 27 49 56 69 63 7 103 41 53 117 55 51 113 55 90 105 7 5 9 46 104 109 70 115 84 40 22 11 25 23 114 9 79 17 15 82 48
0 : [] (0)
1 : [] (0)
2 : [] (0)
3 : [10] (2)
4 : [24, 86, 112, 148, 149, 223, 283, 362, 386] (57)
5 : [405, 445, 518, 580] (45)
6 : [130, 201, 207, 290, 305, 493] (45)
7 : [249, 272, 369, 568, 579] (45)
8 : [327, 468, 549] (50)
9 : [106, 114, 300, 387, 581, 594] (43)
10 : [76, 108, 231, 409, 442, 497] (44)
11 : [111, 213, 264, 336, 590] (45)
12 : [116, 260, 416, 467, 499] (42)
13 : [42, 59, 132, 140, 150, 281, 399, 517] (42)
14 : [72, 100, 242] (40)
15 : [12, 155, 473, 597] (43)
16 : [142, 157, 257, 395, 424] (41)
17 : [297, 373, 417, 492, 596] (42)
18 : [80, 158, 227, 311, 333, 537] (41)
19 : [285, 332, 457, 470, 509] (40)
20 : [1, 221, 298, 432] (40)
21 : [147, 254, 268, 418, 475] (42)
22 : [44, 188, 378, 444, 471, 589] (43)
23 : [30, 170, 256, 592] (46)
24 : [78, 91, 412, 526] (43)
25 : [9, 97, 301, 448, 534, 591] (41)
26 : [184, 217, 251, 379, 503, 527] (42)
27 : [4, 32, 329, 459, 552, 563] (41)
28 : [84, 175, 382, 525] (41)
29 : [61, 299, 316, 343, 347, 393] (45)
30 : [110, 218, 462, 529, 550] (47)
31 : [263, 339, 370] (45)
32 : [200, 485, 489, 524, 544] (46)
33 : [115, 400, 419, 498] (46)
34 : [56, 160, 246, 317] (46)
35 : [266, 402, 407, 426, 440] (43)
36 : [5, 20, 38, 58, 83, 88, 168, 483, 505] (40)
37 : [46, 401, 476, 528, 547] (43)
38 : [2, 135, 143, 313, 349] (47)
39 : [183, 240, 408] (44)
40 : [186, 388, 588] (43)
41 : [172, 324, 477, 570] (45)
42 : [47, 117, 165, 286, 304, 356, 435, 513, 562] (40)
43 : [171, 259, 441, 487] (44)
44 : [156, 236, 280, 519] (42)
45 : [34, 138, 302] (49)
46 : [18, 60, 122, 153, 191, 398, 478, 559, 582] (40)
47 : [19, 55, 176, 431] (44)
48 : [230, 244, 520, 599] (44)
49 : [318, 359, 458, 479, 540, 564] (48)
50 : [198, 279, 367, 389, 404, 502] (51)
51 : [31, 69, 75, 376, 428, 574] (49)
52 : [65, 159, 330, 556] (50)
53 : [136, 364, 413, 496, 571] (51)
54 : [3, 67, 261, 494] (54)
55 : [187, 289, 295, 573, 576] (53)
56 : [15, 169, 565] (57)
57 : [113, 162, 410, 541, 560] (52)
58 : [208, 252, 351, 425] (53)
59 : [21, 101, 247, 270, 309, 414, 461, 557] (52)
60 : [17, 192, 320, 504, 530, 553] (51)
61 : [23, 128, 361, 433, 452] (51)
62 : [99, 146, 292, 374] (47)
63 : [16, 27, 229, 357, 380, 567] (47)
64 : [98, 120, 248, 348, 551] (48)
65 : [48, 74, 124, 291] (54)
66 : [144, 174, 274, 321, 322, 523] (49)
67 : [25, 126, 232, 314, 394, 506, 558] (48)
68 : [118, 226, 490] (49)
69 : [28, 129, 210, 355, 546, 566] (50)
70 : [45, 125, 430, 482, 585] (47)
71 : [49, 282, 427, 480] (46)
72 : [85, 163, 195, 199, 456] (47)
73 : [7, 35, 39, 41, 161, 180, 189] (49)
74 : [342, 421, 507, 542] (51)
75 : [325, 423, 469] (55)
76 : [228, 381, 385, 554] (53)
77 : [68, 105, 262, 465, 508, 514] (52)
78 : [52, 238, 294, 307, 375, 384] (54)
79 : [121, 245, 561, 595] (54)
80 : [13, 93, 363, 533] (52)
81 : [51, 173, 224, 344, 438] (54)
82 : [71, 206, 310, 484, 598] (55)
83 : [0, 212, 267, 439, 548] (54)
84 : [63, 167, 237, 587] (53)
85 : [26, 179, 182, 215, 219, 288, 403, 555] (54)
86 : [103, 123, 145, 434, 539] (54)
87 : [54, 197, 446, 521, 535] (51)
88 : [104, 308, 449, 515, 516] (60)
89 : [222, 306, 383, 406, 415, 429] (58)
90 : [40, 62, 203, 233, 337, 577] (56)
91 : [70, 107, 234, 372, 463] (58)
92 : [152, 284, 341, 354, 500] (57)
93 : [81, 164, 319, 358, 464] (56)
94 : [22, 43, 50, 77, 90, 119, 390] (57)
95 : [66, 96, 214, 391, 454, 536] (60)
96 : [178, 253, 422, 437] (60)
97 : [57, 250, 340, 450] (57)
98 : [92, 239, 273, 326, 420, 453, 532] (56)
99 : [89, 127, 190, 193, 220, 277, 312, 510] (56)
100 : [94, 255, 335, 397, 474, 538] (58)
101 : [29, 141, 511, 512] (58)
102 : [8, 53, 154, 366, 377] (59)
103 : [137, 177, 235, 243, 334, 345, 472, 569] (56)
104 : [6, 82, 133, 411, 451, 583] (56)
105 : [95, 131, 269, 296, 346, 578] (58)
106 : [64, 87, 139, 211, 315, 545] (57)
107 : [73, 102, 151, 258, 328] (57)
108 : [134, 205, 353, 491, 495] (58)
109 : [194, 278, 360, 460, 584] (58)
110 : [11, 33, 241, 275, 276, 287] (58)
111 : [14, 37, 350, 371, 455, 488] (54)
112 : [36, 216, 225, 443, 481, 522, 531] (49)
113 : [202, 271, 368, 392, 396, 575] (49)
114 : [196, 265, 303, 338, 486, 501, 593] (59)
115 : [166, 185, 331, 436, 543, 586] (54)
116 : [352, 365] (51)
117 : [181, 204, 209, 323, 466, 572] (50)
118 : [] (0)
119 : [] (0)
120 : [79, 109, 293, 447] (40)
