Name: 600-50-80
Time: 13.144869327545166 
Result: 5083
Solution:  40 103 88 44 112 119 42 15 104 36 61 8 88 50 102 27 63 101 116 78 121 51 40 95 38 23 121 82 103 92 19 68 16 33 85 13 18 80 50 114 17 13 74 11 42 71 37 94 96 110 75 87 15 81 84 26 57 53 113 21 27 70 71 46 36 76 92 74 107 18 89 123 73 40 113 64 3 97 41 83 113 101 31 74 125 12 84 20 28 4 45 59 51 72 107 18 66 104 90 35 18 23 8 31 17 41 11 11 44 99 120 119 58 12 77 64 51 31 99 45 44 3 6 24 115 31 64 5 100 14 55 34 30 21 75 73 54 119 105 110 18 111 100 63 44 17 88 92 98 24 56 123 38 9 93 107 63 125 22 115 112 98 53 107 54 8 72 11 70 95 59 122 113 93 79 118 108 46 104 3 33 97 85 120 43 21 16 10 57 106 105 101 89 43 125 38 101 74 100 108 35 71 46 115 76 102 46 67 13 74 109 16 109 112 76 59 5 119 75 106 100 39 91 12 50 88 59 59 23 58 19 4 69 82 80 87 96 57 83 47 116 42 36 16 77 47 9 96 57 56 29 72 39 42 116 51 120 82 50 109 82 87 35 82 82 96 78 75 18 39 97 114 77 62 40 90 83 108 21 49 26 4 91 81 33 65 24 8 60 70 19 116 87 81 114 24 122 52 69 113 123 122 73 12 53 64 32 79 82 29 86 111 117 69 30 82 89 5 25 30 27 99 17 52 65 120 22 94 94 19 86 89 29 66 122 49 56 124 54 60 117 71 38 83 67 45 64 15 34 91 113 55 28 67 118 72 93 110 69 29 81 66 104 64 41 94 92 33 20 102 62 47 103 110 86 9 38 36 44 24 34 124 26 89 111 31 24 26 61 33 53 105 68 52 40 98 75 23 60 56 94 90 14 30 49 74 108 58 52 122 103 48 46 55 90 58 119 9 27 26 20 119 27 93 55 18 52 124 104 58 14 75 63 45 106 11 6 36 111 114 48 99 63 125 34 98 40 77 88 99 5 106 72 37 92 20 112 41 42 51 49 43 116 98 83 121 25 40 111 15 105 68 25 108 49 96 113 93 34 117 78 65 69 51 29 73 74 100 10 31 98 84 14 15 32 62 54 85 108 23 78 91 90 19 4 72 81 43 22 117 56 95 25 122 87 112 115 3 6 37 106 121 68 38 50 39 93 85 6 55 32 61 63 32 42 19 13 86 67 102 113 93 61 109 19 5 91 118 24 11 95 65 15 48 30 47 39 36 80 60 56 83 72 48 102 84 49 35 47 80 100 13 104 62 76 70 29 71 89 98 13 117 29 79 44 68 62 114 8 28 53 23 65 10 74 124 97 55 32 79
0 : [] (0)
1 : [] (0)
2 : [] (0)
3 : [76, 121, 179, 517] (54)
4 : [89, 231, 281, 504] (57)
5 : [127, 216, 317, 450, 545] (58)
6 : [122, 436, 518, 528] (59)
7 : [] (0)
8 : [11, 102, 165, 287, 588] (50)
9 : [153, 246, 375, 417] (51)
10 : [187, 488, 593] (56)
11 : [43, 106, 107, 167, 435, 549] (56)
12 : [85, 113, 223, 303] (58)
13 : [35, 41, 208, 536, 571, 580] (51)
14 : [129, 402, 430, 492] (50)
15 : [7, 52, 347, 469, 493, 552] (52)
16 : [32, 186, 211, 243] (52)
17 : [40, 104, 145, 322] (58)
18 : [36, 69, 95, 100, 140, 268, 425] (58)
19 : [30, 230, 290, 329, 503, 535, 544] (51)
20 : [87, 368, 420, 455] (53)
21 : [59, 133, 185, 278] (51)
22 : [158, 326, 508] (59)
23 : [25, 101, 228, 397, 499, 591] (50)
24 : [123, 149, 286, 295, 379, 386, 548] (51)
25 : [318, 466, 472, 512] (56)
26 : [55, 280, 382, 387, 419] (57)
27 : [15, 60, 320, 418, 422] (57)
28 : [88, 352, 589] (67)
29 : [250, 309, 332, 359, 484, 576, 582] (59)
30 : [132, 314, 319, 403, 554] (64)
31 : [82, 103, 117, 125, 385, 489] (65)
32 : [306, 494, 530, 533, 598] (59)
33 : [33, 180, 284, 367, 389] (62)
34 : [131, 348, 380, 444, 478] (61)
35 : [99, 200, 262, 567] (60)
36 : [9, 64, 242, 377, 437, 557] (58)
37 : [46, 453, 519] (57)
38 : [24, 152, 195, 342, 376, 523] (58)
39 : [221, 252, 269, 525, 556] (60)
40 : [0, 22, 73, 274, 394, 446, 467] (64)
41 : [78, 105, 364, 457] (69)
42 : [6, 44, 241, 253, 458, 534] (65)
43 : [184, 193, 461, 507] (69)
44 : [3, 108, 120, 144, 378, 584] (65)
45 : [90, 119, 345, 433] (69)
46 : [63, 177, 202, 206, 412] (64)
47 : [239, 245, 371, 555, 568] (62)
48 : [411, 440, 553, 563] (63)
49 : [279, 335, 404, 460, 474, 566] (65)
50 : [13, 38, 224, 258, 524] (67)
51 : [21, 92, 116, 255, 459, 483] (66)
52 : [297, 323, 393, 408, 426] (71)
53 : [57, 162, 304, 390, 590] (66)
54 : [136, 164, 338, 496] (66)
55 : [130, 351, 413, 424, 529, 597] (66)
56 : [150, 249, 336, 399, 510, 560] (67)
57 : [56, 188, 237, 248] (66)
58 : [112, 229, 407, 415, 429] (67)
59 : [91, 170, 215, 226, 227] (67)
60 : [288, 339, 398, 559] (67)
61 : [10, 388, 531, 542] (66)
62 : [273, 370, 495, 573, 586] (62)
63 : [16, 143, 156, 432, 442, 532] (59)
64 : [75, 115, 126, 305, 346, 363] (67)
65 : [285, 324, 481, 551, 592] (68)
66 : [96, 333, 361] (68)
67 : [207, 344, 353, 538] (73)
68 : [31, 392, 471, 522, 585] (69)
69 : [232, 298, 313, 358, 482] (83)
70 : [61, 168, 289, 575] (65)
71 : [45, 62, 201, 341, 577] (66)
72 : [93, 166, 251, 355, 452, 505, 562] (65)
73 : [72, 135, 302, 485] (68)
74 : [42, 67, 83, 197, 209, 405, 486, 594] (65)
75 : [50, 134, 218, 267, 396, 431] (65)
76 : [65, 204, 214, 574] (72)
77 : [114, 244, 272, 447] (74)
78 : [19, 266, 480, 500] (73)
79 : [174, 307, 583, 599] (74)
80 : [37, 234, 558, 569] (74)
81 : [53, 283, 293, 360, 506] (77)
82 : [27, 233, 257, 260, 263, 264, 308, 315] (73)
83 : [79, 238, 276, 343, 464, 561] (76)
84 : [54, 86, 491, 565] (78)
85 : [34, 182, 497, 527] (76)
86 : [310, 330, 374, 537] (76)
87 : [51, 235, 261, 292, 514] (79)
88 : [2, 12, 146, 225, 448] (73)
89 : [70, 192, 316, 331, 383, 578] (75)
90 : [98, 275, 401, 414, 502] (75)
91 : [222, 282, 349, 501, 546] (74)
92 : [29, 66, 147, 366, 454] (77)
93 : [154, 173, 356, 423, 477, 526, 541] (70)
94 : [47, 327, 328, 365, 400] (72)
95 : [23, 169, 511, 550] (75)
96 : [48, 236, 247, 265, 475] (72)
97 : [77, 181, 270, 596] (72)
98 : [148, 161, 395, 445, 463, 490, 579] (73)
99 : [109, 118, 321, 441, 449] (73)
100 : [128, 142, 198, 220, 487, 570] (72)
101 : [17, 81, 191, 196] (75)
102 : [14, 205, 369, 539, 564] (75)
103 : [1, 28, 372, 410] (74)
104 : [8, 97, 178, 362, 428, 572] (74)
105 : [138, 190, 391, 470] (80)
106 : [189, 219, 434, 451, 520] (75)
107 : [68, 94, 155, 163] (79)
108 : [176, 199, 277, 406, 473, 498] (79)
109 : [210, 212, 259, 543] (79)
110 : [49, 139, 357, 373] (80)
111 : [141, 311, 384, 438, 468] (81)
112 : [4, 160, 213, 456, 515] (79)
113 : [58, 74, 80, 172, 299, 350, 476, 540] (72)
114 : [39, 271, 294, 439, 587] (73)
115 : [124, 159, 203, 516] (77)
116 : [18, 240, 254, 291, 462] (77)
117 : [312, 340, 479, 509, 581] (77)
118 : [175, 354, 547] (78)
119 : [5, 111, 137, 217, 416, 421] (72)
120 : [110, 183, 256, 325] (71)
121 : [20, 26, 465, 521] (74)
122 : [171, 296, 301, 334, 409, 513] (70)
123 : [71, 151, 300] (70)
124 : [337, 381, 427, 595] (70)
125 : [84, 157, 194, 443] (49)
126 : [] (0)
