Name: 600-30-45
Time: 14.094213247299194 
Result: 8047
Solution:  70 81 54 72 74 57 50 26 55 141 17 140 86 7 131 13 129 49 10 72 139 109 30 46 111 46 102 135 137 36 81 138 36 64 117 28 88 118 136 43 53 31 105 144 60 51 109 146 66 116 74 113 25 91 142 136 118 112 3 132 63 68 21 134 32 89 120 138 67 104 110 75 142 92 13 93 23 31 70 21 52 79 59 32 107 85 14 39 137 54 98 33 8 138 64 8 50 130 71 49 24 138 26 22 92 4 41 98 134 19 128 112 44 108 68 139 90 111 74 32 109 123 81 144 65 14 93 81 75 121 108 106 131 66 97 127 79 8 92 10 125 57 101 21 78 41 18 118 135 125 72 7 80 61 47 119 111 53 56 96 45 5 23 99 69 15 64 97 42 12 27 111 112 39 57 60 53 60 51 124 116 6 104 128 74 37 115 65 82 54 50 29 6 90 50 80 18 132 89 102 132 72 119 8 128 130 17 107 133 126 96 31 74 126 16 122 46 94 122 102 104 143 20 142 103 43 120 69 21 28 78 79 20 128 144 4 97 123 12 45 34 142 90 4 85 88 84 76 60 122 66 25 120 33 91 94 47 68 87 127 133 135 115 80 26 91 38 101 126 87 38 104 78 137 131 132 41 70 38 101 141 55 30 10 144 3 120 126 102 24 62 3 92 130 127 121 106 105 63 123 84 132 104 120 35 144 8 67 38 73 122 63 74 135 63 93 106 129 58 42 139 111 117 26 100 7 57 16 142 139 45 4 117 38 85 24 69 3 55 143 68 35 65 121 84 80 113 103 111 61 64 129 17 126 115 52 113 6 29 73 130 143 61 28 27 111 36 89 114 131 36 71 37 54 97 105 140 15 109 112 73 10 136 35 85 29 79 18 127 29 14 23 143 54 48 47 48 58 142 42 118 50 117 105 139 33 58 73 65 144 48 116 125 141 124 21 116 23 15 86 100 119 87 99 49 16 70 16 58 7 89 55 44 80 77 73 91 13 90 107 23 138 106 127 19 89 18 115 52 68 137 22 82 110 32 116 146 87 63 117 138 10 83 77 140 17 123 72 105 130 113 56 122 40 77 28 120 34 100 12 37 118 124 103 25 83 62 112 5 94 21 135 76 31 4 81 30 37 119 74 31 138 24 27 95 83 22 117 19 90 20 95 97 136 40 40 15 39 44 7 134 98 118 29 91 52 128 5 45 65 110 125 64 48 102 114 71 102 91 120 116 59 113 53 75 99 96 71 124 136 107 97 8 7 132 46 122 51 124 48 55 84 5 133 56 17 88 82 13 59 45 45 108 14 40 3 39 38 87 93 77 39 30 133 135 77 37 32 87 34 128 58 16 111 48 134 140 5 131 15
0 : [] (0)
1 : [] (0)
2 : [] (0)
3 : [58, 285, 291, 337, 575] (41)
4 : [105, 235, 243, 331, 494] (38)
5 : [161, 488, 527, 562, 597] (32)
6 : [181, 192, 357] (32)
7 : [13, 151, 325, 429, 519, 553] (40)
8 : [92, 95, 137, 203, 306, 552] (33)
9 : [] (0)
10 : [18, 139, 283, 381, 461] (33)
11 : [] (0)
12 : [169, 238, 479] (36)
13 : [15, 74, 437, 568] (33)
14 : [86, 125, 390, 573] (36)
15 : [165, 377, 418, 516, 599] (30)
16 : [214, 327, 425, 427, 592] (30)
17 : [10, 206, 352, 465, 565] (31)
18 : [146, 196, 387, 446] (31)
19 : [109, 444, 508] (30)
20 : [222, 232, 510] (38)
21 : [62, 79, 143, 228, 415, 490] (31)
22 : [103, 451, 506] (35)
23 : [76, 162, 391, 417, 440] (32)
24 : [100, 289, 335, 502] (33)
25 : [52, 251, 484] (33)
26 : [7, 102, 264, 323] (35)
27 : [170, 364, 503] (33)
28 : [35, 229, 363, 475] (34)
29 : [191, 358, 385, 389, 523] (35)
30 : [22, 282, 496, 582] (34)
31 : [41, 77, 211, 493, 500] (31)
32 : [64, 83, 119, 454, 587] (29)
33 : [91, 253, 405] (30)
34 : [240, 477, 589] (39)
35 : [304, 341, 383] (33)
36 : [29, 32, 366, 370] (30)
37 : [185, 372, 480, 497, 586] (32)
38 : [266, 270, 278, 308, 333, 577] (30)
39 : [87, 173, 517, 576, 581] (30)
40 : [473, 514, 515, 574] (34)
41 : [106, 145, 276] (32)
42 : [168, 319, 399] (34)
43 : [39, 225] (35)
44 : [112, 432, 518] (31)
45 : [160, 239, 330, 528, 570, 571] (32)
46 : [23, 25, 216, 555] (36)
47 : [154, 256, 395] (32)
48 : [394, 396, 410, 533, 559, 594] (30)
49 : [17, 99, 424] (36)
50 : [6, 96, 190, 194, 401] (31)
51 : [45, 178, 557] (33)
52 : [80, 355, 448, 525] (37)
53 : [40, 157, 176, 543] (37)
54 : [2, 89, 189, 373, 393] (36)
55 : [8, 281, 338, 431, 560] (36)
56 : [158, 471, 564] (37)
57 : [5, 141, 174, 326] (35)
58 : [318, 397, 406, 428, 591] (33)
59 : [82, 541, 569] (40)
60 : [44, 175, 177, 248] (33)
61 : [153, 349, 362] (32)
62 : [290, 486] (36)
63 : [60, 298, 311, 314, 458] (34)
64 : [33, 94, 166, 350, 532] (34)
65 : [124, 187, 342, 408, 529] (33)
66 : [48, 133, 250] (33)
67 : [68, 307] (37)
68 : [61, 114, 257, 340, 449] (36)
69 : [164, 227, 336] (37)
70 : [0, 78, 277, 426] (35)
71 : [98, 371, 536, 547] (38)
72 : [3, 19, 150, 201, 467] (37)
73 : [309, 359, 380, 407, 435] (30)
74 : [4, 50, 118, 184, 212, 312, 499] (31)
75 : [71, 128, 544] (43)
76 : [247, 492] (40)
77 : [434, 463, 474, 580, 585] (34)
78 : [144, 230, 272] (42)
79 : [81, 136, 231, 386] (36)
80 : [152, 195, 263, 345, 433] (37)
81 : [1, 30, 122, 127, 495] (39)
82 : [188, 452, 567] (47)
83 : [462, 485, 505] (38)
84 : [246, 300, 344, 561] (39)
85 : [85, 244, 334, 384] (43)
86 : [12, 419] (39)
87 : [258, 269, 422, 457, 578, 588] (36)
88 : [36, 245, 566] (34)
89 : [65, 198, 367, 430, 445] (36)
90 : [116, 193, 242, 438, 509] (41)
91 : [53, 254, 265, 436, 524, 538] (32)
92 : [73, 104, 138, 292] (45)
93 : [75, 126, 315, 579] (43)
94 : [217, 255, 489] (39)
95 : [504, 511] (34)
96 : [159, 210, 546] (37)
97 : [134, 167, 236, 374, 512, 551] (39)
98 : [90, 107, 521] (39)
99 : [163, 423, 545] (40)
100 : [324, 420, 478] (39)
101 : [142, 267, 279] (40)
102 : [26, 199, 219, 288, 534, 537] (37)
103 : [224, 347, 483] (39)
104 : [69, 182, 220, 271, 302] (44)
105 : [42, 297, 375, 403, 468] (40)
106 : [131, 296, 316, 442] (45)
107 : [84, 207, 439, 550] (46)
108 : [113, 130, 572] (45)
109 : [21, 46, 120, 378] (46)
110 : [70, 453, 530] (47)
111 : [24, 117, 156, 171, 321, 348, 365, 593] (44)
112 : [57, 111, 172, 379, 487] (45)
113 : [51, 346, 356, 470, 542] (42)
114 : [368, 535] (42)
115 : [186, 262, 354, 447] (44)
116 : [49, 180, 411, 416, 455, 540] (42)
117 : [34, 322, 332, 402, 459, 507] (42)
118 : [37, 56, 147, 400, 481, 522] (43)
119 : [155, 202, 421, 498] (44)
120 : [66, 226, 252, 286, 303, 476, 539] (43)
121 : [129, 295, 343] (43)
122 : [215, 218, 249, 310, 472, 556] (44)
123 : [121, 237, 299, 466] (45)
124 : [179, 414, 482, 548, 558] (44)
125 : [140, 149, 412, 531] (44)
126 : [209, 213, 268, 287, 353] (44)
127 : [135, 259, 294, 388, 443] (45)
128 : [110, 183, 204, 233, 526, 590] (45)
129 : [16, 317, 351] (44)
130 : [97, 205, 293, 360, 469] (44)
131 : [14, 132, 274, 369, 598] (44)
132 : [59, 197, 200, 275, 301, 554] (43)
133 : [208, 260, 563, 583] (40)
134 : [63, 108, 520, 595] (43)
135 : [27, 148, 261, 313, 491, 584] (41)
136 : [38, 55, 382, 513, 549] (43)
137 : [28, 88, 273, 450] (41)
138 : [31, 67, 93, 101, 441, 460, 501] (41)
139 : [20, 115, 320, 329, 404] (41)
140 : [11, 376, 464, 596] (42)
141 : [9, 280, 413] (41)
142 : [54, 72, 223, 241, 328, 398] (43)
143 : [221, 339, 361, 392] (41)
144 : [43, 123, 234, 284, 305, 409] (41)
145 : [] (0)
146 : [47, 456] (29)
