Name: 800-30-45
Time: 18.90233826637268 
Result: 44
Solution:  70 46 64 18 108 61 51 68 50 39 114 4 53 85 3 96 38 34 90 22 28 106 98 101 95 117 23 93 80 12 31 27 103 75 105 43 113 84 39 22 97 64 97 43 40 72 98 15 74 33 103 37 83 3 70 49 37 60 52 108 115 41 29 57 70 5 83 19 32 17 91 107 67 84 37 55 40 52 16 89 28 46 94 16 93 7 38 48 92 98 91 44 103 87 48 62 50 79 12 7 44 112 57 30 10 113 83 64 11 71 18 20 57 67 101 14 66 55 23 42 74 4 93 43 96 17 64 21 49 37 14 49 98 54 110 76 42 69 100 93 33 80 84 108 91 86 99 102 112 30 40 50 75 61 9 5 74 28 6 67 47 93 42 23 87 34 93 62 7 85 31 121 66 6 5 75 76 120 35 121 99 120 100 56 48 106 13 53 54 12 102 74 116 44 3 88 22 71 82 29 49 32 84 38 26 35 58 8 91 39 37 56 115 110 71 89 84 109 114 66 111 77 39 85 80 36 119 61 62 119 69 37 105 75 15 92 54 93 19 101 86 41 30 28 20 96 50 76 100 49 118 31 28 44 35 65 47 113 42 68 49 105 58 88 98 78 100 32 27 99 40 59 3 78 21 4 110 57 59 106 51 121 82 58 53 25 107 39 40 63 48 63 44 99 26 81 118 33 114 23 24 35 34 120 31 82 89 112 16 68 18 112 12 72 52 28 70 19 36 86 61 54 16 17 43 57 29 75 108 86 67 64 108 101 53 94 97 56 46 100 86 35 20 56 22 35 50 119 88 56 109 95 101 82 27 44 68 88 83 69 105 101 16 21 41 44 28 36 44 75 49 24 103 76 10 11 9 83 69 24 39 91 12 47 23 63 6 120 50 6 36 87 23 34 110 12 113 82 10 34 30 43 81 63 110 89 81 49 21 67 66 70 104 105 57 25 52 113 40 81 71 65 111 40 33 3 62 89 104 34 13 19 33 39 46 48 26 110 109 96 57 94 105 73 80 99 15 15 20 107 75 106 49 117 106 33 4 97 106 35 25 102 43 61 115 83 77 56 108 111 14 5 79 56 111 32 74 53 13 94 24 46 65 6 37 3 95 63 116 6 55 73 42 90 38 96 118 77 117 110 29 54 76 58 119 30 93 102 103 85 121 86 88 112 26 107 63 68 95 13 79 115 15 111 85 71 107 106 118 65 24 62 92 96 92 74 31 51 48 22 76 21 85 114 103 27 53 48 73 11 90 97 104 73 65 87 59 7 103 15 51 17 100 79 60 88 109 30 78 85 93 65 49 86 19 70 92 5 112 38 118 100 89 113 73 82 56 6 90 84 45 62 82 113 47 67 115 104 13 13 51 120 94 96 65 87 61 47 55 33 63 12 34 116 97 27 3 55 6 22 19 29 37 121 57 31 107 11 29 36 62 67 102 43 65 99 109 43 82 41 58 81 69 7 117 99 96 73 60 120 117 78 56 27 63 42 29 105 4 25 95 102 71 90 4 82 119 58 44 81 21 89 28 95 45 68 51 88 14 109 72 87 78 12 67 25 30 66 4 104 77 94 83 29 27 120 79 105 58 17 63 45 46 36 76 52 97 73 8 13 38 11 97 115 7 38 43 15 36 28 54 8 76 81 102 70 101 88 17 66 32 98 104 38 58 89 75 120 56 69 87 113 21 121 37 17 68 104 58 70 21 59 113 60 108 38 71 76 110 5 65 72 8 112 112 85 115 70 66 111 116 76 49 14 8 83 85 91 68 50 59 55 24 18 7 31 23 43 11 54 77 49 116 111 10 49 118 79 94 45
0 : [] (0)
1 : [] (0)
2 : [] (0)
3 : [14, 53, 194, 272, 425, 485, 616] (30)
4 : [11, 121, 275, 456, 658, 664, 688] (34)
5 : [65, 155, 174, 471, 577, 759] (30)
6 : [158, 173, 386, 389, 483, 489, 587, 618] (30)
7 : [85, 99, 168, 557, 643, 714, 784] (31)
8 : [207, 708, 721, 762, 774] (30)
9 : [154, 376] (30)
10 : [104, 374, 398, 794] (32)
11 : [108, 375, 549, 627, 711, 788] (30)
12 : [29, 98, 189, 312, 382, 395, 611, 683] (30)
13 : [186, 430, 478, 519, 598, 599, 709] (30)
14 : [115, 130, 470, 678, 773] (30)
15 : [47, 234, 446, 447, 522, 559, 717] (30)
16 : [78, 83, 308, 322, 362] (30)
17 : [69, 125, 323, 561, 699, 728, 745] (31)
18 : [3, 110, 310, 783] (32)
19 : [67, 238, 317, 431, 574, 620] (33)
20 : [111, 244, 342, 448] (30)
21 : [127, 274, 363, 408, 541, 670, 742, 750] (31)
22 : [19, 39, 196, 344, 539, 619] (31)
23 : [26, 118, 163, 299, 384, 392, 786] (30)
24 : [300, 371, 379, 480, 530, 782] (31)
25 : [285, 415, 460, 659, 685] (34)
26 : [204, 294, 436, 514] (42)
27 : [31, 268, 354, 545, 615, 653, 694] (33)
28 : [20, 80, 157, 243, 252, 315, 366, 672, 719] (33)
29 : [62, 199, 326, 500, 621, 628, 656, 693] (34)
30 : [103, 149, 242, 400, 505, 567, 686] (34)
31 : [30, 170, 251, 304, 536, 625, 785] (36)
32 : [68, 201, 267, 475, 730] (36)
33 : [49, 140, 297, 424, 432, 455, 609] (35)
34 : [17, 165, 302, 393, 399, 429, 612] (34)
35 : [178, 205, 254, 301, 341, 345, 459] (34)
36 : [225, 318, 367, 390, 629, 703, 718] (34)
37 : [51, 56, 74, 129, 210, 231, 484, 622, 744] (34)
38 : [16, 86, 203, 494, 579, 710, 715, 733, 755] (35)
39 : [9, 38, 209, 222, 287, 380, 433] (36)
40 : [44, 76, 150, 270, 288, 418, 423] (35)
41 : [61, 241, 364, 639] (36)
42 : [119, 136, 162, 258, 492, 655] (35)
43 : [35, 43, 123, 324, 401, 462, 633, 637, 716, 787] (36)
44 : [91, 100, 193, 253, 292, 355, 365, 368, 668] (35)
45 : [590, 674, 701, 799] (35)
46 : [1, 81, 338, 434, 481, 702] (37)
47 : [160, 256, 383, 594, 607] (35)
48 : [87, 94, 184, 290, 435, 538, 547] (34)
49 : [55, 128, 131, 200, 249, 260, 370, 407, 452, 572, 772, 791, 795] (33)
50 : [8, 96, 151, 246, 346, 388, 779] (34)
51 : [6, 280, 537, 560, 600, 676] (36)
52 : [58, 77, 314, 416, 705] (36)
53 : [12, 187, 284, 334, 477, 546] (38)
54 : [133, 188, 236, 321, 501, 720, 789] (37)
55 : [75, 117, 490, 608, 617, 781] (38)
56 : [183, 211, 337, 343, 349, 467, 473, 586, 652, 738] (38)
57 : [63, 102, 112, 277, 325, 414, 440, 624] (38)
58 : [206, 262, 283, 503, 640, 667, 698, 734, 748] (39)
59 : [271, 278, 556, 751, 780] (40)
60 : [57, 564, 648, 753] (42)
61 : [5, 153, 227, 320, 463, 606] (41)
62 : [95, 167, 228, 426, 531, 591, 630] (39)
63 : [289, 291, 385, 403, 487, 516, 610, 654, 700] (38)
64 : [2, 41, 107, 126, 331] (37)
65 : [255, 421, 482, 529, 554, 571, 604, 634, 760] (37)
66 : [116, 172, 219, 410, 687, 729, 768] (37)
67 : [72, 113, 159, 330, 409, 595, 631, 684] (37)
68 : [7, 259, 309, 356, 517, 675, 746, 778] (38)
69 : [137, 230, 359, 378, 642, 739] (38)
70 : [0, 54, 64, 316, 411, 575, 725, 749, 767] (38)
71 : [109, 197, 214, 420, 525, 662, 756] (37)
72 : [45, 313, 680, 761] (38)
73 : [443, 491, 548, 553, 584, 647, 707] (38)
74 : [48, 120, 156, 191, 476, 535] (37)
75 : [33, 152, 175, 233, 327, 369, 450, 736] (39)
76 : [135, 176, 247, 373, 502, 540, 704, 722, 757, 771] (37)
77 : [221, 466, 497, 690, 790] (38)
78 : [265, 273, 568, 651, 682] (44)
79 : [97, 472, 520, 563, 696, 797] (42)
80 : [28, 141, 224, 444] (41)
81 : [295, 402, 406, 419, 641, 669, 723] (40)
82 : [198, 282, 305, 353, 397, 585, 592, 638, 665] (39)
83 : [52, 66, 106, 358, 377, 465, 692, 775] (40)
84 : [37, 73, 142, 202, 216, 589] (39)
85 : [13, 169, 223, 509, 524, 542, 569, 765, 776] (40)
86 : [145, 240, 319, 329, 340, 511, 573] (42)
87 : [93, 164, 391, 555, 605, 681, 740] (41)
88 : [195, 263, 348, 357, 512, 565, 677, 727] (44)
89 : [79, 215, 306, 405, 427, 582, 671, 735] (43)
90 : [18, 493, 550, 588, 663] (43)
91 : [70, 90, 144, 208, 381, 777] (43)
92 : [88, 235, 532, 534, 576] (44)
93 : [27, 84, 122, 139, 161, 166, 237, 506, 570] (44)
94 : [82, 335, 441, 479, 602, 691, 798] (43)
95 : [24, 351, 486, 518, 660, 673] (43)
96 : [15, 124, 245, 439, 495, 533, 603, 646] (44)
97 : [40, 42, 336, 457, 551, 614, 706, 712] (42)
98 : [22, 46, 89, 132, 264, 731] (43)
99 : [146, 180, 269, 293, 445, 635, 645] (43)
100 : [138, 182, 248, 266, 339, 562, 581] (42)
101 : [23, 114, 239, 333, 352, 361, 726] (42)
102 : [147, 190, 461, 507, 632, 661, 724] (43)
103 : [32, 50, 92, 372, 508, 544, 558] (42)
104 : [412, 428, 552, 597, 689, 732, 747] (41)
105 : [34, 232, 261, 360, 413, 442, 657, 697] (42)
106 : [21, 185, 279, 451, 454, 458, 527] (42)
107 : [71, 286, 449, 515, 526, 626] (41)
108 : [4, 59, 143, 328, 332, 468, 754] (42)
109 : [217, 350, 438, 566, 636, 679] (44)
110 : [134, 213, 276, 394, 404, 437, 499, 758] (41)
111 : [220, 422, 469, 474, 523, 769, 793] (43)
112 : [101, 148, 307, 311, 513, 578, 763, 764] (42)
113 : [36, 105, 257, 396, 417, 583, 593, 741, 752] (41)
114 : [10, 218, 298, 543] (42)
115 : [60, 212, 464, 521, 596, 713, 766] (42)
116 : [192, 488, 613, 770, 792] (44)
117 : [25, 453, 498, 644, 650] (43)
118 : [250, 296, 496, 528, 580, 796] (42)
119 : [226, 229, 347, 504, 666] (33)
120 : [177, 181, 303, 387, 601, 649, 695, 737] (42)
121 : [171, 179, 281, 510, 623, 743] (32)
122 : [] (0)
123 : [] (0)
