Name: 800-40-60
Time: 19.084413290023804 
Result: 18065
Solution:  13 59 190 109 197 142 116 186 174 185 24 124 114 77 146 173 23 162 60 81 195 35 131 123 138 184 87 32 172 93 186 90 65 168 86 7 168 58 147 169 152 140 79 179 24 102 52 104 124 49 149 116 147 141 145 192 40 10 27 11 182 200 106 104 200 61 63 135 33 59 123 55 82 170 71 75 64 158 149 13 19 170 150 158 171 157 16 130 130 148 194 2 48 79 55 66 107 152 173 6 134 113 172 49 163 112 191 110 10 48 161 2 16 4 183 37 48 134 150 190 23 150 132 106 10 111 41 113 68 121 147 22 151 141 3 114 59 13 118 44 11 43 83 136 146 146 87 88 143 72 154 138 19 41 175 29 67 3 126 182 75 170 39 34 31 107 133 80 98 128 19 90 128 94 131 36 39 73 139 36 167 137 125 151 34 184 5 37 76 88 167 56 94 101 177 166 49 179 103 178 141 179 45 181 98 42 142 127 59 14 82 13 145 135 107 105 156 142 95 46 16 144 115 153 112 160 157 44 98 93 65 152 17 69 74 179 22 10 81 160 7 81 82 199 192 43 50 99 39 93 75 50 35 161 116 28 105 189 201 183 114 199 183 129 155 147 141 102 76 59 127 86 61 41 195 168 133 106 53 193 171 61 124 175 63 130 52 132 114 92 89 83 14 51 153 189 26 76 132 103 43 177 73 131 70 169 116 165 146 57 50 31 185 70 5 137 28 75 57 180 151 155 67 70 55 194 122 47 198 128 50 20 85 13 195 20 33 62 191 2 96 99 46 14 38 181 179 159 173 43 133 29 121 181 80 91 64 142 89 87 104 67 45 194 172 167 177 61 109 199 8 61 72 201 143 118 46 91 16 69 31 70 162 37 174 86 165 125 136 126 136 118 176 65 66 9 8 128 96 29 29 13 96 74 16 66 187 56 26 177 27 45 73 172 53 26 159 165 28 114 8 48 110 188 189 177 126 188 191 38 133 193 97 160 34 158 60 91 56 156 69 50 139 22 112 143 138 159 147 97 8 71 20 143 76 156 62 152 142 193 175 44 165 157 7 165 135 62 153 80 98 63 119 80 153 103 98 169 67 198 120 88 115 115 70 103 55 114 26 174 18 6 167 106 83 39 59 24 30 37 6 85 102 28 124 85 192 71 166 149 67 99 109 11 93 120 43 50 188 69 23 152 96 78 5 199 118 145 186 99 117 13 89 127 123 11 74 78 119 103 187 2 123 35 98 55 172 39 162 126 117 39 197 201 60 21 164 154 22 176 100 161 144 86 196 27 5 9 79 178 138 148 140 119 2 40 31 155 193 26 57 176 6 92 20 182 188 180 186 30 191 36 174 63 111 18 19 21 163 119 49 178 13 199 101 2 187 173 76 129 84 54 100 17 199 17 162 64 76 107 183 176 51 79 90 17 27 177 80 51 177 23 124 48 135 51 94 32 33 141 101 132 195 14 121 149 50 9 36 132 54 150 160 176 163 68 5 198 98 21 65 158 186 84 159 32 194 35 131 122 179 136 79 125 137 84 42 151 144 144 200 48 163 139 113 10 193 120 128 104 156 109 43 103 97 186 166 30 115 76 95 197 108 31 107 7 86 187 86 12 77 136 180 159 34 12 32 164 105 104 60 86 81 21 171 125 108 163 121 65 172 156 52 19 89 164 121 126 57 130 137 88 152 91 185 119 40 138 184 84 110 117 70 200 165 54 199 184 80 47 65 77 101 4 95 42 8 163 59 68 14 129 93 200 30 18 112 34 144 158 33 188 38 31 79 123 190 117 91 43 58 3 96 20 72 201 148 196 108 53
0 : [] (0)
1 : [] (0)
2 : [91, 111, 339, 541, 574, 605] (38)
3 : [134, 157, 791] (41)
4 : [113, 763] (40)
5 : [186, 314, 524, 566, 656] (40)
6 : [99, 491, 500, 582] (46)
7 : [35, 240, 464, 705] (47)
8 : [370, 396, 420, 450, 766] (44)
9 : [395, 567, 647] (48)
10 : [57, 108, 124, 237, 685] (43)
11 : [59, 140, 513, 535] (46)
12 : [709, 715] (44)
13 : [0, 79, 137, 211, 333, 401, 531, 602] (40)
14 : [209, 292, 343, 643, 770] (42)
15 : [] (0)
16 : [86, 112, 220, 378, 404] (43)
17 : [232, 613, 615, 625] (44)
18 : [490, 595, 775] (48)
19 : [80, 152, 170, 596, 733] (43)
20 : [331, 335, 452, 584, 793] (49)
21 : [555, 597, 659, 723] (43)
22 : [131, 236, 443, 558] (40)
23 : [16, 120, 520, 631] (40)
24 : [10, 44, 497] (40)
25 : [] (0)
26 : [296, 408, 415, 488, 579] (51)
27 : [58, 410, 565, 626] (47)
28 : [255, 316, 418, 503] (46)
29 : [155, 351, 399, 400] (43)
30 : [498, 589, 697, 774] (45)
31 : [164, 311, 380, 576, 703, 783] (46)
32 : [27, 637, 665, 716] (47)
33 : [68, 336, 638, 780] (47)
34 : [163, 184, 434, 714, 777] (44)
35 : [21, 252, 543, 667] (50)
36 : [175, 179, 591, 648] (43)
37 : [115, 187, 383, 499] (42)
38 : [344, 429, 782] (51)
39 : [162, 176, 248, 495, 547, 551] (42)
40 : [56, 575, 746] (40)
41 : [126, 153, 273] (43)
42 : [205, 676, 765] (40)
43 : [141, 245, 300, 349, 516, 692, 789] (42)
44 : [139, 227, 461] (45)
45 : [202, 362, 411] (44)
46 : [219, 342, 376] (45)
47 : [327, 759] (50)
48 : [92, 109, 116, 421, 633, 681] (45)
49 : [49, 103, 196, 600] (44)
50 : [246, 251, 310, 330, 441, 517, 646] (42)
51 : [293, 622, 629, 635] (41)
52 : [46, 286, 732] (49)
53 : [278, 414, 799] (45)
54 : [611, 650, 755] (46)
55 : [71, 94, 324, 486, 545] (46)
56 : [191, 407, 438] (42)
57 : [309, 318, 580, 738] (47)
58 : [37, 790] (44)
59 : [1, 69, 136, 208, 269, 496, 768] (43)
60 : [18, 436, 554, 720] (45)
61 : [65, 272, 281, 367, 371] (46)
62 : [337, 456, 467] (49)
63 : [66, 284, 471, 593] (44)
64 : [76, 356, 617] (53)
65 : [32, 230, 393, 660, 729, 760] (44)
66 : [95, 394, 405] (49)
67 : [156, 322, 361, 478, 510] (45)
68 : [128, 655, 769] (45)
69 : [233, 379, 440, 519] (48)
70 : [304, 313, 323, 381, 484, 752] (46)
71 : [74, 451, 507] (47)
72 : [149, 372, 794] (48)
73 : [177, 302, 412] (48)
74 : [234, 403, 536] (51)
75 : [75, 160, 250, 317] (45)
76 : [188, 268, 297, 454, 608, 618, 699] (47)
77 : [13, 710, 761] (53)
78 : [523, 537] (49)
79 : [42, 93, 568, 623, 672, 784] (46)
80 : [167, 354, 469, 473, 628, 758] (46)
81 : [19, 238, 241, 722] (48)
82 : [72, 210, 242] (49)
83 : [142, 291, 494] (50)
84 : [610, 663, 675, 749] (48)
85 : [332, 501, 505] (49)
86 : [34, 271, 385, 563, 706, 708, 721] (44)
87 : [26, 146, 359] (49)
88 : [147, 189, 481, 741] (57)
89 : [290, 358, 532, 734] (49)
90 : [31, 171, 624] (48)
91 : [355, 377, 437, 743, 788] (49)
92 : [289, 583] (50)
93 : [29, 229, 249, 514, 772] (50)
94 : [173, 192, 636] (53)
95 : [218, 700, 764] (51)
96 : [340, 398, 402, 522, 792] (49)
97 : [432, 449, 694] (47)
98 : [168, 204, 228, 470, 476, 544, 658] (47)
99 : [247, 341, 511, 529] (51)
100 : [560, 612] (49)
101 : [193, 604, 640, 762] (47)
102 : [45, 267, 502] (51)
103 : [198, 299, 475, 485, 539, 693] (49)
104 : [47, 63, 360, 689, 719] (50)
105 : [215, 256, 718] (53)
106 : [62, 123, 277, 493] (52)
107 : [96, 165, 214, 619, 704] (51)
108 : [702, 726, 798] (52)
109 : [3, 368, 512, 691] (50)
110 : [107, 422, 750] (56)
111 : [125, 594] (49)
112 : [105, 224, 444, 776] (46)
113 : [101, 127, 684] (48)
114 : [12, 135, 260, 288, 419, 487] (45)
115 : [222, 482, 483, 698] (42)
116 : [6, 51, 254, 306] (44)
117 : [530, 550, 751, 787] (43)
118 : [138, 375, 391, 526] (45)
119 : [472, 538, 573, 599, 745] (58)
120 : [480, 515, 687] (61)
121 : [129, 352, 644, 728, 736] (58)
122 : [326, 669] (54)
123 : [23, 70, 534, 542, 785] (57)
124 : [11, 48, 282, 504, 632] (53)
125 : [182, 387, 673, 725] (53)
126 : [158, 389, 426, 549, 737] (51)
127 : [207, 270, 533] (53)
128 : [169, 172, 329, 397, 688] (53)
129 : [263, 609, 771] (54)
130 : [87, 88, 285, 739] (57)
131 : [22, 174, 303, 668] (55)
132 : [122, 287, 298, 641, 649] (53)
133 : [166, 276, 350, 430] (58)
134 : [100, 117] (53)
135 : [67, 213, 466, 634] (53)
136 : [143, 388, 390, 671, 711] (53)
137 : [181, 315, 674, 740] (52)
138 : [24, 151, 446, 570, 747] (51)
139 : [178, 442, 683] (59)
140 : [41, 572] (51)
141 : [53, 133, 200, 266, 639] (49)
142 : [5, 206, 217, 357, 458] (49)
143 : [148, 374, 445, 453] (53)
144 : [221, 562, 678, 679, 778] (49)
145 : [54, 212, 527] (56)
146 : [14, 144, 145, 308] (54)
147 : [38, 52, 130, 265, 448] (54)
148 : [89, 571, 796] (52)
149 : [50, 78, 509, 645] (48)
150 : [82, 118, 121, 651] (55)
151 : [132, 183, 320, 677] (53)
152 : [40, 97, 231, 457, 521, 742] (52)
153 : [223, 294, 468, 474] (57)
154 : [150, 557] (59)
155 : [264, 321, 577] (57)
156 : [216, 439, 455, 690, 731] (59)
157 : [85, 226, 463] (59)
158 : [77, 83, 435, 661, 779] (60)
159 : [347, 416, 447, 664, 713] (63)
160 : [225, 239, 433, 652] (60)
161 : [110, 253, 561] (59)
162 : [17, 382, 548, 616] (59)
163 : [104, 598, 654, 682, 727, 767] (57)
164 : [556, 717, 735] (59)
165 : [307, 386, 417, 462, 465, 754] (59)
166 : [195, 508, 696] (57)
167 : [180, 190, 365, 492] (59)
168 : [33, 36, 275] (60)
169 : [39, 305, 477] (58)
170 : [73, 81, 161] (56)
171 : [84, 280, 724] (60)
172 : [28, 102, 364, 413, 546, 730] (54)
173 : [15, 98, 348, 607] (54)
174 : [8, 384, 489, 592] (58)
175 : [154, 283, 460] (49)
176 : [392, 559, 581, 621, 653] (54)
177 : [194, 301, 366, 409, 425, 627, 630] (58)
178 : [199, 569, 601] (60)
179 : [43, 197, 201, 235, 346, 670] (58)
180 : [319, 587, 712] (60)
181 : [203, 345, 353] (60)
182 : [60, 159, 585] (60)
183 : [114, 259, 262, 620] (57)
184 : [25, 185, 748, 757] (65)
185 : [9, 312, 744] (60)
186 : [7, 30, 528, 588, 662, 695] (59)
187 : [406, 540, 606, 707] (64)
188 : [423, 427, 518, 586, 781] (60)
189 : [257, 295, 424] (55)
190 : [2, 119, 786] (54)
191 : [106, 338, 428, 590] (58)
192 : [55, 244, 506] (60)
193 : [279, 431, 459, 578, 686] (53)
194 : [90, 325, 363, 666] (60)
195 : [20, 274, 334, 642] (49)
196 : [564, 797] (47)
197 : [4, 552, 701] (47)
198 : [328, 479, 657] (63)
199 : [243, 261, 369, 525, 603, 614, 756] (48)
200 : [61, 64, 680, 753, 773] (50)
201 : [258, 373, 553, 795] (56)
202 : [] (0)
203 : [] (0)
