Name: 800-20-30
Time: 19.163703680038452 
Result: 1030
Solution:  66 26 44 35 45 8 62 90 81 125 46 2 104 32 127 123 43 81 46 36 70 117 112 29 3 23 86 5 11 40 108 52 93 94 39 46 99 70 50 65 97 17 22 85 26 37 25 31 50 66 51 122 131 132 104 36 105 108 71 136 63 42 2 104 114 72 89 23 83 134 36 63 25 128 4 62 126 84 124 47 43 72 3 38 138 20 48 95 94 107 123 68 35 82 90 54 68 108 56 57 36 74 109 8 52 105 120 58 59 3 63 23 9 67 98 13 63 58 30 20 136 57 50 140 67 138 67 77 69 112 129 23 112 130 134 19 36 81 9 49 108 59 58 129 129 16 48 113 40 122 45 21 101 26 40 56 136 13 102 22 85 26 126 46 30 42 135 125 65 33 140 61 127 18 126 89 115 111 9 27 129 112 114 139 107 132 81 84 128 68 54 139 84 42 47 120 123 116 79 74 30 90 122 13 2 21 126 19 42 105 21 106 139 114 107 73 96 75 106 115 57 138 76 66 139 72 85 61 35 100 106 135 71 49 90 129 141 119 99 60 36 94 97 60 83 53 140 53 102 124 24 14 94 122 117 109 75 109 81 21 56 40 58 55 82 120 24 15 15 68 133 12 46 132 47 38 10 47 98 91 123 46 66 136 19 35 34 96 84 8 118 83 11 81 119 70 71 105 80 116 22 55 86 113 103 135 20 53 87 109 126 68 51 77 43 92 111 76 17 99 105 107 132 17 100 140 10 98 136 130 86 7 132 78 42 106 85 32 96 109 97 104 64 115 121 120 79 83 115 42 82 47 95 27 23 110 53 46 82 8 128 18 54 20 7 45 87 62 68 128 34 100 112 119 113 39 63 118 28 55 97 88 134 7 119 54 128 34 38 36 137 110 115 62 93 100 77 63 43 94 90 60 37 50 64 132 124 129 5 123 74 107 115 71 125 38 6 62 12 49 73 18 131 118 81 67 49 53 50 126 81 112 123 131 116 8 59 34 33 130 117 83 139 40 39 20 76 28 136 75 90 50 80 14 80 76 36 70 122 41 38 84 91 35 111 56 85 86 137 54 99 44 60 59 16 37 88 61 60 21 119 28 44 13 94 78 83 78 118 10 119 102 96 7 19 120 4 102 51 79 31 127 32 78 103 133 74 87 91 80 57 86 8 133 102 26 71 88 131 124 94 95 23 16 121 12 19 88 106 59 89 45 134 41 18 95 29 70 27 89 53 54 127 77 74 88 60 84 100 7 110 28 126 51 64 73 56 125 118 2 94 114 138 32 141 14 16 2 110 27 44 83 90 119 101 58 51 85 138 98 62 98 70 64 49 41 89 119 104 11 32 67 59 73 132 89 39 22 116 43 24 30 106 7 25 61 110 42 133 115 78 11 93 48 124 10 77 80 130 141 130 101 134 96 14 105 78 134 29 124 110 95 4 81 108 28 97 110 10 54 50 18 67 125 6 70 31 45 11 24 65 124 43 48 90 123 88 93 31 74 47 52 52 114 46 44 18 57 100 64 32 17 92 69 122 113 73 43 65 98 75 31 13 110 29 137 68 117 22 54 69 75 121 17 116 135 72 2 22 108 136 128 138 99 92 71 107 106 134 9 58 133 139 117 133 39 76 100 5 2 96 65 66 57 100 108 130 47 52 132 44 7 118 113 37 44 96 64 30 55 50 79 92 121 11 64 23 85 6 8 6 92 69 116 76 97 27 86 78 53 138 98 41 111 79 75 55 35 71 87 95 5 18 139 96 137 120 54 10 17 93 111 38 62 66 79 33 4 109 8 32 40 104 103 120 15 87 58 11 91
0 : [] (0)
1 : [] (0)
2 : [11, 62, 204, 559, 567, 697, 719] (20)
3 : [24, 82, 109] (20)
4 : [74, 496, 632, 787] (20)
5 : [27, 408, 718, 771] (21)
6 : [416, 644, 748, 750] (20)
7 : [331, 364, 383, 493, 549, 603, 731] (19)
8 : [5, 103, 289, 359, 435, 512, 749, 789] (20)
9 : [112, 138, 178, 709] (23)
10 : [276, 326, 489, 615, 638, 778] (20)
11 : [28, 292, 589, 611, 648, 744, 798] (21)
12 : [271, 418, 525] (21)
13 : [115, 157, 203, 483, 682] (21)
14 : [251, 453, 565, 624] (21)
15 : [267, 268, 795] (23)
16 : [145, 474, 523, 566] (21)
17 : [41, 318, 323, 671, 693, 779] (22)
18 : [173, 361, 421, 534, 641, 666, 772] (22)
19 : [135, 207, 284, 494, 526] (22)
20 : [85, 119, 306, 363, 445] (23)
21 : [151, 205, 210, 259, 479] (21)
22 : [42, 159, 300, 597, 688, 698] (20)
23 : [25, 67, 111, 131, 354, 522, 746] (20)
24 : [250, 266, 600, 649] (21)
25 : [46, 72, 604] (20)
26 : [1, 44, 153, 161, 515] (20)
27 : [179, 353, 538, 569, 756] (20)
28 : [378, 447, 481, 551, 635] (21)
29 : [23, 536, 628, 684] (20)
30 : [118, 164, 200, 601, 738] (20)
31 : [47, 500, 646, 658, 681] (20)
32 : [13, 337, 502, 563, 590, 670, 790] (22)
33 : [169, 438, 786] (21)
34 : [286, 370, 387, 437] (21)
35 : [3, 92, 228, 285, 463, 767] (22)
36 : [19, 55, 70, 100, 136, 240, 389, 456] (21)
37 : [45, 402, 475, 734] (21)
38 : [83, 275, 388, 415, 460, 782] (24)
39 : [34, 375, 444, 596, 715] (24)
40 : [29, 148, 154, 261, 443, 791] (24)
41 : [459, 533, 585, 762] (23)
42 : [61, 165, 193, 208, 334, 349, 607] (24)
43 : [16, 80, 314, 398, 599, 652, 677] (23)
44 : [2, 471, 482, 570, 665, 730, 735] (23)
45 : [4, 150, 365, 531, 647] (23)
46 : [10, 18, 35, 163, 272, 281, 357, 664] (22)
47 : [79, 194, 274, 277, 351, 660, 727] (23)
48 : [86, 146, 613, 653] (24)
49 : [139, 233, 419, 426, 584] (23)
50 : [38, 48, 122, 403, 428, 451, 640, 740] (22)
51 : [50, 312, 498, 553, 576] (23)
52 : [31, 104, 661, 662, 728] (22)
53 : [245, 247, 307, 356, 427, 540, 759] (22)
54 : [95, 190, 362, 385, 469, 541, 639, 689, 777] (23)
55 : [263, 301, 379, 739, 766] (22)
56 : [98, 155, 260, 465, 556] (23)
57 : [99, 121, 220, 510, 667, 723] (23)
58 : [107, 117, 142, 262, 575, 710, 797] (24)
59 : [108, 141, 436, 473, 529, 592] (24)
60 : [239, 243, 401, 472, 478, 546] (23)
61 : [171, 227, 477, 605] (24)
62 : [6, 75, 367, 393, 417, 580, 783] (24)
63 : [60, 71, 110, 116, 376, 397] (26)
64 : [342, 404, 554, 583, 669, 737, 745] (25)
65 : [39, 168, 650, 678, 721] (26)
66 : [0, 49, 223, 282, 722, 784] (25)
67 : [113, 124, 126, 425, 591, 642] (25)
68 : [91, 96, 189, 269, 311, 368, 686] (24)
69 : [128, 673, 690, 752] (24)
70 : [20, 37, 295, 457, 537, 582, 645] (25)
71 : [58, 232, 296, 413, 516, 705, 768] (24)
72 : [65, 81, 225, 696] (24)
73 : [215, 420, 555, 593, 676] (24)
74 : [101, 199, 410, 506, 544, 659] (26)
75 : [217, 256, 449, 680, 691, 765] (25)
76 : [222, 317, 446, 455, 716, 754] (23)
77 : [127, 313, 396, 543, 616] (23)
78 : [333, 485, 487, 503, 610, 626, 758] (24)
79 : [198, 346, 499, 741, 764, 785] (24)
80 : [298, 452, 454, 509, 617] (24)
81 : [8, 17, 137, 186, 258, 293, 424, 430, 633] (23)
82 : [93, 264, 350, 358] (26)
83 : [68, 244, 291, 347, 441, 486, 571] (23)
84 : [77, 187, 192, 288, 461, 547] (26)
85 : [43, 160, 226, 336, 466, 577, 747] (28)
86 : [26, 302, 330, 467, 511, 757] (28)
87 : [308, 366, 507, 769, 796] (28)
88 : [381, 476, 517, 527, 545, 656] (28)
89 : [66, 175, 530, 539, 586, 595] (29)
90 : [7, 94, 201, 234, 400, 450, 572, 654] (28)
91 : [279, 462, 508, 799] (29)
92 : [315, 672, 704, 742, 751] (28)
93 : [32, 394, 612, 657, 780] (27)
94 : [33, 88, 241, 252, 399, 484, 520, 560] (27)
95 : [87, 352, 521, 535, 631, 770] (28)
96 : [216, 287, 338, 492, 623, 720, 736, 774] (27)
97 : [40, 242, 340, 380, 636, 755] (26)
98 : [114, 278, 327, 579, 581, 679, 761] (27)
99 : [36, 238, 319, 470, 703] (27)
100 : [229, 324, 371, 395, 548, 668, 717, 724] (28)
101 : [152, 574, 621] (27)
102 : [158, 248, 491, 497, 514] (28)
103 : [304, 504, 793] (27)
104 : [12, 54, 63, 341, 588, 792] (27)
105 : [56, 105, 209, 297, 320, 625] (27)
106 : [211, 218, 230, 335, 528, 602, 707] (28)
107 : [89, 184, 214, 321, 411, 706] (27)
108 : [30, 57, 97, 140, 634, 699, 725] (28)
109 : [102, 255, 257, 309, 339, 788] (27)
110 : [355, 391, 550, 568, 606, 630, 637, 683] (27)
111 : [177, 316, 464, 763, 781] (27)
112 : [22, 129, 132, 181, 372, 431] (27)
113 : [147, 303, 374, 675, 733] (27)
114 : [64, 182, 213, 561, 663] (27)
115 : [176, 219, 343, 348, 392, 412, 609] (27)
116 : [197, 299, 434, 598, 694, 753] (27)
117 : [21, 254, 440, 687, 713] (27)
118 : [290, 377, 423, 488, 558, 732] (26)
119 : [237, 294, 373, 384, 480, 490, 573, 587] (27)
120 : [106, 195, 265, 345, 495, 776, 794] (27)
121 : [344, 524, 692, 743] (28)
122 : [51, 149, 202, 253, 458, 674] (29)
123 : [15, 90, 196, 280, 409, 432, 655] (29)
124 : [78, 249, 406, 519, 614, 629, 651] (29)
125 : [9, 167, 414, 557, 643] (30)
126 : [76, 162, 174, 206, 310, 429, 552] (30)
127 : [14, 172, 501, 542] (28)
128 : [73, 188, 360, 369, 386, 701] (28)
129 : [130, 143, 144, 180, 235, 407] (29)
130 : [133, 329, 439, 618, 620, 726] (30)
131 : [52, 422, 433, 518] (29)
132 : [53, 185, 273, 322, 332, 405, 594, 729] (27)
133 : [270, 505, 513, 608, 711, 714] (28)
134 : [69, 134, 382, 532, 622, 627, 708] (27)
135 : [166, 231, 305, 695] (27)
136 : [59, 120, 156, 283, 328, 448, 700] (27)
137 : [390, 468, 685, 775] (30)
138 : [84, 125, 221, 562, 578, 702, 760] (29)
139 : [183, 191, 212, 224, 442, 712, 773] (26)
140 : [123, 170, 246, 325] (29)
141 : [236, 564, 619] (27)
142 : [] (0)
143 : [] (0)
