Name: 800-50-80
Time: 18.519015789031982 
Result: 80
Solution:  113 31 16 78 111 88 124 8 118 121 48 29 117 87 44 15 7 18 36 29 23 103 38 71 15 78 112 98 66 6 67 72 13 49 50 70 45 122 18 72 120 112 11 10 24 75 80 123 78 35 87 60 108 59 23 38 65 92 55 113 92 21 115 76 58 96 9 42 113 15 68 107 53 100 102 59 47 125 51 9 86 110 64 51 127 38 100 88 103 58 112 109 39 46 37 44 124 45 111 73 14 97 80 121 113 96 104 98 71 18 105 95 102 15 70 69 38 107 70 23 102 124 55 34 32 85 51 83 21 53 49 49 50 34 90 113 10 4 45 62 81 5 9 32 113 65 54 64 112 92 67 27 93 123 102 113 75 96 73 34 99 44 68 60 75 78 83 60 118 17 110 67 77 115 88 99 55 76 84 30 18 36 104 127 93 79 51 25 124 10 24 97 15 119 12 107 120 98 58 56 110 41 75 70 5 8 52 95 89 28 82 67 100 120 86 119 51 24 84 74 87 30 45 30 108 122 13 114 71 46 81 14 35 11 4 12 93 114 7 37 88 24 98 72 70 67 66 76 18 50 61 111 66 28 61 115 108 6 41 10 72 115 102 50 116 64 66 103 72 127 106 21 49 97 96 30 121 94 4 97 9 48 62 76 94 64 75 95 40 48 103 122 47 39 76 59 35 79 114 61 118 91 85 24 119 101 123 12 23 5 33 12 123 19 28 119 81 20 122 86 100 4 39 37 21 21 88 95 117 93 122 68 85 125 101 57 52 53 47 10 6 99 114 109 124 81 40 40 91 99 112 109 46 24 104 45 56 77 26 20 6 31 104 8 56 99 104 60 56 27 60 40 90 22 7 48 99 88 92 12 16 71 53 29 32 20 112 62 54 24 31 6 64 119 44 15 87 80 14 109 101 64 73 105 86 68 59 110 71 44 4 72 4 73 99 89 26 22 122 55 24 48 111 16 76 115 46 60 105 6 116 30 60 59 9 68 48 59 85 69 42 96 82 43 79 14 20 105 97 77 14 109 120 15 93 27 108 54 100 79 91 41 24 96 74 99 87 5 45 118 12 103 15 9 74 72 17 30 127 116 11 123 97 57 40 53 127 5 61 127 40 46 63 23 43 112 71 57 71 66 29 120 71 108 58 40 84 122 89 33 82 83 87 74 126 15 38 105 44 34 13 30 6 18 4 89 82 36 43 117 87 50 64 73 125 77 11 80 79 21 65 26 42 72 35 31 4 40 39 28 117 107 74 36 53 22 118 50 74 101 15 110 37 30 23 68 26 46 110 83 95 22 26 79 55 113 92 76 89 80 100 74 12 44 76 109 19 80 98 38 114 52 95 106 61 51 115 83 33 111 4 51 18 63 90 30 33 98 57 65 78 113 15 29 117 67 57 80 77 85 35 112 33 63 126 91 105 120 93 121 54 95 37 15 111 98 89 124 65 109 93 78 41 74 117 25 70 69 122 124 18 37 109 122 29 70 82 111 85 75 106 97 92 17 65 84 83 56 33 84 18 114 64 27 18 101 64 86 62 78 52 105 94 116 24 38 92 92 95 48 45 103 54 83 90 29 90 106 77 56 6 107 107 107 32 27 55 106 106 82 82 111 101 97 24 25 11 57 46 61 66 11 72 15 65 12 104 91 88 88 50 70 108 10 74 118 71 91 113 94 38 36 87 97 7 37 62 59 37 60 68 50 32 69 34 49 88 23 72 91 98 117 57 85 6 120 113 91 6 25 100 79 29 26 4 48 33 16 13 122 42 44 81 43 16 8 20 81 109 22 5 64 95 34 67 94 84 102 124 107
0 : [] (0)
1 : [] (0)
2 : [] (0)
3 : [] (0)
4 : [137, 234, 278, 321, 410, 412, 524, 546, 600, 774] (68)
5 : [141, 204, 309, 467, 487, 790] (54)
6 : [29, 257, 340, 360, 391, 429, 522, 700, 764, 768] (52)
7 : [16, 238, 374, 744] (55)
8 : [7, 205, 363, 785] (59)
9 : [66, 79, 142, 280, 434, 473] (51)
10 : [43, 136, 189, 259, 339, 733] (55)
11 : [42, 233, 480, 536, 716, 721] (50)
12 : [194, 235, 307, 311, 379, 470, 582, 725] (51)
13 : [32, 226, 520, 778] (57)
14 : [100, 231, 398, 445, 450] (53)
15 : [15, 24, 69, 113, 192, 395, 453, 472, 515, 560, 612, 633, 723] (50)
16 : [2, 380, 423, 777, 784] (53)
17 : [169, 476, 663] (53)
18 : [17, 38, 109, 180, 248, 523, 602, 650, 670, 674] (55)
19 : [313, 586] (65)
20 : [317, 359, 385, 446, 786] (66)
21 : [61, 128, 271, 324, 325, 539] (60)
22 : [373, 417, 555, 571, 789] (59)
23 : [20, 54, 119, 308, 493, 564, 757] (57)
24 : [44, 190, 217, 241, 303, 353, 389, 420, 462, 684, 714] (57)
25 : [187, 645, 715, 769] (58)
26 : [358, 416, 541, 566, 572, 773] (60)
27 : [151, 369, 455, 673, 705] (59)
28 : [209, 253, 314, 549] (61)
29 : [11, 19, 383, 500, 613, 654, 695, 772] (54)
30 : [179, 221, 223, 275, 431, 477, 521, 563, 605] (54)
31 : [1, 361, 390, 545] (54)
32 : [124, 143, 384, 704, 752] (55)
33 : [310, 509, 598, 606, 622, 668, 776] (56)
34 : [123, 133, 159, 519, 754, 793] (56)
35 : [49, 232, 296, 544, 620] (60)
36 : [18, 181, 527, 553, 741] (58)
37 : [94, 239, 323, 562, 632, 651, 745, 748] (55)
38 : [22, 55, 85, 116, 516, 589, 685, 740] (56)
39 : [92, 293, 322, 548] (57)
40 : [288, 346, 347, 371, 484, 490, 505, 547] (56)
41 : [201, 258, 461, 642] (66)
42 : [67, 440, 542, 780] (56)
43 : [443, 494, 528, 783] (61)
44 : [14, 95, 161, 394, 409, 518, 583, 781] (56)
45 : [36, 97, 138, 222, 355, 468, 690] (56)
46 : [93, 229, 352, 426, 491, 567, 718] (59)
47 : [76, 292, 338] (57)
48 : [10, 281, 289, 375, 421, 436, 689, 775] (56)
49 : [33, 130, 131, 272, 755] (57)
50 : [34, 132, 249, 263, 531, 557, 730, 751] (60)
51 : [78, 83, 126, 186, 216, 595, 601] (60)
52 : [206, 336, 591, 680] (61)
53 : [72, 129, 337, 382, 485, 554] (61)
54 : [146, 388, 457, 630, 692] (63)
55 : [58, 122, 176, 419, 574, 706] (63)
56 : [199, 356, 364, 368, 667, 699] (62)
57 : [335, 483, 497, 608, 616, 717, 762] (63)
58 : [64, 89, 198, 504] (69)
59 : [53, 75, 295, 406, 433, 437, 747] (63)
60 : [51, 163, 167, 367, 370, 427, 432, 749] (65)
61 : [250, 254, 299, 488, 594, 719] (69)
62 : [139, 282, 387, 678, 746] (70)
63 : [492, 603, 623] (70)
64 : [82, 147, 265, 285, 392, 401, 532, 672, 676, 791] (69)
65 : [56, 145, 540, 609, 638, 664, 724] (70)
66 : [28, 246, 252, 266, 499, 720] (71)
67 : [30, 150, 171, 211, 245, 615, 794] (68)
68 : [70, 162, 331, 405, 435, 565, 750] (69)
69 : [115, 439, 647, 753] (69)
70 : [35, 114, 118, 203, 244, 646, 655, 731] (66)
71 : [23, 108, 228, 381, 408, 496, 498, 502, 736] (67)
72 : [31, 39, 243, 260, 268, 411, 475, 543, 722, 758] (67)
73 : [99, 158, 402, 413, 533] (66)
74 : [219, 464, 474, 513, 552, 558, 581, 643, 734] (66)
75 : [45, 156, 164, 202, 286, 659] (69)
76 : [63, 177, 247, 283, 294, 424, 577, 584] (66)
77 : [172, 357, 449, 535, 618, 698] (66)
78 : [3, 25, 48, 165, 610, 641, 679] (67)
79 : [185, 297, 444, 459, 538, 573, 771] (70)
80 : [46, 102, 397, 537, 579, 587, 617] (70)
81 : [140, 230, 316, 345, 782, 787] (71)
82 : [210, 442, 510, 526, 656, 709, 710] (70)
83 : [127, 166, 511, 569, 597, 666, 693] (70)
84 : [178, 218, 506, 665, 669, 796] (72)
85 : [125, 302, 332, 438, 619, 658, 763] (72)
86 : [80, 214, 319, 404, 677] (76)
87 : [13, 50, 220, 396, 466, 512, 530, 742] (72)
88 : [5, 87, 174, 240, 326, 377, 728, 729, 756] (71)
89 : [208, 415, 508, 525, 578, 636] (75)
90 : [134, 372, 604, 694, 696] (75)
91 : [301, 348, 460, 625, 727, 737, 759, 767] (74)
92 : [57, 60, 149, 378, 576, 662, 686, 687] (72)
93 : [152, 184, 236, 329, 454, 628, 640] (73)
94 : [277, 284, 682, 739, 795] (75)
95 : [111, 207, 287, 327, 570, 592, 631, 688, 792] (75)
96 : [65, 105, 157, 274, 441, 463] (72)
97 : [101, 191, 273, 279, 448, 482, 661, 713, 743] (72)
98 : [27, 107, 197, 242, 588, 607, 635, 760] (73)
99 : [160, 175, 341, 349, 365, 376, 414, 465] (73)
100 : [73, 86, 212, 320, 458, 580, 770] (74)
101 : [305, 334, 400, 559, 675, 712] (73)
102 : [74, 112, 120, 154, 262, 797] (78)
103 : [21, 88, 267, 290, 471, 691] (79)
104 : [106, 182, 354, 362, 366, 726] (78)
105 : [110, 403, 428, 447, 517, 626, 681] (77)
106 : [270, 593, 660, 697, 707, 708] (77)
107 : [71, 117, 195, 551, 701, 702, 703, 799] (77)
108 : [52, 224, 256, 456, 503, 732] (77)
109 : [91, 343, 351, 399, 451, 585, 639, 652, 788] (77)
110 : [81, 170, 200, 407, 561, 568] (76)
111 : [4, 98, 251, 422, 599, 634, 657, 711] (74)
112 : [26, 41, 90, 148, 350, 386, 495, 621] (75)
113 : [0, 59, 68, 104, 135, 144, 155, 575, 611, 738, 766] (75)
114 : [227, 237, 298, 342, 590, 671] (74)
115 : [62, 173, 255, 261, 425, 596] (77)
116 : [264, 430, 479, 683] (78)
117 : [12, 328, 529, 550, 614, 644, 761] (75)
118 : [8, 168, 300, 469, 556, 735] (77)
119 : [193, 215, 304, 315, 393] (80)
120 : [40, 196, 213, 452, 501, 627, 765] (71)
121 : [9, 103, 276, 629] (67)
122 : [37, 225, 291, 318, 330, 418, 507, 648, 653, 779] (65)
123 : [47, 153, 306, 312, 481] (64)
124 : [6, 96, 121, 188, 344, 637, 649, 798] (65)
125 : [77, 333, 534] (56)
126 : [514, 624] (58)
127 : [84, 183, 269, 478, 486, 489] (50)
128 : [] (0)
