Name: 800-50-80
Time: 18.4265615940094 
Result: 1080
Solution:  111 31 19 78 114 86 124 6 115 120 50 26 116 85 44 14 5 18 35 29 23 104 38 71 13 78 112 97 65 6 67 70 12 47 52 68 44 122 18 70 119 110 13 10 24 73 82 123 79 34 83 64 107 59 24 38 66 90 56 112 90 19 112 77 57 96 8 42 118 15 69 107 52 102 103 58 45 123 52 9 85 108 64 52 124 38 100 85 99 59 114 112 37 46 35 43 123 50 112 73 13 96 80 121 113 97 104 99 68 21 106 91 101 12 71 69 37 107 72 22 104 123 56 34 30 83 52 88 21 56 50 49 52 34 90 113 10 4 44 62 82 8 9 32 112 67 55 66 112 92 69 26 92 122 102 114 77 98 71 36 99 45 66 59 75 81 85 61 119 16 110 67 78 115 84 99 55 76 85 32 17 35 103 124 93 79 51 28 122 12 24 98 14 119 12 105 120 98 59 56 109 41 75 68 3 6 52 94 88 27 81 66 101 120 86 118 51 23 84 74 87 30 46 29 108 122 15 113 68 47 78 14 38 8 3 11 93 116 7 36 88 23 100 70 72 68 66 76 17 49 61 109 67 32 63 118 111 11 41 7 74 114 102 49 114 64 64 101 72 123 105 21 49 97 98 28 120 94 5 95 6 49 61 77 93 66 74 95 40 50 102 122 47 39 76 56 35 79 116 63 120 91 86 25 116 101 123 13 23 6 35 13 124 19 28 119 79 20 123 86 101 3 39 34 24 21 92 95 117 93 123 68 83 125 105 58 48 54 43 9 6 97 113 109 124 82 40 39 89 99 114 110 47 24 106 47 57 77 27 18 8 30 102 4 55 99 104 59 57 27 60 40 87 23 7 46 100 88 94 10 17 72 53 29 35 20 112 60 55 26 29 8 65 118 48 15 87 80 14 108 100 66 73 109 87 66 58 111 73 44 4 69 3 75 98 89 23 22 122 55 24 49 111 15 74 115 45 61 104 8 115 28 59 59 9 70 46 61 84 74 43 98 82 44 79 14 22 106 96 75 11 110 121 16 95 30 108 53 102 81 91 46 23 97 73 98 91 3 45 119 8 103 17 10 75 76 16 33 125 117 11 124 98 58 40 54 126 3 61 122 40 48 63 24 43 113 71 58 72 65 34 118 68 106 54 38 83 122 89 33 81 84 83 72 126 11 38 107 44 36 13 33 8 17 4 89 83 35 39 116 87 52 63 71 125 77 8 84 81 19 63 26 42 71 37 31 4 40 40 30 118 106 78 41 53 21 117 49 72 100 13 109 37 34 24 69 25 48 111 83 93 22 28 79 54 112 93 76 89 82 100 72 11 43 76 109 20 82 95 37 114 50 90 107 60 52 115 83 33 108 3 51 18 62 90 31 33 98 60 64 77 113 17 26 118 70 56 80 76 84 34 115 33 65 125 95 105 120 93 121 53 95 37 13 107 99 89 124 63 110 94 77 43 73 116 25 70 70 124 124 23 34 110 122 29 69 82 112 88 75 106 98 92 21 64 85 85 56 33 84 22 108 63 26 24 103 64 86 63 80 54 105 94 117 25 38 92 91 96 48 44 103 56 81 89 32 91 106 77 56 8 106 108 105 31 28 52 106 105 80 81 109 104 98 25 25 10 59 45 64 64 12 70 15 66 11 104 93 90 88 49 69 110 10 76 121 73 91 114 94 38 37 87 97 4 36 65 60 37 58 67 51 32 67 35 50 88 23 72 92 98 117 57 81 9 118 113 92 5 27 99 79 29 24 6 50 34 18 14 124 42 47 80 42 15 5 20 80 106 21 7 66 95 36 70 92 85 105 122 107
0 : [] (0)
1 : [] (0)
2 : [] (0)
3 : [204, 234, 321, 412, 467, 487, 600] (53)
4 : [137, 363, 410, 524, 546, 744] (53)
5 : [16, 278, 768, 785] (53)
6 : [7, 29, 205, 280, 309, 340, 774] (50)
7 : [238, 259, 374, 790] (54)
8 : [66, 141, 233, 360, 391, 429, 470, 522, 536, 700] (50)
9 : [79, 142, 339, 434, 764] (51)
10 : [43, 136, 379, 473, 716, 733] (50)
11 : [235, 257, 450, 480, 515, 582, 725] (50)
12 : [32, 113, 189, 194, 721] (49)
13 : [24, 42, 100, 307, 311, 520, 560, 633] (50)
14 : [15, 192, 231, 398, 445, 778] (53)
15 : [69, 226, 395, 423, 723, 784] (51)
16 : [169, 453, 476] (55)
17 : [180, 248, 380, 472, 523, 612] (54)
18 : [17, 38, 359, 602, 777] (52)
19 : [2, 61, 313, 539] (56)
20 : [317, 385, 586, 786] (56)
21 : [109, 128, 271, 325, 555, 663, 789] (55)
22 : [119, 417, 446, 571, 670] (55)
23 : [20, 217, 241, 308, 373, 416, 462, 650, 757] (53)
24 : [44, 54, 190, 324, 353, 420, 493, 564, 674, 773] (52)
25 : [303, 566, 645, 684, 714, 715] (53)
26 : [11, 151, 389, 541, 613, 673] (57)
27 : [209, 358, 369, 769] (58)
28 : [187, 275, 314, 431, 572, 705] (58)
29 : [19, 223, 383, 390, 654, 772] (62)
30 : [124, 221, 361, 455, 549] (61)
31 : [1, 545, 605, 704] (57)
32 : [143, 179, 253, 695, 752] (57)
33 : [477, 509, 521, 598, 606, 622, 668] (56)
34 : [49, 123, 133, 323, 500, 563, 620, 651, 776] (55)
35 : [18, 94, 181, 296, 310, 384, 527, 754] (55)
36 : [159, 239, 519, 745, 793] (57)
37 : [92, 116, 544, 562, 589, 632, 741, 748] (57)
38 : [22, 55, 85, 232, 505, 516, 685, 740] (55)
39 : [293, 322, 347, 528] (60)
40 : [288, 346, 371, 484, 490, 547, 548] (61)
41 : [201, 258, 553] (62)
42 : [67, 542, 780, 783] (69)
43 : [95, 338, 440, 494, 583, 642] (64)
44 : [14, 36, 138, 409, 443, 518, 690] (63)
45 : [76, 161, 426, 468, 718] (63)
46 : [93, 222, 375, 436, 461] (62)
47 : [33, 229, 292, 352, 355, 781] (58)
48 : [336, 394, 491, 567, 689] (58)
49 : [131, 249, 263, 272, 281, 421, 557, 730] (59)
50 : [10, 97, 130, 289, 591, 755, 775] (57)
51 : [186, 216, 601, 751] (58)
52 : [34, 72, 78, 83, 126, 132, 206, 531, 595, 706] (55)
53 : [382, 457, 554, 630] (61)
54 : [337, 485, 504, 574, 680] (67)
55 : [146, 176, 364, 388, 419] (63)
56 : [58, 122, 129, 199, 295, 616, 667, 692, 699] (60)
57 : [64, 356, 368, 762] (60)
58 : [75, 335, 406, 483, 497, 749] (59)
59 : [53, 89, 163, 198, 367, 432, 433, 717] (58)
60 : [370, 387, 594, 608, 747] (70)
61 : [167, 250, 282, 427, 437, 488] (66)
62 : [139, 603] (80)
63 : [254, 299, 492, 532, 540, 638, 672, 678] (68)
64 : [51, 82, 265, 266, 609, 664, 676, 719, 720] (68)
65 : [28, 392, 499, 623, 746] (69)
66 : [56, 147, 162, 211, 246, 285, 401, 405, 724, 791] (66)
67 : [30, 145, 171, 252, 750, 753] (66)
68 : [35, 108, 203, 228, 245, 331, 502] (65)
69 : [70, 115, 150, 411, 565, 655, 731] (65)
70 : [31, 39, 243, 435, 615, 646, 647, 722, 794] (66)
71 : [23, 114, 158, 496, 533, 543] (66)
72 : [118, 244, 268, 381, 498, 513, 558, 581, 758] (67)
73 : [45, 99, 402, 408, 464, 643, 736] (65)
74 : [219, 260, 286, 424, 439] (66)
75 : [164, 202, 413, 449, 474, 659] (65)
76 : [177, 247, 294, 475, 577, 584, 618, 734] (68)
77 : [63, 156, 283, 357, 535, 610, 641, 698] (67)
78 : [3, 25, 172, 230, 552] (74)
79 : [48, 185, 297, 316, 444, 573, 771] (72)
80 : [102, 397, 617, 679, 709, 782, 787] (72)
81 : [165, 210, 459, 510, 538, 693, 710, 763] (72)
82 : [46, 140, 345, 442, 579, 587, 656] (72)
83 : [50, 125, 332, 506, 512, 526, 569, 597] (72)
84 : [174, 218, 438, 511, 537, 619, 669] (72)
85 : [13, 80, 87, 166, 178, 665, 666, 796] (72)
86 : [5, 214, 302, 319, 677] (72)
87 : [220, 372, 396, 404, 530, 742] (78)
88 : [127, 208, 240, 377, 658, 729, 756] (73)
89 : [348, 415, 508, 525, 578, 636, 694] (72)
90 : [57, 60, 134, 592, 604, 728] (74)
91 : [111, 301, 460, 466, 687, 696, 737] (74)
92 : [149, 152, 326, 662, 686, 759, 767, 795] (74)
93 : [184, 236, 284, 329, 570, 576, 628, 727] (75)
94 : [207, 277, 378, 640, 682, 739] (73)
95 : [279, 287, 327, 454, 588, 625, 631, 792] (73)
96 : [65, 101, 448, 688] (74)
97 : [27, 105, 273, 341, 463, 743] (71)
98 : [157, 191, 197, 274, 414, 441, 465, 482, 607, 661, 713, 760] (72)
99 : [88, 107, 160, 175, 349, 365, 635, 770] (76)
100 : [86, 242, 376, 400, 559, 580] (76)
101 : [112, 212, 267, 305, 320] (78)
102 : [73, 154, 262, 290, 362, 458] (76)
103 : [74, 182, 471, 675, 691] (77)
104 : [21, 106, 120, 366, 428, 712, 726] (76)
105 : [195, 270, 334, 626, 681, 703, 708, 797] (77)
106 : [110, 354, 447, 503, 551, 660, 697, 701, 707, 788] (75)
107 : [52, 71, 117, 517, 593, 634, 799] (75)
108 : [81, 224, 399, 456, 599, 671, 702] (75)
109 : [200, 251, 343, 403, 561, 585, 711] (76)
110 : [41, 170, 351, 451, 639, 652, 732] (77)
111 : [0, 256, 407, 422, 568] (77)
112 : [26, 59, 62, 91, 98, 144, 148, 386, 575, 657] (75)
113 : [104, 135, 227, 342, 495, 611, 766] (74)
114 : [4, 90, 155, 261, 264, 350, 590, 738] (74)
115 : [8, 173, 425, 430, 596, 621] (76)
116 : [12, 237, 298, 304, 529, 644] (74)
117 : [328, 479, 556, 683, 761] (76)
118 : [68, 215, 255, 393, 501, 550, 614, 765] (75)
119 : [40, 168, 193, 315, 469] (76)
120 : [9, 196, 213, 276, 300, 627] (77)
121 : [103, 452, 629, 735] (73)
122 : [37, 153, 188, 225, 291, 418, 489, 507, 653, 798] (77)
123 : [47, 77, 96, 121, 269, 306, 318, 330] (76)
124 : [6, 84, 183, 312, 344, 481, 637, 648, 649, 779] (78)
125 : [333, 478, 534, 624] (69)
126 : [486, 514] (58)
127 : [] (0)
128 : [] (0)
