Name: 800-50-80
Time: 18.50634765625 
Result: 80
Solution:  111 31 17 78 111 86 125 8 117 119 46 26 115 86 44 16 10 17 36 28 23 104 39 71 12 78 113 98 67 4 64 70 12 47 50 67 44 123 16 71 121 111 13 10 23 73 80 123 81 37 84 64 107 59 23 38 64 90 55 114 92 21 114 76 57 94 10 40 114 18 68 106 52 100 101 57 49 125 50 8 82 108 64 52 127 38 99 86 100 59 113 111 38 45 37 43 124 49 114 76 14 97 84 121 113 96 102 98 68 18 106 91 104 13 72 68 38 110 73 22 104 124 54 32 33 84 52 83 22 55 49 50 52 35 89 113 11 4 46 62 83 8 9 31 113 68 55 63 109 90 70 29 93 123 100 114 73 98 71 35 100 45 65 60 75 79 84 65 116 15 112 65 78 114 87 99 55 76 86 32 19 36 103 127 91 79 51 25 124 13 26 97 18 119 12 108 121 98 56 56 110 41 77 68 4 5 52 96 89 27 82 66 102 120 85 119 48 23 84 73 86 31 44 31 108 122 11 114 71 46 82 14 36 12 4 12 95 118 7 38 89 23 99 73 69 70 64 75 18 50 60 110 66 30 64 116 112 6 41 10 72 118 101 50 115 63 66 104 72 127 106 21 49 98 98 28 121 94 4 97 9 49 61 77 93 64 75 95 43 51 102 122 47 39 75 57 35 84 114 61 118 91 85 26 118 101 124 13 26 6 35 13 123 19 27 119 78 19 123 89 102 4 37 36 21 21 90 95 117 93 123 66 82 125 102 57 48 54 45 11 6 97 114 105 124 82 43 39 89 100 112 110 45 26 107 47 57 77 29 18 6 30 101 7 56 99 106 57 56 27 60 40 88 23 7 46 99 88 93 9 16 73 54 26 35 20 112 61 54 25 28 7 68 113 46 16 86 81 14 107 101 65 75 110 87 66 61 108 71 47 5 68 6 72 98 89 23 21 122 55 24 48 111 17 73 119 45 59 103 4 115 26 59 58 9 67 48 58 85 74 43 98 82 47 76 14 22 105 96 74 14 109 121 17 96 27 107 53 101 80 91 46 23 98 72 98 87 5 44 118 10 105 17 9 74 76 16 31 127 117 13 122 97 54 40 53 127 4 61 127 40 46 63 22 43 110 73 58 69 65 33 120 68 105 54 36 85 120 90 31 83 83 87 71 122 13 42 105 44 34 15 30 9 18 5 85 83 34 42 117 87 49 64 73 125 77 9 79 80 19 64 26 41 73 36 32 4 40 40 29 118 103 79 39 53 24 119 50 70 100 13 110 37 34 24 69 26 45 108 85 95 22 29 79 58 114 93 76 89 81 102 72 11 42 77 108 20 81 97 38 115 50 90 109 61 52 115 83 33 107 4 51 17 62 88 30 34 98 60 66 77 112 16 27 117 67 56 80 78 90 35 112 32 65 125 96 106 120 92 120 54 95 38 13 108 100 90 123 66 109 94 77 41 74 116 28 71 69 124 124 22 35 109 122 28 69 82 109 86 75 106 98 90 17 66 85 83 56 33 82 18 110 63 26 18 103 66 86 63 81 52 104 92 116 25 38 91 92 96 48 44 103 55 84 87 32 91 105 77 56 7 104 111 106 30 28 52 107 102 80 83 113 102 95 25 24 10 58 45 65 65 11 70 15 65 12 105 88 92 88 51 66 109 9 76 119 71 91 114 96 37 35 87 97 6 36 63 59 37 59 67 54 33 69 34 51 88 25 74 93 96 117 57 83 9 120 111 95 6 24 99 79 29 23 4 50 33 17 13 123 42 44 81 43 16 8 20 78 105 23 5 65 95 36 70 95 84 104 122 107
0 : [] (0)
1 : [] (0)
2 : [] (0)
3 : [] (0)
4 : [29, 137, 204, 234, 278, 321, 429, 487, 546, 600, 774] (58)
5 : [205, 410, 467, 524, 790] (58)
6 : [257, 309, 340, 360, 412, 744, 768] (58)
7 : [238, 363, 374, 391, 700] (56)
8 : [7, 79, 141, 785] (53)
9 : [142, 280, 379, 434, 473, 522, 536, 733, 764] (56)
10 : [16, 43, 66, 259, 470, 716] (57)
11 : [136, 226, 339, 582, 721] (55)
12 : [24, 32, 194, 233, 235, 725] (52)
13 : [42, 113, 189, 307, 311, 480, 515, 560, 633, 778] (53)
14 : [100, 231, 398, 445, 450] (53)
15 : [169, 520, 723] (55)
16 : [15, 38, 380, 395, 476, 612, 784] (53)
17 : [2, 17, 423, 453, 472, 602, 663, 777] (54)
18 : [69, 109, 192, 248, 359, 523, 670, 674] (55)
19 : [180, 313, 317, 539] (55)
20 : [385, 586, 786] (55)
21 : [61, 271, 324, 325, 417] (56)
22 : [119, 128, 446, 493, 571, 650] (55)
23 : [20, 44, 54, 217, 241, 373, 416, 462, 773, 789] (56)
24 : [420, 555, 564, 715, 769] (56)
25 : [187, 389, 684, 714, 757] (57)
26 : [11, 190, 303, 308, 353, 383, 431, 541, 566, 673] (57)
27 : [209, 314, 369, 455, 613] (55)
28 : [19, 275, 390, 645, 654, 705] (59)
29 : [151, 358, 549, 572, 772] (58)
30 : [253, 361, 521, 605, 704] (59)
31 : [1, 143, 221, 223, 477, 509] (56)
32 : [123, 179, 545, 622, 695] (56)
33 : [124, 500, 598, 668, 752, 776] (59)
34 : [519, 527, 563, 606, 754] (56)
35 : [133, 159, 296, 310, 384, 620, 651, 741] (56)
36 : [18, 181, 232, 323, 505, 544, 745, 793] (55)
37 : [49, 94, 322, 562, 740, 748] (57)
38 : [55, 85, 92, 116, 239, 589, 632, 685] (55)
39 : [22, 293, 347, 553] (59)
40 : [67, 371, 484, 490, 547, 548] (59)
41 : [201, 258, 542, 642] (67)
42 : [516, 528, 583, 780] (63)
43 : [95, 288, 346, 440, 494, 783] (61)
44 : [14, 36, 222, 468, 518, 690, 781] (61)
45 : [93, 161, 338, 352, 426, 567, 718] (60)
46 : [10, 138, 229, 375, 394, 461, 491] (61)
47 : [33, 292, 355, 409, 443] (60)
48 : [216, 336, 421, 436, 689] (65)
49 : [76, 97, 130, 272, 281, 531] (59)
50 : [34, 78, 131, 249, 263, 557, 591, 775] (59)
51 : [186, 289, 601, 730, 755] (59)
52 : [72, 83, 126, 132, 206, 595, 680, 706] (59)
53 : [457, 485, 554] (59)
54 : [122, 337, 382, 388, 483, 504, 630, 751] (60)
55 : [58, 129, 146, 176, 419, 692] (62)
56 : [198, 199, 364, 368, 616, 667, 699] (63)
57 : [64, 75, 295, 335, 356, 367, 762] (64)
58 : [433, 437, 497, 574, 717] (64)
59 : [53, 89, 427, 432, 747, 749] (67)
60 : [163, 250, 370, 608] (67)
61 : [282, 299, 387, 406, 488, 594] (65)
62 : [139, 603] (80)
63 : [147, 265, 492, 672, 678, 746] (62)
64 : [30, 51, 56, 82, 246, 254, 285, 532, 540] (61)
65 : [162, 167, 171, 401, 499, 623, 719, 720, 724, 791] (61)
66 : [211, 252, 266, 331, 405, 609, 638, 664, 676, 731] (62)
67 : [28, 35, 435, 615, 750] (61)
68 : [70, 108, 115, 145, 203, 392, 411, 502] (63)
69 : [244, 498, 565, 647, 655, 753] (66)
70 : [31, 150, 245, 558, 722, 794] (68)
71 : [23, 39, 158, 228, 408, 513, 646, 736] (68)
72 : [114, 260, 268, 413, 464, 581] (69)
73 : [45, 118, 156, 219, 243, 381, 424, 496, 533, 543] (67)
74 : [439, 449, 474, 643, 758] (67)
75 : [164, 247, 286, 294, 402, 659] (71)
76 : [63, 99, 177, 444, 475, 577, 734] (72)
77 : [202, 283, 357, 535, 584, 610, 641, 698] (72)
78 : [3, 25, 172, 316, 618, 787] (76)
79 : [165, 185, 537, 552, 573, 771] (72)
80 : [46, 459, 538, 617, 709] (74)
81 : [48, 397, 579, 587, 679, 782] (71)
82 : [80, 210, 230, 332, 345, 442, 656, 669] (72)
83 : [127, 140, 510, 511, 526, 597, 666, 710, 763] (70)
84 : [50, 102, 125, 166, 218, 297, 693, 796] (71)
85 : [214, 302, 438, 506, 525, 569, 665] (74)
86 : [5, 13, 87, 178, 220, 396, 658, 677] (70)
87 : [174, 404, 466, 512, 530, 694, 742] (72)
88 : [372, 377, 604, 727, 729, 756] (74)
89 : [134, 208, 240, 319, 348, 415, 578] (76)
90 : [57, 149, 326, 508, 592, 619, 636, 662] (74)
91 : [111, 184, 301, 460, 686, 696, 737] (75)
92 : [60, 628, 682, 687, 728] (73)
93 : [152, 284, 329, 378, 576, 759] (72)
94 : [65, 277, 640] (76)
95 : [236, 287, 327, 570, 631, 713, 767, 792, 795] (74)
96 : [105, 207, 448, 454, 625, 688, 739, 760] (75)
97 : [101, 191, 279, 341, 482, 588, 743] (74)
98 : [27, 107, 157, 197, 273, 274, 414, 441, 463, 465, 607, 661] (74)
99 : [86, 175, 242, 365, 376, 770] (73)
100 : [73, 88, 154, 160, 349, 559, 635] (74)
101 : [74, 262, 305, 362, 400, 458] (76)
102 : [106, 212, 290, 320, 334, 580, 708, 712] (75)
103 : [182, 428, 551, 675, 691] (74)
104 : [21, 112, 120, 267, 681, 701, 797] (74)
105 : [343, 447, 471, 503, 517, 697, 726, 788] (76)
106 : [71, 110, 270, 366, 626, 660, 703] (74)
107 : [52, 354, 399, 456, 599, 707, 799] (75)
108 : [81, 195, 224, 407, 568, 585, 634] (76)
109 : [148, 451, 593, 639, 652, 657, 732] (76)
110 : [117, 200, 251, 351, 403, 495, 561, 671] (79)
111 : [0, 4, 41, 91, 422, 702, 766] (77)
112 : [170, 256, 350, 386, 611, 621] (79)
113 : [26, 90, 104, 135, 144, 393, 711] (77)
114 : [59, 62, 68, 98, 155, 173, 227, 298, 342, 575, 738] (77)
115 : [12, 264, 430, 590, 596] (77)
116 : [168, 255, 644, 683] (78)
117 : [8, 328, 479, 529, 614, 761] (79)
118 : [237, 261, 300, 304, 469, 550] (76)
119 : [9, 193, 215, 315, 425, 556, 735] (78)
120 : [213, 501, 507, 627, 629, 765] (73)
121 : [40, 103, 196, 276, 452] (74)
122 : [225, 291, 418, 481, 514, 653, 798] (77)
123 : [37, 47, 153, 312, 318, 330, 637, 779] (71)
124 : [96, 121, 188, 306, 344, 648, 649] (66)
125 : [6, 77, 333, 534, 624] (78)
126 : [] (0)
127 : [84, 183, 269, 478, 486, 489] (50)
128 : [] (0)
