Name: 800-50-80
Time: 18.55688500404358 
Result: 2081
Solution:  112 31 17 79 113 89 123 6 116 120 49 28 115 88 44 15 8 16 37 30 23 104 38 71 15 78 113 98 65 5 65 70 13 49 52 69 44 122 20 72 120 110 12 10 23 74 80 122 81 36 87 61 107 62 22 39 64 92 55 115 90 20 115 76 58 94 9 39 115 15 68 106 52 102 99 57 47 123 49 7 82 109 63 49 127 38 100 88 99 58 112 108 39 45 36 39 125 48 112 72 14 97 80 121 114 96 102 98 69 19 106 95 101 11 68 67 39 109 70 23 104 123 56 34 33 85 52 87 19 54 50 50 52 35 89 113 10 4 43 62 81 6 9 30 115 65 54 64 110 91 69 29 93 123 101 114 74 97 73 37 99 45 66 57 75 81 84 61 118 16 112 65 77 113 86 99 56 76 85 31 19 35 103 127 93 79 51 27 123 12 24 96 15 119 12 110 120 98 58 55 110 42 74 67 5 5 52 97 88 26 82 67 103 120 86 119 50 23 85 73 87 31 45 29 108 120 11 111 71 48 80 13 35 9 3 12 93 117 7 38 90 23 99 70 69 69 66 76 17 49 59 110 68 28 61 117 111 9 41 10 73 115 99 49 114 64 68 104 74 127 103 21 49 98 98 29 121 94 6 96 6 48 61 78 92 66 75 98 42 49 102 122 46 42 76 56 35 79 114 60 122 91 83 25 117 102 124 13 25 5 36 13 123 19 27 119 78 19 121 88 101 3 37 37 25 20 94 95 117 92 123 66 83 125 105 57 47 55 42 11 6 97 114 109 124 81 42 40 90 100 112 110 46 26 107 48 56 77 28 18 3 30 102 3 55 100 104 57 58 27 60 40 87 22 7 48 100 86 94 11 18 75 54 26 35 19 112 62 53 24 32 5 67 119 46 15 85 78 14 109 101 66 76 110 88 66 59 111 71 46 4 68 4 74 98 88 25 22 122 55 24 50 111 17 73 118 45 62 101 8 116 27 60 58 9 69 44 60 84 73 41 92 82 45 79 14 20 105 96 75 14 108 120 14 95 30 107 53 98 81 91 46 22 100 70 96 89 3 43 119 9 105 14 8 75 72 16 32 127 116 11 125 97 54 40 53 127 3 61 127 40 47 63 25 43 113 72 55 71 65 34 120 70 108 54 36 83 122 89 33 81 86 88 72 124 11 40 106 43 34 15 32 10 17 4 90 82 36 43 116 87 50 64 73 125 77 10 83 81 18 62 24 43 71 36 31 4 40 39 31 118 107 76 41 53 22 119 49 74 102 13 110 36 35 24 68 26 48 109 84 94 21 29 79 59 111 92 76 89 82 102 72 11 44 77 108 21 80 96 38 115 51 94 106 61 52 115 83 34 108 4 51 17 63 89 30 34 97 59 67 77 114 15 26 118 67 57 80 77 87 35 113 33 65 125 96 104 120 90 121 54 95 36 14 108 100 89 121 64 109 93 78 40 75 118 26 71 70 124 124 20 32 109 120 30 70 82 112 85 75 105 98 92 17 66 86 86 56 33 83 18 114 63 26 22 103 66 84 61 78 52 105 92 118 25 38 95 92 96 48 45 103 57 84 88 29 93 106 77 57 6 107 111 105 32 28 52 107 106 82 82 112 102 98 24 27 10 57 47 62 66 12 71 15 66 11 105 90 90 87 51 66 111 6 77 116 72 91 113 96 38 35 87 97 3 37 61 60 39 60 70 54 32 67 32 50 91 23 72 91 96 117 57 83 6 121 109 95 6 25 100 79 30 25 6 49 33 15 13 124 41 43 79 44 17 8 20 81 107 22 5 64 95 36 70 94 85 105 125 107
0 : [] (0)
1 : [] (0)
2 : [] (0)
3 : [234, 321, 360, 363, 467, 487, 744] (50)
4 : [137, 410, 412, 524, 546, 600] (50)
5 : [29, 204, 205, 309, 391, 790] (52)
6 : [7, 141, 278, 280, 340, 700, 733, 764, 768, 774] (50)
7 : [79, 238, 374] (52)
8 : [16, 429, 473, 785] (51)
9 : [66, 142, 233, 257, 434, 470] (51)
10 : [43, 136, 259, 522, 536, 716] (50)
11 : [113, 226, 339, 379, 480, 515, 582, 725] (49)
12 : [42, 189, 194, 235, 721] (52)
13 : [32, 231, 307, 311, 560, 778] (51)
14 : [100, 398, 445, 450, 453, 472, 633] (52)
15 : [15, 24, 69, 192, 395, 520, 612, 723, 777] (51)
16 : [17, 169, 476] (57)
17 : [2, 248, 423, 523, 602, 663, 784] (54)
18 : [359, 380, 539, 670] (56)
19 : [109, 128, 180, 313, 317, 385] (55)
20 : [38, 61, 325, 446, 650, 786] (57)
21 : [271, 571, 586] (56)
22 : [54, 373, 417, 462, 555, 674, 789] (56)
23 : [20, 44, 119, 217, 241, 757] (55)
24 : [190, 389, 420, 541, 564, 714] (55)
25 : [303, 308, 324, 416, 493, 684, 769, 773] (56)
26 : [209, 353, 383, 566, 613, 645, 673] (57)
27 : [187, 314, 369, 431, 715] (56)
28 : [11, 253, 358, 705] (56)
29 : [151, 223, 275, 572, 695] (60)
30 : [19, 143, 361, 455, 605, 654, 772] (57)
31 : [1, 179, 221, 545, 549] (57)
32 : [390, 477, 521, 651, 704, 752, 754] (54)
33 : [124, 509, 622, 668, 776] (54)
34 : [123, 500, 519, 598, 606] (56)
35 : [133, 181, 232, 296, 384, 563, 620, 741] (54)
36 : [49, 94, 310, 505, 527, 544, 562, 632, 793] (56)
37 : [18, 159, 322, 323, 745] (54)
38 : [22, 85, 239, 589, 685, 740] (54)
39 : [55, 67, 92, 95, 116, 548, 748] (62)
40 : [347, 371, 484, 490, 516, 547, 642] (60)
41 : [258, 440, 553, 780] (60)
42 : [201, 288, 293, 338, 346] (65)
43 : [138, 468, 494, 518, 528, 542, 781] (61)
44 : [14, 36, 436, 583, 783] (64)
45 : [93, 161, 222, 426, 443, 690] (64)
46 : [292, 352, 394, 409, 461] (60)
47 : [76, 336, 491, 718] (62)
48 : [97, 229, 281, 355, 375, 567, 689] (61)
49 : [10, 33, 78, 83, 249, 263, 272, 289, 557, 775] (60)
50 : [130, 131, 216, 421, 531, 755] (60)
51 : [186, 591, 601, 730] (64)
52 : [34, 72, 126, 132, 206, 595, 680, 706] (60)
53 : [388, 457, 485, 554] (63)
54 : [129, 146, 382, 483, 504, 630, 751] (62)
55 : [58, 199, 337, 364, 419, 497] (62)
56 : [122, 176, 295, 356, 667] (63)
57 : [75, 163, 335, 367, 616, 692, 699, 717, 762] (63)
58 : [64, 89, 198, 368, 433] (62)
59 : [250, 406, 574, 608] (64)
60 : [299, 370, 432, 437, 747, 749] (68)
61 : [51, 167, 254, 282, 488, 594, 678, 746] (67)
62 : [53, 139, 387, 427, 540, 719] (66)
63 : [82, 492, 603, 672] (66)
64 : [56, 147, 265, 532, 638, 791] (67)
65 : [28, 30, 145, 171, 499, 623] (66)
66 : [162, 246, 285, 331, 401, 405, 664, 676, 720, 724, 731] (65)
67 : [115, 203, 211, 392, 609, 615, 753] (64)
68 : [70, 114, 252, 266, 411, 565] (65)
69 : [35, 108, 150, 244, 245, 435] (65)
70 : [31, 118, 243, 464, 502, 647, 655, 750, 794] (65)
71 : [23, 228, 408, 498, 543, 646, 722] (66)
72 : [39, 99, 475, 496, 513, 581, 736, 758] (67)
73 : [158, 219, 260, 424, 439, 533] (69)
74 : [45, 156, 202, 268, 413, 558] (70)
75 : [164, 286, 381, 449, 474, 643, 659] (67)
76 : [63, 177, 247, 294, 402, 552, 577] (66)
77 : [172, 357, 535, 584, 610, 618, 698, 734] (71)
78 : [25, 283, 316, 397, 641, 679] (71)
79 : [3, 185, 297, 444, 573, 771, 782] (73)
80 : [46, 102, 230, 587, 617] (72)
81 : [48, 140, 165, 345, 459, 510, 538, 787] (73)
82 : [80, 210, 442, 526, 579, 656, 709, 710] (74)
83 : [302, 332, 506, 537, 597, 669, 763] (73)
84 : [166, 438, 569, 677, 693] (75)
85 : [125, 178, 218, 396, 658, 796] (73)
86 : [174, 214, 377, 511, 665, 666] (73)
87 : [50, 127, 220, 372, 530, 619, 729, 742] (73)
88 : [13, 87, 208, 319, 404, 415, 512, 694] (73)
89 : [5, 134, 466, 508, 578, 604, 636] (73)
90 : [60, 240, 348, 525, 628, 727, 728] (74)
91 : [149, 301, 460, 737, 756, 759] (80)
92 : [57, 284, 329, 441, 576, 662, 682, 687] (73)
93 : [152, 184, 236, 640, 696] (76)
94 : [65, 277, 326, 378, 570, 592, 795] (73)
95 : [111, 327, 454, 631, 686, 767, 792] (77)
96 : [105, 191, 279, 448, 465, 588, 625, 688, 739, 760] (70)
97 : [101, 157, 207, 341, 482, 607, 743] (71)
98 : [27, 107, 197, 273, 274, 287, 414, 458, 661, 713] (70)
99 : [74, 88, 160, 175, 242, 262] (73)
100 : [86, 349, 365, 376, 463, 635, 770] (75)
101 : [112, 154, 320, 400, 428] (80)
102 : [73, 106, 290, 305, 362, 559, 580, 712] (73)
103 : [182, 212, 270, 675, 691] (74)
104 : [21, 120, 267, 366, 626] (76)
105 : [334, 447, 471, 660, 681, 703, 726, 797] (72)
106 : [71, 110, 517, 593, 697, 708] (72)
107 : [52, 354, 456, 551, 701, 707, 788, 799] (73)
108 : [91, 224, 451, 503, 585, 599, 634] (72)
109 : [81, 117, 343, 399, 568, 639, 652, 766] (72)
110 : [41, 148, 195, 200, 251, 351, 403, 561] (73)
111 : [227, 256, 407, 422, 575, 702, 732] (72)
112 : [0, 90, 98, 170, 350, 386, 657, 711] (72)
113 : [4, 26, 135, 173, 495, 621, 738] (74)
114 : [104, 155, 264, 298, 342, 611, 671] (75)
115 : [12, 59, 62, 68, 144, 261, 590, 596] (76)
116 : [8, 430, 479, 529, 735] (81)
117 : [237, 255, 304, 328, 761] (78)
118 : [168, 425, 550, 614, 644, 683] (78)
119 : [193, 215, 315, 393, 469, 556] (80)
120 : [9, 40, 196, 213, 225, 452, 501, 627, 653] (76)
121 : [103, 276, 318, 629, 637, 765] (79)
122 : [37, 47, 291, 300, 418, 507] (79)
123 : [6, 77, 121, 153, 188, 312, 330] (80)
124 : [306, 344, 514, 648, 649, 779] (76)
125 : [96, 333, 481, 534, 624, 798] (79)
126 : [] (0)
127 : [84, 183, 269, 478, 486, 489] (50)
128 : [] (0)
