Name: 800-40-60
Time: 18.888618230819702 
Result: 15064
Solution:  13 56 191 107 196 141 114 186 173 186 25 127 112 77 146 171 24 161 61 84 197 35 132 119 135 184 85 33 171 92 185 89 64 169 85 9 166 57 148 168 150 135 78 180 26 101 52 104 125 50 152 115 144 142 145 195 39 9 26 9 182 201 106 105 197 60 65 133 31 60 123 53 85 170 70 73 65 158 151 17 19 168 151 157 171 157 19 130 129 146 194 3 47 82 54 63 106 154 170 5 134 111 169 47 162 111 190 110 12 48 160 2 16 4 185 38 48 134 149 187 23 154 132 106 11 115 40 113 69 119 147 24 153 140 5 110 60 10 118 41 10 44 83 137 145 149 86 88 139 74 155 140 19 40 173 26 67 3 126 178 73 167 36 34 30 107 131 79 98 128 20 90 130 93 131 39 41 76 141 34 169 136 119 150 32 183 5 38 78 88 163 56 93 101 177 167 49 180 103 178 139 178 45 181 101 42 140 127 59 14 79 15 146 137 104 106 156 140 97 44 18 145 118 148 110 159 156 43 97 92 64 154 17 69 71 179 22 10 80 159 7 80 81 199 193 44 51 98 41 91 77 49 34 162 116 29 106 192 201 184 110 198 182 128 155 147 140 102 78 56 127 86 61 42 196 166 132 109 53 194 172 63 124 176 63 129 49 132 112 92 89 83 14 52 154 188 25 73 133 103 44 176 76 133 68 168 119 165 145 58 50 33 183 67 5 136 26 75 54 182 152 150 67 69 54 194 126 50 197 131 52 20 85 13 195 19 32 62 192 3 95 97 42 15 38 178 176 159 173 43 131 31 120 181 80 91 65 143 87 89 103 67 45 195 172 165 177 59 110 195 6 61 72 201 142 118 46 92 17 70 30 72 165 37 172 85 165 125 137 126 138 118 175 64 66 7 6 128 96 27 27 8 96 74 20 68 188 58 27 177 28 45 73 175 53 26 157 164 25 114 10 48 112 190 189 174 128 186 190 40 133 192 98 159 34 159 58 95 56 154 70 50 137 22 116 141 138 159 148 102 8 71 20 139 72 156 66 153 140 192 174 44 164 160 7 167 136 62 151 82 98 63 119 81 153 104 96 170 68 198 120 90 112 113 71 105 58 113 22 173 17 9 168 103 83 41 58 24 31 38 8 84 100 31 121 87 193 72 166 147 67 96 106 13 93 122 44 51 189 69 24 156 97 75 6 200 117 144 187 101 115 15 89 127 123 14 74 76 114 97 187 2 123 36 96 57 173 39 160 123 117 37 198 200 58 22 165 153 17 175 100 161 143 87 196 27 6 8 80 181 138 147 139 119 3 39 32 153 193 25 57 174 6 94 23 183 191 180 183 30 191 36 174 61 111 18 16 23 164 119 49 179 13 199 103 3 187 179 73 126 81 54 99 12 199 16 161 62 77 107 181 176 52 78 87 14 28 177 80 48 177 28 123 47 133 51 94 31 33 139 101 129 196 17 121 150 51 11 35 132 55 149 162 177 163 68 6 199 96 23 64 162 186 84 158 33 194 35 130 121 185 137 78 125 138 87 40 152 143 144 200 47 160 142 113 11 194 120 131 105 154 107 44 105 99 186 167 29 115 78 95 197 109 29 105 10 87 187 85 12 78 136 180 158 34 15 33 164 108 104 61 85 79 20 172 124 108 163 122 64 171 156 51 20 88 163 120 124 55 130 138 88 151 91 188 119 40 139 185 82 110 117 66 200 165 55 199 184 80 46 66 77 99 4 90 41 8 164 57 69 19 129 92 200 30 18 110 36 143 158 35 189 37 31 81 122 193 117 90 44 60 3 96 16 71 201 148 197 108 49
0 : [] (0)
1 : [] (0)
2 : [111, 541] (6)
3 : [91, 157, 339, 574, 605, 791] (50)
4 : [113, 763] (40)
5 : [99, 134, 186, 314] (42)
6 : [370, 396, 524, 566, 582, 656] (42)
7 : [240, 395, 464] (45)
8 : [401, 450, 500, 567, 766] (44)
9 : [35, 57, 59, 491] (43)
10 : [137, 140, 237, 420, 705] (43)
11 : [124, 647, 685] (44)
12 : [108, 613, 709] (44)
13 : [0, 333, 513, 602] (42)
14 : [209, 292, 535, 625] (41)
15 : [211, 343, 531, 715] (42)
16 : [112, 596, 615, 793] (46)
17 : [79, 232, 378, 490, 558, 643] (44)
18 : [220, 595, 775] (44)
19 : [80, 86, 152, 335, 770] (45)
20 : [170, 331, 404, 452, 723, 733] (44)
21 : [] (0)
22 : [236, 443, 488, 555] (55)
23 : [120, 584, 597, 659] (42)
24 : [16, 131, 497, 520] (47)
25 : [10, 296, 418, 579] (44)
26 : [44, 58, 155, 316, 415] (44)
27 : [399, 400, 408, 565] (42)
28 : [410, 626, 631] (42)
29 : [255, 697, 703] (43)
30 : [164, 380, 589, 774] (43)
31 : [68, 351, 498, 503, 637, 783] (45)
32 : [184, 336, 576] (44)
33 : [27, 311, 638, 665, 716] (46)
34 : [163, 179, 252, 434, 714] (46)
35 : [21, 648, 667, 780] (45)
36 : [162, 543, 591, 777] (44)
37 : [383, 551, 782] (47)
38 : [115, 187, 344, 499] (45)
39 : [56, 175, 547, 575] (47)
40 : [126, 153, 429, 676, 746] (46)
41 : [139, 176, 248, 495, 765] (44)
42 : [205, 273, 342] (53)
43 : [227, 349] (50)
44 : [141, 219, 245, 300, 461, 516, 692, 789] (44)
45 : [202, 362, 411] (44)
46 : [376, 759] (44)
47 : [92, 103, 633, 681] (41)
48 : [109, 116, 421, 629] (43)
49 : [196, 251, 286, 600, 799] (39)
50 : [49, 310, 327, 441] (42)
51 : [246, 517, 635, 646, 732] (40)
52 : [46, 293, 330, 622] (40)
53 : [71, 278, 414] (42)
54 : [94, 318, 324, 611] (46)
55 : [650, 738, 755] (49)
56 : [1, 191, 269, 438] (44)
57 : [37, 545, 580, 768] (44)
58 : [309, 407, 436, 486, 496, 554] (43)
59 : [208, 367] (43)
60 : [65, 69, 136, 790] (41)
61 : [18, 272, 371, 593, 720] (48)
62 : [337, 467, 617] (51)
63 : [95, 281, 284, 471] (47)
64 : [32, 230, 393, 660, 729] (43)
65 : [66, 76, 356] (55)
66 : [394, 456, 752, 760] (51)
67 : [156, 313, 322, 361, 510] (44)
68 : [304, 405, 478, 655] (44)
69 : [128, 233, 323, 519, 769] (43)
70 : [74, 379, 440] (50)
71 : [234, 451, 484, 794] (46)
72 : [372, 381, 454, 507] (47)
73 : [75, 160, 297, 412, 608] (48)
74 : [149, 403, 536] (50)
75 : [317, 523] (56)
76 : [177, 302, 537] (52)
77 : [13, 250, 618, 761] (49)
78 : [42, 188, 268, 623, 672, 699, 710] (46)
79 : [167, 210, 722] (46)
80 : [238, 241, 354, 568, 628, 758] (42)
81 : [242, 473, 610, 784] (43)
82 : [93, 469, 749] (48)
83 : [142, 291, 494] (50)
84 : [19, 501, 663] (45)
85 : [26, 34, 72, 332, 385, 708, 721] (52)
86 : [146, 271] (47)
87 : [358, 505, 563, 624, 675, 706] (56)
88 : [147, 189, 734, 741] (56)
89 : [31, 290, 359, 532] (49)
90 : [171, 481, 764, 788] (44)
91 : [249, 355, 743] (50)
92 : [29, 229, 289, 377, 772] (44)
93 : [173, 192, 514] (52)
94 : [583, 636] (48)
95 : [340, 437, 700] (49)
96 : [398, 402, 476, 511, 544, 658, 792] (51)
97 : [218, 228, 341, 522, 539] (48)
98 : [168, 247, 432, 470] (49)
99 : [612, 694, 762] (51)
100 : [502, 560] (46)
101 : [45, 193, 204, 529, 640] (47)
102 : [267, 449] (47)
103 : [198, 299, 360, 493, 604] (47)
104 : [47, 214, 475, 719] (53)
105 : [63, 485, 689, 693, 704] (47)
106 : [62, 96, 123, 215, 256, 512] (48)
107 : [3, 165, 619, 691] (45)
108 : [718, 726, 798] (53)
109 : [277, 702] (52)
110 : [107, 135, 224, 260, 368, 750, 776] (52)
111 : [101, 105, 594] (57)
112 : [12, 288, 422, 482] (50)
113 : [127, 483, 487, 684] (52)
114 : [6, 419, 538] (53)
115 : [51, 125, 530, 698] (52)
116 : [254, 444] (53)
117 : [526, 550, 751, 787] (44)
118 : [138, 222, 375, 391] (46)
119 : [23, 129, 182, 306, 472, 573, 599, 745] (46)
120 : [352, 480, 687, 736] (56)
121 : [504, 644, 669] (53)
122 : [515, 728, 785] (53)
123 : [70, 534, 542, 549, 632] (54)
124 : [282, 725, 737] (54)
125 : [48, 387, 673] (54)
126 : [158, 326, 389, 609] (55)
127 : [11, 207, 270, 533] (58)
128 : [169, 263, 397, 426] (59)
129 : [88, 285, 641, 771] (57)
130 : [87, 172, 668, 739] (56)
131 : [166, 174, 329, 350, 688] (51)
132 : [22, 122, 276, 287, 649] (59)
133 : [67, 298, 303, 430, 634] (51)
134 : [100, 117] (53)
135 : [24, 41] (57)
136 : [181, 315, 466, 711] (55)
137 : [143, 213, 388, 442, 671] (57)
138 : [390, 446, 570, 674, 740] (50)
139 : [148, 200, 453, 572, 639, 747] (50)
140 : [133, 151, 206, 217, 266, 458] (51)
141 : [5, 178, 445] (53)
142 : [53, 374, 683] (52)
143 : [357, 562, 678, 778] (52)
144 : [52, 527, 679] (53)
145 : [54, 144, 221, 308] (56)
146 : [14, 89, 212] (51)
147 : [130, 265, 509, 571] (51)
148 : [38, 223, 448, 796] (52)
149 : [118, 145, 651] (51)
150 : [40, 183, 321, 645] (54)
151 : [78, 82, 468, 742] (52)
152 : [50, 320, 677] (56)
153 : [132, 457, 474, 557, 577] (53)
154 : [97, 121, 231, 294, 439, 690] (52)
155 : [150, 264] (52)
156 : [216, 226, 455, 521, 731] (52)
157 : [83, 85, 416] (57)
158 : [77, 664, 713, 779] (64)
159 : [225, 239, 347, 433, 435, 447] (62)
160 : [110, 463, 548, 682] (61)
161 : [17, 561, 616] (60)
162 : [104, 253, 652, 661] (59)
163 : [190, 654, 727, 735] (58)
164 : [417, 462, 598, 717, 767] (57)
165 : [307, 365, 382, 386, 556, 754] (59)
166 : [36, 275, 508] (59)
167 : [161, 195, 465, 696] (58)
168 : [39, 81, 305, 492] (60)
169 : [33, 102, 180] (60)
170 : [73, 98, 477] (60)
171 : [15, 28, 84, 730] (60)
172 : [280, 364, 384, 724] (59)
173 : [8, 154, 348, 489, 546] (60)
174 : [425, 460, 581, 592] (53)
175 : [392, 413, 559] (54)
176 : [283, 301, 346, 621] (56)
177 : [194, 366, 409, 627, 630, 653] (52)
178 : [159, 199, 201, 345] (53)
179 : [235, 601, 607] (56)
180 : [43, 197, 587, 712] (53)
181 : [203, 353, 569, 620] (53)
182 : [60, 262, 319] (56)
183 : [185, 312, 585, 588] (57)
184 : [25, 259, 757] (55)
185 : [30, 114, 670, 748] (54)
186 : [7, 9, 427, 662, 695] (56)
187 : [119, 528, 540, 606, 707] (56)
188 : [295, 406, 744] (58)
189 : [424, 518, 781] (58)
190 : [106, 423, 428] (60)
191 : [2, 586, 590] (61)
192 : [257, 338, 431, 459] (60)
193 : [244, 506, 578, 786] (56)
194 : [90, 279, 325, 666, 686] (55)
195 : [55, 334, 363, 369] (57)
196 : [4, 274, 564, 642] (57)
197 : [20, 64, 328, 701, 797] (55)
198 : [261, 479, 552] (57)
199 : [243, 603, 614, 657, 756] (55)
200 : [525, 553, 680, 753, 773] (48)
201 : [61, 258, 373, 795] (58)
202 : [] (0)
203 : [] (0)
