Name: 800-20-30
Time: 19.166013479232788 
Result: 2030
Solution:  66 25 45 36 46 7 62 91 81 125 45 4 104 32 127 121 43 78 44 36 70 118 112 29 4 22 88 4 8 39 110 49 92 97 40 45 100 69 49 64 98 17 24 85 26 37 30 31 46 66 52 123 131 132 105 38 106 109 73 136 61 44 4 104 113 72 89 27 85 132 35 64 25 128 7 62 126 87 124 42 45 72 3 38 141 20 48 95 95 105 126 71 36 81 90 52 69 108 56 57 36 74 108 6 53 105 120 59 62 2 63 23 12 67 99 16 63 60 29 19 136 58 52 139 63 139 67 76 69 112 129 22 114 128 135 19 35 79 8 47 110 62 59 128 129 18 48 113 43 121 46 20 102 25 40 58 138 13 102 23 83 23 124 47 31 42 138 122 65 33 140 60 127 16 130 87 115 115 9 27 129 111 113 140 109 131 83 84 126 69 52 141 84 38 48 119 128 116 80 74 30 90 121 13 3 20 126 22 41 105 19 106 139 113 105 73 97 73 107 114 56 136 76 67 139 70 86 59 33 101 103 134 74 50 89 126 140 119 100 61 36 93 96 55 80 52 140 53 101 127 26 14 95 124 114 108 76 109 78 19 55 40 58 55 84 118 24 15 14 68 132 11 48 133 47 38 9 49 99 91 125 46 67 137 17 37 34 98 82 5 119 84 12 82 121 71 76 107 81 117 23 54 87 114 107 135 20 51 86 110 125 68 51 78 42 94 111 75 17 99 104 106 133 17 103 140 9 99 135 126 85 7 135 78 42 103 86 33 99 111 94 104 63 115 122 120 77 82 115 41 82 49 95 26 24 109 52 50 82 9 127 17 54 21 5 46 90 63 68 125 34 98 109 118 112 41 63 119 31 61 96 90 136 6 118 54 130 32 38 38 137 110 115 65 94 100 77 60 42 94 89 59 37 50 62 131 121 128 6 124 73 108 115 66 126 37 5 61 8 49 71 19 133 118 78 67 49 53 50 126 83 112 123 132 116 10 61 38 32 129 118 83 141 40 38 18 76 29 131 72 89 53 80 12 80 77 36 70 125 44 39 84 93 35 110 56 85 84 137 54 98 43 58 58 15 35 88 62 61 21 119 26 43 16 90 78 82 78 118 9 122 101 97 10 19 122 2 103 51 80 34 127 32 77 103 134 71 87 88 79 57 86 7 133 102 26 72 91 131 123 93 96 22 16 124 12 21 85 106 60 90 46 136 38 19 95 29 71 26 88 54 56 125 77 74 86 59 83 102 5 109 27 128 51 64 73 57 123 120 2 93 114 138 33 137 14 13 4 111 27 44 83 92 118 97 56 50 88 138 99 62 98 68 64 47 41 89 119 105 11 30 66 57 74 130 91 40 22 114 42 24 31 106 6 23 59 112 39 135 116 80 12 92 47 120 10 79 78 130 141 130 101 134 92 12 101 78 134 29 123 107 93 3 80 106 27 96 109 11 52 52 15 67 125 5 69 33 45 11 24 64 124 44 52 92 123 89 92 32 76 48 53 51 113 42 43 17 57 100 65 30 15 93 69 122 116 71 41 65 99 75 32 13 108 27 139 67 117 23 52 69 75 120 19 114 133 73 6 22 104 136 133 140 100 91 74 106 103 132 10 61 132 140 117 132 39 76 99 7 2 96 63 66 56 102 107 129 47 54 131 42 5 116 114 36 43 96 64 30 54 51 79 92 117 12 65 25 83 6 9 4 89 70 116 77 96 27 85 74 54 138 97 42 109 79 75 52 34 71 86 94 6 15 140 97 136 120 57 8 16 94 109 39 62 66 79 35 3 110 3 34 40 104 102 122 18 87 58 11 91
0 : [] (0)
1 : [] (0)
2 : [109, 496, 559, 719] (23)
3 : [82, 204, 632, 787, 789] (22)
4 : [11, 24, 27, 62, 567, 750] (21)
5 : [289, 364, 416, 549, 644, 731] (21)
6 : [103, 383, 408, 603, 697, 748, 771] (21)
7 : [5, 74, 331, 512, 718] (22)
8 : [28, 138, 418, 778] (21)
9 : [178, 276, 326, 359, 489, 749] (21)
10 : [435, 493, 615, 709] (21)
11 : [271, 589, 638, 648, 798] (20)
12 : [112, 292, 453, 525, 611, 624, 744] (20)
13 : [157, 203, 566, 682] (20)
14 : [251, 268, 565] (22)
15 : [267, 474, 641, 671, 772] (19)
16 : [115, 173, 483, 523, 779] (20)
17 : [41, 284, 318, 323, 361, 666] (20)
18 : [145, 445, 795] (23)
19 : [119, 135, 210, 259, 421, 494, 534, 693] (19)
20 : [85, 151, 205, 306] (21)
21 : [363, 479, 526] (20)
22 : [25, 131, 207, 522, 597, 698] (22)
23 : [111, 159, 161, 300, 604, 688] (20)
24 : [42, 266, 354, 600, 649] (21)
25 : [1, 72, 153, 746] (22)
26 : [44, 250, 353, 481, 515, 538] (24)
27 : [67, 179, 551, 569, 635, 684, 756] (26)
28 : [] (0)
29 : [23, 118, 447, 536, 628] (21)
30 : [46, 200, 590, 670, 738] (20)
31 : [47, 164, 378, 601] (23)
32 : [13, 387, 438, 502, 658, 681] (21)
33 : [169, 228, 337, 563, 646] (22)
34 : [286, 370, 500, 767, 790] (21)
35 : [70, 136, 463, 475, 786] (22)
36 : [3, 19, 92, 100, 240, 456, 734] (21)
37 : [45, 285, 402, 415] (22)
38 : [55, 83, 193, 275, 388, 389, 437, 444, 533] (22)
39 : [29, 460, 607, 715, 782] (22)
40 : [34, 154, 261, 443, 596, 791] (24)
41 : [208, 349, 375, 585, 677] (23)
42 : [79, 165, 314, 334, 398, 599, 664, 730, 762] (23)
43 : [16, 148, 471, 482, 665, 735] (24)
44 : [18, 61, 459, 570, 652] (24)
45 : [2, 10, 35, 80, 647] (25)
46 : [4, 48, 150, 281, 365, 531] (24)
47 : [139, 163, 274, 584, 613, 727] (24)
48 : [86, 146, 194, 272, 660] (24)
49 : [31, 38, 277, 351, 419, 426] (24)
50 : [233, 357, 403, 428, 576] (23)
51 : [307, 312, 498, 553, 662, 740] (23)
52 : [50, 95, 122, 190, 245, 356, 639, 640, 653, 689, 766] (23)
53 : [104, 247, 427, 451, 661] (22)
54 : [301, 362, 385, 469, 540, 728, 739, 759] (23)
55 : [243, 260, 263] (26)
56 : [98, 220, 465, 541, 575, 723] (24)
57 : [99, 510, 556, 592, 667, 777] (24)
58 : [121, 155, 262, 472, 473, 797] (24)
59 : [107, 142, 227, 401, 546, 605] (25)
60 : [117, 171, 397, 529] (25)
61 : [60, 239, 379, 417, 436, 478, 710] (24)
62 : [6, 75, 108, 141, 404, 477, 580, 783] (24)
63 : [110, 116, 124, 342, 367, 376, 721] (25)
64 : [39, 71, 554, 583, 650, 737] (24)
65 : [168, 393, 669, 678, 745] (24)
66 : [0, 49, 413, 591, 722, 784] (25)
67 : [113, 126, 223, 282, 425, 642, 686] (25)
68 : [269, 311, 368, 582] (24)
69 : [37, 96, 128, 189, 645, 673, 690] (24)
70 : [20, 225, 457, 752] (26)
71 : [91, 295, 420, 506, 537, 676, 768] (26)
72 : [65, 81, 449, 516] (24)
73 : [58, 215, 217, 410, 555, 696] (24)
74 : [101, 199, 232, 544, 593, 705, 758] (23)
75 : [317, 680, 691, 765] (23)
76 : [127, 222, 256, 296, 446, 659, 716] (23)
77 : [346, 396, 455, 503, 543, 754] (22)
78 : [17, 258, 313, 333, 424, 485, 487, 617, 626] (22)
79 : [137, 509, 616, 741, 764, 785] (23)
80 : [198, 244, 452, 454, 499, 610, 633] (23)
81 : [8, 93, 298] (28)
82 : [288, 293, 347, 350, 358, 486] (27)
83 : [160, 186, 430, 441, 547, 571, 747] (28)
84 : [187, 192, 264, 291, 461, 467] (28)
85 : [43, 68, 330, 466, 527, 757] (28)
86 : [226, 308, 336, 511, 545, 769] (27)
87 : [77, 175, 302, 507, 796] (27)
88 : [26, 476, 508, 539, 577] (27)
89 : [66, 234, 400, 450, 586, 656, 751] (27)
90 : [94, 201, 366, 381, 484, 530] (27)
91 : [7, 279, 517, 595, 704, 799] (27)
92 : [32, 572, 612, 623, 654, 657, 742] (27)
93 : [241, 462, 520, 560, 631, 672] (27)
94 : [315, 340, 394, 399, 770, 780] (27)
95 : [87, 88, 252, 352, 535] (27)
96 : [242, 380, 521, 636, 720, 736, 755] (27)
97 : [33, 216, 492, 574, 761, 774] (28)
98 : [40, 287, 371, 470, 581] (25)
99 : [114, 278, 319, 327, 338, 579, 679, 717] (26)
100 : [36, 238, 395, 668, 703] (27)
101 : [229, 248, 491, 621, 625] (28)
102 : [152, 158, 514, 548, 724, 793] (26)
103 : [230, 324, 335, 497, 504, 707] (28)
104 : [12, 63, 320, 341, 699, 792] (27)
105 : [54, 89, 105, 209, 214, 588] (27)
106 : [56, 211, 321, 528, 602, 634, 706] (27)
107 : [218, 297, 304, 630, 725] (27)
108 : [97, 102, 255, 411, 683] (27)
109 : [57, 184, 257, 355, 372, 550, 637, 763, 781] (26)
110 : [30, 140, 309, 391, 464, 788] (27)
111 : [181, 316, 339, 568] (30)
112 : [22, 129, 374, 431, 606] (28)
113 : [64, 147, 182, 213, 663] (27)
114 : [132, 219, 254, 303, 561, 598, 694, 733] (27)
115 : [176, 177, 343, 348, 392, 412] (28)
116 : [197, 434, 609, 675, 732, 753] (27)
117 : [299, 687, 713, 743] (28)
118 : [21, 265, 373, 384, 423, 440, 488, 573] (28)
119 : [195, 237, 290, 377, 480, 587] (28)
120 : [106, 345, 558, 614, 692, 776] (28)
121 : [15, 149, 202, 294, 406] (28)
122 : [167, 344, 490, 495, 674, 794] (30)
123 : [51, 432, 519, 557, 629, 655] (28)
124 : [78, 162, 253, 409, 524, 651] (28)
125 : [9, 280, 310, 369, 458, 542, 643] (30)
126 : [76, 90, 188, 206, 235, 329, 414, 429] (29)
127 : [14, 172, 249, 360, 501] (28)
128 : [73, 133, 143, 196, 407, 552] (28)
129 : [130, 144, 180, 439, 726] (28)
130 : [174, 386, 594, 618, 620] (29)
131 : [52, 185, 405, 448, 518, 729] (28)
132 : [53, 69, 270, 433, 708, 711, 714] (28)
133 : [273, 322, 422, 513, 695, 701] (29)
134 : [231, 505, 622, 627] (29)
135 : [134, 305, 328, 332, 608] (28)
136 : [59, 120, 221, 382, 532, 700, 775] (28)
137 : [283, 390, 468, 564] (30)
138 : [156, 166, 562, 578, 760] (27)
139 : [123, 125, 212, 224, 685] (28)
140 : [170, 183, 236, 246, 325, 702, 712, 773] (28)
141 : [84, 191, 442, 619] (22)
142 : [] (0)
143 : [] (0)
