Name: 800-30-45
Time: 18.974178314208984 
Result: 45
Solution:  71 44 64 18 106 60 51 69 51 41 114 3 53 85 3 97 38 34 90 23 27 106 98 104 95 119 23 91 82 12 30 29 104 74 103 43 112 84 39 22 97 64 96 43 42 74 98 14 74 32 100 39 83 6 69 50 34 60 46 107 117 40 29 58 70 6 83 19 33 18 91 107 68 84 37 54 42 52 16 89 31 47 95 16 93 9 39 50 92 97 89 42 101 88 50 60 54 79 9 6 42 113 57 30 12 116 81 61 10 74 18 20 58 72 100 14 67 55 21 42 75 4 90 40 96 15 64 17 50 37 13 51 98 54 111 75 41 71 102 94 29 80 83 105 91 87 102 99 111 32 40 50 77 61 9 5 74 29 4 67 46 92 41 20 85 34 92 62 9 84 30 120 65 5 6 76 75 119 31 121 99 119 99 59 49 105 13 55 53 7 103 71 115 45 5 88 22 68 82 27 51 32 83 38 26 36 59 6 91 39 37 51 115 110 70 91 85 109 113 67 112 77 41 84 80 39 119 63 62 119 71 39 105 74 15 88 54 95 19 99 86 44 34 29 22 96 51 74 100 49 118 31 25 43 35 65 48 114 45 74 50 104 57 89 98 78 97 33 28 96 40 59 4 78 18 4 112 58 61 108 51 121 79 58 53 23 107 39 40 64 48 64 44 101 26 81 116 31 115 24 25 34 34 120 31 81 87 116 18 71 17 113 13 72 52 28 71 16 42 86 61 54 15 17 43 60 29 75 109 87 67 65 104 101 55 92 98 58 46 98 89 34 21 56 20 34 51 121 89 56 108 97 101 79 30 44 68 90 84 69 104 98 11 21 43 43 28 35 42 75 49 23 103 76 8 11 10 83 69 23 38 91 9 47 23 60 8 120 49 5 36 85 23 37 111 12 116 83 9 34 29 43 81 62 110 91 84 50 21 66 66 70 105 105 57 25 52 114 40 81 71 64 111 42 32 5 62 88 100 32 8 19 33 41 46 48 27 110 110 96 57 96 104 73 80 102 15 16 20 108 75 106 48 117 106 34 7 101 106 35 24 107 43 63 114 84 77 57 109 110 14 5 79 57 111 36 74 51 13 96 24 49 64 6 38 3 99 67 115 3 55 72 41 90 35 94 116 76 117 113 31 57 76 59 121 29 92 99 103 83 121 87 89 113 26 105 64 67 96 11 79 116 14 114 85 70 107 106 120 67 24 59 92 93 92 77 34 54 47 23 75 23 85 116 103 27 53 46 72 10 90 98 104 74 65 87 59 6 104 15 52 17 99 78 59 92 108 31 78 85 93 65 49 86 19 73 92 4 112 38 118 101 89 114 72 82 56 6 90 83 44 61 81 113 47 65 115 108 13 13 50 121 95 99 60 88 60 47 54 30 63 11 33 112 101 25 4 55 5 21 19 28 36 121 57 31 107 11 28 37 63 70 102 42 66 95 109 43 79 38 59 82 68 9 117 102 94 73 58 118 113 79 55 27 62 40 25 106 6 24 93 102 74 94 3 82 120 59 46 81 20 93 27 94 45 72 51 87 15 110 73 87 77 7 67 25 28 67 3 105 76 94 84 27 30 118 80 106 56 14 63 45 46 37 76 52 97 73 8 13 37 11 96 112 7 37 44 15 37 27 53 11 76 81 103 68 102 86 17 64 33 99 107 40 59 89 75 119 56 68 86 111 19 120 35 17 68 104 56 67 21 59 114 62 108 39 72 76 104 5 66 73 8 112 110 85 115 71 66 109 117 77 49 16 10 85 86 90 66 50 60 56 22 16 9 32 22 43 12 56 78 52 114 114 10 49 118 79 95 47
0 : [] (0)
1 : [] (0)
2 : [] (0)
3 : [11, 14, 485, 489, 664, 688] (30)
4 : [121, 158, 272, 275, 577, 616] (30)
5 : [155, 173, 194, 389, 425, 471, 618, 759] (32)
6 : [53, 65, 99, 174, 207, 483, 557, 587, 658] (30)
7 : [189, 456, 683, 714] (30)
8 : [374, 386, 430, 708, 762] (31)
9 : [85, 98, 154, 168, 382, 398, 643, 784] (30)
10 : [108, 376, 549, 774, 794] (32)
11 : [362, 375, 519, 611, 627, 711, 721] (33)
12 : [29, 104, 395, 788] (34)
13 : [130, 186, 312, 478, 598, 599, 709] (32)
14 : [47, 115, 470, 522, 699] (32)
15 : [125, 234, 322, 446, 559, 678, 717] (33)
16 : [78, 83, 317, 447, 773, 783] (35)
17 : [127, 310, 323, 561, 728, 745] (31)
18 : [3, 69, 110, 274, 308] (32)
19 : [67, 238, 431, 574, 620, 742] (32)
20 : [111, 163, 344, 448, 670] (31)
21 : [118, 342, 363, 408, 619, 750] (30)
22 : [39, 196, 244, 782, 786] (31)
23 : [19, 26, 285, 371, 379, 384, 392, 539, 541] (30)
24 : [299, 460, 480, 530, 659] (31)
25 : [252, 300, 415, 615, 656, 685] (31)
26 : [204, 294, 514] (33)
27 : [20, 199, 436, 545, 653, 672, 693, 719] (32)
28 : [268, 315, 366, 621, 628, 686] (30)
29 : [31, 62, 140, 157, 243, 326, 400, 505] (30)
30 : [30, 103, 170, 354, 609, 694] (35)
31 : [80, 178, 251, 297, 304, 500, 567, 625] (30)
32 : [49, 149, 201, 424, 429, 785] (33)
33 : [68, 267, 432, 612, 730] (34)
34 : [17, 56, 165, 242, 301, 302, 341, 345, 399, 455, 536] (34)
35 : [254, 367, 459, 494, 744] (36)
36 : [205, 390, 475, 622] (36)
37 : [74, 129, 210, 393, 629, 703, 710, 715, 718] (35)
38 : [16, 203, 380, 484, 579, 639] (35)
39 : [38, 51, 86, 209, 225, 231, 287, 755] (35)
40 : [61, 123, 150, 270, 288, 418, 655, 733] (35)
41 : [9, 136, 162, 222, 433, 492] (35)
42 : [44, 76, 91, 100, 119, 318, 368, 423, 633] (35)
43 : [35, 43, 253, 324, 364, 365, 401, 462, 637, 787] (36)
44 : [1, 241, 292, 355, 590, 716] (36)
45 : [193, 258, 674, 701] (39)
46 : [58, 160, 338, 434, 547, 668, 702] (39)
47 : [81, 383, 538, 594, 607, 799] (41)
48 : [256, 290, 435, 452] (35)
49 : [184, 249, 370, 388, 481, 572, 772, 795] (36)
50 : [55, 87, 94, 128, 151, 260, 407, 600, 779] (35)
51 : [6, 8, 131, 200, 211, 246, 280, 346, 477, 676] (36)
52 : [77, 314, 416, 560, 705, 791] (35)
53 : [12, 188, 284, 546, 720] (38)
54 : [75, 96, 133, 236, 321, 537, 608] (36)
55 : [117, 187, 334, 490, 617, 652] (36)
56 : [343, 349, 586, 698, 738, 748, 781, 789] (36)
57 : [102, 262, 414, 440, 467, 473, 501, 624] (36)
58 : [63, 112, 277, 283, 337, 648] (37)
59 : [183, 206, 271, 503, 531, 556, 564, 640, 667, 734, 751] (37)
60 : [5, 57, 95, 325, 385, 604, 606, 780] (37)
61 : [107, 153, 278, 320, 591] (41)
62 : [167, 228, 403, 426, 654, 753] (39)
63 : [227, 463, 610, 630, 700] (43)
64 : [2, 41, 126, 289, 291, 421, 482, 516, 729] (39)
65 : [172, 255, 331, 554, 571, 595] (38)
66 : [409, 410, 634, 760, 768, 778] (38)
67 : [116, 159, 219, 330, 487, 517, 529, 684, 687, 749] (38)
68 : [72, 197, 356, 642, 725, 739, 746] (38)
69 : [7, 54, 359, 378] (39)
70 : [64, 214, 411, 525, 631] (37)
71 : [0, 137, 191, 230, 309, 316, 420, 767] (38)
72 : [113, 313, 491, 548, 584, 675, 756] (38)
73 : [443, 575, 647, 680, 707, 761] (37)
74 : [33, 45, 48, 109, 156, 233, 247, 259, 476, 553, 662] (37)
75 : [120, 135, 176, 327, 369, 450, 540, 736] (36)
76 : [175, 373, 497, 502, 690, 704, 722, 757] (37)
77 : [152, 221, 466, 535, 682, 771] (39)
78 : [265, 273, 563, 568, 790] (39)
79 : [97, 282, 353, 472, 520, 638, 651, 797] (40)
80 : [141, 224, 444, 696] (42)
81 : [106, 295, 305, 402, 419, 592, 669, 723] (42)
82 : [28, 198, 585, 641, 665] (42)
83 : [52, 66, 142, 202, 377, 397, 509, 589] (42)
84 : [37, 73, 169, 223, 358, 406, 465, 692] (41)
85 : [13, 164, 216, 391, 524, 542, 569, 765, 775] (41)
86 : [240, 319, 573, 727, 740, 776] (41)
87 : [145, 306, 329, 511, 555, 677, 681] (42)
88 : [93, 195, 235, 427, 605] (42)
89 : [79, 90, 263, 340, 348, 512, 582, 735] (43)
90 : [18, 122, 357, 493, 550, 588, 777] (42)
91 : [27, 70, 144, 208, 215, 381, 405] (43)
92 : [88, 161, 166, 335, 506, 532, 534, 565, 576] (42)
93 : [84, 533, 570, 660, 671] (44)
94 : [139, 495, 646, 663, 673, 691] (45)
95 : [24, 82, 237, 602, 635, 798] (42)
96 : [42, 124, 245, 269, 439, 441, 479, 518, 712] (42)
97 : [15, 40, 89, 266, 351, 706] (41)
98 : [22, 46, 132, 264, 336, 339, 361, 551] (42)
99 : [147, 180, 182, 239, 486, 507, 562, 603, 731] (42)
100 : [50, 114, 248, 428] (42)
101 : [92, 293, 333, 352, 457, 581, 614] (41)
102 : [138, 146, 445, 632, 645, 661, 726] (41)
103 : [34, 190, 372, 508, 544, 724] (43)
104 : [23, 32, 261, 332, 360, 442, 552, 558, 747, 758] (41)
105 : [143, 185, 232, 412, 413, 515, 689] (40)
106 : [4, 21, 451, 454, 458, 527, 657, 697] (42)
107 : [59, 71, 286, 461, 526, 626, 732] (43)
108 : [279, 350, 449, 566, 597, 754] (43)
109 : [217, 328, 468, 636, 769] (43)
110 : [213, 404, 437, 438, 469, 679, 764] (44)
111 : [134, 148, 394, 422, 474, 741] (45)
112 : [36, 220, 276, 578, 613, 713, 763] (44)
113 : [101, 218, 311, 499, 513, 593, 650] (42)
114 : [10, 257, 417, 464, 523, 583, 752, 792, 793] (43)
115 : [192, 212, 298, 488, 596, 766] (44)
116 : [105, 296, 307, 396, 496, 521, 543] (42)
117 : [60, 453, 498, 644, 770] (44)
118 : [250, 580, 649, 695, 796] (40)
119 : [25, 177, 181, 226, 229, 737] (40)
120 : [171, 303, 387, 528, 666, 743] (33)
121 : [179, 281, 347, 504, 510, 601, 623] (35)
122 : [] (0)
123 : [] (0)
