Name: 800-40-60
Time: 18.841535091400146 
Result: 37074
Solution:  13 57 190 107 195 142 116 185 173 185 22 126 114 78 148 174 23 162 61 81 197 35 130 124 138 184 87 33 171 91 186 91 64 168 86 8 171 58 147 167 153 140 78 183 24 99 52 104 125 50 152 115 146 142 144 192 38 9 27 11 180 199 105 106 197 62 63 134 32 60 121 56 82 169 71 76 63 158 151 16 21 170 151 157 171 158 15 131 130 147 194 2 47 80 55 64 106 154 173 7 134 113 170 48 162 112 188 111 12 49 162 2 18 4 183 39 47 132 149 192 22 154 130 106 10 111 40 113 67 122 148 25 153 136 4 113 60 13 117 43 12 42 84 135 146 147 83 88 143 74 156 139 20 43 175 29 65 3 126 181 75 170 37 36 31 107 132 83 97 127 21 90 130 92 130 36 38 76 141 38 170 136 121 151 34 183 5 38 77 88 167 57 93 101 175 164 47 181 103 181 139 178 45 180 99 42 140 127 59 14 81 12 146 136 103 105 153 143 95 44 17 144 117 148 111 160 154 45 96 94 65 155 16 70 73 182 22 11 79 161 7 78 81 201 193 44 51 98 40 93 77 51 33 163 114 26 105 192 199 182 110 197 184 128 155 144 141 101 76 60 127 89 62 41 195 168 135 108 53 193 172 61 124 174 61 129 52 132 114 92 90 82 14 50 155 189 24 75 134 100 44 174 73 131 70 167 119 165 145 60 50 33 184 69 9 137 28 73 55 183 152 151 67 72 55 194 123 47 198 126 52 24 84 11 192 20 34 58 189 3 95 98 47 15 39 178 177 159 171 43 133 30 120 178 84 91 63 142 89 91 105 67 43 194 171 164 175 59 110 197 6 61 72 200 145 118 48 94 16 69 31 70 162 37 172 89 165 124 135 125 137 116 176 62 66 8 10 128 96 28 29 9 95 74 19 68 188 56 26 177 27 44 70 171 54 24 159 163 25 114 8 48 110 189 191 175 128 186 190 40 133 193 97 160 34 160 56 94 56 153 70 49 138 25 112 143 138 159 147 101 7 73 19 143 76 160 64 153 140 195 176 46 161 158 6 166 137 62 150 79 96 65 119 79 153 104 96 169 68 198 120 88 113 115 71 105 57 112 26 173 16 6 168 103 82 42 59 24 29 38 10 85 102 28 123 87 191 71 166 150 65 97 109 13 93 119 44 51 188 69 24 154 96 75 3 199 113 144 186 99 116 15 89 128 123 12 74 80 118 102 187 2 123 35 97 56 171 38 160 126 116 37 196 201 58 21 164 154 21 175 102 159 145 89 197 28 7 9 78 179 136 149 139 119 3 41 30 155 193 25 57 175 6 95 23 182 191 180 184 31 190 36 174 66 109 18 17 23 164 115 46 181 14 199 103 2 184 173 72 129 86 54 99 12 199 17 161 62 77 106 183 175 50 76 87 18 27 177 82 51 176 24 124 47 136 52 94 31 33 136 100 131 196 16 121 150 51 11 35 134 56 150 161 179 163 68 2 200 96 20 65 160 186 84 157 32 194 36 131 122 181 135 79 125 138 85 40 153 145 145 199 46 163 139 116 10 195 120 127 104 154 111 46 105 97 188 164 29 115 77 100 196 108 30 107 7 86 187 86 14 77 136 179 157 33 15 33 165 106 104 61 85 80 21 172 124 109 163 121 65 173 156 51 19 89 164 122 126 54 133 136 88 149 90 185 120 40 141 187 84 110 117 66 201 164 55 197 186 77 46 65 78 98 2 92 42 11 165 59 68 15 129 94 200 30 19 111 36 143 158 33 189 39 31 77 123 189 117 90 44 60 6 96 20 69 201 147 198 107 49
0 : [] (0)
1 : [] (0)
2 : [91, 111, 541, 605, 656, 763] (51)
3 : [157, 339, 524, 574] (43)
4 : [113, 134] (41)
5 : [186] (4)
6 : [370, 464, 491, 582, 791] (46)
7 : [99, 240, 450, 566, 705] (42)
8 : [35, 395, 420] (42)
9 : [57, 314, 401, 567] (41)
10 : [124, 396, 500, 685] (40)
11 : [59, 237, 333, 647, 766] (42)
12 : [108, 140, 211, 535, 613] (42)
13 : [0, 137, 513] (42)
14 : [209, 292, 602, 709] (41)
15 : [86, 343, 531, 715, 770] (45)
16 : [79, 232, 378, 490, 643] (40)
17 : [220, 596, 615] (42)
18 : [112, 595, 625] (41)
19 : [404, 452, 733, 775] (43)
20 : [152, 335, 659, 793] (40)
21 : [80, 170, 555, 558, 723] (39)
22 : [10, 120, 236] (46)
23 : [16, 584, 597] (42)
24 : [44, 296, 331, 415, 497, 520, 631] (39)
25 : [131, 418, 443, 579] (39)
26 : [255, 408, 488] (43)
27 : [58, 410, 626] (45)
28 : [316, 399, 503, 565] (40)
29 : [155, 400, 498, 697] (40)
30 : [351, 576, 703, 774] (45)
31 : [164, 380, 589, 637, 783] (44)
32 : [68, 665] (46)
33 : [27, 252, 311, 638, 714, 716, 780] (40)
34 : [184, 336, 434] (48)
35 : [21, 543, 648] (43)
36 : [163, 175, 591, 667, 777] (43)
37 : [162, 383, 551] (46)
38 : [56, 176, 179, 187, 499, 547] (38)
39 : [115, 344, 782] (41)
40 : [126, 248, 429, 676, 746] (40)
41 : [273, 575] (51)
42 : [141, 205, 495, 765] (41)
43 : [139, 153, 349, 362] (49)
44 : [219, 245, 300, 411, 516, 789] (44)
45 : [202, 227] (60)
46 : [461, 600, 681, 692, 759] (46)
47 : [92, 116, 196, 327, 342, 633] (46)
48 : [103, 376, 421] (46)
49 : [109, 441, 799] (46)
50 : [49, 293, 310, 622] (46)
51 : [246, 251, 517, 629, 646, 732] (42)
52 : [46, 286, 330, 635] (40)
53 : [278] (4)
54 : [414, 611, 738] (59)
55 : [94, 318, 324, 755] (55)
56 : [71, 407, 436, 438, 545, 650] (54)
57 : [1, 191, 486, 580] (49)
58 : [37, 337, 554] (47)
59 : [208, 367, 496, 768] (50)
60 : [69, 136, 269, 309, 790] (48)
61 : [18, 281, 284, 371, 720] (50)
62 : [65, 272, 393, 467, 617] (47)
63 : [66, 76, 356] (55)
64 : [32, 95, 456] (48)
65 : [156, 230, 471, 510, 660, 729, 760] (40)
66 : [394, 593, 752] (47)
67 : [128, 322, 361] (47)
68 : [405, 478, 655, 769] (46)
69 : [313, 379, 519, 794] (48)
70 : [233, 304, 381, 412, 440] (46)
71 : [74, 484, 507] (46)
72 : [323, 372, 608] (51)
73 : [234, 302, 317, 451] (47)
74 : [149, 403, 536] (50)
75 : [160, 297, 523] (46)
76 : [75, 177, 268, 454, 623] (45)
77 : [188, 250, 618, 699, 710, 758, 784] (45)
78 : [13, 42, 241, 568, 761] (44)
79 : [238, 469, 473, 672] (46)
80 : [93, 537, 722] (50)
81 : [19, 210, 242] (46)
82 : [72, 291, 494, 628] (47)
83 : [146, 167] (46)
84 : [142, 332, 354, 663, 749] (46)
85 : [501, 675, 721] (46)
86 : [34, 610, 706, 708] (44)
87 : [26, 505, 624] (47)
88 : [147, 189, 481, 741] (57)
89 : [271, 358, 385, 532, 563, 734] (44)
90 : [171, 290, 743, 788] (42)
91 : [29, 31, 355, 359] (48)
92 : [173, 289, 764] (48)
93 : [192, 249, 514] (54)
94 : [229, 377, 437, 636, 772] (48)
95 : [218, 340, 402, 583] (48)
96 : [228, 398, 470, 476, 522, 658, 792] (51)
97 : [168, 432, 511, 544, 694] (53)
98 : [247, 341, 762] (58)
99 : [45, 204, 529, 612] (54)
100 : [299, 640, 700] (51)
101 : [193, 267, 449] (57)
102 : [502, 539, 560] (53)
103 : [198, 214, 493, 604] (53)
104 : [47, 475, 689, 719] (47)
105 : [62, 215, 256, 360, 485, 693] (46)
106 : [63, 96, 123, 619, 718] (50)
107 : [3, 165, 704, 798] (51)
108 : [277, 702] (52)
109 : [512, 594, 726] (53)
110 : [260, 368, 422, 750] (51)
111 : [107, 125, 224, 691, 776] (51)
112 : [105, 444, 487] (55)
113 : [101, 127, 135, 482, 526] (49)
114 : [12, 254, 288, 419] (49)
115 : [51, 483, 599, 698] (47)
116 : [6, 391, 530, 550, 684] (50)
117 : [138, 222, 751, 787] (50)
118 : [375, 538] (50)
119 : [306, 472, 515, 573] (52)
120 : [352, 480, 687, 745] (51)
121 : [70, 182, 644, 728] (51)
122 : [129, 669, 736] (48)
123 : [326, 504, 534, 542, 785] (48)
124 : [23, 282, 387, 632, 725] (50)
125 : [48, 389, 673] (48)
126 : [11, 158, 329, 549, 737] (46)
127 : [169, 207, 270, 688] (54)
128 : [263, 397, 426, 533] (59)
129 : [285, 609, 771] (54)
130 : [22, 88, 122, 172, 174] (57)
131 : [87, 303, 641, 668] (59)
132 : [117, 166, 287] (54)
133 : [350, 430, 739] (55)
134 : [67, 100, 298, 649] (52)
135 : [143, 276, 388, 671] (47)
136 : [133, 181, 213, 570, 634, 639, 711, 740] (48)
137 : [315, 390, 466] (48)
138 : [24, 442, 446, 674] (49)
139 : [151, 200, 572, 683] (49)
140 : [41, 206, 458] (54)
141 : [178, 266, 747] (58)
142 : [5, 53, 357] (59)
143 : [148, 217, 445, 453, 778] (54)
144 : [54, 221, 265, 527] (59)
145 : [308, 374, 562, 678, 679] (56)
146 : [52, 144, 212] (55)
147 : [38, 89, 145, 448, 796] (57)
148 : [14, 130, 223] (58)
149 : [118, 571, 742] (50)
150 : [468, 509, 645, 651] (50)
151 : [78, 82, 183, 321] (57)
152 : [50, 320] (51)
153 : [40, 132, 216, 439, 457, 474, 677] (53)
154 : [97, 121, 226, 521, 557, 690] (52)
155 : [231, 264, 294, 577] (55)
156 : [150, 731] (57)
157 : [83, 664, 713] (62)
158 : [77, 85, 463, 779] (74)
159 : [347, 416, 447, 561] (58)
160 : [225, 433, 435, 455, 548, 661] (57)
161 : [239, 462, 616, 652] (60)
162 : [17, 104, 110, 382] (58)
163 : [253, 417, 654, 682, 727] (54)
164 : [195, 365, 556, 598, 696, 735, 754] (55)
165 : [307, 386, 717, 767] (54)
166 : [465, 508] (61)
167 : [39, 190, 305] (58)
168 : [33, 275, 492] (60)
169 : [73, 477] (59)
170 : [81, 102, 161, 180] (57)
171 : [28, 36, 84, 348, 364, 413, 546] (57)
172 : [280, 384, 724] (58)
173 : [8, 98, 489, 607, 730] (57)
174 : [15, 283, 301, 592] (62)
175 : [154, 194, 366, 425, 559, 581, 621] (56)
176 : [392, 460, 630] (61)
177 : [346, 409, 627] (61)
178 : [201, 345, 353] (59)
179 : [569, 653, 712] (57)
180 : [60, 203, 587] (56)
181 : [159, 197, 199, 601, 670] (56)
182 : [235, 259, 585] (54)
183 : [43, 114, 185, 319, 620] (56)
184 : [25, 262, 312, 588, 606] (56)
185 : [7, 9, 744] (54)
186 : [30, 427, 528, 662, 757] (51)
187 : [540, 707, 748] (55)
188 : [106, 406, 518, 695] (55)
189 : [295, 338, 423, 781, 786] (57)
190 : [2, 428, 590] (61)
191 : [424, 506, 586] (62)
192 : [55, 119, 257, 334] (59)
193 : [244, 279, 431, 578] (56)
194 : [90, 325, 363, 666] (60)
195 : [4, 274, 459, 686] (51)
196 : [552, 642, 701] (52)
197 : [20, 64, 261, 369, 564, 756] (52)
198 : [328, 479, 797] (60)
199 : [61, 258, 525, 603, 614, 680] (50)
200 : [373, 657, 773] (55)
201 : [243, 553, 753, 795] (50)
202 : [] (0)
203 : [] (0)
