Name: 800-40-60
Time: 18.936119318008423 
Result: 12067
Solution:  13 58 190 108 196 142 115 185 174 186 23 125 114 77 147 173 24 164 60 84 194 35 131 123 135 184 87 32 169 91 185 89 64 171 82 7 168 58 147 168 152 137 78 181 25 102 52 104 124 47 153 116 144 140 146 196 39 11 26 10 179 197 107 105 199 60 65 133 31 58 123 53 85 170 70 76 64 157 147 12 20 168 150 158 169 157 15 131 130 145 194 2 49 78 55 65 107 152 169 5 133 112 170 47 163 112 188 110 12 48 162 2 18 4 185 39 46 132 147 192 23 152 131 106 6 109 40 113 70 121 147 23 153 140 4 112 58 11 117 42 10 43 83 135 143 148 86 88 138 72 155 139 20 43 175 28 68 3 126 180 75 170 39 35 30 107 134 79 96 127 21 90 131 92 130 38 35 75 138 33 169 133 125 151 34 181 5 38 76 88 165 56 93 100 176 164 47 180 104 183 140 178 45 183 100 42 145 128 59 14 79 12 146 136 104 105 156 142 94 44 15 145 118 149 112 159 154 45 96 93 67 152 15 69 71 179 22 10 80 159 8 80 82 200 192 43 52 99 40 90 75 49 33 162 111 26 106 193 201 184 108 196 184 128 156 148 139 102 76 56 127 87 62 41 195 167 134 103 53 194 172 61 124 174 62 130 49 132 115 92 90 81 14 52 154 189 22 76 134 103 44 176 78 134 69 169 117 165 145 58 48 35 183 69 8 134 26 73 55 182 154 153 67 70 55 194 122 49 198 126 50 20 85 12 193 19 32 63 190 3 94 97 44 15 36 181 177 161 169 43 131 29 119 182 80 91 63 141 87 89 105 67 46 195 172 165 177 59 109 197 5 61 72 201 144 118 47 91 17 69 33 70 163 38 173 87 168 122 135 125 136 117 175 64 66 7 5 129 94 26 28 12 95 73 20 68 187 55 27 176 27 41 71 173 53 25 157 168 28 114 10 48 112 190 191 178 127 188 191 39 133 193 96 163 34 158 58 95 55 155 71 50 141 22 113 143 138 160 148 98 8 73 21 142 76 159 64 152 140 195 175 44 160 160 5 167 136 63 151 83 96 65 119 80 154 104 96 174 67 198 120 88 115 114 70 105 57 114 25 172 17 6 169 106 83 39 56 24 29 38 7 85 102 30 125 87 192 72 164 149 67 99 106 11 93 120 43 50 189 69 25 153 97 81 6 200 114 146 188 100 117 12 89 126 123 14 74 79 116 101 186 2 123 36 96 57 170 38 161 125 116 41 198 201 58 22 166 152 20 177 101 162 144 87 196 28 9 8 78 181 136 149 140 119 2 40 32 155 190 25 57 172 7 95 24 183 189 180 184 29 191 35 171 61 110 18 19 21 164 118 49 178 12 199 100 2 185 176 74 128 82 54 99 17 199 14 161 62 73 106 184 176 50 77 84 17 27 178 83 48 178 28 125 48 135 52 94 32 33 141 101 129 197 13 121 150 50 9 34 135 54 150 161 179 159 66 2 200 95 20 61 159 189 84 158 31 194 35 132 121 184 139 76 124 138 84 42 151 145 144 199 48 160 142 116 10 195 122 128 107 154 111 44 105 100 188 167 29 115 77 98 195 109 30 105 10 87 187 86 13 77 138 180 159 35 12 33 166 107 101 61 87 80 21 170 125 108 165 122 62 171 156 50 20 89 166 120 126 57 130 137 88 151 92 186 119 40 140 187 82 108 117 69 200 165 54 197 182 77 46 66 76 97 3 91 42 9 164 59 68 14 129 94 199 30 18 109 35 143 158 33 188 36 31 77 122 193 119 91 43 60 5 96 21 68 201 148 199 111 49
0 : [] (0)
1 : [] (0)
2 : [91, 111, 541, 574, 605, 656] (44)
3 : [157, 339, 763] (40)
4 : [113, 134] (41)
5 : [99, 186, 370, 396, 464, 791] (40)
6 : [124, 491, 524] (43)
7 : [35, 395, 500, 582] (41)
8 : [240, 314, 450, 567] (42)
9 : [566, 647, 766] (40)
10 : [59, 140, 237, 420, 685, 705] (40)
11 : [57, 137, 513] (43)
12 : [79, 108, 211, 333, 401, 531, 602, 715] (40)
13 : [0, 643, 709] (51)
14 : [209, 292, 535, 615, 770] (45)
15 : [86, 220, 232, 343] (46)
16 : [] (0)
17 : [378, 490, 613, 625] (45)
18 : [112, 595, 775] (46)
19 : [335, 596] (43)
20 : [80, 152, 331, 404, 558, 659, 733] (40)
21 : [170, 452, 597, 723, 793] (41)
22 : [236, 296, 443, 555] (42)
23 : [10, 120, 131] (49)
24 : [16, 497, 584] (40)
25 : [44, 415, 488, 520, 579] (41)
26 : [58, 255, 316, 399] (44)
27 : [408, 410, 626] (51)
28 : [155, 400, 418, 565, 631] (40)
29 : [351, 498, 589, 697] (43)
30 : [164, 503, 703, 774] (45)
31 : [68, 665, 783] (48)
32 : [27, 336, 576, 637] (47)
33 : [179, 252, 380, 638, 716, 780] (44)
34 : [184, 434, 648] (46)
35 : [21, 163, 176, 311, 591, 667, 714, 777] (49)
36 : [344, 543, 782] (46)
37 : [] (0)
38 : [175, 187, 383, 499, 547] (47)
39 : [56, 115, 162, 429, 495] (46)
40 : [126, 248, 575, 746] (49)
41 : [273, 411, 551] (45)
42 : [139, 205, 676, 765] (52)
43 : [141, 153, 245, 349, 516, 789] (46)
44 : [219, 300, 342, 461, 692] (45)
45 : [202, 227] (60)
46 : [116, 362, 759] (48)
47 : [49, 103, 196, 376] (50)
48 : [109, 310, 421, 629, 633, 681] (54)
49 : [92, 251, 286, 327, 600, 799] (54)
50 : [330, 441, 517, 622, 646, 732] (48)
51 : [] (0)
52 : [46, 246, 293, 635] (42)
53 : [71, 278, 414] (42)
54 : [611, 650, 755] (46)
55 : [94, 318, 324, 407, 438] (44)
56 : [191, 269, 496] (44)
57 : [486, 545, 580, 738] (48)
58 : [1, 37, 69, 136, 309, 436, 554] (45)
59 : [208, 367, 768] (46)
60 : [18, 65, 790] (45)
61 : [281, 371, 593, 660, 720] (50)
62 : [272, 284, 617, 729] (45)
63 : [337, 356, 467] (52)
64 : [32, 76, 393, 456] (52)
65 : [66, 95, 471] (49)
66 : [394, 655, 760] (47)
67 : [230, 322, 361, 478, 510] (45)
68 : [156, 405, 769, 794] (45)
69 : [233, 304, 313, 379, 519, 752] (46)
70 : [74, 128, 323, 381, 484] (45)
71 : [234, 412, 440] (47)
72 : [149, 372, 507] (48)
73 : [317, 403, 451, 618] (45)
74 : [536, 608] (45)
75 : [160, 177, 250] (48)
76 : [75, 188, 268, 297, 454, 672, 761] (46)
77 : [13, 623, 699, 710, 758, 784] (47)
78 : [42, 93, 302, 568] (46)
79 : [167, 210, 537] (47)
80 : [238, 241, 354, 473, 722] (46)
81 : [291, 523] (54)
82 : [34, 242, 610, 749] (49)
83 : [142, 469, 494, 628] (49)
84 : [19, 624, 663, 675] (50)
85 : [72, 332, 501] (49)
86 : [146, 708] (51)
87 : [26, 271, 358, 385, 505, 563, 706, 721] (48)
88 : [147, 189, 481, 741] (57)
89 : [31, 359, 532, 734] (48)
90 : [171, 249, 290] (51)
91 : [29, 355, 377, 764, 788] (45)
92 : [173, 289, 743] (46)
93 : [192, 229, 514] (45)
94 : [218, 340, 398, 636, 772] (46)
95 : [402, 437, 583, 658] (46)
96 : [168, 228, 432, 470, 476, 544, 792] (48)
97 : [341, 522, 762] (61)
98 : [449, 700] (51)
99 : [247, 511, 612] (52)
100 : [193, 204, 529, 604, 694] (53)
101 : [539, 560, 640, 719] (51)
102 : [45, 267, 502] (51)
103 : [277, 299] (48)
104 : [47, 198, 214, 475] (49)
105 : [63, 215, 360, 485, 693, 704] (47)
106 : [123, 256, 493, 512, 619] (47)
107 : [62, 96, 165, 689, 718] (49)
108 : [3, 260, 726, 750] (48)
109 : [125, 368, 702, 776] (49)
110 : [107, 594] (56)
111 : [254, 691, 798] (51)
112 : [101, 105, 135, 224, 422] (50)
113 : [127, 444] (55)
114 : [12, 419, 483, 487, 526] (50)
115 : [6, 288, 482, 698] (49)
116 : [51, 538, 550, 684] (50)
117 : [138, 306, 391, 530, 751] (47)
118 : [222, 375, 599] (47)
119 : [352, 472, 573, 745, 787] (50)
120 : [480, 515, 736] (56)
121 : [129, 644, 669] (53)
122 : [326, 387, 687, 728, 785] (52)
123 : [23, 70, 534, 542] (50)
124 : [48, 282, 673] (53)
125 : [11, 182, 389, 504, 549, 632, 725] (48)
126 : [158, 329, 533, 737] (55)
127 : [169, 270, 426] (54)
128 : [207, 263, 609, 688] (53)
129 : [397, 641, 771] (53)
130 : [88, 174, 285, 739] (59)
131 : [22, 87, 122, 172, 350] (56)
132 : [117, 287, 668] (55)
133 : [67, 100, 181, 430] (61)
134 : [166, 276, 298, 303, 315] (53)
135 : [24, 143, 388, 634, 649] (52)
136 : [213, 390, 466, 570] (54)
137 : [41, 740] (58)
138 : [148, 178, 446, 674, 711] (55)
139 : [151, 266, 671] (49)
140 : [53, 133, 200, 458, 572, 747] (50)
141 : [357, 442, 639] (51)
142 : [5, 217, 453, 683] (51)
143 : [144, 445, 778] (50)
144 : [52, 374, 562, 679] (52)
145 : [89, 206, 221, 308, 678] (49)
146 : [54, 212, 527] (56)
147 : [14, 38, 78, 118, 130] (49)
148 : [145, 265, 448, 796] (48)
149 : [223, 509, 571] (49)
150 : [82, 645, 651] (51)
151 : [183, 468, 677, 742] (50)
152 : [40, 97, 121, 231, 457, 557] (52)
153 : [50, 132, 321, 521] (54)
154 : [226, 294, 320, 474, 690] (60)
155 : [150, 439, 577] (61)
156 : [216, 264, 731] (60)
157 : [77, 85, 416] (57)
158 : [83, 435, 664, 779] (62)
159 : [225, 239, 455, 654, 661, 713] (60)
160 : [447, 462, 463, 682] (60)
161 : [347, 548, 616, 652] (57)
162 : [110, 253, 561] (59)
163 : [104, 382, 433] (56)
164 : [17, 195, 508, 598, 767] (56)
165 : [190, 307, 365, 727, 754] (55)
166 : [556, 717, 735] (59)
167 : [275, 465, 696] (59)
168 : [36, 39, 81, 386, 417] (56)
169 : [28, 84, 98, 180, 305, 348, 492] (56)
170 : [73, 102, 161, 546, 724] (58)
171 : [33, 592, 730] (59)
172 : [280, 364, 489, 581] (57)
173 : [15, 384, 413] (60)
174 : [8, 283, 477] (57)
175 : [154, 392, 460] (59)
176 : [194, 301, 409, 607, 621] (59)
177 : [346, 366, 559] (60)
178 : [201, 425, 601, 627, 630] (56)
179 : [60, 235, 653] (56)
180 : [159, 197, 587, 712] (55)
181 : [43, 185, 345, 569] (56)
182 : [319, 353, 757] (54)
183 : [199, 203, 312, 585] (60)
184 : [25, 259, 262, 588, 620, 670] (56)
185 : [7, 30, 114, 606] (58)
186 : [9, 540, 744] (58)
187 : [406, 707, 748] (54)
188 : [106, 427, 528, 695, 781] (54)
189 : [295, 518, 586, 662] (58)
190 : [2, 338, 423, 578] (57)
191 : [424, 428, 590] (59)
192 : [119, 244, 506] (57)
193 : [257, 334, 431, 786] (60)
194 : [20, 90, 279, 325, 666] (50)
195 : [274, 363, 459, 686, 701] (52)
196 : [4, 55, 261, 564] (57)
197 : [61, 369, 642, 756] (53)
198 : [328, 479, 552] (67)
199 : [64, 603, 614, 680, 773, 797] (55)
200 : [243, 525, 657, 753] (54)
201 : [258, 373, 553, 795] (56)
202 : [] (0)
203 : [] (0)
