Name: 800-40-60
Time: 18.948658227920532 
Result: 15063
Solution:  13 57 191 107 197 142 115 187 172 185 25 125 113 77 147 173 23 164 61 81 197 34 131 123 135 185 86 32 173 93 186 89 64 168 86 8 166 58 148 167 150 140 80 180 26 100 52 104 125 49 153 115 147 141 144 194 42 10 26 9 179 201 108 104 197 60 65 135 33 60 124 55 84 170 71 75 64 158 151 11 22 169 152 156 169 155 15 131 130 145 194 2 47 81 56 65 108 152 172 7 134 110 169 48 163 111 188 111 12 50 162 2 19 4 184 38 46 133 148 192 23 152 130 106 10 112 40 113 67 119 147 24 152 141 4 110 59 12 117 44 12 43 83 135 146 149 84 88 139 73 157 138 19 41 174 28 68 3 127 178 75 169 39 36 30 108 132 79 98 128 19 90 128 92 131 36 37 74 138 33 168 134 119 151 32 182 5 39 75 88 165 57 94 101 176 166 49 178 102 183 139 179 45 181 102 41 141 128 59 14 79 15 146 136 106 105 153 142 95 44 15 145 116 150 111 159 155 45 98 93 64 151 14 69 72 179 22 11 78 160 7 80 82 201 193 42 54 100 40 91 76 49 34 163 112 27 106 192 200 184 108 199 184 127 155 148 139 101 78 57 126 87 61 42 195 166 132 103 53 192 171 62 124 176 61 129 51 132 113 92 89 83 14 52 156 188 24 75 130 103 43 176 73 132 68 168 118 166 145 59 49 33 183 70 6 134 25 74 55 181 151 154 67 69 55 194 126 48 196 126 51 24 84 12 192 20 32 63 191 3 92 98 43 14 38 181 178 159 173 41 131 31 121 182 80 90 64 142 89 87 105 68 44 195 173 164 176 60 109 199 9 62 72 201 144 118 43 93 16 69 33 71 162 39 171 87 165 123 136 125 137 118 178 65 68 7 4 129 96 27 27 11 95 75 22 67 188 55 26 176 28 43 70 174 53 24 159 164 26 114 12 48 109 189 190 177 125 189 190 38 133 193 97 161 34 158 59 91 55 154 72 49 138 21 114 143 138 162 146 101 8 72 19 143 75 157 63 153 142 195 175 46 165 160 6 167 136 63 150 80 98 66 119 80 155 103 95 170 70 198 120 88 115 113 70 107 55 114 22 172 18 8 171 105 83 42 57 23 30 37 6 85 102 29 120 87 191 71 163 150 69 97 108 10 93 120 44 50 191 69 26 153 96 77 3 199 118 146 189 99 117 16 89 129 122 11 74 79 116 97 186 2 123 36 96 54 172 39 161 123 116 37 198 200 60 21 165 152 22 175 100 161 143 89 196 27 9 8 80 182 137 149 139 119 2 40 31 154 193 26 59 176 6 95 24 183 189 180 183 31 190 36 174 66 110 19 16 18 163 117 47 177 12 198 102 3 185 174 73 127 82 54 99 15 199 16 162 62 75 106 184 173 51 80 86 15 28 177 80 49 177 24 126 46 134 51 94 30 32 139 101 129 196 15 121 150 51 9 35 135 53 148 160 176 159 66 4 199 96 18 61 161 186 84 158 29 194 36 131 122 180 139 78 124 134 86 42 153 145 144 200 46 159 141 112 8 195 119 130 104 154 111 46 104 97 186 167 27 115 78 98 197 108 30 107 7 87 187 85 13 76 137 180 156 33 11 33 164 105 104 62 87 81 20 169 128 109 167 121 61 172 157 52 20 91 166 122 123 56 130 137 88 149 90 187 119 40 137 185 82 108 119 67 198 165 56 199 181 78 47 66 76 99 2 94 46 14 164 59 69 18 127 93 200 30 21 111 35 143 158 34 189 37 31 80 121 192 117 93 43 58 3 96 16 70 200 147 197 107 50
0 : [] (0)
1 : [] (0)
2 : [91, 111, 541, 574, 763] (44)
3 : [157, 339, 524, 605, 791] (44)
4 : [113, 134, 396, 656] (56)
5 : [186] (4)
6 : [314, 464, 500, 582] (45)
7 : [99, 240, 395, 705] (42)
8 : [35, 450, 491, 567, 685] (40)
9 : [59, 370, 566, 647] (43)
10 : [57, 124, 513] (53)
11 : [79, 237, 401, 535, 715] (46)
12 : [108, 137, 140, 333, 420, 602] (44)
13 : [0, 709] (45)
14 : [209, 232, 292, 343, 766] (45)
15 : [86, 211, 220, 613, 625, 643] (48)
16 : [378, 531, 596, 615, 793] (40)
17 : [] (0)
18 : [490, 597, 659, 770] (41)
19 : [112, 152, 170, 452, 595] (46)
20 : [335, 723, 733] (47)
21 : [443, 555, 775] (47)
22 : [80, 236, 404, 488, 558] (44)
23 : [16, 120, 497] (40)
24 : [131, 296, 331, 415, 584, 631] (41)
25 : [10, 316] (45)
26 : [44, 58, 408, 418, 520, 579] (40)
27 : [255, 399, 400, 565, 697] (49)
28 : [155, 410, 626] (48)
29 : [503, 665] (42)
30 : [164, 498, 637, 703, 774] (42)
31 : [351, 576, 589, 783] (42)
32 : [27, 184, 336, 638] (44)
33 : [68, 179, 311, 380, 714, 716] (40)
34 : [21, 252, 434, 780] (42)
35 : [648, 777] (40)
36 : [163, 175, 543, 591, 667] (39)
37 : [176, 499, 551, 782] (41)
38 : [115, 344, 429] (44)
39 : [162, 187, 383, 547] (43)
40 : [126, 248, 575, 746] (49)
41 : [153, 205, 349] (44)
42 : [56, 245, 273, 495, 676] (40)
43 : [141, 300, 342, 376, 411, 789] (41)
44 : [139, 219, 362, 516] (43)
45 : [202, 227] (60)
46 : [116, 461, 633, 681, 692, 765] (41)
47 : [92, 600, 759] (40)
48 : [103, 327, 421] (52)
49 : [49, 196, 251, 310, 441, 629] (37)
50 : [109, 517, 799] (44)
51 : [286, 330, 622, 635, 646] (43)
52 : [46, 293, 732] (43)
53 : [278, 414, 650] (49)
54 : [246, 545, 611] (40)
55 : [71, 318, 324, 407, 438, 486] (44)
56 : [94, 738, 755] (47)
57 : [1, 191, 269, 496] (47)
58 : [37, 790] (44)
59 : [136, 208, 309, 436, 580, 768] (46)
60 : [65, 69, 367, 554] (44)
61 : [18, 272, 284, 660, 729] (46)
62 : [281, 371, 617, 720] (47)
63 : [337, 456, 467] (49)
64 : [32, 76, 230, 356] (49)
65 : [66, 95, 393] (49)
66 : [471, 593, 655, 760] (49)
67 : [128, 322, 405, 752] (48)
68 : [156, 304, 361, 394] (47)
69 : [233, 323, 379, 510, 519, 769] (47)
70 : [313, 412, 478, 484, 794] (47)
71 : [74, 381, 507] (47)
72 : [234, 372, 440, 451] (46)
73 : [149, 302, 608] (51)
74 : [177, 317, 536] (63)
75 : [75, 160, 188, 297, 403, 454, 618] (43)
76 : [250, 710, 761] (53)
77 : [13, 523] (50)
78 : [238, 268, 672, 699, 758] (44)
79 : [167, 210, 537] (47)
80 : [42, 241, 354, 469, 473, 568, 623, 628, 784] (43)
81 : [19, 93, 722] (49)
82 : [242, 610, 749] (47)
83 : [142, 291, 494] (50)
84 : [72, 146, 332, 663] (52)
85 : [501, 708] (50)
86 : [26, 34, 624, 675] (47)
87 : [271, 359, 385, 505, 706, 721] (45)
88 : [147, 189, 481, 741] (57)
89 : [31, 290, 358, 532, 563] (43)
90 : [171, 355, 743] (42)
91 : [249, 437, 734] (47)
92 : [173, 289, 340] (46)
93 : [29, 229, 377, 514, 772, 788] (42)
94 : [192, 636, 764] (47)
95 : [218, 402, 476, 583] (47)
96 : [398, 522, 544, 658, 792] (48)
97 : [432, 511, 539, 694] (51)
98 : [168, 228, 341, 470, 700] (49)
99 : [529, 612, 762] (53)
100 : [45, 247, 560] (57)
101 : [193, 267, 449, 640] (58)
102 : [198, 204, 502, 604] (54)
103 : [277, 299, 475] (56)
104 : [47, 63, 689, 693, 719] (54)
105 : [215, 360, 493, 718] (52)
106 : [123, 214, 256, 619] (52)
107 : [3, 485, 704, 798] (54)
108 : [62, 96, 165, 260, 512, 702, 750] (48)
109 : [368, 422, 726] (52)
110 : [101, 135, 594] (48)
111 : [105, 107, 224, 691, 776] (47)
112 : [125, 254, 684] (48)
113 : [12, 127, 288, 483] (49)
114 : [419, 444, 487] (50)
115 : [6, 51, 482, 698] (47)
116 : [222, 538, 550] (46)
117 : [138, 530, 599, 787] (45)
118 : [306, 375, 391, 526] (40)
119 : [129, 182, 472, 573, 687, 745, 751] (54)
120 : [480, 504, 515] (52)
121 : [352, 644, 728, 785] (53)
122 : [534, 669, 736] (53)
123 : [23, 387, 542, 549, 737] (51)
124 : [70, 282, 673] (51)
125 : [11, 48, 389, 426] (52)
126 : [270, 326, 329, 632] (58)
127 : [158, 263, 609, 771] (59)
128 : [169, 172, 207, 725] (58)
129 : [285, 397, 533, 641] (59)
130 : [88, 122, 298, 688, 739] (57)
131 : [22, 87, 174, 350, 668] (60)
132 : [166, 276, 287, 303] (51)
133 : [117, 430] (50)
134 : [100, 181, 315, 634, 674] (60)
135 : [24, 67, 143, 649] (49)
136 : [213, 388, 466] (54)
137 : [390, 570, 711, 740, 747] (52)
138 : [151, 178, 442, 446] (53)
139 : [148, 200, 266, 572, 639, 671] (49)
140 : [41] (49)
141 : [53, 133, 206, 683] (48)
142 : [5, 217, 357, 458] (48)
143 : [445, 453, 562, 778] (49)
144 : [54, 374, 679] (47)
145 : [89, 221, 308, 678] (48)
146 : [144, 212, 448, 527] (58)
147 : [14, 52, 130, 796] (59)
148 : [38, 118, 265, 651] (56)
149 : [145, 571, 742] (55)
150 : [40, 223, 468, 509, 645] (57)
151 : [78, 183, 231, 320] (57)
152 : [82, 97, 121, 132, 557] (54)
153 : [50, 216, 457, 521, 677] (58)
154 : [321, 439, 577, 690] (55)
155 : [85, 226, 264, 474] (56)
156 : [83, 294, 713] (59)
157 : [150, 455, 731] (58)
158 : [77, 435, 664, 779] (62)
159 : [225, 347, 416, 654, 682] (59)
160 : [239, 463, 652] (60)
161 : [433, 548, 561, 661] (62)
162 : [110, 382, 447, 616] (59)
163 : [104, 253, 508, 598] (57)
164 : [17, 365, 417, 717, 767] (56)
165 : [190, 386, 462, 556, 754] (60)
166 : [36, 195, 275, 307, 735] (59)
167 : [39, 465, 696, 727] (59)
168 : [33, 180, 305] (59)
169 : [81, 84, 102, 161, 724] (58)
170 : [73, 477] (59)
171 : [280, 384, 492] (59)
172 : [8, 98, 489, 546, 730] (56)
173 : [15, 28, 348, 364, 621] (56)
174 : [154, 413, 592, 607] (55)
175 : [460, 559] (55)
176 : [194, 283, 301, 366, 409, 581, 653] (50)
177 : [425, 601, 627, 630] (49)
178 : [159, 197, 346, 392] (55)
179 : [60, 201, 235] (60)
180 : [43, 587, 670, 712] (53)
181 : [203, 319, 345, 757] (60)
182 : [185, 353, 569] (55)
183 : [199, 312, 585, 588] (58)
184 : [114, 259, 262, 620] (57)
185 : [9, 25, 606, 748] (57)
186 : [30, 540, 662, 695] (56)
187 : [7, 707, 744] (57)
188 : [106, 295, 406] (56)
189 : [423, 427, 528, 586, 781] (56)
190 : [424, 428, 590] (59)
191 : [2, 338, 506, 518] (56)
192 : [119, 257, 279, 334, 786] (55)
193 : [244, 431, 578] (55)
194 : [55, 90, 325, 666] (59)
195 : [274, 363, 459, 686] (51)
196 : [328, 564, 642] (59)
197 : [4, 20, 64, 701, 797] (51)
198 : [479, 552, 603, 753] (54)
199 : [261, 369, 525, 614, 657, 756] (59)
200 : [258, 553, 680, 773, 795] (58)
201 : [61, 243, 373] (52)
202 : [] (0)
203 : [] (0)
