Name: 800-50-80
Time: 18.614943504333496 
Result: 80
Solution:  113 31 16 78 114 87 124 6 115 120 48 27 117 86 42 17 9 16 36 28 23 103 38 71 14 78 112 98 65 6 68 71 13 49 50 67 45 123 17 71 120 112 14 10 23 75 81 123 80 36 84 62 106 60 24 38 65 89 56 113 92 18 110 76 57 96 10 39 115 16 69 106 52 102 99 57 47 125 48 7 84 109 62 49 126 38 99 87 102 60 112 108 40 45 36 44 125 45 113 72 13 97 80 121 112 96 102 99 66 18 106 95 104 16 68 69 40 107 72 26 105 124 57 34 30 82 54 83 19 54 49 48 50 35 90 113 10 4 44 62 81 5 9 30 111 65 55 65 110 91 69 26 92 122 102 114 73 98 73 35 99 44 70 59 75 80 82 62 117 15 110 64 76 114 86 99 56 75 84 30 19 35 104 126 93 79 51 25 124 13 27 98 17 119 12 110 121 99 57 58 111 41 78 67 5 5 52 98 89 29 81 66 100 120 87 118 50 23 85 73 86 31 46 29 108 122 10 114 70 47 81 14 39 11 4 11 92 114 7 36 89 25 98 71 71 67 66 75 18 49 58 111 67 32 63 116 111 12 41 9 73 116 101 50 115 64 66 102 73 126 104 21 49 98 97 28 121 94 3 97 10 47 62 77 95 65 76 98 40 49 103 122 46 40 78 60 34 80 118 61 121 91 84 24 118 101 123 12 25 5 36 12 123 19 27 119 79 19 123 87 100 3 38 35 23 21 89 95 117 92 124 65 85 126 101 56 52 54 44 9 6 94 115 111 124 82 44 39 92 102 113 111 45 28 104 45 59 77 28 18 3 31 103 3 56 99 104 59 59 27 60 40 87 22 7 48 100 88 94 9 16 72 54 27 35 20 112 62 53 26 30 6 68 119 47 16 86 78 14 108 101 61 73 110 88 65 59 112 72 44 4 71 4 71 99 88 25 21 122 55 25 50 111 17 76 116 46 60 102 3 116 27 60 61 9 71 44 59 85 74 42 96 82 43 76 14 21 105 98 77 12 109 120 16 94 30 108 53 98 79 92 46 23 98 74 97 89 3 44 119 8 105 17 6 75 72 15 33 125 116 12 125 97 57 42 53 127 4 61 126 40 47 63 22 43 113 71 55 72 67 34 120 70 107 54 40 84 120 90 32 81 85 83 74 127 12 40 105 45 35 13 33 10 16 5 88 82 36 42 117 89 48 64 73 125 77 10 80 80 22 64 24 41 74 35 31 4 42 39 28 117 103 78 37 53 22 119 50 74 100 14 109 36 35 25 68 25 48 110 85 94 21 29 79 54 113 93 75 89 81 102 72 12 43 77 108 20 82 97 38 115 51 90 106 60 52 114 83 34 107 4 51 18 63 91 31 33 97 58 64 77 112 16 27 117 67 56 80 79 86 34 115 31 65 126 97 103 120 92 122 54 95 36 16 108 100 90 124 66 109 93 78 41 76 118 28 70 70 124 122 23 35 109 122 28 69 82 113 88 75 106 97 90 17 64 86 82 56 33 83 18 113 64 27 18 101 65 86 61 81 52 107 93 118 24 38 93 92 96 48 44 103 56 83 88 29 91 106 77 55 6 106 108 107 32 27 54 105 103 83 81 113 102 97 24 26 11 57 44 62 66 11 72 15 66 12 106 89 89 87 51 66 109 8 74 116 71 90 113 95 37 37 87 97 3 37 61 61 39 58 70 50 33 69 32 49 90 25 72 91 98 117 57 83 6 121 113 93 6 24 99 79 33 22 6 48 34 19 14 124 42 44 80 43 17 8 20 80 107 23 8 64 94 35 69 93 84 105 125 107
0 : [] (0)
1 : [] (0)
2 : [] (0)
3 : [278, 321, 360, 363, 429, 467, 744] (51)
4 : [137, 234, 410, 412, 487, 546, 600] (50)
5 : [141, 204, 205, 309, 524] (50)
6 : [7, 29, 340, 391, 473, 700, 764, 768, 774] (50)
7 : [79, 238, 374] (52)
8 : [470, 733, 785, 790] (50)
9 : [16, 142, 259, 339, 379, 434] (54)
10 : [43, 66, 136, 226, 280, 522, 536] (53)
11 : [233, 235, 716, 721] (53)
12 : [194, 257, 307, 311, 450, 480, 515, 582, 725] (51)
13 : [32, 100, 189, 520] (51)
14 : [24, 42, 231, 398, 445, 560, 778] (53)
15 : [169, 476, 723] (54)
16 : [2, 17, 69, 113, 380, 395, 453, 523, 612, 633] (50)
17 : [15, 38, 192, 423, 472, 663, 784] (53)
18 : [61, 109, 248, 359, 602, 670, 674] (54)
19 : [128, 180, 313, 317, 777] (54)
20 : [385, 586, 786] (55)
21 : [271, 325, 417, 446, 571] (53)
22 : [373, 493, 539, 555, 773] (54)
23 : [20, 44, 217, 324, 462, 650, 789] (55)
24 : [54, 303, 541, 684, 714, 769] (56)
25 : [187, 241, 308, 416, 420, 564, 566, 757] (55)
26 : [119, 151, 389, 715] (56)
27 : [11, 190, 314, 369, 383, 431, 613, 673, 705] (54)
28 : [19, 275, 353, 358, 549, 645, 654] (58)
29 : [209, 223, 572, 695] (56)
30 : [124, 143, 179, 390, 455] (61)
31 : [1, 221, 361, 545, 605, 622] (60)
32 : [253, 509, 704, 754] (64)
33 : [477, 521, 606, 668, 752, 772] (63)
34 : [123, 296, 500, 598, 620, 776] (59)
35 : [133, 159, 181, 323, 384, 519, 544, 563, 651, 793] (55)
36 : [18, 49, 94, 239, 310, 527, 562, 632] (55)
37 : [553, 740, 741, 745] (57)
38 : [22, 55, 85, 322, 589, 685] (57)
39 : [67, 232, 347, 548, 748] (56)
40 : [92, 116, 288, 293, 371, 490, 505, 516] (57)
41 : [201, 258, 542, 642] (67)
42 : [14, 440, 484, 528, 547, 780] (57)
43 : [443, 494, 583, 783] (60)
44 : [95, 138, 161, 338, 346, 409, 436, 468, 690, 718, 781] (58)
45 : [36, 93, 97, 352, 355, 518] (59)
46 : [222, 292, 426, 461] (61)
47 : [76, 229, 281, 394, 491] (62)
48 : [10, 78, 131, 375, 531, 567, 689, 775] (61)
49 : [33, 83, 130, 249, 272, 289, 755] (60)
50 : [34, 132, 216, 263, 421, 557, 751] (61)
51 : [186, 591, 601, 730] (64)
52 : [72, 206, 336, 595, 680] (63)
53 : [388, 457, 485, 554] (63)
54 : [126, 129, 337, 382, 504, 574, 630, 706] (64)
55 : [146, 419, 497, 699] (66)
56 : [58, 176, 335, 364, 616, 667, 692] (62)
57 : [64, 75, 122, 198, 483, 717, 762] (61)
58 : [199, 250, 608, 749] (62)
59 : [163, 356, 367, 368, 406, 437] (63)
60 : [53, 89, 295, 370, 427, 432, 594] (64)
61 : [299, 401, 433, 488, 678, 746, 747] (64)
62 : [51, 82, 139, 167, 282, 387, 719] (64)
63 : [254, 492, 603] (64)
64 : [171, 265, 532, 540, 609, 664, 672, 791] (64)
65 : [28, 56, 145, 147, 285, 331, 405, 623, 676] (65)
66 : [108, 211, 246, 266, 638, 720, 724, 731] (64)
67 : [35, 203, 245, 252, 499, 615] (66)
68 : [30, 114, 392, 565] (67)
69 : [70, 115, 150, 655, 753, 794] (67)
70 : [162, 228, 502, 646, 647, 750] (66)
71 : [23, 31, 39, 243, 244, 411, 413, 435, 496, 736] (68)
72 : [99, 118, 381, 408, 475, 498, 581, 722, 758] (67)
73 : [156, 158, 219, 260, 268, 402, 533] (66)
74 : [439, 464, 513, 543, 558, 734] (68)
75 : [45, 164, 177, 247, 474, 577, 659] (67)
76 : [63, 172, 286, 424, 444, 643] (67)
77 : [283, 357, 449, 535, 584, 610, 698] (67)
78 : [3, 25, 202, 294, 397, 552, 641] (68)
79 : [185, 316, 459, 573, 618, 771] (71)
80 : [48, 102, 165, 297, 537, 538, 617, 782, 787] (70)
81 : [46, 140, 210, 230, 510, 579, 679, 710] (72)
82 : [125, 166, 345, 442, 526, 587, 656, 666] (72)
83 : [127, 512, 597, 669, 693, 709, 763] (72)
84 : [50, 80, 178, 302, 506, 796] (72)
85 : [218, 332, 438, 511, 569] (74)
86 : [13, 174, 220, 396, 619, 665, 677] (74)
87 : [5, 87, 214, 319, 372, 729, 742] (74)
88 : [377, 404, 415, 525, 658, 694] (78)
89 : [57, 208, 240, 326, 466, 530, 578, 727, 728] (76)
90 : [134, 508, 592, 636, 662, 737, 756] (77)
91 : [149, 301, 604, 696, 759] (80)
92 : [60, 152, 236, 329, 348, 460, 628, 687] (76)
93 : [184, 576, 640, 682, 686, 767, 795] (76)
94 : [277, 341, 378, 454, 570, 792] (74)
95 : [111, 284, 327, 631, 739] (73)
96 : [65, 105, 441, 688] (72)
97 : [101, 274, 279, 465, 482, 588, 607, 625, 661, 713, 743] (72)
98 : [27, 157, 191, 207, 242, 273, 287, 448, 458, 463, 760] (73)
99 : [74, 86, 107, 160, 175, 197, 365, 414, 770] (75)
100 : [212, 320, 376, 559, 635] (75)
101 : [262, 305, 334, 400, 675] (74)
102 : [73, 88, 106, 154, 267, 349, 428, 580, 712] (74)
103 : [21, 290, 362, 551, 626, 691, 708] (78)
104 : [112, 182, 270, 354, 366] (73)
105 : [120, 447, 471, 517, 707, 797] (73)
106 : [52, 71, 110, 593, 660, 697, 701, 726] (73)
107 : [117, 503, 599, 681, 703, 788, 799] (75)
108 : [91, 224, 399, 456, 585, 634, 702] (75)
109 : [81, 451, 561, 639, 652, 732] (75)
110 : [62, 148, 170, 195, 403, 568] (76)
111 : [144, 200, 251, 256, 343, 351, 422] (75)
112 : [26, 41, 90, 104, 386, 407, 611] (75)
113 : [0, 59, 98, 135, 350, 495, 575, 657, 671, 711, 738, 766] (74)
114 : [4, 155, 173, 227, 237, 596] (76)
115 : [8, 68, 264, 342, 590, 621] (76)
116 : [255, 261, 425, 430, 479, 735] (78)
117 : [12, 168, 328, 529, 550, 614, 761] (74)
118 : [215, 298, 304, 644, 683] (74)
119 : [193, 315, 393, 469, 556] (74)
120 : [9, 40, 213, 452, 501, 507, 627] (75)
121 : [103, 196, 276, 300, 765] (68)
122 : [153, 225, 291, 418, 629, 649, 653] (67)
123 : [37, 47, 306, 312, 318] (63)
124 : [6, 121, 188, 330, 344, 637, 648, 779] (63)
125 : [77, 96, 478, 481, 534, 798] (63)
126 : [84, 183, 269, 333, 489, 624] (62)
127 : [486, 514] (58)
128 : [] (0)
