Name: 800-20-30
Time: 19.062164545059204 
Result: 30
Solution:  66 23 44 38 46 6 63 90 81 125 43 4 104 33 126 124 44 79 43 34 69 118 112 29 3 24 85 4 10 40 109 48 91 92 38 47 100 70 49 63 102 16 22 86 24 37 25 32 50 64 51 122 132 135 108 37 105 109 71 137 62 45 3 106 112 73 88 27 84 131 33 65 23 129 5 60 126 84 125 43 44 72 5 39 138 21 50 95 93 106 123 68 36 82 91 52 67 107 58 57 36 74 109 5 52 104 119 59 60 2 63 24 11 67 98 13 61 60 29 20 137 59 51 141 64 139 67 75 67 111 128 22 112 126 134 19 36 80 9 47 108 60 57 131 128 15 48 113 40 121 43 21 101 25 41 56 138 14 102 23 85 26 124 46 32 41 135 122 65 31 140 60 127 17 129 86 115 115 8 31 127 112 115 138 107 130 82 83 128 69 53 139 84 38 46 121 127 116 79 75 30 90 121 12 3 20 129 20 44 105 20 107 139 114 107 72 97 75 106 115 59 137 73 66 139 71 86 61 32 103 103 133 69 47 89 128 141 119 100 60 34 96 97 54 80 53 140 53 102 126 25 14 95 124 116 110 75 107 81 20 57 39 56 55 83 118 24 15 16 67 133 13 46 135 45 37 9 49 98 92 122 50 65 136 20 34 34 97 83 7 118 84 10 81 119 70 72 106 80 117 21 55 86 114 104 135 20 52 87 108 124 68 51 77 42 92 111 76 17 98 109 105 132 17 101 141 9 98 136 126 86 11 134 78 42 105 85 30 99 111 95 104 64 114 121 119 78 81 115 42 82 49 97 26 23 109 53 49 82 10 127 17 54 18 6 43 91 64 68 128 35 102 108 119 113 40 63 116 27 55 96 88 135 6 118 54 130 36 38 36 138 108 116 65 94 101 79 62 42 91 90 60 36 50 62 133 125 128 4 123 73 107 115 70 126 37 6 60 10 50 71 20 131 118 79 67 48 53 50 125 81 112 123 132 116 9 59 35 33 131 115 82 139 39 40 18 76 27 132 72 88 53 80 12 81 77 36 70 124 42 39 81 91 33 110 56 85 85 136 53 100 44 60 59 15 37 88 63 60 21 118 27 45 14 91 79 83 78 118 10 120 103 96 8 14 119 2 103 53 80 35 124 32 76 99 133 73 87 93 81 56 88 11 133 102 26 74 89 131 123 93 95 22 17 121 12 19 84 105 61 89 46 134 38 19 95 29 73 26 89 53 55 127 77 74 89 61 83 102 7 109 30 127 51 64 74 57 123 119 3 90 115 138 34 137 16 13 2 110 27 43 83 90 119 100 56 49 88 138 99 58 102 70 63 47 41 89 121 102 10 30 69 57 72 132 90 39 21 110 44 24 29 110 7 25 61 113 41 134 117 78 10 92 46 125 11 78 78 130 140 130 101 134 91 13 100 72 134 26 126 110 93 4 79 107 26 97 107 10 53 51 17 68 125 6 69 32 45 12 22 66 123 43 48 94 121 89 91 29 75 47 52 51 113 43 45 19 58 100 65 31 15 94 69 122 114 73 42 65 97 77 31 13 108 30 141 68 117 22 52 68 71 120 17 113 134 69 3 22 106 137 131 140 99 90 71 106 103 131 9 60 129 140 117 133 39 77 99 5 2 96 64 66 58 98 105 129 48 51 132 45 7 118 113 33 42 96 67 31 55 51 81 92 120 12 62 23 85 7 9 5 91 70 116 76 96 29 84 75 54 138 98 42 110 79 76 54 34 72 87 92 7 17 140 98 135 120 57 8 16 94 108 38 62 65 79 34 3 112 3 31 40 105 101 122 18 87 59 11 93
0 : [] (0)
1 : [] (0)
2 : [109, 496, 567, 719] (20)
3 : [24, 62, 204, 559, 697, 787, 789] (20)
4 : [11, 27, 408, 632] (20)
5 : [74, 82, 103, 718, 750] (21)
6 : [5, 364, 383, 416, 644] (21)
7 : [289, 549, 603, 731, 748, 771] (20)
8 : [178, 493, 778] (20)
9 : [138, 276, 326, 435, 709, 749] (20)
10 : [28, 292, 359, 418, 489, 589, 611, 638] (20)
11 : [112, 331, 512, 615, 798] (20)
12 : [203, 453, 525, 648, 744] (22)
13 : [115, 271, 566, 624, 682] (23)
14 : [157, 251, 483, 494] (22)
15 : [145, 267, 474, 671] (22)
16 : [41, 268, 565, 779] (23)
17 : [173, 318, 323, 361, 523, 641, 693, 772] (23)
18 : [363, 445, 795] (23)
19 : [135, 526, 534, 666] (22)
20 : [119, 205, 207, 210, 259, 284, 306, 421] (22)
21 : [85, 151, 300, 479, 597] (20)
22 : [42, 131, 522, 649, 688, 698] (21)
23 : [1, 72, 159, 354, 746] (21)
24 : [25, 44, 111, 266, 600] (21)
25 : [46, 153, 250, 604] (26)
26 : [161, 353, 515, 538, 628, 635] (25)
27 : [67, 378, 447, 481, 569] (23)
28 : [] (0)
29 : [23, 118, 536, 601, 658, 756] (21)
30 : [200, 337, 551, 590, 684] (22)
31 : [169, 179, 670, 681, 738, 790] (20)
32 : [47, 164, 228, 502, 646] (21)
33 : [13, 70, 438, 463, 734] (21)
34 : [19, 240, 285, 286, 563, 767, 786] (20)
35 : [370, 437, 500] (21)
36 : [92, 100, 136, 387, 389, 402, 456] (21)
37 : [45, 55, 275, 415, 475] (21)
38 : [3, 34, 193, 388, 533, 782] (24)
39 : [83, 261, 443, 460, 596, 715] (24)
40 : [29, 148, 375, 444, 791] (24)
41 : [154, 165, 585, 607] (25)
42 : [314, 334, 349, 398, 459, 677, 735, 762] (23)
43 : [10, 18, 79, 150, 365, 570, 652, 664] (24)
44 : [2, 16, 80, 208, 471, 599] (23)
45 : [61, 274, 482, 647, 665, 730] (24)
46 : [4, 163, 194, 272, 531, 613] (24)
47 : [35, 139, 233, 584, 660] (24)
48 : [31, 146, 426, 653, 727] (24)
49 : [38, 277, 351, 357, 576] (23)
50 : [48, 86, 281, 403, 419, 428] (23)
51 : [50, 122, 312, 553, 640, 662, 728, 740] (22)
52 : [95, 104, 307, 661, 689] (21)
53 : [190, 245, 247, 356, 427, 451, 469, 498, 540, 639] (22)
54 : [243, 362, 385, 759, 766] (22)
55 : [263, 301, 379, 541, 739] (23)
56 : [155, 262, 465, 510, 575] (25)
57 : [99, 142, 260, 556, 592, 777] (25)
58 : [98, 580, 667, 723] (24)
59 : [107, 121, 220, 436, 473, 797] (24)
60 : [75, 108, 117, 141, 171, 239, 401, 417, 472, 478, 710] (23)
61 : [116, 227, 529, 546, 605] (23)
62 : [60, 397, 404, 745, 783] (25)
63 : [6, 39, 110, 376, 477, 583] (25)
64 : [49, 124, 342, 367, 554, 721] (23)
65 : [71, 168, 282, 393, 669, 678, 784] (24)
66 : [0, 223, 650, 722] (25)
67 : [96, 113, 126, 128, 269, 425, 737] (24)
68 : [91, 311, 368, 642, 686, 690] (24)
69 : [20, 189, 232, 591, 645, 673, 696] (24)
70 : [37, 295, 413, 457, 582, 752] (25)
71 : [58, 225, 420, 691, 705] (24)
72 : [81, 215, 296, 449, 593, 626, 768] (25)
73 : [65, 222, 410, 506, 537, 676] (24)
74 : [101, 516, 544, 555] (24)
75 : [127, 199, 217, 256, 659, 758] (27)
76 : [317, 446, 503, 754, 765] (24)
77 : [313, 455, 543, 680, 716] (24)
78 : [333, 346, 487, 610, 616, 617] (24)
79 : [17, 198, 396, 424, 485, 633, 764, 785] (24)
80 : [137, 244, 298, 452, 499] (24)
81 : [8, 258, 293, 347, 430, 454, 461, 509, 741] (25)
82 : [93, 186, 350, 358, 441] (25)
83 : [187, 264, 288, 486, 547, 571] (26)
84 : [68, 77, 192, 291, 527, 757] (25)
85 : [26, 160, 336, 466, 467, 747] (26)
86 : [43, 175, 226, 302, 330] (26)
87 : [308, 507, 769, 796] (26)
88 : [66, 381, 450, 476, 511, 577] (26)
89 : [234, 517, 530, 539, 545, 586, 656] (27)
90 : [7, 201, 400, 560, 572, 595, 704] (26)
91 : [32, 94, 366, 399, 462, 484, 623, 657, 751] (27)
92 : [33, 279, 315, 612, 742, 770] (27)
93 : [88, 508, 520, 631, 799] (28)
94 : [394, 654, 672, 780] (27)
95 : [87, 252, 340, 521, 535] (28)
96 : [241, 380, 492, 720, 736, 755] (27)
97 : [216, 242, 287, 352, 636, 679] (28)
98 : [114, 278, 319, 327, 724, 761, 774] (27)
99 : [338, 504, 579, 703, 717] (28)
100 : [36, 238, 470, 574, 625, 668] (28)
101 : [152, 324, 395, 621, 793] (29)
102 : [40, 158, 248, 371, 514, 548, 581, 588] (28)
103 : [229, 230, 491, 497, 707] (29)
104 : [12, 105, 304, 341] (27)
105 : [56, 209, 321, 335, 528, 725, 792] (27)
106 : [63, 89, 218, 297, 699, 706] (27)
107 : [97, 184, 211, 214, 257, 411, 634, 637] (27)
108 : [54, 140, 309, 372, 391, 683, 781] (27)
109 : [30, 57, 102, 320, 355, 550] (28)
110 : [255, 464, 568, 598, 602, 630, 763] (27)
111 : [129, 316, 339] (28)
112 : [22, 64, 132, 181, 431, 788] (27)
113 : [147, 374, 606, 663, 694, 733] (27)
114 : [213, 303, 343, 675] (27)
115 : [176, 177, 182, 219, 348, 412, 440, 561] (26)
116 : [197, 254, 377, 392, 434, 753] (29)
117 : [299, 609, 687, 713] (27)
118 : [21, 265, 290, 384, 423, 480, 488, 732] (28)
119 : [106, 237, 294, 345, 373, 495, 558, 573] (28)
120 : [490, 692, 743, 776] (29)
121 : [149, 195, 202, 344, 524, 587, 655] (29)
122 : [51, 167, 280, 674, 794] (28)
123 : [90, 409, 432, 519, 557, 651] (29)
124 : [15, 162, 253, 310, 458, 501] (29)
125 : [9, 78, 406, 429, 614, 643] (29)
126 : [14, 76, 133, 249, 329, 414, 629] (30)
127 : [172, 180, 196, 360, 542, 552] (29)
128 : [130, 144, 188, 235, 369, 407] (29)
129 : [73, 174, 206, 711, 726] (29)
130 : [185, 386, 618, 620] (30)
131 : [69, 143, 422, 439, 518, 701, 708] (29)
132 : [52, 322, 433, 448, 594, 729] (30)
133 : [231, 270, 405, 505, 513, 714] (30)
134 : [134, 332, 532, 608, 622, 627, 695] (30)
135 : [53, 166, 273, 305, 382, 775] (28)
136 : [283, 328, 468] (28)
137 : [59, 120, 221, 564, 700] (24)
138 : [84, 156, 183, 390, 562, 578, 760] (24)
139 : [125, 191, 212, 224, 442] (24)
140 : [170, 246, 619, 702, 712, 773] (25)
141 : [123, 236, 325, 685] (27)
142 : [] (0)
143 : [] (0)
