Name: 800-30-45
Time: 19.125160694122314 
Result: 45
Solution:  69 47 64 19 107 60 51 68 50 40 115 3 52 85 3 96 38 35 92 22 26 101 97 101 97 119 24 91 82 11 29 26 105 78 102 43 112 84 38 22 97 65 95 43 42 73 96 15 74 32 103 37 83 5 70 53 35 60 51 109 115 40 32 58 70 5 82 18 33 18 91 109 70 84 37 55 39 52 16 89 30 45 96 16 93 9 37 49 91 94 88 43 100 87 49 60 49 79 11 6 43 111 57 30 10 110 81 61 11 74 20 19 56 66 99 13 65 55 22 42 75 3 89 40 96 18 64 16 48 37 11 49 97 54 111 77 41 71 100 95 33 80 83 105 91 87 101 101 111 31 41 51 74 61 7 6 75 30 6 67 46 92 41 21 85 30 91 62 9 86 29 121 65 3 5 73 77 119 35 121 99 120 100 59 49 106 13 54 54 11 103 72 116 44 5 88 25 70 82 29 50 34 83 38 26 36 59 7 89 38 37 51 113 110 71 89 84 109 114 71 112 78 39 85 80 42 118 61 62 119 71 37 105 75 19 90 55 94 17 99 86 43 34 28 20 96 52 75 102 48 118 31 25 42 36 66 46 113 44 74 49 104 57 89 97 76 100 33 28 99 40 62 3 77 19 4 113 56 58 107 51 121 84 59 51 23 110 37 41 62 47 64 45 99 26 83 115 34 114 23 24 37 35 121 32 81 88 114 14 69 19 113 10 71 52 30 69 18 37 85 61 54 16 18 43 59 31 76 108 87 64 65 106 100 53 96 95 55 47 100 86 35 20 56 22 35 50 121 92 50 110 98 100 79 29 48 68 88 84 69 107 102 11 21 43 44 25 37 39 74 48 23 107 77 12 12 9 83 69 25 39 91 11 48 22 62 6 120 53 8 33 87 23 36 110 14 115 77 9 34 31 43 81 64 108 89 81 50 21 67 66 71 105 106 58 25 53 111 43 81 71 66 108 42 33 5 57 89 103 33 11 19 34 40 48 46 27 110 111 95 58 98 104 73 80 101 15 15 21 107 77 106 47 117 106 35 7 102 107 35 23 105 43 63 115 85 77 56 108 112 14 7 78 58 111 32 72 52 15 96 24 48 64 6 38 5 97 66 116 5 56 72 42 90 35 96 118 76 117 111 30 53 75 59 119 29 94 102 104 84 120 85 89 112 27 107 66 68 94 11 79 115 12 114 84 70 103 106 118 66 24 62 92 95 92 74 31 54 49 22 77 23 84 114 103 26 52 46 73 13 90 98 104 74 65 87 59 4 104 15 50 17 98 78 60 89 110 32 80 86 93 65 47 88 18 74 93 3 111 35 118 100 88 113 73 81 57 11 90 83 45 61 80 113 47 65 118 105 12 14 50 121 92 100 60 89 60 47 55 31 63 9 35 113 101 25 4 55 5 21 20 28 38 120 56 32 109 11 28 35 63 69 103 42 67 96 109 46 79 41 58 82 67 9 117 100 94 73 59 120 117 78 58 27 64 42 24 102 6 23 93 102 71 91 4 82 120 58 49 83 19 90 28 94 44 70 55 85 14 110 72 87 80 12 66 26 28 67 4 104 75 95 81 29 30 120 79 106 60 17 63 45 46 39 77 51 98 74 8 13 39 11 97 116 8 38 46 18 34 25 53 9 75 80 101 68 101 87 17 65 34 98 109 38 60 90 75 120 59 68 87 109 20 121 36 17 68 104 57 67 21 60 116 62 108 39 73 74 105 4 67 72 6 113 110 85 115 71 61 112 117 77 44 15 8 84 86 89 68 49 63 58 24 17 9 34 22 42 13 55 76 52 116 112 10 48 118 78 94 45
0 : [] (0)
1 : [] (0)
2 : [] (0)
3 : [11, 14, 121, 173, 272, 577] (32)
4 : [275, 557, 616, 664, 688, 759] (32)
5 : [53, 65, 174, 194, 425, 485, 489, 618] (31)
6 : [99, 155, 158, 386, 483, 658, 762] (30)
7 : [154, 207, 456, 471] (30)
8 : [389, 708, 714, 774] (32)
9 : [85, 168, 376, 398, 611, 643, 721, 784] (30)
10 : [104, 312, 794] (30)
11 : [29, 98, 108, 130, 189, 362, 382, 430, 519, 587, 627, 711] (30)
12 : [374, 375, 522, 598, 683] (30)
13 : [115, 186, 549, 709, 788] (32)
14 : [308, 395, 470, 599, 678] (31)
15 : [47, 446, 447, 478, 559, 773] (31)
16 : [78, 83, 127, 322] (31)
17 : [238, 561, 699, 728, 745, 783] (33)
18 : [67, 69, 125, 317, 323, 574, 717] (34)
19 : [3, 111, 234, 274, 310, 431, 670] (33)
20 : [110, 244, 342, 620, 742] (32)
21 : [163, 363, 408, 448, 619, 750] (32)
22 : [19, 39, 118, 344, 384, 539, 786] (31)
23 : [285, 299, 371, 392, 460, 541, 659] (32)
24 : [26, 300, 480, 530, 656, 782] (30)
25 : [196, 252, 366, 379, 415, 615, 719] (30)
26 : [20, 31, 204, 294, 545, 685] (30)
27 : [436, 514, 653] (31)
28 : [243, 268, 621, 628, 672, 686] (31)
29 : [30, 170, 199, 354, 505, 693] (35)
30 : [80, 103, 157, 165, 315, 500, 694] (33)
31 : [149, 251, 326, 400, 536, 609] (34)
32 : [49, 62, 304, 475, 567, 625] (35)
33 : [68, 140, 267, 390, 424, 429] (34)
34 : [201, 242, 297, 399, 432, 718, 730, 785] (34)
35 : [17, 56, 178, 302, 341, 345, 455, 459, 494, 579, 612, 629] (33)
36 : [205, 254, 393, 744] (37)
37 : [51, 74, 86, 129, 210, 231, 287, 301, 318, 367] (34)
38 : [16, 38, 203, 209, 484, 622, 715, 733] (36)
39 : [76, 222, 368, 380, 703, 710, 755] (35)
40 : [9, 61, 123, 270, 433] (38)
41 : [136, 150, 162, 288, 639] (34)
42 : [44, 119, 225, 253, 423, 492, 633, 655, 787] (35)
43 : [35, 43, 91, 100, 241, 324, 364, 401, 418, 462] (35)
44 : [193, 258, 365, 674, 772] (36)
45 : [81, 292, 590, 701, 799] (36)
46 : [160, 256, 435, 547, 637, 702, 716] (36)
47 : [1, 290, 338, 452, 572, 594, 607] (37)
48 : [128, 249, 355, 370, 383, 434, 481, 795] (36)
49 : [87, 94, 96, 131, 184, 260, 538, 668, 779] (37)
50 : [8, 200, 346, 349, 407, 560, 600] (37)
51 : [6, 58, 151, 211, 280, 284, 705] (38)
52 : [12, 77, 246, 314, 477, 546, 791] (37)
53 : [55, 334, 388, 416, 501, 720] (37)
54 : [133, 187, 188, 321, 537] (37)
55 : [75, 117, 236, 337, 608, 617, 676, 789] (37)
56 : [112, 277, 343, 467, 490, 624] (38)
57 : [102, 262, 426, 586, 748] (38)
58 : [63, 278, 414, 440, 473, 640, 652, 667, 781] (37)
59 : [183, 206, 283, 325, 503, 556, 648, 738] (36)
60 : [5, 57, 95, 564, 604, 606, 698, 734, 751] (37)
61 : [107, 153, 227, 320, 591, 768] (37)
62 : [167, 228, 271, 289, 385, 531, 753] (38)
63 : [463, 610, 630, 700, 780] (41)
64 : [2, 126, 291, 330, 403, 482, 654] (39)
65 : [41, 116, 172, 331, 554, 571, 595, 729] (39)
66 : [113, 255, 410, 421, 487, 516, 529, 684] (39)
67 : [159, 409, 634, 642, 687, 749, 760] (39)
68 : [7, 356, 517, 725, 739, 746, 778] (40)
69 : [0, 309, 316, 359, 378, 631] (38)
70 : [54, 64, 72, 197, 525, 675] (38)
71 : [137, 214, 219, 230, 313, 411, 420, 662, 767] (38)
72 : [191, 476, 491, 680, 761] (37)
73 : [45, 175, 443, 548, 584, 647, 756] (38)
74 : [48, 109, 152, 259, 369, 535, 553, 575, 707, 757] (38)
75 : [120, 156, 233, 247, 502, 690, 722, 736] (38)
76 : [265, 327, 497, 790] (42)
77 : [135, 176, 273, 373, 397, 450, 466, 540, 704, 771] (37)
78 : [33, 221, 472, 563, 651, 797] (39)
79 : [97, 353, 520, 638, 696] (39)
80 : [141, 224, 444, 568, 592, 682, 723] (39)
81 : [106, 305, 402, 406, 419, 585, 692] (40)
82 : [28, 66, 198, 641, 665] (41)
83 : [52, 142, 202, 295, 377, 589, 669] (40)
84 : [37, 73, 216, 282, 358, 509, 524, 542, 775] (40)
85 : [13, 164, 223, 319, 465, 511, 677, 765] (39)
86 : [169, 240, 340, 569, 776] (40)
87 : [93, 145, 329, 391, 555, 681, 727, 740] (41)
88 : [90, 195, 306, 357, 573, 582] (42)
89 : [79, 122, 208, 215, 263, 405, 427, 512, 565, 605, 777] (43)
90 : [235, 493, 550, 588, 671, 735] (45)
91 : [27, 70, 88, 144, 166, 381, 663] (44)
92 : [18, 161, 348, 532, 534, 602] (45)
93 : [84, 570, 576, 660] (45)
94 : [89, 237, 506, 518, 646, 673, 798] (45)
95 : [42, 139, 336, 439, 533, 691] (44)
96 : [15, 46, 82, 124, 245, 335, 479, 495, 635] (43)
97 : [22, 24, 40, 132, 264, 486, 712] (42)
98 : [351, 441, 551, 562, 706, 731] (41)
99 : [114, 180, 239, 269, 293] (44)
100 : [92, 138, 182, 266, 333, 339, 352, 581, 603, 645] (40)
101 : [21, 23, 146, 147, 445, 614, 724, 726] (41)
102 : [34, 248, 361, 457, 507, 657, 661] (41)
103 : [50, 190, 428, 526, 544, 632] (41)
104 : [261, 442, 508, 552, 558, 689, 747] (41)
105 : [32, 143, 232, 412, 461, 597, 758] (41)
106 : [185, 332, 413, 451, 454, 527, 697] (43)
107 : [4, 279, 360, 372, 449, 458, 515] (43)
108 : [328, 404, 422, 468, 754] (41)
109 : [59, 71, 217, 626, 636, 732, 741] (42)
110 : [105, 213, 286, 350, 394, 437, 566, 679, 764] (43)
111 : [101, 134, 148, 417, 438, 474, 499, 578] (42)
112 : [36, 220, 469, 513, 769, 793] (44)
113 : [212, 257, 276, 311, 583, 593, 613, 763] (42)
114 : [218, 298, 307, 523, 543] (43)
115 : [10, 60, 296, 396, 464, 521, 766] (44)
116 : [192, 488, 713, 752, 792] (41)
117 : [453, 498, 644, 650, 770] (43)
118 : [226, 250, 496, 528, 580, 596, 796] (41)
119 : [25, 177, 229, 504] (42)
120 : [181, 387, 510, 623, 649, 666, 695, 737] (37)
121 : [171, 179, 281, 303, 347, 601, 743] (33)
122 : [] (0)
123 : [] (0)
