Name: 800-20-30
Time: 19.14554715156555 
Result: 1030
Solution:  68 23 42 38 46 6 63 90 80 126 43 2 104 32 126 122 44 79 43 34 71 119 112 29 5 27 86 4 12 39 108 47 92 95 37 46 101 69 46 63 101 17 22 86 24 36 31 32 47 64 52 122 132 135 106 39 106 107 72 137 63 41 3 105 114 73 88 27 83 134 34 61 22 127 3 60 125 86 125 44 45 72 4 39 140 22 50 94 92 107 126 70 36 81 90 51 68 108 58 57 36 74 109 8 52 105 119 58 59 6 63 24 9 67 98 16 61 59 29 20 137 56 52 139 65 138 67 75 67 113 129 22 114 126 135 19 36 80 9 49 107 61 59 130 127 17 47 113 40 122 43 19 101 26 40 55 137 15 102 22 84 24 124 48 28 39 138 123 65 31 140 60 127 18 130 86 115 111 8 29 130 112 114 140 109 132 82 83 127 68 53 141 84 38 48 122 124 116 79 75 30 91 121 12 3 21 127 21 45 103 21 107 139 113 105 72 95 73 107 114 60 139 72 67 140 68 85 61 32 100 105 133 70 49 91 128 140 118 97 62 36 96 96 54 80 53 137 54 100 121 25 14 94 121 117 112 75 113 80 21 56 38 59 55 82 118 24 15 14 70 132 13 46 135 45 37 9 48 98 91 124 47 66 136 20 35 34 97 81 5 118 82 9 81 119 71 73 106 81 116 22 55 86 114 103 135 19 51 86 109 124 67 50 78 44 94 111 76 17 99 109 107 134 15 100 140 10 96 135 128 85 7 133 78 42 106 90 34 97 110 98 104 66 112 121 118 79 83 115 41 82 48 97 25 24 109 51 50 84 10 128 18 55 21 7 43 91 60 68 128 34 102 109 119 114 42 65 117 26 57 97 88 136 4 118 55 130 33 39 37 138 108 115 65 94 100 77 61 43 91 89 60 37 50 63 130 120 129 7 123 74 108 116 70 123 38 6 62 9 50 71 18 131 118 80 69 49 53 50 127 83 113 121 129 116 9 62 37 31 129 118 83 138 38 39 20 76 28 130 72 90 52 80 12 80 77 36 70 125 44 40 82 91 35 110 56 85 85 136 53 99 44 59 58 16 38 88 62 60 21 119 28 45 15 94 79 82 79 118 9 119 104 96 7 19 121 2 102 54 79 35 128 33 77 103 133 73 87 92 80 56 87 8 133 102 28 74 89 131 123 93 96 28 20 124 12 18 85 106 59 89 46 134 42 17 95 29 70 26 87 53 54 124 77 76 88 62 84 102 7 108 30 126 49 68 74 57 126 121 3 90 111 137 32 141 14 16 3 110 27 43 83 90 123 99 58 51 85 138 99 60 99 69 64 49 41 89 119 104 10 33 66 57 70 130 89 39 21 113 43 24 32 106 7 25 58 110 41 135 115 78 10 93 48 122 10 77 80 130 141 131 101 134 91 13 100 73 134 27 125 109 95 4 79 107 26 97 109 9 52 52 13 65 125 3 70 30 45 13 23 64 125 44 49 89 123 87 90 32 75 47 53 51 115 44 46 17 57 102 65 31 16 93 69 121 116 72 41 64 99 78 30 12 111 29 139 67 115 25 52 71 71 117 18 113 132 72 3 23 104 137 128 140 100 90 70 105 106 134 10 61 131 138 117 134 39 77 99 5 2 97 63 66 57 101 108 129 50 52 133 45 5 117 112 35 44 96 66 32 57 53 84 93 120 12 62 22 83 5 8 3 90 69 116 76 98 29 88 75 53 138 95 42 111 79 76 52 35 70 88 96 4 18 140 96 136 120 56 8 15 92 108 40 63 66 78 30 3 113 3 32 41 105 102 120 16 87 59 12 92
0 : [] (0)
1 : [] (0)
2 : [11, 496, 719] (20)
3 : [62, 74, 204, 559, 567, 644, 697, 750, 787, 789] (20)
4 : [27, 82, 383, 632, 771] (25)
5 : [24, 289, 718, 731, 748] (23)
6 : [5, 109, 416] (21)
7 : [331, 364, 408, 493, 549, 603] (20)
8 : [103, 178, 512, 749, 778] (22)
9 : [112, 138, 276, 292, 418, 435, 489, 638] (24)
10 : [326, 359, 589, 611, 615, 709] (20)
11 : [] (0)
12 : [28, 203, 453, 525, 682, 744, 798] (25)
13 : [271, 624, 641, 648] (23)
14 : [251, 268, 565] (22)
15 : [157, 267, 323, 483, 779] (24)
16 : [115, 474, 566, 671, 795] (23)
17 : [41, 145, 318, 534, 666] (23)
18 : [173, 361, 421, 526, 693, 772] (22)
19 : [135, 151, 306, 494] (20)
20 : [119, 284, 445, 523] (21)
21 : [205, 207, 210, 259, 363, 479, 597] (21)
22 : [42, 72, 85, 131, 159, 300, 746] (21)
23 : [1, 649, 698] (21)
24 : [44, 111, 161, 266, 354, 600] (21)
25 : [250, 353, 604, 688] (20)
26 : [153, 378, 538, 635] (22)
27 : [25, 67, 569, 628] (22)
28 : [164, 447, 481, 515, 522] (20)
29 : [23, 118, 179, 536, 684, 756] (20)
30 : [200, 551, 646, 681, 786] (20)
31 : [46, 169, 438, 670] (19)
32 : [13, 47, 228, 563, 601, 658, 738, 790] (20)
33 : [387, 502, 590] (20)
34 : [19, 70, 286, 337, 370] (20)
35 : [285, 463, 500, 734, 767] (22)
36 : [45, 92, 100, 136, 240, 456] (21)
37 : [34, 275, 389, 402, 437] (21)
38 : [3, 193, 261, 415, 443, 475] (22)
39 : [29, 55, 83, 165, 388, 444, 596, 715] (23)
40 : [148, 154, 460, 782] (23)
41 : [61, 349, 585, 607, 677, 791] (23)
42 : [2, 334, 375, 533, 762] (23)
43 : [10, 18, 150, 365, 398, 570, 599] (23)
44 : [16, 79, 314, 459, 471, 652, 664, 735] (24)
45 : [80, 208, 274, 482, 647, 730] (23)
46 : [4, 35, 38, 272, 531, 665] (20)
47 : [31, 48, 146, 281, 660] (26)
48 : [163, 194, 277, 351, 613] (23)
49 : [139, 233, 426, 553, 584, 653] (23)
50 : [86, 312, 357, 403, 419, 428, 727] (23)
51 : [95, 307, 356, 576, 662] (23)
52 : [50, 104, 122, 451, 639, 640, 689, 728, 766] (23)
53 : [190, 245, 427, 469, 540, 661, 740, 759] (23)
54 : [243, 247, 498, 541] (25)
55 : [155, 263, 301, 362, 385] (25)
56 : [121, 260, 465, 510, 777] (29)
57 : [99, 379, 556, 592, 667, 723, 739] (25)
58 : [98, 107, 473, 575, 605] (25)
59 : [108, 117, 142, 262, 472, 529, 797] (20)
60 : [75, 171, 220, 367, 401, 478, 580] (24)
61 : [71, 116, 141, 227, 397, 710] (24)
62 : [239, 417, 436, 477, 546, 745] (24)
63 : [6, 39, 60, 110, 404, 721, 783] (25)
64 : [49, 583, 650, 678] (23)
65 : [124, 168, 376, 393, 642, 669] (25)
66 : [282, 342, 591, 722, 737, 784] (21)
67 : [113, 126, 128, 223, 311, 686] (29)
68 : [0, 96, 189, 225, 368, 554] (24)
69 : [37, 425, 582, 673, 752] (24)
70 : [91, 232, 269, 413, 457, 537, 593, 645, 705, 768] (24)
71 : [20, 295, 420, 690, 691] (25)
72 : [58, 81, 215, 222, 449, 676, 696] (23)
73 : [65, 217, 296, 506, 626] (23)
74 : [101, 410, 516, 555] (24)
75 : [127, 199, 256, 659, 758] (24)
76 : [317, 446, 544, 754, 765] (23)
77 : [396, 455, 503, 543, 616, 716] (24)
78 : [313, 333, 610, 680, 785] (25)
79 : [17, 198, 346, 485, 487, 499, 633, 764] (25)
80 : [8, 137, 244, 258, 424, 452, 454, 509, 617] (26)
81 : [93, 288, 293, 298] (26)
82 : [186, 264, 291, 350, 461, 486] (28)
83 : [68, 187, 347, 430, 441, 571, 747] (26)
84 : [160, 192, 358, 547, 741] (26)
85 : [226, 330, 466, 467, 527, 577] (26)
86 : [26, 43, 77, 175, 302, 308] (26)
87 : [507, 511, 539, 656, 796] (28)
88 : [66, 381, 476, 545, 757, 769] (27)
89 : [400, 517, 530, 586, 595, 654] (27)
90 : [7, 94, 336, 450, 560, 572, 657, 704, 751] (26)
91 : [201, 234, 279, 366, 399, 462, 623] (26)
92 : [32, 88, 508, 780, 799] (26)
93 : [520, 612, 672, 742] (26)
94 : [87, 252, 315, 394, 484] (28)
95 : [33, 216, 535, 631, 761] (26)
96 : [241, 242, 327, 492, 521, 736, 770, 774] (26)
97 : [238, 287, 338, 352, 380, 636, 720] (26)
98 : [114, 278, 340, 755] (28)
99 : [319, 470, 574, 579, 581, 679, 717] (26)
100 : [229, 248, 324, 395, 625, 703] (27)
101 : [36, 40, 152, 621, 724] (26)
102 : [158, 371, 497, 514, 548, 668, 793] (26)
103 : [209, 304, 504] (27)
104 : [12, 341, 491, 588, 699] (29)
105 : [63, 105, 214, 230, 706, 792] (28)
106 : [54, 56, 297, 335, 528, 602, 707] (27)
107 : [57, 89, 140, 211, 218, 321, 634] (27)
108 : [30, 97, 391, 411, 550, 725, 781] (28)
109 : [102, 184, 309, 320, 355, 372, 630, 637] (28)
110 : [339, 464, 568, 606] (27)
111 : [177, 316, 561, 683, 763] (28)
112 : [22, 181, 255, 343, 733] (30)
113 : [129, 147, 213, 257, 431, 598, 694, 788] (30)
114 : [64, 132, 182, 219, 303, 374] (30)
115 : [176, 348, 392, 609, 663, 687] (30)
116 : [197, 299, 412, 434, 675, 753] (30)
117 : [254, 377, 692, 713, 732] (28)
118 : [237, 265, 290, 345, 384, 423, 440, 488] (27)
119 : [21, 106, 294, 373, 480, 490, 587] (28)
120 : [406, 743, 776, 794] (27)
121 : [202, 249, 253, 344, 432, 495, 558, 674] (28)
122 : [15, 51, 149, 195, 614] (28)
123 : [167, 409, 414, 519, 573, 655] (28)
124 : [162, 196, 280, 310, 524, 542] (27)
125 : [76, 78, 458, 629, 643, 651] (29)
126 : [9, 14, 90, 133, 552, 557] (28)
127 : [73, 144, 172, 188, 206, 429] (28)
128 : [235, 329, 360, 369, 501, 701] (28)
129 : [130, 407, 433, 439, 726] (29)
130 : [143, 174, 180, 386, 405, 448, 594, 618] (28)
131 : [422, 518, 620, 711] (30)
132 : [52, 185, 270, 695] (28)
133 : [231, 332, 505, 513, 729] (29)
134 : [69, 322, 532, 622, 627, 708, 714] (28)
135 : [53, 134, 273, 305, 328, 608] (28)
136 : [283, 382, 468, 775] (27)
137 : [59, 120, 156, 246, 562, 700] (25)
138 : [125, 166, 390, 442, 578, 712, 760] (27)
139 : [123, 212, 221, 685] (24)
140 : [84, 170, 183, 224, 236, 325, 702, 773] (26)
141 : [191, 564, 619] (30)
142 : [] (0)
143 : [] (0)
