Name: 800-20-30
Time: 19.24889612197876 
Result: 30
Solution:  67 25 43 36 44 7 62 90 81 125 46 2 104 33 127 121 44 78 46 33 71 119 110 28 5 27 85 4 8 39 113 50 93 96 40 46 101 69 48 64 103 15 22 85 23 37 29 32 50 64 51 120 133 135 107 34 105 109 75 136 62 45 3 105 111 73 89 24 83 133 34 63 23 130 3 63 126 85 124 46 41 72 3 38 140 21 49 95 92 106 123 70 40 81 89 51 69 107 58 58 36 74 108 8 52 104 119 59 59 4 64 23 10 66 98 13 63 57 28 19 135 55 52 139 65 136 66 75 69 112 129 22 113 132 134 19 37 82 9 47 108 60 58 127 128 17 48 113 42 122 43 22 102 26 41 57 136 13 102 22 84 25 125 47 29 40 136 125 65 32 140 60 127 18 126 88 115 112 10 29 128 111 114 140 108 133 82 84 127 69 51 141 84 39 47 122 123 116 79 75 30 90 122 14 2 21 126 23 43 101 18 107 139 114 104 73 99 76 108 116 58 139 73 67 139 70 85 62 34 100 105 134 72 47 91 128 141 117 98 60 35 92 95 57 82 53 138 53 100 125 26 14 96 123 115 111 76 107 80 21 56 38 59 56 84 118 25 15 14 70 133 16 46 135 45 37 9 48 102 92 123 46 65 136 17 37 35 96 81 8 119 81 13 81 125 71 75 104 80 117 21 51 86 113 106 135 19 53 89 110 126 67 51 78 43 94 111 75 17 99 109 104 132 16 100 140 9 98 131 126 86 11 135 77 42 105 86 31 99 109 96 104 63 113 122 117 79 81 116 42 82 47 97 27 23 109 52 46 83 10 128 18 54 21 8 46 88 62 68 127 34 100 108 119 114 42 64 116 31 55 96 90 135 4 119 54 130 35 38 35 137 109 116 64 93 99 78 61 43 89 91 59 40 50 63 133 121 129 7 123 74 107 115 70 124 38 5 62 12 54 72 17 130 118 77 66 50 54 50 124 82 111 123 131 116 11 58 36 33 129 116 82 141 39 39 18 76 28 136 72 90 51 83 13 80 78 36 70 122 44 38 82 93 35 110 56 85 85 137 54 100 45 60 60 16 39 88 63 60 21 118 26 45 14 92 77 82 78 118 9 122 101 97 8 16 121 2 103 52 80 33 128 32 76 103 132 72 87 87 80 59 85 9 133 103 27 71 89 131 124 93 96 28 18 120 12 19 86 106 60 92 45 136 39 19 95 30 73 26 88 54 55 125 77 75 86 59 84 102 7 110 29 129 51 65 73 57 124 121 4 92 115 138 32 140 15 13 2 112 27 43 83 90 123 98 57 49 88 138 100 61 100 68 62 49 41 89 121 103 9 30 66 58 72 132 91 39 21 110 44 24 31 105 4 25 61 110 39 135 117 77 13 94 47 123 12 77 79 130 141 127 101 134 95 10 103 77 134 28 126 109 95 3 80 106 28 96 108 9 51 51 13 64 125 4 69 29 45 11 22 66 125 44 50 93 123 90 92 32 74 48 52 51 114 45 43 17 58 101 64 31 15 94 69 120 112 71 39 63 98 78 32 13 107 30 139 67 118 25 53 69 74 117 16 115 135 72 2 24 105 136 132 140 99 91 75 110 103 134 9 60 129 140 115 130 39 78 99 7 2 96 65 68 56 104 106 133 48 51 135 46 7 119 113 35 44 97 67 33 55 53 79 94 118 11 65 23 83 5 8 3 91 68 115 76 97 27 88 74 54 137 97 42 114 79 76 55 34 71 86 92 3 19 138 96 137 120 55 8 14 94 106 38 63 63 79 36 4 109 8 31 40 104 102 121 16 87 59 11 91
0 : [] (0)
1 : [] (0)
2 : [11, 204, 496, 567, 697, 719] (25)
3 : [62, 74, 82, 632, 750, 771] (26)
4 : [27, 109, 383, 559, 603, 644, 787] (21)
5 : [24, 416, 748] (22)
6 : [] (0)
7 : [5, 408, 549, 718, 731] (21)
8 : [28, 103, 289, 364, 493, 749, 778, 789] (20)
9 : [138, 276, 326, 489, 512, 589, 638, 709] (22)
10 : [112, 178, 359, 624] (22)
11 : [331, 435, 648, 744, 798] (22)
12 : [418, 525, 615] (23)
13 : [115, 157, 292, 453, 566, 611, 641, 682] (23)
14 : [203, 251, 268, 483, 779] (26)
15 : [41, 267, 565, 671] (24)
16 : [271, 323, 474, 494, 693, 795] (24)
17 : [145, 284, 318, 421, 666] (25)
18 : [173, 210, 361, 445, 523] (21)
19 : [119, 135, 306, 526, 534, 772] (20)
20 : [] (0)
21 : [85, 205, 259, 300, 363, 479, 597] (21)
22 : [42, 131, 151, 159, 649] (23)
23 : [44, 72, 111, 207, 354, 746] (23)
24 : [67, 600, 698] (24)
25 : [1, 161, 266, 604, 688] (21)
26 : [153, 250, 481, 538] (21)
27 : [25, 353, 515, 569, 756] (20)
28 : [23, 118, 447, 522, 628, 635] (20)
29 : [46, 164, 179, 551, 646] (21)
30 : [200, 536, 590, 684] (20)
31 : [337, 378, 601, 670, 790] (20)
32 : [47, 169, 502, 563, 658, 681] (20)
33 : [13, 19, 438, 500, 738] (20)
34 : [55, 70, 228, 370, 767] (21)
35 : [240, 286, 387, 389, 463, 734] (20)
36 : [3, 100, 437, 456, 786] (25)
37 : [45, 136, 275, 285] (22)
38 : [83, 261, 388, 415, 460, 782] (23)
39 : [29, 193, 443, 444, 475, 533, 596, 607, 677, 715] (23)
40 : [34, 92, 165, 402, 791] (22)
41 : [80, 154, 585] (24)
42 : [148, 334, 349, 375, 762] (23)
43 : [2, 150, 208, 314, 398, 570, 665] (23)
44 : [4, 16, 459, 599, 652, 735] (23)
45 : [61, 274, 471, 482, 531, 647, 664] (23)
46 : [10, 18, 35, 79, 272, 281, 357, 365, 730] (24)
47 : [139, 163, 194, 233, 351, 613] (24)
48 : [38, 146, 277, 660, 727] (23)
49 : [86, 576, 584] (24)
50 : [31, 48, 403, 426, 428, 653] (22)
51 : [50, 95, 190, 301, 312, 451, 553, 639, 640, 662, 728] (23)
52 : [104, 122, 356, 498, 661] (22)
53 : [245, 247, 307, 689, 740] (23)
54 : [362, 385, 419, 427, 469, 540, 759] (22)
55 : [121, 379, 541, 739, 766, 777] (23)
56 : [260, 263, 465, 723] (26)
57 : [117, 155, 243, 556, 575] (25)
58 : [98, 99, 142, 220, 436, 592, 667] (25)
59 : [107, 108, 262, 401, 510, 546, 797] (25)
60 : [141, 171, 239, 472, 473, 478, 529, 710] (25)
61 : [397, 580, 605] (25)
62 : [6, 60, 227, 367, 417, 583] (24)
63 : [71, 75, 116, 342, 404, 477, 678, 783, 784] (24)
64 : [39, 49, 110, 376, 393, 642, 669] (26)
65 : [124, 168, 282, 554, 721, 745] (24)
66 : [113, 126, 425, 591, 650] (24)
67 : [0, 223, 311, 686, 737] (24)
68 : [368, 582, 722, 752] (24)
69 : [37, 96, 128, 189, 645, 673, 690] (24)
70 : [91, 225, 269, 413, 457] (24)
71 : [20, 295, 516, 676, 768] (26)
72 : [81, 232, 420, 449, 506, 593, 696] (23)
73 : [65, 215, 222, 537, 555] (23)
74 : [101, 410, 659, 691, 758] (23)
75 : [58, 127, 199, 296, 317, 544, 705] (24)
76 : [217, 256, 446, 503, 754, 765] (25)
77 : [333, 424, 485, 543, 610, 616, 626] (25)
78 : [17, 313, 396, 455, 487, 680, 716] (25)
79 : [198, 346, 617, 741, 764, 785] (24)
80 : [258, 298, 454, 499, 509, 633] (25)
81 : [8, 93, 288, 291, 293, 347] (26)
82 : [137, 186, 244, 350, 430, 441, 461, 486] (26)
83 : [68, 358, 452, 571, 747] (26)
84 : [160, 187, 192, 264, 547] (28)
85 : [26, 43, 77, 226, 466, 467, 511] (25)
86 : [302, 330, 336, 527, 545, 769] (26)
87 : [507, 508, 796] (26)
88 : [175, 366, 476, 539, 577, 757] (26)
89 : [66, 94, 308, 399, 517, 586] (27)
90 : [7, 201, 381, 450, 572, 656] (25)
91 : [234, 400, 595, 704, 751, 799] (27)
92 : [88, 241, 279, 484, 530, 560, 657, 770] (27)
93 : [32, 394, 462, 520, 654] (27)
94 : [315, 612, 672, 742, 780] (28)
95 : [87, 242, 535, 623, 631] (26)
96 : [33, 252, 287, 340, 380, 521, 636, 720, 774] (27)
97 : [352, 492, 736, 755, 761] (27)
98 : [114, 238, 327, 574, 679] (27)
99 : [216, 319, 338, 395, 703, 717] (27)
100 : [229, 248, 324, 371, 470, 579, 581] (27)
101 : [36, 209, 491, 621, 668] (28)
102 : [152, 158, 278, 548, 793] (27)
103 : [40, 497, 504, 514, 588, 625, 707] (28)
104 : [12, 105, 214, 297, 321, 341, 724, 792] (28)
105 : [56, 63, 230, 335, 602, 699] (28)
106 : [89, 304, 528, 634, 725, 781] (28)
107 : [54, 97, 211, 257, 411, 683] (28)
108 : [102, 140, 184, 218, 372, 637] (29)
109 : [57, 320, 339, 355, 391, 630, 788] (27)
110 : [22, 309, 464, 550, 598, 606, 706] (28)
111 : [64, 181, 255, 316, 431] (28)
112 : [129, 177, 568, 675] (29)
113 : [30, 132, 147, 303, 343, 733] (28)
114 : [182, 213, 374, 663, 763] (28)
115 : [176, 254, 412, 561, 694, 713, 753] (27)
116 : [197, 219, 348, 377, 392, 434, 440] (27)
117 : [237, 299, 345, 609, 692] (29)
118 : [265, 423, 480, 488, 687, 743] (27)
119 : [21, 106, 290, 373, 384, 732] (28)
120 : [51, 524, 674, 776] (29)
121 : [15, 406, 495, 558, 587, 794] (29)
122 : [149, 195, 202, 344, 458, 490] (29)
123 : [90, 196, 253, 280, 409, 432, 573, 614, 655] (28)
124 : [78, 414, 429, 519, 557] (27)
125 : [9, 162, 167, 249, 294, 542, 643, 651] (28)
126 : [76, 174, 206, 310, 329, 629] (28)
127 : [14, 143, 172, 188, 369, 620] (28)
128 : [144, 180, 235, 360, 501] (28)
129 : [130, 407, 439, 552, 711] (27)
130 : [73, 386, 422, 618, 714] (30)
131 : [328, 433, 518] (29)
132 : [133, 322, 505, 594, 701] (30)
133 : [52, 69, 185, 270, 405, 513, 726] (29)
134 : [134, 231, 622, 627, 708] (29)
135 : [53, 120, 273, 305, 332, 382, 608, 695, 729] (24)
136 : [59, 125, 156, 166, 283, 448, 532, 700] (24)
137 : [390, 468, 760, 775] (26)
138 : [246, 562, 578, 773] (26)
139 : [123, 212, 221, 224, 685] (30)
140 : [84, 170, 183, 325, 564, 702, 712] (30)
141 : [191, 236, 442, 619] (26)
142 : [] (0)
143 : [] (0)
