Name: 800-30-45
Time: 18.754389762878418 
Result: 45
Solution:  67 47 63 18 109 60 51 69 51 40 115 3 54 86 3 98 38 33 93 28 28 100 97 103 96 117 24 94 83 12 28 29 104 72 104 43 112 84 40 22 98 64 96 44 41 74 95 11 75 32 101 39 81 6 69 50 37 60 49 107 117 42 31 58 72 6 82 21 34 16 91 110 68 83 37 55 39 54 17 89 29 46 95 16 90 9 39 48 91 97 91 42 102 86 50 62 52 78 10 7 41 114 55 30 14 115 82 61 10 75 20 19 58 72 99 14 66 57 20 41 74 4 93 41 96 16 65 18 48 39 12 51 98 53 112 76 40 72 102 94 29 80 82 105 91 86 100 102 111 33 41 51 75 61 8 7 73 28 7 67 47 94 38 23 85 30 93 62 9 86 29 121 66 3 4 77 75 120 31 120 99 120 100 57 49 106 13 53 52 8 102 73 115 42 3 88 24 66 83 31 50 33 85 38 26 36 57 6 87 38 37 55 114 111 70 89 86 108 114 66 112 78 39 85 80 41 119 63 62 119 69 40 106 75 19 92 56 95 16 97 87 42 30 30 22 96 50 76 100 48 118 31 25 44 35 65 45 110 43 74 48 105 57 88 99 76 98 29 27 99 41 59 4 77 21 4 113 59 56 107 51 121 83 57 51 23 108 39 42 64 46 64 44 101 26 82 116 33 115 24 24 39 32 121 33 79 90 114 18 67 19 109 10 72 54 28 71 17 37 84 61 54 15 17 43 58 29 76 108 85 67 65 109 100 56 95 94 60 46 98 87 35 21 55 22 37 50 121 88 50 109 98 100 82 27 44 68 88 84 69 106 100 16 22 41 44 29 37 43 75 48 22 103 75 12 12 10 84 70 25 38 93 10 49 22 62 7 120 48 6 36 85 21 34 110 15 116 77 10 33 29 42 81 62 109 89 81 50 19 68 66 72 105 109 57 25 52 113 43 79 71 66 110 37 33 4 59 88 99 32 10 19 35 40 48 46 25 110 111 94 58 96 105 73 80 101 14 15 20 107 77 106 45 118 106 32 4 102 105 35 23 103 46 61 114 84 77 57 109 112 17 6 79 57 111 34 74 54 13 93 24 48 64 6 40 3 98 64 115 7 55 71 43 89 39 96 118 80 117 113 27 55 76 56 121 31 94 100 104 83 119 86 89 112 26 107 64 67 94 13 78 116 12 111 84 69 103 106 120 68 20 58 92 95 92 76 33 51 47 21 77 21 84 113 103 27 52 46 70 11 90 98 104 73 67 87 59 6 107 16 50 17 101 78 58 88 108 32 80 87 93 65 49 89 22 72 92 3 111 36 118 101 89 113 74 82 56 8 90 83 44 62 80 114 47 66 118 108 11 13 51 121 93 98 60 85 60 47 55 33 63 10 35 111 97 27 3 53 8 23 19 29 38 119 58 31 111 11 29 35 62 70 102 41 64 100 112 43 80 36 58 81 66 6 117 101 94 73 61 119 114 79 58 27 62 40 28 105 6 24 91 103 74 93 3 82 120 60 44 81 22 89 27 95 45 73 55 88 17 110 71 87 79 9 64 25 28 67 3 105 77 94 84 27 30 120 81 106 60 15 63 45 46 37 77 51 97 71 8 13 39 11 97 116 9 38 43 16 37 27 53 10 75 80 103 68 104 88 17 67 30 98 104 39 57 89 75 119 60 71 87 109 22 119 34 15 67 105 57 69 21 60 116 63 109 38 74 77 108 4 66 71 7 113 110 86 117 72 66 107 116 77 46 12 11 84 85 89 64 49 59 54 23 18 9 33 21 42 13 55 78 53 114 113 12 49 116 78 95 47
0 : [] (0)
1 : [] (0)
2 : [] (0)
3 : [11, 14, 173, 194, 485, 577, 616, 664, 688] (42)
4 : [121, 174, 272, 275, 425, 456, 759] (35)
5 : [] (0)
6 : [53, 65, 207, 389, 471, 483, 557, 643, 658] (33)
7 : [99, 155, 158, 386, 489, 762] (30)
8 : [154, 189, 587, 618, 708] (31)
9 : [85, 168, 683, 714, 784] (32)
10 : [98, 108, 312, 376, 382, 398, 430, 611, 721] (31)
11 : [47, 549, 598, 627, 711, 774] (33)
12 : [29, 130, 374, 375, 522, 773, 794] (33)
13 : [186, 478, 519, 599, 709, 788] (33)
14 : [104, 115, 446] (32)
15 : [322, 395, 447, 699, 745] (32)
16 : [69, 83, 125, 238, 362, 559, 717] (33)
17 : [78, 317, 323, 470, 561, 678, 728] (34)
18 : [3, 127, 308, 783] (32)
19 : [111, 234, 310, 408, 431, 620] (30)
20 : [110, 118, 448, 530] (34)
21 : [67, 274, 342, 392, 539, 541, 750, 786] (31)
22 : [39, 244, 344, 363, 371, 384, 574, 670, 742] (31)
23 : [163, 285, 460, 619, 782] (33)
24 : [26, 196, 299, 300, 480, 659] (30)
25 : [252, 379, 415, 436, 685] (34)
26 : [204, 294, 514] (33)
27 : [268, 354, 500, 545, 615, 653, 672, 693, 719] (31)
28 : [19, 20, 30, 157, 315, 656, 686] (31)
29 : [31, 80, 140, 170, 267, 326, 366, 400, 621, 628] (32)
30 : [103, 165, 242, 243, 694, 730] (34)
31 : [62, 178, 199, 251, 505, 625] (35)
32 : [49, 302, 429, 455, 567] (36)
33 : [17, 149, 201, 297, 304, 399, 424, 536, 609, 785] (36)
34 : [68, 393, 475, 744] (36)
35 : [254, 341, 432, 459, 612, 629] (36)
36 : [205, 390, 579, 639] (36)
37 : [56, 74, 210, 318, 345, 367, 423, 703, 718] (36)
38 : [16, 162, 203, 209, 380, 622, 715, 755] (37)
39 : [51, 76, 86, 129, 222, 287, 301, 494, 710, 733] (35)
40 : [9, 38, 136, 231, 433, 484, 655] (35)
41 : [44, 100, 119, 123, 150, 225, 270, 364, 633] (35)
42 : [61, 91, 193, 241, 288, 401, 787] (35)
43 : [35, 258, 324, 368, 418, 492, 637, 716] (36)
44 : [43, 253, 292, 355, 365, 590, 668] (36)
45 : [256, 452, 674, 701] (39)
46 : [81, 290, 338, 435, 462, 547, 702, 772] (36)
47 : [1, 160, 538, 594, 607, 799] (36)
48 : [87, 128, 249, 260, 370, 388, 434, 481] (37)
49 : [58, 184, 383, 572, 779, 795] (37)
50 : [55, 94, 200, 246, 346, 349, 407, 560] (36)
51 : [6, 8, 131, 151, 280, 284, 537, 600, 705] (37)
52 : [96, 188, 416, 546] (37)
53 : [133, 187, 617, 720, 791] (36)
54 : [12, 77, 314, 321, 477, 781] (36)
55 : [75, 102, 211, 343, 490, 501, 608, 676, 789] (35)
56 : [236, 278, 334, 503, 586] (35)
57 : [117, 183, 206, 262, 283, 414, 467, 473, 734, 748] (36)
58 : [63, 112, 325, 440, 531, 564, 624, 640, 652] (36)
59 : [271, 277, 426, 556, 780] (37)
60 : [5, 57, 337, 604, 606, 667, 698, 738, 751] (37)
61 : [107, 153, 320, 463, 648] (44)
62 : [95, 167, 228, 385, 403, 591, 630, 654] (37)
63 : [2, 227, 610, 700, 753] (37)
64 : [41, 289, 291, 482, 487, 516, 634, 684, 778] (38)
65 : [126, 255, 331, 571] (40)
66 : [116, 172, 197, 219, 410, 421, 595, 642, 760, 768] (37)
67 : [0, 159, 309, 330, 517, 554, 687, 729, 746] (37)
68 : [72, 356, 409, 529, 725] (37)
69 : [7, 54, 230, 359, 525, 749] (38)
70 : [214, 378, 548, 631] (37)
71 : [316, 420, 491, 680, 707, 739, 761] (37)
72 : [33, 64, 113, 137, 313, 411, 575, 767] (38)
73 : [156, 191, 443, 553, 647, 675] (37)
74 : [45, 120, 259, 476, 584, 662, 756] (36)
75 : [48, 109, 152, 176, 233, 369, 373, 722, 736] (36)
76 : [135, 247, 265, 327, 502, 535] (37)
77 : [175, 273, 397, 450, 466, 540, 690, 704, 757, 771] (35)
78 : [97, 221, 520, 563, 790, 797] (38)
79 : [305, 419, 472, 651, 682] (41)
80 : [141, 224, 444, 497, 568, 592, 638, 723] (42)
81 : [52, 402, 406, 641, 669, 696] (43)
82 : [66, 106, 142, 295, 353, 585, 665] (45)
83 : [28, 73, 198, 282, 509, 589] (42)
84 : [37, 319, 358, 377, 465, 524, 542, 692, 775] (42)
85 : [164, 202, 223, 329, 391, 605, 776] (41)
86 : [13, 93, 145, 169, 216, 511, 765] (42)
87 : [208, 240, 340, 555, 569, 681, 740] (43)
88 : [195, 263, 348, 357, 427, 565, 677, 727] (43)
89 : [79, 215, 405, 493, 512, 573, 582, 671, 735, 777] (44)
90 : [84, 306, 550, 588] (44)
91 : [70, 88, 90, 144, 660] (44)
92 : [235, 532, 534, 576] (42)
93 : [18, 122, 166, 381, 479, 570, 602, 663] (41)
94 : [27, 139, 161, 336, 439, 506, 518, 646, 691] (41)
95 : [46, 82, 237, 335, 533, 673, 798] (41)
96 : [24, 42, 124, 245, 441, 495] (41)
97 : [22, 89, 239, 614, 706, 712] (41)
98 : [15, 40, 132, 266, 339, 351, 486, 551, 603, 731] (42)
99 : [114, 180, 264, 269, 428] (42)
100 : [21, 146, 182, 248, 333, 352, 361, 507, 635] (42)
101 : [50, 293, 445, 562, 581, 645] (44)
102 : [92, 138, 147, 190, 457, 632] (44)
103 : [23, 372, 461, 526, 544, 661, 724] (42)
104 : [32, 34, 508, 552, 726, 732] (43)
105 : [143, 261, 412, 442, 458, 657, 689, 747] (44)
106 : [185, 232, 360, 451, 454, 527, 697] (45)
107 : [59, 279, 449, 515, 558, 769] (45)
108 : [217, 286, 328, 566, 597, 758] (44)
109 : [4, 311, 332, 350, 404, 413, 468, 741, 754] (45)
110 : [71, 257, 394, 422, 437, 679, 764] (43)
111 : [148, 213, 438, 474, 523, 578, 613, 626] (41)
112 : [36, 134, 220, 469, 513, 636] (45)
113 : [276, 417, 499, 543, 583, 763, 793] (42)
114 : [101, 212, 218, 307, 464, 593, 650, 792] (41)
115 : [10, 105, 192, 298, 488] (41)
116 : [296, 396, 521, 713, 752, 770, 796] (41)
117 : [25, 60, 498, 644, 766] (39)
118 : [250, 453, 496, 580, 596] (40)
119 : [226, 229, 510, 623, 649, 737, 743] (36)
120 : [177, 179, 181, 387, 528, 666, 695] (36)
121 : [171, 281, 303, 347, 504, 601] (37)
122 : [] (0)
123 : [] (0)
