Name: 800-20-30
Time: 19.023643732070923 
Result: 1030
Solution:  70 24 43 35 45 5 62 91 82 125 45 4 104 33 126 122 43 78 46 34 71 118 112 29 3 23 86 5 10 39 110 49 91 95 39 47 99 70 48 67 99 16 23 85 25 36 29 31 50 65 52 120 131 132 106 37 106 108 71 137 61 44 2 104 111 74 88 26 83 132 38 64 25 130 3 65 126 84 122 47 42 72 3 38 138 20 50 94 95 103 127 68 36 82 90 51 69 107 56 58 36 74 108 7 53 104 120 59 62 2 61 24 11 67 99 17 61 57 29 20 137 58 49 140 64 136 67 77 66 112 128 23 112 132 135 17 36 81 9 47 109 62 57 128 129 16 46 113 40 122 42 20 102 26 38 55 136 15 101 23 86 24 124 48 32 39 133 124 65 30 137 61 127 17 128 89 115 113 8 29 130 111 113 139 108 133 81 84 125 68 53 140 84 41 47 122 123 116 79 73 29 90 122 12 2 21 128 21 45 101 20 105 139 114 104 73 98 75 107 114 60 136 72 66 140 69 85 60 35 100 105 134 68 48 88 129 142 119 97 63 37 93 96 58 80 52 139 54 102 121 26 14 99 123 117 110 74 111 78 21 57 39 57 55 82 119 24 15 13 68 133 13 47 135 48 38 10 49 97 91 122 46 65 137 20 37 35 96 81 7 119 82 9 84 121 71 73 110 80 117 23 54 87 114 107 135 19 52 89 111 127 68 51 79 44 91 111 75 17 99 106 107 132 16 103 142 10 98 136 126 85 9 133 77 42 106 85 31 98 108 96 103 66 115 121 120 79 83 116 41 81 48 95 27 24 111 52 49 83 7 127 18 54 21 6 45 89 65 68 125 34 100 109 119 112 41 64 118 28 57 97 89 136 6 119 54 129 34 40 35 138 111 115 65 94 97 77 60 42 90 89 60 37 50 63 132 125 128 7 123 73 105 115 66 123 37 5 62 9 51 71 17 131 118 77 67 48 53 50 123 81 113 121 131 116 8 61 34 32 129 117 82 138 40 38 19 76 27 135 72 88 52 80 14 80 76 36 70 124 44 37 84 92 35 109 56 84 85 137 54 100 45 58 59 15 36 88 63 60 21 119 28 46 13 90 77 82 78 118 9 117 102 97 7 14 121 4 103 51 80 31 129 33 76 103 134 72 87 92 78 56 88 11 133 102 28 75 88 131 123 94 96 23 19 121 12 18 86 106 59 91 46 135 38 18 95 30 70 26 87 55 54 124 77 74 86 60 84 100 6 112 29 128 51 64 73 57 126 120 2 92 111 138 31 139 14 13 3 113 27 44 83 90 121 101 58 50 86 138 98 62 100 70 62 48 41 88 120 100 11 33 67 59 72 133 91 40 21 113 43 25 30 105 7 24 59 114 43 133 116 77 11 92 45 120 11 78 80 130 142 127 101 134 97 10 100 78 134 27 123 109 95 4 81 105 28 97 106 11 51 52 14 67 125 3 69 33 45 12 23 64 125 43 49 90 121 87 90 30 75 47 53 53 113 44 43 17 56 101 64 31 16 93 69 124 114 70 42 63 96 77 31 12 109 28 142 68 116 23 53 71 72 118 19 115 137 71 2 23 104 136 132 139 99 91 69 110 104 132 8 58 130 138 116 132 39 76 99 6 2 97 63 69 55 104 105 129 47 51 132 44 6 119 113 35 42 96 63 33 55 52 84 93 117 11 62 25 83 6 9 6 91 66 115 76 98 29 85 74 53 137 95 39 114 79 76 52 36 72 86 95 7 15 139 97 135 120 56 10 15 94 110 40 64 65 78 32 5 109 2 31 40 105 103 121 18 87 58 11 93
0 : [] (0)
1 : [] (0)
2 : [62, 109, 204, 559, 697, 719, 789] (20)
3 : [24, 74, 82, 567, 644] (19)
4 : [11, 496, 632] (23)
5 : [5, 27, 416, 787] (21)
6 : [364, 383, 549, 718, 731, 748, 750] (22)
7 : [103, 289, 359, 408, 493, 603, 771] (22)
8 : [178, 435, 709] (22)
9 : [138, 292, 331, 418, 489, 749] (20)
10 : [28, 276, 326, 624, 778] (21)
11 : [112, 512, 589, 611, 615, 638, 744, 798] (21)
12 : [203, 525, 648, 682] (23)
13 : [268, 271, 483, 566] (22)
14 : [251, 453, 494, 565, 641] (21)
15 : [157, 267, 474, 772, 779] (21)
16 : [41, 145, 323, 671] (21)
17 : [115, 135, 173, 318, 421, 666] (22)
18 : [361, 526, 534, 795] (21)
19 : [306, 445, 523, 693] (20)
20 : [85, 119, 151, 210, 284] (20)
21 : [205, 207, 259, 363, 479, 597] (20)
22 : [] (0)
23 : [25, 42, 131, 159, 300, 522, 649, 688, 698] (30)
24 : [1, 111, 161, 266, 354, 604] (25)
25 : [44, 72, 600, 746] (22)
26 : [67, 153, 250, 538] (22)
27 : [353, 447, 569, 628] (20)
28 : [378, 481, 515, 635, 684] (21)
29 : [23, 46, 118, 179, 200, 551, 756] (21)
30 : [169, 536, 601, 658] (20)
31 : [47, 337, 500, 563, 670, 681, 790] (22)
32 : [164, 438, 786] (20)
33 : [13, 502, 590, 646, 738] (21)
34 : [19, 370, 387, 437] (22)
35 : [3, 228, 286, 389, 463, 734] (22)
36 : [45, 92, 100, 136, 456, 475, 767] (23)
37 : [55, 240, 285, 402, 415, 460] (22)
38 : [70, 83, 154, 275, 444, 533] (22)
39 : [29, 34, 165, 261, 715, 762] (23)
40 : [148, 388, 443, 596, 782, 791] (23)
41 : [193, 349, 375, 585] (22)
42 : [80, 150, 334, 398, 677, 735] (23)
43 : [2, 16, 599, 607, 652, 665] (23)
44 : [61, 314, 459, 570, 664, 730] (23)
45 : [4, 10, 208, 365, 471, 613, 647] (23)
46 : [18, 146, 281, 482, 531] (22)
47 : [35, 79, 139, 194, 272, 660, 727] (23)
48 : [38, 163, 233, 274, 351, 426, 584] (22)
49 : [31, 122, 277, 357, 653] (24)
50 : [48, 86, 403, 428, 576] (25)
51 : [95, 312, 419, 498, 553, 639, 728] (22)
52 : [50, 245, 307, 356, 451, 640, 740, 766] (22)
53 : [104, 190, 427, 661, 662, 689, 759] (23)
54 : [247, 301, 362, 385, 469, 541] (22)
55 : [155, 263, 540, 723, 739] (22)
56 : [98, 465, 510, 667, 777] (26)
57 : [117, 142, 260, 262, 379, 556] (26)
58 : [99, 121, 243, 472, 575, 710, 797] (26)
59 : [107, 473, 529, 592, 605] (25)
60 : [220, 227, 397, 401, 478, 546] (25)
61 : [60, 110, 116, 171, 436] (25)
62 : [6, 108, 141, 417, 580, 583, 745] (25)
63 : [239, 404, 477, 678, 721, 737] (23)
64 : [71, 124, 376, 554, 650, 669, 783] (24)
65 : [49, 75, 168, 282, 367, 393, 784] (23)
66 : [128, 223, 342, 413, 752] (24)
67 : [39, 113, 126, 425, 591, 642] (24)
68 : [91, 189, 232, 269, 311, 368, 686] (24)
69 : [96, 225, 645, 673, 705, 722] (24)
70 : [0, 37, 457, 537, 582, 676] (24)
71 : [20, 58, 295, 420, 690, 696] (25)
72 : [81, 222, 449, 506, 593, 691, 768] (25)
73 : [199, 215, 296, 410, 555] (24)
74 : [65, 101, 256, 544, 758] (24)
75 : [217, 317, 516, 659] (25)
76 : [446, 455, 503, 716, 754, 765] (25)
77 : [127, 333, 396, 424, 485, 543, 610, 680] (24)
78 : [17, 258, 487, 509, 616, 626, 785] (24)
79 : [198, 313, 346, 764] (25)
80 : [244, 298, 452, 454, 499, 617] (24)
81 : [137, 186, 288, 350, 430, 633] (24)
82 : [8, 93, 264, 291, 441, 486] (25)
83 : [68, 347, 358, 571, 747] (26)
84 : [77, 187, 192, 293, 461, 466, 547, 741] (25)
85 : [43, 226, 330, 336, 467, 757] (25)
86 : [26, 160, 527, 545, 577, 769] (26)
87 : [302, 507, 539, 656, 796] (27)
88 : [66, 234, 450, 476, 511, 517, 586] (27)
89 : [175, 308, 366, 381, 400] (28)
90 : [94, 201, 399, 484, 572, 654, 657] (27)
91 : [7, 32, 279, 315, 530, 595, 704, 751] (28)
92 : [462, 508, 560, 612] (28)
93 : [241, 672, 742, 799] (29)
94 : [87, 394, 520, 780] (27)
95 : [33, 88, 352, 535, 631, 761, 770] (28)
96 : [242, 287, 340, 521, 679, 736] (28)
97 : [238, 278, 380, 395, 492, 623, 636, 720, 774] (28)
98 : [216, 327, 338, 579, 755] (26)
99 : [36, 40, 114, 252, 319, 703, 717] (25)
100 : [229, 371, 470, 548, 581, 588, 625] (26)
101 : [158, 209, 574, 621, 668] (27)
102 : [152, 248, 491, 514] (28)
103 : [89, 324, 341, 497, 504, 793] (29)
104 : [12, 63, 105, 214, 699, 707, 724] (27)
105 : [211, 230, 411, 602, 634, 725, 792] (27)
106 : [54, 56, 320, 335, 528, 637] (27)
107 : [97, 218, 304, 321] (27)
108 : [57, 102, 184, 339] (27)
109 : [140, 372, 464, 630, 683, 788] (27)
110 : [30, 255, 297, 706, 781] (27)
111 : [64, 181, 257, 309, 316, 355, 391, 561] (27)
112 : [22, 129, 132, 374, 550] (29)
113 : [147, 177, 182, 431, 568, 598, 663, 733] (28)
114 : [213, 219, 303, 606, 675, 763] (28)
115 : [176, 343, 392, 412, 694, 753] (30)
116 : [197, 348, 434, 609, 687, 713] (29)
117 : [254, 299, 440, 490, 743] (28)
118 : [21, 377, 423, 488, 692] (27)
119 : [237, 265, 290, 373, 384, 480, 732] (28)
120 : [51, 106, 345, 558, 587, 614, 776] (27)
121 : [249, 294, 344, 432, 495, 524, 573, 655, 794] (26)
122 : [15, 78, 149, 195, 202, 280] (29)
123 : [196, 253, 409, 414, 429, 519, 629] (27)
124 : [162, 167, 458, 542, 674] (27)
125 : [9, 188, 369, 406, 643, 651] (27)
126 : [14, 76, 329, 557] (29)
127 : [90, 172, 310, 360, 620] (28)
128 : [130, 143, 174, 206, 407, 552] (30)
129 : [144, 235, 386, 439, 501, 726] (29)
130 : [73, 180, 618, 711] (28)
131 : [52, 422, 433, 518] (29)
132 : [53, 69, 133, 322, 405, 701, 708, 714, 729] (28)
133 : [166, 185, 270, 332, 513, 594, 608] (29)
134 : [231, 505, 622, 627] (29)
135 : [134, 273, 305, 448, 532, 775] (29)
136 : [125, 156, 221, 328, 382, 700] (27)
137 : [59, 120, 170, 283, 468, 695, 760] (30)
138 : [84, 390, 442, 562, 578, 712] (29)
139 : [183, 212, 246, 564, 702, 773] (28)
140 : [123, 191, 224] (27)
141 : [] (0)
142 : [236, 325, 619, 685] (21)
143 : [] (0)
