Name: 800-40-60
Time: 18.985254526138306 
Result: 18064
Solution:  13 59 189 107 197 142 116 187 173 186 22 126 114 79 148 174 24 160 61 83 195 34 131 119 135 183 86 33 171 91 182 91 64 169 87 8 166 58 147 167 150 138 78 178 23 100 52 104 123 48 152 115 144 142 144 195 40 11 26 10 184 200 108 103 198 60 65 133 33 60 119 53 83 167 70 76 65 157 148 15 21 169 149 158 170 155 18 129 129 146 194 2 49 83 55 63 109 154 170 4 131 111 171 48 163 111 191 112 10 50 161 2 19 4 183 38 47 134 150 188 23 149 130 106 10 112 40 113 68 122 148 24 152 139 3 114 60 12 118 43 11 43 84 136 145 146 85 88 140 73 154 140 19 42 175 27 67 3 126 178 75 170 36 34 31 108 131 79 96 128 21 90 128 93 130 40 40 74 139 36 167 133 123 149 33 182 5 37 76 88 163 57 94 101 175 164 49 179 104 180 139 178 45 181 100 42 143 127 59 14 82 12 145 135 105 106 156 141 96 44 15 143 118 150 112 159 154 44 97 92 66 151 17 69 72 179 22 10 79 160 5 79 82 201 193 43 53 101 40 93 75 49 35 163 111 28 105 190 200 186 111 196 184 128 156 147 140 102 76 60 127 86 61 41 195 168 132 106 53 190 172 62 124 175 62 130 52 132 115 91 89 81 14 51 155 189 23 76 132 103 46 175 78 131 70 168 118 166 148 60 49 32 183 70 8 135 26 71 56 180 153 152 68 70 55 194 124 51 196 126 50 21 85 12 192 19 31 61 193 2 94 99 47 15 37 181 178 161 173 43 132 26 120 182 80 92 64 141 89 92 103 68 46 194 172 164 175 59 110 198 8 61 72 201 142 118 47 91 17 69 32 70 162 38 172 89 165 120 136 126 137 118 176 63 67 5 6 126 95 28 28 10 95 75 20 65 188 55 26 176 27 45 73 171 54 25 159 166 25 114 11 48 109 189 192 174 125 186 191 41 133 193 96 162 34 159 60 95 55 155 69 49 141 23 113 143 137 162 146 97 8 72 21 143 76 159 66 152 141 195 177 45 164 157 4 168 135 63 150 77 97 64 119 80 153 103 95 170 70 198 120 90 115 115 70 104 58 114 25 174 17 9 170 105 82 41 57 24 29 37 6 84 103 31 124 89 191 72 166 148 69 99 111 13 93 122 43 53 187 70 25 153 98 81 5 201 114 144 188 101 115 13 89 127 123 14 74 77 117 101 186 2 123 35 96 55 171 37 162 126 117 38 196 200 60 22 165 151 21 175 99 161 143 89 198 28 3 8 78 181 136 147 140 119 2 39 32 153 190 25 56 174 6 94 20 181 190 178 184 29 191 35 173 66 110 18 16 21 164 117 49 180 13 199 101 4 185 173 73 129 80 54 100 17 199 16 160 62 76 106 182 176 50 76 87 16 27 177 80 51 177 24 126 47 135 51 95 32 32 139 100 134 197 15 121 146 51 9 36 133 53 151 160 177 159 67 6 199 96 23 61 161 187 84 158 32 194 35 132 121 184 137 76 125 136 87 40 150 145 142 199 47 158 139 112 10 195 119 129 104 154 107 47 102 97 187 164 28 115 76 98 195 109 29 104 10 87 187 86 12 78 137 179 157 33 14 33 165 108 102 62 87 80 20 170 125 108 164 121 64 171 156 52 20 88 166 120 124 57 130 138 88 149 90 188 119 40 137 185 85 108 116 66 198 164 56 199 185 76 46 66 77 97 2 90 42 8 166 59 70 18 128 92 199 29 18 110 34 145 158 33 190 39 31 78 122 190 116 89 45 58 6 96 20 71 201 147 197 107 49
0 : [] (0)
1 : [] (0)
2 : [91, 111, 339, 541, 574, 763] (48)
3 : [134, 157, 566] (44)
4 : [99, 113, 464, 605] (50)
5 : [186, 240, 395, 524] (45)
6 : [396, 500, 582, 656, 791] (41)
7 : [] (0)
8 : [35, 314, 370, 450, 567, 766] (42)
9 : [491, 647] (46)
10 : [59, 108, 124, 237, 401, 685, 705] (40)
11 : [57, 140, 420] (44)
12 : [137, 211, 333, 709] (43)
13 : [0, 513, 531, 602] (40)
14 : [209, 292, 535, 715] (41)
15 : [79, 220, 343, 643] (42)
16 : [596, 615, 625] (44)
17 : [232, 378, 490, 613] (40)
18 : [86, 595, 770, 775] (40)
19 : [112, 152, 335] (45)
20 : [404, 584, 723, 733, 793] (41)
21 : [80, 170, 331, 452, 558, 597] (39)
22 : [10, 236, 555] (46)
23 : [44, 120, 296, 443, 659] (43)
24 : [16, 131, 497, 631] (44)
25 : [415, 418, 488, 520, 579] (44)
26 : [58, 316, 351, 408] (44)
27 : [155, 410, 626] (48)
28 : [255, 399, 400, 565, 697] (49)
29 : [498, 589, 703, 774] (59)
30 : [] (0)
31 : [164, 336, 503, 783] (42)
32 : [311, 380, 576, 637, 638, 665] (58)
33 : [27, 68, 184, 714, 716, 780] (40)
34 : [21, 163, 434, 777] (40)
35 : [252, 543, 591, 667] (46)
36 : [162, 179, 648] (45)
37 : [187, 344, 499, 547] (42)
38 : [115, 383, 551] (40)
39 : [575, 782] (43)
40 : [56, 126, 175, 176, 248, 676, 746] (39)
41 : [273, 429, 495] (42)
42 : [153, 205, 765] (47)
43 : [139, 141, 245, 349, 516] (44)
44 : [219, 227] (49)
45 : [202, 411, 461, 789] (44)
46 : [300, 362, 759] (45)
47 : [116, 342, 376, 633, 681, 692] (41)
48 : [49, 103, 421] (43)
49 : [92, 196, 251, 310, 441, 600, 799] (39)
50 : [109, 330, 622] (40)
51 : [293, 327, 629, 635, 646] (45)
52 : [46, 286, 732] (49)
53 : [71, 246, 278, 517, 650] (40)
54 : [414, 611] (44)
55 : [94, 324, 407, 438, 545] (45)
56 : [318, 580, 755] (48)
57 : [191, 496, 738] (51)
58 : [37, 486, 790] (49)
59 : [1, 208, 367, 768] (49)
60 : [65, 69, 136, 269, 309, 436, 554] (43)
61 : [18, 272, 337, 371, 660] (49)
62 : [281, 284, 617, 720] (47)
63 : [95, 393, 467] (48)
64 : [32, 356, 471, 729] (50)
65 : [66, 76, 405] (48)
66 : [230, 456, 593, 752, 760] (47)
67 : [156, 394, 655] (47)
68 : [128, 322, 361] (47)
69 : [233, 379, 440, 510] (49)
70 : [74, 304, 313, 323, 381, 478, 484, 519, 769] (47)
71 : [317, 794] (52)
72 : [234, 372, 451, 507] (51)
73 : [149, 412, 608] (46)
74 : [177, 536] (43)
75 : [160, 250, 403] (45)
76 : [75, 188, 268, 297, 454, 618, 623, 672, 699, 758] (39)
77 : [469, 537, 761] (43)
78 : [42, 302, 568, 710, 784] (42)
79 : [13, 167, 238, 241] (52)
80 : [354, 473, 610, 628, 722] (49)
81 : [291, 523] (54)
82 : [210, 242, 494] (41)
83 : [19, 72, 93] (52)
84 : [142, 501, 663] (58)
85 : [146, 332, 749] (48)
86 : [26, 271, 708] (43)
87 : [34, 624, 675, 706, 721] (43)
88 : [147, 189, 734, 741] (56)
89 : [290, 358, 385, 505, 532, 563, 788] (46)
90 : [171, 481, 743, 764] (51)
91 : [29, 31, 289, 377] (47)
92 : [229, 355, 359, 772] (44)
93 : [173, 249, 514] (53)
94 : [192, 340, 583] (53)
95 : [398, 402, 437, 476, 636] (47)
96 : [168, 218, 432, 544, 658, 792] (52)
97 : [228, 449, 470, 694, 762] (52)
98 : [522, 700] (57)
99 : [341, 511, 560] (55)
100 : [45, 204, 612, 640] (48)
101 : [193, 247, 529, 539, 604] (52)
102 : [267, 693, 719] (47)
103 : [63, 299, 360, 475, 502] (50)
104 : [47, 198, 485, 689, 704] (50)
105 : [214, 256, 493] (53)
106 : [123, 215, 277, 619] (61)
107 : [3, 691, 798] (51)
108 : [62, 165, 718, 726, 750] (50)
109 : [96, 422, 702] (51)
110 : [368, 594, 776] (50)
111 : [101, 105, 254, 260, 512] (50)
112 : [107, 125, 224, 684] (50)
113 : [127, 444] (55)
114 : [12, 135, 419, 487, 526] (48)
115 : [51, 288, 482, 483, 530, 698] (48)
116 : [6, 751, 787] (47)
117 : [538, 550, 599] (50)
118 : [138, 222, 306, 375, 391] (49)
119 : [23, 70, 472, 573, 687, 745] (55)
120 : [352, 387, 480, 736] (52)
121 : [644, 669, 728] (54)
122 : [129, 515, 785] (52)
123 : [48, 182, 534, 542] (54)
124 : [282, 326, 504, 737] (56)
125 : [426, 673, 725] (53)
126 : [11, 158, 329, 389, 397, 549, 632] (51)
127 : [207, 270, 533] (53)
128 : [169, 172, 263, 771] (48)
129 : [87, 88, 609, 688] (54)
130 : [122, 174, 285, 739] (56)
131 : [22, 100, 166, 303] (60)
132 : [276, 287, 298, 350, 668] (51)
133 : [67, 181, 430, 649] (64)
134 : [117, 641] (53)
135 : [24, 213, 315, 466, 634] (49)
136 : [143, 388, 570, 674] (49)
137 : [390, 446, 671, 711, 747] (51)
138 : [41, 740] (58)
139 : [133, 178, 200, 639, 683] (51)
140 : [148, 151, 266, 572] (52)
141 : [217, 357, 442, 458] (54)
142 : [5, 53, 374, 679] (57)
143 : [206, 221, 445, 453, 562] (52)
144 : [52, 54, 527] (53)
145 : [144, 212, 678, 778] (53)
146 : [89, 145, 448, 645] (51)
147 : [38, 265, 571, 796] (49)
148 : [14, 78, 130, 308, 509] (51)
149 : [82, 121, 183, 742] (58)
150 : [40, 118, 223, 468, 677] (54)
151 : [231, 557, 651] (55)
152 : [50, 132, 321, 457] (55)
153 : [320, 474, 521, 577] (54)
154 : [97, 150, 226, 690] (53)
155 : [85, 294, 439] (60)
156 : [216, 264, 731] (60)
157 : [77, 463, 713] (63)
158 : [83, 664, 682, 779] (63)
159 : [225, 416, 435, 455, 654] (55)
160 : [17, 239, 616, 652] (57)
161 : [110, 347, 561, 661] (55)
162 : [382, 433, 447, 548] (56)
163 : [104, 190, 253] (57)
164 : [195, 365, 462, 598, 696, 727, 754] (54)
165 : [386, 556, 717] (54)
166 : [36, 307, 417, 508, 735, 767] (54)
167 : [39, 73, 180] (60)
168 : [275, 305, 465] (61)
169 : [33, 81] (59)
170 : [84, 98, 161, 477, 492, 724] (60)
171 : [28, 102, 413, 546, 730] (53)
172 : [280, 364, 384] (53)
173 : [8, 348, 592, 607] (54)
174 : [15, 425, 489, 581] (51)
175 : [154, 194, 283, 301, 366, 559] (52)
176 : [392, 409, 621] (54)
177 : [460, 627, 630, 653] (51)
178 : [43, 159, 201, 346, 587] (54)
179 : [197, 235, 712] (55)
180 : [199, 319, 601] (59)
181 : [203, 345, 569, 585] (60)
182 : [30, 185, 353, 620] (55)
183 : [25, 114, 312] (55)
184 : [60, 262, 588, 670] (52)
185 : [606, 748, 757] (51)
186 : [9, 259, 427, 540] (60)
187 : [7, 518, 662, 695, 707] (61)
188 : [119, 406, 528, 744] (59)
189 : [2, 295, 423] (60)
190 : [257, 279, 578, 586, 781, 786] (59)
191 : [106, 428, 506, 590] (61)
192 : [334, 424] (59)
193 : [244, 338, 431] (60)
194 : [90, 325, 363, 666] (60)
195 : [20, 55, 274, 459, 686, 701] (54)
196 : [261, 328, 552] (58)
197 : [4, 642, 797] (58)
198 : [64, 369, 479, 564, 753] (55)
199 : [603, 614, 657, 680, 756, 773] (56)
200 : [61, 258, 553] (54)
201 : [243, 373, 525, 795] (48)
202 : [] (0)
203 : [] (0)
