Name: 800-40-60
Time: 18.773102521896362 
Result: 22067
Solution:  12 59 191 107 195 142 113 186 174 189 23 126 112 79 147 173 24 163 60 81 196 35 132 122 138 183 87 33 173 91 187 89 64 168 86 9 170 59 146 167 150 135 83 182 24 99 52 103 123 47 149 116 145 140 144 194 42 9 26 10 181 201 107 104 197 61 65 136 33 58 119 53 85 169 71 75 63 158 151 16 20 170 151 156 171 155 15 131 130 145 194 2 47 79 56 64 107 152 173 6 133 110 170 47 163 111 189 110 10 50 162 2 16 4 184 39 48 133 147 188 22 152 130 106 12 115 41 113 67 120 147 24 150 138 4 111 60 10 117 42 11 44 83 138 146 149 85 88 139 72 154 140 19 40 175 28 67 3 126 178 75 170 38 36 31 107 132 80 99 127 21 92 128 94 130 35 40 73 140 33 168 137 119 150 34 183 5 39 75 88 166 57 94 101 175 166 50 179 104 178 137 178 45 183 101 41 144 127 59 14 82 16 146 136 103 106 156 143 96 43 17 144 113 148 111 160 157 48 97 93 67 151 15 69 73 179 22 11 78 159 8 78 82 201 192 43 51 99 40 91 77 51 35 162 111 26 106 192 200 182 111 199 184 128 157 145 139 102 77 60 127 87 61 42 196 167 134 108 53 191 172 62 124 176 61 129 49 132 115 92 90 82 14 53 155 188 23 75 131 104 44 176 79 130 70 168 117 166 146 60 49 33 184 70 9 135 26 74 55 180 152 153 67 70 54 194 126 52 196 126 51 20 84 14 195 19 34 62 189 4 95 97 44 14 37 182 178 159 171 41 134 29 120 183 83 92 65 143 87 89 105 68 46 195 173 165 176 60 109 199 8 61 72 198 143 118 45 91 16 70 31 73 164 38 172 86 165 123 136 126 138 117 175 62 68 6 9 128 95 26 27 8 97 74 16 66 187 57 27 177 28 43 70 171 54 25 157 166 25 114 12 48 110 189 190 174 125 189 187 40 133 193 97 161 34 158 59 90 56 153 69 49 141 20 114 142 137 159 148 102 7 73 21 139 76 160 64 152 141 193 176 45 163 159 7 167 137 63 152 78 97 64 119 80 154 104 98 169 67 198 120 88 115 115 70 107 57 114 25 174 18 6 171 103 83 42 56 24 29 36 7 84 101 30 125 87 192 72 163 147 69 96 107 13 93 121 43 51 188 69 25 157 96 81 3 200 116 144 187 99 117 14 89 128 125 13 74 78 118 98 186 2 123 36 98 55 171 39 161 126 117 38 196 200 58 22 165 153 23 175 100 160 144 86 198 27 7 8 78 179 137 149 139 119 2 39 29 154 191 25 56 175 6 93 21 181 191 180 184 29 190 35 174 63 112 19 18 22 162 117 48 179 15 198 99 3 185 173 75 129 80 54 100 15 199 17 161 62 75 105 185 177 50 76 89 17 28 177 80 51 177 23 126 47 131 51 94 31 33 141 101 131 197 15 121 147 50 10 36 132 53 151 162 176 159 66 3 199 97 20 66 159 186 84 158 30 194 35 132 122 184 139 76 124 134 86 40 150 143 142 199 46 161 141 116 8 193 120 128 106 155 111 43 105 99 188 164 27 115 73 95 197 109 31 105 9 86 187 86 11 76 136 180 157 33 15 33 165 105 104 61 87 83 18 172 125 108 162 122 65 170 156 52 20 91 164 122 124 55 131 136 88 150 90 188 120 40 138 185 84 108 116 67 201 164 56 199 185 76 46 66 77 98 2 90 44 14 162 59 70 16 129 94 200 29 21 111 37 143 158 33 190 37 31 77 123 193 119 90 43 58 6 96 17 71 201 148 197 109 51
0 : [] (0)
1 : [] (0)
2 : [91, 111, 541, 574, 763] (44)
3 : [157, 524, 605, 656] (46)
4 : [113, 134, 339] (45)
5 : [186] (4)
6 : [99, 395, 491, 582, 791] (42)
7 : [450, 464, 500, 566] (44)
8 : [240, 370, 401, 567, 685] (44)
9 : [35, 57, 314, 396, 705] (43)
10 : [59, 108, 137, 647] (40)
11 : [140, 237, 709] (40)
12 : [0, 124, 420] (53)
13 : [513, 535] (40)
14 : [209, 292, 333, 343, 531, 766] (40)
15 : [86, 232, 602, 613, 643, 715] (42)
16 : [79, 112, 211, 378, 404, 770] (40)
17 : [220, 615, 625, 793] (41)
18 : [490, 596, 723] (45)
19 : [152, 335, 595] (44)
20 : [80, 331, 443, 659, 733] (41)
21 : [170, 452, 584, 775] (44)
22 : [120, 236, 555, 597] (43)
23 : [10, 296, 558, 631] (41)
24 : [16, 44, 131, 497] (42)
25 : [415, 418, 488, 520, 579] (44)
26 : [58, 255, 316, 399] (44)
27 : [400, 408, 565, 697] (43)
28 : [155, 410, 626] (48)
29 : [351, 498, 576, 589, 774] (50)
30 : [503, 665] (42)
31 : [164, 380, 637, 703, 783] (41)
32 : [] (0)
33 : [27, 68, 179, 311, 638, 714, 716, 780] (44)
34 : [184, 336, 434] (48)
35 : [21, 175, 252, 591, 667] (49)
36 : [163, 499, 543, 648] (50)
37 : [344, 777, 782] (50)
38 : [162, 383, 551] (46)
39 : [115, 187, 547, 575] (49)
40 : [153, 176, 248, 429, 676, 746] (41)
41 : [126, 205, 349] (45)
42 : [56, 139, 273, 495] (43)
43 : [219, 245, 411, 516, 692, 789] (44)
44 : [141, 300, 342, 765] (44)
45 : [202, 376, 461] (42)
46 : [362, 681, 759] (44)
47 : [49, 92, 103, 633] (45)
48 : [116, 227, 421, 600] (43)
49 : [286, 310, 441] (44)
50 : [109, 196, 622, 646] (42)
51 : [246, 251, 330, 517, 629, 635, 799] (41)
52 : [46, 327, 732] (41)
53 : [71, 278, 293, 650] (40)
54 : [324, 414, 611] (49)
55 : [318, 545, 738] (52)
56 : [94, 438, 496, 580, 755] (46)
57 : [191, 407, 486] (46)
58 : [69, 554, 790] (47)
59 : [1, 37, 208, 436, 768] (46)
60 : [18, 136, 269, 309, 367] (45)
61 : [65, 272, 284, 371, 720] (46)
62 : [281, 337, 393, 617] (47)
63 : [76, 467, 593] (48)
64 : [32, 95, 456, 471] (55)
65 : [66, 356, 729] (50)
66 : [405, 655, 660, 760] (49)
67 : [128, 156, 230, 322, 478, 752] (44)
68 : [361, 394] (45)
69 : [233, 440, 510, 519] (43)
70 : [304, 313, 323, 379, 412, 484, 769] (44)
71 : [74, 794] (45)
72 : [149, 372, 507] (48)
73 : [177, 234, 381, 451, 699] (43)
74 : [317, 403, 536] (60)
75 : [75, 160, 188, 297, 608, 618] (41)
76 : [454, 623, 672, 710, 758] (43)
77 : [250, 268, 761, 784] (43)
78 : [238, 241, 469, 537, 568] (50)
79 : [13, 93, 302] (53)
80 : [167, 473, 610, 628] (48)
81 : [19, 523] (48)
82 : [210, 242, 291] (52)
83 : [42, 142, 354, 494, 722] (51)
84 : [332, 501, 663, 749] (49)
85 : [72, 146] (47)
86 : [34, 385, 563, 675, 706, 708] (40)
87 : [26, 271, 358, 505, 721] (42)
88 : [147, 189, 481, 741] (57)
89 : [31, 359, 532, 624] (49)
90 : [290, 437, 743, 764, 788] (49)
91 : [29, 249, 377, 734] (50)
92 : [171, 289, 355] (56)
93 : [229, 514, 583] (56)
94 : [173, 192, 636, 772] (56)
95 : [340, 398, 700] (50)
96 : [218, 511, 522, 792] (49)
97 : [228, 341, 402, 432, 470, 658] (48)
98 : [476, 539, 544, 762] (48)
99 : [45, 168, 247, 529, 604, 694] (49)
100 : [560, 612] (49)
101 : [193, 204, 502, 640] (49)
102 : [267, 449] (47)
103 : [47, 214, 493] (47)
104 : [63, 198, 299, 475, 719] (54)
105 : [360, 619, 693, 704, 718] (47)
106 : [123, 215, 256, 689] (52)
107 : [3, 62, 96, 165, 485, 512] (41)
108 : [277, 726, 750] (56)
109 : [368, 702, 798] (51)
110 : [101, 107, 422] (58)
111 : [105, 135, 224, 254, 260, 691, 776] (51)
112 : [12, 594] (53)
113 : [6, 127, 222] (52)
114 : [419, 444, 487] (50)
115 : [125, 288, 482, 483, 698] (49)
116 : [51, 526, 684, 751] (46)
117 : [138, 306, 391, 530, 550, 599] (47)
118 : [375, 538] (50)
119 : [70, 182, 472, 573, 787] (52)
120 : [129, 352, 480, 687, 745] (55)
121 : [515, 644] (54)
122 : [23, 669, 728, 736] (54)
123 : [48, 387, 542, 785] (54)
124 : [282, 673, 737] (51)
125 : [426, 504, 534, 725] (49)
126 : [11, 158, 326, 329, 389, 549, 632] (49)
127 : [169, 207, 270] (53)
128 : [172, 263, 397, 533, 688] (52)
129 : [285, 609, 771] (54)
130 : [88, 122, 174, 303] (59)
131 : [87, 298, 634, 641, 739] (52)
132 : [22, 166, 287, 649, 668] (61)
133 : [100, 117, 430] (66)
134 : [276, 350, 674] (54)
135 : [41, 315] (52)
136 : [67, 213, 388, 711, 740] (53)
137 : [181, 200, 446, 466, 570] (52)
138 : [24, 133, 143, 390, 747] (53)
139 : [148, 266, 453, 572, 671] (52)
140 : [53, 151, 178] (54)
141 : [442, 458, 639, 683] (52)
142 : [5, 445, 679] (57)
143 : [217, 357, 374, 678, 778] (54)
144 : [54, 206, 221, 527, 562] (53)
145 : [52, 89, 265] (54)
146 : [38, 144, 212, 308] (52)
147 : [14, 118, 130, 509, 645] (53)
148 : [223, 448, 796] (49)
149 : [50, 145, 571] (49)
150 : [40, 132, 183, 677, 742] (54)
151 : [78, 82, 231, 651] (52)
152 : [97, 121, 320, 457, 468] (56)
153 : [321, 439, 557] (55)
154 : [150, 474, 577] (56)
155 : [85, 294, 690] (58)
156 : [83, 216, 731] (60)
157 : [226, 264, 416, 521, 713] (55)
158 : [77, 435, 664, 779] (62)
159 : [239, 347, 447, 463, 654, 661] (54)
160 : [225, 455, 561] (54)
161 : [433, 548, 616, 682] (56)
162 : [110, 253, 598, 652, 727, 767] (56)
163 : [17, 104, 462, 508] (58)
164 : [382, 696, 735, 754] (60)
165 : [365, 386, 556, 717] (57)
166 : [190, 195, 307, 417] (56)
167 : [39, 275, 465] (67)
168 : [33, 180, 305] (59)
169 : [73, 477] (59)
170 : [36, 81, 102, 161, 730] (58)
171 : [84, 348, 413, 492, 546] (53)
172 : [280, 384, 724] (58)
173 : [15, 28, 98, 364, 607] (52)
174 : [8, 425, 489, 592] (51)
175 : [154, 194, 392, 559, 581] (51)
176 : [283, 301, 366, 460, 653] (54)
177 : [409, 621, 627, 630] (53)
178 : [159, 199, 201, 346] (60)
179 : [197, 235, 569, 601] (58)
180 : [319, 587, 712] (60)
181 : [60, 585] (55)
182 : [43, 259, 345] (56)
183 : [25, 185, 203, 353] (62)
184 : [114, 262, 312, 588, 670] (54)
185 : [606, 620, 748, 757] (56)
186 : [7, 540, 662] (60)
187 : [30, 406, 428, 528, 707] (59)
188 : [119, 295, 518, 695, 744] (58)
189 : [9, 106, 338, 423, 427] (59)
190 : [424, 590, 781] (59)
191 : [2, 279, 578, 586] (57)
192 : [244, 257, 506] (58)
193 : [431, 459, 686, 786] (59)
194 : [55, 90, 325, 666] (59)
195 : [4, 334, 363] (53)
196 : [20, 274, 328, 552] (55)
197 : [64, 642, 701, 797] (53)
198 : [373, 479, 564, 603] (55)
199 : [261, 369, 614, 657, 680, 756] (54)
200 : [258, 525, 553, 773] (52)
201 : [61, 243, 753, 795] (52)
202 : [] (0)
203 : [] (0)
