Name: 800-40-60
Time: 18.877232551574707 
Result: 15067
Solution:  12 57 191 109 196 142 115 188 173 185 22 125 112 79 147 172 24 163 60 81 195 35 132 123 136 183 86 34 173 91 182 89 65 169 86 7 166 59 148 168 153 136 78 178 23 99 52 103 125 47 149 116 144 141 144 196 41 9 26 11 179 197 107 105 199 63 63 134 31 58 119 53 85 169 70 75 65 157 151 13 19 168 152 156 171 158 19 131 129 147 194 2 48 82 55 63 107 155 173 7 131 111 172 49 163 111 189 112 13 50 160 2 18 4 185 38 48 131 150 188 23 154 130 106 7 109 40 113 68 122 145 23 153 139 5 113 60 13 117 41 12 44 83 138 146 147 84 88 140 73 154 139 19 44 175 28 66 3 126 178 73 167 36 36 30 108 133 81 98 128 18 90 128 94 130 37 38 77 139 37 170 135 125 151 32 184 5 39 78 88 163 56 94 101 176 166 48 178 104 183 141 179 45 180 98 42 142 127 59 14 80 16 146 135 107 106 153 143 97 44 17 144 118 149 110 159 154 47 98 92 66 151 15 69 71 182 22 11 78 161 8 78 82 201 192 42 53 101 41 92 76 51 35 161 111 28 105 191 200 182 108 197 184 129 157 148 141 102 77 60 127 86 61 41 193 167 132 103 53 193 171 61 124 176 58 129 48 132 115 92 91 83 14 52 153 189 22 74 133 104 46 176 76 130 70 168 118 165 148 61 49 33 184 66 9 134 29 71 57 179 152 151 68 72 55 194 124 52 198 126 51 23 85 13 193 20 33 62 192 3 96 98 43 15 36 181 178 160 173 42 135 26 120 183 80 90 64 142 89 89 104 67 45 195 173 165 175 60 110 195 7 61 72 201 143 118 47 91 17 70 33 71 165 39 173 89 166 124 137 125 135 117 176 65 69 5 7 126 96 30 28 13 95 73 17 67 187 55 27 177 27 44 71 176 54 24 159 165 26 114 11 48 113 188 190 174 127 189 189 38 133 192 96 159 34 159 60 90 57 155 69 50 138 21 114 143 137 162 148 97 7 71 16 139 73 157 62 152 142 195 174 46 163 157 4 167 137 62 152 79 98 65 120 80 153 104 98 170 67 198 120 88 115 114 71 107 54 112 26 172 17 8 168 104 83 42 58 24 30 37 9 85 101 29 123 87 191 72 166 150 67 99 106 12 93 121 44 51 187 71 24 154 97 75 5 201 114 146 188 100 118 14 89 126 122 11 74 77 116 102 186 2 123 35 96 53 173 37 162 126 116 39 198 199 59 21 165 156 23 175 99 162 144 89 197 28 4 8 78 178 138 147 140 119 2 40 29 155 193 26 57 176 7 93 23 182 190 180 184 30 190 36 174 66 110 18 16 20 162 117 45 181 13 199 101 2 186 177 74 129 81 54 100 13 199 16 160 64 77 107 183 175 50 78 87 18 27 177 80 51 177 26 125 46 133 51 94 32 33 140 101 134 193 15 121 150 51 10 34 133 57 150 160 176 161 66 2 200 98 20 61 159 187 84 158 32 194 35 130 122 180 140 75 124 134 84 43 152 143 145 199 48 161 138 116 11 195 119 127 106 154 111 48 103 97 186 167 29 115 78 95 195 108 31 106 9 87 187 86 14 79 138 180 155 33 10 33 164 105 102 61 87 80 21 171 128 108 164 122 64 170 156 51 19 89 164 120 123 56 132 137 88 148 91 185 120 40 140 186 82 108 117 70 201 165 55 199 184 78 46 66 76 100 3 95 43 13 162 57 70 15 128 93 199 30 19 110 37 141 158 33 188 38 31 79 123 193 119 89 45 58 4 96 19 68 200 145 196 109 53
0 : [] (0)
1 : [] (0)
2 : [91, 111, 541, 574, 605, 656] (44)
3 : [157, 339, 763] (40)
4 : [113, 464, 566, 791] (43)
5 : [134, 186, 395, 524] (48)
6 : [] (0)
7 : [35, 99, 124, 370, 396, 450, 582] (48)
8 : [240, 491, 567] (47)
9 : [57, 314, 500, 705] (49)
10 : [647, 715] (42)
11 : [59, 237, 420, 535, 685] (48)
12 : [0, 140, 513] (42)
13 : [79, 108, 137, 333, 401, 602, 613, 766] (38)
14 : [209, 292, 531, 709] (40)
15 : [232, 343, 643, 770] (42)
16 : [211, 452, 596, 615] (43)
17 : [220, 378, 404, 490] (42)
18 : [112, 170, 595, 625] (47)
19 : [80, 86, 152, 733, 775, 793] (44)
20 : [335, 597, 659] (46)
21 : [443, 555, 723] (40)
22 : [10, 236, 296] (41)
23 : [44, 120, 131, 331, 558, 584] (41)
24 : [16, 415, 497, 520] (43)
25 : [] (0)
26 : [58, 351, 418, 488, 579, 631] (47)
27 : [408, 410, 626] (51)
28 : [155, 255, 400, 565] (42)
29 : [316, 503, 576, 697] (47)
30 : [164, 399, 498, 589, 774] (46)
31 : [68, 703, 783] (41)
32 : [184, 637, 665] (47)
33 : [311, 336, 380, 638, 714, 716, 780] (47)
34 : [27, 434, 648] (42)
35 : [21, 252, 543, 667] (50)
36 : [162, 163, 344, 591] (41)
37 : [175, 179, 499, 547, 777] (45)
38 : [115, 176, 429, 782] (40)
39 : [187, 383, 551] (42)
40 : [126, 575, 746] (45)
41 : [56, 139, 248, 273] (44)
42 : [205, 245, 349, 495] (43)
43 : [342, 676, 765] (43)
44 : [141, 153, 219, 411, 516] (42)
45 : [202, 362, 600, 789] (44)
46 : [300, 461, 633, 759] (45)
47 : [49, 227, 376] (45)
48 : [92, 116, 196, 286, 421, 681, 692] (42)
49 : [103, 310] (44)
50 : [109, 441, 622] (49)
51 : [251, 330, 517, 629, 635, 646, 732] (40)
52 : [46, 293, 327] (42)
53 : [71, 246, 278, 545, 799] (47)
54 : [414, 486, 611] (49)
55 : [94, 324, 407, 755] (46)
56 : [191, 738] (47)
57 : [1, 318, 438, 580, 650, 768] (47)
58 : [69, 284, 496, 790] (47)
59 : [37, 208, 554] (48)
60 : [18, 136, 269, 367, 436] (46)
61 : [272, 281, 309, 371, 660, 720] (48)
62 : [337, 456, 467] (49)
63 : [65, 66, 95] (48)
64 : [356, 617, 729] (48)
65 : [32, 76, 393, 471] (46)
66 : [156, 230, 313, 593, 655, 760] (46)
67 : [361, 405, 478, 510] (47)
68 : [128, 322, 794] (49)
69 : [233, 394, 440] (49)
70 : [74, 304, 379, 752, 769] (49)
71 : [234, 317, 381, 412, 451, 484, 519] (49)
72 : [323, 372, 507] (56)
73 : [149, 160, 403, 454] (48)
74 : [297, 536, 608] (46)
75 : [75, 523, 672] (46)
76 : [250, 302, 761] (48)
77 : [177, 268, 537, 618] (46)
78 : [42, 188, 238, 241, 568, 623, 699, 758] (44)
79 : [13, 469, 710, 784] (45)
80 : [210, 354, 473, 628, 722] (49)
81 : [19, 167, 610] (46)
82 : [93, 242, 749] (52)
83 : [142, 291, 494] (50)
84 : [146, 663, 675] (47)
85 : [72, 332, 501] (49)
86 : [26, 34, 271, 708] (45)
87 : [505, 624, 706, 721] (43)
88 : [147, 189, 481, 741] (57)
89 : [31, 358, 359, 385, 532, 563, 734, 788] (53)
90 : [171, 355, 437] (41)
91 : [29, 290, 377, 743] (41)
92 : [229, 249, 289] (49)
93 : [514, 583, 772] (50)
94 : [173, 192, 636] (53)
95 : [402, 700, 764] (49)
96 : [340, 398, 432, 544, 792] (52)
97 : [218, 449, 522, 694] (52)
98 : [168, 204, 228, 341, 470, 476, 658] (51)
99 : [45, 511, 560] (51)
100 : [529, 612, 762] (53)
101 : [193, 247, 502, 604, 640] (54)
102 : [267, 539, 719] (49)
103 : [47, 277, 693] (47)
104 : [198, 299, 360, 475, 493] (47)
105 : [63, 256, 718] (47)
106 : [123, 215, 512, 689, 704] (50)
107 : [62, 96, 214, 485, 619] (47)
108 : [165, 260, 702, 726, 750] (49)
109 : [3, 125, 798] (53)
110 : [224, 368, 594, 776] (52)
111 : [101, 105, 254, 691] (55)
112 : [12, 107, 487] (52)
113 : [127, 135, 422] (49)
114 : [419, 444, 483, 526] (51)
115 : [6, 288, 482, 698] (49)
116 : [51, 538, 550, 684] (50)
117 : [138, 391, 599, 751] (50)
118 : [222, 306, 375, 530] (44)
119 : [70, 573, 687, 787] (54)
120 : [352, 472, 480, 736, 745] (50)
121 : [515, 644] (54)
122 : [129, 534, 669, 728] (54)
123 : [23, 504, 542, 737, 785] (52)
124 : [282, 326, 387, 673] (52)
125 : [11, 48, 182, 389, 632] (51)
126 : [158, 329, 397, 533, 549] (50)
127 : [207, 270, 426, 688] (55)
128 : [169, 172, 725, 771] (60)
129 : [88, 263, 285, 609] (61)
130 : [122, 174, 303, 668] (58)
131 : [87, 100, 117] (61)
132 : [22, 276, 287, 739] (52)
133 : [166, 298, 430, 634, 649] (49)
134 : [67, 315, 641, 674] (57)
135 : [181, 213, 350, 390] (56)
136 : [24, 41] (57)
137 : [388, 446, 466, 740] (57)
138 : [143, 442, 570, 683, 711] (57)
139 : [133, 151, 178, 453] (47)
140 : [148, 572, 639, 671, 747] (47)
141 : [53, 200, 266, 778] (46)
142 : [5, 206, 357, 458] (45)
143 : [217, 374, 445, 678] (47)
144 : [52, 54, 221, 562] (51)
145 : [130, 679, 796] (53)
146 : [144, 212, 527] (56)
147 : [14, 89, 145, 571] (60)
148 : [38, 265, 308, 448, 742] (58)
149 : [50, 223] (52)
150 : [118, 509, 645, 651] (54)
151 : [78, 183, 231, 321] (51)
152 : [82, 320, 457, 468, 677] (55)
153 : [40, 132, 216, 294, 474] (53)
154 : [121, 150, 226, 521, 690] (57)
155 : [97, 439, 577, 713] (58)
156 : [83, 557, 731] (60)
157 : [77, 264, 455, 463] (55)
158 : [85, 664, 779] (57)
159 : [225, 416, 433, 435, 661] (55)
160 : [110, 347, 616, 652] (56)
161 : [239, 253, 654, 682] (54)
162 : [447, 548, 561, 598, 767] (57)
163 : [17, 104, 190, 462] (59)
164 : [717, 727, 735] (59)
165 : [307, 365, 382, 417, 556, 754] (57)
166 : [36, 195, 386, 508] (60)
167 : [161, 275, 465, 696] (61)
168 : [39, 81, 305, 492] (60)
169 : [33, 73] (59)
170 : [180, 477, 730] (60)
171 : [84, 280, 724] (60)
172 : [15, 102, 489] (58)
173 : [8, 28, 98, 348, 364, 384, 546] (52)
174 : [425, 460, 592] (52)
175 : [154, 366, 559, 621] (50)
176 : [194, 283, 301, 392, 413, 581, 653] (50)
177 : [409, 607, 627, 630] (54)
178 : [43, 159, 197, 346, 569] (55)
179 : [60, 201, 319] (60)
180 : [203, 587, 670, 712] (58)
181 : [345, 601] (56)
182 : [30, 235, 259, 585] (62)
183 : [25, 199, 353, 620] (60)
184 : [185, 262, 312, 588, 757] (61)
185 : [9, 114, 744] (59)
186 : [540, 606, 695, 748] (60)
187 : [406, 518, 662, 707] (60)
188 : [7, 119, 423, 528, 781] (60)
189 : [106, 295, 427, 428] (59)
190 : [424, 586, 590] (59)
191 : [2, 257, 506] (56)
192 : [244, 338, 431] (60)
193 : [274, 279, 334, 578, 642, 786] (56)
194 : [90, 325, 666] (46)
195 : [20, 363, 369, 459, 686, 701] (58)
196 : [4, 55, 797] (52)
197 : [61, 261, 564] (53)
198 : [328, 479, 552] (67)
199 : [64, 553, 603, 614, 680, 756, 773] (57)
200 : [258, 657, 795] (49)
201 : [243, 373, 525, 753] (40)
202 : [] (0)
203 : [] (0)
