Name: 800-20-30
Time: 19.20375895500183 
Result: 30
Solution:  67 23 48 38 44 7 62 90 79 125 43 2 104 33 126 124 44 80 46 34 68 119 111 28 3 22 85 5 7 40 113 50 91 92 38 45 101 71 46 67 102 14 22 86 26 37 31 31 46 65 51 122 133 132 105 34 105 107 71 137 62 42 4 107 112 72 88 25 85 132 34 61 21 126 4 61 127 85 125 42 43 72 2 38 141 20 50 95 92 104 127 69 35 83 89 51 67 108 56 57 36 74 107 5 53 105 121 59 59 6 64 24 9 67 100 17 61 58 28 19 136 57 52 141 63 139 67 74 70 112 129 22 114 128 132 17 36 80 8 47 111 61 58 128 128 17 48 113 39 121 45 25 101 25 40 57 137 14 101 24 86 24 124 48 31 42 136 124 65 33 140 61 127 16 131 89 115 113 9 30 126 111 113 140 108 132 83 84 125 68 51 140 84 41 48 119 122 116 80 74 30 91 121 13 3 20 129 20 42 106 18 107 139 116 107 74 98 74 106 114 57 136 76 66 139 69 85 60 33 100 105 135 74 49 87 130 142 117 99 61 34 96 97 59 81 52 138 53 100 126 26 14 99 123 117 109 76 109 78 19 57 38 56 55 82 119 24 15 13 68 132 16 46 133 46 38 10 47 100 91 124 50 66 136 20 34 35 95 82 8 119 81 9 84 121 71 71 108 81 116 23 55 87 115 106 135 19 51 86 110 125 69 51 77 42 91 111 75 17 99 110 105 131 14 104 142 9 96 135 127 86 7 133 78 42 103 88 34 100 110 98 103 64 114 122 117 78 82 115 41 82 49 100 27 24 110 50 50 83 7 127 18 55 18 5 46 88 65 68 127 35 98 110 118 112 39 63 118 26 59 96 91 136 7 118 54 129 36 40 36 137 108 116 62 94 99 78 63 41 89 90 60 36 50 63 131 120 129 6 123 73 104 115 66 123 38 6 59 12 49 73 21 130 118 79 68 49 54 50 125 82 112 123 134 116 10 62 37 32 129 118 85 141 37 39 20 76 28 136 75 87 51 80 14 80 77 36 69 123 44 40 81 93 33 109 56 84 84 137 55 98 44 57 58 16 36 88 60 61 21 119 26 46 16 94 79 85 79 114 9 120 102 96 7 19 122 3 103 54 79 35 128 32 76 103 134 73 87 92 80 56 87 10 133 102 28 72 90 131 123 93 95 28 18 120 12 21 85 106 62 89 47 136 41 18 95 30 71 27 88 55 55 125 77 74 88 61 83 100 7 108 27 126 49 67 73 56 124 121 4 94 111 138 30 139 15 13 4 114 27 43 83 90 123 97 57 52 86 138 97 60 101 70 64 49 41 89 119 102 10 32 67 58 72 133 90 39 22 110 44 24 32 109 5 23 60 112 43 135 117 80 10 94 45 125 8 77 79 130 142 130 101 134 92 10 100 77 134 28 124 105 94 4 79 108 28 96 108 9 51 51 18 68 126 4 70 31 45 12 23 66 125 43 51 89 123 90 90 33 75 47 52 51 114 44 45 19 58 103 64 30 15 93 69 122 115 73 41 64 97 78 31 13 107 25 142 68 117 24 55 71 75 121 16 114 132 71 2 22 104 136 133 140 99 92 70 109 102 131 8 61 128 140 115 132 39 79 99 5 2 96 65 66 58 103 108 133 47 52 131 46 6 117 114 35 43 97 63 30 56 53 82 93 118 16 65 22 84 7 8 5 93 70 115 76 96 27 85 75 54 138 98 41 109 79 76 52 34 71 88 96 4 16 140 97 137 120 54 9 16 91 108 41 64 66 78 30 3 108 2 33 40 104 103 121 17 87 58 12 92
0 : [] (0)
1 : [] (0)
2 : [11, 82, 697, 719, 789] (21)
3 : [24, 204, 496, 787] (22)
4 : [62, 74, 559, 567, 632, 644, 771] (22)
5 : [27, 103, 364, 603, 718, 750] (21)
6 : [109, 408, 416, 731] (22)
7 : [5, 28, 331, 359, 383, 493, 549, 748] (26)
8 : [138, 289, 615, 709, 749] (21)
9 : [112, 178, 292, 326, 489, 638, 778] (22)
10 : [276, 435, 512, 589, 611, 624] (21)
11 : [] (0)
12 : [418, 525, 648, 798] (26)
13 : [203, 268, 566, 682] (21)
14 : [41, 157, 251, 323, 453] (21)
15 : [267, 565, 671] (21)
16 : [173, 271, 474, 483, 693, 744, 772, 779] (21)
17 : [115, 135, 145, 318, 795] (21)
18 : [210, 361, 363, 523, 534, 641] (21)
19 : [119, 259, 306, 494, 666] (21)
20 : [85, 205, 207, 284, 445] (20)
21 : [72, 421, 479, 526] (24)
22 : [25, 42, 131, 597, 698, 746] (23)
23 : [1, 300, 604, 649] (23)
24 : [111, 159, 161, 266, 354, 600, 688] (21)
25 : [67, 151, 153, 684] (28)
26 : [44, 250, 378, 481] (21)
27 : [353, 538, 551, 569, 756] (21)
28 : [23, 118, 447, 515, 522, 628, 635] (23)
29 : [] (0)
30 : [179, 200, 536, 563, 670, 738, 786] (23)
31 : [46, 47, 164, 646, 681] (20)
32 : [438, 502, 590, 601] (22)
33 : [13, 169, 228, 463, 658, 790] (20)
34 : [19, 55, 70, 240, 285, 337, 767] (22)
35 : [92, 286, 370, 500, 734] (21)
36 : [100, 136, 387, 389, 402, 456, 475] (21)
37 : [45, 437, 443] (23)
38 : [3, 34, 83, 261, 275, 415] (25)
39 : [148, 375, 444, 596, 715] (24)
40 : [29, 154, 388, 460, 791] (23)
41 : [193, 349, 398, 533, 585, 677, 762, 782] (21)
42 : [61, 79, 165, 208, 314, 334] (22)
43 : [10, 80, 570, 607, 652, 735] (22)
44 : [4, 16, 459, 471, 599, 664] (22)
45 : [35, 150, 613, 647, 665] (25)
46 : [18, 38, 48, 272, 274, 365, 482, 730] (21)
47 : [139, 277, 531, 660, 727] (23)
48 : [2, 146, 163, 194] (22)
49 : [233, 351, 419, 426, 553, 584] (22)
50 : [31, 86, 281, 356, 357, 403, 428] (22)
51 : [50, 95, 190, 307, 312, 451, 639, 640, 653, 662] (23)
52 : [122, 245, 576, 661, 728, 766] (24)
53 : [104, 247, 740] (24)
54 : [385, 427, 498, 759, 777] (23)
55 : [263, 301, 362, 469, 540, 541, 689] (24)
56 : [98, 262, 465, 510, 556, 739] (24)
57 : [99, 121, 155, 220, 260, 472, 575] (24)
58 : [117, 142, 473, 592, 667, 723, 797] (25)
59 : [107, 108, 243, 379, 417] (24)
60 : [227, 401, 477, 580, 605] (26)
61 : [71, 75, 116, 141, 171, 239, 478, 546, 710] (24)
62 : [6, 60, 393, 436, 529] (25)
63 : [124, 376, 397, 404, 737] (23)
64 : [110, 342, 583, 669, 678, 783] (25)
65 : [49, 168, 367, 721, 745] (24)
66 : [223, 282, 413, 650, 722, 784] (24)
67 : [0, 39, 96, 113, 126, 554, 591] (26)
68 : [20, 189, 269, 368, 425, 642, 686] (26)
69 : [91, 225, 311, 457, 673] (25)
70 : [128, 582, 645, 705, 752] (25)
71 : [37, 58, 295, 296, 537, 690, 696, 768] (25)
72 : [65, 81, 516, 593] (25)
73 : [410, 420, 506, 555, 676] (26)
74 : [101, 127, 199, 215, 217, 232, 544] (24)
75 : [317, 449, 659, 691, 758] (24)
76 : [222, 256, 446, 503, 754, 765] (23)
77 : [313, 455, 543, 616, 626] (23)
78 : [258, 333, 346, 396, 680, 785] (24)
79 : [8, 424, 485, 487, 499, 617, 633, 716, 764] (25)
80 : [17, 137, 198, 452, 454, 509, 610] (25)
81 : [244, 291, 298, 461] (25)
82 : [264, 288, 347, 350, 430, 741] (25)
83 : [93, 186, 358, 547, 571] (24)
84 : [187, 192, 293, 466, 467, 747] (24)
85 : [26, 68, 77, 226, 441, 486, 527, 757] (25)
86 : [43, 160, 308, 330, 577] (26)
87 : [234, 302, 450, 507, 511, 796] (27)
88 : [66, 336, 366, 476, 539, 545, 769] (26)
89 : [94, 175, 399, 530, 586, 654] (27)
90 : [7, 400, 517, 572, 595, 656, 657] (26)
91 : [32, 201, 279, 315, 381, 780] (28)
92 : [33, 88, 508, 623, 704, 799] (28)
93 : [462, 520, 672, 742, 751] (30)
94 : [394, 484, 560, 612, 631] (27)
95 : [87, 287, 521, 535] (29)
96 : [241, 327, 380, 492, 636, 720, 755, 770] (27)
97 : [242, 574, 579, 679, 736, 774] (30)
98 : [216, 340, 371, 470, 761] (29)
99 : [238, 252, 319, 395, 703, 717] (28)
100 : [114, 229, 248, 278, 338, 352, 548, 625] (27)
101 : [36, 152, 158, 581, 621] (27)
102 : [40, 491, 514, 588, 707] (27)
103 : [335, 341, 497, 504, 668, 724, 793] (27)
104 : [12, 89, 324, 411, 699, 792] (28)
105 : [54, 56, 105, 230, 321, 630] (28)
106 : [209, 218, 304, 528] (26)
107 : [57, 63, 102, 211, 214, 683] (26)
108 : [97, 184, 297, 391, 550, 634, 637, 725, 781, 788] (26)
109 : [255, 257, 464, 602, 706, 763] (26)
110 : [309, 320, 339, 355, 372, 598] (26)
111 : [22, 140, 181, 316, 561] (27)
112 : [64, 129, 374, 431, 606] (28)
113 : [30, 147, 177, 182] (27)
114 : [132, 219, 343, 488, 568, 663, 694, 733] (30)
115 : [176, 303, 348, 412, 675, 713, 753] (28)
116 : [197, 213, 299, 392, 434] (30)
117 : [237, 254, 345, 609, 687, 732] (28)
118 : [373, 377, 384, 423, 440, 743] (29)
119 : [21, 195, 265, 290, 480, 587] (28)
120 : [406, 490, 524, 776] (30)
121 : [106, 149, 202, 294, 558, 692, 794] (30)
122 : [51, 196, 344, 495, 674] (30)
123 : [253, 409, 414, 432, 458, 519, 573, 655] (28)
124 : [15, 162, 167, 280, 557, 629] (28)
125 : [9, 78, 188, 310, 429, 542, 614, 651] (28)
126 : [14, 73, 180, 249, 552, 643] (29)
127 : [76, 90, 172, 329, 360, 369] (28)
128 : [133, 143, 144, 501, 711] (29)
129 : [130, 206, 386, 407, 439] (27)
130 : [235, 422, 618, 620] (27)
131 : [174, 322, 405, 518, 708, 729] (27)
132 : [53, 69, 134, 185, 270, 695, 714] (27)
133 : [52, 273, 332, 513, 594, 701, 726] (28)
134 : [433, 505, 622, 627] (28)
135 : [231, 305, 328, 608] (28)
136 : [120, 166, 221, 283, 382, 448, 532, 700] (27)
137 : [59, 156, 390, 468, 775] (27)
138 : [246, 562, 578, 760] (25)
139 : [125, 212, 224, 564] (25)
140 : [170, 183, 191, 702, 712, 773] (20)
141 : [84, 123, 442] (20)
142 : [236, 325, 619, 685] (21)
143 : [] (0)
