Name: 800-20-30
Time: 19.027870178222656 
Result: 1031
Solution:  67 26 44 35 44 4 63 90 82 125 45 3 104 33 127 121 43 80 42 35 70 119 111 28 4 24 87 5 7 40 113 52 93 95 35 46 101 71 46 64 103 17 22 85 23 36 25 31 47 66 51 123 132 130 107 38 105 108 71 136 63 45 2 104 112 72 88 23 86 131 38 62 23 127 6 62 126 84 125 44 45 72 5 38 139 20 48 94 92 106 123 71 39 81 89 51 69 107 58 57 36 74 109 6 52 104 119 58 59 4 64 24 9 67 97 13 64 57 28 20 137 60 52 141 65 139 66 76 68 111 130 23 112 127 135 18 36 84 8 49 108 59 59 129 127 17 49 113 40 121 46 20 101 24 41 58 138 13 102 22 83 23 124 48 28 39 134 126 65 33 140 61 127 18 126 89 115 114 10 27 131 111 113 139 109 133 82 84 125 69 54 139 84 38 47 119 124 116 79 73 30 90 121 11 3 21 129 21 41 106 19 105 139 113 107 72 96 76 106 114 60 139 75 66 139 69 85 62 37 100 103 135 74 48 89 126 140 119 98 64 34 92 96 57 81 53 140 53 100 125 25 14 95 124 115 109 74 110 79 21 55 39 58 56 82 117 24 15 14 68 132 11 46 135 46 38 9 48 99 91 124 49 65 136 20 34 35 95 83 5 120 81 9 84 122 71 73 107 80 117 21 53 86 114 107 135 20 51 90 107 128 67 51 80 44 91 111 74 17 98 108 108 131 16 99 140 10 97 134 130 83 11 136 78 42 102 85 34 100 110 95 104 65 112 122 118 77 83 115 42 81 48 100 25 23 109 52 48 82 9 128 18 55 19 7 44 87 64 68 125 33 98 112 118 114 42 66 119 27 55 97 91 136 6 119 55 130 34 38 35 138 110 116 63 94 97 77 61 39 95 89 59 37 50 63 132 122 128 7 123 73 106 115 70 126 37 7 62 8 51 72 21 133 118 79 66 50 53 50 124 82 112 123 129 116 9 60 37 31 130 118 85 141 37 38 18 76 27 132 74 89 53 82 12 80 78 36 70 122 43 40 81 91 35 109 56 84 85 137 54 101 44 57 59 15 38 87 61 61 21 118 27 43 13 93 79 84 78 118 10 117 102 97 8 19 124 2 103 54 79 31 128 32 78 103 132 74 87 93 78 56 88 11 133 103 28 71 88 131 124 93 95 26 17 121 12 18 85 105 60 90 46 136 42 17 96 30 73 27 86 53 55 125 75 76 86 60 84 100 5 108 27 129 51 64 73 56 124 118 4 91 112 137 31 138 16 16 2 110 27 44 83 90 118 97 57 49 85 138 99 62 102 70 62 47 41 88 119 103 10 32 67 57 73 133 89 39 21 110 44 24 33 106 6 25 59 114 41 135 116 79 11 92 47 123 9 77 79 130 141 131 101 134 95 14 103 75 134 26 126 110 95 3 79 105 28 96 110 11 55 51 13 66 125 3 70 32 45 12 26 65 123 42 50 90 122 88 92 32 75 47 53 51 114 45 46 19 59 100 65 31 15 94 69 120 116 70 40 63 97 78 32 12 108 30 137 67 117 22 55 68 75 121 20 115 135 73 2 22 105 136 128 138 100 90 73 105 101 133 8 58 129 140 115 130 39 77 100 6 2 95 64 68 56 104 105 129 50 52 131 43 6 117 112 34 43 96 63 30 54 50 84 92 120 13 63 22 83 5 9 6 91 69 115 76 99 28 86 75 54 138 98 39 112 79 76 54 36 71 87 96 2 15 140 98 136 120 54 10 15 94 106 40 65 64 78 30 5 110 3 34 41 104 102 122 16 87 59 13 93
0 : [] (0)
1 : [] (0)
2 : [62, 496, 567, 697, 719, 771] (23)
3 : [11, 204, 632, 644, 789] (20)
4 : [5, 24, 109, 559] (21)
5 : [27, 82, 289, 549, 748, 787] (21)
6 : [74, 103, 383, 603, 718, 731, 750] (20)
7 : [28, 364, 408, 416] (21)
8 : [138, 418, 493, 709] (21)
9 : [112, 276, 292, 359, 435, 615, 749] (21)
10 : [178, 326, 489, 589, 778] (21)
11 : [203, 271, 331, 512, 611, 638] (20)
12 : [453, 525, 648, 682] (20)
13 : [115, 157, 483, 641, 744, 798] (20)
14 : [251, 268, 624] (22)
15 : [267, 474, 671, 772, 779] (21)
16 : [323, 565, 566, 795] (22)
17 : [41, 145, 318, 523, 534] (23)
18 : [135, 173, 361, 445, 526] (23)
19 : [210, 363, 494, 666] (22)
20 : [85, 119, 151, 284, 306, 693] (22)
21 : [205, 207, 259, 300, 421, 479, 597] (20)
22 : [42, 159, 688, 698, 746] (21)
23 : [44, 67, 72, 131, 161, 354] (20)
24 : [25, 111, 153, 266, 600] (24)
25 : [46, 250, 353, 604] (22)
26 : [1, 522, 628, 649] (22)
27 : [179, 378, 447, 481, 538, 551, 569] (28)
28 : [23, 118, 164, 515, 635, 756] (23)
29 : [] (0)
30 : [200, 536, 684, 738, 786] (21)
31 : [47, 438, 500, 563, 670] (20)
32 : [502, 590, 646, 658, 681] (21)
33 : [13, 169, 370, 601] (21)
34 : [240, 285, 337, 387, 734, 790] (22)
35 : [3, 19, 34, 286, 389, 463] (22)
36 : [45, 100, 136, 456, 767] (21)
37 : [228, 402, 415, 437, 443] (21)
38 : [55, 70, 83, 193, 275, 388, 444, 475] (21)
39 : [92, 165, 261, 398, 596, 715, 762] (21)
40 : [29, 148, 460, 677, 782] (21)
41 : [154, 208, 585, 607, 791] (22)
42 : [18, 334, 349, 375, 533, 652] (23)
43 : [16, 459, 482, 730, 735] (23)
44 : [2, 4, 79, 314, 365, 471, 570, 599] (23)
45 : [10, 61, 80, 647, 664] (23)
46 : [35, 38, 150, 272, 274, 531, 665] (23)
47 : [48, 194, 584, 613, 660] (25)
48 : [86, 163, 233, 277, 351, 357] (25)
49 : [139, 146, 281, 576] (26)
50 : [403, 426, 428, 653, 727, 740] (24)
51 : [50, 95, 307, 312, 419, 553, 640, 662] (22)
52 : [31, 104, 122, 356, 728] (23)
53 : [245, 247, 301, 427, 451, 540, 661] (23)
54 : [190, 469, 498, 739, 759, 766, 777] (22)
55 : [260, 362, 379, 385, 541, 639, 689] (22)
56 : [263, 465, 510, 556, 723] (25)
57 : [99, 117, 243, 472, 575, 592] (24)
58 : [98, 107, 155, 262, 710] (25)
59 : [108, 141, 142, 401, 473, 605, 667, 797] (23)
60 : [121, 220, 436, 529, 546] (23)
61 : [171, 397, 477, 478] (25)
62 : [71, 75, 227, 417, 580, 583] (24)
63 : [6, 60, 393, 404, 678, 737, 745] (26)
64 : [39, 110, 116, 239, 367, 554, 721, 784] (25)
65 : [124, 168, 282, 342, 650, 669, 783] (25)
66 : [49, 126, 223, 376, 425, 642] (25)
67 : [0, 113, 311, 591, 686] (25)
68 : [128, 269, 368, 690, 722] (28)
69 : [96, 189, 225, 673, 752] (26)
70 : [20, 413, 457, 582, 645, 676] (24)
71 : [37, 58, 91, 295, 516, 768] (23)
72 : [65, 81, 215, 420] (23)
73 : [199, 296, 410, 537, 555, 593, 696, 705] (24)
74 : [101, 232, 256, 317, 449, 506] (23)
75 : [222, 543, 626, 659, 691, 758] (23)
76 : [127, 217, 446, 544, 754, 765] (23)
77 : [346, 396, 616, 716] (23)
78 : [333, 455, 487, 503, 509, 680, 785] (24)
79 : [198, 258, 424, 485, 499, 610, 617, 633, 764] (25)
80 : [17, 298, 313, 454] (25)
81 : [93, 244, 291, 350, 461] (25)
82 : [8, 186, 264, 358, 430, 452] (26)
83 : [160, 288, 330, 347, 571, 747] (27)
84 : [77, 137, 187, 192, 293, 466, 486, 547, 741] (26)
85 : [43, 226, 336, 441, 467, 527, 577] (26)
86 : [68, 302, 539, 545, 757] (25)
87 : [26, 366, 476, 507, 769, 796] (26)
88 : [66, 511, 517, 586, 656] (25)
89 : [94, 175, 234, 400, 450, 595] (26)
90 : [7, 201, 308, 530, 572, 654, 704] (28)
91 : [279, 315, 381, 462, 560, 751] (29)
92 : [88, 241, 612, 657, 742] (29)
93 : [32, 484, 508, 520, 799] (27)
94 : [87, 394, 672, 780] (29)
95 : [33, 252, 287, 340, 399, 521, 623, 631, 720] (27)
96 : [216, 242, 535, 636, 736, 770] (26)
97 : [114, 327, 380, 395, 492, 574, 679] (27)
98 : [238, 319, 371, 761, 774] (27)
99 : [278, 324, 579, 755] (27)
100 : [229, 248, 338, 352, 548, 668, 703, 717] (27)
101 : [36, 152, 470, 621, 707] (29)
102 : [158, 335, 491, 581, 793] (27)
103 : [40, 230, 497, 504, 514, 588, 625] (28)
104 : [12, 63, 105, 341, 724, 792] (27)
105 : [56, 211, 528, 634, 699, 706, 725] (27)
106 : [89, 209, 218, 411, 602, 781] (27)
107 : [54, 97, 214, 297, 304, 309] (27)
108 : [57, 140, 320, 321, 550, 683] (27)
109 : [102, 184, 255, 355, 464] (27)
110 : [257, 339, 391, 568, 598, 630, 637, 788] (27)
111 : [22, 129, 181, 316] (29)
112 : [64, 132, 343, 372, 431, 561, 733, 763] (26)
113 : [30, 147, 182, 213] (27)
114 : [177, 219, 303, 374, 606, 663] (27)
115 : [176, 254, 348, 412, 694, 713, 753] (28)
116 : [197, 392, 434, 609, 675] (30)
117 : [265, 299, 490, 687, 732] (28)
118 : [345, 373, 423, 440, 480, 488, 558, 573] (27)
119 : [21, 106, 195, 237, 377, 384, 587] (28)
120 : [290, 674, 743, 776] (29)
121 : [15, 149, 202, 524, 692] (28)
122 : [294, 344, 406, 458, 655, 794] (30)
123 : [51, 90, 409, 432, 614, 651] (27)
124 : [162, 196, 253, 280, 429, 495, 519, 557] (26)
125 : [9, 78, 188, 249, 369, 542, 643] (28)
126 : [76, 167, 174, 235, 414, 629] (27)
127 : [14, 73, 133, 144, 172] (28)
128 : [310, 360, 407, 501, 701] (30)
129 : [143, 206, 433, 552, 711, 726] (30)
130 : [53, 130, 329, 386, 439, 618, 714] (29)
131 : [69, 180, 322, 518, 620, 729] (30)
132 : [52, 270, 405, 448, 505] (30)
133 : [185, 422, 513, 594, 708] (29)
134 : [166, 328, 622, 627] (31)
135 : [134, 231, 273, 305, 608, 695] (28)
136 : [59, 283, 332, 382, 532, 700, 775] (28)
137 : [120, 468, 562, 685] (28)
138 : [156, 390, 564, 578, 702, 760] (26)
139 : [84, 125, 183, 191, 212, 221, 224] (25)
140 : [170, 236, 246, 325, 712, 773] (25)
141 : [123, 442, 619] (26)
142 : [] (0)
143 : [] (0)
