Name: 800-50-80
Time: 18.58537268638611 
Result: 80
Solution:  112 31 17 80 111 87 123 9 116 116 45 29 115 85 45 16 5 17 37 28 23 104 38 71 14 78 113 97 67 4 66 70 12 49 53 70 44 122 18 72 120 111 14 10 22 74 82 123 77 34 87 64 108 62 24 38 65 90 56 115 91 18 111 79 57 96 9 42 113 15 70 105 52 102 102 57 48 124 50 9 84 108 63 52 126 38 99 87 101 59 116 109 37 46 37 44 125 50 114 73 13 97 79 121 112 97 104 98 68 18 105 93 101 14 71 67 39 106 70 28 105 124 56 34 30 83 52 82 19 56 50 48 51 35 90 113 11 4 43 62 84 5 9 32 113 66 55 64 109 91 70 27 92 123 101 114 75 97 73 34 99 44 69 58 75 81 82 62 116 15 112 62 76 113 85 99 53 75 86 32 17 36 103 124 93 79 51 27 122 10 24 96 14 119 12 105 120 98 60 58 110 42 74 68 4 8 52 98 88 26 81 67 103 118 86 119 51 26 85 73 86 29 46 29 107 122 12 115 69 47 78 13 38 11 4 12 95 118 7 38 88 24 98 70 68 68 65 75 18 52 60 109 67 32 62 115 110 6 41 10 73 115 99 46 114 63 67 100 72 122 106 19 49 97 95 29 120 94 4 95 6 46 62 77 93 63 76 96 40 49 102 122 48 39 78 60 34 81 114 63 122 91 83 24 119 102 123 13 25 6 35 13 118 19 27 119 78 20 122 88 100 4 37 35 24 21 88 95 117 93 124 68 82 126 105 59 52 54 45 11 6 99 115 107 124 81 40 40 90 99 114 109 47 26 106 45 58 77 25 20 4 31 102 6 56 100 104 61 56 27 60 41 90 23 7 47 100 87 93 10 18 77 54 26 31 19 112 60 53 24 28 5 66 119 45 17 88 80 14 107 100 62 73 109 87 66 60 108 73 43 5 68 4 73 98 89 23 22 122 55 24 50 110 16 73 115 46 58 104 8 117 32 60 59 9 68 45 59 84 74 41 93 82 47 76 14 22 105 98 74 13 111 121 17 96 31 107 54 100 81 91 43 23 95 72 96 89 6 43 118 7 103 17 11 77 76 17 33 125 116 13 125 97 54 40 55 125 4 61 126 40 47 63 20 43 113 72 55 69 66 32 118 69 106 57 40 85 120 89 33 80 86 87 72 123 15 39 105 45 34 16 33 10 16 5 87 83 35 41 116 87 47 65 71 125 77 11 80 81 20 62 25 44 71 35 31 4 40 39 29 118 105 78 36 53 23 116 47 72 101 15 111 37 35 25 68 26 45 109 83 94 21 29 79 56 114 92 77 89 81 101 72 12 44 75 109 21 80 94 38 114 50 94 108 61 52 114 83 33 106 4 51 18 64 88 31 33 102 59 63 80 113 17 26 118 66 55 80 79 86 32 114 33 65 126 94 104 120 92 121 53 95 38 15 111 97 90 124 61 110 94 77 43 75 116 26 71 69 124 124 18 35 111 122 29 70 82 113 89 75 106 98 88 17 65 86 82 57 33 84 18 110 63 27 18 103 66 83 61 81 53 107 92 117 25 39 94 91 95 50 46 103 55 82 90 28 92 106 77 56 6 106 107 108 30 28 52 104 104 84 81 112 102 95 22 24 11 59 47 63 65 10 69 15 66 11 106 87 89 88 49 67 109 6 76 121 72 91 113 95 39 36 85 96 5 37 61 59 41 58 70 51 33 69 35 49 90 25 75 93 96 117 57 82 7 121 113 92 4 22 101 79 30 21 7 48 35 14 14 124 42 44 79 41 16 8 20 79 105 21 8 64 94 36 67 92 85 105 125 107
0 : [] (0)
1 : [] (0)
2 : [] (0)
3 : [] (0)
4 : [29, 137, 204, 234, 278, 321, 360, 412, 487, 546, 600, 768] (71)
5 : [16, 141, 391, 410, 524, 744] (51)
6 : [257, 280, 309, 340, 363, 467, 700, 733] (57)
7 : [238, 374, 470, 764, 774] (55)
8 : [205, 429, 785, 790] (54)
9 : [7, 66, 79, 142, 434] (56)
10 : [43, 189, 259, 379, 522, 721] (56)
11 : [136, 233, 339, 473, 536, 716, 725] (54)
12 : [32, 194, 226, 235, 582] (57)
13 : [100, 231, 307, 311, 450, 480] (53)
14 : [24, 42, 113, 192, 398, 445, 777, 778] (51)
15 : [69, 169, 515, 560, 633, 723] (51)
16 : [15, 423, 520, 523, 784] (53)
17 : [2, 17, 180, 395, 453, 472, 476, 612, 663] (50)
18 : [38, 61, 109, 248, 380, 602, 650, 670, 674] (56)
19 : [128, 271, 313, 385] (55)
20 : [317, 359, 493, 539, 786] (56)
21 : [325, 571, 586, 773, 789] (56)
22 : [44, 417, 446, 714, 769] (50)
23 : [20, 373, 416, 462, 555] (57)
24 : [54, 190, 241, 303, 324, 389, 420, 715] (57)
25 : [308, 358, 541, 564, 684, 757] (56)
26 : [209, 217, 353, 383, 566, 613, 645] (59)
27 : [151, 187, 314, 369, 673] (61)
28 : [19, 119, 390, 695, 705] (62)
29 : [11, 221, 223, 275, 549, 572, 654] (61)
30 : [124, 704, 772] (58)
31 : [1, 361, 384, 455, 545, 605] (60)
32 : [143, 179, 253, 431, 500, 620] (58)
33 : [477, 509, 521, 598, 606, 622, 668, 752] (60)
34 : [49, 123, 159, 296, 519] (58)
35 : [133, 310, 323, 527, 544, 563, 651, 754, 776] (55)
36 : [181, 553, 741, 793] (54)
37 : [18, 92, 94, 322, 562, 745] (55)
38 : [22, 55, 85, 232, 239, 589, 632] (54)
39 : [116, 293, 516, 548, 685, 740] (58)
40 : [288, 346, 347, 484, 490, 505, 547] (55)
41 : [258, 371, 440, 528, 748, 783] (55)
42 : [67, 201, 780] (56)
43 : [138, 409, 461, 468, 494, 642] (57)
44 : [36, 95, 161, 542, 583, 781] (56)
45 : [10, 14, 338, 355, 394, 436, 518, 567] (56)
46 : [93, 222, 263, 281, 426, 690] (60)
47 : [229, 352, 375, 443, 491, 531, 557, 718] (66)
48 : [76, 131, 292, 775] (61)
49 : [33, 272, 289, 730, 755] (62)
50 : [78, 97, 130, 421, 591, 689] (63)
51 : [132, 186, 216, 601, 751] (63)
52 : [72, 83, 126, 206, 249, 336, 595, 706] (63)
53 : [34, 176, 388, 554, 630, 680] (63)
54 : [337, 382, 457, 483] (65)
55 : [146, 419, 485, 497, 616, 692] (65)
56 : [58, 122, 129, 364, 368, 574, 699] (66)
57 : [64, 75, 504, 667, 762] (65)
58 : [163, 199, 356, 427, 749] (65)
59 : [89, 335, 433, 437, 608, 717, 747] (64)
60 : [198, 250, 295, 370, 387, 406, 432] (66)
61 : [367, 488, 594, 638, 678, 746] (65)
62 : [53, 139, 167, 171, 254, 282, 401, 540] (64)
63 : [82, 265, 285, 299, 492, 609, 672, 719] (64)
64 : [51, 147, 603, 791] (67)
65 : [56, 246, 532, 623, 664, 720] (65)
66 : [30, 145, 392, 405, 499, 615, 676, 724] (65)
67 : [28, 115, 211, 252, 266, 731, 794] (65)
68 : [108, 203, 244, 245, 331, 411, 435, 565] (66)
69 : [162, 228, 498, 502, 647, 722, 753] (67)
70 : [31, 35, 70, 118, 150, 243, 655, 750] (65)
71 : [23, 114, 533, 543, 646] (68)
72 : [39, 268, 464, 496, 513, 558, 581, 736] (70)
73 : [99, 158, 219, 260, 402, 408, 413, 424] (68)
74 : [45, 202, 439, 449] (72)
75 : [156, 164, 177, 247, 584, 643, 659, 758] (69)
76 : [172, 286, 444, 475, 734] (70)
77 : [48, 283, 357, 381, 474, 535, 577, 641, 698] (69)
78 : [25, 230, 294, 316, 552] (72)
79 : [63, 102, 185, 573, 618, 771, 782, 787] (70)
80 : [3, 397, 510, 537, 587, 610, 617] (69)
81 : [165, 210, 297, 345, 459, 538, 579, 679, 710] (69)
82 : [46, 127, 166, 332, 442, 656, 666, 693, 763] (72)
83 : [125, 302, 526, 569, 597, 677] (74)
84 : [80, 140, 438, 669, 709] (72)
85 : [13, 174, 218, 506, 742, 796] (72)
86 : [178, 214, 220, 511, 619, 665] (72)
87 : [5, 50, 87, 377, 404, 512, 525, 530, 727] (72)
88 : [208, 240, 319, 326, 396, 604, 662, 729] (72)
89 : [415, 466, 508, 578, 658, 728] (72)
90 : [57, 134, 348, 372, 636, 694, 756] (72)
91 : [60, 149, 301, 460, 687, 737] (74)
92 : [152, 576, 628, 682, 696, 767, 795] (75)
93 : [111, 184, 284, 329, 378, 441, 759] (75)
94 : [277, 570, 588, 592, 625, 640, 686, 792] (76)
95 : [236, 274, 279, 327, 463, 631, 688, 713, 739] (74)
96 : [65, 191, 287, 454, 465, 743, 760] (74)
97 : [27, 101, 105, 157, 273, 482, 635] (73)
98 : [107, 197, 207, 242, 414, 448, 661] (75)
99 : [86, 160, 175, 262, 341, 349] (76)
100 : [267, 320, 365, 376, 400, 458] (76)
101 : [88, 112, 154, 559, 580, 770] (75)
102 : [73, 74, 290, 305, 362, 607, 712] (74)
103 : [182, 212, 471, 675, 691] (78)
104 : [21, 106, 366, 428, 626, 707, 708] (73)
105 : [71, 110, 120, 195, 334, 447, 517, 551, 788, 797] (74)
106 : [117, 270, 354, 503, 599, 660, 697, 701, 726] (72)
107 : [224, 343, 399, 456, 681, 702, 799] (73)
108 : [52, 81, 407, 593, 703] (80)
109 : [91, 148, 251, 351, 403, 568, 585, 732] (78)
110 : [200, 256, 422, 639, 671] (77)
111 : [4, 41, 62, 451, 561, 634, 652] (78)
112 : [0, 104, 170, 386, 711] (76)
113 : [26, 68, 135, 144, 173, 495, 611, 657, 738, 766] (74)
114 : [98, 155, 264, 298, 350, 575, 590, 596, 621] (74)
115 : [12, 59, 227, 255, 261, 342, 425] (75)
116 : [8, 9, 90, 168, 479, 529, 556, 644] (75)
117 : [328, 430, 683, 761] (80)
118 : [213, 237, 312, 469, 501, 550, 614] (79)
119 : [193, 215, 304, 315, 393] (80)
120 : [40, 196, 276, 507, 627] (75)
121 : [103, 452, 629, 735, 765] (78)
122 : [37, 188, 225, 269, 291, 300, 318, 418, 653] (77)
123 : [6, 47, 153, 306, 514] (75)
124 : [77, 121, 183, 330, 344, 637, 648, 649, 779] (72)
125 : [96, 478, 481, 486, 534, 798] (67)
126 : [84, 333, 489, 624] (52)
127 : [] (0)
128 : [] (0)
