Name: 800-20-30
Time: 18.877864837646484 
Result: 30
Solution:  70 25 46 38 43 4 61 92 80 125 43 4 104 33 126 122 43 79 44 34 70 119 110 29 4 22 89 4 10 39 108 47 92 94 39 45 101 70 46 67 97 16 23 85 26 36 29 32 47 64 51 122 131 132 103 34 106 109 71 137 61 41 2 104 111 72 88 27 86 133 32 61 22 127 3 63 128 84 124 43 44 74 5 38 140 19 48 95 93 107 123 71 35 81 90 52 68 108 55 56 36 74 106 7 52 105 119 59 60 2 62 23 11 66 98 13 61 59 28 20 137 60 51 140 63 137 67 75 68 113 129 23 112 128 135 17 37 79 9 49 111 59 56 129 129 15 49 113 40 121 45 21 101 26 39 56 138 15 102 22 85 26 124 48 29 40 137 122 65 30 138 61 127 17 126 89 115 110 10 28 130 111 112 138 108 130 81 84 125 69 52 139 84 38 46 120 123 116 80 73 28 90 122 14 2 21 125 23 44 100 20 106 139 115 107 73 99 72 107 115 57 137 72 67 139 69 85 59 37 102 103 135 73 50 90 131 141 118 97 63 35 94 95 57 82 52 139 53 101 124 24 14 99 124 117 109 76 113 80 18 54 38 58 55 82 115 25 15 13 70 132 11 46 135 45 37 8 48 99 92 122 46 67 137 17 35 35 95 84 8 120 81 11 83 121 72 71 110 81 117 22 53 87 114 105 135 20 53 86 112 128 69 51 77 44 94 111 76 17 99 104 107 131 16 100 141 10 96 134 127 83 7 136 79 42 102 85 34 100 109 97 103 64 113 121 117 77 83 115 41 82 47 100 26 26 110 52 46 82 9 127 18 54 20 5 46 88 60 68 127 34 102 112 119 114 40 65 119 25 57 96 88 136 6 118 55 128 35 38 37 137 110 115 65 93 98 78 63 43 94 90 59 38 50 64 131 124 129 6 123 73 105 115 71 126 37 6 61 8 54 72 21 132 118 78 66 50 54 50 123 83 113 123 132 116 11 60 37 31 131 118 82 140 36 38 20 76 28 135 71 90 52 80 13 80 76 36 70 123 42 39 84 93 34 110 56 86 85 136 55 98 43 58 60 16 35 87 62 61 21 118 28 43 16 92 79 82 78 118 10 119 104 96 9 18 119 3 102 51 79 33 126 32 77 103 133 74 87 91 78 56 86 10 133 102 26 75 88 131 124 94 95 28 19 125 12 18 85 103 61 91 47 134 42 18 96 30 71 27 88 55 55 128 75 75 88 59 83 101 7 112 28 127 51 67 74 57 125 121 2 90 113 138 33 141 14 14 2 113 27 44 83 92 118 97 58 49 87 138 97 62 99 68 64 48 41 87 121 103 9 32 66 58 71 133 89 40 21 116 39 25 29 109 6 23 59 113 43 133 116 79 13 92 47 124 9 77 80 130 140 130 101 134 91 12 103 72 134 31 125 109 95 5 79 108 28 97 111 11 50 52 17 64 126 3 70 31 45 12 24 66 122 44 50 89 123 89 90 33 75 47 52 52 114 45 45 17 58 101 64 30 16 93 69 121 112 72 41 63 99 76 30 13 107 30 141 67 114 22 52 71 73 118 17 116 135 73 6 24 105 137 131 138 100 89 70 106 101 132 8 61 129 138 117 132 39 78 100 7 2 95 65 66 55 99 107 133 50 52 131 44 5 118 113 35 44 96 64 29 54 51 84 92 117 11 62 22 83 7 9 5 94 68 116 79 98 27 86 78 56 138 96 39 112 79 75 53 34 73 84 93 3 17 139 96 136 120 56 11 16 91 108 42 65 63 78 33 3 112 2 34 41 106 102 120 19 87 59 13 91
0 : [] (0)
1 : [] (0)
2 : [62, 109, 204, 559, 567, 719, 789] (20)
3 : [74, 496, 644, 771, 787] (21)
4 : [5, 11, 24, 27] (21)
5 : [82, 364, 632, 731, 750] (22)
6 : [383, 408, 416, 603, 697] (21)
7 : [103, 331, 549, 718, 748] (20)
8 : [276, 289, 418, 709] (20)
9 : [138, 359, 493, 589, 615, 749] (20)
10 : [28, 178, 326, 489, 512] (21)
11 : [112, 271, 292, 435, 638, 744, 778] (20)
12 : [525, 624, 648] (22)
13 : [115, 268, 453, 611, 682, 798] (20)
14 : [203, 251, 565, 566] (21)
15 : [145, 157, 267] (21)
16 : [41, 323, 474, 483, 671, 779] (22)
17 : [135, 173, 284, 318, 641, 666, 693, 772] (21)
18 : [259, 361, 494, 526, 534] (20)
19 : [85, 523, 795] (20)
20 : [119, 210, 306, 363, 445] (21)
21 : [151, 205, 421, 479, 597] (24)
22 : [25, 72, 159, 300, 688, 746] (20)
23 : [42, 111, 131, 207, 604] (20)
24 : [250, 649, 698] (21)
25 : [1, 266, 378, 600] (24)
26 : [44, 153, 161, 353, 354, 515] (21)
27 : [67, 538, 569, 756] (20)
28 : [118, 179, 200, 447, 481, 522, 551, 635] (20)
29 : [23, 46, 164, 601, 738] (20)
30 : [169, 536, 670, 681, 684] (21)
31 : [438, 628, 646] (21)
32 : [47, 70, 502, 590] (22)
33 : [13, 500, 563, 658, 786] (21)
34 : [19, 55, 337, 370, 463, 767, 790] (20)
35 : [92, 240, 285, 286, 387, 475, 734] (20)
36 : [45, 100, 443, 456] (20)
37 : [136, 228, 275, 389, 415, 437] (21)
38 : [3, 83, 193, 261, 388, 402, 444] (23)
39 : [29, 34, 154, 460, 599, 715, 762] (28)
40 : [148, 165, 375, 596] (26)
41 : [61, 349, 585, 677, 791] (20)
42 : [334, 459, 533, 782] (22)
43 : [4, 10, 16, 79, 398, 471, 482, 607] (22)
44 : [18, 80, 208, 314, 570, 652, 730, 735] (22)
45 : [35, 150, 274, 647, 664, 665] (22)
46 : [2, 38, 194, 272, 281, 357, 365] (22)
47 : [31, 48, 351, 531, 613, 660] (27)
48 : [86, 163, 277, 584] (24)
49 : [139, 146, 576] (23)
50 : [233, 403, 426, 428, 639, 653, 727] (20)
51 : [50, 122, 312, 498, 553, 740] (22)
52 : [95, 104, 190, 245, 356, 451, 640, 661, 662, 689, 728] (26)
53 : [247, 301, 307, 766] (20)
54 : [260, 362, 419, 427, 739] (22)
55 : [98, 263, 385, 469, 540, 541, 723] (26)
56 : [99, 142, 155, 465, 510, 759, 777] (29)
57 : [220, 243, 379, 556] (20)
58 : [262, 472, 575, 592, 667] (21)
59 : [107, 117, 141, 227, 401, 546, 605, 797] (28)
60 : [108, 121, 367, 436, 473] (22)
61 : [6, 60, 71, 116, 171, 417, 478, 529, 710] (27)
62 : [110, 477, 580, 745] (20)
63 : [75, 124, 239, 397, 678, 784] (24)
64 : [49, 342, 404, 583, 642, 669, 737] (25)
65 : [168, 376, 393, 721, 783] (24)
66 : [113, 425, 591, 650, 722] (27)
67 : [39, 126, 223, 282, 554, 686] (22)
68 : [96, 128, 368, 582, 752] (24)
69 : [189, 225, 311, 673] (24)
70 : [0, 20, 37, 269, 457, 645, 705] (23)
71 : [58, 91, 296, 413, 449, 537, 593, 690] (23)
72 : [65, 217, 222, 295, 420, 626, 676] (24)
73 : [199, 215, 232, 410, 691, 696, 768] (23)
74 : [81, 101, 506, 555] (24)
75 : [127, 516, 543, 544, 659, 765] (29)
76 : [256, 317, 446, 455, 680] (20)
77 : [313, 346, 503, 616] (27)
78 : [396, 424, 487, 509, 716, 758, 785] (25)
79 : [17, 137, 333, 485, 499, 610, 633, 754, 764] (25)
80 : [8, 198, 258, 452, 454, 617] (26)
81 : [93, 186, 291, 298] (27)
82 : [244, 264, 350, 358, 441, 486] (26)
83 : [293, 330, 347, 430, 547, 571, 747] (26)
84 : [77, 187, 192, 288, 461, 741, 769] (26)
85 : [43, 160, 226, 336, 467, 527] (28)
86 : [68, 308, 466, 511, 757] (27)
87 : [302, 476, 507, 577, 586, 796] (27)
88 : [66, 366, 381, 517, 539, 545] (27)
89 : [26, 175, 595, 654, 656, 704] (28)
90 : [94, 201, 234, 400, 450, 560, 657] (27)
91 : [508, 530, 623, 780, 799] (27)
92 : [7, 32, 279, 484, 572, 612, 742] (26)
93 : [88, 394, 462, 672, 770] (26)
94 : [33, 241, 315, 399, 520, 751] (27)
95 : [87, 242, 287, 521, 631, 720] (26)
96 : [327, 380, 492, 535, 736, 761, 774] (27)
97 : [40, 238, 340, 574, 579, 636] (27)
98 : [114, 395, 470, 755] (27)
99 : [216, 252, 278, 319, 581, 679, 724] (26)
100 : [209, 324, 338, 352, 703, 717] (27)
101 : [36, 152, 248, 548, 621, 668, 707] (28)
102 : [158, 229, 335, 371, 497, 514, 793] (30)
103 : [54, 230, 341, 504, 528, 588, 625] (29)
104 : [12, 63, 320, 491] (27)
105 : [105, 304, 411, 699] (29)
106 : [56, 102, 211, 706, 792] (30)
107 : [89, 214, 218, 321, 683, 725] (29)
108 : [30, 97, 184, 634, 781] (27)
109 : [57, 255, 339, 602, 630] (27)
110 : [22, 177, 297, 355, 391, 464] (28)
111 : [64, 140, 181, 316, 637] (29)
112 : [132, 182, 309, 372, 550, 675, 763, 788] (26)
113 : [129, 147, 257, 343, 431, 561, 568, 606, 733] (27)
114 : [303, 374, 663, 687] (26)
115 : [176, 213, 219, 265, 348, 392, 412] (27)
116 : [197, 434, 598, 609, 694, 753] (26)
117 : [254, 299, 345, 713, 743] (26)
118 : [237, 384, 423, 440, 480, 488, 573, 692, 732] (29)
119 : [21, 106, 373, 377, 490, 495] (30)
120 : [195, 290, 776, 794] (24)
121 : [149, 294, 344, 558, 587, 674] (26)
122 : [15, 51, 167, 202, 280, 651] (27)
123 : [90, 196, 409, 429, 432, 458, 655] (27)
124 : [78, 162, 249, 253, 406, 519, 614] (27)
125 : [9, 188, 206, 524, 557, 629] (29)
126 : [14, 174, 414, 501, 643] (29)
127 : [73, 172, 329, 360, 369, 552] (30)
128 : [76, 133, 310, 386, 542] (30)
129 : [130, 143, 144, 407, 711] (30)
130 : [180, 185, 618, 620] (30)
131 : [52, 235, 322, 405, 439, 518, 701, 729] (30)
132 : [53, 270, 422, 433, 708, 714] (28)
133 : [69, 505, 513, 594, 608, 726] (28)
134 : [328, 532, 622, 627] (27)
135 : [134, 231, 273, 305, 448, 695] (28)
136 : [332, 382, 468, 775] (26)
137 : [59, 120, 125, 166, 221, 283, 390, 700] (27)
138 : [156, 170, 183, 562, 578, 702, 712, 760] (29)
139 : [191, 212, 224, 246, 773] (24)
140 : [84, 123, 442, 619] (27)
141 : [236, 325, 564, 685] (29)
142 : [] (0)
143 : [] (0)
