Name: 800-30-45
Time: 19.17068648338318 
Result: 45
Solution:  67 44 63 19 109 60 51 69 51 40 115 4 53 85 5 100 39 34 93 28 30 102 96 102 95 119 22 94 83 12 28 29 105 74 102 43 113 84 38 22 96 63 96 43 42 72 96 11 74 33 100 37 81 7 69 51 36 60 50 108 116 40 31 58 71 5 81 19 32 16 91 108 71 83 37 52 41 55 16 90 27 46 96 16 90 9 39 48 92 97 91 43 100 88 50 61 49 78 13 8 43 113 57 32 13 114 80 61 12 74 21 20 55 70 99 14 67 57 22 41 75 4 94 42 96 18 65 18 51 36 12 51 97 54 110 76 42 68 101 92 30 80 85 108 91 86 98 102 111 34 40 50 75 61 8 6 75 29 5 68 47 94 42 23 85 30 92 61 7 86 29 121 66 5 5 76 75 119 36 120 99 120 98 55 49 105 13 56 52 12 103 73 117 43 5 89 27 66 82 27 51 33 84 38 26 35 60 9 89 38 37 51 113 112 70 89 85 108 115 69 112 79 39 82 80 38 118 61 64 119 72 37 107 74 19 92 54 94 17 100 86 42 31 28 20 95 50 74 104 48 118 31 27 44 35 63 48 114 44 72 51 104 57 89 97 78 97 33 29 95 40 59 4 77 19 4 111 56 62 108 51 121 79 59 52 24 108 38 40 64 48 64 45 101 26 82 116 30 115 23 25 36 34 121 32 79 88 117 16 68 18 112 12 70 54 29 70 17 37 85 61 54 17 18 44 58 29 76 109 84 67 66 106 98 54 94 94 55 47 100 86 33 20 54 19 36 51 121 89 56 110 100 101 82 30 46 68 88 83 69 107 102 12 19 42 43 28 37 41 75 51 23 103 76 12 10 10 83 71 23 39 94 9 49 22 60 7 120 49 5 34 87 24 36 110 15 113 78 9 33 30 44 81 64 106 89 81 49 19 68 64 72 105 109 56 25 53 111 42 80 70 64 106 41 32 6 58 89 100 32 12 21 33 39 46 48 25 110 111 94 58 99 103 73 80 102 15 14 23 107 76 106 45 118 105 34 9 97 106 35 25 107 43 62 115 84 77 56 109 110 18 7 78 57 111 36 75 51 13 95 24 47 64 7 40 5 96 61 115 6 54 73 43 90 38 96 116 77 117 114 30 54 76 55 121 30 94 103 103 82 121 86 89 112 26 104 65 67 94 12 78 113 13 111 85 69 107 105 120 65 21 57 93 98 92 75 34 54 47 19 76 19 85 114 103 27 52 48 71 11 90 97 104 74 65 87 60 9 104 16 53 17 98 80 60 88 108 31 79 87 93 65 47 88 23 74 93 5 111 37 118 101 87 113 73 81 58 7 90 84 45 60 81 116 47 65 118 106 14 15 50 121 95 100 61 87 61 47 55 32 63 9 36 116 101 25 4 57 5 22 20 28 38 120 55 31 108 11 29 37 63 67 102 42 67 97 111 44 81 41 58 82 68 6 116 102 94 73 59 120 113 79 56 27 63 41 29 102 6 24 91 101 74 93 4 82 120 60 46 82 22 91 27 94 46 72 55 87 15 110 72 87 77 9 64 25 30 66 4 104 76 94 83 27 28 119 81 105 58 15 63 45 46 37 76 51 98 74 8 14 38 11 94 114 6 38 44 16 36 26 53 12 76 80 102 69 101 88 16 66 31 99 106 39 58 90 75 119 58 69 86 112 19 120 35 17 70 107 56 70 21 58 115 62 109 36 71 76 110 5 65 72 8 113 109 85 116 72 61 109 117 77 46 15 11 83 86 89 64 48 59 54 24 20 7 32 21 39 14 54 77 54 114 112 10 48 116 78 95 45
0 : [] (0)
1 : [] (0)
2 : [] (0)
3 : [] (0)
4 : [11, 121, 272, 275, 616, 664, 688] (37)
5 : [14, 65, 158, 173, 174, 194, 389, 485, 577, 618, 759] (42)
6 : [155, 425, 489, 643, 658, 714] (31)
7 : [53, 168, 386, 471, 483, 587, 784] (32)
8 : [99, 154, 708, 762] (32)
9 : [85, 207, 382, 398, 456, 557, 611, 683] (33)
10 : [375, 376, 794] (31)
11 : [47, 549, 627, 711, 774] (31)
12 : [29, 108, 130, 189, 312, 362, 374, 430, 519, 721] (31)
13 : [98, 104, 186, 478, 522] (31)
14 : [115, 447, 598, 709, 788] (31)
15 : [395, 446, 599, 678, 699, 773] (31)
16 : [69, 78, 83, 308, 559, 717, 728] (31)
17 : [238, 317, 322, 561, 745] (32)
18 : [125, 127, 310, 323, 470] (32)
19 : [3, 67, 234, 274, 344, 363, 408, 539, 541, 742] (31)
20 : [111, 244, 342, 620, 783] (33)
21 : [110, 431, 530, 750, 786] (31)
22 : [26, 39, 118, 384, 619, 670] (31)
23 : [163, 299, 371, 379, 448, 574] (32)
24 : [285, 392, 480, 659, 782] (32)
25 : [300, 415, 436, 460, 615, 685] (35)
26 : [204, 294, 514, 719] (34)
27 : [80, 196, 199, 252, 545, 653, 672, 693] (34)
28 : [19, 30, 243, 366, 621, 694] (34)
29 : [31, 157, 170, 268, 315, 326, 628, 656] (33)
30 : [20, 140, 165, 297, 354, 400, 500, 505, 686] (33)
31 : [62, 242, 251, 567, 625, 730] (33)
32 : [68, 103, 304, 424, 429, 609, 785] (34)
33 : [49, 201, 267, 341, 399, 432] (33)
34 : [17, 149, 302, 390, 455, 536] (33)
35 : [205, 254, 459, 744] (38)
36 : [56, 129, 178, 301, 345, 393, 475, 612, 718, 755] (33)
37 : [51, 74, 210, 231, 318, 367, 579, 629, 703] (33)
38 : [38, 203, 209, 225, 287, 494, 622, 710, 715] (33)
39 : [16, 86, 222, 380, 433, 733, 787] (36)
40 : [9, 61, 150, 270, 288, 484] (37)
41 : [76, 119, 368, 423, 639, 655] (37)
42 : [44, 123, 136, 162, 241, 364, 418, 633] (37)
43 : [35, 43, 91, 100, 193, 365, 462, 492] (37)
44 : [1, 253, 258, 324, 401, 637, 716] (37)
45 : [292, 452, 590, 701, 799] (39)
46 : [81, 355, 434, 668, 674, 702, 772] (37)
47 : [160, 338, 481, 538, 572, 594, 607] (38)
48 : [87, 249, 256, 290, 435, 547, 779, 795] (37)
49 : [96, 184, 383, 388, 407] (39)
50 : [58, 94, 151, 246, 600] (35)
51 : [6, 8, 55, 128, 131, 200, 211, 260, 280, 346, 370, 477, 705] (39)
52 : [75, 188, 284, 546] (36)
53 : [12, 416, 560, 720] (36)
54 : [133, 236, 314, 321, 334, 343, 490, 501, 537, 781, 789, 791] (37)
55 : [77, 112, 183, 337, 503, 608, 624, 676] (36)
56 : [187, 277, 349, 414, 467, 652, 748] (36)
57 : [102, 117, 262, 473, 531, 617] (36)
58 : [63, 325, 426, 440, 586, 640, 698, 734, 738, 751] (36)
59 : [271, 283, 648, 780] (39)
60 : [5, 57, 206, 385, 556, 564, 591, 667] (37)
61 : [95, 107, 153, 167, 227, 320, 487, 604, 606, 768] (43)
62 : [278, 463, 753] (37)
63 : [2, 41, 255, 610, 630, 654, 700] (38)
64 : [228, 289, 291, 403, 410, 421, 482, 684, 778] (38)
65 : [126, 516, 529, 554, 571, 595, 760] (33)
66 : [172, 197, 331, 687, 729] (39)
67 : [0, 116, 330, 517, 631, 634] (39)
68 : [137, 159, 309, 356, 409, 642] (38)
69 : [7, 54, 219, 359, 525, 725, 739] (38)
70 : [113, 214, 313, 316, 420, 746, 749] (37)
71 : [64, 72, 378, 548, 756] (37)
72 : [45, 230, 259, 411, 675, 680, 761, 767] (37)
73 : [191, 443, 491, 584, 647] (39)
74 : [33, 48, 109, 233, 247, 553, 575, 662, 707] (37)
75 : [120, 152, 156, 176, 369, 476, 535, 736] (37)
76 : [135, 175, 327, 373, 450, 502, 540, 690, 704, 722, 757] (38)
77 : [273, 466, 497, 682, 771, 790] (37)
78 : [97, 265, 397, 472, 520, 797] (40)
79 : [221, 282, 305, 568, 651] (42)
80 : [106, 141, 224, 419, 444, 563, 723] (41)
81 : [52, 66, 402, 406, 585, 592, 638, 696] (44)
82 : [198, 223, 295, 353, 509, 641, 665, 669] (40)
83 : [28, 73, 358, 377, 692, 775] (36)
84 : [37, 202, 329, 465, 589] (42)
85 : [13, 142, 164, 216, 319, 524, 542, 765] (41)
86 : [145, 169, 240, 340, 511, 740, 776] (43)
87 : [391, 555, 569, 582, 605, 677, 681] (43)
88 : [93, 306, 357, 565, 573, 727] (43)
89 : [195, 208, 215, 263, 348, 405, 427, 512, 777] (43)
90 : [79, 84, 493, 550, 588, 735] (43)
91 : [70, 90, 144, 660, 671] (45)
92 : [88, 139, 166, 235, 534] (44)
93 : [18, 532, 570, 576, 663] (43)
94 : [27, 122, 161, 237, 335, 336, 381, 439, 506, 518, 646, 673, 691, 712] (43)
95 : [24, 245, 269, 479, 602, 798] (43)
96 : [22, 40, 42, 46, 82, 124, 486, 495] (42)
97 : [89, 132, 264, 266, 457, 551, 635] (44)
98 : [146, 182, 333, 533, 562, 706] (40)
99 : [114, 180, 441, 731] (43)
100 : [15, 50, 92, 239, 339, 351, 428, 603] (42)
101 : [138, 293, 352, 581, 614, 661, 726] (38)
102 : [21, 23, 34, 147, 361, 445, 632, 645, 657, 724] (40)
103 : [190, 372, 442, 507, 508, 544] (42)
104 : [248, 261, 515, 552, 558, 689] (44)
105 : [32, 185, 412, 454, 527, 697] (43)
106 : [332, 404, 422, 451, 458, 597, 732] (44)
107 : [232, 360, 449, 461, 526, 747] (43)
108 : [59, 71, 143, 217, 279, 286, 566, 626] (41)
109 : [4, 328, 413, 468, 754, 764, 769] (42)
110 : [134, 350, 394, 437, 469, 679, 758] (41)
111 : [148, 276, 417, 438, 474, 523, 578, 636] (43)
112 : [213, 220, 311, 513, 741, 793] (43)
113 : [36, 101, 212, 396, 521, 583, 650, 763] (43)
114 : [105, 257, 499, 543, 713, 792] (42)
115 : [10, 218, 298, 464, 488, 752] (42)
116 : [60, 296, 496, 593, 613, 644, 766, 796] (43)
117 : [192, 307, 498, 770] (40)
118 : [226, 250, 453, 580, 596] (41)
119 : [25, 177, 229, 695, 737] (38)
120 : [179, 181, 387, 528, 623, 649, 666, 743] (38)
121 : [171, 281, 303, 347, 504, 510, 601] (38)
122 : [] (0)
123 : [] (0)
