200
10514 10 854 1959 2596 3376 4348 4085 9204 7428 8562 2172 10832 9769 10162 3503 364 8324 10270 7173 9514 2596 3204 6709 8708 5914 7758 7955 11769 7895 4112 3066 10798 3541 839 6398 10117 5717 2271 10067 5570 10215 6591 8545 5173 4743 7784 2927 2736 1967 3489 7286 7806 2750 8577 3150 9100 10982 6620 9338 11394 6513 7193 7662 6806 3810 2379 1801 5952 10443 7633 10907 8914 8460 5946 6145 7831 5562 2104 7225 11749 5541 10355 9972 9232 8959 3660 236 11870 721 4643 4853 3009 2127 7502 3327 7746 10549 5621 7542 3604 1792 2040 210 6592 11554 8390 8827 3795 9683 10333 7046 2452 1586 354 7891 7507 12173 281 2603 7267 9133 12131 4158 1822 6068 1467 4236 1367 8769 9234 10213 6310 1336 2052 3810 1994 8396 9430 8147 8325 1454 732 9585 2032 8605 4328 618 4134 5631 12219 1203 8105 1771 4603 10024 9480 8483 8918 2974 5418 5720 2531 7168 7637 8045 7544 696 3713 2576 4555 1343 10561 9391 7061 10328 5618 3465 5373 5466 8019 2873 3580 5763 1945 6249 1681 7102 12077 5247 4158 89 8265 471 9423 9697 1046 10881 10428 3225
100
183 94 169 103 116 91 141 189 133 56 165 103 54 146 77 162 84 120 191 109 62 181 114 198 156 56 102 98 64 118 122 65 66 136 110 121 166 180 122 127 149 188 179 55 87 98 110 192 83 118 165 152 173 173 109 95 128 120 96 183 123 195 118 114 140 79 102 155 178 174 109 96 53 51 128 166 50 122 142 189 113 54 194 114 142 193 111 65 116 75 65 104 135 125 111 151 109 73 170 64
1990
110 128
123 56
128 106
6 37
99 95
163 68
8 13
137 27
84 153
186 107
51 164
144 158
190 119
61 1
22 13
45 18
141 184
39 178
152 65
189 187
113 134
79 161
26 40
139 66
187 126
37 200
155 162
23 3
84 175
124 146
125 148
8 170
49 162
200 133
117 53
168 190
189 66
39 105
105 23
48 134
196 167
127 19
11 16
34 63
56 179
192 55
97 14
48 83
112 150
57 72
24 71
178 191
147 134
111 62
160 18
162 49
61 16
6 67
63 121
117 43
3 181
154 93
137 159
97 144
20 175
141 70
55 149
12 128
34 184
140 153
19 60
60 9
121 30
76 182
183 50
129 143
68 18
160 172
12 153
45 148
63 97
175 128
7 26
199 106
142 190
99 93
46 27
30 147
12 105
116 25
199 78
9 50
132 14
171 183
181 10
186 143
147 120
180 161
162 183
114 175
125 90
77 72
171 82
106 62
45 141
80 165
173 155
114 49
53 141
104 140
110 151
95 175
107 64
198 178
158 34
155 163
105 19
104 35
152 115
96 129
39 47
27 107
52 62
114 3
92 27
59 48
52 47
69 101
60 174
154 4
137 125
198 21
7 99
61 11
177 197
147 137
93 102
21 60
190 92
142 67
105 98
95 13
167 23
198 11
79 142
117 189
38 165
11 58
122 112
34 132
21 45
13 20
191 17
155 129
9 168
162 167
121 53
23 105
95 117
71 6
65 191
36 152
112 79
27 63
43 121
70 3
173 188
168 135
57 88
85 99
163 79
96 16
162 17
195 5
21 75
121 63
53 77
65 150
107 70
115 11
70 166
96 33
140 37
52 59
123 135
124 46
29 99
30 138
9 13
2 185
72 115
140 191
174 106
119 127
39 187
47 69
135 129
191 176
144 114
58 19
150 135
138 58
4 50
24 31
198 76
3 109
174 200
9 60
116 15
169 30
26 172
76 133
138 75
90 97
39 62
17 174
184 122
170 75
138 158
137 42
134 111
91 62
129 197
178 153
189 160
9 126
167 120
182 50
77 138
129 13
31 101
150 121
2 111
183 123
102 86
137 197
145 18
59 101
27 2
52 93
190 150
87 93
40 51
32 175
81 103
191 32
198 93
67 179
61 134
175 162
161 102
77 199
59 190
150 191
50 137
95 162
74 121
165 111
184 10
49 80
17 114
168 44
88 54
153 60
142 156
58 87
7 120
145 189
150 82
135 190
150 58
89 82
25 10
132 156
5 97
36 149
169 190
29 142
125 121
109 191
140 19
3 170
174 94
86 26
113 118
65 23
29 58
86 95
99 148
147 114
194 80
174 112
108 25
122 191
147 141
104 166
97 170
132 104
162 15
28 142
198 25
102 109
198 8
197 19
167 13
14 173
129 181
192 174
98 78
40 117
110 43
4 69
102 111
10 184
83 147
50 47
171 138
111 55
146 118
79 190
196 166
171 96
139 62
161 8
184 8
187 146
200 84
91 119
144 163
177 64
38 51
64 187
61 46
127 147
98 49
83 35
90 161
33 71
165 172
28 8
56 6
65 1
119 48
135 191
122 145
118 54
130 179
123 10
83 59
188 124
136 195
125 64
129 23
72 22
132 3
70 176
139 20
11 19
27 200
165 14
57 45
180 138
154 94
86 183
186 190
188 68
51 54
80 136
142 137
145 102
7 129
186 144
35 124
195 143
118 151
196 4
38 119
108 5
186 15
34 137
121 143
183 78
129 64
79 13
19 36
128 131
68 65
102 115
74 84
193 72
35 49
97 126
127 147
200 174
75 83
118 173
129 87
48 36
177 64
113 116
194 131
78 92
168 107
118 147
164 122
99 115
122 169
175 6
124 60
37 14
97 35
164 34
72 157
95 11
108 66
109 107
178 11
115 141
88 123
38 41
48 22
73 17
170 181
158 70
155 31
141 117
180 182
161 128
98 2
28 127
102 83
183 92
8 5
114 190
17 24
56 52
169 165
48 165
34 163
98 42
20 6
120 97
178 76
53 182
192 46
109 24
118 84
7 175
199 38
144 151
182 82
91 49
38 72
123 5
178 3
100 97
158 140
118 180
135 43
181 179
41 131
129 198
103 13
49 197
154 128
69 194
97 36
143 57
144 59
33 66
179 86
132 106
196 55
92 33
41 73
150 37
178 147
130 127
91 147
107 59
20 132
110 186
33 177
162 75
180 105
193 74
192 114
87 97
153 32
155 142
85 67
185 8
158 188
77 164
67 127
3 58
49 140
185 133
198 23
27 183
196 170
55 4
145 65
158 31
92 15
133 93
171 46
161 120
171 156
105 157
175 110
15 154
180 57
152 188
2 20
91 186
66 34
157 107
129 80
87 147
157 37
75 78
113 13
170 167
175 88
18 178
23 193
128 114
45 5
193 22
161 21
161 123
84 178
117 175
74 85
143 54
153 67
163 69
29 120
96 129
73 139
12 187
119 91
43 188
69 122
70 26
97 21
185 79
87 58
150 66
133 144
125 156
155 103
180 54
12 46
158 73
58 185
28 172
131 35
169 178
165 40
49 193
48 66
92 148
155 29
49 134
61 99
197 167
154 137
199 23
1 55
169 49
139 42
162 195
148 199
133 8
112 102
150 47
188 6
147 158
21 64
152 110
88 156
45 115
86 123
57 5
146 46
6 29
46 91
83 45
36 20
3 183
87 139
153 4
42 123
25 158
76 199
176 78
117 5
173 145
197 174
69 189
153 40
29 137
54 48
170 77
54 55
60 179
195 18
73 71
64 113
8 69
50 142
13 102
114 55
169 12
174 101
49 182
18 173
43 171
55 194
29 64
10 38
194 44
171 52
171 63
176 172
69 35
35 119
75 180
197 119
192 143
114 41
183 86
133 1
198 135
68 50
86 50
80 189
122 28
9 109
129 86
151 172
168 154
123 127
192 64
198 139
146 123
44 7
49 50
64 178
17 104
33 96
197 161
135 73
104 156
43 25
74 11
12 83
152 74
189 118
75 149
144 107
82 149
145 65
21 16
73 98
32 114
144 59
111 66
96 179
140 171
113 49
69 39
187 97
148 137
76 185
49 188
119 188
36 191
60 183
147 101
107 161
5 194
177 7
26 200
134 45
195 19
53 111
67 103
5 189
200 118
157 132
101 124
90 83
149 16
116 24
110 72
51 181
45 192
79 91
35 188
54 13
150 92
141 22
79 119
131 178
179 126
59 164
176 13
38 97
87 188
35 119
36 103
51 32
50 178
29 80
190 19
193 187
91 40
151 47
46 89
28 62
4 167
147 26
168 85
52 10
51 141
20 143
43 18
154 2
119 117
24 56
59 57
54 125
140 126
50 170
90 198
113 116
37 79
41 125
112 22
94 88
93 111
24 188
88 47
49 121
10 149
73 125
106 158
21 45
166 105
118 126
173 96
184 111
73 75
28 138
28 42
102 56
122 177
126 65
164 155
124 170
135 82
64 159
28 127
63 43
161 176
129 184
200 55
157 22
11 59
169 167
16 110
144 164
191 31
75 91
29 97
28 108
98 106
77 199
116 140
78 12
21 28
136 190
52 197
34 93
85 76
20 186
60 89
176 83
38 114
161 74
49 56
174 160
88 98
138 193
130 35
122 95
197 46
182 28
115 199
27 68
48 152
195 22
163 164
85 120
78 121
71 26
18 105
113 3
200 80
131 199
56 100
105 85
150 187
165 43
97 62
158 133
21 148
70 37
57 145
50 58
59 25
187 99
155 136
164 19
21 46
169 26
79 64
117 196
8 200
54 132
24 164
174 54
139 115
40 69
155 36
47 198
56 54
51 120
26 153
13 2
92 148
169 18
12 56
118 112
177 60
200 28
73 67
76 141
139 186
71 53
176 103
186 131
52 171
96 158
183 22
117 187
147 74
34 193
160 115
189 18
75 106
28 55
33 23
71 116
136 71
162 183
137 153
11 139
199 135
117 191
140 61
166 142
162 180
116 78
135 177
68 176
133 192
147 126
119 152
32 55
70 82
185 181
9 29
54 155
40 144
50 41
96 197
26 146
197 164
7 124
102 86
149 179
180 89
160 165
128 172
6 7
98 36
132 11
15 130
60 5
76 72
140 103
137 143
192 196
186 170
52 67
120 153
184 192
70 4
159 2
75 112
66 194
13 144
21 10
135 50
159 179
45 190
2 111
19 157
53 83
188 68
134 174
117 10
196 105
32 80
44 49
122 38
128 152
31 22
129 154
169 133
132 107
183 28
179 168
16 107
105 95
143 98
146 31
88 148
134 21
127 111
44 93
106 169
85 119
167 142
39 36
192 135
81 156
188 87
160 119
84 116
22 80
116 180
93 50
99 200
152 41
16 77
184 159
200 52
28 33
33 79
84 28
67 41
153 105
102 73
121 76
119 172
119 48
174 68
106 94
117 49
167 129
127 5
47 12
119 154
138 144
51 21
141 126
184 3
28 134
112 186
40 48
103 94
28 44
149 123
41 156
200 73
43 96
89 69
65 6
75 51
131 98
29 160
68 57
55 37
112 137
1 139
176 182
45 79
116 51
128 153
46 150
199 154
89 72
32 94
25 95
198 121
165 140
184 101
174 161
68 40
97 16
78 101
111 1
145 21
161 118
27 55
127 84
183 21
110 65
130 178
109 105
12 33
74 12
110 136
189 176
52 17
118 36
115 162
100 89
71 174
51 44
146 92
21 6
111 51
133 97
137 130
92 152
37 25
18 74
64 162
93 76
44 144
181 90
54 195
22 56
110 38
162 106
144 191
179 129
100 110
92 189
194 90
154 58
71 150
114 139
192 38
123 17
172 124
193 20
110 60
114 46
3 49
81 5
154 79
2 33
48 89
45 143
174 114
72 165
6 26
12 97
34 187
125 39
105 12
89 41
169 149
140 1
69 54
65 20
175 39
180 157
68 191
84 164
116 126
5 109
15 106
86 165
115 81
55 175
160 152
178 129
173 81
33 192
62 59
158 144
128 69
45 35
35 14
107 48
73 80
37 132
109 36
179 144
199 7
192 15
77 24
118 3
176 177
78 19
104 71
61 137
149 20
170 190
182 129
21 176
133 80
116 41
67 142
184 178
152 100
96 66
92 38
113 183
119 16
76 4
71 33
97 181
32 175
57 31
18 4
181 173
56 55
185 164
83 8
124 167
36 133
180 93
161 55
92 122
108 153
35 128
169 49
23 141
24 110
112 129
22 12
95 174
100 142
69 2
110 171
162 118
7 35
165 169
75 107
24 106
33 26
43 15
91 123
62 86
76 46
139 53
129 127
140 198
171 64
87 166
60 74
110 172
52 183
106 65
108 27
132 178
102 59
176 112
153 131
147 96
196 185
100 144
141 21
60 67
165 12
152 178
164 42
17 92
163 170
169 147
74 114
106 81
5 127
157 84
106 21
107 29
71 123
38 6
125 42
129 37
45 53
171 158
16 59
58 148
141 165
166 112
127 162
19 36
79 45
95 59
58 45
170 59
163 8
79 108
73 195
164 195
57 111
141 42
12 63
123 20
150 137
58 137
40 161
49 24
54 98
116 136
26 200
54 174
178 187
85 87
115 200
86 37
111 194
137 91
118 195
46 63
52 19
2 65
48 62
143 127
13 109
86 122
123 42
188 183
106 111
101 2
17 101
172 37
72 110
95 184
180 123
31 190
187 134
27 83
200 115
91 34
161 12
137 79
190 41
136 124
153 167
130 105
153 176
45 65
102 12
56 57
97 195
27 10
163 57
38 18
41 173
61 137
180 71
54 192
48 1
97 10
18 186
116 35
129 48
102 44
60 180
189 113
99 184
146 125
49 40
124 116
123 58
11 137
12 119
28 136
173 134
4 80
155 123
186 94
62 149
159 131
83 120
103 146
41 127
57 108
172 173
170 195
160 196
133 163
199 43
102 155
44 194
48 70
71 156
45 68
188 193
9 194
84 146
116 176
52 79
152 160
54 12
63 173
100 28
108 167
97 19
193 179
41 18
182 95
174 8
155 96
166 137
192 142
131 42
131 13
33 196
182 168
134 68
142 43
85 2
106 141
44 124
122 108
16 98
29 160
16 158
13 82
103 39
38 137
47 126
25 17
119 73
138 36
152 16
129 190
141 155
87 76
163 83
191 62
100 185
178 116
169 198
159 150
19 1
174 198
123 48
95 68
13 156
150 120
126 155
75 84
42 17
49 126
151 195
135 64
2 140
55 3
183 129
136 19
76 163
90 61
22 107
3 117
83 61
161 137
149 105
122 26
56 171
146 121
88 57
171 87
186 100
27 81
86 187
68 87
116 117
108 195
8 114
143 155
86 195
27 99
184 178
49 109
181 120
146 22
94 135
126 37
88 132
126 116
192 87
51 187
116 97
91 36
133 21
185 15
132 186
48 108
149 66
90 82
128 65
72 133
44 159
188 97
39 123
192 4
60 107
37 157
189 47
55 130
4 112
83 15
127 101
117 84
96 8
124 86
1 172
183 2
136 49
87 186
14 182
198 26
39 191
186 134
92 77
24 93
131 1
193 82
88 192
123 171
20 153
147 63
1 140
81 99
110 132
187 141
157 72
181 85
78 160
109 181
96 126
25 13
31 38
50 21
45 113
195 159
74 85
185 103
98 35
42 77
102 42
100 53
30 179
129 82
160 63
47 146
32 90
107 190
125 99
2 51
79 23
40 174
96 192
36 26
113 89
29 63
46 60
29 160
25 94
18 126
4 137
39 130
87 45
41 141
103 49
194 111
166 26
20 162
129 15
26 28
145 75
127 162
173 68
25 69
195 180
163 187
163 196
24 167
45 160
144 48
127 35
19 50
186 77
35 4
104 87
113 183
49 83
147 167
25 179
95 7
146 152
160 139
15 80
70 108
132 125
109 191
177 190
181 69
94 102
168 10
174 196
77 60
198 84
180 182
151 7
149 143
29 115
85 128
164 96
34 67
136 147
102 31
80 84
85 74
25 122
102 172
136 14
141 183
88 50
156 49
66 148
89 131
20 136
92 121
94 143
10 200
153 107
162 153
49 42
163 70
53 105
168 194
33 98
43 199
47 196
45 184
177 103
141 90
132 180
193 175
60 65
66 70
88 68
43 38
17 164
23 19
18 160
176 31
54 165
6 199
32 76
64 110
100 46
106 77
49 56
87 41
79 109
150 80
31 136
131 89
91 72
166 44
189 134
7 16
123 30
48 12
89 187
98 170
14 72
195 118
97 59
194 188
41 110
6 115
182 112
61 116
35 32
66 104
26 107
34 18
51 73
138 134
139 84
192 178
40 190
47 104
188 185
180 58
42 191
146 151
40 68
151 77
175 111
160 82
83 52
110 6
15 184
28 57
116 9
193 84
94 71
149 185
84 186
134 185
6 150
142 58
51 157
46 70
130 75
20 14
38 50
99 155
77 66
131 138
104 152
185 43
59 43
23 159
1 27
160 83
153 83
71 91
67 181
129 59
35 113
59 158
36 77
99 167
159 75
156 148
183 98
185 65
63 39
33 62
168 47
29 41
67 81
13 133
31 28
14 173
38 140
124 111
64 30
15 78
76 118
102 136
98 15
17 160
160 40
199 33
18 85
27 117
30 62
91 143
57 185
64 164
156 187
103 148
37 3
52 115
50 39
33 163
144 125
171 147
23 144
146 78
180 49
175 136
28 152
38 162
135 71
21 75
138 135
147 31
178 175
35 3
11 196
175 127
89 66
102 63
90 125
105 137
60 111
194 139
164 78
192 25
31 191
81 183
125 134
61 24
102 174
137 164
52 159
119 33
46 75
70 36
27 169
197 164
141 10
169 44
120 172
119 96
184 57
61 116
30 51
75 54
112 140
142 193
52 105
83 112
106 84
165 131
121 183
129 156
1 196
54 45
142 30
188 69
76 64
200 56
93 8
116 19
122 30
140 142
27 55
3 35
171 106
110 69
184 102
79 28
117 13
148 138
147 183
42 13
39 70
19 61
74 82
196 39
31 97
97 54
80 110
17 192
34 191
84 136
143 15
46 9
157 64
147 87
185 79
145 8
115 10
27 147
61 117
136 48
17 44
24 95
174 141
197 140
30 28
33 198
9 188
191 147
53 81
145 111
76 144
59 153
94 5
108 117
52 33
10 161
24 173
88 151
176 102
184 39
15 36
121 174
149 41
182 102
41 45
50 4
103 17
111 16
158 59
54 6
47 51
152 16
88 78
182 144
148 147
69 118
128 14
92 27
191 23
62 58
8 191
50 189
169 189
195 89
126 131
64 2
89 166
120 136
109 4
23 188
188 105
56 101
39 200
194 163
23 190
78 177
142 116
164 42
129 89
39 126
129 7
146 81
92 196
57 45
5 158
86 1
129 10
148 7
147 10
199 113
123 197
146 130
122 187
114 101
34 149
114 130
25 4
143 184
176 116
185 161
118 173
197 4
146 137
123 159
90 87
33 39
9 93
182 147
166 182
123 128
149 5
5 185
113 200
116 33
165 6
106 179
132 110
106 172
129 165
112 50
69 188
80 36
166 105
140 175
7 37
64 11
61 111
161 47
200 191
7 195
112 88
98 159
29 83
37 174
126 185
190 164
111 185
119 166
8 159
169 150
62 189
48 29
166 187
180 84
40 1
153 171
106 51
133 92
89 22
25 9
78 37
38 120
195 88
76 60
32 70
174 113
130 45
159 59
41 82
120 27
112 70
165 137
88 16
45 199
109 119
107 139
154 174
91 183
62 73
104 44
30 90
146 122
156 131
60 104
166 182
22 112
105 25
106 47
126 124
140 200
15 64
186 23
22 138
164 2
146 45
182 82
193 59
132 111
20 51
8 193
15 48
172 57
95 109
82 194
198 154
64 174
67 159
163 35
195 124
111 12
176 139
9 119
143 141
175 136
122 6
37 77
141 51
162 11
157 129
101 25
103 90
153 37
66 103
59 36
92 55
35 43
33 62
193 104
27 193
102 73
42 18
38 176
100 159
196 73
72 89
12 31
68 67
29 133
140 105
50 81
64 25
162 16
4 177
