100
5592 776 1584 443 305 1424 7337 561 1643 3330 4281 763 4800 1497 3369 1216 426 3576 2019 479 6014 7383 1477 1335 1599 5967 4136 7290 4797 374 555 5930 214 3150 5311 4599 7013 5649 3602 2568 5358 3718 6353 3054 7725 4364 782 5272 6761 6782 1367 377 3372 3825 6849 4598 7533 3506 6344 6157 2079 4137 2029 5506 3001 1552 5449 172 5434 7673 4409 2978 5191 126 1532 1672 3846 4038 6810 5571 7738 5228 6662 6241 4985 6257 2433 6258 517 7460 3031 3643 2433 1035 2458 3647 1206 2178 7434 5757
60
58 154 72 142 105 178 111 196 99 129 147 149 118 167 161 87 73 113 112 152 186 84 182 59 178 77 177 168 171 83 100 175 133 114 113 72 132 182 147 68 83 106 157 138 97 191 170 122 181 162 192 198 69 97 161 165 188 106 96 91
495
55 49
87 96
56 75
83 69
70 20
68 77
70 31
75 11
40 88
39 94
65 81
56 59
49 92
74 41
47 73
94 60
83 95
27 65
52 71
56 39
12 40
53 63
25 73
75 11
37 95
92 12
61 77
13 49
2 43
18 21
95 29
56 68
38 6
83 15
13 42
69 59
39 45
69 28
94 77
8 9
82 8
1 69
81 7
51 62
63 74
64 10
54 9
72 69
51 47
99 51
33 36
48 12
31 78
7 78
18 16
51 19
37 34
12 21
33 31
22 9
94 57
47 53
25 66
41 76
98 83
38 43
65 11
89 49
97 62
46 26
82 21
59 3
18 28
29 8
15 73
17 68
96 81
3 17
10 70
86 15
65 85
35 72
34 85
64 34
80 59
64 33
62 23
68 77
92 10
60 54
7 79
54 79
69 70
40 70
90 27
37 95
30 89
40 18
49 36
31 47
21 75
92 49
57 96
94 15
34 54
30 70
27 4
10 11
51 99
89 8
46 52
87 41
56 17
83 60
64 9
49 27
29 50
67 30
30 37
6 95
94 29
93 3
36 63
80 74
40 88
64 69
10 40
64 69
30 93
9 2
18 49
29 72
27 12
52 11
58 45
35 90
53 4
49 62
21 63
28 10
31 66
89 34
60 43
6 25
34 41
42 89
31 49
41 46
10 2
77 1
44 31
69 3
21 39
87 35
30 23
58 30
27 16
29 12
39 35
16 28
34 79
26 75
91 52
76 56
21 8
4 53
59 38
42 40
41 56
6 20
98 11
27 78
95 86
50 17
3 10
61 56
97 28
75 28
80 16
87 68
82 88
55 31
31 56
43 55
68 64
99 85
18 52
13 57
25 35
37 88
46 86
62 53
70 26
50 34
58 87
16 41
6 95
28 47
9 74
71 11
97 75
48 80
20 81
81 88
100 32
29 39
21 20
88 63
11 25
99 46
78 13
30 61
97 45
36 48
74 53
62 73
70 45
21 26
38 45
88 7
76 69
71 10
33 66
56 6
99 73
36 24
21 90
5 11
92 5
6 60
72 56
36 9
93 6
7 80
83 1
30 71
3 68
37 38
27 15
37 63
93 11
72 37
64 62
53 22
33 50
47 76
92 41
20 91
64 20
100 80
82 39
100 76
95 72
35 66
100 50
13 69
40 66
74 49
52 56
12 11
98 67
95 67
65 31
31 90
6 47
25 40
12 9
44 52
57 1
76 36
94 60
56 86
94 12
98 93
96 69
52 91
65 50
51 81
80 74
80 63
78 93
92 33
11 81
76 91
96 94
35 22
50 83
65 61
13 91
45 98
80 72
27 50
74 34
57 22
42 84
81 44
45 23
14 24
20 79
47 84
78 44
49 90
45 90
8 9
85 75
95 33
32 63
15 51
44 25
23 16
15 39
10 50
70 18
93 51
67 50
47 43
76 45
78 65
11 32
14 42
69 23
46 2
82 40
58 95
43 61
41 35
43 33
91 90
14 33
37 43
87 41
55 68
74 29
16 85
38 29
20 60
38 14
87 69
45 38
84 21
67 95
13 33
25 83
67 46
52 96
16 90
47 45
67 15
83 13
10 71
98 79
6 5
56 80
15 100
97 99
97 88
95 100
8 11
26 39
34 79
61 52
12 60
63 23
30 99
68 77
91 70
16 58
48 11
21 78
56 58
90 54
45 56
58 43
58 32
45 100
63 53
82 97
11 54
87 42
96 33
69 98
38 3
32 53
37 60
9 56
84 7
19 61
3 56
97 23
1 83
43 30
31 80
72 26
33 10
14 89
83 82
3 21
89 94
6 60
5 63
36 93
77 74
45 99
85 96
72 51
20 15
47 60
78 9
71 48
21 68
52 8
21 9
99 54
43 81
67 38
69 62
1 57
74 20
82 39
53 21
5 1
81 57
53 72
19 14
75 33
51 74
73 36
37 9
37 6
4 97
71 81
25 38
16 58
78 25
80 53
58 88
13 22
14 95
52 24
12 14
6 51
51 13
78 61
85 22
52 30
18 67
43 6
78 96
68 82
69 40
30 50
10 71
89 81
10 58
94 48
87 64
72 32
79 80
87 84
37 84
68 23
60 11
95 86
13 33
19 39
22 37
46 55
23 5
82 30
7 18
18 80
1 55
34 77
99 47
81 32
50 49
75 47
23 25
50 40
79 26
29 92
99 14
73 34
93 56
42 93
22 36
32 1
68 24
73 47
70 77
96 94
67 48
72 16
84 25
29 92
