500
8613 9590 36800 2882 7137 14513 34578 14096 36855 8266 19039 14122 11147 28923 7739 21830 3043 34029 1102 34920 11316 14087 27714 12357 34221 31744 29147 5310 22061 16290 18933 19742 18575 27862 5724 19191 19648 18893 9348 18856 8091 13407 3327 9745 20916 29268 1821 36103 13130 35866 21085 33199 21947 27075 20325 2501 7540 30829 10350 2866 22728 16877 16449 13106 27187 20933 5635 8390 36049 7418 24360 26005 20226 36084 17566 36540 1980 929 19346 32778 23590 19812 9253 483 21755 35265 4278 26713 7445 15692 24629 21149 29084 23226 20521 13144 1548 1606 28404 21171 953 3769 14447 20529 14392 12110 20709 1050 17458 11650 19834 15245 35189 12800 8264 27936 31767 8289 34076 4346 23582 7801 30710 30942 6653 23599 6273 16827 20350 12864 28680 18782 13634 19574 8010 4452 18457 32160 24481 18778 5909 30373 27805 21868 3808 27421 1214 31149 12943 7958 7595 24537 16131 32814 35379 15731 6123 31687 25613 19073 9265 33917 12872 27137 15925 35070 16037 24401 29245 7539 12600 3115 12758 2006 9928 36049 36313 34070 11364 28694 25545 9959 35545 833 17481 20252 1484 18745 15105 17475 26076 10178 18936 29796 18068 9886 27558 4043 27438 1331 16649 33714 19432 3396 19060 36860 32572 12613 28700 8247 8182 24440 13584 7424 33885 23239 24458 26938 2975 5778 33113 6189 34172 19697 35765 14937 35843 20897 30285 36616 17607 11622 5383 27756 19481 24814 2110 10834 8441 16652 17697 24537 9174 8106 6229 6809 31054 16129 5354 23010 20830 25979 19935 33953 18399 8648 21220 13105 3702 23323 5965 5295 32055 892 699 4134 31514 9667 20628 33627 25703 31010 36362 27228 31177 22118 4296 46 34620 32168 14886 21175 28697 31121 4148 34069 10263 24636 9604 30908 27226 10602 10408 2000 30261 19737 29736 29101 23817 8542 18306 36853 29143 28919 10763 4302 18648 19823 11205 22173 12347 3658 20711 4219 32739 26733 29047 12226 20838 17593 31310 16556 32443 16606 32958 10300 19470 996 12008 16781 23530 21757 33263 3631 2066 3251 13806 17201 27362 33183 2450 26370 23141 12290 8623 9019 8580 15515 361 8673 2615 7186 12575 7300 7167 27551 35831 33351 6028 15734 29832 4606 4686 34613 21276 8208 3696 8478 29050 9191 8463 33359 20125 8697 23032 34095 23216 9841 24443 10380 10133 3650 31567 1130 27951 18112 18381 11372 25747 20120 7588 10069 9208 16864 29814 36833 25349 29981 31475 34532 13637 3727 30538 18463 35736 10933 33810 17514 28563 6668 30210 19367 28395 7646 3757 34111 7772 14951 27593 34714 21621 15984 24263 32938 26689 33683 352 1333 19896 15005 20918 23065 11335 34644 22731 34712 4619 29617 36282 14433 2008 8869 6675 11572 12169 24973 27258 23875 2067 31728 11677 32957 8050 27875 31358 27703 28327 4048 33696 36243 34153 36061 14690 32240 28191 12624 12769 21949 13196 18258 22384 10743 25083 15816 7032 24044 18590 15327 11640 27547 8368 25837 31985 31850 30703 7761 23612 25073 7830 30219 7719 3134 3805 9899 36397 6962 34065 31850 19621 8836
300
105 179 112 181 61 69 65 137 184 65 135 191 82 179 84 81 55 79 68 50 72 129 129 200 116 194 91 124 59 69 162 69 108 61 70 191 164 155 63 117 132 157 68 101 162 195 70 159 197 93 174 82 84 65 186 116 184 75 109 89 156 139 50 176 141 151 157 160 86 185 146 190 192 160 104 84 84 103 152 82 193 93 139 56 143 123 110 82 149 166 115 86 129 190 97 90 158 128 181 129 63 192 175 80 178 147 116 50 81 61 112 139 87 128 62 152 133 61 176 93 143 148 66 73 68 55 72 174 83 181 78 197 196 140 100 190 162 152 67 74 50 195 198 104 194 155 187 71 178 112 182 118 78 147 64 181 155 65 103 79 149 83 168 177 115 77 181 127 182 71 139 146 99 124 194 173 111 177 148 76 127 166 75 120 178 121 111 178 91 69 70 193 159 63 90 166 125 75 83 51 144 118 74 177 181 114 159 109 55 188 62 103 194 86 135 131 80 60 182 176 60 139 77 193 165 132 99 99 72 126 156 77 55 121 59 124 177 171 71 179 116 119 121 153 102 116 115 143 135 91 80 129 61 69 144 181 101 124 164 197 51 175 182 147 90 94 135 197 92 168 179 118 167 61 57 153 78 184 98 160 140 147 83 108 140 112 68 130 175 88 65 69 68 113 142 172 170 189 60 103
12475
432 211
341 152
129 290
214 3
463 258
86 487
110 201
329 415
463 300
145 435
58 269
152 499
292 161
168 277
295 184
125 200
281 89
421 454
375 314
40 85
242 59
328 495
220 163
110 482
441 219
304 338
39 269
16 430
192 482
163 29
452 370
265 392
17 74
8 257
458 191
417 139
24 284
418 453
339 195
36 332
359 298
238 283
166 434
30 221
73 40
415 134
138 53
237 160
276 87
213 196
402 223
489 359
157 470
13 60
278 318
429 387
114 272
220 313
130 168
274 147
329 272
111 249
144 183
384 266
1 232
497 290
426 188
370 253
175 183
297 328
433 282
307 230
381 354
474 366
495 282
299 258
258 412
222 1
80 359
88 116
267 170
459 101
234 15
340 292
134 142
61 159
26 427
193 277
196 380
160 248
210 283
370 480
472 160
35 27
184 373
248 19
92 369
404 484
211 412
316 7
148 28
103 124
497 211
100 477
305 245
78 481
49 372
293 36
440 81
86 495
1 8
489 85
272 282
164 174
157 347
336 13
408 276
389 164
371 169
160 231
159 262
102 451
497 39
23 446
33 425
424 119
306 75
36 98
317 103
117 249
31 193
78 189
237 223
279 477
156 452
132 295
313 4
185 389
246 293
246 64
397 432
201 303
477 330
93 289
127 114
1 65
74 372
179 352
71 309
427 147
461 383
63 207
158 251
165 404
126 137
43 352
454 294
256 443
171 293
100 312
433 113
178 253
242 123
403 82
51 137
43 260
94 330
225 319
259 168
368 483
385 176
478 484
235 358
147 238
410 418
207 143
356 358
159 73
444 135
355 128
207 100
336 42
1 12
466 395
233 110
462 307
321 357
224 95
419 417
38 227
53 298
49 431
169 415
487 413
222 171
378 297
468 256
376 34
307 439
132 169
134 8
15 210
100 131
469 113
340 3
35 43
77 237
497 161
8 443
270 107
132 296
42 97
409 231
478 302
334 67
237 192
15 477
427 239
247 124
225 1
109 343
106 436
306 201
254 197
195 280
140 157
348 174
158 409
109 349
89 95
87 453
331 453
34 377
490 466
128 144
23 396
371 121
277 183
493 167
240 134
153 163
492 295
392 319
350 188
418 240
262 356
495 331
262 20
387 333
260 234
25 173
166 426
140 390
430 361
151 163
465 173
21 295
207 174
296 163
77 172
127 398
248 64
418 433
21 104
134 92
7 35
308 239
145 78
384 242
309 371
137 232
234 429
438 353
50 131
428 131
426 347
70 287
355 234
420 302
456 233
457 197
217 196
451 280
399 139
94 231
29 176
282 455
48 126
208 128
451 427
88 300
476 26
253 378
68 250
98 130
227 356
485 310
450 253
356 192
471 376
428 393
168 326
446 441
354 485
232 485
372 116
104 403
184 461
279 446
264 242
389 279
428 239
108 440
400 305
418 179
384 117
110 443
142 188
124 151
451 483
434 40
222 390
500 94
394 469
219 217
488 84
343 197
43 241
290 394
36 176
429 62
440 316
275 498
439 463
390 393
215 227
390 281
155 58
64 305
440 100
300 338
141 6
326 238
389 110
294 88
256 316
119 442
312 349
58 305
27 52
374 212
389 54
300 110
479 350
28 72
380 63
329 1
25 149
214 168
450 55
28 16
385 296
62 111
78 147
77 412
267 137
3 195
458 137
294 98
210 383
83 26
217 385
313 71
418 373
27 437
42 270
468 29
19 132
62 74
40 406
399 324
238 392
286 388
19 375
153 208
442 230
394 474
361 4
394 100
337 390
175 18
377 204
185 273
112 100
448 184
243 334
190 459
480 338
34 11
165 304
166 93
399 255
252 188
419 329
190 180
64 466
414 213
382 417
319 308
58 81
209 224
142 430
100 17
233 286
333 48
217 464
247 185
292 361
492 64
141 405
356 302
223 195
53 155
21 316
336 396
137 22
264 45
63 347
261 213
302 114
128 407
336 173
363 317
344 20
100 149
371 458
62 397
278 145
202 233
452 136
271 407
231 259
279 281
24 182
332 362
459 49
376 261
454 296
328 212
130 433
390 469
307 57
444 101
327 196
412 426
154 344
204 451
160 345
103 233
106 469
369 227
134 136
397 178
436 93
458 133
161 151
430 446
355 164
278 320
313 92
232 208
182 73
333 239
351 34
44 266
297 388
140 473
273 421
356 362
285 74
140 306
69 189
331 300
191 163
26 499
402 161
444 379
339 459
10 230
106 260
425 240
354 29
357 276
24 25
400 49
319 276
221 354
230 393
104 448
200 54
265 99
352 479
372 181
46 344
321 278
21 244
397 313
236 409
417 166
220 255
470 361
204 82
330 426
163 329
350 309
499 470
160 393
339 308
39 318
348 241
408 175
277 25
262 210
176 153
14 82
248 263
334 10
211 410
183 83
465 305
463 354
409 184
32 374
330 334
414 307
143 38
322 489
55 3
62 40
400 301
373 406
236 469
64 348
186 493
91 378
432 101
194 133
96 346
192 202
113 44
308 196
27 445
355 2
363 339
24 19
96 109
141 408
455 250
431 177
118 257
458 179
493 149
420 333
495 484
171 226
314 234
151 290
58 72
8 85
403 284
133 358
290 356
411 245
386 148
351 342
379 393
163 446
238 137
178 83
58 412
259 116
94 488
210 192
378 419
103 64
53 307
7 234
135 208
224 288
500 88
29 63
484 354
162 137
386 46
185 157
56 37
449 280
388 82
292 167
160 214
213 186
202 172
149 367
484 75
220 86
11 84
111 141
318 362
138 202
281 82
308 136
473 447
288 231
287 144
333 193
308 489
248 434
118 326
493 49
303 204
316 204
237 293
152 218
297 353
115 281
56 41
349 114
218 389
23 306
446 341
204 357
496 173
41 221
418 40
442 142
167 354
304 134
23 73
348 453
55 235
234 238
73 146
464 488
148 76
358 255
10 313
25 104
339 282
133 326
307 395
126 7
475 483
298 359
5 65
63 27
459 148
68 322
486 292
425 287
349 116
263 479
332 445
218 187
349 178
233 68
66 25
188 374
376 221
269 29
497 194
449 53
407 420
463 230
325 448
434 306
361 309
279 255
274 476
182 273
470 420
478 187
105 212
44 207
254 27
467 372
178 347
205 401
395 467
126 53
251 287
334 210
140 107
273 378
97 394
204 424
286 448
313 252
71 274
366 434
353 221
258 49
71 115
121 363
336 425
438 37
239 144
269 345
439 472
25 79
357 192
70 351
47 413
176 403
81 264
283 175
52 242
396 241
236 59
258 199
332 416
370 84
142 485
150 91
489 414
127 142
472 136
477 292
360 332
278 450
83 421
198 282
359 39
197 155
378 238
114 7
53 341
417 91
335 298
118 354
418 249
271 177
26 261
10 408
43 190
57 72
174 74
427 405
286 399
434 334
380 362
496 357
397 481
13 90
125 193
157 475
192 352
151 161
497 159
371 419
239 247
75 413
130 273
174 307
171 250
332 300
24 16
458 477
250 56
49 25
364 300
299 102
332 194
111 177
280 180
424 275
89 190
396 112
80 281
203 54
349 3
400 94
235 485
69 257
459 275
110 415
156 183
59 395
233 257
201 288
280 337
214 240
443 482
7 424
474 382
422 48
428 477
431 202
30 486
458 52
486 463
426 88
403 16
273 413
163 56
137 26
5 68
334 413
31 114
138 164
171 79
261 229
40 190
138 2
409 267
21 57
313 401
195 184
364 265
71 239
42 475
491 33
161 11
10 144
493 466
309 20
161 414
229 407
150 193
283 135
405 49
97 487
327 277
491 340
500 346
55 8
284 187
131 316
317 474
390 159
311 329
469 2
4 16
99 377
149 453
9 475
243 495
43 461
472 95
269 2
498 206
140 482
134 162
352 358
354 135
125 321
272 36
139 248
7 411
238 168
462 469
239 8
167 400
210 299
187 283
86 238
259 464
208 300
60 120
168 221
328 10
14 155
478 350
460 497
463 385
133 275
335 128
175 160
186 41
438 316
223 455
134 402
117 87
71 42
224 315
260 129
190 107
78 364
388 55
2 183
401 134
233 240
3 238
137 218
321 264
456 198
176 43
162 476
366 427
427 421
268 129
394 486
140 1
52 190
265 184
140 435
37 129
387 126
76 419
35 327
106 124
222 81
106 405
95 160
299 413
381 392
167 206
409 240
260 134
156 153
191 314
231 293
412 496
481 212
99 485
498 213
115 156
474 489
96 140
372 432
112 357
51 112
194 211
335 238
423 247
58 440
135 270
142 6
340 456
356 360
331 161
111 248
401 361
481 358
242 9
250 376
489 462
373 25
273 138
271 488
170 256
237 270
201 382
442 44
67 245
494 435
218 348
421 172
360 278
43 445
429 314
488 361
353 94
70 147
258 479
141 453
200 201
278 246
236 432
21 150
247 246
186 325
361 232
53 198
461 187
321 379
11 161
301 368
117 236
305 164
218 206
242 300
60 498
116 457
439 430
114 265
80 7
258 199
456 165
119 399
84 11
362 238
106 145
203 450
469 313
311 497
377 35
168 429
162 424
217 15
347 75
17 125
409 274
359 72
258 135
331 280
320 260
412 43
212 283
467 284
165 279
353 191
263 17
44 119
223 59
153 412
340 300
222 481
40 59
232 298
49 300
153 341
154 139
400 450
101 178
205 469
26 277
156 92
31 347
25 24
293 96
395 216
36 254
96 155
371 20
333 194
70 359
452 191
140 434
273 398
190 74
475 63
241 68
122 8
260 70
398 168
184 386
217 141
411 478
219 45
232 71
362 430
36 280
218 224
118 176
188 277
415 49
27 91
35 190
243 212
311 129
478 32
263 322
385 451
363 294
94 474
145 131
495 182
386 357
183 274
285 289
487 339
215 248
367 213
290 473
290 76
329 64
214 483
244 461
160 406
424 266
313 255
443 297
150 29
432 414
450 135
488 58
173 235
373 219
324 52
18 450
455 329
361 71
402 431
323 461
3 448
69 33
57 186
226 192
180 320
201 259
444 445
365 380
380 161
322 256
289 496
230 474
455 362
336 308
232 11
20 310
421 291
199 22
198 68
329 308
314 274
153 130
230 234
361 176
197 198
410 192
73 2
55 431
35 56
368 129
111 320
139 372
367 446
408 320
370 496
268 33
408 473
85 448
398 292
438 178
100 44
316 388
81 399
73 463
139 458
86 475
19 144
426 275
295 314
145 123
259 408
274 49
391 110
415 159
105 9
57 380
154 128
329 389
120 245
259 315
260 161
201 271
61 354
371 481
85 152
37 164
186 48
127 82
467 231
136 472
167 423
112 495
408 104
431 288
199 418
54 102
37 35
324 156
263 408
163 488
234 322
460 236
463 24
480 442
11 13
105 188
207 366
422 272
496 71
155 61
500 466
447 118
42 222
284 176
449 342
197 371
260 468
66 177
346 355
247 112
2 140
351 413
267 298
211 61
364 350
230 333
21 396
240 225
441 297
23 54
59 366
334 386
10 83
351 460
36 165
474 325
38 339
440 195
83 313
181 182
87 4
419 60
326 256
39 326
144 497
76 434
246 452
452 361
281 490
199 307
92 9
216 120
430 463
127 252
275 14
28 3
408 414
192 230
289 172
96 239
398 387
207 320
225 378
237 373
128 334
28 465
227 249
22 79
268 240
118 468
177 223
342 3
342 62
445 444
310 122
493 242
177 58
447 44
35 358
333 446
325 492
257 416
53 281
314 101
166 289
232 277
57 326
238 354
62 5
184 54
154 253
138 68
61 399
310 92
369 325
243 437
123 459
203 390
374 231
362 330
318 112
222 92
431 336
200 415
135 475
389 126
44 11
492 470
474 318
358 173
49 185
456 69
180 378
396 285
257 496
490 242
352 85
413 442
455 160
43 318
147 108
435 410
46 488
396 167
466 145
468 194
106 264
497 12
472 487
298 409
40 400
477 277
492 65
34 387
347 84
485 146
492 277
164 14
72 262
339 89
363 385
118 390
287 57
99 73
18 281
326 426
14 158
207 451
391 248
379 242
11 164
428 78
282 401
18 185
413 166
258 47
295 351
177 208
129 289
374 11
159 498
236 291
367 217
402 72
41 496
242 252
261 359
18 8
329 336
228 324
368 332
373 150
368 8
391 231
47 413
58 325
234 322
499 131
322 485
324 76
213 233
43 355
65 460
167 92
334 490
295 276
168 101
121 458
326 428
389 84
133 294
493 27
341 233
150 440
455 369
267 67
194 21
172 299
102 249
233 367
199 410
157 498
31 1
100 282
279 452
127 233
179 208
73 227
251 230
232 49
365 492
336 93
356 27
132 70
50 99
438 16
262 282
376 441
485 226
480 73
164 383
205 152
189 405
33 99
326 10
269 100
364 188
40 416
404 351
472 86
418 89
187 464
250 440
260 205
162 157
470 205
152 248
293 295
344 68
171 80
418 370
243 32
108 72
427 228
290 226
244 334
297 145
48 353
166 404
151 467
58 232
396 409
123 199
218 53
190 433
338 12
284 64
360 74
228 301
230 251
153 171
334 167
268 128
254 61
179 265
11 155
90 16
485 294
102 303
424 15
474 352
263 79
426 384
31 98
271 322
136 410
334 290
253 467
367 30
290 269
167 309
429 424
319 35
142 344
347 7
388 436
394 230
428 345
213 62
242 185
181 75
252 97
177 173
484 77
148 100
311 351
153 52
496 459
191 104
200 422
59 172
376 27
18 122
152 397
364 279
434 80
318 280
279 244
295 200
410 150
95 378
391 485
239 85
387 191
212 397
340 230
326 124
15 484
457 366
61 182
406 279
163 444
135 494
437 169
334 228
211 16
266 19
9 251
53 338
209 178
393 82
298 60
306 33
172 378
375 378
190 235
338 333
298 90
353 123
229 342
453 324
475 34
14 292
337 253
419 343
241 350
279 17
239 95
183 477
28 77
316 304
129 90
355 32
18 451
339 447
202 301
288 294
203 359
44 296
19 315
416 40
432 215
117 169
486 104
386 75
484 448
215 72
397 209
407 228
263 9
462 289
195 382
1 425
207 459
88 396
297 414
324 81
493 25
494 324
379 471
339 55
59 301
60 152
367 303
21 307
120 285
476 181
382 262
28 305
290 246
238 430
66 345
47 24
185 430
419 144
64 400
120 415
330 428
286 474
202 50
149 347
322 114
449 87
474 164
353 282
89 218
468 279
365 450
3 242
70 282
470 466
17 358
128 369
370 49
87 226
91 164
470 44
22 21
111 301
438 469
417 216
94 43
493 68
113 356
139 304
228 56
305 327
178 170
300 487
291 52
445 300
494 425
208 165
390 469
424 289
294 467
411 159
169 352
449 497
303 359
50 105
200 37
426 98
104 359
217 123
18 281
492 83
439 280
417 133
169 114
236 389
87 75
29 121
289 139
471 357
189 356
29 76
395 172
180 265
227 74
272 72
426 50
261 435
179 449
457 452
29 161
359 451
495 305
70 490
356 32
494 410
202 61
456 246
10 76
283 372
74 50
70 463
456 130
105 22
5 429
185 237
9 113
340 150
67 251
454 227
15 477
429 132
189 152
345 368
253 191
411 210
188 273
470 175
237 300
116 488
304 425
276 260
494 281
3 288
208 493
278 114
372 172
93 266
76 248
459 372
370 334
471 362
308 465
65 279
467 143
224 290
250 476
28 126
236 92
258 405
277 191
229 109
78 413
198 186
345 479
353 311
403 256
335 122
333 215
445 120
222 40
287 92
281 380
193 453
314 284
213 358
13 330
340 207
293 246
329 221
446 61
496 410
451 274
8 52
61 479
420 139
275 291
270 18
456 48
381 170
264 333
477 110
382 149
410 450
495 97
485 423
75 364
296 78
495 345
203 223
217 139
483 262
431 226
16 267
291 124
373 455
246 135
134 326
410 361
477 297
164 56
314 289
149 329
193 274
36 390
430 111
424 312
438 382
417 140
403 489
33 154
201 304
340 373
295 354
328 214
116 54
13 200
56 340
114 164
155 358
78 271
316 120
206 281
119 440
355 261
314 27
72 380
277 344
109 75
455 28
76 36
389 252
176 455
6 203
41 150
377 94
175 39
380 60
112 45
303 224
273 146
117 274
111 125
335 207
403 478
397 303
73 13
289 56
142 68
73 68
81 27
315 166
332 238
451 370
269 302
355 450
44 137
297 61
391 275
240 33
256 286
383 357
206 43
94 198
484 183
193 174
163 350
174 399
172 444
306 264
343 208
352 346
94 69
293 440
134 62
106 266
57 195
349 1
376 142
393 462
9 348
191 3
144 480
441 139
68 189
251 229
5 50
19 480
137 105
479 145
262 424
318 327
71 86
489 102
414 205
236 496
205 114
128 86
479 180
111 373
40 251
16 464
309 293
363 483
496 458
111 359
497 500
427 134
64 432
253 214
113 354
490 3
310 265
319 262
59 399
161 355
180 75
222 337
253 264
101 271
245 213
41 241
182 434
332 418
323 430
47 349
214 418
266 64
155 469
464 38
274 248
60 488
446 322
104 317
69 364
486 353
97 417
197 376
429 193
449 138
499 373
134 186
471 362
183 402
322 208
55 228
481 353
449 339
95 295
303 26
240 349
208 345
428 150
297 269
491 72
336 50
69 102
141 152
260 279
387 489
293 313
80 360
199 422
28 262
26 272
475 259
442 46
323 79
178 229
474 170
271 65
37 350
374 274
393 275
8 224
129 179
191 458
95 231
146 452
78 92
395 78
278 291
385 243
68 457
493 279
17 405
241 244
386 259
400 294
277 452
391 272
463 200
3 333
225 327
219 207
450 265
429 29
270 451
36 423
101 474
73 241
369 118
29 305
325 132
484 111
279 304
280 414
456 307
17 405
396 397
319 340
132 175
297 358
61 158
350 419
242 481
327 129
102 317
220 41
120 324
23 398
124 476
380 275
337 318
395 492
36 288
474 128
261 426
459 245
186 15
175 15
11 285
225 411
397 404
311 362
151 352
203 133
229 392
301 71
158 273
259 264
305 125
360 276
288 403
22 41
289 492
25 466
325 333
327 341
186 291
358 410
270 436
57 148
332 136
367 214
46 411
406 342
12 484
420 315
243 479
94 230
11 224
374 453
247 56
343 135
342 162
20 77
316 320
154 337
456 369
469 179
444 51
175 314
351 50
203 56
458 469
433 243
470 38
201 57
291 337
171 150
439 340
119 377
215 393
305 148
32 30
33 334
46 347
436 5
158 451
247 34
320 450
309 290
273 316
220 85
20 75
119 484
27 463
426 218
158 183
39 53
1 387
481 342
114 357
49 191
115 96
110 436
334 445
203 360
26 405
453 497
428 162
23 241
405 280
215 341
265 428
285 149
355 37
149 67
86 348
367 40
72 26
447 347
438 379
100 476
75 492
140 375
221 468
271 267
395 149
472 36
31 272
411 196
20 90
171 493
274 96
402 281
180 334
499 279
391 494
158 104
437 416
383 372
428 390
371 345
205 350
301 208
312 360
68 35
288 369
266 212
307 320
447 33
355 181
499 290
268 488
280 296
328 30
290 48
372 125
63 39
10 221
233 300
421 277
450 241
106 39
381 280
206 279
309 235
482 238
367 7
159 46
458 40
425 190
274 409
81 32
267 22
285 255
476 173
293 409
402 47
402 114
307 417
463 421
256 222
144 280
423 387
32 208
462 211
81 364
279 451
469 371
411 214
393 187
244 401
125 312
113 298
89 436
428 37
220 20
242 345
145 228
372 51
430 293
500 176
61 85
478 56
434 452
44 129
172 324
350 116
176 43
264 265
398 117
84 462
163 298
58 138
235 283
358 28
487 312
216 29
138 341
292 311
60 495
297 454
437 321
124 284
227 307
172 463
109 487
270 216
481 441
27 140
340 295
52 258
239 463
141 232
140 312
246 394
167 138
361 34
324 206
329 6
353 327
50 57
199 339
46 148
221 260
35 3
396 62
66 357
46 495
191 283
202 63
96 93
462 205
222 428
449 240
92 285
157 474
222 407
296 99
141 342
136 203
379 446
334 283
200 301
8 1
196 72
363 196
483 307
115 134
45 478
342 380
370 352
97 436
90 351
185 290
399 412
47 149
181 162
159 339
369 206
427 154
244 204
38 192
38 86
11 113
368 158
451 375
448 329
406 430
305 349
397 206
70 324
16 212
238 81
111 265
411 347
18 200
95 354
396 317
479 390
384 274
187 341
89 241
260 408
300 291
68 209
401 352
308 372
312 4
395 127
473 178
411 495
96 44
369 167
115 420
324 107
71 68
211 492
97 141
322 269
325 326
152 157
184 161
290 80
385 220
268 18
263 20
310 253
232 77
41 64
157 201
77 334
105 138
138 75
490 383
83 449
6 176
417 271
164 407
236 230
9 221
181 330
175 253
228 42
311 57
201 183
438 293
26 402
346 20
211 216
416 228
493 53
105 383
132 49
409 41
422 408
356 65
233 329
392 435
194 97
288 441
306 478
178 8
135 485
468 314
111 357
328 300
341 50
469 13
130 11
123 458
306 206
405 250
479 210
256 155
485 31
157 263
24 130
148 302
445 398
339 292
403 78
372 118
20 403
330 184
466 46
459 99
419 375
175 338
45 500
410 434
327 287
355 186
142 75
155 293
132 159
17 41
346 453
386 97
173 400
118 325
321 405
70 41
15 404
202 428
48 6
335 32
293 177
259 492
162 407
275 58
360 28
5 416
29 366
384 114
292 351
488 169
158 332
326 358
432 248
173 211
314 246
482 195
409 413
190 55
239 291
268 439
11 469
80 422
412 386
412 387
338 27
431 487
311 344
75 410
238 165
443 14
19 461
279 214
166 468
439 181
319 366
441 182
65 241
326 454
14 264
102 189
499 330
92 371
221 55
195 151
147 108
333 6
194 3
316 64
30 233
138 492
427 250
127 46
137 224
378 340
30 131
160 406
194 110
321 35
184 460
154 217
123 375
333 232
117 96
217 359
112 126
404 498
31 216
340 121
307 425
332 307
286 149
148 326
417 104
477 60
17 199
386 137
74 93
483 282
487 423
210 99
451 435
78 388
256 270
88 57
327 307
155 199
67 271
386 182
45 260
303 445
454 334
333 453
85 244
304 439
87 499
389 44
124 445
21 55
33 230
158 401
247 213
489 180
72 156
191 173
140 112
28 482
387 329
364 35
93 498
150 264
25 454
23 339
89 280
69 182
301 280
323 260
439 316
165 26
242 19
229 461
302 160
96 47
44 455
85 388
357 405
15 263
74 49
16 8
7 480
280 293
227 89
82 253
114 86
147 175
224 261
399 225
177 30
225 184
9 302
134 374
139 380
423 243
253 339
207 72
133 401
189 55
333 396
154 3
228 217
469 451
89 116
198 8
36 62
318 312
339 75
228 268
378 40
477 25
59 2
235 56
91 381
369 459
357 244
287 137
226 334
245 332
197 493
257 385
281 222
441 237
2 40
4 423
106 73
419 37
476 421
485 304
393 478
31 220
240 170
352 70
380 391
354 125
401 456
195 52
432 158
411 225
132 468
266 39
303 384
133 17
388 367
215 234
79 239
42 123
33 330
355 308
371 181
209 317
397 304
394 415
329 28
195 190
193 144
94 488
367 21
64 376
336 157
128 68
184 363
303 191
466 438
486 293
452 384
317 465
98 310
404 491
301 303
304 124
46 11
390 169
433 443
338 428
60 155
86 367
137 63
293 242
111 460
394 218
91 409
244 436
2 188
485 271
349 334
63 99
408 71
398 59
163 311
181 407
231 281
328 5
358 267
121 266
323 340
8 109
157 84
373 85
228 408
253 231
375 222
444 75
31 451
382 224
29 214
379 471
149 268
242 329
498 279
246 193
255 431
115 213
120 85
142 66
5 216
380 72
142 42
3 230
471 81
240 485
393 100
147 246
254 393
149 111
390 357
87 270
327 131
301 122
264 443
400 430
357 98
351 94
256 181
244 166
137 39
24 36
245 76
358 51
143 249
40 351
36 147
413 132
325 405
172 271
489 7
470 10
116 21
376 59
403 152
254 245
211 298
309 419
296 172
30 364
144 171
92 176
374 234
405 497
478 442
138 410
136 401
220 211
172 297
128 313
71 433
446 217
389 441
343 353
258 332
198 316
215 228
117 126
48 4
165 152
211 353
470 497
377 450
162 383
225 159
378 61
464 112
340 39
51 431
43 120
264 326
433 438
275 172
217 455
488 92
319 276
197 394
410 308
62 163
367 447
335 237
394 244
61 430
383 256
300 376
375 303
206 410
442 295
9 292
155 84
485 336
445 407
41 368
175 474
17 143
85 310
312 43
197 467
292 221
281 449
262 405
37 489
172 433
94 183
83 9
43 272
223 113
485 132
400 293
358 94
213 66
231 164
108 163
65 40
253 424
253 491
125 422
353 221
431 17
160 141
146 275
455 399
275 358
305 169
341 22
245 58
302 391
153 137
270 434
239 191
101 497
4 442
492 51
202 360
314 343
12 162
17 446
297 299
4 339
425 261
427 98
287 226
347 354
478 373
46 453
250 376
405 489
310 176
361 282
206 180
130 186
173 496
69 84
372 247
269 89
245 6
96 93
152 331
227 122
282 422
406 369
405 37
433 31
183 38
34 157
248 133
193 143
429 390
182 160
387 308
410 155
87 16
6 192
394 91
57 17
496 104
320 157
219 463
373 223
292 291
227 88
246 355
233 232
394 302
166 169
43 308
52 245
132 8
248 160
298 487
191 288
34 389
4 474
244 91
406 3
96 229
480 49
193 475
199 372
487 471
184 13
415 324
380 86
416 334
224 26
272 454
164 247
279 294
477 212
50 328
39 22
259 473
479 474
268 165
77 169
200 311
120 497
202 387
154 181
6 33
135 252
484 83
282 406
171 21
484 53
332 363
87 155
212 356
319 405
48 144
93 489
148 147
141 350
306 66
402 474
127 217
113 89
230 105
110 406
300 167
9 442
373 469
113 420
97 168
30 174
446 16
443 4
8 284
70 413
369 381
299 99
103 232
312 399
458 113
421 415
90 208
16 162
490 180
362 70
390 385
155 425
360 352
139 458
197 89
199 470
497 94
418 151
89 272
113 279
260 12
352 148
114 378
260 88
321 330
362 156
284 278
350 148
295 333
31 476
369 124
225 388
62 242
71 25
51 13
223 53
277 357
78 209
271 233
34 1
228 350
95 89
183 352
117 11
227 80
470 436
95 345
183 498
460 220
493 366
115 136
493 256
102 137
2 334
203 111
356 33
262 151
479 468
315 409
291 64
259 414
113 39
181 140
348 6
243 295
258 463
55 197
85 197
58 81
407 478
346 375
334 467
68 296
369 187
189 54
451 340
455 483
187 334
358 134
250 492
93 481
141 319
138 461
176 317
477 288
497 351
457 498
44 366
313 365
63 61
146 66
356 81
485 186
2 399
184 352
167 10
303 234
154 207
195 474
24 180
329 257
331 296
332 53
293 14
218 262
443 335
359 305
477 476
268 427
352 292
155 454
361 446
345 50
262 144
447 179
102 190
198 90
279 264
156 134
67 127
23 310
442 164
31 492
208 376
206 407
186 320
73 374
341 35
430 215
360 403
278 103
48 108
20 249
263 81
293 336
489 447
93 85
191 204
349 435
286 71
466 219
161 117
118 64
380 498
450 488
451 309
208 469
166 204
177 267
357 441
473 10
249 331
9 371
269 128
213 186
107 209
100 432
236 234
485 499
156 225
146 1
338 5
467 483
397 32
85 489
493 408
402 77
144 9
49 361
364 327
328 239
365 457
186 185
154 147
259 54
57 275
230 99
243 481
387 333
373 299
346 158
134 425
247 33
292 488
26 142
135 183
431 493
262 132
477 264
162 406
40 268
394 94
402 361
217 27
101 265
336 111
140 158
308 251
473 497
89 233
106 363
76 190
497 314
301 68
129 16
244 21
225 491
137 253
303 311
125 61
117 301
310 44
460 347
311 162
448 219
486 56
139 480
101 128
74 262
289 41
72 454
380 322
47 168
221 355
448 403
466 328
166 256
353 203
169 157
223 464
340 69
134 25
76 428
323 307
4 391
226 270
175 369
82 429
444 412
284 479
158 92
99 205
398 315
459 431
340 80
294 197
176 75
112 380
113 307
138 12
370 237
358 157
302 324
314 35
259 440
400 112
31 233
255 13
495 64
124 94
372 309
342 436
226 67
313 336
286 364
312 324
258 8
455 233
26 42
413 338
228 192
20 24
354 87
308 228
212 240
271 378
415 385
460 455
236 301
380 315
66 461
316 262
464 78
55 371
287 130
24 227
442 244
383 279
104 168
78 145
255 467
429 392
353 295
204 205
418 7
241 44
237 374
280 186
219 87
420 54
300 292
413 447
238 132
479 327
247 165
186 370
77 187
65 49
245 426
470 479
338 182
188 100
209 388
357 228
49 81
53 241
149 244
33 372
13 380
293 99
301 196
185 322
424 27
72 274
33 79
367 262
327 373
262 49
253 369
129 3
82 450
54 312
379 140
152 82
71 446
271 224
77 36
288 87
50 362
175 351
410 392
458 51
430 49
491 421
319 482
34 287
382 476
178 223
264 193
413 223
288 118
132 150
456 40
499 448
234 416
181 49
428 379
365 220
90 232
100 273
265 299
492 388
343 488
388 487
300 220
30 219
178 198
242 344
365 186
54 405
369 117
446 459
255 68
422 292
299 292
104 135
65 130
132 51
498 185
213 289
400 472
332 194
244 103
26 235
164 124
367 40
346 97
422 31
345 272
206 157
407 480
157 428
155 89
350 76
328 150
24 482
459 409
426 472
55 11
44 60
346 318
455 301
20 432
314 476
294 159
296 55
180 280
109 176
465 69
7 136
68 110
278 12
153 192
312 136
151 459
74 139
170 117
82 476
12 128
453 97
346 108
468 12
249 367
476 376
317 135
193 149
405 227
123 312
394 145
162 147
322 14
389 440
86 461
228 478
492 425
276 446
444 333
1 124
21 49
284 337
255 399
237 174
343 152
391 418
479 146
88 349
12 145
454 83
430 410
271 295
167 403
318 323
473 327
329 267
116 334
303 56
70 290
34 100
361 480
34 366
177 331
365 84
343 87
413 256
497 376
262 75
363 22
73 81
143 44
200 483
41 57
62 485
381 390
487 420
390 348
294 379
301 167
384 337
495 492
61 89
199 282
389 488
312 427
158 358
388 197
32 78
281 345
433 389
375 293
328 351
118 290
400 288
351 409
356 89
453 163
54 356
132 29
155 416
264 143
188 1
37 321
375 200
380 322
308 406
329 130
220 109
431 489
212 262
395 21
398 463
361 384
41 474
239 126
208 162
58 16
6 111
156 356
204 65
361 197
455 359
423 54
428 101
138 466
56 342
152 320
499 287
44 247
483 422
200 285
292 356
389 31
215 133
110 435
442 492
277 30
151 160
233 454
419 409
136 264
363 391
290 5
110 98
497 431
402 17
153 72
15 136
39 296
26 247
302 32
114 144
220 19
104 69
137 230
112 104
92 118
180 265
110 351
156 158
263 293
241 99
392 464
149 313
206 452
14 485
481 45
286 482
410 209
146 100
327 439
54 73
163 424
352 446
329 92
352 46
9 409
465 85
425 234
27 347
95 349
69 169
392 135
193 18
497 359
322 57
25 291
66 239
110 173
488 263
71 267
98 233
288 469
313 233
248 138
40 149
126 464
452 290
213 395
249 324
445 87
36 108
417 21
274 470
368 95
453 196
240 435
29 276
407 13
206 263
445 86
396 350
243 251
142 48
236 429
489 149
167 238
404 212
358 335
7 8
447 463
457 133
18 388
313 423
47 277
336 420
171 242
90 404
445 297
167 55
333 191
128 320
484 265
145 87
264 198
368 447
163 461
126 463
451 101
85 348
145 414
345 196
201 357
340 390
350 178
22 174
40 30
368 463
62 299
395 317
84 235
405 100
2 415
121 224
164 429
114 18
452 363
290 453
488 401
459 377
327 31
300 476
13 411
337 499
397 449
189 201
382 132
322 440
61 96
205 160
163 279
255 271
246 53
237 424
383 409
410 155
343 462
146 321
42 103
5 471
49 461
175 379
338 185
409 365
118 292
238 314
397 392
499 165
446 102
230 124
427 246
68 294
27 6
129 53
266 40
465 383
104 167
382 205
174 14
392 459
446 146
103 383
386 165
242 251
470 495
487 408
423 39
472 59
30 475
62 84
331 244
177 123
192 303
146 13
391 157
67 7
419 403
64 292
390 55
294 123
277 283
220 78
118 166
193 396
116 323
36 450
470 163
425 30
71 124
132 221
123 242
139 470
157 482
282 116
174 144
262 191
421 265
223 330
352 486
186 86
170 352
188 440
147 419
304 492
212 324
471 328
479 473
279 386
70 58
219 29
265 379
105 452
364 467
410 419
22 359
417 285
30 425
51 105
202 346
486 363
24 197
290 64
12 483
73 133
376 260
1 52
287 407
296 58
332 312
204 31
489 249
33 340
364 276
187 64
210 374
442 329
35 153
312 32
240 284
237 300
394 208
75 262
381 56
254 77
266 421
402 219
111 437
437 78
168 338
261 442
97 71
376 121
12 327
287 303
318 487
101 382
311 372
243 383
283 103
382 210
439 234
496 180
222 325
285 35
176 267
145 47
124 187
136 224
19 15
456 214
46 397
233 182
154 490
235 119
357 372
78 219
121 488
178 156
493 136
314 203
233 333
494 8
278 498
93 425
446 64
366 387
228 354
396 394
129 171
143 435
238 92
85 150
473 321
451 226
334 186
350 418
458 283
487 37
38 376
335 378
231 330
267 54
308 330
299 88
464 208
461 223
258 216
333 395
22 32
45 169
17 27
191 76
280 114
448 398
170 356
5 262
419 394
259 234
109 187
277 52
282 162
348 74
363 150
349 77
204 58
29 104
15 180
297 156
99 2
444 468
170 349
243 165
212 196
83 3
76 80
264 30
194 181
138 405
451 43
480 182
244 275
90 18
376 28
216 162
46 227
241 240
303 98
45 210
351 132
294 95
492 315
32 77
366 58
139 122
138 193
85 274
150 138
252 479
211 268
251 214
200 17
139 323
221 121
109 284
135 423
365 202
390 10
133 245
181 364
266 463
315 277
349 22
227 54
20 490
279 387
440 91
454 15
252 136
297 404
152 112
51 249
462 254
100 451
301 316
4 338
86 32
36 361
493 71
56 443
186 158
350 221
122 431
38 268
245 386
407 273
208 342
225 267
365 455
92 272
171 366
341 8
148 189
81 95
146 485
41 380
309 325
42 468
16 346
160 480
155 42
399 54
471 425
73 76
7 349
331 109
122 417
449 202
224 219
322 155
158 193
107 350
497 23
79 5
431 339
34 10
448 177
263 192
280 33
185 94
133 95
45 230
56 357
22 213
382 306
197 124
195 151
341 161
30 251
295 439
246 219
345 144
217 107
203 186
210 498
428 349
139 304
77 407
406 188
387 20
32 239
327 451
121 135
448 265
28 406
380 179
489 339
68 387
385 93
22 434
62 140
215 293
132 233
236 317
50 41
23 197
407 412
35 120
191 278
138 162
145 411
406 197
119 135
190 196
365 459
269 477
295 363
242 261
279 271
477 464
488 405
418 145
162 84
444 334
317 379
2 338
292 483
25 343
134 365
318 338
254 378
301 341
486 15
374 263
104 350
37 282
215 332
217 347
67 17
193 87
168 240
247 92
31 278
333 15
237 327
317 447
250 251
243 227
195 492
365 449
298 231
275 443
478 451
371 142
292 90
471 51
337 118
1 236
213 382
261 405
408 331
469 159
475 453
341 421
222 473
272 356
430 411
69 175
384 348
226 101
54 273
333 114
395 157
214 24
113 442
382 402
189 93
87 380
233 246
93 160
403 473
352 20
448 361
430 349
105 209
205 276
244 100
283 16
64 488
465 182
379 380
54 246
335 22
400 436
326 6
324 232
63 199
312 64
282 133
448 461
494 470
456 39
355 12
218 467
167 234
189 283
474 62
359 417
499 343
40 97
347 408
417 82
131 73
162 407
92 155
456 188
327 230
26 85
290 466
268 165
18 366
36 212
261 155
228 56
244 65
89 499
182 400
119 389
257 187
474 436
114 10
91 63
51 5
39 74
468 127
286 445
295 269
95 45
202 296
437 101
323 49
447 131
438 329
299 136
172 270
346 225
205 107
118 71
391 103
23 309
279 208
216 316
285 132
239 401
487 30
425 39
251 2
302 151
272 153
88 52
332 63
385 116
107 258
77 64
386 117
56 50
73 283
373 291
422 424
100 20
151 84
402 94
160 137
488 379
414 242
13 78
65 78
62 13
17 69
36 383
439 80
353 497
143 470
493 72
391 482
141 286
294 47
197 62
239 343
368 271
416 235
284 73
79 416
328 455
69 456
119 149
400 126
121 291
152 122
152 46
39 370
437 463
216 464
15 257
290 444
498 5
281 434
45 84
103 257
433 88
407 136
133 301
89 318
337 362
338 470
398 446
404 83
79 185
249 352
43 113
346 376
240 252
405 323
177 85
245 216
154 4
157 154
7 361
437 431
253 461
202 37
466 35
466 442
402 289
224 466
430 188
39 485
298 133
223 194
69 236
83 167
424 46
447 255
300 461
146 39
28 385
392 299
352 15
161 278
125 258
166 310
405 304
1 462
129 55
448 213
371 318
73 379
210 171
492 430
81 142
484 312
495 23
340 105
281 410
91 194
272 51
465 193
185 154
60 444
357 43
236 288
442 307
468 57
371 13
396 54
500 129
21 236
79 374
278 70
345 386
321 65
308 219
128 424
486 341
335 31
375 73
33 136
240 260
302 478
258 446
122 386
252 425
174 304
118 479
210 118
116 481
319 35
25 402
473 305
331 198
451 159
123 364
313 305
470 451
431 392
192 351
445 266
265 221
152 357
382 65
98 439
328 304
172 30
154 152
403 53
495 176
10 248
124 48
342 354
285 233
96 208
398 70
321 142
229 181
284 176
115 306
351 467
495 137
177 469
320 13
182 181
294 56
34 495
446 157
458 206
80 69
107 327
407 16
442 353
366 296
382 483
225 398
443 446
273 482
383 389
78 181
174 382
69 148
413 497
31 186
434 179
253 113
288 227
117 415
356 206
469 83
59 488
313 11
354 394
369 32
4 329
363 15
20 463
15 343
447 369
9 459
142 13
128 119
419 299
164 344
442 91
199 304
68 230
270 464
176 22
216 423
95 401
199 32
109 266
186 50
193 475
295 414
476 192
432 130
389 204
426 404
497 273
423 20
350 120
18 391
321 40
35 235
178 463
222 302
179 342
163 362
192 113
446 381
419 407
18 394
101 175
156 145
79 215
336 421
137 262
86 463
210 81
83 210
322 104
215 257
27 232
398 204
318 232
247 453
159 5
324 445
485 207
451 239
372 318
195 457
452 69
77 162
51 389
111 330
219 335
60 349
281 49
199 250
69 415
235 67
269 495
74 18
363 368
53 46
223 56
293 61
388 197
487 35
309 432
299 9
88 82
407 359
7 183
95 196
355 170
325 414
56 378
36 358
37 114
157 497
245 391
71 206
410 225
68 213
377 418
113 27
280 105
94 124
387 362
379 258
382 263
239 74
461 225
266 345
195 116
426 439
130 360
38 91
451 131
144 201
428 170
124 497
54 124
281 106
438 337
88 93
47 34
6 123
349 51
454 36
424 150
41 168
382 223
183 352
416 197
149 266
439 108
76 320
148 413
459 347
22 39
495 397
221 101
199 173
191 326
410 432
101 137
237 302
151 339
188 100
143 346
318 91
142 375
352 3
130 278
98 457
88 16
108 126
320 489
445 456
343 102
266 47
228 156
450 185
306 257
70 101
269 355
165 197
255 344
15 350
206 358
157 154
466 412
393 411
139 149
140 391
383 286
375 115
102 84
442 343
331 300
76 213
355 127
89 450
403 473
420 322
289 121
390 357
60 40
124 182
304 164
312 38
411 469
295 445
213 461
166 400
239 434
496 252
243 294
393 9
247 108
66 78
203 263
498 273
390 342
233 267
211 492
25 458
147 278
492 315
144 258
19 146
305 304
381 429
313 366
1 3
496 415
277 484
291 410
421 368
166 411
219 365
483 16
37 54
234 311
278 112
68 435
129 463
441 422
234 283
155 17
281 171
318 31
40 409
316 369
129 241
33 354
175 155
15 19
215 306
215 109
7 358
241 265
402 133
445 474
200 269
130 190
377 372
166 457
430 15
325 178
95 245
173 294
255 318
211 55
26 394
464 153
350 239
287 391
385 99
340 6
161 436
167 259
31 402
356 478
195 254
331 31
360 344
82 311
170 161
441 93
253 323
199 42
156 345
51 102
447 354
431 117
139 135
330 133
441 27
85 366
233 5
18 296
348 36
233 17
153 40
108 363
298 97
190 4
389 134
333 498
432 191
390 309
434 185
180 248
277 426
390 286
438 348
398 175
431 356
466 386
188 116
31 69
257 66
459 90
451 328
106 193
13 154
106 271
402 219
482 421
74 73
172 191
115 430
36 288
9 381
351 430
448 293
216 481
100 444
379 497
21 73
119 92
404 72
366 25
167 259
329 63
421 291
217 215
270 437
281 300
61 54
341 311
314 286
189 246
91 80
153 23
350 287
416 374
314 6
324 387
446 131
180 389
2 186
70 381
329 244
30 329
229 408
395 8
467 344
256 109
122 232
198 209
307 411
332 42
274 330
415 398
110 191
263 96
280 239
123 320
373 441
442 315
197 8
292 52
14 420
131 495
25 368
404 455
391 61
280 419
82 500
332 499
247 55
122 277
12 380
421 362
298 452
180 247
163 187
380 297
135 101
79 218
78 34
450 106
442 381
371 336
195 138
283 56
115 204
333 459
43 23
324 440
160 38
419 65
445 423
318 81
427 498
170 129
379 407
416 58
301 350
270 375
448 421
194 322
19 258
317 490
456 303
488 25
51 50
59 82
497 373
406 203
157 80
214 370
120 388
446 238
269 90
236 269
170 254
63 258
229 167
37 354
232 124
294 350
464 481
372 402
150 11
331 333
111 220
202 480
223 43
175 259
300 261
450 401
163 6
118 246
377 252
253 47
268 331
205 50
80 15
309 88
119 393
357 26
109 124
336 146
351 44
99 311
141 76
437 477
69 378
447 460
83 97
440 236
250 430
299 136
51 144
189 68
325 407
261 293
405 482
293 451
202 223
448 13
329 57
233 239
134 278
399 261
155 24
441 328
316 2
13 339
144 250
105 288
231 70
83 276
432 413
446 68
91 410
261 480
177 396
180 246
439 92
488 174
310 26
265 54
284 468
454 76
450 14
100 441
62 110
289 202
147 279
224 70
154 118
470 180
123 327
266 202
283 124
372 317
372 60
377 203
469 460
222 454
157 426
249 178
492 102
228 175
356 26
163 2
320 367
235 49
214 443
191 4
470 136
252 314
349 456
80 35
135 355
423 116
336 38
354 187
152 471
337 77
177 133
107 359
406 225
204 288
283 40
452 434
407 146
144 385
93 378
74 68
282 195
491 23
346 344
421 464
25 11
319 259
268 177
288 82
27 450
226 270
69 10
309 298
21 119
462 103
308 270
129 474
225 464
14 21
8 218
242 365
379 494
473 446
452 327
355 75
4 275
395 488
500 70
408 18
427 488
383 31
171 377
51 498
439 139
45 495
283 104
478 424
311 273
119 192
170 467
481 288
93 238
339 341
455 431
249 14
319 198
49 150
234 390
185 144
91 104
441 454
408 427
500 334
294 56
409 23
279 95
183 404
347 25
281 38
191 439
182 161
425 217
91 237
401 120
177 135
239 237
496 40
305 149
303 41
67 409
71 35
11 494
498 71
213 76
75 280
248 215
98 374
7 381
38 269
436 31
142 151
90 376
285 417
338 435
496 24
178 497
210 11
438 1
157 408
333 286
434 426
438 249
303 292
210 389
100 204
93 121
304 42
76 380
377 55
26 370
466 199
365 143
463 155
434 477
87 459
235 237
35 81
308 171
122 480
289 159
43 337
50 100
88 346
383 13
406 160
3 444
83 241
40 299
145 7
449 207
347 451
164 21
160 233
232 291
439 155
474 188
34 52
437 256
148 159
479 30
147 385
141 12
147 128
255 173
496 308
164 304
308 38
219 233
57 249
459 457
468 117
343 17
391 417
209 167
374 66
153 343
210 126
221 263
212 193
145 142
141 378
158 348
430 35
493 248
409 146
378 220
84 256
98 202
223 210
271 381
300 317
177 291
149 98
317 207
291 218
12 231
209 228
166 100
353 1
56 59
91 317
395 391
157 120
389 178
337 307
182 199
274 248
142 487
456 147
121 15
422 345
77 3
362 95
74 378
147 439
96 308
55 49
399 310
371 233
158 182
185 498
383 376
70 153
307 176
458 470
257 397
475 422
394 283
31 92
71 29
309 354
411 297
392 500
128 8
393 212
230 159
134 453
145 423
189 13
25 141
210 65
358 451
487 1
236 142
12 14
450 203
124 14
6 191
422 71
62 392
358 138
104 22
256 74
111 13
295 403
390 267
111 139
170 478
242 34
165 305
392 26
420 46
15 434
403 71
417 319
260 487
299 285
480 492
172 488
197 412
26 110
463 193
303 282
410 437
200 310
421 346
350 316
85 195
131 489
334 151
5 76
435 386
440 207
465 39
431 240
360 394
143 351
17 498
17 99
276 80
250 158
64 257
250 233
123 374
380 37
254 482
258 188
357 139
194 444
133 37
337 441
149 43
344 498
135 212
297 310
297 298
392 61
86 225
215 8
242 157
271 257
6 3
429 351
466 31
410 230
310 288
340 363
185 487
177 486
25 481
57 345
68 486
353 243
202 303
30 26
439 179
256 370
127 35
493 459
258 207
76 143
367 143
37 483
415 108
418 397
162 430
212 499
1 48
91 27
103 359
413 461
490 124
42 48
440 273
64 480
284 370
204 105
307 297
403 149
308 122
53 358
157 269
103 462
101 147
269 94
220 477
302 213
379 144
499 66
309 8
497 378
345 210
459 149
117 246
179 403
403 98
239 211
319 111
48 229
115 336
377 287
329 383
150 211
300 66
46 331
206 203
426 188
487 71
133 396
446 273
305 410
379 86
152 405
398 7
418 103
163 145
353 416
495 19
253 81
96 55
472 436
221 348
71 5
57 343
375 249
489 273
106 465
363 153
221 5
119 311
318 134
405 195
46 251
381 25
433 224
400 180
338 483
141 391
335 342
425 470
436 458
225 87
398 347
397 333
278 36
314 247
112 338
493 232
287 11
220 163
305 111
411 395
391 161
6 146
15 19
210 376
153 452
487 177
324 340
413 157
230 390
420 253
49 79
369 289
110 25
481 277
337 41
463 260
72 32
211 320
379 110
345 106
246 303
283 30
335 261
440 11
39 151
360 152
396 384
98 190
181 406
385 334
424 444
155 180
384 440
481 162
187 10
114 250
396 367
327 365
241 372
63 493
302 16
171 257
460 464
369 273
14 373
248 282
450 140
53 252
112 185
317 124
64 442
108 150
412 347
394 97
436 381
146 89
168 347
458 105
366 412
410 128
173 496
379 107
424 364
384 137
417 280
233 384
109 136
459 352
17 446
219 145
77 283
302 258
455 57
313 206
80 453
2 86
265 435
37 76
479 233
429 228
287 3
188 109
260 133
223 15
160 269
53 361
100 473
352 148
183 209
271 19
143 153
37 263
322 81
449 499
151 187
262 337
152 396
63 417
97 294
333 239
385 400
337 423
307 109
250 310
84 372
390 284
1 216
437 371
273 175
255 247
332 70
278 242
434 85
371 125
343 118
435 294
82 189
58 322
379 331
260 216
178 427
123 463
369 189
98 256
355 231
226 144
109 15
470 424
424 490
387 79
103 193
371 10
24 291
19 246
56 392
479 23
417 18
281 131
98 346
17 180
487 48
331 466
119 293
498 46
39 212
194 44
55 412
247 14
51 269
382 106
240 255
245 2
373 219
221 331
414 312
407 291
101 451
401 206
141 178
129 380
342 457
351 88
306 243
317 36
53 83
395 471
221 79
22 490
350 492
481 84
182 155
127 324
19 302
406 230
127 377
20 404
274 488
421 79
60 464
162 369
290 441
71 124
293 326
35 357
500 109
424 356
396 499
466 200
309 191
176 356
351 437
20 248
169 298
455 472
398 180
224 399
418 98
120 184
219 160
129 392
397 36
497 489
252 36
74 447
104 58
52 95
5 14
126 426
218 366
2 483
249 308
16 300
11 460
376 354
384 106
161 102
367 197
224 475
150 290
293 212
285 457
22 114
70 26
39 90
409 203
222 129
280 251
409 27
425 111
100 420
480 436
337 121
486 32
456 36
31 66
346 491
351 118
231 332
363 173
30 141
312 38
140 44
203 83
430 461
441 29
160 383
198 254
28 154
264 353
211 121
320 163
494 475
220 344
257 115
44 318
39 499
119 58
155 61
388 245
478 394
288 30
381 321
470 389
250 299
246 57
160 109
29 253
268 273
183 299
156 41
127 189
178 40
47 134
482 221
348 275
465 405
118 127
428 212
458 26
370 389
216 229
407 417
254 34
278 30
215 383
456 394
2 122
61 15
200 240
288 3
279 303
247 150
79 60
274 259
379 161
483 223
333 43
40 106
327 494
166 197
216 247
499 231
407 67
127 282
111 500
212 195
298 280
276 184
279 334
189 434
381 211
82 355
280 463
446 485
431 262
338 20
247 181
235 252
247 437
186 159
156 415
23 180
286 316
227 141
377 421
73 173
264 214
408 200
342 214
346 10
487 403
412 373
302 12
42 100
178 223
364 235
436 447
224 163
318 37
374 327
176 138
32 313
2 31
327 444
90 230
33 32
390 352
493 135
183 120
78 161
302 88
110 244
229 325
292 355
22 219
158 291
190 162
61 90
146 74
325 96
461 346
318 304
238 272
391 375
469 451
316 265
16 37
181 475
64 117
315 121
227 80
294 461
357 152
325 75
86 273
17 337
76 460
275 149
269 325
183 46
479 171
223 295
107 258
465 81
42 344
408 361
204 206
421 24
129 305
73 201
346 151
46 470
488 160
229 435
155 497
497 494
498 271
36 245
279 215
443 68
479 416
425 488
437 147
422 150
296 96
97 358
358 347
348 457
103 68
306 166
349 236
252 420
150 462
236 423
294 367
473 5
280 314
301 440
204 135
467 115
438 475
134 480
282 327
130 375
52 404
28 430
92 52
143 350
394 346
290 123
177 247
25 310
133 122
123 17
384 112
340 92
373 280
403 258
18 48
426 352
209 366
176 330
267 81
82 136
455 177
154 161
389 353
265 240
431 113
89 129
461 442
249 39
198 405
141 97
1 314
149 429
377 11
438 462
287 255
359 58
487 181
217 100
9 222
247 119
417 372
444 25
213 324
103 133
133 16
498 157
310 235
15 91
59 315
198 304
396 33
309 479
207 297
496 227
212 352
81 213
138 16
431 364
299 263
263 39
42 298
469 326
241 421
431 351
367 210
279 464
93 221
202 367
181 440
152 80
68 295
24 392
213 129
224 410
29 206
211 351
214 205
85 282
21 182
147 201
5 342
182 136
439 97
114 445
22 454
85 287
288 228
361 477
448 96
405 440
135 275
148 109
374 155
385 111
393 287
319 239
486 200
118 339
378 118
54 64
174 451
421 8
178 84
143 63
496 438
2 427
456 128
94 240
296 86
158 105
125 59
88 286
218 212
16 459
446 238
371 499
339 278
333 201
71 81
225 394
397 149
486 468
175 372
349 72
436 479
495 225
337 151
108 41
405 341
286 77
451 212
280 353
21 34
61 70
319 382
344 171
66 89
472 388
2 15
477 468
211 115
339 228
121 492
142 474
497 122
481 455
220 293
119 483
172 390
448 149
450 30
50 322
107 238
339 123
316 229
68 31
256 382
52 225
206 416
75 148
278 404
238 397
153 9
475 253
456 462
60 465
209 371
263 25
103 28
105 65
121 83
23 416
239 392
78 400
244 349
300 468
100 484
425 117
214 124
241 366
466 174
18 398
496 133
218 364
243 360
171 85
343 55
450 354
185 355
186 41
378 155
483 447
117 283
395 206
87 403
458 363
480 206
371 34
333 386
219 500
219 331
63 278
329 33
344 158
21 7
54 44
210 148
337 123
88 488
276 481
303 326
154 358
283 127
323 106
239 12
74 136
98 183
213 205
5 152
145 339
375 100
464 289
422 215
244 321
112 459
217 439
452 491
50 404
86 249
171 329
146 433
349 158
181 188
33 393
482 376
27 155
379 80
130 189
194 116
90 308
3 346
440 28
300 436
151 317
161 60
272 145
146 442
491 439
344 27
372 382
337 412
382 48
185 329
92 18
145 402
356 300
2 68
395 108
64 372
235 240
187 314
264 414
109 443
46 194
111 392
284 374
297 471
445 238
83 222
242 134
453 446
177 475
251 203
453 269
489 309
229 450
145 296
128 196
448 293
178 216
344 175
466 401
92 84
155 12
458 376
153 32
286 135
455 38
167 319
441 428
70 66
122 311
417 410
355 305
416 208
261 266
271 206
300 51
303 102
338 375
215 291
411 415
459 292
354 298
57 248
130 263
366 335
337 265
215 346
436 242
244 480
496 139
361 153
474 8
207 176
452 365
467 450
296 105
287 1
464 321
265 237
373 158
414 459
267 281
70 80
194 401
421 273
127 139
177 289
388 243
54 325
39 64
405 243
146 427
365 80
2 71
128 395
3 473
18 411
477 454
101 369
58 469
291 338
1 253
232 77
107 431
146 222
272 420
408 393
408 471
498 17
332 431
274 203
260 360
39 438
226 8
353 41
67 155
383 463
384 459
156 251
435 374
251 255
221 313
126 66
434 251
437 399
274 2
52 305
286 295
280 284
278 30
164 145
63 445
266 472
224 383
384 134
119 34
71 318
490 448
35 403
217 134
112 90
300 454
132 7
378 313
50 386
345 101
359 197
206 87
208 333
259 242
325 353
263 51
326 452
221 243
416 411
439 105
134 220
19 18
45 114
288 16
474 301
122 8
406 243
136 376
158 434
488 134
194 197
82 58
50 366
305 343
400 356
343 127
468 447
182 91
138 386
462 179
152 441
80 352
470 431
33 20
230 389
168 315
150 308
242 110
434 297
84 231
295 275
271 226
436 311
173 344
224 156
449 106
241 284
479 487
332 48
259 416
41 262
81 243
138 60
53 283
356 410
281 215
67 58
52 88
181 469
32 370
79 499
267 381
125 74
56 446
163 392
314 7
121 190
476 205
206 114
187 166
312 100
262 163
5 182
408 169
6 215
190 39
167 155
441 248
65 470
369 15
383 240
73 137
449 422
206 146
200 284
109 10
255 203
46 203
429 235
359 265
379 327
497 188
431 144
36 220
462 405
428 434
346 26
178 87
269 42
199 42
328 23
324 99
1 475
113 78
269 122
468 298
51 370
441 474
415 33
285 163
473 121
329 113
232 217
170 383
40 354
193 382
181 161
416 42
430 465
14 86
269 499
197 174
373 328
433 271
26 65
117 299
482 315
87 329
39 27
80 260
200 424
170 411
69 126
247 389
273 17
190 436
136 144
286 213
35 295
320 187
58 378
402 331
391 286
122 387
429 342
403 118
346 44
238 248
122 73
334 15
457 200
57 21
424 190
104 277
463 85
144 18
35 436
92 285
72 195
322 138
127 443
210 182
335 450
16 42
325 204
81 269
247 283
138 125
421 468
134 333
275 51
139 417
133 401
327 291
455 193
425 486
192 269
307 29
288 116
165 169
347 120
274 316
474 25
4 263
418 373
268 21
149 101
325 143
315 206
217 162
213 134
274 431
61 243
391 291
8 48
176 264
65 214
438 392
394 333
361 161
29 403
384 63
44 49
69 358
309 161
411 53
69 252
369 303
88 487
15 104
12 203
87 143
296 258
427 385
39 127
260 326
206 170
457 77
301 327
399 57
218 368
468 426
329 259
299 167
107 265
445 78
7 266
207 81
439 305
66 389
420 179
177 190
75 18
320 195
351 191
35 474
133 404
187 350
316 69
384 456
148 337
267 60
456 88
81 401
2 107
345 21
203 285
221 389
112 159
423 103
188 289
12 153
464 453
466 107
452 8
11 465
494 181
13 351
261 297
487 404
177 73
56 248
412 219
482 424
34 2
271 118
298 485
356 280
408 395
322 12
187 206
47 24
54 12
260 413
124 150
164 38
115 57
424 318
163 148
141 461
379 398
449 303
255 490
187 174
156 215
306 90
202 171
383 13
276 224
7 327
356 225
301 335
80 470
156 349
77 167
221 209
498 332
403 446
498 438
398 342
334 37
134 316
99 205
316 315
251 22
298 159
13 397
235 296
384 492
273 109
199 254
454 164
4 397
476 242
223 381
258 296
357 306
213 227
249 209
115 116
293 436
372 130
93 265
36 52
230 401
294 179
12 278
57 236
50 42
438 122
130 381
277 119
280 240
453 450
247 73
292 469
452 28
341 211
374 476
230 299
91 51
194 436
340 116
178 110
78 462
406 23
195 408
93 13
369 275
465 272
184 439
453 194
410 34
220 110
442 497
493 63
78 225
283 442
21 317
144 282
343 188
223 158
149 32
426 204
303 493
201 249
109 418
412 22
206 264
297 279
37 23
109 132
110 341
430 160
292 396
94 48
134 232
323 452
416 470
225 374
368 128
40 256
183 434
89 310
299 201
85 72
348 240
463 492
448 179
42 120
5 412
208 146
485 346
291 41
58 42
396 73
153 72
126 320
271 30
323 154
50 91
389 94
473 376
333 209
175 407
38 301
199 250
378 33
173 286
227 35
208 242
20 290
76 325
263 364
387 28
375 476
489 304
431 298
473 138
453 135
347 141
134 110
404 20
440 326
326 234
122 364
71 449
269 299
462 164
497 320
330 69
184 441
182 232
40 102
227 234
342 144
120 403
111 435
112 181
437 403
310 219
164 125
354 145
484 447
41 477
420 267
316 321
77 82
488 99
234 278
184 393
426 235
380 376
448 181
325 262
19 208
148 402
224 397
27 343
193 59
7 437
302 126
321 238
169 225
318 183
136 407
401 191
61 215
66 173
199 326
229 341
298 122
198 402
75 138
354 62
479 22
125 103
141 88
376 420
317 122
267 425
158 302
297 194
233 418
50 454
265 380
210 129
242 103
395 93
113 324
437 67
33 157
198 478
334 20
493 465
103 438
417 304
366 177
347 306
236 105
421 145
134 259
246 243
129 438
266 151
459 8
300 275
406 482
339 154
177 137
140 450
154 220
16 228
470 405
288 453
314 404
371 228
430 369
112 370
231 234
191 72
73 390
102 253
212 109
77 389
452 489
382 259
413 199
204 226
325 207
235 468
243 164
460 396
158 427
295 366
191 376
133 188
73 367
359 336
430 116
497 47
435 204
224 413
383 459
456 181
462 40
40 392
259 475
349 380
165 209
73 223
237 457
207 60
161 290
19 372
394 85
382 373
400 20
262 298
425 427
207 40
224 39
37 370
292 55
314 129
453 276
293 30
367 290
111 237
72 110
19 336
500 326
5 295
422 247
57 388
178 133
329 189
81 456
19 75
366 49
123 303
62 261
164 498
4 22
112 96
341 31
271 119
442 158
316 156
328 243
290 173
140 57
411 80
48 317
391 172
31 214
245 129
41 87
449 45
16 284
410 205
351 56
188 21
441 313
98 401
21 98
320 42
350 150
134 39
154 123
419 224
334 252
75 301
371 468
277 99
51 225
256 462
341 153
328 129
125 325
349 127
87 301
124 40
149 221
248 319
434 362
282 444
335 344
213 36
229 4
5 474
122 486
486 182
315 396
312 85
482 370
254 121
320 336
17 281
300 321
208 316
281 360
81 103
269 66
359 289
234 296
341 119
477 179
81 476
315 432
396 25
241 359
127 409
347 220
83 111
265 141
350 268
237 386
263 397
104 366
83 381
203 200
168 74
100 167
114 81
439 367
104 37
422 7
78 370
91 87
221 332
361 233
205 403
429 161
353 48
485 458
215 109
345 376
32 57
272 466
132 497
62 317
432 107
411 8
414 165
256 280
248 403
149 269
27 235
351 406
368 438
145 323
331 128
1 198
265 486
110 435
390 311
34 151
314 408
297 340
332 67
383 95
171 429
119 139
418 370
336 433
136 175
60 395
46 394
119 96
356 472
423 64
102 151
24 112
19 491
29 494
486 383
489 200
407 431
66 73
221 447
460 379
301 38
300 469
249 465
67 287
96 280
205 491
14 333
221 207
351 89
240 77
371 246
233 125
420 133
199 157
252 416
302 51
183 294
71 102
245 384
238 455
486 94
114 44
380 402
64 295
464 153
143 184
384 195
347 263
469 86
399 66
455 436
267 191
477 253
381 192
131 115
130 437
408 207
89 167
455 152
436 30
475 221
415 223
160 235
357 137
363 358
190 70
160 282
259 410
145 234
400 98
176 68
330 249
41 147
393 154
141 88
375 62
405 75
98 482
109 154
100 103
397 452
294 208
291 144
292 371
163 313
321 145
250 127
370 391
355 142
435 63
178 450
62 404
1 263
201 319
36 346
290 206
456 10
88 25
80 478
276 159
280 444
91 194
13 334
243 456
291 458
452 370
324 330
345 163
341 23
50 458
305 100
71 113
334 472
468 308
282 254
248 67
260 423
473 234
23 71
435 256
68 383
295 101
494 263
444 18
360 499
443 107
103 205
348 63
282 179
457 471
203 85
467 8
354 340
55 496
106 37
137 86
174 303
247 205
307 73
237 220
62 272
294 105
164 321
353 103
76 390
46 171
468 449
65 159
127 100
247 89
361 23
73 85
337 366
366 219
433 355
340 105
310 313
484 400
304 252
305 325
412 19
429 207
90 136
233 146
289 317
207 309
170 134
321 477
363 342
297 474
88 49
252 150
210 212
210 216
224 346
4 273
82 370
405 300
437 104
33 56
398 369
233 488
455 47
356 136
81 436
454 485
463 121
188 415
1 400
367 386
232 271
220 468
455 72
349 352
50 171
29 287
481 321
28 163
313 450
12 217
102 107
335 244
12 206
161 364
412 70
285 473
374 191
384 318
226 156
483 372
245 327
326 424
389 407
219 235
162 264
198 284
297 411
413 164
446 247
183 97
222 382
408 4
478 181
172 33
313 40
422 376
131 281
270 424
453 411
214 254
190 4
2 139
140 64
184 418
232 134
254 371
424 349
448 298
95 414
474 377
438 299
335 484
361 171
293 338
426 348
285 257
375 436
194 123
460 150
419 70
6 442
393 334
213 114
31 105
143 386
30 20
164 83
196 491
321 140
301 454
433 262
481 226
187 42
61 314
71 341
409 435
280 184
78 229
5 211
65 167
244 389
243 181
17 390
190 400
116 21
449 388
432 332
20 118
156 214
31 74
248 11
185 105
149 109
259 159
454 170
132 72
461 491
392 242
347 251
250 57
342 114
409 495
483 225
223 82
478 3
357 20
95 350
422 92
303 61
358 452
259 118
104 179
391 141
486 251
392 456
318 75
388 400
112 107
481 72
219 21
430 40
145 208
452 237
195 322
69 92
29 326
43 302
287 440
50 93
89 179
143 389
70 72
199 197
392 122
394 121
349 283
393 348
227 481
40 151
26 477
65 44
52 498
233 202
101 16
305 37
348 81
46 274
69 195
368 378
194 58
368 285
306 486
86 50
429 456
369 78
196 72
235 461
35 224
126 357
133 481
457 6
128 389
115 166
484 343
365 80
48 125
423 45
159 237
80 375
313 414
260 127
89 131
5 276
269 56
411 232
81 93
384 16
72 479
404 158
103 424
234 70
157 40
151 154
427 445
182 445
112 252
24 170
299 21
439 50
463 41
393 468
193 319
118 372
262 154
174 17
93 205
216 329
413 293
171 23
264 52
258 326
355 206
361 354
402 302
155 170
412 217
150 466
333 176
436 345
119 153
17 62
312 289
358 244
51 455
316 494
39 252
363 302
101 312
486 375
179 392
403 287
474 91
72 47
348 184
310 214
347 109
313 234
363 336
204 45
437 420
111 201
338 448
242 460
90 54
5 437
374 431
466 491
112 5
410 143
305 259
485 474
58 92
367 140
154 277
498 399
167 335
258 91
361 62
449 417
486 371
444 164
48 314
258 494
248 227
345 371
244 105
209 382
85 81
474 281
356 185
439 415
4 398
92 451
261 318
41 153
131 121
199 73
141 255
466 40
385 251
355 444
386 106
455 99
186 213
19 86
445 176
201 364
381 246
218 230
195 50
37 323
57 220
275 244
263 320
136 260
414 79
22 492
190 77
151 110
202 127
354 188
437 468
380 59
264 244
215 67
453 67
493 283
342 165
47 103
151 316
87 457
257 441
337 240
487 226
427 19
141 330
141 386
161 404
103 90
418 122
367 200
404 364
171 347
380 339
18 484
452 123
108 26
26 298
148 219
49 223
334 108
317 195
158 15
398 324
209 237
441 162
37 65
5 277
188 289
199 221
98 34
340 396
188 268
108 413
292 185
399 27
168 160
375 303
352 246
452 174
497 449
11 420
114 350
477 47
108 283
358 193
312 380
376 326
12 9
162 298
96 216
482 345
131 379
113 459
112 360
225 189
116 272
360 147
341 422
329 165
344 262
23 122
108 377
213 92
485 263
474 202
212 261
239 332
234 70
471 61
115 335
315 332
446 4
303 316
47 72
24 338
43 103
454 194
180 115
4 424
258 380
246 67
103 471
134 66
495 171
26 300
99 12
492 419
79 108
329 423
68 372
291 59
194 181
299 159
12 155
307 298
476 290
467 270
48 463
264 220
459 389
128 257
48 312
223 334
357 91
155 292
285 284
1 7
335 370
254 221
147 454
301 244
410 292
317 310
433 272
170 450
187 314
83 344
377 466
348 406
283 228
431 368
291 184
244 109
90 149
443 1
392 291
407 136
16 401
71 384
118 146
125 238
281 380
409 78
370 270
92 293
412 375
275 281
318 484
59 494
91 332
1 500
243 468
163 118
461 20
299 18
274 290
450 31
439 133
420 388
176 149
359 111
341 294
74 321
82 434
179 121
172 70
343 113
244 66
472 133
185 207
434 487
480 166
468 244
271 440
265 421
411 205
437 185
412 235
492 352
467 190
223 99
187 227
203 387
84 90
224 111
248 174
498 388
226 480
47 294
72 336
233 225
35 74
203 295
230 89
423 448
404 164
32 401
383 265
494 339
309 374
420 75
409 402
341 413
82 105
196 318
472 349
467 419
188 1
358 279
367 411
99 472
449 72
325 458
358 199
224 325
181 246
494 144
468 290
411 10
110 238
10 11
330 166
406 390
333 266
27 224
376 385
55 490
112 183
377 320
398 149
74 223
107 144
454 152
333 217
174 353
36 155
86 241
14 71
394 172
279 420
193 298
201 404
320 74
246 263
74 120
451 423
19 492
254 371
234 225
328 352
312 114
149 44
128 500
7 132
238 91
82 330
340 114
481 127
377 223
111 404
61 100
118 392
115 406
169 60
217 122
96 37
318 22
317 324
96 64
225 167
168 143
161 166
193 343
12 95
68 449
81 229
472 330
62 191
176 288
92 204
467 234
102 199
386 471
384 430
50 423
165 152
64 67
473 308
228 334
407 122
362 196
479 169
257 385
212 66
41 83
356 470
394 133
251 456
299 294
83 36
372 240
97 330
185 488
83 226
304 93
195 379
8 185
320 160
464 361
87 310
260 374
134 10
10 305
351 90
355 461
7 2
188 159
41 428
18 168
233 157
150 335
183 323
305 159
456 55
80 392
380 250
34 118
487 389
474 172
420 4
324 163
420 92
190 199
344 293
151 300
367 284
198 302
321 437
468 421
285 225
98 110
254 62
113 97
192 287
154 17
276 204
452 308
482 98
192 385
43 486
433 167
34 390
271 232
33 366
374 438
214 228
420 12
53 255
385 189
417 226
80 364
386 14
301 93
361 473
387 182
42 84
91 311
498 366
129 113
500 449
229 48
381 46
280 372
1 317
16 279
15 199
474 149
160 58
229 158
282 103
170 397
66 339
222 138
126 109
215 84
35 122
143 183
218 109
28 317
224 197
205 124
263 239
425 399
459 25
327 294
17 178
494 365
246 212
171 298
182 168
227 180
341 269
356 316
358 264
147 301
183 97
458 415
384 166
8 29
356 96
9 489
384 253
239 106
53 201
399 210
318 265
43 467
446 423
255 25
393 87
316 4
188 39
483 46
272 386
404 102
460 454
115 246
392 193
182 183
190 486
347 431
58 51
103 301
247 218
150 91
2 137
159 500
435 343
189 242
411 361
341 33
366 230
73 474
406 245
281 286
228 372
246 388
141 326
344 294
34 82
392 31
36 345
301 147
98 261
490 83
29 131
441 432
53 308
490 21
344 153
425 471
343 481
417 277
49 153
254 192
475 134
43 127
49 465
477 111
363 453
478 463
403 460
281 57
379 5
284 296
283 331
198 37
246 483
497 337
135 31
203 178
238 313
471 92
184 397
432 358
426 167
465 208
33 441
317 355
42 485
127 45
494 171
173 470
184 120
123 281
84 233
238 417
425 60
189 217
276 429
132 116
341 367
382 384
377 285
182 444
17 34
300 488
350 76
153 221
212 420
375 383
232 346
34 325
353 444
70 195
144 471
69 253
21 409
415 24
418 66
85 231
65 279
282 391
69 34
328 157
263 478
118 379
244 366
292 200
456 34
160 132
287 60
131 348
78 91
383 324
483 413
417 63
250 25
157 87
475 224
322 393
485 17
4 99
309 166
154 2
396 191
107 349
279 438
223 118
398 171
234 1
262 471
7 58
409 36
213 424
264 93
281 273
189 201
185 297
430 57
448 313
126 262
335 66
91 114
483 125
328 139
303 232
466 473
212 155
498 179
310 244
364 60
335 115
369 50
165 228
339 41
478 90
436 317
21 124
351 262
12 106
475 460
474 302
237 34
26 157
197 208
332 399
122 398
295 148
344 322
403 416
141 441
350 340
331 230
257 35
29 113
55 103
245 282
210 22
384 227
388 332
232 88
94 167
268 473
186 162
163 318
237 146
200 497
499 437
281 492
74 1
350 287
334 57
95 9
407 428
105 345
45 394
448 290
350 291
316 490
174 8
222 26
205 53
448 87
303 116
73 275
381 314
480 317
299 200
188 455
456 393
161 237
302 176
399 110
56 449
253 310
163 385
498 361
445 483
111 275
486 295
201 154
355 306
397 209
177 291
262 189
355 455
329 98
148 246
423 393
134 71
155 352
245 115
31 94
387 172
364 258
35 230
377 16
409 57
291 51
265 227
326 14
32 77
386 293
1 355
148 82
182 313
338 103
253 24
40 419
482 73
187 268
340 301
189 158
123 267
392 24
71 389
247 445
292 368
69 327
462 124
444 96
15 65
68 184
191 437
12 268
62 315
130 304
446 297
472 7
224 269
412 6
284 249
428 324
292 163
18 62
261 99
171 490
231 159
138 8
254 160
222 113
222 172
45 381
381 124
112 326
373 354
104 152
443 200
190 204
271 143
12 81
39 294
151 462
257 39
64 170
460 482
58 337
198 84
390 317
210 56
23 109
247 119
228 281
454 229
27 295
439 58
82 125
384 491
417 390
96 129
161 18
200 343
315 39
431 327
120 461
251 175
316 300
397 96
229 314
64 292
13 145
80 99
489 30
358 403
45 403
158 356
313 345
130 77
12 434
209 371
458 312
102 195
201 29
119 139
350 246
54 487
495 348
397 196
343 108
9 2
337 1
204 85
325 273
234 34
212 457
73 208
411 377
498 396
438 322
126 226
161 428
42 354
9 344
306 199
472 133
270 356
197 169
124 20
494 146
42 52
151 281
95 421
234 347
343 471
229 428
56 461
171 193
271 376
314 204
217 349
256 461
470 210
302 77
496 85
433 490
295 494
127 4
497 191
77 314
261 279
322 294
232 23
191 329
250 122
195 495
259 81
91 487
221 66
12 238
406 285
272 71
292 117
427 500
326 313
336 436
472 311
14 99
218 94
266 358
353 363
129 236
401 261
490 358
419 141
354 9
163 317
369 215
99 102
145 151
107 334
248 391
233 275
263 388
5 420
154 94
104 474
239 78
434 338
140 280
151 150
387 48
114 6
131 302
125 124
255 4
236 472
21 98
163 153
38 171
167 324
461 290
146 475
5 76
377 228
41 384
373 283
144 107
493 316
19 222
122 186
22 112
274 161
374 99
187 314
313 384
291 210
341 276
489 50
333 196
76 21
144 225
436 345
227 304
104 163
254 468
305 480
299 312
240 30
109 187
4 39
361 459
494 427
358 384
452 267
405 400
176 363
368 275
456 354
287 424
146 280
452 140
273 155
248 117
253 95
235 201
179 262
242 449
281 444
86 270
289 491
224 121
98 12
31 484
466 245
461 406
307 253
286 117
472 58
351 375
333 332
431 402
187 444
174 29
8 299
25 176
193 45
135 185
472 480
350 9
297 84
334 26
135 324
170 172
475 365
475 267
273 282
427 240
287 316
325 1
1 318
252 95
124 341
23 335
202 286
341 211
343 57
3 442
399 346
249 38
6 391
75 115
137 229
14 121
208 234
417 462
359 237
39 76
498 410
91 141
146 35
196 281
184 24
417 244
480 444
382 54
158 296
251 478
347 256
128 6
447 399
248 484
168 181
462 296
465 146
201 42
226 307
319 42
104 274
259 281
473 206
263 290
300 355
233 137
89 49
110 263
119 109
55 442
236 237
279 141
84 145
419 220
380 215
407 186
117 132
295 301
119 34
371 106
94 90
288 307
455 36
279 93
450 85
303 319
65 165
491 92
185 117
222 348
87 23
357 405
30 461
44 223
395 428
345 398
157 385
323 441
64 33
66 388
204 478
423 15
168 176
270 225
456 255
1 236
358 110
38 50
245 364
130 74
311 491
336 482
418 445
429 472
90 404
25 268
193 203
278 60
38 371
116 147
469 434
378 224
440 342
135 199
497 304
299 282
219 304
96 314
191 498
152 465
455 57
97 426
19 250
212 400
351 165
282 31
74 458
369 287
206 288
100 27
236 274
308 241
273 15
293 132
378 156
299 240
74 111
457 34
5 489
103 269
44 229
290 9
56 381
51 309
367 138
210 325
218 493
151 100
451 66
119 379
472 366
363 358
497 432
183 10
481 223
166 265
292 144
244 266
328 291
24 137
330 54
116 398
354 430
182 180
329 161
9 404
365 219
87 256
225 249
150 25
100 352
124 366
313 203
144 281
239 419
116 230
334 313
413 201
304 33
73 64
59 258
318 390
98 465
351 29
206 382
397 164
457 430
170 311
420 336
23 192
393 54
287 155
186 42
173 56
34 405
355 248
216 494
43 327
356 450
246 252
95 247
334 302
103 191
29 85
151 260
432 129
115 328
459 434
342 96
421 15
246 300
283 215
434 464
3 119
44 209
230 312
186 83
141 376
486 4
375 413
301 375
35 80
48 68
258 167
413 166
16 307
167 127
137 463
274 238
497 265
161 191
211 135
356 31
206 240
198 467
464 116
337 59
317 93
479 138
48 397
379 66
74 192
376 129
276 286
24 167
186 175
259 7
115 3
380 465
73 33
368 187
342 102
208 385
44 241
335 331
162 256
165 133
360 196
11 167
309 61
48 449
22 267
357 73
31 268
352 55
170 136
31 269
80 174
484 372
365 216
478 258
169 469
96 353
293 333
124 360
314 239
225 168
258 178
253 136
360 186
496 320
102 172
220 441
188 392
55 231
149 115
242 442
500 256
350 196
302 342
283 422
81 290
232 384
228 147
271 99
174 323
337 460
397 189
30 460
271 22
226 213
359 494
273 115
438 226
187 415
372 231
83 343
488 469
222 86
349 197
79 466
459 156
471 398
473 89
83 282
414 389
233 440
476 128
97 355
154 10
275 418
99 229
161 153
429 132
351 310
166 213
309 344
279 10
283 272
144 5
355 95
365 298
494 244
461 20
9 61
432 255
43 390
74 298
339 21
268 396
394 218
384 314
281 226
336 474
159 490
109 321
444 88
259 398
283 126
99 380
447 166
175 211
410 74
340 421
17 345
427 98
43 117
296 83
490 93
156 152
382 492
97 414
476 363
487 419
265 173
247 311
43 181
377 220
278 225
299 462
277 73
10 220
283 392
20 316
55 451
364 500
45 252
418 148
141 443
129 170
306 15
286 111
61 79
465 454
308 380
143 357
160 364
317 168
125 431
154 392
462 66
411 83
150 191
499 374
31 28
416 10
216 106
384 367
6 255
461 66
303 455
417 297
167 14
242 149
193 233
468 450
168 319
488 427
157 200
155 385
183 477
434 93
18 316
147 283
178 305
259 252
22 128
79 309
135 113
250 80
379 72
371 311
220 252
212 359
364 367
436 180
413 478
492 199
170 482
312 40
188 49
332 134
50 126
433 392
408 60
408 72
95 220
329 134
332 74
259 108
93 220
366 435
112 269
298 132
125 358
213 8
444 398
426 265
350 455
192 15
355 110
300 320
117 313
424 348
67 109
258 162
456 261
177 478
394 482
123 455
469 206
258 123
32 391
408 86
467 333
118 320
186 35
53 375
411 307
487 376
124 337
7 480
15 443
362 136
423 344
264 455
185 257
55 298
154 491
103 127
147 19
395 15
111 433
70 153
325 11
157 398
48 465
225 477
244 497
163 274
462 253
459 413
421 325
329 396
193 346
404 29
284 286
275 229
6 426
68 250
423 249
176 21
45 388
481 449
489 172
24 253
186 367
475 195
214 48
415 146
218 273
194 498
500 228
295 449
416 435
179 128
15 247
224 22
120 146
53 443
115 292
21 105
180 78
261 487
92 154
400 70
416 21
244 434
185 216
70 249
467 256
228 3
260 113
415 284
170 214
473 37
499 119
47 491
326 225
274 41
177 443
489 317
358 316
225 251
301 17
136 261
432 408
89 107
290 134
144 486
426 149
48 436
58 123
408 407
288 374
484 144
46 474
217 350
358 288
497 6
352 327
295 402
355 117
43 290
142 256
182 122
417 200
164 112
206 257
422 491
129 177
393 437
362 135
19 366
150 306
171 196
471 366
4 69
300 414
2 475
124 75
43 18
488 354
143 177
378 341
242 475
491 151
8 359
279 366
7 28
207 157
23 101
377 414
231 263
302 449
28 169
214 122
378 265
353 213
135 218
357 110
61 203
116 194
396 195
189 108
247 389
331 361
279 117
345 63
302 349
450 230
316 263
401 370
197 330
242 395
485 56
454 154
334 16
359 261
258 25
318 205
209 196
279 482
469 41
390 167
187 328
78 59
65 419
451 336
141 23
134 472
90 93
273 365
25 187
33 335
9 39
85 84
10 266
162 92
8 133
372 46
197 324
115 161
360 66
429 229
339 294
431 469
178 298
221 71
330 198
33 170
25 147
27 31
131 266
94 493
61 99
384 254
22 109
125 381
387 269
380 476
248 264
75 49
136 445
384 477
466 120
217 279
65 265
127 401
471 8
492 370
438 252
301 457
9 405
257 359
166 95
280 418
454 216
44 116
478 395
110 205
233 327
71 227
206 266
344 279
262 109
354 452
423 238
128 172
458 115
403 243
42 413
94 481
161 261
425 133
289 195
40 295
91 465
213 17
372 373
39 447
389 468
141 296
151 8
252 306
57 37
124 453
482 185
207 40
473 131
191 445
352 43
63 59
437 350
181 16
383 299
56 140
455 30
480 59
316 368
440 52
370 252
324 385
135 343
414 87
406 233
212 107
213 77
76 286
158 30
243 64
347 264
24 316
81 133
48 43
322 467
6 202
228 102
220 249
1 468
17 141
36 199
33 240
239 395
495 425
336 433
490 274
56 459
380 2
444 351
114 386
389 443
109 197
29 361
424 485
298 365
144 187
189 16
207 333
491 282
323 64
154 232
292 137
407 331
10 104
198 469
43 466
497 422
202 317
324 76
50 426
426 199
238 208
299 209
375 40
344 438
197 255
158 129
393 174
491 77
366 179
393 73
139 106
279 317
415 311
397 103
331 368
497 25
382 470
129 107
34 492
68 474
76 441
107 73
389 396
321 466
52 410
417 257
401 343
437 345
5 415
407 115
41 31
112 432
367 93
436 355
387 342
471 337
40 263
240 469
285 188
78 270
115 229
127 209
7 427
397 399
38 6
155 396
175 379
151 136
26 157
28 397
478 52
38 238
292 162
383 475
77 214
133 152
414 126
196 16
187 329
14 410
236 15
222 206
104 319
331 58
131 373
39 380
431 261
45 309
142 93
449 274
320 237
400 248
331 97
93 36
324 29
441 266
368 420
332 289
399 243
358 308
31 184
129 336
57 325
418 269
249 220
309 149
119 415
426 194
454 90
192 130
283 349
43 403
471 395
272 384
132 177
426 100
294 59
115 390
380 44
385 130
168 336
130 277
417 74
497 160
111 447
156 233
294 42
71 206
297 277
103 133
478 145
250 264
383 150
275 441
285 197
53 444
254 454
473 344
315 416
174 363
77 403
180 174
164 316
115 424
491 331
395 381
362 393
58 425
295 125
26 428
392 24
176 282
408 407
342 286
330 219
396 188
254 114
255 400
349 121
213 429
440 328
221 365
12 248
261 227
84 129
401 149
420 226
183 221
387 368
19 369
89 21
12 350
313 251
90 299
3 486
266 434
236 296
35 86
348 436
79 486
101 92
186 252
315 184
314 279
254 482
208 97
261 407
115 381
226 27
41 309
222 491
16 170
387 465
417 294
129 393
188 136
360 398
390 312
101 490
449 499
219 258
5 473
452 172
406 327
232 437
189 110
182 183
100 318
70 289
140 254
31 406
280 484
12 122
71 113
138 345
491 168
335 366
193 101
160 298
17 88
333 14
14 86
196 379
497 67
6 419
160 158
361 170
311 371
327 338
341 498
351 374
40 189
222 107
218 278
409 255
435 329
290 412
226 257
448 418
385 119
387 442
357 24
165 411
68 107
430 499
283 335
268 312
250 194
132 21
492 465
325 181
28 185
236 410
365 372
346 403
2 170
208 188
289 430
29 263
292 444
120 430
368 137
150 148
193 371
245 176
394 27
496 106
205 374
47 160
486 460
327 473
144 381
321 307
65 53
338 383
118 87
491 207
216 362
439 179
25 45
51 102
2 125
316 162
463 110
68 66
193 420
95 252
259 86
182 495
262 195
436 66
432 385
489 180
366 258
222 3
41 410
36 288
440 180
410 310
352 188
473 492
438 427
173 243
206 454
371 139
311 135
325 186
275 419
11 14
74 420
35 15
28 315
217 252
124 491
111 412
395 194
273 409
440 59
42 268
395 78
60 466
160 477
338 64
384 84
52 193
100 369
430 40
16 189
284 36
37 262
398 258
29 347
157 496
324 156
368 253
261 440
448 311
86 81
143 296
143 68
82 422
378 55
373 217
145 345
236 333
302 264
469 356
46 392
404 382
65 404
453 21
469 19
262 124
369 18
216 500
299 236
78 283
52 439
195 361
247 453
193 265
233 87
129 355
447 117
83 234
269 1
458 256
381 271
57 172
187 424
217 183
259 294
150 31
78 28
396 229
258 487
84 346
318 353
168 136
444 270
420 107
386 13
355 54
393 81
3 86
97 57
159 397
417 88
385 94
491 469
238 441
398 87
408 439
266 73
481 250
84 275
207 101
454 128
310 126
3 19
391 395
285 346
480 155
181 495
318 10
69 77
381 183
393 420
265 417
159 313
475 160
436 78
204 205
495 452
392 182
30 1
84 103
142 458
452 38
432 131
218 440
364 78
355 319
89 415
4 20
105 186
139 361
126 193
496 354
32 104
192 158
470 283
162 425
262 59
348 497
162 37
178 9
108 59
368 252
33 44
121 100
442 217
139 474
402 176
336 271
274 343
81 116
340 159
334 413
179 349
106 272
237 126
44 459
284 23
336 178
376 341
238 154
101 256
436 481
463 88
11 438
166 233
231 496
190 471
2 33
376 16
242 175
205 331
402 447
3 107
79 226
248 100
70 341
458 362
255 460
194 464
493 288
305 114
475 236
168 304
197 305
265 319
255 238
49 428
312 144
362 482
100 404
239 428
43 192
157 314
461 496
490 294
56 58
206 201
237 479
296 167
328 136
438 28
56 358
429 287
411 484
474 482
310 127
32 379
475 96
342 411
114 138
151 451
227 91
391 282
62 236
314 396
449 482
175 256
39 115
422 329
441 132
332 287
18 236
252 472
316 170
262 246
225 491
95 102
192 479
221 112
256 187
73 135
397 474
136 167
145 453
308 331
29 180
408 159
445 452
400 274
213 495
375 478
72 89
215 374
46 399
291 345
162 49
244 135
346 380
339 259
334 331
459 115
152 411
481 37
427 284
365 22
259 405
17 189
302 159
89 236
313 125
496 482
381 176
313 335
293 414
82 173
165 310
343 184
34 265
81 61
191 61
240 398
445 333
382 343
473 10
136 107
332 336
46 264
167 266
18 309
443 382
301 154
120 310
416 50
400 63
180 477
98 390
429 338
350 469
90 245
97 263
59 75
455 90
144 308
249 389
231 395
120 275
340 140
307 428
324 372
470 455
148 343
455 429
460 407
87 316
78 338
32 135
229 242
138 257
388 416
340 84
239 352
320 42
149 204
303 41
437 62
72 498
320 36
335 416
456 162
169 75
293 393
39 100
355 238
366 189
140 47
148 255
324 318
294 207
305 56
21 214
465 23
226 228
380 351
50 122
277 195
233 392
319 234
403 94
456 236
455 235
230 447
443 239
79 402
88 413
69 151
123 246
193 361
362 33
134 420
267 363
154 264
224 36
490 334
218 142
86 329
393 140
37 167
207 358
61 302
226 102
318 69
109 264
258 457
256 379
249 246
12 9
129 365
281 127
361 405
86 171
225 224
487 72
326 360
60 280
115 213
356 72
425 57
18 13
221 135
301 316
143 117
275 295
11 358
362 102
49 346
375 64
473 371
372 308
138 244
401 497
114 453
497 33
113 329
239 398
449 219
112 468
333 166
476 498
102 276
415 137
70 277
461 100
401 1
339 35
341 277
232 373
217 307
9 12
435 405
454 437
371 58
214 27
357 470
246 493
362 149
141 28
121 442
436 19
296 348
491 130
428 370
491 254
195 222
281 152
337 26
73 189
460 92
23 232
417 137
65 139
191 300
476 407
216 394
320 394
208 485
93 430
280 122
192 461
391 217
337 308
322 446
264 135
163 105
273 409
132 137
459 231
243 341
19 295
13 166
70 139
276 309
147 263
236 211
408 211
481 433
168 406
82 79
464 493
238 76
386 243
419 166
236 192
122 344
414 141
162 455
247 121
313 281
356 353
485 177
176 223
228 143
288 309
12 213
89 370
141 279
135 15
12 475
358 293
162 348
360 414
115 359
418 398
435 354
136 417
463 143
402 199
94 199
182 45
213 354
196 331
225 11
386 65
61 491
476 122
330 286
345 471
112 36
139 59
219 21
204 401
19 333
459 442
459 158
196 336
349 138
446 128
316 1
359 477
261 187
398 375
496 472
123 146
127 457
69 323
60 16
73 389
423 478
36 144
370 405
296 213
287 122
240 93
164 6
499 376
24 138
22 36
7 91
401 104
358 36
493 345
234 238
139 390
105 427
412 434
461 382
316 376
274 32
282 16
435 494
129 484
347 269
19 52
451 312
291 126
140 426
208 302
153 497
324 199
205 341
456 20
240 326
476 343
145 169
500 216
175 258
466 393
320 424
357 361
31 59
258 186
476 143
329 85
436 456
413 424
271 285
467 101
382 430
474 373
340 460
445 167
32 487
114 235
280 71
497 26
93 468
122 395
177 18
480 91
465 427
212 476
23 257
20 406
42 451
27 378
138 493
66 313
72 423
278 390
362 244
244 22
282 428
473 58
188 34
220 295
275 132
350 150
428 352
115 343
452 181
462 47
470 221
489 417
236 426
189 47
458 217
109 425
183 405
56 341
166 241
302 408
91 303
67 18
238 30
436 400
161 443
324 189
461 262
486 462
73 137
176 313
326 452
6 238
306 313
89 399
181 482
426 57
380 44
170 427
406 373
56 61
226 140
320 304
413 24
329 151
307 448
376 69
357 9
236 192
117 14
179 282
290 263
83 195
82 100
474 437
298 391
455 85
226 25
269 412
273 210
433 18
227 316
294 468
408 343
313 448
60 346
368 71
158 20
400 132
79 353
309 222
250 496
185 282
273 424
58 210
54 351
87 393
23 231
244 168
207 319
66 58
270 18
51 48
238 438
445 312
222 270
155 448
429 74
218 201
471 326
148 233
122 178
49 284
497 308
456 26
248 220
220 186
386 54
231 380
80 117
325 105
282 363
70 378
5 360
45 281
349 37
232 275
467 65
5 255
73 460
469 439
422 57
49 431
158 140
147 203
298 265
71 336
45 164
272 120
462 106
423 222
164 69
145 175
1 479
401 336
248 21
393 72
13 285
101 324
75 386
144 454
306 11
384 199
204 348
432 380
361 308
366 404
107 412
133 238
99 136
132 325
231 477
238 170
320 310
474 262
294 115
388 214
148 6
14 4
9 358
410 329
256 18
55 328
381 408
411 95
190 58
400 317
89 317
205 354
303 426
66 348
204 296
373 134
153 106
63 1
420 259
186 496
473 248
54 15
379 471
280 93
426 180
373 282
430 129
463 431
134 448
321 128
275 110
141 182
192 210
253 245
304 475
89 368
183 154
21 381
317 435
29 250
187 234
328 327
159 401
375 173
444 268
367 279
235 386
345 47
298 183
26 473
237 353
434 135
4 255
33 68
489 7
258 55
13 263
301 16
21 357
206 32
332 424
208 247
279 247
266 117
333 351
326 214
86 454
392 330
99 243
90 472
27 170
354 225
400 54
240 103
31 375
193 96
171 98
417 402
324 268
202 320
366 244
471 78
479 97
66 366
259 19
452 308
87 489
189 15
430 152
435 313
102 177
48 493
65 489
273 450
397 214
226 337
485 146
415 212
457 403
173 224
346 33
306 469
70 87
482 196
441 73
441 159
444 127
380 160
499 169
230 97
346 394
430 456
11 134
354 493
249 200
274 120
470 418
120 294
191 109
82 390
420 355
499 494
299 66
200 314
357 368
30 137
331 215
414 436
331 281
2 164
27 399
295 445
112 183
382 448
137 481
428 205
13 335
427 211
371 84
145 142
144 299
430 329
365 60
170 142
261 290
427 490
475 290
67 311
130 176
295 30
399 413
468 233
479 21
117 260
184 198
122 401
219 136
286 160
225 88
282 433
82 325
92 470
47 241
78 130
334 335
205 388
52 301
338 27
217 267
498 387
112 236
79 376
324 265
23 121
365 297
7 474
266 376
71 74
253 207
386 347
340 383
146 49
182 480
153 72
405 10
247 114
445 266
270 478
92 220
167 152
127 313
362 266
285 99
184 461
102 253
231 387
479 371
144 355
443 490
317 160
12 167
329 460
77 292
424 241
155 382
261 329
470 10
333 65
58 112
244 500
348 317
39 431
334 118
13 316
272 179
69 262
412 273
220 300
266 458
7 485
240 383
463 290
482 499
463 486
176 1
337 44
15 200
382 56
446 27
262 60
173 455
287 282
111 454
20 179
476 471
268 458
481 436
422 349
309 395
462 494
299 185
76 99
292 498
485 481
176 281
205 46
440 38
339 133
26 31
483 451
38 186
252 142
310 486
227 58
1 408
376 304
276 219
35 238
79 257
430 436
29 473
292 459
460 292
140 1
105 112
278 455
46 492
113 249
441 6
321 124
255 83
166 145
494 151
202 282
119 438
293 94
193 109
116 454
18 64
485 149
324 465
172 377
448 383
360 43
300 424
263 365
94 480
341 72
349 262
326 98
68 386
46 52
482 358
106 94
378 49
452 263
334 329
313 59
74 385
232 444
141 174
367 16
495 423
208 188
291 242
391 370
99 288
332 125
390 231
271 409
330 60
308 425
12 395
193 262
151 208
176 420
357 79
411 333
194 402
27 487
360 63
472 416
343 245
81 397
46 328
89 37
67 302
394 267
235 158
172 158
164 13
325 431
6 461
39 377
349 80
445 233
226 491
304 296
130 415
448 113
205 429
241 100
389 23
385 97
380 461
356 116
59 294
98 325
460 148
475 250
228 474
214 268
362 263
274 4
459 114
170 105
441 354
365 408
141 495
415 380
97 369
132 249
442 490
293 122
347 388
204 124
97 87
306 417
129 294
360 423
374 358
149 216
339 448
200 355
214 342
414 43
400 220
425 137
157 413
143 466
315 94
94 12
260 255
393 200
189 101
19 440
117 11
285 420
27 159
199 240
477 243
34 412
7 33
414 349
118 414
26 234
499 82
244 374
318 463
454 485
276 399
415 437
43 376
349 473
451 152
483 425
161 478
96 118
280 118
464 190
471 67
134 269
318 297
120 174
314 165
222 200
317 151
26 324
76 300
175 332
158 36
314 77
487 302
442 97
438 83
97 349
331 109
418 292
312 326
339 254
366 219
177 239
352 321
90 295
450 203
58 365
418 385
450 304
198 164
403 286
264 379
195 179
422 253
455 84
208 217
400 372
218 416
31 59
250 471
46 345
281 208
212 64
81 235
238 97
124 9
48 284
278 393
120 319
63 361
237 318
421 104
111 173
233 393
204 492
495 58
194 173
47 393
143 87
469 227
329 121
41 170
86 457
349 270
321 349
137 247
237 297
483 469
19 180
422 165
142 18
438 221
130 273
30 88
429 320
18 101
329 495
114 316
276 328
172 352
280 90
363 377
112 475
91 384
316 51
450 383
49 106
263 402
16 371
174 399
351 491
134 145
319 307
287 336
302 242
48 262
64 34
73 373
497 425
168 493
246 285
72 217
156 35
5 499
393 496
294 353
166 74
193 475
481 44
226 26
483 134
270 500
496 101
281 183
353 217
323 257
381 459
411 331
404 268
87 59
280 465
193 248
188 199
176 500
269 169
384 376
497 99
425 112
180 425
292 70
458 289
170 195
394 424
418 247
438 1
24 485
298 146
49 455
437 17
245 294
123 297
439 385
487 228
79 8
492 321
308 143
301 231
482 474
352 144
149 148
194 204
277 5
322 474
362 149
253 243
103 497
454 440
199 390
165 63
209 110
186 85
214 454
154 364
352 313
359 43
471 174
364 40
473 379
94 165
411 43
191 422
481 276
218 185
149 169
144 85
286 17
449 497
484 322
33 294
352 184
355 100
292 58
15 264
160 289
299 407
449 458
472 414
120 326
33 328
182 304
300 105
29 496
239 227
356 307
430 401
19 112
265 61
366 361
57 146
362 264
443 181
179 119
175 248
379 175
141 243
34 208
202 142
113 420
89 337
391 395
419 275
117 342
222 432
197 383
253 373
340 257
180 447
251 175
288 455
67 5
317 54
33 418
93 475
452 384
361 343
294 312
130 446
372 229
11 205
272 174
149 281
133 406
275 302
289 70
141 106
439 422
46 474
399 283
139 421
266 207
161 35
191 471
38 266
489 234
72 204
390 136
283 227
494 330
466 498
283 124
136 430
369 264
457 292
237 49
257 288
268 58
43 24
476 357
316 141
116 464
258 92
116 126
330 215
180 219
359 455
221 465
247 426
453 384
29 258
141 497
12 116
172 253
226 377
71 131
43 96
338 297
426 225
333 388
204 163
243 305
93 182
289 146
347 25
331 43
480 401
425 56
163 52
427 86
465 206
251 392
329 457
180 499
139 173
245 410
260 161
479 474
130 56
150 487
309 318
67 368
177 183
478 48
158 381
311 360
380 373
318 380
104 56
406 188
266 305
379 33
258 72
251 112
60 27
127 140
353 132
126 93
157 371
354 461
467 102
249 263
386 473
386 275
497 331
333 264
104 91
178 202
280 447
273 294
44 405
216 271
353 451
243 62
291 379
346 36
470 322
386 365
327 421
180 157
122 333
330 407
408 228
38 319
386 285
485 159
326 399
367 73
3 467
441 41
26 326
186 238
460 461
473 18
246 374
173 338
220 142
202 343
283 103
226 211
440 223
493 131
156 130
114 195
27 281
79 479
297 369
319 426
310 119
197 399
498 303
339 437
201 205
162 112
4 379
140 99
185 176
302 133
269 302
417 456
368 22
307 112
204 292
36 482
153 399
458 74
221 500
458 307
268 338
474 208
468 74
244 154
277 385
397 283
1 417
245 373
105 5
339 224
205 229
85 392
112 473
240 269
297 350
78 84
473 186
19 349
319 11
482 484
130 497
148 367
166 338
364 480
68 473
15 431
481 332
334 130
125 24
32 475
331 151
70 392
261 16
8 132
400 333
335 221
103 65
198 404
93 49
240 281
283 42
303 412
323 336
222 378
111 362
388 493
43 13
89 167
388 198
18 337
234 229
114 221
221 102
213 185
17 150
459 140
381 222
23 90
401 299
106 170
363 144
340 41
135 21
74 459
224 104
249 464
34 444
453 290
282 171
488 44
262 279
108 130
438 480
156 190
228 67
40 393
103 13
378 221
36 233
230 281
181 430
384 415
232 205
123 133
439 453
323 263
185 285
172 296
304 154
429 490
195 495
61 351
53 258
377 2
100 92
99 449
228 286
349 382
104 32
337 213
371 479
263 211
149 376
394 20
473 206
145 387
37 469
91 92
171 264
146 470
84 155
137 466
420 413
476 210
268 165
496 191
496 87
270 391
262 356
436 302
322 449
500 485
42 154
472 427
230 478
141 1
292 290
442 227
251 27
71 246
138 462
470 151
382 402
221 184
113 218
367 170
145 14
5 31
309 136
153 304
342 34
421 155
69 255
399 250
464 472
386 233
134 405
169 444
122 443
31 28
162 457
381 461
362 19
438 62
407 252
307 118
36 158
295 52
214 169
345 244
297 193
338 63
440 271
468 446
415 121
254 362
319 497
406 401
88 211
499 498
306 395
302 369
144 299
290 128
160 114
460 390
232 389
387 196
314 258
116 193
420 398
117 18
237 244
315 147
76 379
237 453
295 38
221 271
226 220
298 195
54 182
84 52
32 20
205 74
292 71
364 386
450 95
75 375
9 77
367 202
445 368
396 339
72 245
272 403
268 26
462 174
421 226
450 412
383 273
358 310
17 2
255 267
262 70
495 302
383 90
26 214
362 59
119 151
362 326
101 144
436 112
76 196
85 140
207 37
40 339
247 280
298 300
50 245
33 339
42 295
413 496
136 225
282 269
76 455
471 373
306 368
456 490
359 218
172 212
125 449
491 268
81 307
381 50
32 203
326 402
374 388
498 281
154 300
405 16
20 197
477 436
247 20
96 367
7 347
61 420
180 465
138 225
313 384
271 328
91 420
267 60
201 7
362 255
420 14
462 347
327 328
256 217
60 187
396 96
374 1
139 36
312 453
93 206
31 143
223 143
336 450
131 101
425 242
369 184
253 279
172 391
378 252
314 315
296 119
45 58
305 293
223 453
337 293
40 327
380 100
333 263
166 226
485 479
117 408
72 316
7 474
301 427
1 458
434 272
209 64
284 219
334 375
430 405
479 330
146 224
216 321
82 442
188 259
160 373
185 146
364 467
354 193
140 123
472 290
303 420
138 314
284 471
356 182
400 408
243 179
392 230
110 27
310 324
450 381
104 146
251 101
58 213
315 186
367 95
299 398
443 24
433 127
225 338
478 363
488 445
83 230
433 493
20 96
301 290
477 299
81 11
262 24
43 21
1 452
149 81
244 414
186 31
322 169
425 255
288 309
351 130
407 59
449 240
79 370
44 379
306 328
311 139
168 3
285 113
369 393
415 127
280 125
341 55
400 286
94 148
280 131
273 22
207 28
172 234
76 114
246 454
358 81
455 95
11 213
57 352
328 467
30 403
297 344
407 246
113 209
452 296
417 336
6 171
193 66
491 189
207 217
155 16
433 451
442 378
106 219
193 289
227 296
6 160
364 166
328 434
396 149
339 410
278 79
418 26
405 473
76 390
381 379
58 162
180 274
452 1
340 151
250 440
155 413
142 55
180 146
417 152
97 3
152 128
185 370
258 92
229 230
480 321
119 351
33 45
471 472
291 405
333 255
405 8
101 377
367 249
241 224
13 139
59 371
19 395
219 403
150 159
253 41
282 247
445 53
369 105
445 159
392 19
200 127
24 334
469 440
183 411
325 176
237 345
67 284
73 122
110 230
111 335
51 147
267 100
421 425
376 478
331 44
371 271
157 441
69 452
45 130
271 362
2 356
399 168
341 25
411 298
65 196
347 86
60 334
345 415
327 388
434 403
150 21
71 365
235 39
223 82
12 437
384 414
305 295
77 243
437 58
423 272
358 283
430 432
186 66
96 458
333 275
48 231
102 172
56 283
13 109
344 454
185 270
275 305
395 338
265 335
320 290
387 129
203 213
289 476
81 65
338 48
375 212
154 277
495 246
302 139
167 118
21 267
495 8
490 262
432 256
76 256
144 213
126 346
163 15
326 474
172 406
489 455
250 43
139 113
406 50
431 398
419 258
292 141
417 359
354 468
78 58
161 167
169 404
33 235
331 267
452 103
105 411
123 450
400 482
339 345
456 286
121 335
376 265
291 95
152 408
224 318
255 386
106 377
145 398
257 481
258 415
297 220
475 166
262 467
52 155
368 247
424 48
351 236
170 224
490 405
318 481
179 315
226 410
431 379
345 79
331 12
155 37
174 122
336 78
48 21
237 193
151 402
348 343
497 456
263 116
376 212
80 164
422 133
54 168
271 420
334 79
391 59
256 69
159 190
125 143
134 38
11 336
427 74
25 57
492 487
212 336
26 79
444 386
300 452
287 428
500 499
287 149
1 219
456 353
478 282
449 347
69 48
265 118
284 100
377 34
416 443
381 457
16 446
116 436
154 316
431 243
431 49
345 485
274 500
125 111
437 122
113 165
494 484
310 87
423 481
60 13
247 280
145 168
479 344
284 3
176 469
86 279
282 472
265 451
188 479
34 228
281 492
134 444
249 422
397 291
229 115
380 27
198 311
297 204
295 416
165 105
128 122
404 151
104 486
211 91
11 440
319 133
223 243
427 41
480 76
257 175
25 309
454 258
246 456
134 149
309 63
176 372
351 234
116 417
274 182
410 411
497 304
438 194
397 336
458 188
208 261
497 487
316 64
446 44
473 171
57 292
284 497
107 43
42 474
260 223
275 381
126 391
78 458
174 63
104 302
198 10
244 103
155 442
58 239
143 471
14 287
196 322
160 152
409 56
421 399
94 321
141 337
274 362
409 75
495 344
450 363
242 202
393 299
197 159
79 214
260 444
260 281
335 500
130 369
421 113
409 381
347 284
95 139
450 485
490 309
129 261
389 62
61 361
385 29
81 425
331 427
238 415
327 17
280 312
496 48
150 251
33 458
412 427
397 88
306 157
9 132
399 130
26 11
69 438
327 304
260 79
22 294
348 463
357 231
204 175
320 477
252 71
304 13
194 275
1 127
201 81
456 477
74 219
381 121
165 175
39 288
118 191
36 31
234 150
149 104
6 72
244 118
411 165
464 129
129 398
129 79
350 262
10 424
293 453
216 378
471 452
188 157
333 54
498 489
406 244
276 340
305 25
335 13
293 131
434 460
462 21
225 247
295 353
364 473
43 163
102 433
492 109
412 345
386 100
119 442
470 223
232 150
368 475
29 161
256 479
376 87
66 359
255 430
338 245
194 99
179 339
441 128
372 418
53 455
412 26
293 36
435 96
54 42
78 112
177 49
185 169
157 464
83 201
125 354
339 288
287 53
426 393
167 411
144 291
425 174
281 110
156 197
184 273
68 36
216 116
406 250
370 153
242 459
418 312
42 277
198 465
473 352
319 464
426 59
2 9
397 75
415 455
485 168
433 488
37 31
109 491
299 313
5 63
337 214
46 403
370 281
105 159
207 370
144 259
325 384
318 284
362 404
79 307
37 477
440 54
97 124
186 107
230 57
445 362
42 100
489 145
206 26
124 106
131 56
114 301
186 73
131 383
32 168
300 242
50 231
421 392
146 389
398 88
427 21
1 320
67 266
199 142
161 118
40 326
373 50
36 57
217 468
440 65
432 115
420 13
456 158
116 9
71 386
161 318
119 211
119 314
77 403
236 472
94 263
164 334
127 465
153 300
203 212
133 72
2 51
22 415
199 169
366 486
165 255
150 78
370 141
324 460
415 485
209 256
281 185
248 46
33 139
335 338
473 469
406 434
125 78
66 226
463 425
284 185
316 468
239 372
268 373
423 436
229 331
407 187
280 132
321 224
500 31
50 159
153 350
159 53
218 135
374 163
123 359
339 103
116 279
108 165
130 465
186 397
180 233
265 431
252 471
29 483
151 23
115 36
79 212
140 404
65 447
190 167
93 149
423 84
478 387
65 185
192 158
259 176
321 401
337 120
396 295
117 284
166 335
201 296
244 248
20 153
411 402
73 76
422 67
211 327
372 19
391 6
59 476
75 350
116 485
260 55
92 208
488 185
477 386
27 499
353 499
415 7
36 144
114 493
12 361
204 297
107 409
474 309
392 344
364 419
74 50
189 499
261 175
229 270
461 180
405 477
16 333
82 441
353 108
361 484
432 63
392 45
267 297
473 255
274 251
350 385
247 180
317 151
84 399
79 141
458 403
487 68
439 229
239 321
405 24
78 103
308 488
481 199
175 57
81 41
311 78
375 410
275 174
443 184
319 448
406 335
23 30
303 334
284 10
390 340
208 417
157 59
102 385
456 59
246 365
358 124
69 340
33 121
71 490
305 381
52 350
389 144
352 68
235 74
446 9
472 374
488 29
439 486
39 298
375 69
345 211
83 141
187 365
118 222
105 144
14 281
398 5
483 259
348 342
217 105
181 498
436 45
222 306
140 207
498 388
325 317
184 112
480 109
364 292
418 148
470 344
249 354
119 330
495 489
291 334
326 288
22 246
383 169
273 425
126 324
151 479
251 406
398 347
180 147
267 128
213 490
456 335
333 481
470 58
64 449
321 42
328 353
89 405
473 147
381 436
398 210
80 170
20 390
73 190
379 82
382 446
73 330
187 339
482 398
68 89
50 253
82 427
129 341
252 113
441 402
446 230
83 276
258 121
4 249
202 235
407 308
132 422
174 290
89 328
368 227
381 9
85 172
45 248
145 15
56 296
397 251
49 242
288 314
134 475
96 126
33 293
481 447
495 90
64 312
252 303
386 68
246 403
222 11
392 253
466 207
370 324
87 230
201 426
213 2
99 300
282 78
41 457
499 238
150 463
179 10
408 6
45 79
248 164
468 230
198 270
495 467
333 77
151 311
376 220
338 66
8 444
455 446
109 134
56 211
215 94
115 369
394 370
32 485
56 417
28 297
184 427
441 199
258 87
380 117
344 191
500 316
243 336
330 255
487 66
434 222
341 152
430 419
270 226
233 6
225 267
451 390
214 278
69 139
202 59
55 234
36 156
187 471
383 22
295 45
244 92
373 64
168 197
66 305
357 61
44 476
499 484
452 243
388 392
86 229
478 179
74 120
61 140
206 281
171 15
338 234
134 62
353 488
89 457
214 408
449 306
5 87
186 409
272 394
459 196
313 493
234 106
349 78
435 281
415 466
266 352
432 291
351 99
394 17
160 10
112 297
58 77
345 73
353 333
111 96
249 37
156 486
359 158
39 54
46 402
52 65
251 420
111 145
105 127
340 209
277 116
202 85
318 252
23 478
452 463
430 286
207 200
145 377
493 99
58 129
42 47
148 68
37 28
432 135
207 465
7 295
429 321
299 283
278 77
341 379
36 279
67 341
388 476
278 122
200 60
236 35
49 487
172 57
82 52
112 280
60 282
416 114
245 174
172 131
204 469
105 75
265 201
172 101
32 278
280 219
395 200
63 5
385 326
43 128
76 422
236 71
337 226
101 319
345 121
67 139
296 180
165 403
413 419
345 179
457 372
25 359
404 177
381 318
238 295
75 86
359 228
163 125
34 11
55 66
465 55
430 164
1 166
64 129
298 381
115 178
114 299
348 82
206 290
336 157
246 47
328 361
292 159
457 142
311 102
273 52
194 29
194 89
225 26
229 30
203 323
34 127
365 472
128 196
295 120
84 391
18 30
213 42
128 485
475 181
37 35
162 437
210 495
451 272
353 202
268 156
206 168
87 173
452 80
486 294
156 60
3 69
417 22
33 206
185 467
213 449
142 47
90 462
352 405
139 457
401 222
343 386
70 97
496 252
242 265
400 214
8 463
480 496
484 387
400 265
411 405
485 84
228 444
35 103
5 473
269 311
462 475
9 432
257 362
148 85
118 477
32 59
445 440
137 98
11 263
59 37
54 168
298 272
182 247
355 385
230 143
406 187
221 59
493 27
121 228
38 420
417 339
414 403
167 27
82 440
254 160
308 146
255 239
211 295
342 84
373 261
20 423
390 306
444 331
116 18
278 481
92 494
413 315
310 145
192 369
230 477
175 391
203 324
19 74
216 94
416 46
142 367
286 310
283 181
150 191
212 448
310 471
402 383
32 47
185 333
452 351
252 21
302 277
319 306
434 298
204 224
454 166
407 169
405 46
275 368
480 277
54 134
302 50
490 357
16 196
179 234
434 388
265 125
247 129
481 29
55 40
32 479
61 140
323 286
183 236
206 270
392 424
243 183
242 29
400 191
252 434
254 239
152 389
385 175
351 382
236 117
407 246
490 375
203 28
6 496
385 216
200 456
70 114
218 72
191 54
338 354
368 426
263 194
299 143
46 22
257 480
473 150
320 240
373 350
482 353
205 36
81 264
383 318
397 88
364 402
182 442
329 125
324 427
433 229
306 471
285 389
155 287
474 37
431 266
257 8
312 408
161 436
260 352
231 138
106 436
396 98
140 287
367 234
23 239
184 334
16 404
301 443
67 252
269 63
445 99
429 298
339 17
383 379
335 339
331 299
363 7
180 346
264 195
81 455
227 351
433 186
345 425
388 352
15 381
96 475
108 254
23 77
438 73
274 263
62 269
59 68
276 315
354 437
381 218
147 434
94 346
345 198
326 337
386 499
184 163
343 422
134 232
140 366
94 151
459 8
210 206
344 42
146 367
411 309
472 287
170 217
264 339
253 302
424 164
252 151
50 279
443 322
260 172
164 418
93 466
209 379
151 196
246 196
358 346
356 100
197 458
232 472
219 116
493 301
11 430
312 478
410 228
377 284
5 74
47 324
144 59
429 41
119 388
249 180
317 1
23 26
206 250
411 167
387 458
90 178
37 278
96 274
12 259
407 132
413 47
442 487
79 11
167 339
188 109
170 355
142 372
270 301
178 122
11 492
28 483
223 466
330 361
269 276
489 127
138 380
113 179
80 385
136 444
132 96
431 207
241 219
104 316
396 235
112 202
61 324
133 54
402 295
281 156
499 326
347 470
114 474
182 167
294 171
435 4
213 78
426 88
314 70
103 39
308 227
389 167
434 227
400 15
332 410
240 38
346 276
353 78
49 418
344 270
159 146
290 480
138 328
38 71
440 468
353 1
255 137
249 31
212 391
231 181
86 306
250 145
62 374
72 467
160 32
147 418
288 67
47 490
75 357
250 354
436 447
351 125
219 53
180 187
465 123
257 423
468 292
489 36
259 150
347 446
309 495
45 147
467 136
116 426
459 449
160 305
103 392
427 402
171 14
357 397
56 82
308 162
38 199
161 424
283 424
40 232
254 226
98 339
397 444
402 208
4 49
118 226
293 493
24 303
288 63
153 276
191 216
302 110
377 28
219 298
359 177
253 328
314 77
402 222
423 155
180 384
267 208
18 202
346 82
214 246
158 285
269 292
94 163
97 19
201 329
81 352
327 399
494 146
351 236
119 470
179 39
231 41
376 306
90 205
226 437
32 487
178 398
281 128
193 339
105 293
267 13
482 245
281 177
189 163
157 371
140 91
194 233
496 311
3 357
455 484
500 117
11 131
413 194
338 355
88 52
183 499
140 135
469 183
389 158
72 321
365 59
453 402
229 455
411 345
492 268
234 242
419 379
131 204
72 289
23 428
341 44
252 157
98 437
317 441
417 154
493 216
121 141
382 36
168 348
378 491
393 304
169 251
394 59
464 235
14 355
291 222
170 86
188 493
89 446
481 398
60 45
396 226
211 186
369 364
253 58
147 16
104 322
317 192
455 461
462 461
283 86
340 383
190 458
142 119
325 394
374 396
467 434
312 103
74 97
495 402
214 231
214 335
325 443
406 89
323 261
379 250
333 7
196 184
83 232
150 272
307 63
93 13
454 382
317 185
2 29
240 407
262 18
45 295
45 143
421 100
138 387
123 273
449 442
164 470
122 95
356 12
347 71
140 310
126 433
159 365
316 334
138 81
106 24
303 222
120 297
393 93
60 120
111 22
376 460
176 75
441 199
410 474
493 282
329 184
265 420
286 379
494 317
24 50
303 308
260 442
53 78
335 300
378 328
110 287
81 136
71 483
309 472
453 422
284 423
90 68
371 227
383 99
9 17
262 173
106 148
420 302
485 379
288 264
191 358
346 373
