Name: 200-50-80
Time: 6.352627s
Result: 0
Solution: 6 10 5 5 7 8 11 5 3 16 7 17 2 20 6 8 10 7 2 10 12 12 12 15 12 3 10 0 13 0 20 11 2 19 4 15 16 3 20 13 18 9 20 5 13 12 6 19 16 2 14 3 19 6 14 5 2 12 8 12 11 10 2 14 9 6 5 7 19 13 12 19 7 19 13 9 18 14 11 17 13 4 15 18 0 16 15 10 10 19 15 13 19 2 5 5 8 5 17 5 15 20 4 2 0 13 13 5 10 7 4 12 0 19 17 4 14 20 12 5 13 8 8 15 13 13 20 13 18 1 1 4 17 1 0 1 3 20 18 18 0 5 11 7 2 10 20 4 5 15 20 20 3 2 13 2 6 17 5 6 5 13 20 4 8 8 4 19 9 19 10 16 4 0 3 9 1 7 20 2 8 6 5 17 0 8 6 1 15 10 1 3 2 12 0 1 12 12 6 4
0: 27 29 84 104 112 134 140 173 184 194 (65)
1: 129 130 133 135 176 187 190 195 (66)
2: 12 18 32 49 56 62 93 103 144 153 155 179 192 (65)
3: 8 25 37 51 136 152 174 191 (65)
4: 34 81 102 110 115 131 147 163 166 172 199 (65)
5: 2 3 7 43 55 66 94 95 97 99 107 119 141 148 158 160 182 (65)
6: 0 14 46 53 65 156 159 181 186 198 (65)
7: 4 10 17 67 72 109 143 177 (65)
8: 5 15 58 96 121 122 164 165 180 185 (65)
9: 41 64 75 168 175 (66)
10: 1 16 19 26 61 87 88 108 145 170 189 (66)
11: 6 31 60 78 142 (65)
12: 20 21 22 24 45 57 59 70 111 118 193 196 197 (66)
13: 28 39 44 69 74 80 91 105 106 120 124 125 127 154 161 (65)
14: 50 54 63 77 116 (66)
15: 23 35 82 86 90 100 123 149 188 (65)
16: 9 36 48 85 171 (66)
17: 11 79 98 114 132 157 183 (66)
18: 40 76 83 128 138 139 (66)
19: 33 47 52 68 71 73 89 92 113 167 169 (65)
20: 13 30 38 42 101 117 126 137 146 150 151 162 178 (66)
