Name: 200-20-30
Time: 2.478397s
Result: 1
Solution: 1 13 17 14 10 4 13 19 6 5 3 3 3 9 2 18 1 11 3 2 12 15 3 20 7 13 3 18 2 1 1 18 8 0 6 10 2 19 6 8 11 10 6 6 4 16 9 13 6 4 10 16 19 4 16 10 5 4 14 7 0 6 15 12 16 11 8 7 12 6 6 6 16 9 2 5 10 4 4 6 0 12 14 14 6 11 20 20 11 15 18 12 18 0 17 0 14 13 4 8 0 10 7 4 1 10 6 0 7 9 6 12 20 6 3 0 9 12 12 11 7 12 0 11 2 2 8 19 4 10 11 7 6 2 6 19 15 6 8 20 18 12 9 9 4 15 10 18 16 4 11 1 14 10 8 18 0 19 10 4 5 18 13 14 18 17 17 4 18 12 16 1 10 2 12 18 8 14 16 16 18 5 7 10 11 20 19 11 15 17 0 17 14 8 12 14 1 14 17 6
0: 33 60 80 93 95 100 107 115 122 156 190 (24)
1: 0 16 29 30 104 151 171 196 (24)
2: 14 19 28 36 74 124 125 133 173 (24)
3: 10 11 12 18 22 26 114 (24)
4: 5 44 49 53 57 77 78 98 103 128 144 149 159 167 (24)
5: 9 56 75 160 181 (25)
6: 8 34 38 42 43 48 61 69 70 71 79 84 106 110 113 132 134 137 199 (24)
7: 24 59 67 102 108 120 131 182 (24)
8: 32 39 66 99 126 138 154 176 193 (25)
9: 13 46 73 109 116 142 143 (25)
10: 4 35 41 50 55 76 101 105 129 146 153 158 172 183 (25)
11: 17 40 65 85 88 119 123 130 150 184 187 (24)
12: 20 63 68 81 91 111 117 118 121 141 169 174 194 (25)
13: 1 6 25 47 97 162 (25)
14: 3 58 82 83 96 152 163 177 192 195 197 (25)
15: 21 62 89 136 145 188 (25)
16: 45 51 54 64 72 148 170 178 179 (24)
17: 2 94 165 166 189 191 198 (25)
18: 15 27 31 90 92 140 147 155 161 164 168 175 180 (25)
19: 7 37 52 127 135 157 186 (24)
20: 23 86 87 112 139 185 (25)
