Name: 200-30-45
Time: 2.521747s
Result: 1
Solution: 16 6 0 2 3 14 5 19 15 1 7 17 3 2 20 15 10 5 0 19 8 14 13 4 6 20 7 16 13 0 1 9 14 10 13 18 11 19 7 18 14 20 0 10 18 17 7 1 8 16 12 2 18 2 14 12 0 8 15 0 5 14 4 4 9 11 18 9 7 12 4 6 19 18 17 7 17 9 18 5 0 6 2 14 0 11 0 2 7 4 6 7 7 15 4 4 11 15 18 20 20 4 11 2 13 15 20 13 10 1 9 12 16 7 19 4 3 5 18 0 2 14 13 3 5 3 1 9 1 1 0 15 0 11 20 8 3 14 5 15 15 8 12 12 6 16 5 19 10 20 1 6 14 7 8 9 18 8 6 14 11 7 15 20 16 1 4 10 8 10 1 13 3 11 9 6 5 15 11 3 10 14 13 20 2 17 1 7 9 11 19 7 5 4 17 19 15 14 18 2
0: 2 18 29 42 56 59 80 84 86 119 130 132 (37)
1: 9 30 47 109 126 128 129 150 165 170 186 (38)
2: 3 13 51 53 82 87 103 120 184 199 (38)
3: 4 12 116 123 125 136 172 179 (38)
4: 23 62 63 70 89 94 95 101 115 166 193 (37)
5: 6 17 60 79 117 124 138 146 176 192 (38)
6: 1 24 71 81 90 144 151 158 175 (38)
7: 10 26 38 46 68 75 88 91 92 113 153 161 187 191 (38)
8: 20 48 57 135 141 154 157 168 (38)
9: 31 64 67 77 110 127 155 174 188 (38)
10: 16 33 43 108 148 167 169 180 (38)
11: 36 65 85 96 102 133 160 173 178 189 (38)
12: 50 55 69 111 142 143 (38)
13: 22 28 34 104 107 122 171 182 (38)
14: 5 21 32 40 54 61 83 121 137 152 159 181 197 (38)
15: 8 15 58 93 97 105 131 139 140 162 177 196 (38)
16: 0 27 49 112 145 164 (38)
17: 11 45 74 76 185 194 (38)
18: 35 39 44 52 66 73 78 98 118 156 198 (38)
19: 7 19 37 72 114 147 190 195 (38)
20: 14 25 41 99 100 106 134 149 163 183 (37)
