Name: 200-40-60
Time: 3.622133s
Result: 0
Solution: 7 3 0 2 0 7 16 6 12 10 9 17 15 14 2 16 18 1 18 8 20 16 0 13 10 18 5 3 14 13 0 19 17 7 4 13 12 4 6 9 0 3 2 20 15 10 20 1 17 6 2 20 2 7 2 16 13 17 2 15 19 2 2 6 2 18 4 12 19 9 0 17 10 13 16 2 10 11 0 8 8 3 12 10 12 2 20 12 20 16 5 7 17 5 10 13 7 15 20 12 16 6 7 15 13 14 0 8 20 3 5 3 11 20 6 4 2 3 20 4 3 19 9 13 5 17 0 9 13 19 1 4 9 10 14 20 11 13 6 17 17 5 6 19 10 7 15 3 8 2 7 2 10 2 15 17 1 6 6 1 9 9 5 16 13 18 12 2 7 6 1 12 0 13 8 2 5 20 12 18 17 14 8 9 2 8 17 11 5 2 7 17 5 13 16 0 4 18 0 17
0: 2 4 22 30 40 70 78 106 126 172 195 198 (49)
1: 17 47 130 156 159 170 (49)
2: 3 14 42 50 52 54 58 61 62 64 75 85 116 149 151 153 167 175 184 189 (49)
3: 1 27 41 81 109 111 117 120 147 (48)
4: 34 37 66 115 119 131 196 (48)
5: 26 90 93 110 124 141 162 176 188 192 (49)
6: 7 38 49 63 101 114 138 142 157 158 169 (48)
7: 0 5 33 53 91 96 102 145 150 168 190 (48)
8: 19 79 80 107 148 174 182 185 (49)
9: 10 39 69 122 127 132 160 161 183 (48)
10: 9 24 45 72 76 83 94 133 144 152 (48)
11: 77 112 136 187 (48)
12: 8 36 67 82 84 87 99 166 171 178 (48)
13: 23 29 35 56 73 95 104 123 128 137 164 173 193 (48)
14: 13 28 105 134 181 (48)
15: 12 44 59 97 103 146 154 (48)
16: 6 15 21 55 74 89 100 163 194 (48)
17: 11 32 48 57 71 92 125 139 140 155 180 186 191 199 (48)
18: 16 18 25 65 165 179 197 (49)
19: 31 60 68 121 129 143 (48)
20: 20 43 46 51 86 88 98 108 113 118 135 177 (48)
