Name: 400-30-45
Time: 8.302600s
Result: 3
Solution: 4 37 17 39 3 3 34 22 14 38 18 4 22 21 0 40 28 10 7 18 4 33 18 14 33 6 29 20 5 9 40 15 32 22 0 28 29 25 12 14 3 0 30 8 35 30 22 8 1 21 23 35 40 30 31 17 23 34 0 4 27 35 35 17 24 2 5 8 28 11 25 19 23 19 12 38 6 22 15 8 1 15 12 9 26 16 39 39 31 4 36 21 38 13 24 10 23 22 16 26 37 34 28 5 17 33 37 16 17 0 26 2 5 3 2 3 13 30 10 39 17 5 37 23 1 35 3 0 21 19 31 25 11 2 35 5 0 2 20 8 14 12 35 13 15 15 21 1 22 10 38 28 4 27 23 13 38 16 13 27 19 22 1 31 15 6 12 16 35 39 26 12 11 14 16 26 35 9 20 31 12 8 3 22 14 24 24 14 6 37 26 5 23 8 7 2 2 31 14 7 20 22 16 17 33 37 13 33 29 23 20 11 37 9 15 7 27 12 18 40 28 27 20 30 40 2 16 0 7 34 17 34 13 29 36 28 40 25 4 11 24 10 21 25 21 26 1 10 28 36 36 12 33 32 10 38 22 11 40 33 0 10 6 2 32 17 40 20 11 29 6 37 35 8 9 15 15 39 11 5 34 21 35 18 25 24 23 16 17 23 19 9 14 26 6 19 31 25 20 4 40 8 36 22 8 18 14 1 24 21 36 1 3 0 25 27 26 22 12 22 25 5 21 30 12 34 11 5 2 31 37 9 3 13 3 12 15 12 9 32 5 4 37 8 10 18 38 40 27 37 6 36 23 40 8 29 28 18 19 31 28 12 7 25 24 31 0 17 20 17 20 12 11 18 19 31 33 30 11 34 31 12 11 31 39 19 33 4 10 26 40 31 33 0 13 37 12 32 9 6
0: 14 34 41 58 109 127 136 227 260 313 366 393 (35)
1: 48 80 124 147 162 246 307 311 (35)
2: 65 111 114 133 137 195 196 225 263 328 (35)
3: 4 5 40 113 115 126 182 312 332 334 (36)
4: 0 11 20 59 89 152 238 299 341 387 (35)
5: 28 66 103 112 121 135 191 279 321 327 340 (35)
6: 25 76 165 188 262 270 294 350 399 (35)
7: 18 194 199 215 228 362 (35)
8: 43 47 67 79 139 181 193 273 301 304 343 354 (35)
9: 29 83 177 213 274 291 331 338 398 (35)
10: 17 95 118 149 241 247 254 261 344 388 (35)
11: 69 132 172 211 239 257 268 278 326 372 378 382 (35)
12: 38 74 82 141 166 171 180 217 251 318 324 335 337 361 371 381 396 (35)
13: 93 116 143 155 158 206 232 333 394 (35)
14: 8 23 39 140 173 184 187 198 292 306 (36)
15: 31 78 81 144 145 164 214 275 276 336 (38)
16: 85 98 107 157 167 174 202 226 287 (38)
17: 2 55 63 104 108 120 203 230 265 288 367 369 (38)
18: 10 19 22 218 283 305 345 357 373 (38)
19: 71 73 129 160 290 295 358 374 385 (37)
20: 27 138 178 200 210 222 267 298 368 370 (38)
21: 13 49 91 128 146 242 244 281 309 322 (38)
22: 7 12 33 46 77 97 148 161 183 201 256 303 317 319 (38)
23: 50 56 72 96 123 154 192 209 286 289 352 (37)
24: 64 94 185 186 240 285 308 364 (36)
25: 37 70 131 237 243 284 297 314 320 363 (38)
26: 84 99 110 170 175 190 245 293 316 389 (38)
27: 60 153 159 216 221 315 348 (37)
28: 16 35 68 102 151 220 235 248 356 360 (38)
29: 26 36 208 233 269 355 (38)
30: 42 45 53 117 223 323 377 (35)
31: 54 88 130 163 179 197 296 329 359 365 375 380 383 391 (38)
32: 32 253 264 339 397 (37)
33: 21 24 105 204 207 252 259 376 386 392 (38)
34: 6 57 101 229 231 280 325 379 (38)
35: 44 51 61 62 125 134 142 168 176 272 282 (38)
36: 90 234 249 250 302 310 351 (37)
37: 1 100 106 122 189 205 212 271 330 342 349 395 (36)
38: 9 75 92 150 156 255 346 (38)
39: 3 86 87 119 169 277 384 (38)
40: 15 30 52 219 224 236 258 266 300 347 353 390 (37)
