Name: 400-20-30
Time: 3.560948s
Result: 3
Solution: 2 37 25 6 13 4 10 30 10 35 38 15 21 18 27 33 2 19 0 13 33 15 39 35 2 36 7 2 18 26 33 19 39 10 22 9 22 2 2 40 38 37 14 26 29 29 14 12 2 12 5 28 33 1 14 35 17 25 34 8 16 19 33 14 40 32 24 25 20 1 22 19 15 38 11 2 25 11 7 9 8 20 22 9 25 25 2 21 16 33 34 33 37 36 23 7 18 7 22 17 20 30 21 25 23 10 17 37 36 27 7 1 37 14 27 6 17 22 24 12 28 18 29 39 9 19 28 31 20 30 36 15 2 21 3 32 5 5 38 31 27 40 23 38 12 4 21 9 14 32 25 38 15 18 28 27 24 13 13 1 22 11 40 24 5 10 20 21 30 24 8 13 5 38 16 21 13 13 0 14 8 26 29 28 30 5 26 8 34 16 29 28 25 4 28 34 27 15 14 18 24 38 35 12 18 17 6 25 35 12 5 16 22 22 20 0 7 28 10 28 28 32 22 39 26 14 30 9 9 0 8 10 27 32 2 37 1 21 21 35 10 26 9 34 2 12 28 38 6 33 10 0 39 33 1 0 0 14 27 9 27 33 12 1 17 23 4 9 37 22 30 3 11 2 4 7 5 3 7 27 8 3 36 26 8 38 31 40 34 12 23 37 25 1 9 6 27 16 21 5 3 33 29 4 22 6 34 13 32 23 35 0 40 22 11 5 23 15 4 9 40 7 12 11 23 5 25 14 3 14 36 38 18 33 30 39 39 21 40 28 13 22 0 8 14 39 9 38 31 14 38 17 4 5 19 1 10 22 21 19 24 34 31 23 9 35 5 35 37 4 7 29 14 24 31 26 28 0 20 38 6 18 17 38 0 23 29 1 20 27 20 3 2 40 29 14 28 5 2 19
0: 18 178 215 229 251 255 256 311 342 377 384 (23)
1: 53 69 111 159 236 254 263 293 355 387 (23)
2: 0 16 24 27 37 38 48 75 86 132 234 244 273 392 398 (23)
3: 134 271 277 281 300 328 391 (23)
4: 5 145 193 266 274 303 318 352 369 (23)
5: 50 136 137 164 172 185 210 276 299 315 325 353 366 397 (23)
6: 3 115 206 248 295 305 380 (23)
7: 26 78 95 97 110 216 275 278 321 370 (23)
8: 59 80 170 180 187 230 280 284 343 (23)
9: 35 79 83 124 147 227 228 242 259 267 294 319 346 364 (23)
10: 6 8 33 105 165 218 231 240 250 356 (23)
11: 74 77 161 272 314 323 (23)
12: 47 49 119 144 203 209 245 262 289 322 (23)
13: 4 19 157 158 171 176 177 307 340 (23)
14: 42 46 54 63 113 148 179 198 225 257 327 329 344 349 372 395 (23)
15: 11 21 72 131 152 197 317 (25)
16: 60 88 174 189 211 297 (25)
17: 56 99 106 116 205 264 351 382 (23)
18: 13 28 96 121 153 199 204 332 381 (26)
19: 17 31 61 71 125 354 359 399 (26)
20: 68 81 100 128 166 214 378 388 390 (23)
21: 12 87 102 133 146 167 175 237 238 298 337 358 (26)
22: 34 36 70 82 98 117 160 212 213 222 269 304 313 341 357 (24)
23: 94 104 142 265 290 309 316 324 363 385 (26)
24: 66 118 156 163 169 200 360 373 (26)
25: 2 57 67 76 84 85 103 150 192 207 292 326 (26)
26: 29 43 181 186 224 241 283 375 (26)
27: 14 109 114 140 155 196 232 258 260 279 296 389 (26)
28: 51 120 126 154 183 191 194 217 219 220 246 339 376 396 (26)
29: 44 45 122 182 190 302 371 386 394 (26)
30: 7 101 129 168 184 226 270 334 (26)
31: 127 139 286 348 362 374 (26)
32: 65 135 149 221 233 308 (26)
33: 15 20 30 52 62 89 91 249 253 261 301 333 (26)
34: 58 90 188 195 243 288 306 361 (26)
35: 9 23 55 202 208 239 310 365 367 (26)
36: 25 93 108 130 282 330 (26)
37: 1 41 92 107 112 235 268 291 368 (26)
38: 10 40 73 138 143 151 173 201 247 285 331 347 350 379 383 (26)
39: 22 32 123 223 252 335 336 345 (26)
40: 39 64 141 162 287 312 320 338 393 (26)
