Name: 400-50-80
Time: 22.012840s
Result: 9
Solution: 15 10 39 14 14 11 6 33 20 16 9 35 27 29 0 30 19 9 32 11 25 9 10 17 28 19 11 16 15 7 23 20 32 16 24 17 3 8 4 15 34 14 30 9 33 4 1 33 39 1 35 30 19 7 32 36 5 25 14 22 16 17 26 9 31 21 11 7 38 34 0 20 15 31 38 21 36 16 36 9 3 37 32 14 19 31 18 15 28 25 32 36 11 27 27 26 7 3 5 37 12 14 37 22 18 40 28 40 2 11 32 5 6 1 30 34 9 21 20 14 21 35 31 0 0 26 22 37 25 34 0 32 16 27 23 12 13 26 20 34 11 22 39 8 3 40 13 24 16 1 17 17 20 11 38 36 11 6 31 9 6 40 10 30 34 17 20 24 9 0 33 12 6 33 17 32 38 38 32 9 27 10 30 1 30 7 19 31 9 21 5 31 3 32 26 10 21 6 33 27 21 17 33 12 35 27 14 35 40 28 3 9 22 5 22 12 34 0 29 9 5 7 29 8 38 37 23 31 24 35 11 18 1 2 36 33 11 28 21 24 1 11 2 36 18 23 21 24 16 8 34 20 20 14 11 39 7 26 39 34 2 0 2 6 35 27 4 24 16 22 22 11 17 13 6 22 21 33 21 6 32 1 1 20 5 14 11 9 9 9 1 14 11 8 13 19 39 3 14 3 1 3 37 37 38 25 8 14 7 29 29 22 18 19 32 23 22 27 20 29 8 0 6 4 1 9 31 22 12 15 38 37 38 17 5 22 2 25 30 31 25 14 0 17 13 8 36 14 23 39 27 2 28 17 14 3 13 1 25 27 29 9 32 28 12 24 12 10 24 13 33 21 33 7 38 2 26 0 40 6 18 37 21 27 1 39 27 24 17 40 34 26 39 13 37 0 29 4 3 20
0: 14 70 123 124 130 169 217 261 321 342 377 395 (60)
1: 46 49 113 149 183 232 240 281 282 290 300 324 357 384 (60)
2: 108 233 242 260 262 336 351 375 (60)
3: 36 80 97 144 192 210 297 299 301 355 398 (60)
4: 38 45 266 323 397 (61)
5: 56 98 111 190 213 220 284 334 (65)
6: 6 112 157 160 172 197 263 274 279 322 379 (61)
7: 29 53 67 96 185 221 256 308 373 (60)
8: 37 143 223 249 293 306 320 345 (60)
9: 10 17 21 43 63 79 116 159 168 179 188 211 219 287 288 289 325 361 (60)
10: 1 22 162 181 195 367 (62)
11: 5 19 26 66 92 109 140 153 156 230 236 241 254 271 286 292 (60)
12: 100 135 171 203 215 328 364 366 (68)
13: 136 146 273 294 344 356 369 393 (69)
14: 3 4 41 58 83 101 119 206 253 285 291 298 307 341 347 354 (70)
15: 0 28 39 72 87 329 (70)
16: 9 27 33 60 77 132 148 248 268 (70)
17: 23 35 61 150 151 165 174 201 272 333 343 353 388 (70)
18: 86 104 231 244 312 380 (70)
19: 16 25 52 84 186 295 313 (70)
20: 8 31 71 118 138 152 166 251 252 283 318 399 (70)
21: 65 75 117 120 189 196 200 238 246 276 278 371 382 (70)
22: 59 103 126 141 212 214 269 270 275 311 316 327 335 (70)
23: 30 134 226 245 315 348 (70)
24: 34 147 167 228 239 247 267 365 368 387 (70)
25: 20 57 89 128 305 337 340 358 (70)
26: 62 95 125 137 194 257 376 391 (70)
27: 12 93 94 133 180 199 205 265 317 350 359 383 386 (70)
28: 24 88 106 209 237 352 363 (70)
29: 13 218 222 309 310 319 360 396 (70)
30: 15 42 51 114 163 182 184 338 (70)
31: 64 73 85 122 158 187 191 227 326 339 (70)
32: 18 32 54 82 90 110 131 175 178 193 280 314 362 (70)
33: 7 44 47 170 173 198 202 235 277 370 372 (70)
34: 40 69 115 129 139 164 216 250 259 390 (70)
35: 11 50 121 204 207 229 264 (70)
36: 55 76 78 91 155 234 243 346 (70)
37: 81 99 102 127 225 302 303 331 381 394 (70)
38: 68 74 154 176 177 224 304 330 332 374 (70)
39: 2 48 142 255 258 296 349 385 392 (70)
40: 105 107 145 161 208 378 389 (69)
