Name: 400-40-60
Time: 29.837752s
Result: 5
Solution: 10 34 15 13 20 39 9 33 30 19 15 16 19 17 9 34 4 11 4 21 38 14 33 12 27 9 38 3 9 20 4 12 24 5 12 10 18 37 26 21 13 40 7 7 14 2 31 20 10 12 30 1 1 30 12 26 38 4 25 8 9 17 40 40 3 4 9 30 39 32 23 5 8 18 14 13 39 23 19 16 1 26 25 32 22 17 23 5 6 28 6 15 1 30 14 22 17 3 10 14 37 25 35 22 35 4 15 11 17 8 0 9 21 12 26 2 28 16 39 33 15 18 27 39 6 22 21 17 19 33 6 23 26 22 36 24 32 27 29 31 2 12 24 36 22 14 32 2 10 27 12 20 14 30 8 29 4 10 28 20 16 32 24 32 36 5 6 12 32 35 14 19 22 5 20 38 1 21 4 12 31 4 19 9 4 10 39 30 26 22 17 35 32 12 6 30 23 8 11 13 36 28 2 15 5 27 12 25 17 12 32 31 21 37 35 31 13 9 35 1 4 30 12 32 25 6 38 14 1 11 28 30 36 30 17 19 19 4 34 15 32 39 9 4 9 31 18 19 36 40 18 36 2 18 10 17 29 32 25 31 26 1 37 28 24 16 9 20 3 3 24 11 26 11 28 34 0 40 40 23 7 29 38 0 19 9 22 35 36 25 20 30 35 25 8 12 9 38 32 6 27 3 18 29 19 35 31 33 21 8 0 4 37 21 6 37 5 38 7 32 4 27 4 2 20 40 37 3 36 23 4 28 7 19 18 18 1 29 40 33 1 9 2 17 27 34 21 35 22 4 4 34 2 31 4 36 28 26 9 8 10 16 17 18 16 38 28 4 26 12 29 9 36 23 25 3 4 17 25 10 27 9 7 37 25 12 21 12 32 32 12 29 34 40 20 5 23 13 0 17
0: 110 276 283 310 398 (50)
1: 51 52 80 92 176 219 228 261 336 340 (48)
2: 45 115 140 147 202 252 323 342 352 (48)
3: 27 64 97 268 269 301 327 375 (48)
4: 16 18 30 57 65 105 156 178 181 184 220 237 243 311 320 322 330 349 350 354 367 376 (48)
5: 33 71 87 165 173 204 316 395 (48)
6: 88 90 124 130 166 194 225 299 314 (49)
7: 42 43 280 318 332 382 (50)
8: 59 72 109 154 197 294 309 359 (49)
9: 6 14 25 28 60 66 111 183 217 242 244 266 285 296 341 358 371 381 (48)
10: 0 35 48 98 148 157 185 254 360 379 (48)
11: 17 107 198 229 271 273 (49)
12: 23 31 34 49 54 113 141 150 167 179 193 206 209 222 295 369 385 387 390 (48)
13: 3 40 75 199 216 397 (49)
14: 21 44 74 94 99 145 152 170 227 (48)
15: 2 10 91 106 120 203 239 (49)
16: 11 79 117 160 265 361 364 (49)
17: 13 61 85 96 108 127 190 208 234 255 343 362 377 399 (48)
18: 36 73 121 246 250 253 302 334 335 363 (49)
19: 9 12 78 128 171 182 235 236 247 284 304 333 (50)
20: 4 29 47 151 159 174 267 290 324 394 (52)
21: 19 39 112 126 177 212 308 313 346 386 (53)
22: 84 95 103 125 133 144 172 189 286 348 (53)
23: 70 77 86 131 196 279 329 373 396 (52)
24: 32 135 142 162 264 270 (53)
25: 58 82 101 207 224 258 289 293 374 378 384 (53)
26: 38 55 81 114 132 188 260 272 357 368 (52)
27: 24 122 137 149 205 300 321 344 380 (53)
28: 89 116 158 201 230 263 274 331 356 366 (53)
29: 138 155 256 281 303 337 370 391 (53)
30: 8 50 53 67 93 153 187 195 221 231 233 291 (53)
31: 46 139 180 211 215 245 259 306 353 (53)
32: 69 83 136 146 161 163 168 192 210 223 240 257 298 319 388 389 (53)
33: 7 22 119 129 307 339 (53)
34: 1 15 238 275 345 351 392 (53)
35: 102 104 169 191 214 218 287 292 305 347 (53)
36: 134 143 164 200 232 248 251 288 328 355 372 (53)
37: 37 100 213 262 312 315 326 383 (53)
38: 20 26 56 175 226 282 297 317 365 (53)
39: 5 68 76 118 123 186 241 (53)
40: 41 62 63 249 277 278 325 338 393 (53)
