Name: 600-50-80
Time: 249.885651s
Result: 13
Solution: 55 36 20 8 9 7 15 5 13 4 34 9 18 39 5 44 13 16 56 46 35 27 25 4 56 43 51 20 42 51 21 5 13 24 58 2 38 39 33 55 50 11 31 54 37 0 13 35 55 19 4 34 18 22 30 26 42 1 12 22 52 24 55 19 51 20 52 55 37 47 43 53 47 46 60 32 32 12 35 26 15 35 13 36 4 5 18 40 2 55 41 12 55 39 30 14 53 52 59 35 13 23 44 2 38 31 21 15 29 34 48 10 42 50 13 54 32 27 49 52 40 45 31 7 55 4 10 32 54 50 27 3 13 28 25 14 19 6 33 49 14 0 42 46 20 17 16 10 37 30 53 16 30 34 7 54 19 7 9 13 45 60 56 33 2 1 0 58 25 37 29 45 6 31 4 0 33 4 54 46 20 12 5 36 43 0 48 32 7 34 15 56 51 54 59 59 60 26 52 17 14 54 49 55 29 8 49 51 42 56 44 1 29 22 40 8 29 44 15 39 57 50 22 24 11 26 30 11 48 18 35 2 60 14 33 48 31 43 7 5 39 1 25 20 24 39 14 40 6 35 2 45 20 31 8 19 30 60 13 19 34 51 55 47 44 9 37 42 22 2 2 9 10 37 45 44 8 9 11 1 49 35 26 54 38 47 42 28 9 37 47 28 57 44 5 0 30 44 17 13 54 22 47 48 7 0 23 56 53 23 43 6 34 3 2 60 39 8 20 47 2 41 22 38 50 43 36 1 28 28 35 34 46 41 2 28 48 17 34 38 22 53 21 2 37 42 34 43 23 54 51 59 46 49 59 3 15 1 16 13 11 18 57 13 14 49 5 45 35 55 30 14 27 5 37 40 35 22 10 25 0 47 11 56 18 45 51 5 23 12 17 37 18 18 17 39 41 6 14 7 56 9 58 2 18 40 30 29 11 1 45 5 1 17 57 55 50 39 18 50 60 13 4 58 14 44 53 30 36 46 20 14 52 51 31 20 45 28 24 16 29 11 34 41 7 14 17 2 55 0 59 16 28 49 15 25 11 23 36 10 54 30 40 11 27 21 10 29 50 20 57 17 45 60 6 42 11 51 15 60 7 3 46 13 13 21 17 29 27 41 58 5 44 22 59 21 18 1 17 11 4 23 3 40 59 33 23 23 40 45 2 27 29 52 39 18 50 38 35 2 9 23 11 16 29 14 38 26 26 53 12 36 40 23 25 32 45 6 43 3 24 21 23 39 23 32 50 49 24 2 13 59 23 37 38 6 60 26 8 45 17 21 43 50 41 46 31 58 31 15 49 3 16 7 27 36 29 25 39 29 30 29 23 35 50 37 33 49 37 47 36 56 29 28 29 48 50 43 18 4
0: 45 141 166 175 185 295 305 380 449 (57)
1: 57 165 211 241 279 327 357 409 412 497 (57)
2: 35 88 103 164 231 250 269 270 314 320 334 343 403 447 510 519 549 (57)
3: 131 313 355 481 502 539 571 (57)
4: 9 23 50 84 125 174 177 422 500 599 (57)
5: 7 14 31 85 182 239 294 366 373 387 411 491 (57)
6: 137 172 248 311 397 474 537 555 (57)
7: 5 123 154 157 188 238 304 399 444 480 573 (57)
8: 3 205 215 254 276 317 558 (57)
9: 4 11 158 265 271 277 288 401 520 (57)
10: 111 126 147 272 378 459 466 (57)
11: 41 224 227 278 360 382 408 441 456 463 476 499 522 (57)
12: 58 77 91 181 389 530 (57)
13: 8 16 32 46 82 100 114 132 159 258 299 359 363 421 483 484 550 (57)
14: 95 135 140 200 233 246 364 371 398 424 431 445 525 (57)
15: 6 80 107 190 218 356 454 478 569 (57)
16: 17 146 151 358 439 451 523 572 (58)
17: 145 199 298 337 390 394 413 446 471 486 498 560 (62)
18: 12 52 86 229 361 384 392 393 404 418 496 515 598 (58)
19: 49 63 136 156 255 259 (59)
20: 2 27 65 144 180 243 252 318 430 435 469 (58)
21: 30 106 342 465 485 495 541 561 (62)
22: 53 59 213 222 268 301 322 340 377 493 (63)
23: 101 306 309 348 388 457 501 506 507 521 533 542 544 552 582 (67)
24: 33 61 223 244 438 540 548 (58)
25: 22 134 168 242 379 455 534 577 (59)
26: 55 79 197 225 282 527 528 557 (70)
27: 21 117 130 372 464 488 511 574 (66)
28: 133 287 291 328 329 335 437 452 593 (64)
29: 108 170 204 212 216 407 440 467 487 512 524 576 579 581 592 594 (69)
30: 54 94 149 152 226 256 296 370 406 427 461 580 (63)
31: 42 105 122 173 236 253 434 566 568 (70)
32: 75 76 116 127 187 535 545 (69)
33: 38 138 163 176 234 505 586 (69)
34: 10 51 109 153 189 260 312 331 338 346 442 (64)
35: 20 47 78 81 99 230 249 281 330 368 376 518 583 (70)
36: 1 83 183 326 428 458 531 575 590 (69)
37: 44 68 148 169 266 273 289 344 374 391 553 585 588 (70)
38: 36 104 284 323 339 517 526 554 (70)
39: 13 37 93 219 240 245 316 395 417 514 543 578 (70)
40: 87 120 214 247 375 405 462 503 508 532 (70)
41: 90 321 333 396 443 489 564 (70)
42: 28 56 112 142 208 267 286 345 475 (70)
43: 25 70 184 237 310 325 347 538 562 597 (70)
44: 15 102 210 217 264 275 293 297 425 492 (70)
45: 121 160 171 251 274 367 385 410 436 472 509 536 559 (70)
46: 19 73 143 179 332 352 429 482 565 (70)
47: 69 72 263 285 290 302 319 381 589 (70)
48: 110 186 228 235 303 336 595 (70)
49: 118 139 202 206 280 353 365 453 547 570 587 (70)
50: 40 113 129 221 324 416 419 468 516 546 563 584 596 (70)
51: 26 29 64 192 207 261 350 386 433 477 (70)
52: 60 66 97 119 198 432 513 (70)
53: 71 96 150 308 341 426 529 (70)
54: 43 115 128 155 178 193 201 283 300 349 460 (70)
55: 0 39 48 62 67 89 92 124 203 262 369 415 448 (70)
56: 18 24 162 191 209 307 383 400 591 (70)
57: 220 292 362 414 470 (70)
58: 34 167 402 423 490 567 (70)
59: 98 194 195 351 354 450 494 504 551 (70)
60: 74 161 196 232 257 315 420 473 479 556 (70)
