Name: 600-40-60
Time: 42.481343s
Result: 7
Solution: 10 2 9 10 10 32 23 55 12 27 56 0 30 22 3 32 14 55 25 16 38 58 37 53 3 44 53 24 30 10 15 35 30 27 27 45 55 0 59 59 44 33 50 0 52 56 2 25 31 11 11 44 14 32 48 23 6 10 14 36 39 12 35 11 7 23 19 29 50 58 18 29 10 56 5 38 48 35 47 36 30 37 15 35 52 36 1 36 59 21 49 26 16 24 42 54 28 18 18 10 59 22 19 15 36 29 3 36 21 16 57 29 8 25 40 26 48 58 0 28 38 6 15 14 19 8 24 0 40 4 43 14 33 11 58 12 31 9 35 42 35 2 8 45 53 41 57 49 41 48 44 49 52 42 22 35 20 59 8 29 21 39 43 51 32 13 13 35 56 4 60 56 49 15 14 33 45 58 46 54 32 23 17 15 30 7 44 29 45 25 28 25 0 60 40 7 9 35 9 33 13 40 18 47 11 23 60 46 40 31 9 49 43 3 26 10 59 4 25 43 21 33 0 44 52 57 1 53 36 19 22 2 16 38 54 32 46 13 31 21 39 4 53 8 59 49 32 15 18 56 27 1 50 44 5 28 13 43 29 18 36 54 12 60 22 20 55 55 5 15 8 3 31 55 48 57 19 36 60 35 44 56 37 20 25 51 10 25 32 58 43 6 34 22 45 46 51 21 53 47 33 33 55 53 31 49 27 53 39 55 11 31 50 43 54 31 49 9 14 0 31 32 30 7 5 16 12 5 0 23 52 9 48 59 22 12 12 56 6 36 31 19 31 5 15 23 14 29 19 30 21 19 27 17 54 54 34 3 50 9 27 24 24 18 30 49 30 19 51 8 3 54 55 20 13 37 57 6 45 30 49 25 4 44 25 44 19 11 24 35 6 19 40 54 49 30 56 39 44 44 9 40 0 18 45 14 17 56 56 38 35 22 36 9 9 39 5 0 24 59 22 56 43 33 0 39 30 13 19 16 26 11 5 12 42 42 52 22 9 20 2 9 1 30 41 4 35 20 41 9 38 32 23 51 27 52 1 5 35 44 1 52 45 0 32 46 59 20 46 15 53 17 17 2 44 3 40 40 40 59 58 23 19 27 53 49 2 51 52 10 46 31 37 6 4 25 20 13 26 9 49 46 60 13 28 56 21 8 55 37 40 43 20 29 14 38 58 17 5 0 23 22 3 13 37 20 45 11 25 35 47 47 3 35 60 35 6 54 56 34 36 2 41 51 2 28 45 43 16 45 33 16 44 43 16 58 15 60 7 23 49 25 12 5 6 29 52 21 34 35 38 5 5 1 54 53 14 1 39 54 10 27 39 43 0 4 21 46 39 5 29 5 2 15 26 19 35 27 10 37
0: 11 37 43 118 127 192 222 319 328 402 417 424 463 519 584 (47)
1: 86 226 251 442 456 460 573 577 (47)
2: 1 46 141 231 440 473 486 541 544 592 (47)
3: 14 24 106 213 271 357 370 475 522 532 (47)
4: 129 169 217 241 382 445 494 585 (47)
5: 74 254 268 324 327 343 416 432 457 518 563 571 572 589 591 (47)
6: 56 121 291 338 377 390 493 536 564 (47)
7: 64 185 195 323 558 (47)
8: 112 125 142 158 243 270 369 507 (47)
9: 2 137 196 198 210 317 331 359 400 413 414 438 441 449 499 (47)
10: 0 3 4 29 57 72 99 215 286 489 580 598 (47)
11: 49 50 63 133 204 310 387 431 527 (47)
12: 8 61 135 262 326 335 336 433 562 (47)
13: 165 166 200 237 256 374 427 497 503 523 (47)
14: 16 52 58 123 131 174 318 346 405 514 576 (47)
15: 30 82 103 122 173 183 247 269 344 469 556 593 (47)
16: 19 92 109 232 325 429 548 551 554 (47)
17: 182 353 406 471 472 517 (47)
18: 70 97 98 202 248 259 363 403 (48)
19: 66 102 124 229 276 341 348 351 367 386 391 428 482 595 (47)
20: 156 265 283 373 439 447 467 496 512 525 (47)
21: 89 108 160 220 239 297 350 506 567 586 (47)
22: 13 101 154 230 264 293 334 411 420 437 521 (47)
23: 6 55 65 181 205 329 345 452 481 520 559 (47)
24: 27 93 126 361 362 388 418 (49)
25: 18 47 113 189 191 218 284 287 381 384 495 528 561 (47)
26: 91 115 214 430 498 594 (47)
27: 9 33 34 250 306 352 360 454 483 581 597 (51)
28: 96 119 190 255 504 545 (49)
29: 67 71 105 111 159 187 258 347 513 565 590 (47)
30: 12 28 32 80 184 322 349 364 366 379 395 426 443 (47)
31: 48 136 209 238 272 304 311 315 320 340 342 491 (54)
32: 5 15 53 164 180 235 246 288 321 451 464 (54)
33: 41 132 175 199 221 300 301 423 550 (54)
34: 292 356 539 568 (54)
35: 31 62 77 83 138 140 155 167 197 279 389 410 446 458 529 533 535 569 596 (54)
36: 59 79 85 87 104 107 228 260 277 339 412 540 (54)
37: 22 81 282 375 492 509 524 599 (54)
38: 20 75 120 233 409 450 515 570 (54)
39: 60 161 240 308 397 415 425 578 582 588 (54)
40: 114 128 194 201 208 392 401 476 477 478 510 (54)
41: 145 148 444 448 542 (54)
42: 94 139 153 434 435 (54)
43: 130 162 212 219 257 290 313 422 511 547 553 583 (54)
44: 25 40 51 150 186 223 253 280 383 385 398 399 459 474 552 (54)
45: 35 143 176 188 294 378 404 462 526 546 549 (54)
46: 178 207 236 295 465 468 490 501 587 (54)
47: 78 203 299 530 531 (54)
48: 54 76 116 149 274 332 (54)
49: 90 147 151 172 211 245 305 316 365 380 394 485 500 560 (54)
50: 42 68 252 312 358 (54)
51: 163 285 296 368 453 487 543 (54)
52: 44 84 152 224 330 436 455 461 488 566 (54)
53: 23 26 144 227 242 298 303 307 470 484 575 (54)
54: 95 179 234 261 314 354 355 371 393 537 574 579 (54)
55: 7 17 36 266 267 273 302 309 372 508 (54)
56: 10 45 73 168 171 249 281 337 396 407 408 421 505 538 (54)
57: 110 146 225 275 376 (54)
58: 21 69 117 134 177 289 480 516 555 (54)
59: 38 39 88 100 157 216 244 333 419 466 479 (54)
60: 170 193 206 263 278 502 534 557 (54)
