Name: 600-30-45
Time: 23.744730s
Result: 5
Solution: 9 25 60 43 52 22 37 47 29 57 22 22 8 3 47 45 17 47 16 6 15 11 9 24 39 30 48 26 58 10 30 11 23 3 21 42 3 5 4 19 33 48 24 3 30 38 15 48 58 26 21 56 33 19 32 38 1 14 59 60 43 23 9 14 44 1 6 0 34 11 46 6 29 45 34 27 16 27 10 5 18 5 23 54 36 23 43 53 36 57 51 45 11 18 27 19 20 52 14 4 26 44 13 37 44 32 59 28 27 31 48 28 47 43 44 6 32 39 31 7 47 20 58 32 56 57 3 34 47 42 52 28 18 55 19 60 57 1 36 35 6 56 30 38 0 50 37 39 20 39 14 12 58 46 50 45 26 46 10 2 18 39 60 41 39 13 28 42 3 4 6 43 58 30 31 39 18 51 32 25 34 6 51 56 23 49 60 25 45 45 40 27 53 8 54 28 9 13 32 13 6 16 59 57 25 54 24 27 8 30 29 42 1 14 59 19 28 56 4 51 26 29 9 22 37 31 28 47 15 4 27 29 17 16 15 49 10 11 41 12 53 24 19 48 53 59 22 54 8 2 58 22 12 19 0 15 13 4 34 3 59 17 21 7 8 58 37 35 5 58 23 40 32 28 14 44 13 28 57 7 54 45 20 49 47 7 23 50 15 14 21 56 18 59 10 33 56 15 7 29 8 26 20 49 60 46 42 4 3 16 22 25 10 22 42 34 50 60 51 4 39 27 50 39 2 38 6 39 52 20 58 38 15 52 38 55 10 21 30 2 2 48 41 20 22 41 3 7 49 12 3 15 56 60 20 18 17 39 36 59 45 13 49 39 46 23 34 38 9 14 16 57 45 26 44 13 36 41 44 17 36 59 33 12 21 31 6 15 45 5 9 37 44 14 30 26 24 59 57 43 33 9 40 6 32 37 32 7 42 30 37 54 16 26 1 5 30 32 31 35 21 6 24 6 16 24 49 6 5 17 14 43 52 2 6 59 41 41 51 57 27 42 36 39 8 52 10 21 44 31 41 35 10 48 15 49 19 46 8 6 19 2 47 12 11 11 43 34 18 53 43 20 49 32 27 4 56 38 51 14 57 41 17 37 44 48 57 24 24 7 5 27 1 28 0 35 2 53 14 30 22 2 10 14 37 50 33 42 19 16 49 29 11 8 24 0 60 57 10 3 17 13 7 40 41 43 27 26 57 19 33 20 37 42 10 7 15 39 52 37 1 35 38 5 24 55 42 40 25 42 3 54 20 35 51 23 55 46 9 8 49 1 53 48 33 33 58 48 56 29 32 43 33 4 1 17 21 35 49 35 21 30 22 1 50 49 16 13 3 57 2 33 34 44 7 51 0 44 4 23
0: 67 144 254 494 515 596 (35)
1: 56 65 137 212 414 492 540 561 574 583 (35)
2: 159 249 324 339 340 433 461 496 501 590 (35)
3: 13 33 36 43 126 168 259 308 346 350 519 550 588 (35)
4: 38 99 169 218 229 257 307 319 475 573 598 (35)
5: 37 79 81 268 389 415 428 490 543 (35)
6: 19 66 71 115 140 170 181 200 326 386 403 421 423 427 434 459 (35)
7: 119 263 279 285 298 347 407 489 522 535 594 (35)
8: 12 193 208 248 264 300 444 458 513 559 (35)
9: 0 22 62 196 222 368 390 401 558 (35)
10: 29 78 158 236 294 312 336 446 452 502 518 534 (35)
11: 21 31 69 92 237 464 465 512 (35)
12: 151 239 252 349 383 463 (35)
13: 102 165 197 199 256 276 361 375 521 587 (35)
14: 57 63 98 150 213 274 289 369 393 430 479 498 503 (35)
15: 20 46 228 234 255 288 297 332 351 387 454 536 (35)
16: 18 76 201 233 309 370 412 424 509 586 (35)
17: 16 232 261 356 379 429 482 520 575 (35)
18: 80 93 132 160 176 292 355 468 (35)
19: 39 53 95 134 215 242 253 456 460 508 529 (35)
20: 96 121 148 282 302 329 343 354 471 531 552 (35)
21: 34 50 262 290 337 384 420 447 576 580 (35)
22: 5 10 11 223 246 251 310 313 344 500 582 (35)
23: 32 61 82 85 184 270 286 365 555 599 (36)
24: 23 42 206 241 396 422 425 487 488 514 544 (36)
25: 1 179 187 204 311 548 (35)
26: 27 49 100 156 220 301 373 395 413 527 (35)
27: 75 77 94 108 191 207 230 321 440 474 491 526 (35)
28: 107 111 131 166 195 216 226 273 277 493 (37)
29: 8 72 210 221 231 299 511 569 (40)
30: 25 30 44 142 173 209 338 394 409 416 499 581 (38)
31: 109 118 174 225 385 418 449 (39)
32: 54 105 116 123 178 198 272 404 406 417 473 570 (35)
33: 40 52 295 382 400 506 530 564 565 572 591 (37)
34: 68 74 127 180 258 315 366 467 592 (40)
35: 139 267 419 451 495 541 553 577 579 (39)
36: 84 88 138 358 376 380 442 (36)
37: 6 103 146 224 266 391 405 410 483 504 532 539 (36)
38: 45 55 143 325 331 334 367 477 542 (37)
39: 24 117 147 149 161 164 175 320 323 327 357 363 443 537 (38)
40: 190 271 402 523 547 (40)
41: 163 238 342 345 377 436 437 450 481 524 (40)
42: 35 129 167 211 306 314 408 441 507 533 546 549 (40)
43: 3 60 86 113 171 399 431 466 470 525 571 (40)
44: 64 101 104 114 275 374 378 392 448 484 593 597 (40)
45: 15 73 91 155 188 189 281 360 372 388 (40)
46: 70 153 157 305 364 457 557 (40)
47: 7 14 17 112 120 128 227 284 462 (40)
48: 26 41 47 110 243 341 453 485 563 567 (40)
49: 185 235 283 303 348 362 426 455 472 510 560 578 585 (40)
50: 145 154 287 316 322 505 584 (40)
51: 90 177 182 219 318 438 478 554 595 (40)
52: 4 97 130 328 333 432 445 538 (40)
53: 87 192 240 244 469 497 562 (40)
54: 83 194 205 247 280 411 551 (40)
55: 133 335 545 556 (40)
56: 51 124 141 183 217 291 296 352 476 568 (40)
57: 9 89 125 136 203 278 371 398 439 480 486 517 528 589 (40)
58: 28 48 122 152 172 250 265 269 330 566 (40)
59: 58 106 202 214 245 260 293 359 381 397 435 (40)
60: 2 59 135 162 186 304 317 353 516 (40)
