Name: 600-20-30
Time: 9.451318s
Result: 5
Solution: 44 27 19 20 15 4 58 22 44 11 17 0 36 53 46 49 35 12 19 55 30 10 31 31 24 12 45 15 59 46 25 7 40 55 26 8 29 60 10 25 31 59 22 59 56 54 57 46 22 5 44 44 10 47 7 10 49 37 31 50 20 60 53 45 52 46 28 6 58 55 55 10 42 3 54 31 56 52 52 40 50 11 26 14 32 32 9 38 5 52 5 32 22 35 42 25 11 60 26 20 22 44 38 15 16 59 14 11 26 10 3 13 38 56 23 45 2 12 6 30 0 59 59 57 29 42 13 52 37 46 4 20 2 53 51 30 37 43 45 9 17 18 25 51 45 45 20 0 44 2 31 33 13 25 16 35 57 38 60 36 19 7 50 18 23 5 14 17 31 14 37 21 42 33 43 15 37 40 16 52 46 34 15 7 20 16 1 25 19 37 11 35 26 23 53 18 18 44 2 51 39 7 1 60 59 53 22 6 14 7 19 33 54 39 8 52 7 17 9 43 22 35 32 33 24 7 60 9 4 54 27 31 51 58 0 58 12 19 38 28 55 8 50 46 6 40 34 37 20 16 9 36 2 47 37 53 14 40 49 50 57 34 23 17 5 11 47 11 59 47 31 21 55 11 46 30 37 55 34 10 9 53 25 20 37 59 1 1 7 22 52 1 0 34 46 53 42 47 15 12 32 0 23 5 11 46 39 59 21 40 26 39 28 42 15 37 45 20 23 22 46 21 53 34 8 31 3 49 17 38 20 43 23 29 6 51 13 59 11 23 44 26 32 2 9 7 47 4 57 47 58 42 30 11 7 43 36 19 12 35 29 0 53 9 53 37 9 15 0 20 12 5 25 1 24 7 22 6 9 38 13 36 40 4 31 48 4 14 4 3 29 18 17 59 38 33 36 25 30 6 41 57 43 45 16 11 31 1 26 26 24 23 22 28 22 25 44 16 35 30 35 35 24 53 51 48 32 14 54 54 58 16 22 1 40 44 44 7 22 8 49 26 7 10 26 5 49 18 27 54 13 32 15 21 13 24 22 46 11 33 14 37 24 20 0 45 5 51 48 34 47 45 26 25 49 39 33 42 41 29 31 51 41 20 37 29 13 3 1 16 33 1 18 21 3 25 46 39 8 5 28 25 41 2 40 44 23 56 7 45 33 28 24 21 50 30 14 5 16 59 56 58 59 3 32 51 58 19 60 14 14 0 14 42 41 58 17 30 51 50 55 16 30 32 7 1 46 48 34 18 45 12 44 28 57 55 37 49 11 60 36 46 53 22 40 23 43 3 16 17 56 54 39 53 56 27 36 31 16 38 14 38 16 35 38 17 29 41 41 7 6 25 31 15 0 29 30 40 45 5
0: 11 120 147 234 292 301 361 368 464 531 594 (22)
1: 186 202 286 287 291 373 407 433 488 491 545 (22)
2: 116 132 149 198 252 343 503 (23)
3: 73 110 326 389 487 494 523 567 (23)
4: 5 130 228 347 383 386 388 (23)
5: 49 88 90 165 264 303 371 445 466 499 517 599 (22)
6: 67 118 207 244 334 377 399 590 (22)
7: 31 54 161 183 201 209 216 225 288 345 354 375 437 442 508 544 589 (22)
8: 35 214 241 324 439 498 (22)
9: 86 139 218 227 250 280 344 363 366 378 (22)
10: 21 38 52 55 71 109 279 443 (22)
11: 9 81 96 107 190 265 267 273 304 338 353 405 458 558 (22)
12: 17 25 117 236 299 358 370 551 (22)
13: 111 126 152 336 380 450 454 486 (22)
14: 83 106 166 169 208 256 387 427 460 516 529 530 532 580 (24)
15: 4 27 103 175 182 298 314 367 452 593 (22)
16: 104 154 178 185 249 404 417 431 489 518 541 568 578 582 (23)
17: 10 140 167 217 263 328 392 536 569 585 (24)
18: 141 163 195 196 391 447 492 549 (22)
19: 2 18 160 188 210 237 357 527 (22)
20: 3 60 99 131 146 184 248 283 317 330 369 463 483 (22)
21: 171 271 308 321 453 493 513 (25)
22: 7 42 48 92 100 206 220 289 319 376 412 414 432 438 456 563 (24)
23: 114 164 193 262 302 318 332 339 411 506 565 (22)
24: 24 224 374 410 422 455 462 512 (26)
25: 30 39 95 142 153 187 282 372 397 415 473 495 501 591 (27)
26: 34 82 98 108 192 310 341 408 409 441 444 472 (25)
27: 1 230 448 575 (22)
28: 66 239 312 413 500 511 553 (25)
29: 36 124 333 360 390 479 485 586 595 (23)
30: 20 119 135 275 352 398 419 515 537 542 596 (27)
31: 22 23 40 58 75 150 168 231 270 325 384 406 480 577 592 (26)
32: 84 85 91 222 300 342 426 451 524 543 (24)
33: 151 173 211 223 395 459 476 490 510 (27)
34: 181 246 261 278 293 323 469 548 (27)
35: 16 93 155 191 221 359 418 420 421 583 (27)
36: 12 159 251 356 381 396 560 576 (27)
37: 57 128 136 170 176 189 247 254 276 284 315 365 461 484 556 (27)
38: 87 102 112 157 238 329 379 394 579 581 584 (27)
39: 200 213 306 311 475 497 572 (27)
40: 32 79 177 245 257 309 382 434 504 564 597 (27)
41: 400 478 482 502 534 587 588 (27)
42: 72 94 125 172 296 313 351 477 533 (27)
43: 137 174 219 331 355 402 566 (27)
44: 0 8 50 51 101 148 197 340 416 435 436 505 552 (27)
45: 26 63 115 138 144 145 316 403 465 471 509 550 598 (27)
46: 14 29 47 65 129 180 243 274 294 305 320 457 496 546 561 (27)
47: 53 253 266 269 297 346 349 470 (27)
48: 385 425 468 547 (27)
49: 15 56 258 327 440 446 474 557 (27)
50: 59 80 162 242 259 514 539 (27)
51: 134 143 199 232 335 424 467 481 525 538 (27)
52: 64 77 78 89 127 179 215 290 (27)
53: 13 62 133 194 205 255 281 295 322 362 364 423 562 573 (27)
54: 45 74 212 229 428 429 449 571 (27)
55: 19 33 69 70 240 272 277 540 555 (27)
56: 44 76 113 507 520 570 574 (27)
57: 46 123 156 260 348 401 554 (27)
58: 6 68 233 235 350 430 521 526 535 (27)
59: 28 41 43 105 121 122 204 268 285 307 337 393 519 522 (27)
60: 37 61 97 158 203 226 528 559 (27)
