Name: 800-20-30
Time: 38.851647s
Result: 5
Solution: 42 29 46 19 52 6 20 59 70 26 39 42 9 58 36 60 24 47 0 45 15 46 37 80 70 63 18 59 36 24 56 56 26 76 71 75 32 2 51 17 60 2 48 68 38 44 3 69 78 67 13 50 64 76 0 21 40 21 49 21 21 54 31 37 58 42 35 10 27 9 63 32 10 58 50 39 0 48 59 56 42 26 3 20 27 49 15 78 23 34 36 38 3 20 14 72 35 52 39 34 34 32 9 4 58 19 42 28 53 47 19 34 34 3 73 55 10 34 54 64 38 18 7 73 49 46 47 43 59 55 46 63 28 23 56 23 14 47 65 2 9 71 8 7 5 62 20 1 53 59 54 62 32 62 40 55 24 33 73 67 35 62 57 41 11 60 67 62 35 12 64 23 20 80 43 25 41 20 4 67 31 53 71 61 46 5 50 34 42 80 54 7 34 28 79 14 6 72 9 42 32 62 24 58 28 5 74 78 48 77 53 25 5 59 8 64 66 47 57 28 1 73 57 2 21 10 18 58 65 37 71 56 74 48 31 71 50 55 31 64 22 5 68 4 13 79 80 19 60 72 36 57 55 76 29 42 50 79 60 30 9 77 22 65 15 63 6 56 72 69 58 52 15 26 64 48 9 47 22 66 55 0 65 19 76 80 31 14 79 40 34 77 37 17 59 24 77 52 68 13 67 19 43 79 2 64 7 67 0 76 49 71 44 36 74 11 61 2 11 4 31 21 72 18 70 54 5 12 76 37 20 39 32 70 23 78 4 63 67 8 11 80 28 46 24 0 5 44 77 37 8 7 60 4 61 48 75 34 34 46 48 66 59 18 34 2 47 48 38 54 12 30 47 15 24 46 34 56 11 44 2 10 68 13 54 29 64 2 72 9 12 53 1 38 21 45 10 28 34 53 41 25 7 16 17 38 59 54 21 59 23 38 49 28 12 37 80 75 10 20 24 4 79 74 3 64 66 65 72 9 1 9 45 27 43 55 55 74 51 60 50 14 57 76 65 46 32 15 49 24 25 16 77 68 16 20 77 23 25 30 20 8 68 27 66 34 68 49 48 44 80 9 36 33 75 43 3 34 65 38 32 2 13 3 21 15 50 61 23 46 11 13 34 79 4 45 63 19 2 20 37 22 1 57 80 14 19 70 2 44 63 52 3 50 61 35 16 27 72 66 75 35 60 78 65 77 41 22 58 20 48 29 27 40 13 68 53 76 60 70 16 76 10 24 47 32 32 68 7 52 3 36 43 27 13 30 80 6 76 71 44 72 14 20 54 73 35 65 33 37 49 57 17 17 61 56 28 49 15 47 57 80 11 12 66 54 53 68 72 12 34 30 13 51 47 71 25 74 44 13 23 41 39 11 45 5 34 32 0 77 67 4 26 18 77 38 7 55 52 46 12 66 68 5 52 51 69 71 9 69 21 4 19 44 51 55 0 47 15 41 10 64 4 27 2 10 25 25 63 79 22 25 40 21 13 69 70 53 14 29 41 37 35 22 24 52 28 33 3 63 64 68 7 28 48 5 53 33 22 18 73 80 54 62 25 6 68 43 40 17 70 76 52 2 34 29 34 57 14 42 3 75 61 46 41 42 60 42 38 20 78 74 79 54 1 70 59 6 12 28 26 16 66 42 26 40 49 20 38 37 25 22 45 27 66 26 35 29 32 56 46 64 9 49 57 55 72 10 39 41 40 6 29 56 13 6 49 26 5 41 54 39 3 54 7 30 45 65 56 44 14 57 2 64 17 65 75 30 33 33 20 68 63 15 49 44 0 31 8 61 65 10 9 20 55 27 34 36 77 14
0: 18 54 76 281 308 345 608 636 786 (22)
1: 147 220 392 430 502 714 (23)
2: 37 41 139 223 304 317 365 380 387 481 498 508 644 693 772 (22)
3: 46 82 92 113 424 476 483 512 550 668 700 762 (22)
4: 103 178 243 319 336 353 421 494 611 631 642 (22)
5: 144 185 205 212 241 326 346 605 623 675 758 (22)
6: 5 196 266 557 685 717 751 755 (22)
7: 122 143 191 306 351 402 548 616 672 764 (22)
8: 142 214 339 350 461 788 (22)
9: 12 69 102 140 198 260 276 389 429 431 471 628 742 792 (22)
10: 67 72 116 225 381 396 418 542 640 645 747 791 (22)
11: 164 315 318 340 378 490 582 603 (22)
12: 169 327 370 390 414 583 589 620 718 (22)
13: 50 244 299 383 482 491 534 554 592 599 654 754 (22)
14: 94 136 195 287 441 505 562 658 698 770 799 (22)
15: 20 86 264 272 373 447 485 578 638 783 (22)
16: 403 451 454 516 540 721 (22)
17: 39 293 404 572 573 689 774 (22)
18: 26 121 226 323 363 613 679 (22)
19: 3 105 110 247 283 301 497 506 632 (22)
20: 6 83 93 146 172 177 330 419 455 460 499 529 563 709 727 780 793 (22)
21: 55 57 59 60 224 321 394 408 484 630 653 (22)
22: 240 262 278 501 527 650 663 678 731 (22)
23: 88 133 135 171 334 410 457 488 600 (22)
24: 16 29 156 202 295 344 374 420 449 543 664 (24)
25: 175 211 401 450 458 596 646 647 651 684 730 (22)
26: 9 32 81 273 612 720 724 735 757 (26)
27: 68 84 433 463 517 532 553 643 733 795 (22)
28: 107 132 193 204 219 342 397 413 576 666 673 719 (22)
29: 1 254 385 531 659 695 737 752 (23)
30: 259 371 459 555 591 765 777 (23)
31: 62 180 234 238 286 320 787 (22)
32: 36 71 101 152 200 332 446 480 545 546 607 738 (22)
33: 157 473 568 667 677 778 779 (24)
34: 89 99 100 111 112 117 187 192 290 357 358 364 376 398 465 477 492 590 606 694 696 796 (26)
35: 66 96 160 168 515 521 566 662 736 (24)
36: 14 28 90 250 313 472 551 797 (25)
37: 22 63 229 292 329 349 415 500 569 661 729 (27)
38: 44 91 120 368 393 405 411 479 615 708 728 (25)
39: 10 75 98 331 602 748 761 (25)
40: 56 154 289 533 652 688 725 750 (23)
41: 163 176 400 526 601 639 660 704 749 759 (23)
42: 0 11 65 80 106 188 199 255 699 705 707 723 (23)
43: 127 174 302 434 475 552 687 (25)
44: 45 312 347 379 469 509 560 598 633 769 785 (26)
45: 19 395 432 495 604 732 766 (27)
46: 2 21 125 130 184 343 359 375 445 489 619 703 740 (27)
47: 17 109 126 137 217 277 366 372 544 579 594 637 (27)
48: 42 77 208 233 275 355 360 367 468 530 674 (26)
49: 58 85 124 310 412 448 467 570 577 726 743 756 784 (26)
50: 51 74 186 236 256 440 486 513 (25)
51: 38 438 593 625 634 (27)
52: 4 97 271 297 511 549 618 624 665 692 (27)
53: 108 148 181 210 391 399 536 586 657 676 (27)
54: 61 118 150 190 325 369 384 407 564 585 682 713 760 763 (27)
55: 115 129 155 237 252 280 435 436 617 635 745 794 (27)
56: 30 31 79 134 231 267 377 575 739 753 768 (27)
57: 162 218 222 251 442 503 571 580 697 744 771 (27)
58: 13 64 73 104 203 227 270 528 (27)
59: 7 27 78 128 149 213 294 362 406 409 716 (27)
60: 15 40 165 248 258 352 439 522 538 706 (27)
61: 183 316 354 487 514 574 702 789 (27)
62: 145 151 153 161 167 201 683 (27)
63: 25 70 131 265 337 496 510 648 669 782 (27)
64: 52 119 170 215 239 274 305 386 425 641 670 741 773 (27)
65: 138 228 263 282 427 444 478 524 567 767 775 790 (27)
66: 216 279 361 426 464 519 584 621 722 734 (27)
67: 49 159 166 179 300 307 338 610 (27)
68: 43 242 298 382 453 462 466 535 547 587 622 671 686 781 (27)
69: 47 269 626 629 655 (27)
70: 8 24 324 333 507 539 656 690 715 (27)
71: 34 141 182 230 235 311 559 595 627 (27)
72: 95 197 249 268 322 388 428 518 561 588 746 (27)
73: 114 123 158 221 565 680 (27)
74: 206 232 314 423 437 597 711 (27)
75: 35 356 417 474 520 701 776 (27)
76: 33 53 253 284 309 328 443 537 541 558 691 (27)
77: 209 261 291 296 348 452 456 525 609 614 798 (27)
78: 48 87 207 335 523 710 (27)
79: 194 245 257 288 303 422 493 649 712 (27)
80: 23 173 189 246 285 341 416 470 504 556 581 681 (27)
