Name: 800-50-80
Time: 187.711092s
Result: 13
Solution: 3 35 75 69 15 6 68 46 77 38 37 34 39 63 53 48 6 60 0 45 21 43 54 16 62 44 25 4 9 74 17 43 75 3 68 23 65 28 35 12 7 80 34 48 42 2 77 36 11 61 30 3 67 23 15 0 22 47 6 20 1 57 70 51 22 27 80 19 49 20 36 11 42 5 80 38 57 7 55 30 20 16 1 9 36 77 73 55 12 10 73 5 71 43 66 68 37 49 52 62 56 71 24 65 46 20 65 15 8 12 7 78 71 69 68 65 26 6 72 78 67 42 15 47 21 34 8 49 53 34 3 31 36 33 0 69 78 42 55 68 12 35 11 13 46 51 22 2 56 7 57 15 62 0 45 75 23 27 42 19 35 30 2 58 71 7 74 22 73 58 52 59 3 46 79 59 49 42 59 19 40 29 44 20 51 44 25 64 52 0 37 18 13 17 57 46 51 26 53 6 60 59 59 26 77 36 53 14 2 59 63 63 43 28 77 36 42 3 8 49 8 8 17 46 17 52 37 32 24 21 35 57 2 54 21 61 72 43 54 78 8 71 58 47 52 52 39 10 76 27 68 71 12 64 51 28 48 77 69 51 75 69 29 28 39 70 63 71 77 75 57 6 56 43 20 8 63 9 11 12 53 25 50 6 42 68 56 13 36 66 53 63 40 19 32 10 18 46 59 30 28 2 55 63 59 2 41 43 31 22 45 77 18 28 80 20 40 56 55 41 73 16 7 55 52 56 58 69 42 44 76 28 49 78 32 49 24 14 23 37 4 9 52 39 45 49 39 77 46 53 32 45 39 52 32 74 47 68 61 20 44 75 5 60 39 44 3 76 16 10 58 2 42 12 36 10 75 47 77 80 58 11 73 48 47 9 56 68 10 2 11 16 60 77 66 14 79 43 45 29 8 71 8 65 46 53 50 32 18 21 3 45 47 26 60 6 14 3 60 62 76 72 20 35 0 2 2 33 8 69 51 33 26 48 78 32 40 58 32 80 47 56 52 76 35 17 59 16 56 25 14 70 80 50 17 67 11 76 27 65 66 79 46 27 77 39 31 37 30 40 71 12 73 24 30 15 3 65 21 71 43 40 14 64 37 51 16 41 54 1 45 10 23 59 34 27 18 76 44 27 13 17 39 42 43 63 21 70 27 39 67 11 50 73 31 45 52 1 42 4 45 63 18 63 66 54 57 36 66 47 77 17 26 57 37 50 77 13 72 59 20 34 21 75 12 3 18 16 61 64 23 74 68 70 20 65 42 3 66 14 30 61 16 33 63 70 76 6 25 56 67 16 2 24 8 68 12 12 68 75 61 11 38 32 51 77 34 2 64 23 44 31 42 54 68 30 26 12 75 55 47 71 19 41 18 23 17 3 48 61 75 36 2 29 64 0 72 9 44 55 4 38 69 27 9 25 23 22 32 25 1 78 57 34 6 52 57 28 25 22 45 32 19 79 57 31 51 31 37 74 7 75 67 62 10 14 36 30 28 19 43 59 26 12 35 79 36 49 18 34 21 30 62 48 80 14 9 14 22 63 36 9 31 19 47 71 28 8 18 5 18 39 8 1 50 10 12 1 18 36 60 55 5 1 73 43 2 42 27 73 53 63 29 35 21 21 42 4 73 24 28 49 33 4 24 32 63 31 39 22 40 73 19 4 39 34 58 33 5 45 0 68 30 80 0 55 73 14 38 75 25 57 15 14 76 37 13 29 51 35 27 42 28 25 27 58 80 63 74 22 17 7 29 61 8 24 42 8 63 68 29 33 60 39 70 71 14 78 59 59 24 72 59 57 3 47 60 8 55 14
0: 18 55 134 153 189 424 615 740 744 (58)
1: 60 82 489 517 630 693 697 703 (58)
2: 45 147 162 208 232 301 305 371 389 425 426 572 587 612 706 (58)
3: 0 33 51 130 172 217 366 410 417 476 545 557 607 794 (58)
4: 27 340 519 620 717 723 733 (58)
5: 73 91 362 689 702 738 (60)
6: 5 16 58 117 199 271 283 415 567 634 (58)
7: 40 77 110 149 165 322 650 771 (59)
8: 108 126 218 220 221 240 275 400 402 428 574 687 692 774 777 797 (58)
9: 28 83 277 341 385 617 624 676 681 (58)
10: 89 247 295 369 375 388 491 654 695 (58)
11: 48 71 142 278 381 390 456 511 581 (58)
12: 39 88 109 140 252 279 373 471 544 576 577 597 663 696 (58)
13: 143 192 287 500 537 756 (59)
14: 207 337 395 416 450 482 559 655 675 677 747 753 786 799 (58)
15: 4 54 107 122 151 475 752 (58)
16: 23 81 321 368 391 447 486 547 562 571 (58)
17: 30 193 222 224 445 454 501 531 606 770 (58)
18: 191 296 312 408 496 522 546 604 668 688 690 698 (58)
19: 67 159 179 293 602 642 659 683 732 (58)
20: 59 69 80 105 183 274 315 359 422 540 554 (58)
21: 20 124 229 234 409 478 506 542 670 714 715 (58)
22: 56 64 146 167 309 627 639 678 729 769 (58)
23: 35 53 156 338 492 550 589 605 626 (60)
24: 102 228 336 473 573 719 724 775 790 (58)
25: 26 186 281 449 568 625 629 638 750 763 (58)
26: 116 197 203 413 432 532 596 662 (58)
27: 65 157 249 458 463 495 499 508 623 708 760 764 (58)
28: 37 213 255 263 300 313 331 637 658 686 720 762 (58)
29: 181 262 399 613 712 757 772 780 (58)
30: 50 79 161 299 468 474 560 595 657 671 742 (58)
31: 131 308 466 514 591 645 647 682 727 (64)
32: 227 294 334 350 354 407 435 438 583 628 641 725 (63)
33: 133 427 431 563 722 737 781 (69)
34: 11 42 125 129 494 541 586 633 669 735 (63)
35: 1 38 141 160 230 423 444 664 713 759 (70)
36: 47 70 84 132 205 215 288 374 527 611 656 666 680 699 (71)
37: 10 96 190 226 339 467 484 534 648 755 (71)
38: 9 75 582 621 748 (71)
39: 12 246 264 343 346 352 364 465 502 509 691 728 734 783 (71)
40: 180 292 316 436 469 481 730 (71)
41: 306 319 487 603 (71)
42: 44 72 121 137 158 177 216 284 328 372 503 518 556 592 707 716 761 776 (71)
43: 21 31 93 212 237 273 307 397 480 504 660 705 (71)
44: 25 182 185 329 360 365 498 590 618 (71)
45: 19 154 310 344 351 398 411 490 515 520 640 739 (71)
46: 7 104 144 173 195 223 297 348 404 462 (71)
47: 57 123 243 356 377 384 412 440 529 600 684 795 (71)
48: 15 43 256 383 433 608 673 (71)
49: 68 97 127 176 219 332 335 345 667 721 (71)
50: 282 406 453 512 535 694 (71)
51: 63 145 184 196 254 259 430 485 584 646 758 (71)
52: 98 170 188 225 244 245 324 342 353 442 516 635 (71)
53: 14 128 198 206 280 290 349 405 710 (71)
54: 22 233 238 488 525 593 (71)
55: 78 87 138 302 318 323 599 619 701 745 798 (71)
56: 100 148 272 286 317 325 386 441 448 569 (71)
57: 61 76 150 194 231 270 526 533 632 636 644 751 793 (71)
58: 163 169 242 326 370 380 437 736 765 (71)
59: 171 175 178 201 202 209 298 304 446 493 539 661 788 789 792 (71)
60: 17 200 363 392 414 418 700 782 796 (71)
61: 49 235 358 548 561 580 609 773 (71)
62: 24 99 152 419 653 672 (71)
63: 13 210 211 266 276 291 303 505 521 523 564 679 711 726 767 778 (71)
64: 187 253 483 549 588 614 (71)
65: 36 103 106 115 403 459 477 555 (71)
66: 94 289 394 460 524 528 558 (71)
67: 52 120 455 510 570 652 (71)
68: 6 34 95 114 139 250 285 357 387 552 575 578 594 741 779 (71)
69: 3 113 135 258 261 327 429 622 (71)
70: 62 265 451 507 553 565 784 (71)
71: 92 101 112 164 241 251 267 401 470 479 601 685 785 (71)
72: 118 236 421 538 616 791 (71)
73: 86 90 168 320 382 472 513 704 709 718 731 746 (71)
74: 29 166 355 551 649 768 (71)
75: 2 32 155 260 269 361 376 543 579 598 610 651 749 (71)
76: 248 330 367 420 443 457 497 566 754 (71)
77: 8 46 85 204 214 257 268 311 347 378 393 464 530 536 585 (71)
78: 111 119 136 239 333 434 631 787 (71)
79: 174 396 461 643 665 (71)
80: 41 66 74 314 379 439 452 674 743 766 (71)
