Name: 800-40-60
Time: 81.876506s
Result: 8
Solution: 43 41 6 68 18 10 44 54 35 40 51 8 19 67 37 16 32 24 68 21 52 1 70 67 5 47 49 61 70 0 30 33 26 27 18 60 77 23 2 10 3 72 7 17 69 49 45 79 26 42 22 66 23 16 23 32 39 44 33 74 65 64 51 34 41 36 71 10 19 21 34 25 15 71 31 15 3 11 71 72 16 51 70 20 7 63 51 11 61 2 44 47 61 13 65 12 51 7 70 7 9 60 18 40 39 1 22 12 58 11 40 14 10 9 19 52 63 37 58 77 53 55 14 29 29 4 31 38 79 68 20 69 55 28 35 19 14 58 27 70 48 71 55 9 54 3 73 41 55 53 73 30 80 38 73 46 35 29 78 13 28 35 28 63 30 47 69 43 39 64 26 78 41 66 59 73 25 37 2 48 49 18 63 69 51 14 54 58 48 80 57 65 70 1 75 6 48 36 44 52 12 63 41 50 1 20 68 4 80 49 17 31 64 5 64 80 39 73 68 36 25 52 12 53 11 30 59 23 70 5 44 23 64 45 49 48 51 72 4 43 21 21 41 35 37 31 5 72 24 3 8 58 44 77 39 62 78 8 52 69 31 51 34 5 64 16 17 65 12 1 80 49 49 76 36 80 21 13 59 50 33 2 19 35 17 23 53 3 27 62 60 57 57 51 39 1 23 66 8 22 3 74 29 44 27 32 27 57 26 41 2 18 40 8 40 26 13 12 28 17 59 40 4 17 56 29 28 12 49 23 50 5 34 76 19 40 35 12 47 76 44 53 11 1 7 64 56 49 30 73 74 11 33 6 19 18 39 20 10 56 0 61 1 35 78 8 42 21 24 11 10 69 38 44 1 24 15 55 32 33 5 56 68 69 1 42 43 23 77 37 21 4 23 28 10 15 56 72 63 6 11 25 51 23 79 63 60 12 1 0 19 3 73 53 9 59 18 1 24 79 53 73 50 68 38 31 16 60 0 69 20 70 5 53 5 44 32 31 68 48 76 5 74 77 45 10 64 76 58 39 15 51 58 38 26 3 29 6 31 54 30 21 60 16 58 42 42 23 37 33 61 16 3 34 21 32 21 63 60 59 37 61 8 27 4 42 14 75 13 18 24 53 28 21 55 19 30 20 76 52 42 60 77 39 34 29 71 62 79 25 33 42 31 77 11 6 67 47 60 36 61 33 10 34 7 29 28 39 19 41 80 7 76 56 4 25 70 61 33 43 68 80 22 74 14 15 49 21 46 55 15 68 76 78 50 31 24 39 15 11 43 28 15 64 31 55 43 47 6 46 35 80 0 33 56 47 9 74 67 34 65 10 62 60 28 40 80 39 11 76 18 49 44 70 31 76 43 9 24 27 24 53 36 0 45 8 49 58 17 39 48 60 7 72 43 58 17 17 60 10 4 67 22 12 36 42 65 47 76 54 2 67 48 57 55 74 52 28 50 33 58 59 0 9 55 67 26 16 71 5 48 72 11 74 74 49 12 37 39 42 54 9 80 67 74 59 18 36 12 26 38 56 69 70 34 30 39 68 64 34 75 75 57 36 8 41 2 23 41 8 10 64 68 39 36 35 36 68 1 73 52 78 50 46 70 74 69 24 59 39 64 68 39 36 51 21 52 69 75 43 5 31 10 25 70 22 65 4 10 45 40 35 66 17 44 52 27 54 63 60 0 18 18 0 50 17 75 25 60 59 67 11 14 50 47 22 79 28 56 62 6 7 12 55 59 32 6 68 47 35 58 37 32 71 10 15 77 46 27 48 64 74 49 40 3 21 67 73 57 16 12 2 62 44 67 3 53 55 48 76
0: 29 360 409 428 572 603 642 740 743 (45)
1: 21 105 193 204 269 295 343 362 374 384 408 417 698 (46)
2: 38 89 178 281 310 630 686 791 (45)
3: 40 76 145 249 287 300 411 455 472 784 795 (45)
4: 125 207 238 322 391 484 534 620 727 (45)
5: 24 213 229 246 263 331 380 432 434 441 649 720 (45)
6: 2 195 353 399 457 515 568 760 766 (45)
7: 42 84 97 99 344 524 531 612 761 (45)
8: 11 250 257 298 313 365 482 605 684 689 (45)
9: 100 113 143 414 576 597 643 661 (45)
10: 5 39 67 112 358 370 394 445 522 581 619 690 722 728 774 (45)
11: 77 87 109 224 342 351 369 400 514 559 588 652 751 (45)
12: 95 107 200 222 268 317 327 337 407 623 656 668 762 790 (45)
13: 93 159 277 316 488 (46)
14: 111 122 136 185 486 544 752 (45)
15: 72 75 376 395 450 545 550 558 562 775 (45)
16: 15 53 80 265 426 463 471 647 789 (45)
17: 43 210 266 284 319 323 608 616 617 733 745 (45)
18: 4 34 102 181 311 355 416 489 590 666 741 742 (45)
19: 12 68 114 135 282 334 354 410 495 528 (45)
20: 83 130 205 357 430 497 (46)
21: 19 69 240 241 276 367 390 461 474 476 493 547 715 785 (45)
22: 50 106 299 542 622 725 755 (45)
23: 37 52 54 227 231 285 296 329 387 392 403 467 687 (45)
24: 17 248 368 375 418 490 556 598 600 707 (45)
25: 71 176 220 401 509 535 723 747 (46)
26: 32 48 170 308 315 454 646 669 (45)
27: 33 138 288 304 306 483 599 736 778 (51)
28: 133 160 162 318 326 393 492 526 561 584 637 757 (46)
29: 123 124 157 302 325 456 505 525 (47)
30: 30 151 164 225 348 460 496 675 (45)
31: 74 126 211 245 260 425 437 458 512 555 564 594 721 (47)
32: 16 55 305 378 436 475 765 772 (48)
33: 31 58 280 352 379 469 510 521 538 573 639 (53)
34: 63 70 262 332 473 504 523 579 674 679 (53)
35: 8 134 156 161 243 283 336 363 570 695 731 769 (52)
36: 65 197 219 274 519 602 624 667 683 694 696 713 (53)
37: 14 117 177 244 389 468 480 657 771 (53)
38: 127 153 372 424 453 670 (53)
39: 56 104 168 216 254 294 356 449 503 527 557 587 609 658 676 693 709 712 (52)
40: 9 103 110 312 314 321 335 585 730 783 (52)
41: 1 64 147 172 202 242 309 529 685 688 (53)
42: 49 366 385 465 466 485 500 511 625 659 (53)
43: 0 167 239 386 539 560 566 596 614 719 (53)
44: 6 57 90 198 230 252 303 340 373 435 592 734 793 (53)
45: 46 233 444 604 729 (53)
46: 155 548 569 703 777 (53)
47: 25 91 165 338 517 567 575 627 754 768 (53)
48: 140 179 188 196 235 439 610 632 650 779 798 (53)
49: 26 45 180 209 234 271 272 328 347 546 591 606 655 782 (53)
50: 203 279 330 422 554 638 702 744 753 (53)
51: 10 62 81 86 96 184 236 261 293 402 451 714 (53)
52: 20 115 199 221 258 499 636 700 716 735 (53)
53: 120 149 223 286 341 413 420 433 491 601 796 (53)
54: 7 144 186 459 629 660 737 (53)
55: 121 132 142 148 377 494 549 565 634 644 763 797 (53)
56: 324 346 359 381 396 533 574 671 758 (53)
57: 190 291 292 307 633 682 788 (53)
58: 108 118 137 187 251 448 452 464 607 615 640 770 (53)
59: 174 226 278 320 415 479 641 665 708 749 764 (53)
60: 35 101 290 406 427 462 478 501 518 583 611 618 739 748 (53)
61: 27 88 92 361 470 481 520 537 (53)
62: 255 289 507 582 759 792 (53)
63: 85 116 163 182 201 398 405 477 738 (53)
64: 61 169 212 214 232 264 345 446 563 678 691 710 780 (53)
65: 60 94 191 267 580 626 726 (53)
66: 51 173 297 732 (53)
67: 13 23 516 578 621 631 645 663 750 786 794 (53)
68: 3 18 129 206 218 382 423 438 540 551 677 692 697 711 767 (53)
69: 44 131 166 183 259 371 383 429 672 706 717 (53)
70: 22 28 82 98 139 192 228 431 536 593 673 704 724 (53)
71: 66 73 78 141 506 648 773 (53)
72: 41 79 237 247 397 613 651 (53)
73: 146 150 154 175 217 349 412 421 699 787 (53)
74: 59 301 350 442 543 577 635 653 654 664 705 781 (53)
75: 194 487 680 681 718 746 (53)
76: 273 333 339 440 447 498 532 552 589 595 628 799 (53)
77: 36 119 253 388 443 502 513 776 (53)
78: 158 171 256 364 553 701 (53)
79: 47 128 404 419 508 756 (53)
80: 152 189 208 215 270 275 530 541 571 586 662 (53)
