Name: 800-30-45
Time: 70.730048s
Result: 6
Solution: 33 50 46 19 60 17 73 66 38 3 32 36 41 4 60 20 79 4 8 36 44 2 50 73 67 79 37 6 53 2 43 46 24 64 8 1 56 28 9 55 39 6 79 16 70 75 35 79 44 8 12 40 14 4 12 68 29 73 74 33 53 8 56 12 18 60 0 46 23 72 23 73 30 76 0 16 38 6 68 15 77 35 65 53 46 69 63 31 65 27 17 12 77 79 29 79 61 10 59 8 45 11 9 64 36 8 77 17 60 35 59 37 60 54 62 8 26 32 5 77 38 46 27 61 19 49 16 51 37 13 41 70 2 2 39 7 41 17 12 69 7 66 25 35 43 40 56 25 23 15 77 76 31 62 2 41 28 5 49 47 20 59 71 17 55 46 77 15 28 76 48 48 0 69 52 34 36 20 38 62 4 38 50 20 23 12 69 27 48 31 49 13 61 39 13 10 45 36 42 79 46 59 13 65 59 57 72 28 36 58 9 47 30 76 32 22 74 79 43 50 0 2 78 59 65 52 37 44 4 70 77 64 75 32 62 73 67 2 21 10 78 42 72 58 72 24 58 65 67 78 11 18 10 1 17 78 59 69 13 44 14 40 58 68 27 47 76 28 46 25 55 65 48 9 41 59 9 74 38 32 40 56 35 45 24 20 32 77 48 24 58 29 74 63 14 4 74 58 5 41 56 57 33 43 6 62 76 62 30 21 5 49 54 50 46 30 65 6 55 39 8 6 42 29 23 9 69 22 31 72 22 63 75 18 2 71 46 57 65 29 11 28 25 26 60 19 41 58 10 34 1 36 3 65 31 55 75 60 50 33 44 40 34 50 11 41 5 67 62 50 22 68 52 5 25 13 20 79 71 46 12 67 52 4 80 73 60 63 31 48 57 65 39 37 50 32 61 67 25 32 42 26 72 26 52 50 52 53 38 28 80 18 79 4 45 38 30 23 52 14 15 19 45 71 17 35 38 49 46 74 19 80 76 46 69 46 54 7 21 35 55 17 2 34 71 51 2 0 47 57 33 35 42 23 13 80 55 9 39 55 43 6 3 11 33 70 76 71 71 3 32 53 60 19 26 63 37 61 30 18 51 67 30 2 28 74 31 76 13 10 22 29 58 2 59 38 76 55 15 63 31 52 17 62 59 59 2 23 26 9 28 57 54 14 19 66 5 25 29 34 53 19 2 27 49 5 80 63 47 23 24 14 56 69 35 54 37 25 76 73 34 51 33 38 29 66 77 19 78 14 21 29 26 43 70 12 47 46 31 61 22 43 65 33 4 38 15 46 17 13 70 48 27 28 53 45 13 73 7 41 4 8 38 5 53 35 54 5 40 73 25 32 67 2 23 22 66 72 54 76 48 30 30 5 15 17 35 23 24 35 9 65 78 0 22 42 23 13 17 9 37 23 75 73 18 2 16 60 75 12 54 79 32 43 40 33 79 48 17 77 23 53 53 50 52 2 42 50 54 25 35 1 23 44 78 70 19 65 50 17 28 13 16 26 28 22 67 71 71 51 36 52 42 34 9 43 57 37 64 16 28 32 39 13 3 5 16 3 67 32 28 42 52 70 17 48 52 21 60 53 39 9 16 27 16 66 59 66 51 59 20 71 23 52 28 70 43 34 47 62 70 48 15 7 24 59 69 18 9 17 7 61 39 9 9 70 58 50 4 2 27 58 1 55 63 44 56 72 22 24 72 40 43 6 10 50 42 68 17 28 45 48 43 10 2 3 13 8 66 72 37 40 80 2 23 34 70 0 52 63 55 75 50 26 12 51 63 25 28 5 19 17 15 67 53 3 5 72 56 67
0: 66 74 172 220 447 613 777 (35)
1: 35 253 350 651 742 (35)
2: 21 29 132 133 154 221 237 334 442 446 483 493 506 522 593 625 645 739 764 773 (35)
3: 9 352 462 469 684 687 765 795 (35)
4: 13 17 53 180 228 295 383 413 564 580 738 (35)
5: 118 157 298 310 366 373 516 525 583 587 603 685 789 796 (35)
6: 27 41 77 304 317 321 461 753 (35)
7: 135 140 437 578 723 730 (35)
8: 18 34 49 61 99 105 115 320 581 767 (36)
9: 38 102 210 273 276 325 457 509 610 619 674 701 728 733 734 (35)
10: 97 195 239 252 348 489 754 763 (35)
11: 101 250 340 364 463 (35)
12: 50 54 63 91 138 185 380 555 629 784 (35)
13: 129 191 194 202 258 375 454 488 569 576 617 661 683 766 (35)
14: 52 260 294 419 513 531 549 (36)
15: 79 149 167 420 498 566 604 722 792 (35)
16: 43 75 126 626 662 679 686 702 704 (35)
17: 5 90 107 137 163 254 424 441 502 568 605 618 638 659 694 729 758 791 (35)
18: 64 251 333 411 479 624 727 (35)
19: 3 124 345 421 430 473 514 521 547 656 790 (35)
20: 15 160 177 183 285 376 710 (36)
21: 238 309 438 550 697 (35)
22: 215 327 330 370 490 560 595 614 665 748 (36)
23: 68 70 148 184 324 417 453 507 529 594 607 616 621 640 652 712 774 (35)
24: 32 245 284 289 530 608 724 749 (35)
25: 142 147 269 342 374 398 517 537 590 649 787 (35)
26: 116 343 401 403 474 508 552 663 783 (38)
27: 89 122 187 264 523 572 703 740 (35)
28: 37 156 168 207 267 341 409 484 510 573 660 664 680 690 714 759 788 (35)
29: 56 94 291 323 339 491 518 544 551 (41)
30: 72 212 308 315 416 478 482 601 602 (41)
31: 87 152 189 328 354 388 486 500 558 (38)
32: 10 117 214 233 279 286 395 399 470 591 632 681 689 (38)
33: 0 59 302 359 450 464 542 563 635 (40)
34: 175 349 362 443 519 540 673 717 775 (41)
35: 46 81 109 143 282 425 439 451 534 585 606 609 650 (37)
36: 11 19 104 176 197 208 351 670 (41)
37: 26 111 128 226 393 476 536 620 677 770 (39)
38: 8 76 120 178 181 278 408 415 426 495 543 565 582 (40)
39: 40 134 193 319 392 458 682 700 732 (37)
40: 51 145 261 280 361 588 634 751 771 (38)
41: 12 130 136 155 274 299 346 365 579 (40)
42: 198 241 322 400 452 615 646 672 691 756 (41)
43: 30 144 218 303 460 553 561 633 675 716 752 762 (41)
44: 20 48 227 259 360 653 745 (40)
45: 100 196 283 414 422 575 760 (41)
46: 2 31 67 84 121 165 200 268 314 336 379 428 433 435 557 567 (41)
47: 159 211 265 448 528 556 718 (39)
48: 170 171 188 272 288 389 571 600 637 695 721 761 (41)
49: 125 158 190 311 427 524 (41)
50: 1 22 182 219 313 358 363 369 394 405 643 647 658 737 755 782 (41)
51: 127 445 480 541 669 708 785 (41)
52: 174 225 372 382 404 406 418 501 644 671 692 696 713 778 (40)
53: 28 60 83 407 471 520 574 584 641 642 699 794 (41)
54: 113 312 436 512 535 586 598 630 648 (41)
55: 39 164 270 318 355 440 456 459 497 743 780 (41)
56: 36 62 146 281 300 532 746 798 (40)
57: 205 301 337 390 449 511 676 (41)
58: 209 243 246 262 290 297 347 492 736 741 (41)
59: 98 110 161 201 204 223 256 275 494 504 505 706 709 725 (41)
60: 4 14 65 108 112 344 357 386 472 627 698 (41)
61: 96 123 192 396 477 559 731 (41)
62: 114 153 179 234 305 307 368 503 719 (41)
63: 86 293 331 387 475 499 527 744 779 786 (41)
64: 33 103 231 678 (41)
65: 82 88 203 224 247 271 316 338 353 391 562 611 657 (41)
66: 7 141 515 545 596 705 707 768 (41)
67: 24 236 248 367 381 397 481 592 666 688 793 799 (41)
68: 55 78 263 371 757 (41)
69: 85 139 173 186 257 326 434 533 726 (41)
70: 44 131 229 465 554 570 655 693 715 720 735 776 (41)
71: 162 335 378 423 444 467 468 667 668 711 (41)
72: 69 206 242 244 329 402 597 747 750 769 797 (41)
73: 6 23 57 71 235 385 539 577 589 623 (41)
74: 58 216 277 292 296 429 485 (41)
75: 45 232 332 356 622 628 781 (41)
76: 73 151 169 213 266 306 432 466 487 496 538 599 (41)
77: 80 92 106 119 150 166 230 287 546 639 (41)
78: 222 240 249 255 548 612 654 (41)
79: 16 25 42 47 93 95 199 217 377 412 631 636 (41)
80: 384 410 431 455 526 772 (41)
