Name: 60-10-15
Time: 0.8808639049530029 
Result: 12
Solution: 5 10 11 8 11 10 10 7 10 7 11 5 11 9 9 6 2 8 1 1 11 3 15 7 12 3 14 9 7 6 12 13 7 12 9 8 14 4 12 14 2 12 8 2 5 8 4 4 15 6 6 12 13 7 2 4 7 5 14 1 
0: (0)
1: 18 19 59 (10)
2: 16 40 43 54 (11)
3: 21 25 (12)
4: 37 46 47 55 (11)
5: 0 11 44 57 (10)
6: 15 29 49 50 (12)
7: 7 9 23 28 32 53 56 (10)
8: 3 17 35 42 45 (12)
9: 13 14 27 34 (11)
10: 1 5 6 8 (11)
11: 2 4 10 12 20 (12)
12: 24 30 33 38 41 51 (11)
13: 31 52 (10)
14: 26 36 39 58 (10)
15: 22 48 (12)
16: (0)
17: (0)
