Name: 60-20-30
Time: 0.15672540664672852 
Result: 24
Solution: 7 6 14 7 11 11 8 15 13 3 8 6 7 15 9 16 6 16 4 14 6 6 5 4 13 9 8 7 11 11 9 3 3 12 13 14 7 10 8 5 10 15 4 5 3 5 13 9 10 16 9 15 12 14 11 7 4 16 7 12 
0: (0)
1: (0)
2: (0)
3: 9 31 32 44 (20)
4: 18 23 42 56 (24)
5: 22 39 43 45 (24)
6: 1 11 16 20 21 (24)
7: 0 3 12 27 36 55 58 (24)
8: 6 10 26 38 (24)
9: 14 25 30 47 50 (23)
10: 37 40 48 (21)
11: 4 5 28 29 54 (24)
12: 33 52 59 (24)
13: 8 24 34 46 (24)
14: 2 19 35 53 (23)
15: 7 13 41 51 (23)
16: 15 17 49 57 (23)
17: (0)
