Name: 60-35-50
Time: 2.6903128623962402 
Result: 37
Solution: 11 2 12 1 9 5 2 7 13 14 12 5 16 13 10 4 5 9 13 7 9 11 5 11 1 6 13 11 10 5 14 5 3 12 4 3 8 16 3 16 9 6 6 14 16 7 7 10 4 14 2 10 8 2 5 4 8 6 1 11 
0: (0)
1: 3 24 58 (35)
2: 1 6 50 53 (37)
3: 32 35 38 (36)
4: 15 34 48 55 (35)
5: 5 11 16 22 29 31 54 (35)
6: 25 41 42 57 (36)
7: 7 19 45 46 (37)
8: 36 52 56 (36)
9: 4 17 20 40 (36)
10: 14 28 47 51 (36)
11: 0 21 23 27 59 (37)
12: 2 10 33 (36)
13: 8 13 18 26 (37)
14: 9 30 43 49 (37)
15: (0)
16: 12 37 39 44 (36)
17: (0)
