Name: 60-50-75
Time: 0.767052412033081 
Result: 56
Solution: 4 11 7 5 14 12 9 13 6 12 3 13 4 10 2 7 11 7 3 5 8 8 3 10 8 2 7 16 14 3 12 7 2 9 15 6 5 3 10 6 5 16 8 11 14 16 9 12 9 6 16 5 13 8 15 12 13 4 14 13 
0: (0)
1: (0)
2: 14 25 32 (56)
3: 10 18 22 29 37 (56)
4: 0 12 57 (56)
5: 3 19 36 40 51 (53)
6: 8 35 39 49 (51)
7: 2 15 17 26 31 (55)
8: 20 21 24 42 53 (56)
9: 6 33 46 48 (56)
10: 13 23 38 (53)
11: 1 16 43 (56)
12: 5 9 30 47 55 (56)
13: 7 11 52 56 59 (56)
14: 4 28 44 58 (56)
15: 34 54 (54)
16: 27 41 45 50 (56)
17: (0)
18: (0)
