Name: 200-30-45
Time: 0.5316462516784668 
Result: 12
Solution:  18 6 0 3 1 14 7 18 14 3 7 11 2 4 20 15 17 7 3 18 14 13 13 4 6 20 8 14 13 1 4 11 10 11 13 20 18 19 9 17 15 19 0 9 18 18 9 1 8 19 12 0 17 0 15 12 0 8 17 0 6 13 8 3 9 10 18 9 7 12 5 5 19 17 17 10 16 10 19 5 2 8 1 17 3 15 1 4 8 5 7 8 8 16 4 5 14 18 18 20 14 7 17 2 14 19 20 11 10 2 11 15 16 9 16 2 3 10 18 0 1 19 15 2 5 4 2 8 1 0 3 12 0 13 20 11 3 14 2 15 17 9 12 9 9 16 7 20 10 20 2 6 17 8 5 10 15 8 7 14 12 9 15 20 16 0 5 10 7 10 3 15 3 11 11 8 3 16 15 6 11 17 13 18 2 19 4 7 9 15 17 6 6 6 15 20 15 18 17 0
0 : [2, 42, 51, 53, 56, 59, 119, 129, 132, 165, 199] (33)
1 : [4, 29, 47, 82, 86, 120, 128] (34)
2 : [12, 80, 103, 109, 115, 123, 126, 138, 150, 184] (36)
3 : [3, 9, 18, 63, 84, 116, 130, 136, 170, 172, 176] (34)
4 : [13, 23, 30, 87, 94, 125, 186] (32)
5 : [70, 71, 79, 89, 95, 124, 154, 166] (33)
6 : [1, 24, 60, 151, 179, 191, 192, 193] (38)
7 : [6, 10, 17, 68, 90, 101, 146, 158, 168, 187] (42)
8 : [26, 48, 57, 62, 81, 88, 91, 92, 127, 153, 157, 175] (32)
9 : [38, 43, 46, 64, 67, 113, 141, 143, 144, 161, 188] (33)
10 : [32, 65, 75, 77, 108, 117, 148, 155, 167, 169] (38)
11 : [11, 31, 33, 107, 110, 135, 173, 174, 180] (39)
12 : [50, 55, 69, 131, 142, 160] (42)
13 : [21, 22, 28, 34, 61, 133, 182] (41)
14 : [5, 8, 20, 27, 96, 100, 104, 137, 159] (41)
15 : [15, 40, 54, 85, 111, 122, 139, 156, 162, 171, 178, 189, 194, 196] (43)
16 : [76, 93, 112, 114, 145, 164, 177] (37)
17 : [16, 39, 52, 58, 73, 74, 83, 102, 140, 152, 181, 190, 198] (40)
18 : [0, 7, 19, 36, 44, 45, 66, 97, 98, 118, 183, 197] (42)
19 : [37, 41, 49, 72, 78, 105, 121, 185] (44)
20 : [14, 25, 35, 99, 106, 134, 147, 149, 163, 195] (41)
