Name: 400-20-30
Time: 22.839999437332153 
Result: 10
Solution:  1 35 25 6 14 3 11 35 12 35 40 14 20 18 26 33 6 20 0 13 34 17 40 38 2 37 9 1 18 33 33 21 37 7 22 9 25 5 1 38 38 37 14 26 29 30 15 12 3 15 7 28 35 3 16 34 19 25 37 8 16 17 30 16 38 33 25 26 19 2 20 23 15 39 12 2 25 11 7 15 8 22 21 9 25 26 4 22 18 37 36 34 37 30 23 7 18 7 21 19 18 32 20 27 23 8 17 36 36 32 9 0 38 14 27 5 22 21 24 14 30 17 29 39 7 17 32 28 22 29 36 15 2 19 8 33 0 6 39 32 26 39 29 34 19 6 19 9 15 31 28 37 15 19 30 27 25 16 13 2 26 13 39 23 7 11 19 23 32 24 9 12 6 37 20 20 13 13 0 15 10 25 28 35 33 6 25 8 38 21 29 28 22 3 27 34 27 17 15 17 27 38 33 13 16 20 5 25 37 13 6 16 21 24 20 1 7 28 10 28 27 34 22 39 27 19 33 10 10 2 8 7 27 31 2 35 1 20 24 36 10 32 10 34 0 12 31 37 6 37 11 0 36 31 1 3 1 15 28 13 27 32 12 4 17 26 6 12 38 23 33 3 11 2 6 11 6 3 10 31 8 9 36 27 9 40 31 40 34 13 23 38 27 2 12 7 31 21 23 5 4 35 31 2 21 2 36 12 34 29 35 0 39 24 14 3 23 16 6 10 40 13 13 11 27 7 26 14 1 19 35 36 18 33 30 39 40 21 40 29 13 27 1 9 16 39 10 34 30 15 39 17 5 5 23 5 11 23 20 20 30 32 30 23 10 33 5 34 38 4 10 33 16 27 30 27 29 3 19 38 5 15 19 37 1 20 26 0 20 28 20 5 5 38 29 14 28 5 0 20
0 : [18, 111, 136, 178, 244, 251, 311, 387, 398] (20)
1 : [0, 27, 38, 215, 236, 254, 256, 328, 342, 384] (20)
2 : [24, 69, 75, 132, 159, 229, 234, 273, 293, 303, 305] (20)
3 : [5, 48, 53, 193, 255, 271, 277, 315, 377] (21)
4 : [86, 263, 300, 369] (21)
5 : [37, 115, 206, 299, 352, 353, 355, 366, 380, 391, 392, 397] (20)
6 : [3, 16, 137, 145, 172, 185, 210, 248, 266, 274, 276, 318] (21)
7 : [33, 50, 78, 95, 97, 124, 164, 216, 231, 295, 325] (23)
8 : [59, 80, 105, 134, 187, 230, 280] (24)
9 : [26, 35, 83, 110, 147, 170, 281, 284, 343] (21)
10 : [180, 218, 227, 228, 240, 242, 278, 319, 346, 364, 370] (25)
11 : [6, 77, 165, 250, 272, 275, 323, 356] (24)
12 : [8, 47, 74, 171, 245, 262, 267, 294, 307] (22)
13 : [19, 158, 161, 176, 177, 203, 209, 259, 289, 321, 322, 340] (21)
14 : [4, 11, 42, 113, 119, 314, 327, 395] (22)
15 : [46, 49, 72, 79, 131, 148, 152, 179, 198, 257, 349, 381] (26)
16 : [54, 60, 63, 157, 204, 211, 317, 344, 372] (29)
17 : [21, 61, 106, 121, 125, 197, 199, 264, 351] (22)
18 : [13, 28, 88, 96, 100, 332] (24)
19 : [56, 68, 99, 133, 144, 146, 153, 166, 225, 329, 378, 382] (21)
20 : [12, 17, 70, 102, 174, 175, 205, 214, 237, 358, 359, 385, 388, 390, 399] (29)
21 : [31, 82, 98, 117, 189, 212, 297, 304, 337] (22)
22 : [34, 81, 87, 116, 128, 192, 222] (26)
23 : [71, 94, 104, 163, 167, 269, 290, 298, 316, 354, 357, 363] (27)
24 : [118, 169, 213, 238, 313] (21)
25 : [2, 36, 57, 66, 76, 84, 156, 181, 186, 207] (26)
26 : [14, 43, 67, 85, 140, 160, 265, 326, 386] (28)
27 : [103, 114, 155, 194, 196, 200, 220, 224, 232, 260, 283, 292, 324, 341, 373, 375] (28)
28 : [51, 127, 150, 182, 191, 217, 219, 258, 389, 396] (25)
29 : [44, 122, 129, 142, 190, 309, 339, 376, 394] (30)
30 : [45, 62, 93, 120, 154, 334, 348, 360, 362, 374] (27)
31 : [149, 233, 246, 253, 279, 286, 296, 302] (26)
32 : [101, 109, 126, 139, 168, 241, 261, 361] (25)
33 : [15, 29, 30, 65, 135, 184, 202, 226, 270, 333, 365, 371] (29)
34 : [20, 55, 91, 143, 195, 221, 243, 288, 308, 347, 367] (25)
35 : [1, 7, 9, 52, 183, 235, 301, 310, 330] (30)
36 : [90, 107, 108, 130, 239, 252, 282, 306, 331] (30)
37 : [25, 32, 41, 58, 89, 92, 151, 173, 208, 247, 249, 383] (30)
38 : [23, 39, 40, 64, 112, 188, 201, 268, 291, 368, 379, 393] (30)
39 : [73, 123, 138, 141, 162, 223, 312, 335, 345, 350] (27)
40 : [10, 22, 285, 287, 320, 336, 338] (23)
