Name: 600-30-45
Time: 39.13935589790344 
Result: 1016
Solution:  10 25 60 43 52 23 38 47 34 57 25 23 10 2 51 49 17 49 16 7 14 12 11 24 40 32 51 32 58 17 29 11 23 2 22 42 1 7 2 22 37 50 25 9 27 37 15 47 58 28 23 57 36 22 31 33 0 14 57 59 41 22 9 14 43 3 7 2 41 11 46 7 28 46 34 30 16 30 8 4 17 6 22 54 36 24 42 56 31 53 55 47 11 18 33 23 19 52 14 8 26 45 17 39 50 37 59 28 28 31 50 30 51 43 45 0 32 40 30 7 48 21 60 34 57 59 8 38 48 43 52 28 18 54 21 59 56 3 40 34 6 55 30 39 1 51 38 39 19 41 14 12 58 47 52 46 28 48 12 2 20 44 59 40 41 17 32 42 4 0 6 47 58 32 35 43 18 51 33 26 32 2 53 54 25 53 59 24 53 46 40 27 54 11 54 31 9 16 34 17 7 17 58 57 28 57 22 30 10 29 31 45 2 14 55 20 28 53 4 53 26 31 9 23 36 33 30 42 19 7 27 27 16 15 20 49 13 13 43 15 50 30 18 49 52 53 25 55 6 2 58 23 14 19 1 14 14 0 33 3 58 17 22 12 8 58 33 35 3 59 23 38 35 29 14 46 13 29 57 6 56 45 24 54 45 6 23 50 16 16 21 55 21 57 14 33 52 15 10 29 10 31 20 53 60 48 45 8 2 15 24 26 13 23 40 34 50 59 53 3 39 29 50 40 0 44 8 42 53 23 59 37 20 49 39 60 12 29 30 2 2 48 42 21 21 41 7 10 49 12 3 15 59 57 20 18 17 39 38 59 48 17 53 40 44 23 37 39 11 9 18 57 47 27 45 15 39 40 45 20 37 58 33 14 21 30 7 15 44 5 11 36 45 12 32 30 24 59 55 44 34 9 39 6 32 38 32 7 44 30 39 55 19 27 0 6 30 31 32 32 24 9 25 7 16 25 54 5 3 21 14 43 52 4 7 60 46 42 51 59 28 43 36 38 12 56 10 22 45 31 41 33 10 51 16 52 25 41 10 5 22 2 49 13 11 14 43 35 18 55 45 22 48 31 27 5 53 38 51 20 55 43 17 38 46 52 58 28 26 9 5 30 5 30 3 39 2 54 14 30 23 2 10 19 38 54 34 46 25 17 49 31 16 9 22 1 60 55 10 3 18 13 7 40 48 43 29 27 51 19 38 20 36 42 12 7 15 39 53 39 4 36 37 8 30 56 43 42 25 46 5 57 24 37 50 23 55 49 10 8 50 6 53 48 35 33 58 51 57 36 32 44 33 4 1 18 25 41 51 33 23 34 23 0 53 50 17 15 2 57 2 35 34 48 7 47 0 43 5 24
0 : [56, 115, 169, 257, 324, 414, 583, 596] (31)
1 : [36, 144, 254, 515, 574] (33)
2 : [13, 33, 38, 67, 159, 181, 212, 249, 308, 339, 340, 461, 496, 501, 588, 590] (31)
3 : [65, 137, 259, 268, 319, 350, 428, 494, 519] (30)
4 : [79, 168, 218, 433, 540, 573] (31)
5 : [389, 427, 459, 475, 490, 492, 550, 598] (31)
6 : [81, 140, 170, 248, 279, 285, 403, 415, 561] (37)
7 : [19, 37, 66, 71, 119, 200, 229, 346, 386, 407, 423, 434, 522, 535, 594] (30)
8 : [78, 99, 126, 264, 307, 326, 543, 559] (30)
9 : [43, 62, 196, 222, 369, 401, 421, 489, 513] (33)
10 : [0, 12, 208, 298, 300, 347, 446, 452, 458, 502, 518, 558] (32)
11 : [22, 31, 69, 92, 193, 368, 390, 464] (31)
12 : [21, 151, 158, 263, 336, 349, 393, 444, 534] (34)
13 : [236, 237, 276, 312, 463, 521] (32)
14 : [20, 57, 63, 98, 150, 213, 252, 255, 256, 274, 294, 383, 430, 465, 498] (35)
15 : [46, 233, 239, 297, 309, 351, 375, 387, 536, 587] (37)
16 : [18, 76, 197, 232, 288, 289, 424, 454, 512] (37)
17 : [16, 29, 80, 102, 165, 199, 201, 261, 356, 361, 482, 509, 586] (35)
18 : [93, 132, 176, 242, 355, 370, 468, 520, 575] (38)
19 : [96, 148, 228, 253, 412, 503, 529] (33)
20 : [160, 215, 234, 302, 332, 354, 379, 479, 531] (33)
21 : [121, 134, 290, 292, 343, 344, 384, 429] (39)
22 : [34, 39, 53, 61, 82, 206, 262, 447, 460, 471, 514] (34)
23 : [5, 11, 32, 50, 95, 223, 251, 270, 286, 313, 329, 365, 500, 555, 580, 582] (30)
24 : [23, 85, 187, 282, 310, 396, 420, 552, 599] (32)
25 : [1, 10, 42, 184, 246, 422, 425, 456, 508, 548, 576] (34)
26 : [100, 179, 220, 311, 488] (39)
27 : [44, 191, 230, 231, 373, 413, 474, 527] (39)
28 : [49, 72, 107, 108, 131, 156, 204, 216, 440, 487] (36)
29 : [30, 209, 273, 277, 299, 321, 337, 526] (35)
30 : [75, 77, 111, 118, 142, 207, 226, 241, 338, 385, 395, 409, 416, 491, 493, 499, 544] (43)
31 : [54, 88, 109, 195, 210, 221, 301, 417, 449, 473, 511] (36)
32 : [25, 27, 116, 166, 173, 180, 394, 404, 406, 418, 419, 570] (39)
33 : [55, 94, 178, 225, 258, 266, 295, 382, 451, 565, 572, 579] (36)
34 : [8, 74, 123, 139, 198, 315, 400, 506, 581, 592] (42)
35 : [174, 267, 272, 467, 564, 591] (34)
36 : [52, 84, 224, 391, 442, 532, 541, 569] (39)
37 : [40, 45, 105, 331, 366, 380, 542, 553] (38)
38 : [6, 127, 146, 271, 358, 405, 443, 477, 483, 504, 530] (45)
39 : [103, 143, 147, 320, 334, 357, 367, 376, 402, 410, 495, 537, 539] (37)
40 : [24, 117, 138, 163, 190, 314, 323, 363, 377, 523] (43)
41 : [60, 68, 149, 164, 345, 450, 457, 577] (42)
42 : [35, 86, 167, 227, 327, 342, 437, 533, 547] (45)
43 : [3, 64, 113, 129, 175, 238, 431, 441, 466, 481, 525, 546, 597] (43)
44 : [161, 325, 364, 388, 399, 408, 571] (36)
45 : [101, 114, 211, 281, 284, 306, 374, 378, 392, 448, 470] (36)
46 : [70, 73, 155, 189, 275, 436, 484, 507, 549] (31)
47 : [7, 47, 91, 153, 171, 372, 595] (34)
48 : [120, 128, 157, 305, 341, 360, 472, 524, 563, 593] (35)
49 : [15, 17, 235, 243, 333, 348, 462, 510, 557] (42)
50 : [41, 104, 110, 240, 287, 316, 322, 554, 560, 585] (45)
51 : [14, 26, 112, 145, 177, 438, 453, 478, 528, 567, 578] (42)
52 : [4, 97, 130, 154, 244, 296, 432, 455, 485] (46)
53 : [89, 182, 185, 188, 217, 219, 245, 303, 318, 328, 362, 476, 538, 562, 584] (45)
54 : [83, 133, 183, 192, 194, 283, 426, 497, 505] (45)
55 : [90, 141, 214, 247, 291, 398, 411, 469, 480, 517, 556] (45)
56 : [87, 136, 280, 445, 545] (45)
57 : [9, 51, 58, 124, 203, 205, 278, 293, 353, 371, 551, 568, 589] (44)
58 : [28, 48, 152, 172, 202, 250, 260, 265, 381, 486, 566] (42)
59 : [59, 106, 125, 135, 162, 186, 269, 317, 330, 352, 359, 397, 439] (42)
60 : [2, 122, 304, 335, 435, 516] (45)
