Name: 800-20-30
Time: 2.0306801795959473 
Result: 10
Solution:  46 29 44 21 57 9 20 59 69 30 37 39 12 60 35 60 24 45 0 48 20 46 39 80 73 66 19 60 37 24 58 59 28 80 71 73 32 0 53 18 61 4 50 71 43 47 3 69 79 68 17 56 71 72 0 18 40 23 50 21 19 58 30 37 61 42 36 10 29 13 64 32 11 64 50 43 1 49 59 60 41 29 4 20 28 49 16 78 29 35 38 38 0 18 14 73 36 52 39 33 34 32 11 4 61 22 43 29 54 47 18 37 34 7 74 56 18 35 59 69 39 19 8 75 51 47 47 43 59 56 47 62 33 25 56 25 15 48 65 0 9 72 8 8 5 61 19 5 54 61 56 60 29 63 40 56 27 33 73 67 37 63 59 42 12 58 69 64 35 11 65 22 22 80 43 30 42 18 10 66 31 57 72 63 49 6 51 34 42 80 51 9 33 29 78 14 4 74 5 43 31 62 23 58 26 4 77 76 54 80 53 25 6 61 9 65 70 49 57 28 1 72 60 1 25 12 21 58 65 36 72 57 74 45 32 74 53 54 31 66 23 4 71 5 12 77 77 21 61 79 35 57 59 73 29 46 53 79 61 32 12 76 23 66 15 64 6 53 72 70 58 52 15 28 65 48 11 49 23 67 56 0 64 23 76 79 29 17 80 38 37 77 39 15 59 26 75 52 70 13 68 19 43 80 2 64 7 66 0 79 52 71 44 37 78 11 64 0 14 7 36 22 74 20 71 54 5 14 77 39 14 40 35 70 23 77 2 63 69 4 14 79 27 46 26 1 6 44 78 38 8 9 66 5 61 49 76 35 32 45 48 70 59 18 35 2 47 48 38 58 14 34 48 18 24 45 41 60 13 45 3 8 71 14 55 27 65 0 72 9 12 55 1 41 22 46 7 31 32 55 42 29 3 16 19 40 58 59 24 57 25 41 51 28 10 37 78 77 11 20 25 4 78 77 2 64 69 67 73 12 2 8 52 29 44 56 58 74 56 62 50 18 54 75 67 45 33 18 49 25 24 16 74 69 16 18 76 22 24 29 21 14 67 30 68 36 70 48 50 44 80 11 36 33 75 43 3 34 65 40 35 2 15 4 22 13 51 59 23 47 10 18 33 78 4 44 64 17 0 20 37 23 3 59 80 18 20 68 2 45 66 52 3 51 67 34 17 26 71 68 76 36 61 78 67 76 45 22 55 25 48 33 31 39 15 74 53 73 64 68 18 77 9 24 47 31 33 74 9 56 1 36 46 27 19 28 78 6 80 71 45 71 15 19 55 74 35 72 31 39 51 51 20 18 67 57 28 50 18 52 59 80 16 13 72 55 54 68 69 11 36 30 12 51 44 73 26 77 44 12 24 42 33 15 47 6 38 35 2 79 68 4 28 19 75 40 7 54 54 46 11 67 69 2 53 50 64 72 11 70 20 7 25 47 48 54 0 49 14 41 12 64 3 32 1 10 25 28 63 79 22 28 43 21 13 67 71 50 14 30 42 39 35 27 29 51 31 34 6 67 65 69 2 30 49 7 53 35 22 20 73 80 51 62 25 9 70 44 42 17 70 73 51 1 39 29 31 57 14 41 4 75 65 50 41 45 60 42 39 20 76 78 79 56 1 71 62 7 16 31 28 16 68 42 28 42 49 22 38 37 25 23 48 27 66 25 35 34 32 57 45 62 9 50 62 57 71 7 41 42 41 7 30 57 14 5 49 26 7 42 53 39 2 57 9 28 47 65 57 45 14 55 2 65 21 63 76 30 33 32 19 67 63 14 49 47 3 32 10 63 65 11 12 20 59 26 31 38 75 15
0 : [18, 37, 54, 92, 139, 281, 308, 317, 387, 498, 636] (20)
1 : [76, 220, 223, 345, 392, 550, 644, 693, 714] (20)
2 : [304, 336, 365, 424, 430, 481, 508, 608, 623, 672, 762, 772] (21)
3 : [46, 380, 402, 476, 502, 512, 642, 786] (21)
4 : [41, 82, 103, 196, 205, 241, 339, 421, 483, 494, 611, 700] (20)
5 : [144, 147, 198, 243, 326, 353, 755] (21)
6 : [185, 212, 266, 346, 557, 605, 668] (21)
7 : [113, 306, 319, 396, 616, 631, 675, 717, 747, 751, 758] (20)
8 : [122, 142, 143, 350, 381, 431] (21)
9 : [5, 140, 191, 214, 351, 389, 542, 548, 685, 742, 764] (21)
10 : [67, 178, 414, 490, 645, 788] (22)
11 : [72, 102, 169, 276, 315, 418, 471, 589, 620, 628, 791] (20)
12 : [12, 164, 225, 244, 260, 390, 429, 592, 599, 640, 792] (20)
13 : [69, 299, 378, 485, 583, 654] (20)
14 : [94, 195, 318, 327, 330, 340, 370, 383, 461, 638, 658, 698, 754, 770, 783] (21)
15 : [136, 264, 272, 293, 482, 534, 562, 603, 799] (22)
16 : [86, 403, 451, 454, 582, 718, 721] (22)
17 : [50, 287, 497, 516, 689] (22)
18 : [39, 55, 93, 110, 116, 177, 363, 373, 441, 447, 455, 491, 505, 540, 573, 578] (20)
19 : [26, 60, 121, 146, 301, 404, 554, 563, 613, 780] (21)
20 : [6, 20, 83, 323, 419, 499, 506, 572, 630, 679, 709, 793] (22)
21 : [3, 59, 226, 247, 460, 653, 774] (21)
22 : [105, 171, 172, 321, 394, 457, 484, 527, 650, 678, 727] (22)
23 : [57, 202, 240, 262, 278, 283, 334, 488, 501, 731] (25)
24 : [16, 29, 374, 408, 450, 458, 543, 600] (22)
25 : [133, 135, 211, 224, 410, 420, 449, 529, 632, 646, 684, 730, 735] (26)
26 : [204, 295, 344, 517, 596, 757, 795] (22)
27 : [156, 342, 385, 553, 663, 733] (22)
28 : [32, 84, 219, 273, 413, 555, 576, 612, 647, 651, 720, 724, 765] (22)
29 : [1, 68, 81, 88, 107, 152, 193, 254, 286, 401, 433, 459, 664, 695] (25)
30 : [9, 62, 175, 463, 591, 659, 673, 752, 777] (26)
31 : [180, 200, 238, 397, 532, 545, 568, 666, 696, 719, 796] (21)
32 : [36, 71, 101, 234, 259, 358, 398, 643, 738, 779, 787] (23)
33 : [99, 132, 157, 192, 446, 473, 492, 531, 546, 602, 778] (24)
34 : [100, 112, 187, 371, 477, 515, 667, 737] (26)
35 : [14, 89, 117, 168, 250, 332, 357, 364, 480, 566, 607, 662, 677, 736] (23)
36 : [66, 96, 229, 320, 465, 472, 521, 551, 590] (25)
37 : [10, 28, 63, 111, 160, 290, 313, 415, 500, 729] (24)
38 : [90, 91, 289, 349, 368, 606, 728, 797] (25)
39 : [11, 22, 98, 120, 292, 329, 533, 569, 661, 694, 708, 761] (24)
40 : [56, 154, 331, 405, 479, 615] (20)
41 : [80, 376, 393, 411, 639, 699, 704, 748, 750] (25)
42 : [65, 163, 176, 188, 400, 601, 660, 688, 707, 723, 725, 749, 759] (26)
43 : [44, 75, 106, 127, 174, 199, 302, 475, 652] (25)
44 : [2, 312, 347, 434, 469, 495, 594, 598, 687] (28)
45 : [17, 233, 359, 375, 379, 445, 509, 526, 560, 705, 740, 769] (26)
46 : [0, 21, 255, 343, 395, 552, 619] (24)
47 : [45, 109, 125, 126, 130, 366, 489, 544, 604, 633, 766, 785] (26)
48 : [19, 137, 275, 360, 367, 372, 467, 530, 634, 732] (28)
49 : [77, 85, 184, 217, 277, 355, 448, 637, 674, 726, 756, 784] (27)
50 : [42, 58, 74, 440, 468, 577, 625, 657, 703, 743] (27)
51 : [124, 186, 190, 412, 486, 513, 570, 571, 593, 665, 682, 692] (26)
52 : [97, 271, 297, 310, 432, 511, 579] (24)
53 : [38, 210, 236, 256, 267, 536, 624, 676, 760] (28)
54 : [108, 148, 208, 237, 325, 442, 586, 617, 618, 635] (26)
55 : [384, 391, 399, 528, 564, 585, 771] (27)
56 : [51, 115, 129, 134, 150, 155, 280, 435, 438, 549, 713] (25)
57 : [4, 181, 218, 231, 251, 409, 575, 697, 739, 745, 753, 763, 768] (26)
58 : [30, 61, 165, 203, 227, 270, 369, 406, 436] (25)
59 : [7, 31, 78, 118, 128, 162, 252, 294, 362, 407, 487, 503, 580, 794] (26)
60 : [13, 15, 27, 79, 151, 222, 377, 706] (24)
61 : [40, 64, 104, 145, 149, 213, 248, 258, 354, 522] (30)
62 : [131, 201, 439, 683, 716, 741, 744] (24)
63 : [153, 161, 183, 337, 648, 775, 782, 789] (27)
64 : [70, 73, 167, 265, 282, 305, 316, 425, 496, 538, 626, 641] (26)
65 : [138, 170, 215, 228, 274, 386, 478, 670, 702, 767, 773, 790] (30)
66 : [25, 179, 239, 263, 307, 352, 510, 734] (30)
67 : [159, 279, 427, 444, 462, 514, 524, 574, 621, 655, 669, 781] (30)
68 : [49, 300, 464, 507, 519, 539, 587, 610, 722] (29)
69 : [8, 47, 119, 166, 338, 426, 453, 588, 622, 671] (27)
70 : [216, 269, 298, 333, 361, 466, 629, 686, 690] (30)
71 : [34, 43, 52, 242, 311, 324, 382, 518, 559, 561, 656, 715, 746] (30)
72 : [53, 141, 182, 221, 230, 268, 388, 567, 584, 627] (29)
73 : [24, 35, 95, 158, 253, 428, 537, 595, 680, 691] (30)
74 : [114, 197, 232, 235, 322, 437, 452, 535, 547, 565] (30)
75 : [123, 296, 443, 474, 614, 701, 798] (30)
76 : [207, 261, 284, 356, 456, 520, 525, 710, 776] (30)
77 : [206, 245, 246, 291, 328, 335, 417, 423, 541, 597] (28)
78 : [87, 194, 314, 348, 416, 422, 493, 523, 556, 711] (26)
79 : [48, 249, 257, 285, 309, 341, 609, 649, 712] (28)
80 : [23, 33, 173, 189, 209, 288, 303, 470, 504, 558, 581, 681] (30)
