200 20 30
7 29 31
8 25 31
7 0 4
5 5 10
12 27 29
1 13 16
3 42 43
5 17 21
2 18 21
2 20 24
12 37 38
2 18 19
7 4 8
5 0 4
9 22 25
2 23 28
4 22 26
1 32 36
9 8 12
5 10 16
8 12 14
6 41 42
15 19 22
5 19 22
8 28 29
16 33 34
4 37 40
9 29 34
7 34 38
10 7 9
9 39 43
5 11 11
1 37 41
6 26 28
11 41 43
3 8 9
5 14 19
4 0 1
3 25 29
7 11 14
11 3 4
1 5 9
2 4 6
10 16 19
7 6 11
1 35 36
8 8 12
2 12 16
6 14 18
6 0 2
11 31 37
1 38 42
6 40 43
6 5 10
1 23 24
5 38 41
9 11 15
4 18 22
4 41 43
3 38 41
5 7 11
3 13 16
3 43 43
5 10 10
2 30 31
5 2 5
3 42 43
4 24 28
3 5 10
15 31 35
13 22 28
15 41 43
4 29 33
1 25 25
2 8 14
6 26 28
2 29 35
1 34 38
4 26 27
1 27 31
13 1 4
5 39 42
10 5 6
5 4 6
5 31 34
3 33 37
4 35 35
2 39 43
2 3 6
8 5 9
8 0 3
5 11 13
3 27 31
9 20 22
5 12 16
2 26 29
7 0 3
1 21 23
6 30 33
5 17 21
4 36 42
3 20 23
1 22 25
5 28 33
8 5 10
6 24 27
7 33 39
13 34 38
2 2 4
3 17 23
8 17 18
1 31 35
8 32 35
1 32 34
1 25 27
10 28 31
6 41 43
2 20 24
2 37 39
2 3 6
4 20 24
4 18 19
4 23 25
3 40 43
1 23 28
3 26 29
1 1 6
4 5 8
1 21 24
10 39 39
11 40 41
10 16 21
1 14 19
13 22 23
3 8 9
5 10 11
1 11 13
2 27 31
4 9 13
12 12 17
2 23 27
8 29 30
9 33 36
7 12 15
6 14 20
8 19 23
6 36 40
4 20 21
5 4 6
6 0 1
5 33 37
3 31 34
2 21 26
4 4 7
4 33 39
4 0 2
6 39 43
1 29 34
5 24 26
11 35 39
6 13 17
6 40 42
3 9 12
3 2 3
5 29 31
17 26 27
7 14 16
17 21 23
7 35 36
8 34 39
2 35 40
1 36 38
3 14 19
8 21 24
2 1 5
6 10 14
2 23 27
4 30 33
3 33 36
5 0 0
9 15 17
12 38 42
7 2 8
3 0 5
10 39 42
5 37 41
9 22 23
7 29 33
7 15 18
4 17 22
1 0 1
7 35 37
7 21 25
5 6 8
4 28 32
6 38 40
2 27 33
1 21 24
12 12 14
12 26 27
