200 30 45
13 20 23
1 18 22
12 5 7
4 16 20
6 24 26
2 7 12
10 26 30
1 21 25
5 22 23
10 16 18
16 4 5
1 29 31
7 22 27
11 0 3
11 3 7
2 12 13
5 30 34
2 27 28
7 18 20
18 6 12
1 34 34
1 12 17
8 18 20
11 30 33
5 33 35
4 0 3
8 13 18
16 23 27
14 4 5
5 22 25
1 22 27
8 11 12
19 10 15
2 5 6
5 27 31
15 24 30
1 5 9
6 23 26
1 0 5
4 30 33
14 23 27
19 6 8
6 27 32
12 1 4
11 0 3
4 7 10
6 31 34
13 27 32
7 30 35
1 12 14
2 28 32
4 26 32
17 28 31
13 12 15
8 19 24
6 25 29
7 5 9
4 22 25
17 12 17
7 3 8
9 26 31
2 31 35
1 24 26
3 13 15
8 7 11
3 18 20
3 1 5
3 35 35
2 19 22
5 32 35
3 19 22
2 10 14
8 14 17
1 5 6
5 19 19
3 4 7
8 27 29
3 13 15
2 6 8
7 2 5
10 8 13
6 7 10
1 17 20
16 13 18
2 32 32
5 0 3
17 32 35
10 14 15
1 18 19
1 1 5
8 20 22
4 7 10
15 30 33
2 23 28
11 11 12
8 19 25
1 2 5
4 1 6
2 26 30
8 13 18
6 19 21
1 0 3
10 31 32
10 18 19
4 20 20
12 8 14
14 2 2
1 0 3
5 29 33
4 19 19
12 23 25
1 25 28
7 5 8
6 32 32
13 31 35
13 28 29
9 12 15
6 21 21
9 34 35
13 9 13
2 22 25
8 22 26
5 16 22
8 0 3
6 30 32
1 20 23
1 14 16
6 22 24
5 20 22
3 11 14
12 9 12
1 2 6
3 3 7
5 13 17
7 24 29
18 21 23
10 17 19
1 8 11
10 31 32
12 3 6
4 20 26
2 18 23
11 28 31
5 0 3
4 0 0
5 17 17
10 15 17
3 4 6
6 0 5
11 33 35
7 12 15
7 27 30
5 10 15
1 9 13
17 18 20
4 13 18
15 22 23
8 7 11
2 15 19
11 21 26
9 12 13
12 5 10
19 25 26
6 18 21
2 14 15
1 25 28
6 19 22
5 7 10
10 0 3
8 32 35
6 6 12
4 25 29
4 26 27
6 6 9
4 10 13
9 32 32
6 0 2
12 24 29
11 29 34
4 21 24
5 32 33
7 5 7
10 29 32
16 16 19
13 32 35
7 9 13
2 30 30
5 5 6
5 23 28
8 7 9
3 33 35
4 25 31
5 26 29
2 33 33
7 25 29
4 15 19
12 11 13
3 13 18
21 30 32
2 32 33
