200 50 80
33 47 49
37 47 49
8 4 5
27 10 10
12 21 24
24 18 21
26 11 16
3 3 5
16 35 35
32 42 46
2 39 43
25 22 24
15 0 1
12 19 24
4 0 2
12 28 29
7 33 35
26 47 48
20 44 48
15 9 10
21 21 24
23 36 36
2 22 24
33 28 28
24 21 23
12 46 47
23 12 16
27 43 46
9 13 16
23 44 44
29 27 28
8 2 5
12 37 39
31 23 28
4 0 1
10 32 34
26 30 34
3 22 25
9 9 12
27 43 45
45 31 32
49 16 20
12 33 35
28 31 35
10 2 4
15 45 47
22 5 8
3 39 42
27 38 40
6 47 49
5 26 31
14 35 37
2 26 28
26 43 49
24 27 33
10 31 34
22 16 19
8 0 3
10 44 47
13 7 12
18 26 26
5 27 32
2 40 43
7 29 32
19 28 28
3 35 38
40 49 49
6 3 8
18 6 6
29 21 25
5 24 26
35 32 33
2 7 9
37 38 41
16 31 31
12 23 25
7 34 39
47 24 28
21 47 49
10 35 39
14 5 6
1 17 22
24 5 8
24 31 33
12 4 4
11 36 39
42 32 38
12 28 32
11 10 14
38 43 45
10 3 3
22 38 44
28 27 29
16 39 41
6 48 49
4 18 18
28 30 33
3 11 15
4 12 16
28 1 6
45 16 18
12 34 35
27 45 46
44 37 39
26 15 18
12 44 49
3 32 34
27 0 1
26 2 4
20 8 14
11 0 0
17 19 22
19 7 8
27 10 14
9 13 15
7 39 42
4 42 43
30 28 32
20 29 33
37 20 23
13 7 8
10 0 2
2 20 22
5 15 19
3 25 30
37 13 14
5 33 39
3 10 13
2 43 44
5 43 46
33 23 24
14 25 26
1 5 10
7 15 20
19 39 40
16 1 5
16 11 14
27 40 43
20 43 44
3 36 40
5 28 33
11 6 10
8 15 21
31 20 22
23 26 31
2 17 21
15 19 25
1 11 14
11 20 24
16 10 12
13 38 40
5 2 7
12 16 22
7 16 18
10 23 24
9 44 48
1 36 39
11 15 17
20 41 42
13 22 26
29 2 6
11 19 20
6 1 4
26 0 2
29 9 11
3 8 11
5 17 20
9 7 11
38 10 14
43 5 8
29 17 21
9 24 29
5 1 2
68 42 45
34 33 37
4 13 15
2 11 14
7 48 49
17 44 48
3 4 8
12 47 49
5 29 32
5 12 16
15 17 22
31 37 42
11 5 11
8 5 6
3 18 22
6 13 14
5 27 31
46 13 17
14 30 33
20 0 2
5 4 6
13 46 49
18 43 46
27 36 39
31 36 38
36 35 38
18 26 29
