200 40 60
3 9 13
2 0 4
2 22 23
14 8 13
11 14 16
4 0 4
2 18 21
7 5 10
12 10 14
1 6 7
5 0 1
12 13 15
10 21 23
13 11 12
29 22 24
15 0 1
1 6 6
6 7 8
13 15 18
6 8 13
7 2 5
1 7 8
1 25 29
4 28 28
11 7 12
2 21 25
1 25 26
3 24 26
16 6 9
2 14 19
11 0 5
2 0 5
8 22 25
2 17 21
3 9 14
3 16 19
1 26 28
17 0 3
17 27 29
7 15 19
20 18 21
11 12 15
15 9 13
7 26 29
7 14 18
3 2 4
8 10 12
2 18 21
7 0 0
12 19 24
8 5 8
4 11 13
8 29 29
1 25 27
7 10 13
5 23 28
1 6 10
3 10 13
13 23 25
19 14 19
2 0 3
3 20 23
22 23 26
3 4 6
6 22 23
3 18 21
12 29 29
6 17 20
1 18 19
4 3 9
2 15 16
2 12 16
9 6 8
6 0 1
7 17 23
3 24 26
10 20 22
12 26 27
17 22 23
7 22 25
6 10 16
10 5 7
9 11 16
2 17 21
11 7 12
13 26 29
4 14 20
1 9 12
4 27 28
4 19 23
3 10 14
7 20 24
7 13 14
7 16 18
5 16 19
13 14 17
17 28 28
2 13 14
33 27 29
13 16 22
16 3 6
10 13 15
4 18 20
4 0 1
5 13 15
13 24 28
1 13 15
4 13 15
10 15 16
5 22 26
21 0 4
8 27 29
7 27 28
5 7 7
2 7 11
3 28 29
2 9 9
8 8 12
8 3 6
3 20 25
3 4 6
9 3 6
13 17 19
13 15 18
18 16 19
14 21 22
8 12 16
4 0 3
19 24 28
1 28 29
4 0 3
6 4 7
4 3 7
17 11 14
14 28 29
9 26 29
5 22 24
2 24 26
18 26 29
7 16 19
5 21 26
11 20 25
4 14 15
11 0 3
2 10 15
3 3 5
6 13 18
12 16 20
4 9 10
2 15 20
2 20 22
1 0 4
11 4 8
11 21 24
8 15 19
8 14 19
10 20 23
8 2 6
1 0 3
1 8 11
23 23 28
10 15 19
16 17 20
3 0 3
4 0 2
5 24 25
7 7 12
8 24 27
4 16 21
6 28 29
7 26 29
12 3 6
3 22 22
1 8 9
1 21 23
2 16 16
9 1 5
5 6 9
2 12 14
11 15 16
6 0 3
11 6 12
5 4 7
2 26 29
4 11 12
5 25 27
26 8 9
7 21 23
19 4 5
8 12 15
2 21 22
8 1 3
2 4 5
9 9 12
4 23 28
8 7 13
8 7 10
10 23 24
5 11 14
2 26 29
