400 20 30
2 40 46
4 3 5
4 0 4
1 46 48
5 60 61
10 53 58
2 21 23
2 16 18
2 29 33
6 21 25
4 42 43
4 0 3
1 23 27
1 5 11
2 17 21
3 15 15
10 40 41
6 42 44
1 47 50
5 34 37
3 21 25
3 39 40
2 25 28
1 31 35
9 50 52
3 40 43
9 31 33
3 3 5
5 8 12
10 54 58
4 25 27
2 15 18
2 35 36
3 44 47
1 57 61
2 0 5
5 16 19
1 58 61
1 22 27
4 48 52
8 14 16
1 25 26
3 30 33
1 27 32
2 39 43
9 39 45
2 30 33
7 6 7
3 12 16
9 44 45
1 2 5
3 36 39
1 15 19
7 43 47
1 9 12
2 7 9
4 36 37
5 22 22
4 56 58
10 33 39
4 4 7
4 50 54
9 39 39
2 35 35
2 55 59
1 22 26
1 27 31
8 24 29
2 42 44
6 45 46
2 34 36
4 27 30
2 3 4
1 2 6
7 22 25
3 57 61
2 26 30
8 10 11
5 45 48
3 23 29
1 38 40
2 42 44
1 41 43
5 8 13
4 47 48
1 3 5
5 42 43
1 39 44
8 45 51
1 39 42
6 37 37
4 28 31
5 15 21
1 16 19
5 47 52
5 57 59
1 30 34
7 9 11
3 46 47
3 9 12
3 38 38
1 29 34
12 29 31
4 0 4
4 12 16
1 7 10
3 0 4
1 53 56
1 16 18
2 54 55
6 27 31
3 9 13
13 39 42
1 13 15
6 56 59
1 14 17
3 43 47
1 12 12
4 36 41
2 36 41
1 0 4
2 35 36
4 31 33
5 39 41
5 0 5
1 16 20
4 15 21
5 46 51
5 57 61
1 49 50
3 23 25
5 44 49
7 38 38
6 16 22
3 12 15
3 7 10
5 26 26
6 48 49
1 0 3
4 58 61
3 27 30
5 43 45
1 26 29
2 53 56
7 13 15
2 8 9
4 12 14
7 51 57
2 44 45
2 45 49
2 46 50
1 10 13
5 19 25
2 0 3
4 10 12
2 49 52
2 35 36
1 61 61
8 11 13
1 53 56
3 48 49
4 23 25
2 19 22
3 25 25
3 45 48
7 30 35
1 58 59
1 50 53
2 49 53
9 5 5
6 9 15
5 22 24
5 52 54
8 20 21
1 48 50
2 0 1
1 11 13
1 13 15
2 39 43
8 12 14
1 45 46
6 10 12
6 15 19
3 7 8
1 17 23
1 42 47
1 20 23
9 45 47
1 53 55
4 43 46
4 34 40
1 30 35
5 38 39
1 39 39
12 29 31
6 32 34
6 47 50
4 37 37
1 33 36
7 6 12
6 28 31
6 16 17
2 49 53
10 4 10
1 40 40
5 60 61
7 15 21
5 5 8
4 44 47
6 6 11
4 16 17
1 44 47
6 17 20
4 0 3
1 16 19
13 53 54
4 38 44
2 4 6
1 46 49
12 32 34
1 13 14
6 38 42
6 59 61
8 43 46
1 50 56
7 26 26
2 60 61
1 52 58
7 28 31
1 18 24
2 52 56
2 33 37
4 4 6
7 12 12
8 17 19
4 20 25
7 59 61
5 57 59
4 59 60
5 34 34
12 46 49
6 24 28
4 47 51
1 36 39
3 39 45
2 32 38
6 7 8
4 20 22
3 37 41
3 7 13
14 58 61
2 56 57
3 4 9
1 9 14
5 43 44
1 34 39
2 31 36
9 20 20
5 56 61
8 50 53
1 47 49
1 39 41
5 32 35
2 39 40
3 10 15
1 50 54
1 60 60
11 60 61
6 27 28
13 49 53
1 31 34
1 51 54
7 51 51
5 50 53
8 25 28
4 22 26
11 58 61
2 29 33
5 46 48
1 7 10
6 1 4
2 9 9
7 49 52
9 36 39
5 21 24
6 50 56
3 28 30
2 12 13
3 23 26
6 2 6
9 16 18
9 0 2
2 14 15
1 7 9
1 37 37
5 7 10
4 18 23
1 0 0
1 4 7
2 13 19
4 53 57
10 31 35
1 61 61
2 57 60
2 54 55
3 22 24
3 21 24
8 23 26
2 5 6
5 53 57
2 0 2
1 3 6
13 21 26
2 45 49
4 27 29
2 42 47
3 0 3
1 1 2
4 18 22
1 32 36
5 30 33
2 6 12
3 54 59
1 35 38
4 52 55
1 47 48
3 57 60
1 44 47
3 5 8
1 47 50
4 38 40
6 29 34
1 59 61
9 53 56
4 56 60
6 14 19
6 54 58
1 10 13
5 51 52
8 39 41
2 54 60
1 5 6
2 6 8
5 47 51
2 33 37
4 11 17
4 9 12
1 28 31
2 41 42
7 46 51
3 56 61
6 1 5
3 56 59
3 27 27
3 4 10
4 45 48
1 29 32
2 48 51
6 36 41
2 34 40
5 21 25
1 22 26
1 21 25
7 51 52
1 20 23
6 46 48
1 59 61
3 54 59
1 29 32
6 58 58
6 55 59
10 26 29
1 9 13
1 35 37
3 18 23
1 10 11
5 5 7
2 17 20
5 56 61
3 3 8
6 21 22
5 14 16
5 25 30
8 2 4
5 0 5
2 53 57
7 54 56
3 46 49
4 35 36
3 52 56
7 42 42
1 20 25
6 29 33
1 50 52
7 54 58
3 38 40
6 30 32
5 40 45
13 35 37
5 0 3
