400 50 80
4 0 4
1 27 28
32 65 67
18 27 31
11 19 21
15 14 17
20 44 48
13 59 62
24 7 10
7 10 11
12 19 20
1 17 22
5 20 21
22 57 61
5 4 8
13 63 66
2 0 2
14 34 38
8 56 56
13 29 34
5 15 16
9 18 22
8 20 25
15 27 30
11 67 70
21 7 8
32 35 40
15 22 23
23 29 32
6 44 49
5 1 5
30 19 22
19 70 70
23 67 69
22 65 68
9 16 21
13 41 45
21 31 34
25 60 62
2 38 44
7 60 63
9 64 66
9 24 29
22 65 66
13 42 47
2 33 36
13 46 51
1 51 54
30 48 51
4 48 52
13 32 35
9 45 50
13 37 40
16 57 62
7 61 64
3 51 55
13 32 35
24 33 36
1 47 53
2 54 59
5 50 53
17 36 39
7 42 47
14 1 5
10 1 5
3 53 55
23 60 61
19 27 33
10 50 53
4 6 9
33 50 53
24 25 26
19 29 29
34 46 48
18 57 59
19 33 37
21 64 67
8 66 69
25 59 60
3 33 39
37 60 62
8 0 3
4 36 38
8 55 60
15 63 65
5 62 65
5 34 37
18 40 41
7 0 1
19 46 48
23 0 3
5 21 21
1 40 45
8 67 69
4 5 8
5 16 20
18 54 55
1 30 34
4 25 29
17 17 21
8 50 54
16 14 20
3 8 13
11 27 29
15 0 3
13 17 23
7 0 2
1 60 61
17 51 51
4 47 49
1 3 4
9 26 29
10 49 51
9 21 24
8 57 60
10 61 63
9 15 16
13 36 40
3 6 10
8 62 67
5 47 48
6 24 27
19 12 13
5 51 53
2 22 24
7 21 24
6 27 30
7 43 48
10 31 36
18 42 43
8 37 39
8 23 28
19 47 49
19 40 44
10 42 43
6 69 70
6 34 37
3 44 48
11 68 70
8 31 34
13 17 18
26 16 19
9 47 50
13 15 19
4 41 43
9 22 24
8 31 36
9 15 19
8 18 20
16 27 28
10 56 58
3 5 7
2 11 13
18 39 41
8 56 58
10 37 39
4 14 16
30 46 47
32 58 58
15 23 26
6 30 33
9 12 16
10 38 39
11 0 3
16 5 8
3 17 21
11 5 6
15 55 58
16 8 12
7 27 28
2 37 41
10 31 33
1 8 9
6 63 67
3 19 24
33 4 7
15 29 32
3 46 47
14 65 69
9 33 37
2 48 49
30 48 53
27 17 22
12 64 66
4 51 54
12 51 57
20 47 52
20 67 70
4 31 34
7 16 17
23 0 2
5 67 68
2 49 51
12 24 29
2 61 65
4 39 41
14 65 68
6 29 31
3 61 61
10 69 70
3 24 28
15 69 70
4 17 19
21 44 44
12 37 43
5 31 32
33 30 32
10 1 3
3 55 55
13 41 44
14 54 55
8 54 57
1 25 31
1 14 17
25 60 63
11 25 31
18 15 19
4 43 45
27 53 58
2 46 49
14 8 11
2 4 5
9 30 32
19 5 8
16 11 13
5 38 42
7 57 61
5 66 68
11 48 51
15 25 26
22 53 54
28 36 40
2 1 5
10 30 33
4 29 33
3 37 40
19 12 15
17 11 14
17 14 18
7 37 40
7 55 56
12 8 10
18 19 22
4 0 4
4 37 40
16 63 66
1 21 25
2 27 33
27 40 42
12 51 57
5 30 34
11 11 13
24 52 57
10 60 63
12 58 59
16 25 29
11 44 46
8 23 28
18 61 64
15 65 69
12 11 15
12 0 4
28 64 65
19 22 27
15 62 67
16 55 56
4 40 43
17 60 63
2 45 47
4 28 30
15 27 30
17 37 39
4 25 27
18 15 19
6 14 18
21 52 54
14 59 61
2 36 37
5 41 42
16 47 50
29 22 24
10 7 8
7 52 53
10 23 26
7 46 48
13 10 12
1 46 49
5 20 23
1 49 53
4 11 15
12 0 2
1 9 11
35 3 7
1 6 10
13 31 34
6 34 38
6 62 66
26 52 53
7 58 58
13 8 12
9 41 43
17 48 49
19 49 55
8 9 13
9 15 17
2 63 68
17 53 55
4 13 16
12 38 40
18 40 43
4 3 6
7 43 46
5 33 35
4 1 5
7 0 3
9 55 58
7 61 63
17 51 55
6 11 12
6 53 58
14 41 43
7 34 36
20 26 27
13 62 64
19 68 70
29 22 23
17 18 20
1 35 36
1 15 19
14 45 48
23 48 49
6 28 32
17 5 8
14 43 47
8 65 70
2 33 34
22 32 36
19 37 41
26 44 47
7 8 10
13 11 14
5 57 60
16 21 26
5 38 41
5 46 50
8 23 27
12 56 60
16 45 48
2 57 58
1 31 32
24 41 44
3 27 27
12 10 13
23 27 31
13 60 62
7 55 60
7 54 58
2 7 9
9 64 67
4 52 54
14 10 12
5 7 7
6 5 8
7 34 37
20 14 14
1 62 68
15 68 68
23 68 70
11 50 50
1 44 45
10 41 44
3 67 70
7 61 63
19 2 5
17 59 64
21 7 13
2 56 61
8 31 35
19 38 42
4 5 10
1 40 41
1 34 38
5 8 13
20 19 20
15 68 69
30 55 59
11 11 11
9 67 70
7 68 70
25 66 66
8 21 23
12 0 2
4 0 2
2 63 67
26 6 8
19 4 7
7 48 49
16 33 37
17 40 45
18 68 70
