400 30 45
2 41 42
6 42 45
5 31 36
8 44 46
4 25 30
16 34 39
6 27 29
18 76 79
13 54 56
10 79 81
5 56 60
7 73 76
7 68 70
5 48 49
24 22 26
6 29 33
22 42 45
21 67 72
3 31 31
7 70 74
8 67 71
2 5 8
14 22 27
10 42 42
11 27 28
9 31 34
9 32 34
14 0 5
12 18 20
6 58 63
8 9 12
3 32 32
1 27 30
4 24 25
3 37 40
12 34 34
9 65 68
1 39 43
1 55 60
5 72 72
2 67 71
19 12 15
5 75 79
6 18 18
4 36 38
1 77 82
8 16 18
9 56 61
1 50 55
15 23 28
3 18 21
13 66 69
5 72 74
12 10 16
4 81 83
9 6 6
3 35 38
11 31 32
15 15 17
5 11 15
12 68 71
6 3 6
1 22 24
7 4 8
17 27 29
2 32 35
5 1 3
16 25 29
6 73 76
17 10 13
18 72 75
11 6 12
19 74 75
3 24 28
1 66 68
7 74 77
7 35 36
13 79 80
11 38 39
9 13 17
12 74 77
4 81 83
12 4 9
2 55 55
5 45 47
4 56 56
2 45 47
3 30 31
10 39 42
3 8 9
11 65 67
1 54 55
14 28 31
5 36 42
10 62 67
7 15 17
3 19 23
6 9 9
11 65 66
11 25 26
9 26 29
2 61 64
4 13 14
8 56 59
3 57 58
3 81 83
8 31 35
1 67 70
6 71 75
17 38 42
3 61 62
3 78 80
1 61 64
4 53 54
3 19 24
8 62 66
12 61 63
1 17 17
2 18 24
7 63 65
10 65 71
19 60 64
7 49 53
13 41 43
11 57 58
1 10 12
16 40 41
15 48 52
2 45 49
6 22 25
8 7 8
4 2 6
9 18 19
2 26 31
1 33 37
14 78 80
13 54 57
3 18 21
3 47 52
8 53 57
4 5 6
3 47 50
3 39 45
3 50 54
17 80 83
10 71 73
8 13 16
17 35 40
15 11 14
1 44 44
5 1 1
5 69 72
20 59 64
8 58 61
16 44 47
16 0 4
10 49 52
8 34 38
9 0 3
5 28 30
14 4 5
7 30 31
5 70 74
19 20 22
13 63 69
4 79 82
1 5 5
10 18 20
7 16 21
5 73 75
14 81 83
14 58 62
13 39 40
5 68 73
5 44 46
2 79 83
11 62 64
9 66 66
9 47 51
4 14 16
5 8 11
4 40 43
24 37 39
13 57 60
11 58 60
7 51 53
8 0 3
8 83 83
14 49 51
21 44 44
4 11 12
12 52 55
7 66 71
8 32 34
13 45 48
4 48 50
2 81 83
1 0 3
3 16 19
6 55 60
6 37 43
1 27 31
5 0 6
4 48 50
8 10 12
10 83 83
19 75 81
1 23 28
9 0 3
3 60 66
6 1 4
4 76 76
2 71 72
7 0 2
7 14 17
7 25 28
6 22 25
8 73 78
21 70 73
8 73 75
1 37 41
1 51 55
2 1 3
2 74 76
21 81 83
3 13 18
10 46 48
20 55 58
2 57 60
2 38 42
12 46 50
7 26 31
8 55 58
2 78 79
4 32 35
4 26 29
7 59 59
2 44 45
11 13 16
14 14 16
2 38 42
4 19 23
4 20 23
4 24 26
8 37 41
7 34 37
26 80 81
20 65 68
7 47 52
9 75 80
3 65 71
11 68 72
2 12 14
4 69 72
15 19 22
6 28 29
4 40 44
9 15 19
3 64 69
12 5 9
6 72 73
4 60 63
3 43 44
10 50 55
5 51 57
4 51 53
3 20 22
13 24 29
5 22 23
11 47 52
7 60 63
2 9 13
4 64 69
10 32 35
5 74 77
1 73 75
11 2 4
11 2 5
7 58 63
1 47 49
3 36 36
20 54 55
9 54 59
1 9 11
9 68 71
6 52 56
3 24 26
1 37 39
9 2 4
10 46 50
5 0 2
9 15 18
12 20 23
4 21 24
14 29 32
10 4 8
26 30 31
4 43 49
5 19 23
5 5 7
1 26 30
2 68 73
4 33 35
1 79 83
7 62 64
6 74 77
15 30 34
3 78 81
3 53 55
10 63 63
19 46 47
4 35 36
12 74 74
8 45 51
10 58 60
6 35 36
10 55 56
1 56 60
9 42 45
6 49 52
14 79 80
17 32 35
6 63 67
1 24 24
6 64 68
4 76 80
6 28 33
2 29 30
4 26 26
1 9 14
5 78 81
5 54 58
15 0 5
6 42 45
12 48 51
5 75 77
5 16 18
4 39 43
8 43 45
9 52 54
3 44 46
6 64 68
1 79 82
20 71 73
7 52 56
3 82 83
5 63 67
2 41 45
15 51 55
7 16 19
4 57 60
16 49 55
2 23 24
10 47 52
4 37 40
3 42 44
6 76 78
10 65 68
10 9 12
1 66 68
20 20 22
11 4 8
6 51 53
6 34 36
5 36 38
6 18 24
9 78 80
14 65 69
1 7 10
14 16 17
16 69 73
12 23 26
1 31 35
21 80 83
23 8 11
8 41 44
11 9 12
6 57 61
7 19 25
14 42 43
4 38 42
5 2 5
24 74 77
3 23 26
10 6 9
4 28 31
13 45 46
16 53 55
8 0 2
11 60 64
5 24 28
6 0 6
12 16 20
4 72 77
8 65 65
20 82 83
3 39 42
15 69 72
8 61 64
19 56 60
