400 40 60
9 69 75
21 80 84
2 56 58
1 59 59
22 2 5
27 84 87
9 40 43
22 19 22
21 11 16
5 81 86
4 70 74
7 6 6
13 34 38
3 10 13
35 72 73
12 53 57
28 76 81
8 47 52
12 23 25
3 5 9
28 94 97
13 30 36
7 13 16
6 90 96
7 48 51
14 46 46
3 34 38
15 76 82
9 55 57
15 43 49
3 0 3
6 41 46
15 91 93
4 84 84
8 85 89
2 2 7
19 47 52
18 83 85
10 13 15
13 72 76
25 63 67
27 60 62
36 75 81
10 13 14
5 76 79
16 22 24
1 76 78
5 67 68
2 27 29
1 67 70
4 27 29
14 26 28
22 60 64
5 74 79
31 51 54
2 80 85
12 16 22
24 83 87
3 8 11
8 9 14
7 65 67
8 86 90
4 29 33
1 49 52
14 16 21
5 66 67
25 30 33
21 19 24
1 62 65
28 20 22
14 85 91
34 90 95
26 65 67
18 79 83
22 61 64
23 88 92
12 72 76
19 38 40
13 30 31
9 67 71
15 8 13
14 68 72
11 64 69
34 85 91
5 88 92
4 95 97
6 35 39
7 59 62
16 36 39
9 19 20
35 80 82
20 67 71
25 51 57
14 58 62
25 26 31
8 78 79
1 40 43
15 74 80
15 66 69
12 60 62
7 0 0
27 93 97
6 39 41
18 0 0
25 80 80
6 33 34
16 68 74
32 76 79
4 33 36
13 38 40
17 21 27
16 45 48
31 2 5
9 7 10
9 19 21
9 58 59
1 33 33
4 19 22
1 13 14
19 57 59
19 63 66
32 32 34
6 48 52
1 41 47
18 76 80
45 67 71
1 68 72
6 13 19
4 0 4
12 14 18
3 23 29
38 97 98
1 29 33
6 10 11
16 18 18
5 19 20
23 64 68
6 16 21
14 27 30
31 86 89
10 52 57
23 51 56
37 58 61
18 49 53
5 53 54
7 61 66
10 11 14
1 23 27
2 4 7
8 12 14
8 95 98
9 11 15
6 91 94
17 29 29
13 51 56
8 60 65
16 16 19
6 4 4
5 47 47
5 36 39
17 35 39
8 57 59
15 41 45
11 90 91
8 93 96
7 50 53
5 87 89
27 5 11
22 78 81
31 39 43
10 52 57
13 25 30
25 23 25
9 69 69
5 23 24
7 83 86
9 84 85
2 22 24
8 46 51
38 40 41
28 33 36
4 55 57
18 97 98
41 73 78
3 55 59
12 46 48
15 48 49
12 49 50
11 32 36
26 61 62
13 95 97
12 23 25
4 3 5
4 7 9
14 84 89
25 33 36
15 96 97
2 85 89
30 81 81
9 16 18
22 80 86
14 57 62
23 90 94
5 68 72
11 0 2
9 0 3
24 90 91
14 27 30
3 41 44
12 62 62
24 48 53
6 17 19
1 52 55
21 67 69
4 55 59
28 0 2
9 4 6
10 84 89
6 49 52
19 43 46
16 74 78
1 35 37
22 81 84
2 0 1
33 45 47
17 64 65
22 0 2
2 20 25
23 71 75
4 95 95
8 47 50
14 88 90
5 35 37
10 55 59
4 24 30
20 47 52
2 96 98
2 94 98
12 73 75
1 7 8
6 20 23
5 32 33
22 81 85
27 4 8
19 4 7
5 86 91
6 96 96
1 58 61
18 91 94
8 72 76
18 36 39
4 7 11
1 81 82
7 53 56
3 0 4
4 2 5
2 9 14
7 22 26
17 13 17
19 12 12
14 72 76
22 53 55
2 67 68
18 90 94
9 23 26
9 17 20
1 29 30
7 7 9
16 86 92
20 68 74
27 64 66
16 11 12
5 81 84
12 66 67
26 72 75
16 12 13
9 36 40
13 11 15
16 30 31
5 34 38
26 6 8
12 40 43
2 47 50
1 93 94
6 42 44
28 67 71
10 21 25
2 75 76
28 23 25
40 54 58
39 55 57
3 82 84
6 24 26
27 52 55
15 39 45
12 78 80
9 62 63
11 80 84
8 31 34
12 59 62
28 85 89
5 47 51
3 86 89
11 16 21
19 17 18
21 31 32
10 44 44
10 90 95
1 22 24
8 76 80
25 34 38
6 79 79
3 72 75
27 24 26
3 40 43
4 2 4
4 74 76
20 84 87
31 45 51
6 8 11
5 63 67
8 78 82
6 4 7
24 42 47
1 42 45
2 40 42
13 66 71
2 90 93
15 70 73
16 56 58
11 56 60
18 50 55
7 21 25
29 88 89
2 27 29
3 31 35
8 16 19
2 1 3
2 15 19
8 0 3
3 52 55
16 29 33
13 36 39
2 28 34
5 8 12
16 3 6
3 2 6
4 94 98
7 17 20
15 95 97
2 69 74
7 98 98
2 61 64
24 41 43
1 78 84
12 35 39
3 92 97
27 59 63
19 28 32
1 89 94
3 64 67
6 28 32
15 30 33
9 15 16
16 90 94
4 44 49
19 74 80
10 7 13
26 41 44
16 51 53
21 27 29
23 7 13
4 92 95
25 96 98
15 45 47
2 80 81
6 0 2
18 44 46
34 95 97
11 9 10
6 33 34
1 41 43
7 41 42
24 35 39
19 7 12
1 56 57
20 90 90
2 17 17
1 75 78
3 94 98
7 63 64
19 72 75
18 94 96
13 65 68
8 65 66
7 20 23
20 16 17
16 16 20
5 14 18
8 92 97
