600 30 45
10 108 109
5 38 39
3 83 84
9 97 99
16 19 20
3 85 90
3 101 106
2 63 66
6 81 85
9 99 101
1 102 104
14 70 73
2 53 59
2 4 5
11 50 53
19 31 33
16 108 109
6 65 69
14 35 37
2 58 61
7 95 98
5 84 89
1 14 19
3 40 45
6 76 80
1 96 99
5 69 72
4 61 66
24 93 99
4 73 78
22 103 104
8 26 27
5 4 9
1 56 57
13 17 20
7 117 120
3 19 24
21 100 105
13 64 66
6 116 119
6 74 75
5 101 105
6 52 55
9 115 116
10 34 35
7 110 114
11 66 68
16 47 52
3 62 64
11 111 112
8 43 44
12 92 93
3 107 113
15 84 85
3 100 104
8 101 105
2 116 120
5 111 116
9 28 31
8 61 61
7 54 56
1 0 3
9 5 9
2 101 104
6 88 90
5 14 14
2 0 5
8 86 92
18 68 71
12 41 43
4 4 6
3 113 117
4 73 75
4 73 74
8 68 70
1 37 39
3 114 118
20 113 116
1 74 77
1 10 11
18 35 39
7 80 83
4 1 6
8 25 28
18 81 83
8 76 79
13 5 8
1 15 17
12 17 20
3 39 40
2 50 51
3 79 81
18 89 91
10 0 3
1 107 113
16 30 31
9 40 42
16 115 118
13 30 34
9 65 68
5 12 14
10 99 104
17 73 75
10 9 11
1 28 34
2 101 105
1 19 21
18 86 87
14 85 90
12 9 10
4 100 103
1 68 72
2 115 119
7 75 76
3 21 24
13 118 120
9 83 85
16 32 35
11 82 86
12 53 56
1 74 76
3 0 2
11 57 61
10 3 6
22 96 99
1 31 34
6 70 74
13 36 41
16 44 46
12 107 108
12 44 48
12 100 105
33 87 93
7 46 47
8 56 60
10 84 89
18 116 120
5 6 8
10 92 96
5 94 95
1 26 31
10 48 52
9 111 112
14 4 7
13 6 6
5 59 60
5 81 85
12 60 61
4 59 60
7 117 120
1 43 46
6 70 73
10 56 61
6 2 6
6 9 12
1 1 5
2 25 26
7 94 99
6 80 83
6 30 34
17 55 59
12 79 79
13 115 116
4 59 65
1 17 20
7 68 71
14 78 80
11 41 42
6 12 18
26 111 116
10 16 21
7 38 42
13 11 15
2 98 100
4 27 30
6 14 15
4 35 38
9 40 46
3 17 21
12 13 16
3 82 85
5 28 33
4 54 56
8 39 40
8 79 82
9 52 55
2 37 39
5 36 39
7 5 7
16 42 46
3 66 70
3 46 49
1 55 58
10 41 42
3 96 97
9 99 103
10 50 55
15 62 66
10 0 1
3 11 14
3 112 112
6 97 98
6 23 27
13 46 50
3 86 91
2 0 2
4 98 103
4 87 90
10 70 72
19 117 120
1 72 72
4 50 55
1 33 39
3 88 90
4 65 67
1 35 37
18 106 107
11 73 78
9 9 10
7 43 49
5 105 108
11 30 33
15 79 82
8 90 92
11 12 14
9 90 93
10 32 34
8 7 11
4 94 96
6 105 108
9 30 33
6 59 62
4 65 69
3 19 21
7 98 104
5 62 63
5 91 94
7 28 30
2 18 19
3 15 17
12 19 24
3 52 57
4 43 45
11 109 114
8 96 100
17 3 6
2 39 42
3 18 19
3 92 95
3 69 72
11 111 113
13 71 75
9 110 113
5 94 96
4 95 98
1 41 44
22 100 104
1 59 60
13 80 85
6 110 114
6 72 77
6 96 100
3 23 24
10 90 93
11 33 37
5 58 61
15 111 113
5 91 93
14 48 51
12 23 27
9 55 58
4 70 76
20 52 55
2 62 63
2 38 40
7 53 56
4 92 92
10 39 41
6 65 71
4 19 22
1 88 93
16 94 96
3 112 115
4 33 36
8 50 52
5 80 81
16 93 96
6 94 95
4 105 108
13 14 15
1 44 49
6 48 49
8 83 87
4 58 60
8 32 36
14 97 98
4 5 9
17 75 80
4 8 10
7 50 53
8 33 36
6 61 62
3 13 16
4 37 40
13 64 66
3 53 57
2 23 26
8 60 65
4 12 14
1 10 15
3 78 79
10 95 98
12 47 53
6 45 49
1 104 109
8 44 47
3 83 84
11 27 27
11 40 44
15 107 110
3 120 120
2 90 91
6 23 25
21 76 76
8 1 2
4 85 88
6 32 36
11 114 119
4 61 61
5 86 88
9 10 11
10 45 47
8 52 53
6 11 12
8 57 57
4 68 73
1 69 70
1 103 107
10 85 87
5 11 13
2 20 22
22 96 97
5 65 67
4 79 80
5 117 120
6 18 23
6 51 55
15 101 105
9 119 120
5 20 22
2 75 80
3 90 94
18 106 107
14 56 59
3 16 18
16 24 27
5 24 30
5 37 40
13 115 119
5 18 21
7 45 47
7 30 33
7 83 84
7 98 99
7 33 38
19 71 73
5 113 114
6 17 21
7 53 55
2 69 72
9 103 104
8 9 13
9 2 2
10 79 79
5 64 66
8 3 7
8 45 49
8 32 37
1 13 15
17 79 81
4 116 116
2 110 114
21 119 120
5 2 8
4 106 109
4 23 27
4 80 84
9 22 27
7 39 41
7 53 54
1 98 100
9 115 118
2 108 112
3 68 69
13 115 117
2 28 31
3 66 67
11 43 46
8 56 61
1 64 65
7 72 75
1 108 109
12 65 65
10 11 15
11 23 24
5 80 86
3 102 105
2 87 92
2 74 76
15 80 82
7 55 59
15 107 113
7 16 20
1 91 95
5 77 82
25 69 69
1 28 32
7 51 55
4 29 32
5 23 23
29 99 100
1 17 19
4 50 54
13 92 93
3 24 25
7 13 18
12 22 24
16 79 82
9 40 42
7 71 74
9 111 113
5 6 9
4 29 29
11 35 35
12 36 38
6 7 13
19 93 94
9 111 115
7 85 86
4 36 40
13 101 104
2 107 110
7 93 96
5 83 87
2 36 40
5 47 50
13 84 85
11 91 93
11 0 0
4 10 15
1 29 33
12 85 91
11 0 4
3 9 13
6 0 2
6 90 93
2 96 100
6 5 7
4 6 6
14 75 81
11 39 40
3 1 1
18 69 73
2 22 26
9 39 45
10 114 118
5 41 47
7 30 32
4 56 59
1 39 42
2 52 55
18 106 108
2 59 62
2 89 90
1 49 49
27 102 106
1 83 83
19 59 63
2 6 7
1 24 30
6 106 111
10 58 63
5 69 70
12 107 109
4 87 90
11 65 70
5 26 28
5 103 106
6 115 116
3 48 54
7 13 17
1 42 47
17 20 24
3 28 29
17 53 55
15 108 111
4 27 32
5 86 88
4 109 114
4 24 26
2 80 84
2 7 12
3 5 7
25 71 74
21 111 115
6 27 27
3 11 13
1 15 16
6 68 70
1 80 80
9 116 120
15 28 31
10 15 17
1 30 32
6 106 109
12 80 83
1 97 101
11 86 87
15 16 18
10 108 113
6 47 48
7 115 120
1 75 77
8 106 109
13 14 18
2 47 52
2 31 33
9 86 88
12 20 25
1 90 92
1 72 74
5 17 20
14 67 70
5 45 46
6 113 114
3 73 74
8 100 103
8 10 12
2 18 20
10 24 27
1 44 46
5 79 83
8 106 108
13 104 108
1 52 56
7 48 51
24 86 92
10 23 24
16 64 64
1 8 11
16 26 31
16 1 4
11 95 101
3 96 100
12 11 12
12 42 45
1 119 119
8 28 30
4 51 52
8 62 64
5 49 53
4 47 48
4 8 12
15 18 19
5 61 65
13 57 60
3 54 58
10 114 117
2 64 65
5 3 5
2 22 23
6 58 61
5 63 68
1 20 24
5 80 82
4 67 70
17 59 62
1 117 118
7 74 80
2 105 109
12 3 8
3 40 43
1 42 47
11 60 66
3 7 12
1 70 75
10 48 52
3 41 44
2 6 7
3 24 28
1 75 77
1 104 105
2 94 98
4 114 115
11 36 36
10 68 71
3 47 50
1 31 32
5 77 77
1 32 34
