600 50 80
14 44 47
1 13 15
35 102 104
20 18 22
5 64 67
6 58 62
9 0 3
10 9 12
18 71 75
26 97 100
6 75 80
11 69 73
34 65 65
30 4 4
5 91 97
24 55 55
11 18 24
1 54 57
2 19 20
10 34 39
2 21 22
25 40 44
6 11 14
5 98 102
17 4 8
3 68 73
1 79 83
4 87 91
9 29 30
24 92 98
3 55 56
22 83 86
13 98 98
13 36 36
11 13 14
26 0 1
21 57 60
21 75 80
17 96 99
4 79 84
7 42 45
23 48 50
13 69 71
15 33 36
11 23 28
24 0 2
16 85 86
23 32 32
14 90 90
34 34 36
24 16 18
6 13 16
48 78 83
18 94 97
10 52 56
14 81 86
23 30 34
14 27 31
21 57 60
11 0 1
21 103 107
12 1 2
7 93 96
16 81 87
1 7 12
10 85 87
13 67 69
36 66 68
4 94 97
22 44 47
3 66 67
5 1 3
6 71 75
19 39 45
30 24 28
18 82 84
13 80 82
5 48 50
20 107 108
7 38 42
18 13 18
23 39 42
14 55 61
3 78 79
38 75 79
3 2 4
28 59 61
14 61 62
6 81 85
36 54 56
11 64 68
14 39 40
3 25 27
6 3 5
3 30 32
30 61 64
34 77 79
11 2 4
24 48 51
1 70 71
7 95 99
31 95 100
17 105 108
19 71 77
2 26 27
13 94 95
7 11 14
7 92 92
5 92 94
13 31 33
2 104 108
2 4 7
1 86 90
2 74 78
17 99 103
8 77 80
12 23 28
10 80 86
7 66 68
30 67 72
2 9 11
29 67 69
1 97 102
13 83 87
3 90 94
4 33 36
2 5 9
7 52 54
8 49 53
3 30 31
1 64 66
5 7 10
3 25 30
9 47 49
6 0 3
26 60 62
7 50 51
15 9 10
9 66 67
2 22 26
7 30 36
26 99 102
28 7 9
6 16 19
1 66 71
3 74 77
1 62 65
7 108 110
12 39 43
12 43 44
8 90 93
6 65 70
19 20 23
2 34 38
5 1 1
46 31 33
5 41 41
1 46 51
7 58 62
2 61 65
1 40 44
11 24 24
8 11 11
15 86 91
30 33 37
6 27 30
1 87 90
9 28 31
38 104 106
13 90 94
11 19 24
17 55 58
11 34 40
24 64 67
9 69 73
1 72 78
11 48 51
5 74 77
20 96 99
32 91 97
8 78 81
2 56 60
20 10 14
15 45 48
25 67 67
12 78 81
43 97 99
34 11 14
8 79 79
28 32 34
3 68 72
14 54 55
26 92 93
16 79 83
14 89 94
35 87 90
1 93 95
9 85 87
7 78 81
20 100 103
11 104 107
19 26 28
44 46 52
18 99 103
3 50 54
5 81 83
19 12 13
4 47 49
42 50 54
14 51 53
15 83 86
6 28 33
32 92 93
11 78 83
3 24 27
7 36 40
3 62 65
6 14 16
16 58 61
19 49 50
25 1 3
10 25 26
15 95 95
13 16 20
5 41 44
18 43 46
3 11 16
3 55 55
7 105 107
12 73 78
22 56 58
7 12 15
39 100 103
22 89 89
17 21 24
5 67 71
8 37 40
19 57 58
1 100 104
5 28 30
8 61 63
21 19 25
3 56 58
1 103 107
14 10 12
2 3 5
7 82 86
14 44 45
6 71 74
8 74 75
6 0 1
9 61 61
3 71 72
3 97 98
9 39 43
2 70 74
7 58 59
3 74 76
11 100 104
12 37 41
5 84 88
16 47 48
11 55 56
18 93 93
13 38 42
25 37 40
2 3 6
25 27 32
2 98 99
7 78 81
22 105 108
21 57 58
20 71 71
6 40 43
4 71 71
2 73 74
15 29 31
4 60 65
17 107 108
3 63 63
9 89 93
15 74 79
23 29 29
29 17 19
30 106 109
14 79 81
18 56 59
15 103 106
6 83 84
7 109 110
2 53 55
1 100 100
15 68 73
26 27 30
2 66 69
8 0 3
7 97 99
3 38 41
1 43 47
1 31 33
5 71 73
38 106 110
30 99 103
4 99 102
10 99 101
5 21 26
4 83 88
17 11 13
21 108 110
8 86 89
22 66 69
9 73 75
5 69 74
1 57 60
2 15 16
11 25 29
13 12 15
18 106 109
13 18 21
20 23 28
1 83 86
1 18 20
24 66 71
2 107 110
2 78 80
3 0 2
1 30 34
40 69 72
15 46 46
1 3 7
14 92 96
1 92 95
29 90 95
16 42 44
7 43 47
2 78 81
11 9 13
12 67 71
5 6 11
9 78 78
3 52 53
30 36 41
1 16 19
31 85 87
14 48 51
7 59 65
7 80 85
20 42 47
3 11 15
1 1 4
10 95 100
23 85 90
17 21 23
7 28 29
13 89 89
10 78 83
5 7 13
5 104 108
5 42 43
34 88 88
16 95 98
15 93 99
23 68 69
7 44 49
1 61 63
7 48 51
6 83 89
2 33 37
28 60 65
7 107 109
2 91 94
14 100 102
3 53 58
12 96 98
7 44 48
7 84 88
16 7 9
4 100 100
13 23 29
2 5 8
17 29 34
5 37 41
1 90 94
2 0 4
14 7 9
16 2 6
5 83 83
5 108 110
1 79 81
1 42 43
1 24 27
30 61 64
12 107 110
2 2 7
17 44 44
6 65 71
12 4 6
8 76 80
33 107 110
1 30 33
30 53 53
15 89 93
3 109 110
7 8 11
7 6 11
3 107 109
14 72 75
37 80 80
3 57 60
19 91 96
4 5 11
5 39 44
5 100 105
11 9 9
5 67 69
14 22 26
31 18 23
7 9 12
17 22 24
32 90 92
34 99 104
23 82 84
15 105 109
7 0 1
2 99 101
35 56 59
26 96 100
2 87 89
12 79 82
6 17 20
13 14 17
23 3 5
17 54 56
16 13 16
3 20 25
16 107 110
13 101 104
14 46 50
2 12 14
41 106 109
2 97 101
5 51 52
3 37 41
12 106 110
14 83 88
6 22 25
17 86 91
3 58 60
17 59 61
23 21 26
3 105 108
12 60 65
35 70 72
21 77 79
7 16 21
2 64 69
17 89 90
11 51 57
8 91 92
3 86 88
6 40 43
35 102 107
10 80 81
37 81 86
2 39 42
19 73 74
13 36 38
11 16 19
4 52 55
25 75 79
3 30 35
7 27 31
2 99 104
3 56 60
8 38 41
5 87 88
5 99 105
26 7 11
2 105 107
12 14 19
13 84 88
9 76 79
5 21 27
30 61 67
4 64 66
1 15 17
11 30 33
20 6 10
29 38 39
2 44 47
2 63 66
7 16 18
14 50 54
22 33 35
5 32 35
19 4 5
3 32 32
10 43 44
5 107 108
14 48 50
7 16 18
22 38 38
1 52 52
26 46 46
2 95 99
11 80 85
4 48 52
3 91 92
9 17 18
2 107 110
15 19 22
29 75 77
14 101 104
4 20 22
1 104 106
1 2 5
8 11 17
3 65 69
9 88 91
5 17 22
3 79 83
32 48 53
6 84 86
3 33 36
13 81 85
4 27 29
1 61 64
8 101 106
29 96 101
1 107 110
6 57 62
16 89 91
5 70 70
6 64 64
7 72 74
29 16 16
3 34 36
13 107 109
5 73 77
9 87 90
11 73 78
7 100 105
15 33 35
4 48 51
36 39 41
30 42 43
10 5 8
11 0 3
9 15 18
7 24 27
5 102 106
6 71 75
20 75 75
5 96 99
11 74 76
3 34 39
1 55 58
16 63 68
3 102 106
16 32 35
1 20 24
16 78 79
9 20 23
16 87 90
6 97 97
2 38 40
30 58 62
13 87 92
6 16 18
20 56 60
18 3 8
11 90 95
11 21 24
4 93 95
33 62 64
2 97 101
14 95 96
16 72 75
6 33 36
9 22 27
6 18 23
2 101 102
19 67 69
34 25 27
3 37 42
18 74 76
7 48 51
12 53 57
3 49 51
1 103 106
16 14 15
22 109 110
20 45 48
22 8 11
12 86 91
18 0 1
9 99 102
4 5 8
3 7 9
9 9 12
