600 40 60
18 130 133
14 0 3
43 80 81
12 53 57
1 66 69
3 0 4
5 132 134
6 23 23
2 62 65
19 84 86
10 27 30
9 11 13
19 82 82
4 69 72
11 26 29
3 110 112
10 2 4
14 9 11
3 139 141
16 81 83
1 83 84
24 51 54
14 15 16
8 95 98
7 61 64
31 69 71
4 133 133
6 10 10
8 121 121
9 95 97
10 93 93
7 42 45
37 71 74
12 94 99
15 123 125
17 76 79
5 120 126
1 75 79
24 72 74
3 117 118
7 7 9
6 140 141
14 103 108
13 86 87
16 68 72
10 98 101
4 141 143
12 9 15
29 92 95
1 49 52
12 140 143
3 22 25
17 116 122
7 7 10
13 51 52
5 52 56
23 92 95
7 134 135
18 129 131
3 135 136
1 122 126
8 0 3
5 81 85
21 82 83
13 10 10
17 97 100
6 59 64
2 143 143
2 47 50
3 41 41
9 104 108
2 75 77
3 85 87
29 105 108
2 34 37
5 14 18
8 96 97
2 37 38
8 34 37
7 132 138
11 43 45
21 106 109
6 128 131
21 104 105
3 64 69
19 52 55
1 71 71
15 118 121
22 61 62
18 130 130
17 114 120
7 15 15
16 1 4
20 84 86
1 127 128
9 115 118
19 5 8
17 60 61
2 0 5
12 140 143
2 89 90
4 34 37
15 141 143
19 114 118
33 101 103
1 135 138
12 30 31
5 11 14
28 111 116
7 45 49
17 26 31
4 32 33
6 4 5
21 126 126
16 63 68
6 4 9
8 140 141
6 78 79
7 34 38
14 30 33
21 120 126
8 113 118
8 124 125
21 60 63
17 2 4
6 119 124
17 3 6
4 136 138
7 71 76
2 109 113
4 5 9
4 131 132
27 90 92
13 103 105
16 31 33
3 21 25
4 122 124
10 118 123
12 92 93
12 136 141
20 113 119
4 5 6
6 14 19
4 106 108
22 99 105
7 70 74
13 30 33
3 46 49
8 118 121
4 38 41
16 75 77
8 125 125
1 129 131
5 127 130
20 82 86
25 104 110
4 114 118
6 66 67
21 119 125
16 93 94
12 60 64
7 59 61
11 38 41
1 131 134
8 51 54
22 135 141
4 8 14
11 87 90
31 71 74
8 91 92
20 52 58
11 30 34
23 57 62
8 97 101
26 65 70
1 60 64
7 110 116
21 25 27
17 80 83
16 13 17
16 63 66
11 81 85
8 102 106
3 124 129
7 100 102
13 26 28
4 112 117
4 30 32
7 46 48
2 95 97
2 38 41
31 34 39
7 68 74
3 119 124
8 17 21
30 97 98
2 40 45
16 67 69
2 102 107
24 77 80
33 77 79
4 127 131
28 109 113
10 90 95
26 7 9
36 63 66
8 129 134
5 43 46
22 102 106
15 64 70
15 52 56
1 78 83
7 122 128
36 93 96
1 107 110
6 45 46
2 7 10
15 142 142
1 28 32
1 102 106
5 35 38
21 22 24
10 100 103
1 97 101
12 55 57
26 30 35
16 30 32
3 36 41
15 47 53
10 50 53
24 66 71
6 43 45
17 112 112
7 105 109
14 60 62
25 82 87
16 25 31
20 51 54
13 27 31
5 22 23
28 127 132
3 85 90
14 18 20
27 134 137
16 120 124
8 10 10
9 40 42
3 23 27
8 75 77
16 111 116
9 137 139
17 71 75
11 124 129
29 89 89
16 121 125
1 30 35
12 53 58
5 74 76
31 46 50
15 57 57
11 129 131
8 21 24
2 101 105
20 50 50
2 19 22
37 65 67
28 91 97
3 84 87
18 130 131
2 134 134
4 94 99
1 42 45
17 17 20
22 116 120
3 44 48
9 139 140
12 120 123
13 53 57
11 100 100
2 24 25
23 33 37
4 60 65
13 57 59
1 123 127
24 25 27
8 18 19
13 21 27
26 83 85
14 71 76
26 1 3
6 101 103
3 124 127
11 135 138
16 119 121
28 37 41
10 124 127
5 75 81
10 136 138
6 29 33
19 14 17
8 78 81
8 106 112
3 25 30
5 112 115
10 140 143
27 125 125
7 6 9
20 101 104
5 137 137
9 54 59
6 45 47
5 84 85
30 132 132
3 15 21
23 97 103
32 5 8
14 84 89
4 109 109
28 21 26
14 125 126
5 35 39
9 57 59
3 52 55
7 68 72
15 42 46
35 17 20
12 98 101
7 131 133
1 58 62
9 37 39
8 65 67
18 17 20
4 66 66
16 121 125
1 5 10
1 130 136
8 21 24
19 98 99
1 17 22
11 113 116
16 47 49
15 141 143
34 76 78
7 108 113
8 18 23
14 11 15
8 41 44
15 83 83
1 93 95
7 95 95
16 43 46
25 112 112
1 93 95
4 13 13
34 125 128
6 137 140
2 59 63
12 51 56
10 113 117
15 5 8
5 76 81
8 2 5
10 138 142
7 90 94
18 115 116
2 90 92
16 128 132
25 74 76
10 135 139
4 14 18
24 106 111
33 131 136
13 111 113
7 34 38
5 65 65
6 52 55
13 117 120
11 12 15
33 89 92
8 38 41
6 138 141
1 64 67
21 142 143
12 99 103
21 40 41
27 121 124
3 34 38
1 8 11
1 82 83
18 107 113
1 87 92
29 19 22
6 96 98
2 0 6
18 126 128
19 77 78
15 56 59
8 113 114
15 13 17
11 43 46
14 32 36
16 0 2
24 85 87
5 5 8
5 133 138
34 44 45
11 23 27
4 28 31
12 49 50
2 71 76
10 128 131
8 48 50
7 35 39
22 106 107
23 58 58
16 89 92
2 75 78
1 34 37
1 14 18
3 79 80
36 124 127
34 141 142
14 46 49
17 49 53
7 24 27
11 13 15
2 30 35
3 97 100
3 64 68
12 68 70
14 33 39
10 75 80
14 32 32
5 15 16
10 53 57
4 131 137
34 137 140
8 86 88
11 13 16
1 108 109
15 53 59
7 6 10
23 77 80
26 64 68
20 37 41
15 134 136
2 101 101
26 130 132
7 89 92
1 122 125
4 44 50
8 88 90
12 132 138
28 103 107
9 0 0
26 137 142
1 124 129
21 124 124
5 78 80
10 118 118
10 50 51
12 41 43
5 45 49
20 28 30
9 54 57
11 113 118
13 116 121
6 18 19
10 52 55
8 137 139
7 127 131
16 83 83
1 127 130
18 0 2
14 72 72
11 49 53
5 74 79
9 10 14
27 135 137
14 11 15
11 119 120
4 142 143
11 75 77
4 20 24
34 86 89
35 131 135
23 43 46
13 54 57
15 12 16
11 46 51
8 138 139
35 97 99
23 33 37
1 18 22
11 129 134
15 85 87
15 18 23
1 131 133
29 116 117
1 62 62
7 39 43
10 21 23
5 47 49
14 141 143
6 86 87
19 59 61
24 37 39
20 93 95
1 25 28
14 101 105
2 34 37
20 9 11
5 23 27
5 103 109
2 116 119
3 73 73
12 117 123
6 71 75
24 41 41
19 137 139
31 33 34
22 61 65
5 83 86
10 141 143
17 98 100
20 59 62
9 87 88
18 69 70
9 0 0
14 136 136
24 108 112
6 9 12
2 121 124
1 55 58
26 101 106
25 48 48
6 111 113
7 124 127
23 103 108
12 2 5
12 126 129
14 49 53
31 132 136
7 87 88
17 70 73
5 91 91
10 58 60
8 95 98
35 23 26
10 70 72
14 29 32
8 129 131
20 80 84
8 11 12
15 121 122
24 30 31
17 12 17
29 40 44
13 5 7
5 61 64
4 125 127
1 111 112
16 56 58
7 78 82
11 48 51
3 137 140
12 11 15
5 23 26
22 6 12
4 0 3
3 19 22
9 1 2
19 107 110
11 4 6
7 79 82
8 103 106
8 44 48
4 27 29
5 4 8
20 102 106
2 92 95
9 139 140
2 0 2
24 109 111
12 89 92
27 18 21
12 68 74
5 129 134
14 118 122
12 17 20
35 94 99
3 66 72
9 67 68
3 25 28
5 6 12
22 117 121
34 113 114
21 115 116
2 74 79
29 46 46
