600 20 30
6 104 108
5 0 2
6 31 36
3 50 53
9 27 28
7 60 61
1 77 79
4 46 48
3 80 83
1 33 36
1 46 49
3 64 67
6 55 61
2 86 90
13 115 115
5 2 4
1 54 55
7 42 46
5 122 122
6 89 92
1 15 17
3 19 22
2 107 111
13 14 17
7 41 46
6 102 105
5 90 95
2 100 104
9 33 38
3 39 45
6 102 106
2 46 46
1 95 101
5 78 84
5 32 34
8 100 104
7 83 87
5 83 85
1 42 46
7 118 122
3 60 64
4 99 103
4 70 74
5 13 16
12 86 89
2 39 41
11 84 85
2 95 97
8 90 91
2 59 60
6 19 25
3 52 53
1 82 85
5 85 89
1 86 91
8 63 66
3 30 35
10 50 50
6 60 64
5 11 14
4 66 68
1 79 81
7 55 57
13 43 45
13 34 36
5 98 101
2 90 94
2 18 23
7 12 14
3 110 111
5 112 115
3 74 76
10 14 15
6 61 64
10 48 48
6 106 112
1 45 47
6 65 69
4 97 102
5 5 8
4 69 70
2 63 68
8 104 108
1 13 18
13 16 17
1 6 9
2 50 52
10 59 64
1 42 46
4 38 43
10 88 91
9 92 93
2 1 4
5 21 23
1 114 120
3 103 104
14 41 41
10 4 10
3 39 39
4 36 40
2 58 61
13 51 55
3 80 84
2 29 30
14 9 10
4 77 77
1 86 89
9 75 76
6 68 72
6 97 100
1 47 50
1 91 93
5 105 106
4 14 18
1 42 44
4 54 55
2 81 82
4 43 44
5 97 103
3 15 18
7 117 121
3 33 37
3 6 10
4 84 87
4 22 28
10 106 110
2 18 24
2 106 106
3 104 110
9 10 12
9 60 63
12 94 98
6 3 5
2 52 56
11 1 5
5 50 56
1 44 47
2 54 57
6 64 68
5 29 31
1 66 69
1 14 16
13 63 66
1 69 72
2 76 78
6 116 120
1 43 46
4 27 30
6 98 99
1 31 37
3 41 43
9 14 18
13 84 88
9 91 92
7 34 36
3 52 55
3 96 101
3 18 21
1 86 88
11 59 59
5 37 40
3 103 107
1 25 27
4 111 113
6 78 83
16 87 89
10 20 22
4 8 9
9 36 40
1 87 90
3 71 75
2 58 61
4 82 84
6 82 84
2 47 50
4 70 72
3 119 122
4 56 60
7 90 96
5 44 45
1 49 53
2 32 35
6 98 104
1 19 20
6 30 33
6 75 77
10 118 119
5 74 78
2 73 75
1 109 111
4 66 70
2 29 31
3 111 113
3 70 73
6 19 19
3 32 38
7 90 94
3 15 19
2 22 24
3 92 96
3 3 9
5 47 48
7 68 69
7 46 50
4 22 27
8 48 51
8 37 38
15 76 80
5 103 103
2 3 6
8 39 39
12 102 107
4 111 116
5 99 104
7 42 48
2 28 29
2 34 37
2 29 32
4 27 28
8 44 46
9 32 33
3 19 22
5 83 87
10 116 120
11 120 123
2 69 72
4 25 29
2 57 62
9 43 47
15 92 94
2 2 4
6 0 2
6 92 97
2 59 65
1 76 80
4 100 103
3 54 59
10 98 100
1 2 7
10 6 9
12 8 11
2 52 55
2 9 13
9 112 117
6 85 85
4 68 70
1 0 3
4 70 73
6 3 6
8 55 59
3 76 79
2 58 60
14 107 113
11 118 118
8 115 117
12 97 100
5 9 9
3 4 8
6 71 73
3 31 34
10 37 37
6 114 116
1 76 78
12 59 62
5 120 123
4 48 52
2 117 119
12 81 81
4 43 45
3 8 12
4 113 115
10 18 21
2 114 115
4 19 24
7 67 68
1 66 71
5 26 30
8 80 86
3 21 23
4 105 109
11 66 66
3 104 107
4 102 104
5 75 80
3 55 59
8 30 33
6 81 84
5 116 117
3 31 32
1 120 123
5 59 61
6 109 113
8 1 7
1 54 57
5 60 60
3 103 106
2 89 93
6 113 117
10 106 108
11 5 7
3 65 70
6 120 121
2 14 17
1 81 83
4 13 14
9 114 116
1 114 116
1 74 78
2 50 52
2 21 24
2 1 4
4 51 55
1 71 74
3 10 12
7 16 19
6 66 69
5 53 56
5 72 77
5 92 96
1 49 49
11 70 70
2 96 96
5 22 27
4 22 24
3 88 91
3 45 48
3 37 43
4 91 96
4 32 35
2 24 26
2 22 26
4 118 123
5 6 8
7 112 113
5 58 62
1 99 103
5 97 100
1 38 41
2 16 16
6 106 111
6 72 77
5 120 122
6 55 56
4 38 38
5 78 80
8 106 111
11 29 32
1 86 89
8 47 51
7 97 99
2 58 61
1 57 59
3 94 96
10 38 41
4 92 95
14 54 56
6 92 93
3 75 79
8 31 35
2 44 48
5 13 16
1 63 69
5 88 88
2 83 86
13 101 104
4 62 65
7 53 56
1 113 115
9 83 83
9 79 85
7 106 108
11 22 23
1 23 23
7 96 99
1 19 20
8 11 15
7 23 25
3 33 36
7 81 85
6 70 73
8 118 122
12 78 79
4 118 122
1 113 116
10 122 123
6 77 83
1 93 97
10 119 119
1 9 11
2 108 111
4 28 29
4 118 122
6 78 81
3 102 105
10 110 112
3 32 37
9 16 18
4 75 78
6 114 119
5 84 90
9 96 97
8 105 111
3 56 59
6 98 102
5 94 96
7 67 71
3 34 37
8 30 34
1 46 48
1 117 123
2 91 97
1 8 10
3 61 66
5 63 68
5 110 113
1 84 85
4 105 107
8 84 88
2 113 119
4 97 98
2 67 73
8 99 105
4 77 82
3 9 11
2 5 5
5 58 60
2 33 37
13 100 103
5 116 122
16 113 115
6 78 81
1 65 65
8 122 123
2 49 53
18 94 98
4 11 13
3 36 39
2 108 109
3 10 15
7 79 85
5 18 20
5 71 75
1 118 120
8 23 26
2 107 111
6 118 119
1 38 41
2 15 18
1 120 122
2 46 49
2 92 95
3 122 123
5 59 63
3 62 64
7 87 91
2 61 64
11 6 11
3 13 17
2 8 10
3 58 59
2 83 84
6 17 20
4 4 6
6 36 38
4 40 43
8 47 51
6 27 31
1 24 28
2 2 4
11 74 77
1 82 86
1 33 39
2 120 123
16 71 75
11 112 116
2 47 50
13 106 109
3 28 31
6 63 65
8 39 44
6 19 22
9 55 58
11 62 67
4 94 95
5 69 74
3 111 113
7 72 75
2 23 26
3 0 2
11 112 116
5 2 5
4 94 100
6 109 114
10 6 7
3 60 61
3 79 80
6 69 74
15 76 78
4 27 28
4 69 73
13 97 99
9 46 47
2 50 50
4 73 78
3 39 44
1 21 25
4 49 55
7 0 1
2 61 65
6 103 106
1 87 89
2 61 64
2 28 34
7 44 47
3 64 64
9 12 16
10 69 70
7 33 35
3 35 36
5 56 59
9 122 123
1 13 14
6 61 65
6 1 2
5 16 19
6 90 92
7 115 117
6 78 81
1 111 116
7 21 25
2 90 93
7 71 71
4 32 35
5 18 19
5 53 57
2 7 9
7 98 100
1 38 41
3 93 94
2 20 25
9 25 27
1 97 102
3 107 111
12 111 111
13 119 122
2 41 41
6 123 123
7 32 37
3 102 102
2 89 93
4 74 77
2 7 9
8 70 74
15 87 90
2 30 30
3 87 91
10 55 61
4 51 54
18 85 90
5 39 43
5 27 27
7 65 68
13 101 103
10 45 48
4 28 32
6 66 67
9 94 98
3 107 112
10 0 0
5 77 81
3 38 42
5 36 39
1 94 100
2 86 89
5 7 11
1 38 40
2 44 46
8 51 53
5 27 28
4 27 27
7 108 113
11 57 59
1 31 32
1 105 108
9 85 89
7 68 68
11 47 49
3 25 30
9 3 5
12 117 122
8 50 53
10 55 56
8 109 112
2 100 102
9 23 28
11 107 112
12 68 74
2 71 74
2 21 27
3 1 6
