800 50 80
2 37 39
8 29 31
35 161 162
23 110 113
11 134 137
18 0 2
23 28 30
14 161 166
22 15 16
22 62 65
34 125 128
24 62 64
9 52 55
12 49 54
39 135 137
10 148 151
14 87 88
17 117 122
11 107 109
11 140 142
15 25 28
24 158 159
2 83 86
13 108 114
3 39 43
16 15 18
25 49 52
12 17 21
28 127 130
26 11 13
2 101 104
3 92 95
11 97 100
12 135 136
11 159 162
16 144 146
2 46 50
5 16 20
16 52 54
2 45 48
27 104 106
27 31 35
7 61 65
3 86 89
19 100 104
21 47 51
1 145 147
1 13 16
11 107 109
4 132 133
4 149 152
14 154 155
14 44 48
12 29 34
2 68 71
12 23 27
26 116 120
3 23 27
14 96 98
13 51 55
2 44 44
23 12 16
3 124 124
2 70 71
12 33 33
20 86 90
14 119 122
12 87 93
19 126 129
3 154 158
6 31 34
14 154 157
6 41 41
2 40 43
12 99 103
2 158 162
9 36 40
4 0 0
12 58 60
6 47 49
28 29 31
28 141 141
32 102 106
2 59 61
10 130 132
29 160 162
14 95 98
3 34 38
9 116 119
5 135 138
28 24 27
15 107 112
3 49 51
2 110 113
1 105 108
24 124 126
6 146 147
5 127 131
22 86 88
26 140 143
6 9 13
2 8 10
10 2 5
36 12 16
22 48 50
14 35 37
16 72 74
19 137 140
20 41 46
24 5 7
5 37 41
28 159 162
6 62 68
15 98 102
5 100 103
6 59 64
15 20 25
24 50 54
3 127 128
13 108 109
5 86 89
27 29 34
11 31 37
7 28 31
29 76 77
1 158 158
5 66 68
14 90 91
8 142 143
22 36 39
10 159 161
15 28 34
30 115 118
18 53 54
11 129 134
8 50 54
15 127 130
1 99 103
25 35 35
15 163 165
5 74 75
15 54 58
16 155 160
37 84 86
1 163 164
14 91 92
9 82 88
17 52 56
1 87 89
8 28 30
10 78 80
13 21 21
10 160 164
16 6 8
5 47 51
29 130 132
9 66 67
10 97 103
4 108 108
26 25 29
24 100 101
34 97 98
28 140 143
8 142 145
29 134 136
27 19 22
18 107 111
25 40 42
2 21 24
18 78 81
9 121 122
5 122 127
17 75 79
34 27 28
8 33 33
13 13 14
9 98 100
24 89 92
9 84 89
6 136 138
9 99 101
2 117 123
11 76 78
30 82 85
10 117 122
30 147 149
5 95 98
9 8 11
17 57 58
9 57 61
2 8 12
28 130 135
1 60 62
48 120 122
13 144 149
27 148 150
4 93 94
11 56 59
11 105 110
34 65 69
8 51 55
34 128 134
13 102 105
3 130 132
18 1 4
3 139 142
40 24 27
12 19 24
12 151 154
5 54 57
28 93 97
7 5 7
30 153 155
10 124 128
4 112 117
5 58 60
11 160 165
7 109 112
13 98 101
8 6 9
30 140 143
6 27 31
13 135 137
10 87 90
35 83 86
11 145 150
3 37 41
24 147 152
24 17 21
7 47 50
16 140 144
15 87 91
6 65 70
18 164 166
13 65 65
26 146 148
1 21 25
36 111 113
20 121 123
2 44 44
4 65 70
1 12 14
2 120 124
1 44 48
6 98 101
11 2 5
13 16 20
2 66 68
33 154 159
12 79 82
8 23 25
33 28 31
11 114 114
18 136 136
8 40 44
7 53 56
10 123 128
22 158 163
2 165 166
19 71 73
18 105 105
9 157 161
6 62 66
40 45 47
10 10 12
9 141 146
2 10 15
13 13 13
18 120 121
14 1 6
23 146 151
25 122 125
4 98 103
16 16 19
34 91 92
5 165 166
12 62 67
15 101 105
5 143 146
9 33 36
13 41 45
11 55 59
9 102 107
2 38 41
2 130 132
3 150 153
38 161 165
2 138 143
31 90 95
3 72 74
6 62 68
5 144 145
8 96 96
1 38 39
1 67 70
13 133 136
8 129 132
10 87 88
32 154 156
11 125 130
5 35 40
37 163 164
23 71 71
4 45 47
19 159 160
28 123 123
45 141 144
9 71 73
12 1 6
2 50 51
7 141 141
11 126 130
39 151 152
13 58 63
8 6 11
6 146 150
27 150 155
3 49 53
39 37 39
20 79 84
25 86 87
1 162 166
6 43 46
1 108 111
8 147 147
5 69 70
31 135 138
1 81 86
1 95 98
4 81 83
7 73 76
16 112 113
8 111 112
1 87 90
6 55 58
5 18 21
24 127 129
12 69 71
18 38 43
5 60 63
7 0 3
3 72 75
9 115 120
9 72 73
14 10 12
3 111 113
11 151 153
5 16 20
20 133 136
13 97 97
10 152 156
14 67 67
11 101 106
1 138 141
3 164 166
5 80 83
8 56 59
2 81 84
34 67 71
11 114 117
2 158 163
2 23 27
26 45 48
5 50 54
5 38 41
41 130 134
20 69 72
7 25 28
17 125 125
7 52 55
5 5 10
9 79 83
8 109 114
16 141 144
19 8 13
1 60 66
13 120 123
7 37 37
26 120 121
11 13 18
12 19 21
10 99 102
10 57 60
18 103 107
33 145 145
8 26 27
11 69 70
3 25 25
6 55 59
34 46 50
22 106 108
43 164 165
5 26 28
28 35 39
8 65 70
2 79 82
17 162 164
15 14 17
11 51 55
15 55 59
21 78 81
17 137 141
21 109 111
4 74 80
1 13 17
12 139 140
3 91 95
22 74 77
3 108 111
24 117 120
21 68 69
22 102 105
6 130 133
10 64 64
10 74 79
4 45 45
12 138 142
15 152 152
20 71 73
20 140 142
12 144 146
15 24 27
9 84 86
9 115 118
25 151 153
36 145 147
1 119 123
36 39 43
13 34 37
1 116 116
21 107 111
5 134 136
7 98 101
18 74 76
22 118 123
25 58 62
4 65 66
6 157 162
3 58 62
34 10 13
8 92 97
15 108 111
10 39 43
17 75 75
21 6 10
30 157 160
40 152 157
2 92 96
15 43 45
16 106 109
16 138 139
14 9 11
7 159 162
16 160 164
11 137 140
10 121 126
4 114 116
1 83 86
2 63 66
12 60 62
4 44 47
13 27 32
11 87 91
19 67 70
8 129 132
29 16 16
11 77 79
13 102 104
26 54 57
18 84 86
21 56 60
20 62 63
15 101 104
30 63 66
5 134 135
13 4 5
23 15 18
8 32 35
7 137 137
5 77 77
12 166 166
13 50 51
11 34 36
6 12 12
31 20 26
12 59 61
8 104 107
11 47 51
8 136 140
7 149 153
4 113 118
8 27 31
39 109 113
34 124 128
19 47 51
12 19 24
6 36 38
1 51 54
5 37 37
16 7 8
39 166 166
11 108 112
5 126 132
3 81 86
30 42 46
6 150 155
1 152 155
13 47 48
26 156 158
7 17 21
6 4 9
24 74 79
19 142 145
14 0 2
4 86 87
5 41 43
12 130 133
9 44 44
13 127 128
8 91 95
14 70 72
20 26 30
15 48 54
4 95 98
8 24 25
9 104 109
1 144 147
8 24 27
6 156 158
14 17 20
15 117 118
2 84 87
5 119 123
6 134 137
19 112 115
13 116 122
10 113 116
17 15 20
4 146 151
23 158 161
17 101 101
2 54 56
7 43 48
18 14 18
7 111 114
14 95 95
23 155 158
18 150 154
34 146 149
15 70 74
9 24 25
25 93 95
16 1 5
21 92 97
7 147 149
10 79 81
17 122 125
22 3 7
19 57 63
15 121 125
3 146 151
7 71 76
31 84 86
54 116 117
26 142 146
14 46 50
8 104 107
2 150 152
27 0 2
36 117 117
31 94 96
23 64 68
9 33 38
23 0 0
20 149 154
1 60 60
20 72 75
3 126 128
17 94 98
16 74 76
19 164 166
19 71 71
8 64 66
22 119 121
28 142 146
2 88 91
20 2 5
18 133 136
16 120 124
1 130 134
8 132 135
4 1 3
10 95 98
14 0 2
16 67 72
12 23 23
2 134 135
3 47 51
15 69 70
37 127 130
10 2 4
5 53 56
2 7 10
21 141 145
8 122 124
34 39 41
5 76 79
2 143 148
41 80 83
5 35 36
9 61 64
22 137 139
17 82 84
15 111 112
2 86 88
27 39 44
14 135 139
2 112 113
25 100 104
25 102 105
20 113 117
9 94 98
17 107 111
5 5 7
6 117 119
11 16 19
27 87 90
43 157 160
14 122 126
16 2 3
1 31 33
6 14 16
15 63 65
10 162 165
5 94 98
38 107 112
9 67 68
23 65 68
29 10 13
4 27 31
31 146 146
2 72 75
12 78 78
17 59 64
8 75 79
12 152 155
2 161 165
39 32 32
3 125 129
10 46 48
2 55 56
4 73 74
1 61 65
10 160 162
15 154 156
12 156 160
4 104 105
3 94 95
6 9 13
7 2 8
7 42 42
20 31 34
9 15 17
17 57 60
37 61 62
23 80 81
13 7 10
16 114 116
2 147 151
8 69 71
10 121 122
4 123 125
15 57 59
8 129 132
4 115 118
3 142 145
11 116 118
21 79 83
29 47 47
2 92 97
16 99 102
12 17 19
26 19 25
14 7 9
3 22 26
12 91 92
2 106 109
14 53 57
2 128 129
19 84 90
20 77 78
22 93 97
29 126 131
19 117 121
9 1 5
9 109 113
9 3 3
6 36 38
23 72 76
26 139 141
4 156 159
5 116 119
9 150 153
3 23 26
4 90 93
28 132 137
31 99 100
14 156 159
2 113 116
6 127 130
12 34 37
31 99 101
13 73 75
21 152 157
10 4 5
14 110 114
26 133 135
13 58 58
26 19 24
9 0 2
14 123 127
16 146 150
2 156 157
24 161 166
33 52 56
17 160 164
5 82 87
9 36 42
2 13 16
4 76 81
11 137 141
4 146 148
21 80 82
1 89 91
6 123 126
2 79 85
36 106 109
4 40 43
2 75 78
19 48 51
1 52 54
12 134 136
18 131 135
2 29 33
10 61 64
4 121 122
1 41 43
3 34 40
8 40 45
14 33 37
16 78 81
8 156 161
3 96 101
15 35 40
5 47 47
4 137 138
16 112 118
13 91 93
4 93 98
5 0 1
19 125 126
12 66 68
15 90 94
6 101 106
17 77 77
3 130 133
12 142 145
33 147 149
1 147 151
3 34 37
10 70 74
11 112 117
36 91 93
10 38 44
9 166 166
14 89 92
9 78 83
32 97 100
24 149 151
15 55 55
5 91 92
8 65 68
16 6 8
11 162 166
7 155 156
13 112 113
1 106 106
26 153 159
14 44 47
14 85 88
4 48 49
15 82 86
17 87 90
16 138 139
10 157 161
12 85 89
4 79 80
4 49 52
6 48 48
16 78 82
