800 20 30
13 85 90
1 118 121
1 118 123
3 63 66
8 93 98
1 42 47
2 16 18
2 6 7
2 112 117
3 72 73
1 57 60
6 73 76
2 97 99
9 42 47
10 120 121
8 116 119
4 121 124
3 4 7
4 15 18
13 39 44
5 31 35
9 87 93
2 88 90
11 98 101
1 122 125
4 60 62
15 97 101
7 73 78
2 125 126
13 72 75
5 36 38
6 94 95
1 105 107
3 15 18
2 12 15
9 31 35
1 73 76
3 81 86
2 67 69
4 99 103
2 88 90
6 99 103
11 50 51
1 98 101
3 9 11
3 128 129
1 104 105
4 32 35
4 10 13
3 119 120
4 63 66
1 2 4
3 44 46
3 3 5
3 22 28
5 83 88
5 67 68
3 105 111
1 122 124
6 45 48
2 41 42
6 125 129
4 117 123
5 46 50
1 2 7
6 35 40
7 33 36
1 123 125
1 29 34
1 68 72
4 68 71
1 0 0
2 71 74
5 101 103
8 95 98
5 86 89
2 118 121
3 104 105
2 27 28
6 16 20
11 52 57
6 89 91
7 13 13
1 21 25
1 73 76
6 13 16
13 118 120
2 16 20
2 123 123
2 122 123
5 93 97
2 117 122
4 125 128
1 114 119
2 57 60
2 113 117
3 124 128
4 129 129
1 18 22
1 128 128
2 57 58
5 116 118
6 110 115
6 48 50
4 8 13
3 55 58
11 99 104
5 0 3
5 42 43
3 53 53
1 27 33
6 44 49
4 21 24
2 73 74
8 24 27
7 115 120
3 57 60
1 14 20
2 51 54
3 52 53
1 0 2
13 79 80
6 79 82
5 118 121
1 41 44
2 26 28
2 65 68
1 16 17
1 24 30
4 96 97
10 63 63
5 0 1
6 97 100
7 68 71
1 85 87
6 77 82
2 40 43
9 9 11
1 38 43
1 40 45
4 127 129
1 47 49
3 10 16
3 76 81
2 0 1
2 52 53
2 70 71
3 35 36
1 114 120
4 34 39
1 46 49
1 99 102
3 67 70
3 14 17
1 55 57
2 86 89
11 61 64
4 90 92
2 114 116
3 76 78
4 75 80
3 94 98
1 66 70
9 71 74
2 44 47
4 96 100
4 0 2
5 54 56
6 86 87
1 103 107
1 69 70
5 63 64
1 112 113
11 110 110
8 34 34
1 56 59
7 80 82
7 111 114
2 117 119
2 86 89
3 109 112
9 39 40
1 111 112
3 100 103
5 66 69
4 13 15
3 0 5
4 2 3
1 84 86
4 78 80
2 127 129
4 57 57
6 52 55
2 113 116
8 62 63
7 128 129
8 103 107
1 13 17
7 68 71
10 115 116
10 106 109
5 120 122
2 29 34
1 92 92
4 12 17
1 50 53
7 68 71
6 83 86
6 125 129
4 1 2
6 65 68
5 127 129
3 129 129
5 117 123
2 125 129
5 72 75
3 51 53
5 110 110
9 124 127
5 87 90
3 57 60
5 27 28
4 47 51
4 3 5
7 86 87
7 6 8
1 112 114
4 58 63
11 107 108
3 59 61
1 50 54
6 18 22
14 121 127
1 56 59
1 95 100
2 53 56
1 46 48
13 77 80
2 16 18
5 84 86
7 99 103
2 93 98
4 8 13
8 108 110
1 42 48
13 10 14
7 31 33
9 75 77
1 95 100
5 80 84
6 20 23
5 8 11
1 117 122
2 83 85
7 101 101
1 5 9
2 61 64
4 35 37
4 30 34
1 113 114
7 129 129
3 52 56
1 85 89
2 46 50
2 18 21
2 25 29
1 90 93
1 107 110
3 108 110
3 11 17
8 111 114
8 4 7
5 0 3
5 27 28
3 99 100
7 118 119
9 56 59
2 29 34
4 84 87
17 106 111
2 121 121
6 45 48
2 19 22
1 41 41
9 119 123
4 112 113
2 48 49
2 57 60
1 77 81
6 93 97
1 21 25
3 104 109
6 32 38
6 0 4
3 115 117
7 83 88
1 107 113
1 47 53
2 54 54
2 23 27
2 103 103
3 54 58
8 56 57
5 44 50
1 110 113
2 102 106
4 27 30
1 34 38
1 92 96
5 90 95
2 74 75
3 13 17
3 34 38
2 91 95
10 63 65
1 47 50
1 41 44
4 90 91
3 23 27
3 39 41
5 85 85
4 79 82
3 126 128
7 16 21
1 103 108
11 105 106
2 73 78
1 41 45
2 51 57
3 120 125
1 120 122
2 30 34
4 3 8
4 109 110
3 99 102
2 72 73
1 46 46
2 88 90
6 99 100
5 78 83
1 30 35
4 36 40
4 40 41
7 26 30
7 19 22
1 4 6
3 89 91
7 87 92
8 7 8
7 124 127
1 92 96
3 77 79
8 46 51
4 20 25
4 85 87
4 31 35
1 52 54
7 54 57
3 52 57
8 29 33
3 11 13
10 55 57
1 104 109
1 13 13
3 83 84
2 58 61
1 122 125
5 92 96
6 78 82
6 30 32
7 98 100
6 110 113
7 72 75
5 102 104
2 38 40
6 111 113
4 0 1
3 109 112
2 18 23
6 110 111
13 76 78
6 14 17
8 41 43
6 65 67
3 20 23
9 115 120
6 116 120
1 5 10
1 28 34
5 24 28
1 108 112
1 112 112
2 4 7
1 29 32
1 7 12
1 37 42
1 23 29
1 123 126
2 82 84
5 0 4
3 62 65
1 7 12
2 48 52
8 86 89
5 69 73
8 92 95
4 81 85
3 28 29
1 113 117
3 118 119
10 107 107
1 30 32
2 87 88
8 55 56
4 26 29
2 126 127
2 60 63
3 41 44
12 19 21
3 100 102
2 21 21
4 6 8
3 39 42
1 67 73
6 4 8
4 123 124
3 6 9
4 46 49
2 41 46
4 40 42
2 37 37
3 18 19
7 33 36
4 72 74
4 24 29
3 96 100
1 86 90
1 13 18
3 102 105
4 126 129
2 63 68
7 59 64
5 79 83
2 115 121
3 34 39
9 123 127
2 97 97
3 46 49
3 10 14
9 92 95
5 19 25
8 49 52
1 36 40
1 9 11
2 66 69
5 100 103
2 21 23
1 63 67
2 48 51
1 0 2
5 5 5
6 51 52
2 62 66
2 106 109
1 34 37
8 99 102
2 11 14
2 87 90
1 52 53
10 57 61
1 62 62
3 4 7
1 31 35
3 41 43
3 26 29
5 91 92
5 68 71
1 32 35
10 23 26
2 76 79
8 83 85
2 80 84
3 61 62
3 123 126
8 103 107
7 44 47
2 116 119
4 77 80
9 80 84
10 101 106
7 91 97
8 113 116
5 100 104
10 50 54
3 7 9
3 127 128
3 13 15
3 1 4
2 38 40
4 122 128
1 103 104
10 119 124
7 79 81
3 104 108
5 100 104
2 22 24
3 123 128
2 68 72
3 56 60
9 84 89
1 86 88
8 36 40
1 97 101
1 106 111
2 23 25
14 58 62
5 60 64
8 121 125
1 71 76
6 114 120
3 91 96
4 54 55
1 56 60
3 122 124
3 34 37
2 50 54
6 52 52
3 61 65
5 33 35
3 90 96
1 12 15
1 123 126
7 103 107
2 115 118
1 100 101
8 14 20
4 39 41
3 62 67
4 89 92
4 2 5
9 41 46
1 48 51
5 59 64
4 32 34
3 74 75
2 63 63
7 109 110
3 12 14
2 56 58
2 71 72
5 20 24
6 43 45
1 113 114
2 77 80
4 18 21
5 127 129
12 66 69
6 39 42
3 27 30
4 110 110
7 23 25
1 77 77
6 28 30
1 3 5
6 57 61
1 93 96
1 109 114
3 36 38
1 123 125
4 36 37
8 94 98
2 27 31
2 118 124
2 105 107
5 0 2
3 124 126
2 92 95
2 105 110
8 67 71
2 18 21
1 92 97
3 30 32
3 91 91
9 50 53
8 45 46
3 85 85
2 24 25
6 30 32
1 111 115
3 23 26
6 2 5
2 123 129
6 103 107
8 6 11
5 86 87
1 22 25
3 3 7
3 117 120
3 21 26
1 59 61
4 11 16
1 42 46
10 127 129
1 108 110
10 93 93
4 84 87
5 93 97
1 66 68
1 9 12
1 40 42
12 56 61
2 10 12
7 121 127
3 43 46
3 0 1
1 53 58
3 81 84
3 17 22
9 80 86
10 86 89
1 64 68
2 12 17
1 18 21
5 27 32
8 91 92
3 23 29
5 110 113
9 87 87
9 117 118
8 29 33
6 44 45
2 57 59
5 36 41
2 93 98
4 47 48
3 75 80
2 118 119
7 123 125
2 32 37
1 46 48
1 11 15
1 58 64
3 20 20
2 107 110
4 27 30
4 70 75
8 41 45
2 123 124
1 99 101
1 119 119
3 73 79
5 69 70
3 19 23
2 113 114
11 84 84
3 78 80
2 0 1
8 58 61
3 46 48
13 94 96
1 80 84
7 28 29
1 65 68
2 113 118
4 6 10
10 104 108
5 103 106
2 28 28
5 73 73
1 2 5
10 75 80
1 79 82
1 11 14
1 57 63
6 73 73
5 95 98
2 98 99
1 6 10
5 79 82
1 22 27
9 71 74
8 9 12
9 67 70
1 47 50
12 44 47
4 110 113
3 108 110
2 67 69
7 126 127
3 9 13
2 123 126
2 8 10
2 64 66
8 29 30
3 72 75
2 66 69
2 116 116
1 43 43
2 35 38
1 93 94
7 119 121
14 64 68
5 1 4
6 112 117
5 40 43
4 101 102
1 1 6
11 105 111
5 120 126
3 14 16
7 17 23
5 85 88
4 40 43
2 76 77
1 0 5
7 16 19
5 74 77
9 48 50
1 36 39
4 78 84
2 10 12
5 14 17
12 121 124
1 6 10
2 18 22
4 36 40
2 98 99
10 4 10
2 9 10
2 31 35
17 95 101
7 20 24
10 52 52
2 26 27
1 57 60
9 71 74
2 105 109
5 117 119
4 129 129
8 37 43
8 13 15
3 74 76
12 71 75
1 99 104
14 92 94
1 73 77
1 18 20
1 70 74
3 37 40
8 23 25
1 117 119
7 55 60
4 65 68
1 8 10
3 123 125
6 115 116
1 112 117
6 77 79
1 24 24
5 116 120
1 79 82
6 114 114
6 30 33
3 9 11
1 78 81
1 4 7
6 62 64
15 112 116
1 72 72
5 126 129
11 113 117
2 59 62
4 35 36
3 70 70
7 64 66
1 27 31
6 64 68
3 93 95
3 49 51
3 91 94
1 58 63
3 79 85
6 125 127
4 112 117
5 81 82
4 15 18
4 44 48
11 109 114
1 63 65
8 89 91
3 29 34
6 81 84
3 88 92
8 110 113
6 100 105
3 0 3
2 13 15
3 15 16
4 3 8
7 64 68
