800 40 60
1 57 61
30 177 182
16 154 160
8 71 76
8 92 97
12 123 128
1 192 194
6 180 186
16 161 165
11 127 130
4 10 15
12 94 97
22 151 154
19 107 107
13 100 103
8 125 126
12 155 159
13 109 112
4 0 3
4 124 127
10 144 147
15 49 49
8 136 141
9 11 11
4 90 94
39 190 195
40 187 190
27 105 106
8 190 193
5 88 93
10 136 140
24 28 31
19 108 110
1 4 7
17 77 78
18 44 45
1 188 194
14 53 54
10 77 80
21 91 94
5 103 109
3 58 61
13 142 143
1 161 162
7 117 117
3 99 101
15 168 172
8 111 114
18 68 73
4 162 164
5 156 161
15 163 166
13 126 126
12 170 172
7 114 116
8 152 158
12 60 65
15 104 109
7 159 161
10 55 57
4 146 151
3 182 185
11 24 27
4 42 45
14 91 93
1 16 18
26 132 133
7 108 113
1 34 36
33 171 174
7 0 5
2 54 57
8 154 157
10 56 59
20 134 137
10 52 56
22 75 79
3 180 182
4 23 26
12 56 59
19 167 169
19 77 77
6 74 78
4 80 83
3 178 180
26 150 153
6 28 30
3 131 134
1 102 103
3 15 21
8 123 127
2 114 118
7 146 148
6 88 93
19 112 118
1 77 80
28 126 128
30 157 161
10 179 183
13 125 126
11 119 122
5 0 3
3 22 22
7 134 135
7 4 7
16 142 143
12 126 128
15 182 183
18 39 45
3 10 15
4 145 148
8 101 101
1 69 73
1 70 71
17 95 100
8 150 152
21 48 49
16 8 10
10 35 37
25 66 70
7 159 162
1 54 55
21 147 150
2 37 42
10 61 61
36 73 78
16 47 48
15 38 41
13 38 40
5 144 150
2 101 106
16 194 198
7 94 96
1 1 5
14 105 108
6 143 149
3 37 40
5 66 68
33 181 183
24 13 18
33 45 45
6 165 168
13 45 48
11 133 137
31 50 52
10 135 137
12 70 74
8 175 177
18 192 193
1 80 85
19 102 107
2 92 93
7 8 11
1 175 176
21 194 198
18 83 88
24 164 166
6 12 14
13 179 182
12 85 89
4 141 147
3 84 88
6 35 38
8 156 158
1 26 29
2 72 78
15 45 49
36 93 93
4 46 49
5 5 11
11 51 53
12 77 81
21 155 157
23 111 116
4 72 77
2 81 83
15 163 164
11 89 89
10 7 9
4 79 83
2 185 188
5 183 184
13 176 178
25 37 39
6 45 45
12 29 31
33 163 166
11 144 146
12 88 90
3 15 16
19 148 149
11 69 75
2 23 24
9 29 34
10 187 187
14 160 163
22 38 42
3 124 124
17 139 143
1 79 80
1 17 20
1 112 115
8 141 142
15 96 101
6 107 110
32 191 192
10 115 116
13 59 62
17 93 95
5 26 27
6 47 51
4 163 165
34 74 79
15 37 42
31 97 101
10 71 74
27 174 177
28 105 110
28 182 185
24 35 39
8 130 130
24 195 197
20 1 2
14 88 91
6 77 78
2 59 63
1 88 90
3 44 46
6 38 43
3 118 121
18 115 118
4 171 173
8 20 23
25 129 132
1 160 166
10 9 10
3 52 52
7 7 13
20 6 12
1 147 150
5 66 69
36 128 131
3 182 188
15 155 156
9 187 192
11 156 161
2 163 166
14 130 134
15 182 186
7 112 117
14 172 173
17 10 12
2 168 169
10 168 171
8 93 94
3 149 153
17 48 48
27 109 111
36 124 125
14 23 25
13 7 11
28 165 165
32 196 197
1 73 77
19 175 175
20 71 74
14 32 38
26 140 142
23 91 92
7 39 43
6 104 105
6 49 51
36 166 170
9 131 134
11 58 61
23 95 100
5 167 171
12 99 102
4 29 33
7 147 151
10 80 81
9 4 9
13 20 23
4 81 85
7 48 49
9 103 105
16 70 72
8 30 36
1 115 115
11 89 92
22 98 102
6 0 1
10 64 67
16 50 53
17 29 33
4 78 81
9 25 29
18 59 62
17 104 105
19 158 159
27 158 163
36 183 188
5 63 66
20 55 61
12 5 10
11 179 183
3 84 87
41 147 153
16 187 189
22 170 172
18 23 28
3 139 139
16 137 142
24 94 95
10 119 122
13 74 75
12 132 133
26 186 191
4 194 198
34 99 105
9 96 96
15 135 139
6 50 53
18 173 175
2 22 27
22 91 95
23 68 69
22 166 171
4 181 184
1 174 176
10 126 129
2 83 89
28 157 162
17 42 46
7 44 44
15 113 118
22 22 25
17 147 149
6 47 50
19 145 150
14 83 85
12 86 90
35 160 165
15 138 138
22 177 180
10 168 172
23 96 100
17 142 147
4 51 55
8 92 95
4 65 69
19 39 42
13 187 191
14 144 148
1 100 102
24 123 128
13 86 90
3 12 13
18 38 41
8 104 108
7 3 5
5 19 22
4 101 102
5 190 194
7 40 45
21 133 138
3 33 37
9 120 121
28 96 100
4 170 171
3 121 124
9 86 88
16 193 198
6 86 91
7 109 111
10 190 193
10 194 195
8 19 24
1 143 146
3 30 33
13 63 67
32 54 59
18 180 181
21 131 136
2 107 108
13 17 19
11 99 102
27 176 178
21 148 151
30 189 193
14 144 145
35 126 129
26 0 2
19 33 38
12 11 14
24 28 29
9 79 83
26 70 74
1 93 96
2 197 198
7 83 86
4 100 101
4 2 6
7 96 99
2 150 153
11 34 34
11 165 168
16 159 163
6 118 121
16 167 173
23 84 89
32 11 15
7 91 92
14 36 38
15 114 115
5 43 48
14 81 84
2 99 101
11 157 158
6 75 78
32 147 151
23 12 15
23 51 55
25 183 186
5 167 169
9 141 144
22 164 168
1 164 167
8 30 36
28 116 122
7 184 187
6 18 21
4 6 9
3 12 12
16 153 159
12 25 29
12 50 51
28 147 150
3 188 193
2 73 74
1 194 196
16 113 118
11 102 102
12 134 136
28 45 47
3 53 58
17 188 190
15 45 47
15 48 53
17 37 40
5 34 36
1 186 189
16 117 120
32 94 96
8 139 140
3 42 45
34 186 192
6 104 107
2 139 142
5 60 65
1 194 198
11 40 45
30 151 154
3 83 84
2 191 194
9 12 15
6 169 174
9 36 38
18 25 29
8 160 163
31 114 118
10 5 9
14 3 6
19 129 133
11 124 127
2 96 99
7 19 22
15 119 122
16 107 109
5 6 8
16 107 111
11 173 179
4 23 27
6 2 4
5 177 180
2 61 64
8 105 111
24 83 85
6 159 160
4 172 174
8 192 195
23 79 82
10 57 59
2 54 60
2 0 0
32 141 146
27 5 5
26 21 27
10 172 176
26 34 34
10 78 82
3 127 129
29 110 113
7 160 165
30 137 141
10 1 5
19 64 66
2 131 133
12 134 134
34 78 80
1 175 177
10 177 178
4 187 191
3 2 7
5 188 194
4 4 9
9 115 118
30 117 120
14 86 87
1 143 146
4 59 63
16 35 36
4 158 162
23 27 31
2 28 30
14 174 176
16 77 81
24 115 118
1 18 24
4 22 26
10 74 79
23 133 136
1 35 37
7 141 147
11 25 28
6 121 125
2 123 126
2 58 61
13 52 55
1 136 141
1 119 119
9 67 71
6 73 75
4 65 69
13 6 8
4 127 128
17 194 198
4 62 66
1 108 109
1 114 116
20 130 132
8 71 74
24 163 167
4 64 70
26 122 128
14 78 81
2 27 30
5 197 198
21 4 7
14 118 119
25 55 55
8 184 189
18 71 76
5 142 145
10 192 193
6 129 132
7 14 16
3 132 135
9 171 173
20 192 196
9 151 154
12 151 153
31 18 19
24 78 80
6 131 134
1 129 133
12 197 198
34 145 149
2 62 65
24 136 142
26 63 66
8 13 16
6 164 169
12 68 71
8 15 18
11 8 10
3 15 17
10 142 148
4 141 142
17 89 93
13 195 198
20 128 133
5 136 137
4 128 129
7 128 131
14 39 43
19 152 157
24 152 155
27 24 28
6 40 43
3 75 76
21 70 72
26 31 34
15 86 86
10 49 54
16 116 120
17 17 18
11 159 165
18 28 29
14 139 141
5 50 56
2 21 22
20 156 156
23 135 139
16 120 124
7 85 89
3 41 43
1 52 54
13 130 135
1 111 115
15 109 110
25 103 104
2 40 46
26 178 183
18 22 22
4 62 66
5 97 100
20 173 176
21 166 170
4 34 37
10 11 14
25 154 156
12 2 5
5 176 179
7 83 85
16 153 155
11 152 154
6 97 98
7 0 1
30 141 145
4 31 32
12 139 140
7 13 17
20 109 111
8 120 121
15 177 183
3 47 47
11 137 138
37 175 175
3 120 122
4 30 33
4 11 12
28 141 141
3 38 40
13 195 198
19 92 94
11 109 114
1 55 58
9 23 25
23 127 130
12 26 29
35 29 32
8 102 105
6 178 182
13 182 186
11 152 154
5 147 153
7 0 2
1 29 32
10 52 55
26 41 46
11 126 130
9 107 108
14 172 175
10 100 105
3 24 30
1 92 98
2 193 196
6 52 57
23 120 123
12 192 196
41 176 180
7 97 103
15 17 23
30 184 187
16 109 114
18 169 172
3 67 69
25 84 85
2 58 62
7 184 188
5 112 115
29 192 194
10 178 180
26 62 64
10 69 73
14 20 22
9 74 75
13 108 111
7 160 163
6 186 189
7 196 198
25 84 88
8 37 39
13 13 15
23 121 125
23 60 65
18 115 117
30 166 168
9 48 52
6 90 92
32 57 57
5 66 69
5 55 60
9 11 14
6 140 143
5 165 169
19 111 114
35 64 69
9 154 158
2 33 35
2 181 187
6 135 137
11 65 67
17 196 198
23 13 16
16 85 87
11 198 198
5 16 21
10 43 46
24 121 125
22 114 114
4 66 67
34 158 163
3 0 0
21 88 91
1 154 154
10 155 160
14 64 64
22 7 10
2 50 53
33 61 61
41 59 62
4 179 183
33 170 175
6 41 44
22 68 71
14 195 198
14 107 110
9 122 127
22 188 192
42 187 188
32 18 22
1 96 98
2 26 26
3 171 176
3 46 46
8 30 34
17 145 145
12 68 68
9 7 11
28 63 69
7 70 70
26 99 104
16 162 166
7 151 155
6 15 18
1 104 107
10 38 44
19 176 178
5 94 100
5 4 7
12 9 14
11 50 54
11 29 33
8 56 60
23 86 88
21 18 20
9 0 3
13 55 59
20 120 125
14 186 188
4 150 152
15 19 24
16 106 108
2 122 124
26 176 182
4 120 120
26 170 172
27 3 5
7 189 191
31 140 141
15 15 18
8 12 15
35 82 85
7 70 71
29 183 187
19 2 4
10 39 43
32 49 51
