800 30 45
5 0 2
2 107 107
8 92 97
1 43 48
3 31 34
8 64 65
7 110 115
7 56 60
5 36 38
2 91 97
2 42 45
5 19 24
3 2 4
7 64 69
2 79 79
4 0 1
4 59 61
8 67 70
1 74 74
5 47 50
9 37 41
12 48 51
8 83 88
3 46 51
1 8 10
1 32 36
1 77 81
6 19 22
3 49 52
1 34 37
1 49 52
1 91 92
5 89 89
6 91 97
4 46 51
3 79 82
12 107 111
14 98 100
3 75 81
5 48 48
3 15 19
14 100 103
4 11 13
7 52 54
8 22 28
5 113 114
7 113 116
1 59 63
2 114 116
3 86 86
2 4 8
6 0 1
3 113 116
11 44 47
9 88 93
13 62 67
1 46 52
4 90 96
5 104 107
6 72 75
6 65 71
6 79 81
4 2 5
1 54 59
6 4 4
19 99 101
3 41 45
21 83 84
7 109 113
6 86 88
1 85 91
1 70 70
4 101 105
5 60 63
6 10 14
6 80 81
1 96 99
2 35 38
2 86 86
1 59 60
10 48 52
12 93 97
6 27 28
3 3 9
4 60 63
2 72 76
7 32 36
6 100 104
4 91 93
10 95 99
11 59 65
6 112 113
1 36 38
1 15 17
1 23 26
14 89 92
1 83 87
6 2 7
3 67 70
1 83 86
14 58 61
6 56 60
15 44 46
2 26 28
8 5 9
1 42 47
1 97 101
4 32 35
2 0 5
5 93 97
10 75 79
3 43 46
7 108 111
8 61 65
11 53 58
4 66 67
5 5 5
1 62 62
7 43 46
6 67 68
11 97 101
2 95 100
3 15 16
12 109 113
2 88 90
3 47 50
14 37 42
4 65 67
7 74 78
7 54 58
1 43 47
2 101 105
7 79 82
2 60 60
6 89 93
6 87 89
9 95 96
2 77 80
12 13 18
4 13 16
3 54 55
8 32 35
4 1 1
8 64 68
18 67 71
15 67 71
12 97 101
1 107 108
4 83 85
7 88 90
19 74 79
3 100 101
1 77 80
1 62 63
1 43 45
6 112 116
3 33 39
11 88 90
4 13 14
3 64 66
1 50 52
8 17 19
6 23 24
8 1 4
12 59 65
15 59 62
12 70 74
6 7 10
2 29 35
1 96 101
7 98 102
1 105 111
7 95 96
4 38 44
2 56 60
5 56 59
1 27 30
1 72 75
5 101 106
1 111 114
14 81 83
7 24 27
2 6 7
4 93 96
1 21 23
5 21 23
8 112 116
7 42 46
3 29 32
9 109 112
2 18 20
8 8 11
2 19 23
5 11 13
7 114 114
8 94 96
6 49 50
8 76 79
6 56 60
3 35 37
4 21 26
6 71 72
3 89 90
4 40 43
9 17 18
4 60 63
4 99 105
5 102 108
4 32 35
3 26 28
2 80 82
1 7 7
4 98 101
1 99 101
3 34 36
7 94 98
4 52 58
4 44 46
4 13 16
3 40 44
5 79 81
4 3 7
3 21 27
6 45 50
2 36 42
1 89 92
7 97 98
4 87 93
11 10 13
1 47 50
3 51 54
1 53 54
6 42 46
6 97 101
7 11 12
10 9 12
5 112 114
16 0 3
1 46 49
6 86 88
4 94 97
6 105 110
12 90 94
7 32 36
4 72 75
8 115 116
10 9 14
4 65 68
4 23 25
16 108 114
8 31 35
10 20 21
2 73 75
1 36 41
5 44 48
7 38 41
2 50 54
4 113 116
5 53 59
8 17 18
5 82 87
5 24 29
6 55 57
1 80 85
9 28 31
3 29 29
10 34 36
9 43 46
11 38 39
5 105 107
7 2 6
2 90 93
10 26 31
1 41 42
2 109 109
6 24 29
11 63 67
2 78 82
15 89 93
7 23 26
7 20 21
8 23 26
8 14 16
5 48 53
7 77 77
12 21 23
13 104 109
3 113 116
4 45 48
2 67 70
12 3 5
18 1 3
1 35 38
1 85 88
10 72 74
3 71 75
7 106 109
5 35 39
2 66 72
3 63 65
3 112 115
12 93 95
1 12 16
7 37 42
1 15 19
3 0 5
3 74 79
1 19 21
3 44 48
9 31 35
1 70 75
3 52 54
20 77 81
3 47 51
1 104 107
10 21 24
2 107 108
2 80 84
2 0 1
1 31 35
6 29 30
16 32 35
3 37 43
1 27 32
9 102 105
4 4 6
2 27 30
5 40 43
1 39 42
5 81 81
7 113 116
4 47 50
7 94 100
12 57 58
3 75 78
2 15 16
4 64 68
5 22 27
8 20 23
13 33 37
3 59 60
3 100 104
6 68 69
1 77 80
6 102 106
3 54 55
2 21 21
7 38 43
13 52 55
4 32 37
2 50 55
5 20 23
2 48 48
12 109 112
3 45 45
1 82 85
2 84 88
2 0 2
2 3 7
9 23 28
5 6 11
2 89 91
1 92 97
7 66 67
3 20 23
2 33 38
3 90 92
1 41 45
9 55 60
13 75 79
4 12 15
10 85 88
5 101 101
12 35 38
5 30 31
11 11 14
9 90 94
1 80 82
1 82 86
2 32 36
13 46 49
9 6 11
6 73 76
12 97 100
5 112 116
2 63 67
1 51 51
2 7 9
3 61 67
8 22 26
2 88 92
2 36 38
2 81 83
1 17 23
9 12 13
3 99 99
5 100 102
4 32 34
4 75 79
4 30 32
11 12 16
4 52 56
15 75 75
3 28 34
7 2 4
5 107 110
4 43 44
3 25 29
8 49 50
3 96 98
22 71 75
8 97 98
1 60 64
3 69 72
4 63 64
6 83 88
5 6 7
2 110 111
3 20 24
19 61 64
4 19 20
16 79 83
2 89 92
1 103 104
2 37 41
5 16 20
12 89 92
4 0 2
1 23 29
18 90 92
9 25 31
2 73 76
10 88 94
4 54 57
1 70 73
7 5 6
2 13 16
2 51 57
4 79 81
6 96 101
1 88 91
2 104 106
3 79 85
7 28 33
1 59 63
6 62 64
4 23 27
1 23 26
14 47 48
8 80 84
7 101 104
6 114 116
4 83 87
6 111 116
2 37 39
1 27 30
1 2 3
2 28 29
4 39 41
1 55 58
6 47 51
6 52 54
7 84 89
6 20 23
10 75 80
4 53 55
5 68 68
11 6 6
2 93 94
5 77 81
8 76 80
8 113 116
6 93 97
1 74 76
12 50 53
4 73 76
1 61 64
10 34 36
11 13 16
2 15 21
9 68 68
6 86 87
4 77 79
4 39 42
1 29 31
3 60 62
2 37 39
1 0 2
1 104 105
17 54 57
5 102 105
2 35 38
2 0 4
7 87 92
1 33 35
10 106 107
6 20 26
1 114 116
4 99 104
2 81 83
16 53 56
5 102 103
17 42 44
3 28 32
13 36 40
10 91 93
5 6 11
2 82 84
6 73 75
3 72 75
2 41 46
8 92 95
8 62 65
1 58 64
3 74 77
2 112 115
6 42 42
3 7 10
2 60 62
9 87 91
3 103 106
5 51 53
1 94 95
4 19 19
4 73 76
7 5 8
6 77 82
1 63 65
4 44 49
2 80 86
4 55 58
4 65 70
9 38 43
21 87 87
3 7 12
13 104 106
4 101 107
2 22 25
7 22 26
2 2 5
11 69 73
3 79 85
1 29 32
6 83 89
1 17 22
19 116 116
1 38 40
1 16 22
7 75 76
2 42 44
1 33 33
8 99 101
3 36 36
6 47 51
4 12 13
5 42 45
2 66 69
7 66 67
1 45 46
5 69 72
8 95 97
2 14 15
13 56 62
11 39 44
11 7 8
1 2 7
6 15 18
2 30 34
6 18 22
1 68 71
2 21 24
3 64 69
6 106 110
11 34 40
4 66 67
5 40 45
4 17 17
13 81 84
11 78 81
16 18 21
1 110 112
1 108 114
1 21 23
3 39 42
2 93 98
6 15 19
3 56 57
6 30 32
7 71 76
10 9 12
12 108 112
9 112 116
2 57 58
5 69 72
2 0 3
9 88 91
6 71 73
2 107 110
10 47 51
2 62 64
3 11 15
7 65 67
6 21 25
1 53 59
1 23 25
8 76 81
3 101 103
7 63 63
3 114 115
9 29 31
2 57 60
5 101 104
2 47 49
5 12 16
6 86 89
7 109 110
1 71 72
11 27 30
8 14 18
14 102 106
8 44 46
13 33 38
4 11 14
4 104 108
3 8 10
6 31 33
5 91 95
14 105 106
2 24 27
4 18 22
3 91 97
8 3 5
4 66 67
1 23 26
7 112 112
4 36 39
13 65 67
14 58 62
3 11 16
4 49 52
3 109 110
4 71 74
4 4 10
5 94 99
1 27 30
1 86 88
20 104 109
16 25 29
2 108 110
1 1 7
17 87 90
5 52 56
1 73 79
2 107 112
5 71 71
8 73 75
1 103 105
6 0 2
11 99 102
8 14 15
5 114 116
7 18 19
10 25 28
1 55 60
1 63 66
7 81 83
4 85 87
13 73 74
11 6 8
7 2 8
1 58 61
1 91 94
2 16 19
9 109 113
1 89 91
11 36 37
7 113 115
4 72 72
3 81 86
9 52 57
5 13 19
3 48 51
11 56 59
5 26 31
2 88 91
12 107 110
3 50 54
3 5 9
4 14 14
4 5 6
4 103 108
15 106 108
2 111 113
10 102 103
1 26 29
2 31 34
2 42 44
5 36 40
14 85 88
1 53 57
4 1 4
9 83 85
3 20 22
20 42 44
4 58 59
2 70 72
2 27 32
10 58 63
9 82 85
5 34 35
1 42 45
2 99 102
4 95 97
3 65 71
3 77 78
5 56 58
3 101 106
2 52 56
1 111 111
20 112 114
2 9 11
23 102 107
3 90 92
8 51 53
2 96 97
7 94 94
4 9 11
7 42 44
3 91 95
9 112 116
11 74 77
23 48 51
6 46 49
1 11 16
14 78 82
1 99 100
6 112 115
12 55 57
2 68 70
3 31 34
15 17 20
4 9 12
19 112 116
4 11 13
6 37 42
7 67 68
4 105 109
2 106 111
6 105 111
3 6 10
11 54 59
3 82 88
2 42 45
5 16 20
1 56 57
5 80 86
3 63 63
3 85 88
2 32 35
8 0 2
2 86 87
14 93 95
4 61 65
3 15 19
9 68 70
5 87 92
4 52 54
14 98 103
9 68 72
2 100 102
1 49 53
2 26 31
6 65 70
2 104 107
2 115 116
9 79 85
3 56 57
10 29 30
2 70 70
7 75 78
9 72 76
7 40 43
11 102 104
5 109 110
5 15 17
1 34 39
4 48 52
8 9 12
2 50 56
9 31 34
4 26 29
11 93 97
4 101 105
2 70 72
2 27 29
7 112 115
3 60 61
1 0 5
5 74 75
1 7 10
