Name: 200-50-80
Time: 7.990376710891724 
Result: 23
Solution:  13 6 25 9 3 25 36 19 22 9 1 19 24 0 15 32 29 10 6 22 7 7 28 10 29 14 35 27 17 28 3 31 35 10 25 10 4 16 4 25 33 18 4 23 7 16 13 8 27 1 14 1 10 10 3 9 2 16 27 3 7 3 28 1 33 35 19 20 12 36 30 9 0 32 30 18 7 28 15 23 16 23 21 10 27 34 36 26 27 15 28 2 15 19 9 24 8 20 16 32 5 35 28 0 32 34 32 32 6 33 29 9 17 8 18 36 33 20 31 5 4 14 26 35 2 29 24 11 20 12 14 3 34 12 31 17 31 30 32 11 12 22 12 20 11 26 9 20 4 1 26 23 24 7 30 21 29 13 33 32 0 6 30 21 25 25 27 0 23 17 34 17 15 29 22 19 17 23 2 33 0 0 14 0 27 22 5 21 20 22 12 12 35 26 18 14 12 5 12 11
0 : [13, 72, 103, 160, 167, 180, 181, 183] (53)
1 : [10, 49, 51, 63, 149] (54)
2 : [56, 91, 124, 178] (54)
3 : [4, 30, 54, 59, 61, 131] (53)
4 : [36, 38, 42, 120, 148] (57)
5 : [100, 119, 186, 197] (58)
6 : [1, 18, 108, 161] (60)
7 : [20, 21, 44, 60, 76, 153] (57)
8 : [47, 96, 113] (58)
9 : [3, 9, 55, 71, 94, 111, 146] (59)
10 : [17, 23, 33, 35, 52, 53, 83] (59)
11 : [127, 139, 144, 199] (60)
12 : [68, 129, 133, 140, 142, 190, 191, 196, 198] (60)
13 : [0, 46, 157] (61)
14 : [25, 50, 121, 130, 182, 195] (60)
15 : [14, 78, 89, 92, 172] (62)
16 : [37, 45, 57, 80, 98] (63)
17 : [28, 112, 135, 169, 171, 176] (62)
18 : [41, 75, 114, 194] (64)
19 : [7, 11, 66, 93, 175] (62)
20 : [67, 97, 117, 128, 143, 147, 188] (69)
21 : [82, 155, 163, 187] (69)
22 : [8, 19, 141, 174, 185, 189] (74)
23 : [43, 79, 81, 151, 168, 177] (73)
24 : [12, 95, 126, 152] (72)
25 : [2, 5, 34, 39, 164, 165] (73)
26 : [87, 122, 145, 150, 193] (73)
27 : [27, 48, 58, 84, 88, 166, 184] (72)
28 : [22, 29, 62, 77, 90, 102] (73)
29 : [16, 24, 110, 125, 156, 173] (76)
30 : [70, 74, 137, 154, 162] (74)
31 : [31, 118, 134, 136] (73)
32 : [15, 73, 99, 104, 106, 107, 138, 159] (74)
33 : [40, 64, 109, 116, 158, 179] (75)
34 : [85, 105, 132, 170] (76)
35 : [26, 32, 65, 101, 123, 192] (75)
36 : [6, 69, 86, 115] (75)
