Name: 200-20-30
Time: 9.00143575668335 
Result: 8
Solution:  5 1 19 26 13 38 27 1 22 2 3 41 11 32 29 13 20 16 16 42 7 32 21 19 4 40 28 25 3 14 28 40 33 6 39 4 38 14 30 21 21 18 17 13 30 30 0 1 0 8 16 30 37 7 41 8 17 33 5 19 10 9 20 12 17 42 7 12 1 24 18 14 31 22 2 6 35 23 25 18 37 7 11 17 3 34 26 15 22 34 30 5 17 9 32 24 34 24 31 23 8 19 35 1 35 22 9 42 31 38 28 32 19 34 27 32 29 19 2 42 36 25 27 26 36 21 35 14 35 0 20 12 14 9 40 2 36 29 19 15 0 28 28 8 13 4 15 16 9 34 27 15 18 41 33 37 24 35 13 35 17 42 10 6 28 14 6 3 3 42 13 36 21 26 34 10 25 23 5 31 38 20 12 39 28 16 39 36 13 33 39 3 20 39 21 7 11 28 36 37
0 : [46, 48, 129, 140] (25)
1 : [1, 7, 47, 68, 103] (24)
2 : [9, 74, 118, 135] (24)
3 : [10, 28, 84, 167, 168, 191] (22)
4 : [24, 35, 145] (24)
5 : [0, 58, 91, 178] (22)
6 : [33, 75, 163, 166] (21)
7 : [20, 53, 66, 81, 195] (21)
8 : [49, 55, 100, 143] (23)
9 : [61, 93, 106, 133, 148] (23)
10 : [60, 162, 175] (22)
11 : [12, 82, 196] (25)
12 : [63, 67, 131, 182] (21)
13 : [4, 15, 43, 144, 158, 170, 188] (23)
14 : [29, 37, 71, 127, 132, 165] (22)
15 : [87, 139, 146, 151] (21)
16 : [17, 18, 50, 147, 185] (22)
17 : [42, 56, 64, 83, 92, 160] (22)
18 : [41, 70, 79, 152] (22)
19 : [2, 23, 59, 101, 112, 117, 138] (23)
20 : [16, 62, 130, 181, 192] (23)
21 : [22, 39, 40, 125, 172, 194] (25)
22 : [8, 73, 88, 105] (21)
23 : [77, 99, 177] (26)
24 : [69, 95, 97, 156] (26)
25 : [27, 78, 121, 176] (26)
26 : [3, 86, 123, 173] (29)
27 : [6, 114, 122, 150] (27)
28 : [26, 30, 110, 141, 142, 164, 184, 197] (28)
29 : [14, 116, 137] (28)
30 : [38, 44, 45, 51, 90] (23)
31 : [72, 98, 108, 179] (29)
32 : [13, 21, 94, 111, 115] (29)
33 : [32, 57, 154, 189] (29)
34 : [85, 89, 96, 113, 149, 174] (29)
35 : [76, 102, 104, 126, 128, 157, 159] (28)
36 : [120, 124, 136, 171, 187, 198] (29)
37 : [52, 80, 155, 199] (28)
38 : [5, 36, 109, 180] (28)
39 : [34, 183, 186, 190, 193] (29)
40 : [25, 31, 134] (28)
41 : [11, 54, 153] (28)
42 : [19, 65, 107, 119, 161, 169] (29)
