Name: 200-40-60
Time: 8.41593313217163 
Result: 10
Solution:  26 32 0 14 8 21 12 20 22 20 29 11 25 17 0 27 3 16 19 4 23 28 15 12 29 23 6 17 28 27 17 8 3 2 26 1 2 13 23 32 31 2 9 19 1 2 16 14 0 25 7 11 14 13 2 20 3 0 3 13 16 9 13 30 23 8 3 9 24 5 25 10 20 23 12 26 16 29 5 20 15 22 8 1 19 3 0 6 19 31 22 2 1 24 2 25 7 15 12 6 5 20 9 3 5 18 0 27 12 14 32 27 14 10 12 24 20 3 13 22 7 21 32 14 23 17 30 4 32 0 23 25 25 8 9 24 21 0 22 25 11 32 29 31 24 29 15 18 31 5 5 5 27 5 32 10 17 26 7 28 4 11 6 6 26 30 24 16 24 11 9 30 30 9 4 25 21 30 11 17 13 1 9 11 18 12 2 31 2 9 1 17 8 14 4 27 15 24 17 26
0 : [2, 14, 48, 57, 86, 106, 129, 137] (44)
1 : [35, 44, 83, 92, 181, 190] (44)
2 : [33, 36, 41, 45, 54, 91, 94, 186, 188] (46)
3 : [16, 32, 56, 58, 66, 85, 103, 117] (45)
4 : [19, 127, 160, 174, 194] (45)
5 : [69, 78, 100, 104, 149, 150, 151, 153] (47)
6 : [26, 87, 99, 162, 163] (45)
7 : [50, 96, 120, 158] (47)
8 : [4, 31, 65, 82, 133, 192] (46)
9 : [42, 61, 67, 102, 134, 170, 173, 182, 189] (48)
10 : [71, 113, 155] (49)
11 : [11, 51, 140, 161, 169, 178, 183] (49)
12 : [6, 23, 74, 98, 108, 114, 185] (51)
13 : [37, 53, 59, 62, 118, 180] (49)
14 : [3, 47, 52, 109, 112, 123, 193] (49)
15 : [22, 80, 97, 146, 196] (50)
16 : [17, 46, 60, 76, 167] (50)
17 : [13, 27, 30, 125, 156, 179, 191, 198] (54)
18 : [105, 147, 184] (52)
19 : [18, 43, 84, 88] (52)
20 : [7, 9, 55, 72, 79, 101, 116] (51)
21 : [5, 121, 136, 176] (52)
22 : [8, 81, 90, 119, 138] (51)
23 : [20, 25, 38, 64, 73, 124, 130] (51)
24 : [68, 93, 115, 135, 144, 166, 168, 197] (48)
25 : [12, 49, 70, 95, 131, 132, 139, 175] (52)
26 : [0, 34, 75, 157, 164, 199] (51)
27 : [15, 29, 107, 111, 152, 195] (53)
28 : [21, 28, 159] (52)
29 : [10, 24, 77, 142, 145] (54)
30 : [63, 126, 165, 171, 172, 177] (51)
31 : [40, 89, 143, 148, 187] (52)
32 : [1, 39, 110, 122, 128, 141, 154] (51)
