Name: 200-20-30
Time: 8.851443529129028 
Result: 9
Solution:  1 9 19 27 10 38 23 4 23 5 3 41 15 30 27 16 18 16 20 41 3 32 24 18 4 42 31 28 3 17 25 40 32 6 41 2 36 10 29 21 21 20 10 16 30 29 1 7 0 6 19 33 38 6 34 14 15 33 5 28 14 10 18 9 17 42 4 12 1 24 17 12 35 19 2 5 35 22 23 14 37 4 8 18 7 34 26 16 26 33 34 6 18 9 35 20 34 29 28 23 2 18 33 0 33 23 11 39 31 37 24 32 21 31 29 32 31 19 6 42 40 25 24 28 42 23 35 13 42 3 26 11 15 11 34 3 37 27 21 16 7 25 29 7 13 5 17 15 14 35 25 13 15 41 32 39 25 39 16 36 16 42 9 11 30 15 8 4 1 40 10 36 21 30 37 12 24 22 0 36 40 19 9 39 25 21 38 36 15 30 38 1 19 31 21 8 13 33 37 34
0 : [48, 103, 178] (21)
1 : [0, 46, 68, 168, 191] (22)
2 : [35, 74, 100] (22)
3 : [10, 20, 28, 129, 135] (22)
4 : [7, 24, 66, 81, 167] (23)
5 : [9, 58, 75, 145] (23)
6 : [33, 49, 53, 91, 118] (22)
7 : [47, 84, 140, 143] (21)
8 : [82, 166, 195] (21)
9 : [1, 63, 93, 162, 182] (21)
10 : [4, 37, 42, 61, 170] (22)
11 : [106, 131, 133, 163] (21)
12 : [67, 71, 175] (22)
13 : [127, 144, 151, 196] (22)
14 : [55, 60, 79, 148] (22)
15 : [12, 56, 132, 147, 152, 165, 188] (23)
16 : [15, 17, 43, 87, 139, 158, 160] (23)
17 : [29, 64, 70, 146] (22)
18 : [16, 23, 62, 83, 92, 101] (24)
19 : [2, 50, 73, 117, 181, 192] (25)
20 : [18, 41, 95] (24)
21 : [39, 40, 112, 138, 172, 185, 194] (25)
22 : [77, 177] (25)
23 : [6, 8, 78, 99, 105, 125] (26)
24 : [22, 69, 110, 122, 176] (25)
25 : [30, 121, 141, 150, 156, 184] (27)
26 : [86, 88, 130] (26)
27 : [3, 14, 137] (28)
28 : [27, 59, 98, 123] (27)
29 : [38, 45, 97, 114, 142] (27)
30 : [13, 44, 164, 173, 189] (29)
31 : [26, 108, 113, 116, 193] (28)
32 : [21, 32, 111, 115, 154] (28)
33 : [51, 57, 89, 102, 104, 197] (28)
34 : [54, 85, 90, 96, 134, 199] (28)
35 : [72, 76, 94, 126, 149] (27)
36 : [36, 159, 171, 179, 187] (30)
37 : [80, 109, 136, 174, 198] (28)
38 : [5, 52, 186, 190] (29)
39 : [107, 155, 157, 183] (30)
40 : [31, 120, 169, 180] (30)
41 : [11, 19, 34, 153] (29)
42 : [25, 65, 119, 124, 128, 161] (29)
