Name: 200-20-30
Time: 8.833049535751343 
Result: 8
Solution:  2 0 18 27 9 38 22 6 23 4 1 40 14 32 21 20 23 15 16 42 8 32 20 24 7 42 29 24 2 15 25 41 32 4 42 3 41 15 31 19 21 18 17 15 30 29 1 5 0 11 13 33 37 3 35 7 14 34 3 25 9 10 23 8 20 42 6 11 4 25 20 10 30 17 5 10 27 23 26 8 36 7 5 16 6 40 29 20 22 30 37 4 19 8 36 18 35 25 34 23 6 19 30 1 32 21 8 39 31 39 26 31 22 30 29 33 30 19 1 42 38 28 25 27 39 23 37 16 37 1 21 8 14 13 41 2 37 28 19 14 4 28 27 9 12 5 16 16 13 36 26 15 18 39 33 37 24 34 17 36 20 42 9 7 29 23 10 4 2 41 19 35 19 30 35 12 24 26 0 31 36 23 12 40 27 17 39 33 20 29 38 1 20 35 24 6 11 29 36 35
0 : [1, 48, 178] (23)
1 : [10, 46, 103, 118, 129, 191] (24)
2 : [0, 28, 135, 168] (22)
3 : [35, 53, 58] (23)
4 : [9, 33, 68, 91, 140, 167] (22)
5 : [47, 74, 82, 145] (25)
6 : [7, 66, 84, 100, 195] (22)
7 : [24, 55, 81, 163] (22)
8 : [20, 63, 79, 93, 106, 131] (22)
9 : [4, 60, 143, 162] (22)
10 : [61, 71, 75, 166] (22)
11 : [49, 67, 196] (23)
12 : [144, 175, 182] (23)
13 : [50, 133, 148] (22)
14 : [12, 56, 132, 139] (22)
15 : [17, 29, 37, 43, 151] (23)
16 : [18, 83, 127, 146, 147] (23)
17 : [42, 73, 158, 185] (22)
18 : [2, 41, 95, 152] (23)
19 : [39, 92, 101, 117, 138, 170, 172] (24)
20 : [15, 22, 64, 70, 87, 160, 188, 192] (23)
21 : [14, 40, 105, 130] (26)
22 : [6, 88, 112] (23)
23 : [8, 16, 62, 77, 99, 125, 165, 181] (25)
24 : [23, 27, 156, 176, 194] (25)
25 : [30, 59, 69, 97, 122] (26)
26 : [78, 110, 150, 177] (25)
27 : [3, 76, 123, 142, 184] (26)
28 : [121, 137, 141] (26)
29 : [26, 45, 86, 114, 164, 189, 197] (28)
30 : [44, 72, 89, 102, 113, 116, 173] (28)
31 : [38, 108, 111, 179] (29)
32 : [13, 21, 32, 104] (28)
33 : [51, 115, 154, 187] (28)
34 : [57, 98, 157] (27)
35 : [54, 96, 171, 174, 193, 199] (28)
36 : [80, 94, 149, 159, 180, 198] (29)
37 : [52, 90, 126, 128, 136, 155] (28)
38 : [5, 120, 190] (28)
39 : [107, 109, 124, 153, 186] (28)
40 : [11, 85, 183] (30)
41 : [31, 36, 134, 169] (30)
42 : [19, 25, 34, 65, 119, 161] (29)
