Name: 200-50-80
Time: 8.050015687942505 
Result: 20
Solution:  16 6 25 9 6 23 35 19 23 8 0 27 20 8 15 29 36 8 6 19 0 8 28 14 27 15 34 22 16 26 5 36 34 10 24 10 5 16 6 20 33 18 2 24 8 17 12 11 25 3 13 1 6 10 4 9 2 18 25 1 10 6 30 3 33 31 18 22 13 34 28 8 3 30 32 21 6 28 13 28 16 23 21 10 32 34 36 25 25 15 28 5 14 19 6 26 8 25 15 32 9 33 36 1 34 30 32 31 4 27 26 9 17 7 19 35 33 20 31 2 1 8 35 36 3 27 24 11 20 11 13 4 31 4 36 15 32 35 35 11 15 21 13 21 12 29 4 21 0 2 24 24 22 6 29 22 30 14 33 32 3 7 35 23 27 24 27 5 19 17 33 17 15 30 23 16 17 29 2 32 4 3 12 3 28 26 7 23 23 30 15 13 35 26 17 14 13 5 7 10
0 : [10, 20, 148] (57)
1 : [51, 59, 103, 120] (60)
2 : [42, 56, 119, 149, 178] (57)
3 : [49, 63, 72, 124, 160, 181, 183] (54)
4 : [54, 108, 131, 133, 146, 180] (59)
5 : [30, 36, 91, 167, 197] (55)
6 : [1, 4, 18, 38, 52, 61, 76, 94, 153] (54)
7 : [113, 161, 186, 198] (57)
8 : [9, 13, 17, 21, 44, 71, 96, 121] (56)
9 : [3, 55, 100, 111] (60)
10 : [33, 35, 53, 60, 83, 199] (56)
11 : [47, 127, 129, 139] (60)
12 : [46, 144, 182] (64)
13 : [50, 68, 78, 130, 142, 191, 196] (62)
14 : [23, 92, 157, 195] (62)
15 : [14, 25, 89, 98, 135, 140, 172, 190] (63)
16 : [0, 28, 37, 80, 175] (67)
17 : [45, 112, 169, 171, 176, 194] (66)
18 : [41, 57, 66] (67)
19 : [7, 19, 93, 114, 168] (68)
20 : [12, 39, 117, 128] (70)
21 : [75, 82, 141, 143, 147] (68)
22 : [27, 67, 152, 155] (72)
23 : [5, 8, 81, 163, 174, 187, 188] (70)
24 : [34, 43, 126, 150, 151, 165] (72)
25 : [2, 48, 58, 87, 88, 97] (70)
26 : [29, 95, 110, 185, 193] (74)
27 : [11, 24, 109, 125, 164, 166] (72)
28 : [22, 70, 77, 79, 90, 184] (71)
29 : [15, 145, 154, 177] (70)
30 : [62, 73, 105, 156, 173, 189] (73)
31 : [65, 107, 118, 132] (73)
32 : [74, 84, 99, 106, 136, 159, 179] (72)
33 : [40, 64, 101, 116, 158, 170] (73)
34 : [26, 32, 69, 85, 104] (73)
35 : [6, 115, 122, 137, 138, 162, 192] (72)
36 : [16, 31, 86, 102, 123, 134] (73)
