Name: 200-20-30
Time: 8.86328125 
Result: 7
Solution:  6 8 23 27 12 38 23 7 22 4 9 40 11 32 23 13 18 16 21 42 7 34 20 18 3 39 28 24 1 14 29 42 32 5 39 2 40 9 29 19 22 19 13 13 30 32 3 7 0 6 14 33 37 5 34 15 10 33 4 27 14 9 18 7 17 42 6 11 4 28 18 11 28 16 1 7 28 22 24 12 35 3 8 13 4 35 28 17 26 32 29 5 17 7 36 17 33 25 35 24 6 19 31 1 34 20 10 41 30 39 27 29 19 30 27 31 30 22 3 42 38 25 29 26 39 27 36 15 35 2 20 18 14 13 31 2 36 24 26 15 0 26 26 5 12 5 16 16 11 41 25 15 20 41 31 37 24 34 14 33 15 42 10 4 32 17 8 1 1 41 16 37 25 30 34 10 22 21 0 36 39 26 12 40 25 17 40 37 13 29 38 3 19 35 27 9 9 30 37 31
0 : [48, 140, 178] (23)
1 : [28, 74, 103, 167, 168] (22)
2 : [35, 129, 135] (23)
3 : [24, 46, 81, 118, 191] (22)
4 : [9, 58, 68, 84, 163] (23)
5 : [33, 53, 91, 143, 145] (23)
6 : [0, 49, 66, 100] (22)
7 : [7, 20, 47, 63, 75, 93] (23)
8 : [1, 82, 166] (24)
9 : [10, 37, 61, 195, 196] (24)
10 : [56, 106, 162, 175] (23)
11 : [12, 67, 71, 148] (23)
12 : [4, 79, 144, 182] (24)
13 : [15, 42, 43, 83, 133, 188] (24)
14 : [29, 50, 60, 132, 158] (25)
15 : [55, 127, 139, 151, 160] (25)
16 : [17, 73, 146, 147, 170] (24)
17 : [64, 87, 92, 95, 165, 185] (25)
18 : [16, 23, 62, 70, 131] (25)
19 : [39, 41, 101, 112, 192] (24)
20 : [22, 105, 130, 152] (25)
21 : [18, 177] (24)
22 : [8, 40, 77, 117, 176] (25)
23 : [2, 6, 14] (24)
24 : [27, 78, 99, 137, 156] (25)
25 : [97, 121, 150, 172, 184] (24)
26 : [88, 123, 138, 141, 142, 181] (24)
27 : [3, 59, 110, 114, 125, 194] (25)
28 : [26, 69, 72, 76, 86] (26)
29 : [30, 38, 90, 111, 122, 189] (25)
30 : [44, 108, 113, 116, 173, 197] (26)
31 : [102, 115, 134, 154, 199] (28)
32 : [13, 32, 45, 89, 164] (26)
33 : [51, 57, 96, 159] (25)
34 : [21, 54, 104, 157, 174] (28)
35 : [80, 85, 98, 128, 193] (28)
36 : [94, 126, 136, 179] (28)
37 : [52, 155, 171, 187, 198] (28)
38 : [5, 120, 190] (28)
39 : [25, 34, 109, 124, 180] (29)
40 : [11, 36, 183, 186] (29)
41 : [107, 149, 153, 169] (29)
42 : [19, 31, 65, 119, 161] (27)
