Name: 200-50-80
Time: 8.063741207122803 
Result: 23
Solution:  17 5 22 9 1 23 35 20 23 9 1 18 28 6 15 32 31 8 5 16 7 8 29 11 27 15 35 25 16 25 5 31 35 9 24 11 7 15 5 19 34 18 2 21 5 14 15 10 25 1 13 1 6 9 3 8 2 14 26 3 6 2 29 0 35 34 21 20 19 34 25 9 0 30 35 20 8 28 12 23 15 23 22 8 29 33 36 26 28 19 30 2 14 19 9 30 8 28 13 36 9 34 28 2 33 30 32 32 6 26 29 13 16 5 18 36 35 22 31 0 1 13 26 35 2 28 23 11 16 16 17 2 34 6 32 20 31 32 30 11 12 22 17 20 12 27 4 23 3 1 24 21 24 7 33 22 29 13 30 26 1 0 35 26 22 24 28 5 24 17 33 18 15 29 21 17 18 25 4 32 1 0 14 4 27 24 7 22 21 29 16 19 36 27 19 11 12 4 8 10
0 : [63, 72, 119, 161, 181] (54)
1 : [4, 10, 49, 51, 120, 149, 160, 180] (54)
2 : [42, 56, 61, 91, 103, 124, 131] (53)
3 : [54, 59, 148] (53)
4 : [146, 178, 183, 197] (57)
5 : [1, 18, 30, 38, 44, 113, 167] (54)
6 : [13, 52, 60, 108, 133] (58)
7 : [20, 36, 153, 186] (58)
8 : [17, 21, 55, 76, 83, 96, 198] (61)
9 : [3, 9, 33, 53, 71, 94, 100] (60)
10 : [47, 199] (68)
11 : [23, 35, 127, 139, 195] (61)
12 : [78, 140, 144, 196] (61)
13 : [50, 98, 111, 121, 157] (59)
14 : [45, 57, 92, 182] (61)
15 : [14, 25, 37, 46, 80, 172] (63)
16 : [19, 28, 112, 128, 129, 190] (75)
17 : [0, 130, 142, 169, 175] (63)
18 : [11, 41, 114, 171, 176] (71)
19 : [39, 68, 89, 93, 191, 194] (61)
20 : [7, 67, 75, 135, 143] (57)
21 : [43, 66, 151, 174, 188] (69)
22 : [2, 82, 117, 141, 155, 164, 187] (66)
23 : [5, 8, 79, 81, 126, 147] (70)
24 : [34, 150, 152, 165, 168, 185] (69)
25 : [27, 29, 48, 70, 177] (69)
26 : [58, 87, 109, 122, 159, 163] (70)
27 : [24, 145, 184, 193] (72)
28 : [12, 77, 88, 97, 102, 125, 166] (72)
29 : [22, 62, 84, 110, 156, 173, 189] (76)
30 : [73, 90, 95, 105, 138, 158] (74)
31 : [16, 31, 118, 136] (76)
32 : [15, 106, 107, 134, 137, 179] (76)
33 : [85, 104, 154, 170] (76)
34 : [40, 65, 69, 101, 132] (76)
35 : [6, 26, 32, 64, 74, 116, 123, 162] (74)
36 : [86, 99, 115, 192] (75)
