Name: 200-50-80
Time: 8.139081478118896 
Result: 21
Solution:  14 7 28 12 1 20 35 20 23 8 0 19 26 1 15 32 36 9 7 24 2 8 27 13 25 14 34 28 17 24 1 36 35 9 27 10 8 16 4 15 33 14 3 23 8 17 12 11 25 2 13 3 6 10 7 8 2 15 25 3 8 2 29 0 35 32 19 21 13 34 29 10 2 34 34 18 7 28 18 22 14 24 22 9 27 36 36 28 27 17 28 5 17 20 6 29 10 26 16 34 6 30 32 2 34 33 31 31 4 27 27 9 19 6 18 35 32 22 31 4 0 8 30 36 2 30 23 11 20 12 17 4 30 5 33 19 30 30 32 12 13 22 10 23 11 25 6 19 1 2 28 20 21 7 29 20 31 16 33 28 3 0 34 24 28 24 28 1 22 17 33 17 15 29 21 16 18 28 5 36 4 4 13 7 27 26 5 21 22 21 14 17 35 26 23 10 15 9 9 10
0 : [10, 63, 120, 161] (58)
1 : [4, 13, 30, 148, 167] (54)
2 : [20, 49, 56, 61, 72, 103, 124, 149] (55)
3 : [42, 51, 59, 160] (54)
4 : [38, 108, 119, 131, 180, 181] (54)
5 : [91, 133, 178, 186] (56)
6 : [52, 94, 100, 113, 146] (56)
7 : [1, 18, 54, 76, 153, 183] (59)
8 : [9, 21, 36, 44, 55, 60, 121] (57)
9 : [17, 33, 83, 111, 197, 198] (60)
10 : [35, 53, 71, 96, 142, 195, 199] (57)
11 : [47, 127, 144] (63)
12 : [3, 46, 129, 139] (64)
13 : [23, 50, 68, 140, 182] (56)
14 : [0, 25, 41, 80, 190] (72)
15 : [14, 39, 57, 172, 196] (66)
16 : [37, 98, 157, 175] (65)
17 : [28, 45, 89, 92, 130, 169, 171, 191] (65)
18 : [75, 78, 114, 176] (71)
19 : [11, 66, 112, 135, 147] (67)
20 : [5, 7, 93, 128, 151, 155] (65)
21 : [67, 152, 174, 187, 189] (69)
22 : [79, 82, 117, 141, 168, 188] (68)
23 : [8, 43, 126, 143, 194] (71)
24 : [19, 29, 81, 163, 165] (69)
25 : [24, 48, 58, 145] (72)
26 : [12, 97, 185, 193] (73)
27 : [22, 34, 84, 88, 109, 110, 184] (69)
28 : [2, 27, 77, 87, 90, 150, 159, 164, 166, 177] (71)
29 : [62, 70, 95, 154, 173] (70)
30 : [101, 122, 125, 132, 136, 137] (74)
31 : [106, 107, 118, 156] (72)
32 : [15, 65, 102, 116, 138] (74)
33 : [40, 105, 134, 158, 170] (74)
34 : [26, 69, 73, 74, 99, 104, 162] (73)
35 : [6, 32, 64, 115, 192] (74)
36 : [16, 31, 85, 86, 123, 179] (75)
