Name: 200-50-80
Time: 7.9826226234436035 
Result: 19
Solution:  13 7 29 16 3 25 36 20 27 8 0 18 29 0 15 32 32 8 7 17 0 7 27 10 28 16 36 24 16 26 4 35 34 10 24 9 9 14 6 15 30 20 2 22 6 12 16 8 28 1 15 1 6 9 7 8 2 19 27 2 6 1 30 4 36 33 18 21 14 34 26 7 1 28 36 18 4 28 21 27 14 26 22 9 30 34 36 26 27 17 31 3 13 19 7 24 9 27 14 32 3 30 29 0 34 32 30 32 5 28 26 12 19 10 19 35 33 20 31 5 1 13 32 36 2 26 23 13 19 12 14 2 33 7 36 18 30 35 31 11 12 22 13 21 11 25 10 18 1 1 29 20 23 4 29 21 30 12 34 28 1 6 31 25 23 24 27 4 20 21 33 17 15 28 23 14 19 29 6 31 1 3 15 5 29 25 7 23 21 29 16 17 35 24 17 12 13 6 9 11
0 : [10, 13, 20, 103] (56)
1 : [49, 51, 61, 72, 120, 148, 149, 160, 180] (58)
2 : [42, 56, 59, 124, 131] (55)
3 : [4, 91, 100, 181] (55)
4 : [30, 63, 76, 153, 167] (56)
5 : [108, 119, 183] (56)
6 : [38, 44, 52, 60, 161, 178, 197] (55)
7 : [1, 18, 21, 54, 71, 94, 133, 186] (58)
8 : [9, 17, 47, 55] (58)
9 : [35, 36, 53, 83, 96, 198] (56)
10 : [23, 33, 113, 146] (58)
11 : [139, 144, 199] (57)
12 : [45, 111, 129, 140, 157, 195] (60)
13 : [0, 92, 121, 127, 142, 196] (60)
14 : [37, 68, 80, 98, 130, 175] (60)
15 : [14, 39, 50, 172, 182] (66)
16 : [3, 25, 28, 46, 190] (62)
17 : [19, 89, 171, 191, 194] (62)
18 : [11, 66, 75, 135, 147] (70)
19 : [57, 93, 112, 114, 128, 176] (71)
20 : [7, 41, 117, 151, 168] (72)
21 : [67, 78, 143, 155, 169, 188] (71)
22 : [43, 82, 141] (71)
23 : [126, 152, 164, 174, 187] (71)
24 : [27, 34, 95, 165, 193] (73)
25 : [5, 145, 163, 185] (71)
26 : [29, 70, 81, 87, 110, 125] (73)
27 : [8, 22, 58, 79, 88, 97, 166] (73)
28 : [24, 48, 73, 77, 109, 159, 173] (72)
29 : [2, 12, 102, 150, 154, 177, 184, 189] (73)
30 : [40, 62, 84, 101, 106, 136, 156] (74)
31 : [90, 118, 138, 162, 179] (72)
32 : [15, 16, 99, 105, 107, 122] (73)
33 : [65, 116, 132, 170] (74)
34 : [32, 69, 85, 104, 158] (74)
35 : [31, 115, 137, 192] (73)
36 : [6, 26, 64, 74, 86, 123, 134] (73)
