Name: 200-30-45
Time: 8.102377653121948 
Result: 8
Solution:  13 18 26 11 9 28 7 24 13 12 11 10 22 10 14 24 24 17 6 15 10 28 8 5 7 1 22 25 27 4 18 14 5 25 29 22 5 17 16 21 14 3 29 4 15 25 4 3 20 4 15 9 20 4 26 16 21 28 23 21 17 25 11 28 16 18 6 1 1 11 1 29 21 7 9 5 20 23 16 16 13 15 3 21 0 10 21 24 1 9 10 4 19 10 16 15 18 24 11 29 26 1 12 0 13 24 19 13 23 6 6 2 29 27 21 3 23 8 5 14 19 21 8 17 18 20 14 1 9 27 11 25 12 14 0 13 0 23 9 3 29 5 19 26 9 13 10 26 16 22 14 2 8 3 28 18 20 2 19 12 13 17 10 3 9 20 11 4 19 15 7 16 1 25 12 4 8 24 6 9 9 3 16 19 9 2 27 4 4 20 1 6 27 27 23 10 20 8 15 17
0 : [84, 103, 134, 136] (34)
1 : [25, 67, 68, 70, 88, 101, 127, 172, 190] (34)
2 : [111, 151, 157, 185] (35)
3 : [41, 47, 82, 115, 139, 153, 163, 181] (34)
4 : [29, 43, 46, 49, 53, 91, 167, 175, 187, 188] (34)
5 : [23, 32, 36, 75, 118, 141] (35)
6 : [18, 66, 109, 110, 178, 191] (34)
7 : [6, 24, 73, 170] (35)
8 : [22, 117, 122, 152, 176, 197] (34)
9 : [4, 51, 74, 89, 128, 138, 144, 164, 179, 180, 184] (34)
10 : [11, 13, 20, 85, 90, 93, 146, 162, 195] (36)
11 : [3, 10, 62, 69, 98, 130, 166] (35)
12 : [9, 102, 132, 159, 174] (38)
13 : [0, 8, 80, 104, 107, 135, 145, 160] (35)
14 : [14, 31, 40, 119, 126, 133, 150] (35)
15 : [19, 44, 50, 81, 95, 169, 198] (35)
16 : [38, 55, 64, 78, 79, 94, 148, 171, 182] (35)
17 : [17, 37, 60, 123, 161, 199] (38)
18 : [1, 30, 65, 96, 124, 155] (38)
19 : [92, 106, 120, 142, 158, 168, 183] (39)
20 : [48, 52, 76, 125, 156, 165, 189, 196] (38)
21 : [39, 56, 59, 72, 83, 86, 114, 121] (39)
22 : [12, 26, 35, 149] (41)
23 : [58, 77, 108, 116, 137, 194] (40)
24 : [7, 15, 16, 87, 97, 105, 177] (39)
25 : [27, 33, 45, 61, 131, 173] (40)
26 : [2, 54, 100, 143, 147] (40)
27 : [28, 113, 129, 186, 192, 193] (40)
28 : [5, 21, 57, 63, 154] (41)
29 : [34, 42, 71, 99, 112, 140] (42)
