Name: 200-30-45
Time: 8.142666816711426 
Result: 7
Solution:  14 18 22 10 8 29 5 25 9 15 11 13 19 11 11 25 24 17 0 14 7 27 6 2 8 4 15 24 28 4 17 14 3 26 28 24 4 18 14 19 15 6 29 2 15 20 8 4 23 3 13 5 16 0 23 17 21 27 22 26 16 20 13 28 11 17 5 0 0 11 3 27 22 5 7 8 20 25 17 16 13 17 3 20 2 11 20 21 5 10 6 7 17 12 17 13 18 24 11 29 29 1 12 1 14 25 19 12 24 7 6 1 28 24 22 6 22 7 13 16 19 18 3 20 23 25 12 4 9 26 10 25 7 21 0 8 0 22 8 1 28 8 19 27 9 10 10 27 16 22 17 1 10 4 29 28 18 1 21 15 14 18 12 5 8 19 13 7 19 18 11 15 0 20 13 5 9 26 6 8 11 6 12 25 12 3 27 4 7 23 4 7 27 21 23 14 23 14 8 15
0 : [18, 53, 67, 68, 134, 136, 172] (35)
1 : [101, 103, 111, 139, 151, 157] (34)
2 : [23, 43, 84] (37)
3 : [32, 49, 70, 82, 122, 185] (34)
4 : [25, 29, 36, 47, 127, 153, 187, 190] (35)
5 : [6, 51, 66, 73, 88, 163, 175] (35)
6 : [22, 41, 90, 110, 115, 178, 181] (35)
7 : [20, 74, 91, 109, 117, 132, 167, 188, 191] (34)
8 : [4, 24, 46, 75, 135, 138, 141, 164, 179, 198] (34)
9 : [8, 128, 144, 176] (35)
10 : [3, 89, 130, 145, 146, 152] (35)
11 : [10, 13, 14, 64, 69, 85, 98, 170, 180] (35)
12 : [93, 102, 107, 126, 162, 182, 184] (35)
13 : [11, 50, 62, 80, 95, 118, 166, 174] (38)
14 : [0, 19, 31, 38, 104, 160, 195, 197] (36)
15 : [9, 26, 40, 44, 159, 171, 199] (36)
16 : [52, 60, 79, 119, 148] (34)
17 : [17, 30, 55, 65, 78, 81, 92, 94, 150] (37)
18 : [1, 37, 96, 121, 156, 161, 169] (38)
19 : [12, 39, 106, 120, 142, 165, 168] (38)
20 : [45, 61, 76, 83, 86, 123, 173] (39)
21 : [56, 87, 133, 158, 193] (39)
22 : [2, 58, 72, 114, 116, 137, 149] (39)
23 : [48, 54, 124, 189, 194, 196] (39)
24 : [16, 27, 35, 97, 108, 113] (40)
25 : [7, 15, 77, 105, 125, 131, 183] (39)
26 : [33, 59, 129, 177] (40)
27 : [21, 57, 71, 143, 147, 186, 192] (41)
28 : [28, 34, 63, 112, 140, 155] (40)
29 : [5, 42, 99, 100, 154] (41)
