Name: 200-20-30
Time: 8.888091564178467 
Result: 8
Solution:  0 8 20 26 7 37 27 0 22 4 1 40 12 33 21 14 21 16 16 41 3 32 20 21 5 42 28 24 4 14 28 41 32 5 39 2 36 14 35 19 23 19 15 13 30 29 1 7 0 9 19 29 37 8 34 11 13 33 5 20 9 13 22 12 15 42 8 11 1 23 18 13 28 18 4 4 27 23 25 14 38 1 10 16 6 31 29 15 22 39 29 3 17 6 34 17 42 24 31 23 3 23 35 4 35 21 12 40 30 38 25 29 20 30 29 31 30 19 1 42 41 27 23 26 39 21 35 19 37 1 24 11 16 11 36 3 35 25 20 15 7 28 28 12 12 5 20 17 13 32 25 17 15 40 33 38 24 39 13 36 16 39 10 8 36 18 10 0 2 41 14 35 23 30 34 9 22 26 2 34 36 18 12 38 25 15 39 37 14 30 39 3 22 31 21 6 6 31 36 35
0 : [0, 7, 48, 167] (22)
1 : [10, 46, 68, 81, 118, 129] (22)
2 : [35, 168, 178] (25)
3 : [20, 91, 100, 135, 191] (23)
4 : [9, 28, 74, 75, 103] (23)
5 : [24, 33, 58, 145] (22)
6 : [84, 93, 195, 196] (22)
7 : [4, 47, 140] (23)
8 : [1, 53, 66, 163] (22)
9 : [49, 60, 175] (24)
10 : [82, 162, 166] (22)
11 : [55, 67, 131, 133] (25)
12 : [12, 63, 106, 143, 144, 182] (23)
13 : [43, 56, 61, 71, 148, 158] (22)
14 : [15, 29, 37, 79, 170, 188] (23)
15 : [42, 64, 87, 139, 152, 185] (25)
16 : [17, 18, 83, 132, 160] (23)
17 : [92, 95, 147, 151] (23)
18 : [70, 73, 165, 181] (23)
19 : [39, 41, 50, 117, 127] (25)
20 : [2, 22, 59, 112, 138, 146] (24)
21 : [14, 16, 23, 105, 125, 194] (24)
22 : [8, 62, 88, 176, 192] (23)
23 : [40, 69, 77, 99, 101, 122, 172] (24)
24 : [27, 97, 130, 156] (26)
25 : [78, 110, 137, 150, 184] (24)
26 : [3, 123, 177] (28)
27 : [6, 76, 121] (28)
28 : [26, 30, 72, 141, 142] (25)
29 : [45, 51, 86, 90, 111, 114] (30)
30 : [44, 108, 113, 116, 173, 189] (29)
31 : [85, 98, 115, 193, 197] (27)
32 : [21, 32, 149] (24)
33 : [13, 57, 154] (26)
34 : [54, 94, 174, 179] (28)
35 : [38, 102, 104, 126, 136, 171, 199] (30)
36 : [36, 134, 159, 164, 180, 198] (27)
37 : [5, 52, 128, 187] (27)
38 : [80, 109, 155, 183] (30)
39 : [34, 89, 124, 157, 161, 186, 190] (29)
40 : [11, 107, 153] (29)
41 : [19, 31, 120, 169] (28)
42 : [25, 65, 96, 119] (25)
