Name: 200-50-80
Time: 7.997809648513794 
Result: 23
Solution:  17 7 23 9 3 23 35 19 23 8 1 18 26 0 15 31 28 8 5 24 4 7 28 12 25 14 33 23 18 29 6 34 34 9 26 10 3 17 8 13 33 14 5 22 8 18 15 9 26 0 18 1 6 15 7 8 2 15 24 2 8 2 28 0 35 32 19 20 18 34 23 7 0 35 33 16 3 28 19 24 15 29 21 11 27 35 36 28 25 18 33 5 18 18 7 25 8 20 13 32 1 31 29 0 33 35 32 32 11 30 26 12 16 5 18 36 32 24 31 6 2 14 27 35 3 30 22 12 20 11 14 3 28 7 33 17 30 30 33 10 16 21 10 22 12 27 10 20 3 0 24 24 21 7 29 20 29 15 31 28 0 6 31 25 23 25 26 6 25 17 34 17 16 29 26 16 19 23 8 31 0 4 13 6 28 22 4 22 24 29 13 11 36 27 17 11 12 4 7 10
0 : [13, 49, 63, 72, 103, 149, 160, 180] (52)
1 : [10, 51, 100] (52)
2 : [56, 59, 61, 120] (53)
3 : [4, 36, 76, 124, 131, 148] (53)
4 : [20, 181, 186, 197] (53)
5 : [18, 42, 91, 113] (59)
6 : [30, 52, 119, 161, 167, 183] (55)
7 : [1, 21, 54, 71, 94, 133, 153, 198] (57)
8 : [9, 17, 38, 44, 55, 60, 96, 178] (55)
9 : [3, 33, 47] (63)
10 : [35, 139, 142, 146, 199] (61)
11 : [83, 108, 129, 191, 195] (62)
12 : [23, 111, 127, 144, 196] (68)
13 : [39, 98, 182, 190] (65)
14 : [25, 41, 121, 130] (64)
15 : [14, 46, 53, 57, 80, 157] (68)
16 : [75, 112, 140, 172, 175] (65)
17 : [0, 37, 135, 169, 171, 194] (69)
18 : [11, 28, 45, 50, 68, 89, 92, 93, 114] (65)
19 : [7, 66, 78, 176] (71)
20 : [67, 97, 128, 147, 155] (68)
21 : [82, 141, 152] (68)
22 : [43, 126, 143, 185, 187] (72)
23 : [2, 5, 8, 27, 70, 164, 177] (74)
24 : [19, 58, 79, 117, 150, 151, 188] (71)
25 : [24, 88, 95, 163, 165, 168] (69)
26 : [12, 34, 48, 110, 166, 174] (69)
27 : [84, 122, 145, 193] (70)
28 : [16, 22, 62, 77, 87, 132, 159, 184] (69)
29 : [29, 81, 102, 154, 156, 173, 189] (71)
30 : [109, 125, 136, 137] (72)
31 : [15, 101, 118, 158, 162, 179] (72)
32 : [65, 99, 106, 107, 116] (71)
33 : [26, 40, 74, 90, 104, 134, 138] (73)
34 : [31, 32, 69, 170] (75)
35 : [6, 64, 73, 85, 105, 123] (74)
36 : [86, 115, 192] (74)
