Name: 200-30-45
Time: 8.029040813446045 
Result: 7
Solution:  14 21 21 12 6 28 7 27 13 13 11 12 19 9 15 24 25 17 4 14 9 29 6 4 11 6 20 29 29 6 18 12 1 26 28 23 5 21 14 27 17 3 28 3 16 27 4 6 19 0 14 5 16 6 22 16 25 23 26 24 17 27 12 28 16 17 7 5 1 12 1 23 19 4 6 5 29 26 15 16 15 16 3 24 2 14 21 22 3 10 8 1 18 14 11 15 15 25 13 29 21 1 13 1 11 25 19 13 26 4 8 2 28 27 23 3 22 6 5 20 20 18 4 15 18 24 11 1 9 25 15 25 8 17 1 7 0 22 7 1 29 5 18 29 9 14 10 26 17 20 14 0 8 5 27 28 18 0 18 12 11 17 10 2 8 20 12 4 20 18 10 15 0 25 16 4 9 29 9 8 9 4 15 20 12 3 27 5 6 18 1 6 26 24 27 13 19 10 7 14
0 : [49, 136, 151, 157, 172] (34)
1 : [32, 68, 70, 91, 101, 103, 127, 134, 139, 190] (33)
2 : [84, 111, 163] (33)
3 : [41, 43, 82, 88, 115, 185] (33)
4 : [18, 23, 46, 73, 109, 122, 167, 175, 181] (33)
5 : [36, 51, 67, 75, 118, 141, 153, 187] (34)
6 : [4, 22, 25, 29, 47, 53, 74, 117, 188, 191] (34)
7 : [6, 66, 135, 138, 198] (35)
8 : [90, 110, 132, 152, 164, 179] (34)
9 : [13, 20, 128, 144, 176, 178, 180] (36)
10 : [89, 146, 162, 170, 197] (36)
11 : [10, 24, 94, 104, 126, 160] (37)
12 : [3, 11, 31, 62, 69, 159, 166, 184] (39)
13 : [8, 9, 98, 102, 107, 195] (37)
14 : [0, 19, 38, 50, 85, 93, 145, 150, 199] (36)
15 : [14, 78, 80, 95, 96, 123, 130, 171, 182] (37)
16 : [44, 52, 55, 64, 79, 81, 174] (37)
17 : [17, 40, 60, 65, 133, 148, 161] (38)
18 : [30, 92, 121, 124, 142, 156, 158, 169, 189] (39)
19 : [12, 48, 72, 106, 196] (40)
20 : [26, 119, 120, 149, 165, 168, 183] (39)
21 : [1, 2, 37, 86, 100] (39)
22 : [54, 87, 116, 137] (39)
23 : [35, 57, 71, 114] (39)
24 : [15, 59, 83, 125, 193] (39)
25 : [16, 56, 97, 105, 129, 131, 173] (40)
26 : [33, 58, 77, 108, 147, 192] (39)
27 : [7, 39, 45, 61, 113, 154, 186, 194] (39)
28 : [5, 34, 42, 63, 112, 155] (40)
29 : [21, 27, 28, 76, 99, 140, 143, 177] (39)
