Name: 200-20-30
Time: 8.935354471206665 
Result: 9
Solution:  3 8 19 27 14 42 22 0 24 5 2 41 12 32 24 17 20 15 19 37 4 34 19 18 8 39 30 26 6 21 25 41 33 2 39 3 38 11 29 16 21 20 9 13 30 29 0 5 0 8 14 30 37 1 40 15 16 34 1 18 12 16 17 12 15 42 6 11 4 23 17 17 28 23 1 6 28 22 23 19 35 4 4 13 9 36 32 20 23 41 29 6 17 10 35 24 33 28 33 24 7 18 39 5 31 22 12 42 30 38 29 37 21 30 28 32 29 19 2 42 36 27 26 26 39 21 36 17 35 0 20 12 16 10 34 3 37 26 19 15 7 28 28 13 15 9 19 15 9 35 25 13 21 40 31 38 24 39 13 37 16 41 7 5 34 17 6 2 2 40 18 35 23 29 35 11 27 25 4 31 37 18 14 38 29 18 39 32 15 31 40 2 19 33 23 7 10 29 36 36
0 : [7, 46, 48, 129] (24)
1 : [53, 58, 74] (21)
2 : [10, 33, 118, 167, 168, 191] (21)
3 : [0, 35, 135] (21)
4 : [20, 68, 81, 82, 178] (23)
5 : [9, 47, 103, 163] (23)
6 : [28, 66, 75, 91, 166] (21)
7 : [100, 140, 162, 195] (21)
8 : [1, 24, 49] (22)
9 : [42, 84, 145, 148] (21)
10 : [93, 133, 196] (22)
11 : [37, 67, 175] (22)
12 : [12, 60, 63, 106, 131] (22)
13 : [43, 83, 143, 151, 158] (23)
14 : [4, 50, 182] (24)
15 : [17, 55, 64, 139, 144, 147, 188] (23)
16 : [39, 56, 61, 132, 160] (22)
17 : [15, 62, 70, 71, 92, 127, 165] (22)
18 : [23, 59, 101, 170, 181, 185] (24)
19 : [2, 18, 22, 79, 117, 138, 146, 192] (25)
20 : [16, 41, 87, 130] (24)
21 : [29, 40, 112, 125, 152] (25)
22 : [6, 77, 105] (26)
23 : [69, 73, 78, 88, 172, 194] (26)
24 : [8, 14, 95, 99, 156] (27)
25 : [30, 150, 177] (27)
26 : [27, 122, 123, 137] (27)
27 : [3, 121, 176] (27)
28 : [72, 76, 97, 114, 141, 142] (28)
29 : [38, 45, 90, 110, 116, 173, 184, 197] (28)
30 : [26, 44, 51, 108, 113] (27)
31 : [104, 154, 179, 189] (27)
32 : [13, 86, 115, 187] (29)
33 : [32, 96, 98, 193] (27)
34 : [21, 57, 134, 164] (27)
35 : [80, 94, 128, 149, 171, 174] (28)
36 : [85, 120, 126, 198, 199] (29)
37 : [19, 52, 111, 136, 159, 180] (29)
38 : [36, 109, 155, 183] (30)
39 : [25, 34, 102, 124, 157, 186] (28)
40 : [54, 153, 169, 190] (28)
41 : [11, 31, 89, 161] (28)
42 : [5, 65, 107, 119] (28)
