Name: 200-30-45
Time: 8.044942140579224 
Result: 7
Solution:  16 18 17 15 6 29 8 25 13 12 11 12 20 16 15 25 25 17 3 14 9 29 5 4 7 1 14 28 27 3 19 14 0 26 28 23 6 20 14 19 15 7 28 1 15 20 4 8 19 0 16 6 17 0 22 17 25 23 26 22 18 21 17 28 11 17 5 6 1 15 2 27 19 5 9 6 21 25 15 16 14 16 2 21 3 16 20 24 0 11 9 1 20 11 17 14 19 27 16 29 22 1 12 0 12 25 19 13 28 5 4 2 28 26 22 4 23 9 5 15 19 25 9 18 18 23 12 4 10 25 13 29 11 13 1 10 0 26 7 1 27 4 19 26 10 9 5 25 16 21 15 2 8 4 29 18 19 1 20 11 12 24 10 2 13 19 11 5 21 13 10 15 1 24 10 5 6 27 7 9 12 0 16 19 9 0 27 6 3 21 6 6 28 24 23 14 24 9 8 15
0 : [32, 49, 53, 88, 103, 136, 181, 185] (33)
1 : [25, 43, 68, 91, 101, 134, 139, 157, 172] (33)
2 : [70, 82, 111, 151, 163] (34)
3 : [18, 29, 84, 188] (34)
4 : [23, 46, 110, 115, 127, 141, 153] (34)
5 : [22, 66, 73, 109, 118, 146, 167, 175] (34)
6 : [4, 36, 51, 67, 75, 176, 187, 190, 191] (34)
7 : [24, 41, 138, 178] (36)
8 : [6, 47, 152, 198] (37)
9 : [20, 74, 90, 117, 122, 145, 179, 184, 197] (35)
10 : [128, 135, 144, 162, 170, 174] (35)
11 : [10, 64, 89, 93, 132, 159, 166] (36)
12 : [9, 11, 102, 104, 126, 160, 180] (36)
13 : [8, 107, 130, 133, 164, 169] (37)
14 : [19, 26, 31, 38, 80, 95, 195] (37)
15 : [3, 14, 40, 44, 69, 78, 119, 150, 171, 199] (37)
16 : [0, 13, 50, 79, 81, 85, 98, 148, 182] (36)
17 : [2, 17, 52, 55, 62, 65, 94] (37)
18 : [1, 60, 123, 124, 155] (37)
19 : [30, 39, 48, 72, 96, 106, 120, 142, 156, 165, 183] (40)
20 : [12, 37, 45, 86, 92, 158] (39)
21 : [61, 76, 83, 149, 168, 189] (39)
22 : [54, 59, 100, 114] (40)
23 : [35, 57, 116, 125, 194] (39)
24 : [87, 161, 173, 193, 196] (40)
25 : [7, 15, 16, 56, 77, 105, 121, 129, 147] (39)
26 : [33, 58, 113, 137, 143] (40)
27 : [28, 71, 97, 140, 177, 186] (40)
28 : [27, 34, 42, 63, 108, 112, 192] (40)
29 : [5, 21, 99, 131, 154] (39)
