Name: 200-50-80
Time: 8.157330989837646 
Result: 23
Solution:  13 7 23 17 5 20 35 21 23 8 0 18 22 7 15 30 27 10 6 20 1 7 27 12 28 13 35 29 16 24 1 34 34 10 25 9 4 14 4 13 31 16 2 25 7 19 15 11 26 3 16 2 7 9 3 8 2 18 26 4 6 3 28 3 35 33 18 22 14 34 27 7 3 30 36 19 6 30 17 23 14 26 22 8 35 36 36 28 25 15 28 1 12 18 7 27 8 26 14 32 0 30 33 0 33 30 32 32 5 26 27 10 17 6 19 36 33 22 31 5 4 9 33 36 3 29 24 12 19 11 14 3 29 8 32 18 31 35 32 12 14 22 10 23 11 29 9 23 2 1 25 20 21 8 32 21 30 21 32 30 3 0 32 23 24 25 27 6 25 20 34 18 15 28 21 14 16 25 8 31 3 3 15 7 30 22 5 23 23 28 16 10 35 24 19 12 18 7 9 10
0 : [10, 100, 103, 161] (53)
1 : [20, 30, 91, 149] (53)
2 : [42, 51, 56, 148] (57)
3 : [49, 54, 61, 63, 72, 124, 131, 160, 180, 181] (53)
4 : [36, 38, 59, 120] (54)
5 : [4, 108, 119, 186] (60)
6 : [18, 60, 76, 113, 167] (56)
7 : [1, 13, 21, 44, 52, 71, 94, 183, 197] (55)
8 : [9, 55, 83, 96, 133, 153, 178] (57)
9 : [35, 53, 121, 146, 198] (61)
10 : [17, 33, 111, 142, 191, 199] (60)
11 : [47, 129, 144] (65)
12 : [23, 92, 127, 139, 195] (63)
13 : [0, 25, 39] (61)
14 : [37, 68, 80, 98, 130, 140, 175] (62)
15 : [14, 46, 89, 172, 182] (64)
16 : [28, 41, 50, 176, 190] (62)
17 : [3, 78, 112] (65)
18 : [11, 57, 66, 93, 135, 171, 196] (71)
19 : [45, 75, 114, 128, 194] (67)
20 : [5, 19, 151, 169] (68)
21 : [7, 152, 155, 157, 174] (72)
22 : [12, 67, 82, 117, 141, 185] (71)
23 : [2, 8, 79, 143, 147, 163, 187, 188] (73)
24 : [29, 126, 164, 193] (69)
25 : [34, 43, 88, 150, 165, 168, 177] (70)
26 : [48, 58, 81, 97, 109] (71)
27 : [16, 22, 70, 95, 110, 166] (73)
28 : [24, 62, 87, 90, 173, 189] (71)
29 : [27, 125, 132, 145] (76)
30 : [15, 73, 77, 101, 105, 156, 159, 184] (72)
31 : [40, 118, 136, 179] (72)
32 : [99, 106, 107, 134, 138, 154, 158, 162] (71)
33 : [65, 102, 104, 116, 122] (73)
34 : [31, 32, 69, 170] (75)
35 : [6, 26, 64, 84, 137, 192] (74)
36 : [74, 85, 86, 115, 123] (72)
