Name: 200-40-60
Time: 8.506667852401733 
Result: 9
Solution:  27 21 0 18 5 21 14 18 27 20 27 10 27 17 0 28 4 16 17 2 25 30 11 12 23 20 6 15 29 28 24 6 3 5 28 0 3 13 22 25 32 1 11 20 1 7 15 16 0 24 8 11 14 13 2 18 5 2 3 14 19 10 11 31 19 9 4 12 24 3 32 11 21 23 13 25 15 30 3 16 8 22 7 3 22 4 5 6 21 27 23 0 3 25 2 30 5 15 9 0 4 21 11 5 7 19 1 26 13 13 31 28 14 10 13 24 20 0 17 24 14 26 28 14 26 16 30 3 32 3 24 24 24 8 8 25 22 4 19 22 10 32 28 31 25 29 14 20 31 6 7 5 24 6 32 13 17 24 2 29 3 9 11 6 28 32 22 18 25 9 10 30 28 10 3 22 17 30 13 17 15 1 14 10 23 12 2 26 2 14 3 19 12 12 4 31 14 23 22 21
0 : [2, 14, 35, 48, 91, 99, 117] (45)
1 : [41, 44, 106, 181] (45)
2 : [19, 54, 57, 94, 158, 186, 188] (46)
3 : [32, 36, 58, 69, 78, 83, 92, 127, 129, 160, 174, 190] (46)
4 : [16, 66, 85, 100, 137, 194] (46)
5 : [4, 33, 56, 86, 96, 103, 151] (46)
6 : [26, 31, 87, 149, 153, 163] (47)
7 : [45, 82, 104, 150] (47)
8 : [50, 80, 133, 134] (45)
9 : [65, 98, 161, 169] (46)
10 : [11, 61, 113, 140, 170, 173, 183] (46)
11 : [22, 42, 51, 62, 71, 102, 162] (47)
12 : [23, 67, 185, 192, 193] (46)
13 : [37, 53, 74, 108, 109, 114, 155, 178] (46)
14 : [6, 52, 59, 112, 120, 123, 146, 182, 189, 196] (49)
15 : [27, 46, 76, 97, 180] (50)
16 : [17, 47, 79, 125] (51)
17 : [13, 18, 118, 156, 176, 179] (53)
18 : [3, 7, 55, 167] (51)
19 : [60, 64, 105, 138, 191] (53)
20 : [9, 25, 43, 116, 147] (51)
21 : [1, 5, 72, 88, 101, 199] (52)
22 : [38, 81, 84, 136, 139, 166, 175, 198] (53)
23 : [24, 73, 90, 184, 197] (52)
24 : [30, 49, 68, 115, 119, 130, 131, 132, 152, 157] (52)
25 : [20, 39, 75, 93, 135, 144, 168] (52)
26 : [107, 121, 124, 187] (51)
27 : [0, 8, 10, 12, 89] (54)
28 : [15, 29, 34, 111, 122, 142, 164, 172] (52)
29 : [28, 145, 159] (53)
30 : [21, 77, 95, 126, 171, 177] (52)
31 : [63, 110, 143, 148, 195] (53)
32 : [40, 70, 128, 141, 154, 165] (53)
