Name: 200-40-60
Time: 8.525026321411133 
Result: 7
Solution:  28 28 1 14 4 25 11 18 27 22 26 10 28 17 3 29 4 16 16 2 28 27 14 14 25 22 6 15 28 28 21 11 2 4 30 1 0 14 15 32 31 1 11 20 1 5 15 20 0 27 7 12 14 12 4 20 10 0 6 13 18 10 11 30 22 10 5 8 24 6 23 11 22 25 12 25 16 31 1 19 17 23 2 10 18 9 3 6 19 27 23 0 0 25 2 29 3 13 8 3 10 22 10 7 2 15 3 26 13 12 32 27 15 9 15 24 21 1 13 20 7 31 32 14 22 16 30 9 32 7 25 17 22 7 9 23 18 4 24 22 11 32 28 31 25 29 11 19 29 5 5 7 25 6 32 10 17 24 5 26 6 12 6 7 30 30 26 16 23 10 10 30 30 10 6 25 17 31 10 16 13 0 9 11 21 14 0 24 6 9 0 21 8 14 4 27 15 32 21 20
0 : [36, 48, 57, 91, 92, 181, 186, 190] (48)
1 : [2, 35, 41, 44, 78, 117] (46)
2 : [19, 32, 82, 94, 104] (47)
3 : [14, 86, 96, 99, 106] (47)
4 : [4, 16, 33, 54, 137, 194] (47)
5 : [45, 66, 149, 150, 158] (46)
6 : [26, 58, 69, 87, 153, 160, 162, 174, 188] (46)
7 : [50, 103, 120, 129, 133, 151, 163] (46)
8 : [67, 98, 192] (48)
9 : [85, 113, 127, 134, 182, 189] (47)
10 : [11, 56, 61, 65, 83, 100, 102, 155, 169, 170, 173, 178] (46)
11 : [6, 31, 42, 62, 71, 140, 146, 183] (47)
12 : [51, 53, 74, 109, 161] (48)
13 : [59, 97, 108, 118, 180] (51)
14 : [3, 22, 23, 37, 52, 123, 185, 193] (49)
15 : [27, 38, 46, 105, 112, 114, 196] (49)
16 : [17, 18, 76, 125, 167, 179] (51)
17 : [13, 80, 131, 156, 176] (53)
18 : [7, 60, 84, 136] (51)
19 : [79, 88, 147] (52)
20 : [43, 47, 55, 119, 199] (50)
21 : [30, 116, 184, 191, 198] (51)
22 : [9, 25, 64, 72, 101, 124, 132, 139] (51)
23 : [70, 81, 90, 135, 168] (51)
24 : [68, 115, 138, 157, 187] (51)
25 : [5, 24, 73, 75, 93, 130, 144, 152, 175] (51)
26 : [10, 107, 159, 166] (51)
27 : [8, 21, 49, 89, 111, 195] (51)
28 : [0, 1, 12, 20, 28, 29, 142] (51)
29 : [15, 95, 145, 148] (51)
30 : [34, 63, 126, 164, 165, 171, 172] (53)
31 : [40, 77, 121, 143, 177] (52)
32 : [39, 110, 122, 128, 141, 154, 197] (52)
