Name: 200-30-45
Time: 8.263367891311646 
Result: 7
Solution:  14 23 18 12 8 29 3 23 10 14 11 15 19 10 10 21 21 17 4 14 9 27 4 5 12 2 17 28 26 7 17 12 2 25 28 23 5 19 14 19 13 4 28 4 15 27 8 7 19 6 15 10 17 0 25 14 25 24 26 22 16 26 12 29 12 18 6 6 1 11 0 21 19 4 8 7 20 29 15 15 13 14 2 21 1 10 23 24 2 8 10 8 21 10 16 14 20 26 15 29 27 2 13 6 11 26 22 12 24 6 3 1 28 25 21 4 23 8 9 16 19 18 10 18 18 20 8 5 9 24 15 28 7 13 1 8 0 23 8 1 29 5 18 29 9 9 6 24 16 22 14 0 13 5 27 29 18 2 19 17 15 17 10 3 8 20 12 8 20 16 9 15 2 20 16 4 11 26 7 8 9 4 12 20 12 3 27 6 6 19 2 7 27 24 26 11 22 13 14 18
0 : [53, 70, 136, 151] (38)
1 : [68, 84, 111, 134, 139] (37)
2 : [25, 32, 82, 88, 101, 157, 172, 190] (34)
3 : [6, 110, 163, 185] (34)
4 : [18, 22, 41, 43, 73, 115, 175, 181] (34)
5 : [23, 36, 127, 141, 153] (34)
6 : [49, 66, 67, 103, 109, 146, 187, 188] (35)
7 : [29, 47, 75, 132, 178, 191] (34)
8 : [4, 46, 74, 89, 91, 117, 126, 135, 138, 164, 167, 179] (34)
9 : [20, 118, 128, 144, 145, 170, 180] (34)
10 : [8, 13, 14, 51, 85, 90, 93, 122, 162] (34)
11 : [10, 69, 104, 176, 195] (38)
12 : [3, 24, 31, 62, 64, 107, 166, 182, 184] (36)
13 : [40, 80, 102, 133, 152, 197] (37)
14 : [0, 9, 19, 38, 55, 81, 95, 150, 198] (36)
15 : [11, 44, 50, 78, 79, 98, 130, 160, 171] (36)
16 : [60, 94, 119, 148, 169, 174] (37)
17 : [17, 26, 30, 52, 159, 161] (36)
18 : [2, 65, 121, 123, 124, 142, 156, 199] (36)
19 : [12, 37, 39, 48, 72, 120, 158, 189] (37)
20 : [76, 96, 125, 165, 168, 173, 183] (39)
21 : [15, 16, 71, 83, 92, 114] (39)
22 : [59, 106, 149, 196] (41)
23 : [1, 7, 35, 86, 116, 137] (39)
24 : [57, 87, 108, 129, 147, 193] (41)
25 : [33, 54, 56, 113] (41)
26 : [28, 58, 61, 97, 105, 177, 194] (39)
27 : [21, 45, 100, 154, 186, 192] (39)
28 : [27, 34, 42, 112, 131] (39)
29 : [5, 63, 77, 99, 140, 143, 155] (39)
