Name: 200-50-80
Time: 8.22063159942627 
Result: 21
Solution:  13 7 28 13 5 20 35 24 27 9 0 18 20 6 15 29 28 8 5 18 3 7 28 13 28 17 35 27 16 24 0 32 35 10 28 10 6 15 5 22 32 14 5 25 6 16 12 9 29 4 17 3 6 10 7 8 2 19 27 2 5 6 28 0 36 31 21 19 12 34 21 7 0 31 33 22 4 28 11 23 15 23 21 15 33 33 36 26 25 14 30 2 17 19 6 25 8 20 16 35 1 34 29 0 33 30 32 34 7 25 26 10 16 10 23 35 33 21 31 4 3 9 26 35 3 27 24 11 17 11 15 7 34 5 36 19 30 36 36 12 15 21 12 20 11 29 4 18 1 0 26 20 23 6 32 20 31 16 31 26 0 8 35 24 22 24 28 1 19 18 34 17 17 30 24 15 22 23 4 36 5 1 12 6 27 25 8 23 27 23 17 14 35 26 17 14 16 7 8 10
0 : [10, 30, 63, 72, 103, 149, 160] (55)
1 : [100, 148, 167, 181] (57)
2 : [56, 59, 91] (56)
3 : [20, 51, 120, 124] (57)
4 : [49, 76, 119, 146, 178] (56)
5 : [4, 18, 38, 42, 60, 133, 180] (57)
6 : [13, 36, 44, 52, 61, 94, 153, 183] (57)
7 : [1, 21, 54, 71, 108, 131, 197] (57)
8 : [17, 55, 96, 161, 186, 198] (61)
9 : [9, 47, 121] (64)
10 : [33, 35, 53, 111, 113, 199] (61)
11 : [78, 127, 129, 144] (61)
12 : [46, 68, 139, 142, 182] (62)
13 : [0, 3, 23] (68)
14 : [41, 89, 191, 195] (64)
15 : [14, 37, 80, 83, 130, 140, 175] (62)
16 : [28, 45, 98, 112, 157, 196] (64)
17 : [25, 50, 92, 128, 171, 172, 190, 194] (63)
18 : [11, 19, 147, 169] (63)
19 : [57, 67, 93, 135, 168] (65)
20 : [5, 12, 97, 143, 151, 155] (67)
21 : [66, 70, 82, 117, 141] (70)
22 : [39, 75, 164, 176] (69)
23 : [79, 81, 114, 152, 177, 187, 189] (71)
24 : [7, 29, 126, 163, 165, 174] (68)
25 : [43, 88, 95, 109, 185] (72)
26 : [87, 110, 122, 150, 159, 193] (70)
27 : [8, 27, 58, 125, 184, 188] (70)
28 : [2, 16, 22, 24, 34, 62, 77, 166] (72)
29 : [15, 48, 102, 145] (75)
30 : [90, 105, 136, 173] (76)
31 : [65, 73, 118, 156, 158] (73)
32 : [31, 40, 106, 154] (73)
33 : [74, 84, 85, 104, 116] (72)
34 : [69, 101, 107, 132, 170] (71)
35 : [6, 26, 32, 99, 115, 123, 162, 192] (71)
36 : [64, 86, 134, 137, 138, 179] (72)
