Name: 400-50-80
Time: 17.320711374282837 
Result: 79
Solution:  19 2 61 70 18 84 84 17 29 52 85 11 28 35 74 70 13 24 50 10 36 34 50 20 42 1 25 20 21 28 58 63 77 11 62 50 67 42 10 59 8 12 75 34 84 51 60 82 85 1 12 72 62 0 73 74 30 69 18 67 16 42 83 59 14 39 81 6 26 81 39 28 63 69 64 78 48 33 84 44 8 72 61 4 56 54 79 19 5 52 74 18 43 42 81 6 67 0 56 54 58 8 46 0 51 3 17 8 39 32 24 45 33 66 77 49 50 6 50 80 77 39 44 75 5 27 64 11 62 50 60 50 26 2 40 51 9 47 31 65 37 35 31 25 8 68 78 62 39 30 83 45 53 30 57 15 24 76 3 64 59 1 23 75 68 37 8 32 56 85 37 23 71 83 36 41 32 83 21 38 17 12 69 57 76 46 35 65 44 40 66 46 30 31 76 71 83 37 15 41 85 9 34 22 5 46 69 49 43 67 64 37 61 14 17 73 71 82 33 33 1 14 34 4 80 3 38 55 17 19 13 43 72 65 55 44 8 13 74 52 34 69 61 55 41 25 9 70 71 43 47 42 77 68 2 75 25 25 26 6 49 47 57 41 75 44 20 20 77 66 22 76 83 9 11 43 13 76 78 41 26 77 82 60 47 58 79 42 22 54 35 27 28 15 53 23 3 63 54 27 4 1 65 70 63 81 45 84 82 34 69 9 39 61 83 68 31 58 39 71 70 48 76 9 63 14 60 63 60 1 21 80 41 29 68 47 74 43 79 78 10 66 56 45 51 80 24 84 51 6 59 83 3 52 51 38 32 60 85 26 53 36 58 73 40 22 71 42 78 21 37 12 48 16 19 72 19 55 4 23 29 46 41 79 5 57 18 40 67 56 49 55 36 41 28 48 29 52 1 33
0 : [53, 97, 103] (53)
1 : [25, 49, 161, 220, 301, 329, 398] (60)
2 : [1, 133, 254] (60)
3 : [105, 158, 225, 296, 352] (59)
4 : [83, 223, 300, 378] (59)
5 : [88, 124, 204, 384] (52)
6 : [67, 95, 117, 259, 349] (53)
7 : [] (0)
8 : [40, 80, 101, 107, 144, 166, 236] (56)
9 : [136, 201, 246, 273, 311, 323] (52)
10 : [19, 38, 340] (51)
11 : [11, 33, 127, 274] (57)
12 : [41, 50, 181, 371] (60)
13 : [16, 230, 237, 276] (52)
14 : [64, 213, 221, 325] (60)
15 : [155, 198, 293] (58)
16 : [60, 373] (54)
17 : [7, 106, 180, 214, 228] (60)
18 : [4, 58, 91, 386] (54)
19 : [0, 87, 229, 374, 376] (57)
20 : [23, 27, 266, 267] (61)
21 : [28, 178, 330, 369] (63)
22 : [203, 270, 288, 365] (60)
23 : [162, 171, 295, 379] (63)
24 : [17, 110, 156, 346] (59)
25 : [26, 143, 245, 256, 257] (66)
26 : [68, 132, 258, 280, 359] (65)
27 : [125, 291, 299] (66)
28 : [12, 29, 71, 292, 394] (64)
29 : [8, 333, 380, 396] (65)
30 : [56, 149, 153, 192] (65)
31 : [138, 142, 193, 316] (64)
32 : [109, 167, 176, 356] (64)
33 : [77, 112, 218, 219, 399] (62)
34 : [21, 43, 202, 222, 240, 309] (66)
35 : [13, 141, 186, 290] (64)
36 : [20, 174, 361, 392] (67)
37 : [140, 165, 170, 197, 211, 370] (65)
38 : [179, 226, 355] (60)
39 : [65, 70, 108, 121, 148, 312, 318] (61)
40 : [134, 189, 364, 387] (59)
41 : [175, 199, 244, 263, 279, 332, 382, 393] (60)
42 : [24, 37, 61, 93, 251, 287, 367] (61)
43 : [92, 208, 231, 249, 275, 337] (64)
44 : [79, 122, 188, 235, 265] (63)
45 : [111, 151, 306, 343] (62)
46 : [102, 185, 191, 205, 381] (65)
47 : [137, 250, 261, 284, 335] (64)
48 : [76, 321, 372, 395] (68)
49 : [115, 207, 260, 390] (65)
50 : [18, 22, 35, 116, 118, 129, 131] (64)
51 : [45, 104, 135, 344, 348, 354] (68)
52 : [9, 89, 239, 353, 397] (67)
53 : [152, 294, 360] (67)
54 : [85, 99, 289, 298] (71)
55 : [227, 234, 243, 377, 391] (69)
56 : [84, 98, 168, 342, 389] (67)
57 : [154, 183, 262, 385] (69)
58 : [30, 100, 285, 317, 362] (69)
59 : [39, 63, 160, 350] (73)
60 : [46, 130, 283, 326, 328, 357] (72)
61 : [2, 82, 212, 242, 313] (74)
62 : [34, 52, 128, 147] (72)
63 : [31, 72, 297, 304, 324, 327] (75)
64 : [74, 126, 159, 210] (78)
65 : [139, 187, 233, 302] (74)
66 : [113, 190, 269, 341] (75)
67 : [36, 59, 96, 209, 388] (79)
68 : [145, 164, 253, 315, 334] (76)
69 : [57, 73, 182, 206, 241, 310] (75)
70 : [3, 15, 247, 303, 320] (76)
71 : [172, 195, 216, 248, 319, 366] (76)
72 : [51, 81, 232, 375] (76)
73 : [54, 215, 363] (77)
74 : [14, 55, 90, 238, 336] (75)
75 : [42, 123, 163, 255, 264] (75)
76 : [157, 184, 194, 271, 277, 322] (73)
77 : [32, 114, 120, 252, 268, 281] (75)
78 : [75, 146, 278, 339, 368] (74)
79 : [86, 286, 338, 383] (76)
80 : [119, 224, 331, 345] (75)
81 : [66, 69, 94, 305] (77)
82 : [47, 217, 282, 308] (77)
83 : [62, 150, 173, 177, 196, 272, 314, 351] (75)
84 : [5, 6, 44, 78, 307, 347] (75)
85 : [10, 48, 169, 200, 358] (75)
