Name: 400-40-60
Time: 17.930164575576782 
Result: 18
Solution:  60 26 16 20 47 27 13 66 30 34 11 39 8 0 23 43 62 59 56 10 60 52 64 13 59 35 56 31 34 24 27 9 66 35 18 55 24 19 5 7 51 7 26 4 12 22 26 65 17 1 14 26 62 57 0 15 64 25 16 33 8 62 1 21 42 26 8 44 23 29 43 37 1 47 31 21 8 0 58 32 48 28 49 35 18 2 20 10 11 66 36 8 19 8 41 12 0 55 44 8 40 4 64 53 37 14 49 28 9 7 7 41 66 42 46 57 8 30 66 17 65 64 66 24 51 31 15 25 18 56 24 22 9 45 24 13 4 15 41 40 58 23 64 41 65 21 23 0 43 59 42 8 24 65 66 19 30 4 4 39 35 28 15 52 16 36 13 58 52 37 32 29 0 4 8 34 52 36 23 22 41 32 39 52 22 14 50 24 11 5 32 20 2 3 9 50 49 6 20 15 43 65 47 16 60 5 18 12 65 7 66 40 56 33 26 60 13 39 55 39 8 39 33 50 34 61 39 33 36 57 9 36 48 4 56 54 32 15 27 51 48 53 48 3 3 36 53 44 30 61 58 29 38 53 43 18 53 35 31 14 62 12 48 61 35 11 40 6 55 40 5 52 50 64 2 57 36 56 50 33 46 45 0 29 9 45 25 43 29 55 32 46 4 20 19 10 13 49 10 55 17 18 32 43 33 25 27 63 44 9 41 4 32 30 61 26 14 66 34 32 42 7 52 66 18 54 54 47 5 47 6 24 53 57 42 4 2 63 37 33 38 59 63 66 26 24 38 23 18 47 52 41 25 63 20 8 13 54 22 40 52 18 36 21 48 21 31 51 44 44 9 26 26 29 47 8 20 38 54 42 23 24 56 8 57 58 52 3 12 30 15 51 28 38 64 58 45 21 46 6
0 : [13, 54, 77, 96, 147, 172, 282] (40)
1 : [49, 62, 72] (41)
2 : [85, 192, 274, 336] (40)
3 : [193, 243, 244, 387] (41)
4 : [43, 101, 136, 157, 158, 173, 233, 292, 311, 335] (40)
5 : [38, 189, 205, 270, 328] (40)
6 : [197, 267, 330, 399] (43)
7 : [39, 41, 109, 110, 209, 321] (40)
8 : [12, 60, 66, 76, 91, 93, 99, 116, 151, 174, 220, 355, 375, 383] (40)
9 : [31, 108, 132, 194, 230, 284, 309, 370] (42)
10 : [19, 87, 295, 298] (41)
11 : [10, 88, 188, 265] (44)
12 : [44, 95, 207, 261, 388] (43)
13 : [6, 23, 135, 166, 216, 296, 356] (41)
14 : [50, 105, 185, 259, 316] (46)
15 : [55, 126, 137, 162, 199, 237, 390] (46)
16 : [2, 58, 164, 203] (46)
17 : [48, 119, 300] (47)
18 : [34, 84, 128, 206, 255, 301, 324, 348, 361] (46)
19 : [37, 92, 155, 294] (47)
20 : [3, 86, 191, 198, 293, 354, 376] (45)
21 : [63, 75, 145, 363, 365, 397] (47)
22 : [45, 131, 179, 184, 358] (46)
23 : [14, 68, 141, 146, 178, 347, 380] (45)
24 : [29, 36, 123, 130, 134, 152, 187, 331, 345, 381] (46)
25 : [57, 127, 286, 305, 352] (44)
26 : [1, 42, 46, 51, 65, 214, 315, 344, 371, 372] (46)
27 : [5, 30, 238, 306] (48)
28 : [81, 107, 161, 392] (47)
29 : [69, 171, 251, 283, 288, 373] (48)
30 : [8, 117, 156, 248, 313, 389] (49)
31 : [27, 74, 125, 258, 366] (52)
32 : [79, 170, 181, 190, 236, 290, 302, 312, 319] (51)
33 : [59, 213, 222, 227, 279, 304, 339] (51)
34 : [9, 28, 175, 224, 318] (51)
35 : [25, 33, 83, 160, 257, 264] (53)
36 : [90, 165, 177, 228, 231, 245, 276, 362] (50)
37 : [71, 104, 169, 338] (51)
38 : [252, 340, 346, 377, 393] (54)
39 : [11, 159, 182, 217, 219, 221, 226] (53)
40 : [100, 139, 211, 266, 269, 359] (54)
41 : [94, 111, 138, 143, 180, 310, 351] (56)
42 : [64, 113, 150, 320, 334, 379] (53)
43 : [15, 70, 148, 200, 254, 287, 303] (54)
44 : [67, 98, 247, 308, 368, 369] (53)
45 : [133, 281, 285, 396] (58)
46 : [114, 280, 291, 398] (55)
47 : [4, 73, 202, 327, 329, 349, 374] (54)
48 : [80, 232, 240, 242, 262, 364] (54)
49 : [82, 106, 196, 297] (54)
50 : [186, 195, 223, 272, 278] (56)
51 : [40, 124, 239, 367, 391] (57)
52 : [21, 163, 168, 176, 183, 271, 322, 350, 360, 386] (54)
53 : [103, 241, 246, 253, 256, 332] (55)
54 : [235, 325, 326, 357, 378] (55)
55 : [35, 97, 218, 268, 289, 299] (55)
56 : [18, 26, 129, 212, 234, 277, 382] (54)
57 : [53, 115, 229, 275, 333, 384] (54)
58 : [78, 140, 167, 250, 385, 395] (56)
59 : [17, 24, 149, 341] (55)
60 : [0, 20, 204, 215] (54)
61 : [225, 249, 263, 314] (58)
62 : [16, 52, 61, 260] (54)
63 : [307, 337, 342, 353] (54)
64 : [22, 56, 102, 121, 142, 273, 394] (53)
65 : [47, 120, 144, 153, 201, 208] (53)
66 : [7, 32, 89, 112, 118, 122, 154, 210, 317, 323, 343] (53)
