Name: 400-30-45
Time: 19.97376537322998 
Result: 45
Solution:  88 76 56 48 47 6 97 24 3 10 87 35 81 73 15 44 50 1 43 45 28 35 98 89 30 2 2 15 14 65 32 69 10 86 28 47 25 58 77 40 79 28 13 18 91 26 29 43 60 41 98 93 37 91 40 49 60 92 20 53 70 64 39 19 64 96 94 61 78 28 34 44 0 39 58 78 3 50 72 27 11 1 54 40 2 50 7 74 57 65 96 0 39 36 4 19 77 55 75 57 5 74 58 67 4 66 66 72 51 46 44 55 98 88 7 97 64 42 1 78 35 86 70 73 5 86 84 93 92 92 38 10 6 51 18 82 80 54 43 17 53 22 28 66 97 14 79 49 32 71 21 63 22 0 4 90 65 81 86 8 95 72 80 21 8 76 71 75 38 56 41 20 30 15 50 59 63 28 92 80 55 40 68 0 46 32 45 79 59 61 17 26 75 60 34 15 22 64 38 17 78 33 29 59 27 34 62 19 66 95 58 23 91 28 73 28 62 0 9 50 24 61 72 47 97 31 71 52 54 7 90 93 51 6 27 83 31 20 52 68 9 76 13 42 71 54 51 96 97 10 87 27 4 81 31 85 48 13 4 50 48 33 11 82 68 15 42 70 14 90 73 2 14 85 85 52 93 36 57 66 7 97 18 65 37 79 37 87 94 88 68 67 21 33 41 30 81 38 5 51 0 20 90 62 63 89 10 72 87 13 35 41 95 82 1 5 84 25 83 31 12 2 32 41 59 26 93 21 93 41 75 67 84 86 98 70 23 21 49 9 13 75 14 12 56 11 20 56 31 2 58 72 94 29 48 82 24 88 77 48 91 23 9 89 36 34 9 8 86 95 15 45 37 53 96 61 57 55 67 62 77 42 73 47 34 96 22 83 76 31 25 17 63 94 39 46 69 19 53 12
0 : [72, 91, 153, 183, 217, 300] (33)
1 : [17, 81, 118, 314] (33)
2 : [25, 26, 84, 271, 321, 349] (36)
3 : [8, 76] (34)
4 : [94, 104, 154, 252, 258] (33)
5 : [100, 124, 298, 315] (35)
6 : [5, 132, 233] (37)
7 : [86, 114, 229, 280] (33)
8 : [159, 164, 367] (36)
9 : [218, 240, 339, 362, 366] (33)
10 : [9, 32, 131, 249, 306] (33)
11 : [80, 262, 345] (37)
12 : [320, 343, 399] (30)
13 : [42, 242, 257, 309, 340] (30)
14 : [28, 145, 268, 272, 342] (33)
15 : [14, 27, 173, 195, 265, 370] (31)
16 : [] (0)
17 : [139, 190, 199, 391] (31)
18 : [43, 134, 282] (31)
19 : [63, 95, 207, 397] (31)
20 : [58, 171, 237, 301, 346] (31)
21 : [150, 163, 292, 327, 337] (33)
22 : [141, 152, 196, 386] (32)
23 : [211, 336, 361] (34)
24 : [7, 220, 356] (35)
25 : [36, 317, 390] (37)
26 : [45, 191, 325] (36)
27 : [79, 204, 234, 251] (34)
28 : [20, 34, 41, 69, 142, 177, 213, 215] (34)
29 : [46, 202, 353] (35)
30 : [24, 172, 295] (35)
31 : [225, 236, 254, 319, 348, 389] (36)
32 : [30, 148, 185, 322] (35)
33 : [201, 261, 293] (36)
34 : [70, 194, 205, 365, 384] (36)
35 : [11, 21, 120, 310] (35)
36 : [93, 277, 364] (36)
37 : [52, 284, 286, 372] (39)
38 : [130, 168, 198, 297] (37)
39 : [62, 73, 92, 394] (39)
40 : [39, 54, 83, 181] (36)
41 : [49, 170, 294, 311, 323, 329] (37)
42 : [117, 243, 266, 381] (38)
43 : [18, 47, 138] (38)
44 : [15, 71, 110] (40)
45 : [19, 186, 371] (39)
46 : [109, 184, 395] (39)
47 : [4, 35, 223, 383] (39)
48 : [3, 256, 260, 354, 359] (41)
49 : [55, 147, 338] (39)
50 : [16, 77, 85, 174, 219, 259] (38)
51 : [108, 133, 232, 246, 299] (39)
52 : [227, 238, 275] (37)
53 : [59, 140, 373, 398] (37)
54 : [82, 137, 228, 245] (41)
55 : [97, 111, 180, 377] (40)
56 : [2, 169, 344, 347] (40)
57 : [88, 99, 278, 376] (41)
58 : [37, 74, 102, 210, 350] (38)
59 : [175, 188, 203, 324] (37)
60 : [48, 56, 193] (37)
61 : [67, 189, 221, 375] (37)
62 : [206, 216, 303, 379] (38)
63 : [151, 176, 304, 392] (42)
64 : [61, 64, 116, 197] (42)
65 : [29, 89, 156, 283] (41)
66 : [105, 106, 143, 208, 279] (40)
67 : [103, 291, 331, 378] (38)
68 : [182, 239, 264, 290] (41)
69 : [31, 396] (43)
70 : [60, 122, 267, 335] (42)
71 : [149, 166, 226, 244] (39)
72 : [78, 107, 161, 222, 307, 351] (40)
73 : [13, 123, 214, 270, 382] (40)
74 : [87, 101] (41)
75 : [98, 167, 192, 330, 341] (40)
76 : [1, 165, 241, 388] (45)
77 : [38, 96, 358, 380] (45)
78 : [68, 75, 119, 200] (44)
79 : [40, 146, 187, 285] (41)
80 : [136, 162, 179] (42)
81 : [12, 157, 253, 296] (44)
82 : [135, 263, 313, 355] (45)
83 : [235, 318, 387] (41)
84 : [126, 316, 332] (42)
85 : [255, 273, 274] (43)
86 : [33, 121, 125, 158, 333, 368] (40)
87 : [10, 250, 287, 308] (43)
88 : [0, 113, 289, 357] (44)
89 : [23, 305, 363] (45)
90 : [155, 230, 269, 302] (44)
91 : [44, 53, 212, 360] (44)
92 : [57, 128, 129, 178] (43)
93 : [51, 127, 231, 276, 326, 328] (44)
94 : [66, 288, 352, 393] (45)
95 : [160, 209, 312, 369] (44)
96 : [65, 90, 247, 374, 385] (45)
97 : [6, 115, 144, 224, 248, 281] (43)
98 : [22, 50, 112, 334] (43)
