Name: 400-50-80
Time: 17.35109567642212 
Result: 29
Solution:  15 0 58 69 18 81 85 19 30 54 83 11 25 32 75 68 12 23 48 10 41 36 49 22 40 2 24 20 19 26 58 59 75 11 61 51 68 42 17 57 8 11 64 35 83 50 62 84 85 6 9 68 70 0 73 80 29 69 16 66 14 43 83 61 13 40 79 7 28 80 39 29 64 74 66 75 44 34 83 46 5 72 61 6 59 53 83 21 7 48 72 24 38 40 80 6 67 1 56 53 56 8 46 6 49 4 15 8 39 34 25 49 29 63 79 49 49 8 54 79 78 41 47 70 8 32 63 12 67 53 60 49 27 3 41 47 6 48 32 65 38 37 33 26 6 72 80 62 44 29 84 45 59 29 50 18 30 80 2 67 57 4 16 73 74 45 14 31 55 84 29 22 76 81 32 42 33 84 24 39 15 17 64 56 76 39 37 68 45 43 61 51 28 34 76 70 79 36 9 39 85 11 38 17 5 47 67 49 44 65 62 37 62 13 21 74 76 72 29 33 2 15 32 3 82 4 38 54 15 20 13 42 71 64 50 46 8 21 70 54 34 69 57 56 39 23 4 70 68 41 50 39 78 71 5 72 25 26 28 12 46 55 56 42 75 46 21 25 71 66 23 77 85 8 16 41 12 79 80 35 31 78 81 60 47 57 77 42 27 52 35 24 26 13 53 21 2 65 52 27 4 6 64 73 64 78 40 82 82 36 60 9 38 63 78 67 31 58 38 73 70 44 69 6 62 13 60 62 64 1 14 81 41 31 60 48 72 43 84 77 1 65 52 45 44 81 20 80 55 6 57 83 7 59 56 43 30 58 85 33 54 42 61 77 35 22 73 43 78 21 35 17 48 10 23 71 19 55 4 22 27 48 40 83 5 55 17 40 66 56 51 59 37 42 28 51 30 53 0 33
0 : [1, 53, 398] (52)
1 : [97, 329, 340] (58)
2 : [25, 158, 220, 296] (52)
3 : [133, 223] (51)
4 : [105, 161, 225, 246, 300, 378] (50)
5 : [80, 204, 254, 384] (50)
6 : [49, 83, 95, 103, 136, 144, 301, 323, 349] (51)
7 : [67, 88, 352] (57)
8 : [40, 101, 107, 117, 124, 236, 273] (50)
9 : [50, 198, 311] (59)
10 : [19, 373] (59)
11 : [11, 33, 41, 201] (51)
12 : [16, 127, 259, 276] (53)
13 : [64, 213, 230, 293, 325] (57)
14 : [60, 166, 330] (55)
15 : [0, 106, 180, 221, 228] (55)
16 : [58, 162, 274] (58)
17 : [38, 181, 203, 371, 386] (52)
18 : [4, 155] (52)
19 : [7, 28, 376] (58)
20 : [27, 229, 346] (57)
21 : [87, 214, 237, 266, 295, 369] (56)
22 : [23, 171, 365, 379] (57)
23 : [17, 245, 270, 374] (56)
24 : [26, 91, 178, 291] (62)
25 : [12, 110, 256, 267] (61)
26 : [29, 143, 257, 292] (64)
27 : [132, 288, 299, 380] (66)
28 : [68, 192, 258, 394] (61)
29 : [56, 71, 112, 149, 153, 170, 218] (62)
30 : [8, 156, 356, 396] (61)
31 : [167, 280, 316, 333] (65)
32 : [13, 125, 138, 174, 222] (67)
33 : [142, 176, 219, 359, 399] (64)
34 : [77, 109, 193, 240] (69)
35 : [43, 279, 290, 364, 370] (65)
36 : [21, 197, 309] (63)
37 : [141, 186, 211, 392] (65)
38 : [92, 140, 202, 226, 312, 318] (68)
39 : [70, 108, 179, 185, 199, 244, 251] (64)
40 : [24, 65, 93, 306, 382, 387] (64)
41 : [20, 121, 134, 249, 275, 332] (66)
42 : [37, 175, 231, 263, 287, 361, 393] (64)
43 : [61, 189, 337, 355, 367] (64)
44 : [76, 148, 208, 321, 344] (66)
45 : [151, 165, 188, 343] (63)
46 : [79, 102, 235, 260, 265] (65)
47 : [122, 135, 205, 284] (65)
48 : [18, 89, 137, 335, 372, 381] (63)
49 : [22, 104, 111, 115, 116, 131, 207] (66)
50 : [45, 154, 234, 250] (67)
51 : [35, 191, 390, 395] (64)
52 : [289, 298, 342] (68)
53 : [85, 99, 129, 294, 397] (69)
54 : [9, 118, 227, 239, 360] (69)
55 : [168, 261, 348, 377, 385] (68)
56 : [98, 100, 183, 243, 262, 354, 389] (70)
57 : [39, 160, 242, 285, 350] (68)
58 : [2, 30, 317, 357] (70)
59 : [31, 84, 152, 353, 391] (70)
60 : [130, 283, 310, 326, 334] (72)
61 : [34, 63, 82, 190, 362] (71)
62 : [46, 147, 210, 212, 324, 327] (71)
63 : [113, 126, 313] (70)
64 : [42, 72, 182, 233, 302, 304, 328] (71)
65 : [139, 209, 297, 341] (79)
66 : [59, 74, 269, 388] (73)
67 : [96, 128, 159, 206, 315] (71)
68 : [15, 36, 51, 187, 248] (78)
69 : [3, 57, 241, 322] (78)
70 : [52, 123, 195, 238, 247, 320] (77)
71 : [232, 253, 268, 375] (77)
72 : [81, 90, 145, 217, 255, 336] (79)
73 : [54, 163, 303, 319, 366] (74)
74 : [73, 164, 215] (74)
75 : [14, 32, 75, 264] (78)
76 : [172, 184, 194, 216] (76)
77 : [271, 286, 339, 363] (77)
78 : [120, 252, 281, 305, 314, 368] (74)
79 : [66, 114, 119, 196, 277] (75)
80 : [55, 69, 94, 146, 157, 278, 347] (75)
81 : [5, 173, 282, 331, 345] (74)
82 : [224, 307, 308] (76)
83 : [10, 44, 62, 78, 86, 351, 383] (75)
84 : [47, 150, 169, 177, 338] (77)
85 : [6, 48, 200, 272, 358] (75)
