Name: 400-20-30
Time: 17.50295662879944 
Result: 9
Solution:  65 55 39 48 57 26 27 46 9 49 37 47 26 15 62 9 22 37 46 59 44 51 29 20 4 17 38 50 17 34 2 10 29 44 36 64 50 1 18 22 23 26 21 35 64 26 20 6 44 15 53 57 61 39 15 55 4 32 55 15 4 10 56 25 20 4 39 42 49 0 61 40 20 42 52 54 18 39 64 1 46 8 7 8 32 20 42 16 6 58 5 10 59 28 28 24 5 44 4 18 56 5 40 47 63 31 30 47 14 33 19 61 34 44 11 29 63 41 20 52 23 29 52 49 51 65 32 39 9 48 18 2 57 12 48 45 10 15 60 56 19 62 39 14 41 30 56 19 17 3 65 13 35 57 32 64 65 54 40 3 42 53 54 22 29 21 36 27 49 47 7 25 38 1 23 16 43 4 33 62 50 58 30 62 27 46 56 54 18 51 14 0 10 0 31 59 58 12 46 45 7 6 35 16 15 8 32 45 43 58 13 51 54 25 31 37 18 58 11 63 11 25 27 38 28 35 18 3 59 30 13 38 45 50 12 42 65 21 61 56 26 63 7 60 4 3 2 63 40 48 65 14 62 33 4 5 24 33 64 64 13 42 19 51 3 29 15 58 62 49 32 37 14 37 51 5 55 41 49 36 60 57 40 6 14 52 41 32 35 8 17 43 28 0 24 44 45 59 30 27 47 23 52 21 36 2 11 8 39 53 19 8 61 0 17 35 23 18 36 11 33 15 33 55 5 38 2 18 5 45 51 16 5 22 41 53 30 55 52 48 43 50 60 7 56 16 1 8 10 24 42 53 43 34 31 45 35 62 36 61 29 64 1 16 65 34 43 29 42 16 32 14 59 17 32 61 7 25 8 3 33 4 31 8 49 20 21 29 5 51 64 11 26 45 29 13 6 60 24 45
0 : [69, 191, 193, 293, 313] (21)
1 : [37, 79, 173, 346, 362] (21)
2 : [30, 131, 246, 305, 326] (21)
3 : [149, 159, 227, 245, 264, 379] (21)
4 : [24, 56, 60, 65, 98, 177, 244, 254, 381] (21)
5 : [90, 96, 101, 255, 275, 324, 328, 332, 388] (21)
6 : [47, 88, 201, 283, 396] (22)
7 : [82, 170, 200, 242, 343, 376] (23)
8 : [81, 83, 205, 289, 307, 311, 347, 378, 383] (21)
9 : [8, 15, 128] (21)
10 : [31, 61, 91, 136, 192, 348] (21)
11 : [114, 218, 220, 306, 319, 391] (21)
12 : [133, 197, 234] (23)
13 : [151, 210, 230, 260, 395] (21)
14 : [108, 143, 190, 251, 272, 284, 371] (21)
15 : [13, 49, 54, 59, 137, 204, 266, 321] (21)
16 : [87, 175, 203, 331, 345, 363, 369] (21)
17 : [25, 28, 148, 290, 314, 373] (22)
18 : [38, 76, 99, 130, 188, 216, 226, 317, 327] (23)
19 : [110, 140, 147, 262, 310] (23)
20 : [23, 46, 64, 72, 85, 118, 385] (22)
21 : [42, 165, 237, 303, 386] (22)
22 : [16, 39, 163, 333] (23)
23 : [40, 120, 174, 301, 316] (23)
24 : [95, 256, 294, 349, 398] (23)
25 : [63, 171, 213, 221, 377] (26)
26 : [5, 12, 41, 45, 240, 392] (23)
27 : [6, 167, 184, 222, 299] (25)
28 : [93, 94, 224, 292] (24)
29 : [22, 32, 115, 121, 164, 265, 360, 367, 387, 394] (24)
30 : [106, 145, 182, 229, 298, 336] (23)
31 : [105, 194, 214, 354, 382] (24)
32 : [57, 84, 126, 154, 206, 270, 287, 370, 374] (24)
33 : [109, 178, 253, 257, 320, 322, 380] (24)
34 : [29, 112, 353, 365] (26)
35 : [43, 152, 202, 225, 288, 315, 356] (24)
36 : [34, 166, 279, 304, 318, 358] (25)
37 : [10, 17, 215, 271, 273] (25)
38 : [26, 172, 223, 231, 325] (25)
39 : [2, 53, 66, 77, 127, 142, 308] (25)
40 : [71, 102, 158, 248, 282] (26)
41 : [117, 144, 277, 286, 334] (25)
42 : [67, 73, 86, 160, 235, 261, 350, 368] (26)
43 : [176, 208, 291, 340, 352, 366] (26)
44 : [20, 33, 48, 97, 113, 295] (27)
45 : [135, 199, 207, 232, 296, 329, 355, 393, 399] (26)
46 : [7, 18, 80, 185, 198] (27)
47 : [11, 103, 107, 169, 300] (27)
48 : [3, 129, 134, 249, 339] (27)
49 : [9, 68, 123, 168, 269, 278, 384] (27)
50 : [27, 36, 180, 233, 341] (27)
51 : [21, 124, 189, 211, 263, 274, 330, 389] (28)
52 : [74, 119, 122, 285, 302, 338] (27)
53 : [50, 161, 309, 335, 351] (29)
54 : [75, 157, 162, 187, 212] (28)
55 : [1, 55, 58, 276, 323, 337] (27)
56 : [62, 100, 139, 146, 186, 239, 344] (28)
57 : [4, 51, 132, 153, 281] (28)
58 : [89, 181, 196, 209, 217, 267] (29)
59 : [19, 92, 195, 228, 297, 372] (30)
60 : [138, 243, 280, 342, 397] (29)
61 : [52, 70, 111, 238, 312, 359, 375] (28)
62 : [14, 141, 179, 183, 252, 268, 357] (29)
63 : [104, 116, 219, 241, 247] (30)
64 : [35, 44, 78, 155, 258, 259, 361, 390] (29)
65 : [0, 125, 150, 156, 236, 250, 364] (29)
