Name: 400-20-30
Time: 17.597965717315674 
Result: 9
Solution:  64 56 40 48 59 29 27 46 6 51 37 48 31 17 65 13 22 44 47 61 45 53 28 21 8 16 34 51 18 41 2 11 28 45 38 60 50 0 19 20 23 29 19 32 63 27 20 3 44 18 53 56 63 37 18 55 6 32 49 16 8 11 56 26 19 4 34 43 46 5 59 40 23 43 57 48 19 38 57 0 46 10 9 9 34 21 44 16 7 57 2 8 59 28 26 25 5 37 0 21 56 8 40 47 60 27 28 47 14 34 15 60 35 43 8 27 58 42 11 52 15 27 54 44 51 61 30 37 12 52 17 0 56 10 49 46 9 15 61 56 19 62 36 14 44 32 47 18 18 2 65 10 39 55 29 64 64 52 41 2 42 53 54 21 29 18 35 22 50 44 11 24 38 2 24 20 46 0 28 60 51 57 33 58 25 47 54 56 17 50 8 0 4 1 31 65 65 13 45 43 10 6 34 22 12 3 30 47 45 59 11 46 52 23 34 32 16 55 1 62 9 34 30 34 22 36 18 4 58 30 19 39 45 49 11 36 58 20 62 56 28 63 7 60 4 4 1 63 43 47 65 15 62 31 1 4 23 33 65 65 10 42 19 49 7 33 15 55 57 54 33 39 17 37 50 0 57 41 49 35 63 59 39 3 14 50 43 32 35 13 16 43 26 0 27 44 47 61 31 27 41 24 51 12 39 2 11 6 39 58 21 9 56 7 18 38 21 17 36 9 34 13 33 49 5 38 5 17 1 44 42 15 5 26 50 52 27 60 59 53 39 51 64 6 58 16 0 8 17 24 42 54 40 33 28 45 35 61 31 60 25 65 2 14 64 32 41 30 42 16 33 17 59 22 34 61 5 25 17 3 29 3 30 8 48 19 26 31 4 53 64 14 24 46 30 14 1 64 24 44
0 : [37, 79, 98, 131, 177, 191, 275, 293, 346] (21)
1 : [193, 218, 246, 254, 328, 396] (23)
2 : [30, 90, 149, 159, 173, 305, 362] (21)
3 : [47, 205, 283, 379, 381] (20)
4 : [65, 192, 227, 244, 245, 255, 388] (20)
5 : [69, 96, 324, 326, 332, 376] (21)
6 : [8, 56, 201, 307, 343] (20)
7 : [88, 242, 264, 313] (22)
8 : [24, 60, 91, 101, 114, 190, 347, 383] (22)
9 : [82, 83, 136, 220, 311, 319] (23)
10 : [81, 133, 151, 200, 260] (22)
11 : [31, 61, 118, 170, 210, 234, 306] (23)
12 : [128, 204, 303] (22)
13 : [15, 197, 289, 321] (22)
14 : [108, 143, 284, 363, 391, 395] (22)
15 : [110, 120, 137, 251, 266, 331] (22)
16 : [25, 59, 87, 216, 290, 345, 369] (23)
17 : [13, 130, 188, 272, 317, 327, 348, 371, 378] (21)
18 : [28, 49, 54, 147, 148, 165, 226, 314] (21)
19 : [38, 42, 64, 76, 140, 230, 262, 385] (22)
20 : [39, 46, 175, 237] (23)
21 : [23, 85, 99, 163, 310, 316] (23)
22 : [16, 167, 203, 224, 373] (23)
23 : [40, 72, 213, 256] (23)
24 : [171, 174, 301, 349, 392, 398] (23)
25 : [95, 184, 360, 377] (23)
26 : [63, 94, 292, 333, 386] (23)
27 : [6, 45, 105, 115, 121, 294, 299, 336] (24)
28 : [22, 32, 93, 106, 178, 240, 354] (24)
29 : [5, 41, 154, 164, 380] (23)
30 : [126, 206, 222, 229, 367, 382, 394] (25)
31 : [12, 194, 253, 298, 358, 387] (24)
32 : [43, 57, 145, 215, 287, 365] (24)
33 : [182, 257, 265, 270, 322, 353, 370] (24)
34 : [26, 66, 84, 109, 202, 214, 221, 223, 320, 374] (24)
35 : [112, 166, 279, 288, 356] (25)
36 : [142, 225, 235, 318] (25)
37 : [10, 53, 97, 127, 273] (26)
38 : [34, 77, 172, 315, 325] (25)
39 : [152, 231, 271, 282, 304, 308, 340] (26)
40 : [2, 71, 102, 352] (26)
41 : [29, 158, 277, 300, 366] (25)
42 : [117, 160, 261, 330, 350, 368] (26)
43 : [67, 73, 113, 199, 248, 286, 291] (26)
44 : [17, 48, 86, 123, 144, 169, 295, 329, 399] (28)
45 : [20, 33, 198, 208, 232, 355] (27)
46 : [7, 68, 80, 135, 176, 211, 393] (26)
47 : [18, 103, 107, 146, 185, 207, 249, 296] (29)
48 : [3, 11, 75, 384] (27)
49 : [58, 134, 233, 263, 278, 323] (29)
50 : [36, 168, 189, 274, 285, 334] (27)
51 : [9, 27, 124, 180, 302, 341] (25)
52 : [119, 129, 157, 212, 335] (28)
53 : [21, 50, 161, 339, 389] (29)
54 : [122, 162, 186, 269, 351] (27)
55 : [55, 153, 217, 267] (28)
56 : [1, 51, 62, 100, 132, 139, 187, 239, 312] (27)
57 : [74, 78, 89, 181, 268, 276] (29)
58 : [116, 183, 228, 236, 309, 344] (28)
59 : [4, 70, 92, 209, 281, 338, 372] (29)
60 : [35, 104, 111, 179, 243, 337, 359] (28)
61 : [19, 125, 138, 297, 357, 375] (29)
62 : [141, 219, 238, 252] (28)
63 : [44, 52, 241, 247, 280] (29)
64 : [0, 155, 156, 342, 364, 390, 397] (28)
65 : [14, 150, 195, 196, 250, 258, 259, 361] (28)
