Name: 400-20-30
Time: 17.41873025894165 
Result: 9
Solution:  62 54 39 48 58 19 27 47 12 50 38 46 30 17 61 14 22 42 47 61 46 51 29 28 7 15 34 51 22 41 1 8 29 50 37 65 50 1 18 23 22 30 24 33 64 26 20 5 49 8 58 61 59 38 16 55 7 32 48 16 3 10 57 24 13 4 35 42 47 3 60 44 23 42 52 53 25 41 59 0 46 6 9 11 32 24 51 23 8 59 5 13 61 23 25 21 5 40 3 19 56 6 40 46 65 29 28 49 15 33 15 61 37 44 11 29 56 43 10 53 18 26 52 50 51 63 29 36 13 52 20 1 60 10 49 45 9 14 61 57 17 55 39 16 39 35 48 20 17 2 60 10 34 57 33 63 63 52 41 3 37 53 54 19 30 18 35 27 48 49 11 24 40 2 21 16 44 0 27 63 50 56 33 58 27 47 54 55 27 54 5 2 8 0 34 60 55 12 44 39 8 3 35 17 20 6 29 48 39 51 10 50 51 23 31 29 18 56 1 65 9 32 30 35 28 34 18 4 60 30 17 36 42 45 3 41 58 21 61 57 29 63 13 62 2 3 2 63 39 47 64 14 62 35 3 4 25 32 63 57 11 44 20 49 11 32 14 55 56 49 35 32 17 41 52 4 54 38 49 37 62 60 38 7 12 52 41 32 37 8 14 39 25 3 26 45 54 64 28 26 44 22 43 19 40 2 13 7 41 53 21 8 59 0 22 37 24 20 36 9 32 12 31 51 7 36 9 16 4 42 42 15 6 24 49 57 30 56 59 45 42 53 62 14 58 17 4 6 10 22 47 52 40 28 30 48 31 64 32 60 26 65 1 12 65 32 40 29 43 15 33 12 55 18 33 64 5 25 7 4 26 6 31 7 50 18 24 27 6 53 65 11 26 45 29 15 5 59 25 43
0 : [79, 177, 193, 313] (20)
1 : [30, 37, 131, 218, 362] (20)
2 : [149, 173, 191, 244, 246, 305] (20)
3 : [60, 69, 98, 159, 201, 234, 245, 254, 293] (23)
4 : [65, 227, 255, 275, 328, 346, 379] (20)
5 : [47, 90, 96, 190, 376, 396] (20)
6 : [81, 101, 205, 332, 347, 381, 388] (21)
7 : [24, 56, 283, 307, 324, 378, 383] (20)
8 : [31, 49, 88, 192, 200, 289, 311] (20)
9 : [82, 136, 220, 319, 326] (22)
10 : [61, 118, 133, 151, 210, 348] (21)
11 : [83, 114, 170, 260, 264, 391] (23)
12 : [8, 197, 284, 321, 363, 371] (26)
13 : [64, 91, 128, 242, 306] (20)
14 : [15, 137, 251, 266, 290, 343] (23)
15 : [25, 108, 110, 331, 369, 395] (24)
16 : [54, 59, 143, 175, 327] (24)
17 : [13, 140, 148, 203, 230, 272, 345] (22)
18 : [38, 120, 165, 216, 226, 373, 385] (22)
19 : [5, 99, 163, 303] (23)
20 : [46, 130, 147, 204, 262, 317] (24)
21 : [95, 174, 237, 310] (23)
22 : [16, 28, 40, 301, 314, 349] (23)
23 : [39, 72, 87, 93, 213] (24)
24 : [42, 63, 85, 171, 316, 333, 386] (24)
25 : [76, 94, 256, 292, 377, 398] (23)
26 : [45, 121, 294, 299, 360, 380, 392] (23)
27 : [6, 167, 178, 184, 188, 387] (23)
28 : [23, 106, 224, 298, 353] (22)
29 : [22, 32, 105, 115, 126, 206, 215, 240, 367, 394] (24)
30 : [12, 41, 164, 222, 229, 336, 354] (23)
31 : [214, 322, 356, 382] (21)
32 : [57, 84, 221, 257, 265, 271, 287, 320, 358, 365] (28)
33 : [43, 109, 154, 182, 370, 374] (23)
34 : [26, 152, 194, 225] (24)
35 : [66, 145, 166, 202, 223, 253, 270] (24)
36 : [127, 231, 318, 325] (25)
37 : [34, 112, 160, 279, 288, 315] (25)
38 : [10, 53, 277, 282] (27)
39 : [2, 142, 144, 199, 208, 248, 291] (26)
40 : [97, 102, 172, 304, 352, 366] (26)
41 : [29, 77, 158, 235, 273, 286, 308] (27)
42 : [17, 67, 73, 232, 329, 330, 340] (27)
43 : [117, 302, 368, 399] (26)
44 : [71, 113, 176, 198, 261, 300] (29)
45 : [135, 233, 295, 339, 393] (28)
46 : [11, 20, 80, 103] (27)
47 : [7, 18, 68, 185, 249, 350] (26)
48 : [3, 58, 146, 168, 207, 355] (26)
49 : [48, 107, 134, 169, 263, 269, 278, 334] (27)
50 : [9, 33, 36, 123, 180, 211, 384] (26)
51 : [21, 27, 86, 124, 209, 212, 323] (28)
52 : [74, 122, 129, 157, 274, 285, 351] (28)
53 : [75, 119, 161, 309, 341, 389] (28)
54 : [1, 162, 186, 189, 276, 296] (24)
55 : [55, 141, 187, 196, 267, 372] (29)
56 : [100, 116, 181, 217, 268, 337] (29)
57 : [62, 139, 153, 239, 259, 335] (28)
58 : [4, 50, 183, 236, 344] (29)
59 : [52, 78, 89, 312, 338, 397] (28)
60 : [70, 132, 150, 195, 228, 281, 359] (29)
61 : [14, 19, 51, 92, 111, 138, 238] (29)
62 : [0, 243, 252, 280, 342] (28)
63 : [125, 155, 156, 179, 241, 247, 258] (29)
64 : [44, 250, 297, 357, 375] (27)
65 : [35, 104, 219, 361, 364, 390] (28)
