Name: 400-20-30
Time: 17.432188272476196 
Result: 9
Solution:  62 57 39 48 59 30 33 48 10 50 38 48 32 16 60 11 23 39 47 61 43 52 30 19 7 18 36 50 17 39 1 8 26 46 37 65 50 1 18 23 23 28 20 33 63 28 20 9 44 14 54 59 58 37 15 55 11 35 54 18 1 10 56 25 14 4 34 42 49 6 59 46 24 42 55 51 20 37 58 1 46 7 11 8 33 21 45 14 7 62 1 8 58 27 27 24 4 39 3 18 56 7 40 47 64 33 30 47 13 34 15 65 35 49 14 23 57 43 16 52 17 30 55 51 51 65 31 41 10 52 18 0 60 12 48 46 8 14 61 57 17 62 37 14 37 32 49 20 17 1 64 13 33 57 31 63 63 56 42 2 37 53 59 19 29 18 39 22 49 47 7 25 38 2 30 20 45 1 28 60 55 61 31 58 27 47 58 54 28 55 6 1 4 2 29 64 58 12 44 39 2 3 35 21 21 5 28 48 41 54 7 46 52 24 35 35 18 55 11 65 9 24 27 35 26 36 18 3 57 30 16 40 42 45 5 36 63 20 61 54 25 63 8 61 0 1 4 62 41 47 64 13 62 36 1 4 18 33 63 59 14 42 21 51 0 33 15 56 57 48 34 35 14 39 53 1 56 40 49 43 65 60 38 9 15 56 41 32 37 14 22 43 22 0 28 45 51 60 31 26 44 22 52 16 36 2 12 6 41 60 19 11 57 5 14 34 22 17 36 9 33 14 30 50 6 34 4 16 3 44 49 15 6 22 45 53 29 62 53 46 41 50 56 6 54 19 3 6 14 23 42 50 40 29 36 44 32 59 35 59 28 65 0 14 65 31 40 29 42 15 34 14 56 17 35 63 4 26 15 3 26 5 33 9 51 21 25 31 5 51 64 10 25 42 31 13 9 63 25 45
0 : [131, 244, 264, 293, 362] (21)
1 : [30, 37, 60, 79, 90, 149, 177, 191, 245, 254, 275] (21)
2 : [159, 173, 193, 200, 305] (21)
3 : [98, 201, 227, 328, 346, 379] (21)
4 : [65, 96, 192, 246, 255, 326, 376] (22)
5 : [205, 234, 313, 381, 388] (21)
6 : [69, 190, 307, 324, 332, 343, 347] (21)
7 : [24, 81, 88, 101, 170, 210] (22)
8 : [31, 83, 91, 136, 242] (22)
9 : [47, 220, 283, 319, 383, 396] (22)
10 : [8, 61, 128, 391] (22)
11 : [15, 56, 82, 218, 311] (22)
12 : [133, 197, 306] (21)
13 : [108, 151, 251, 395] (21)
14 : [49, 64, 87, 114, 137, 143, 260, 272, 289, 314, 321, 348, 363, 371] (22)
15 : [54, 110, 266, 284, 331, 369, 378] (21)
16 : [13, 118, 230, 303, 327] (21)
17 : [28, 120, 140, 148, 317, 373] (23)
18 : [25, 38, 59, 99, 130, 165, 216, 226, 256] (22)
19 : [23, 163, 310, 345] (22)
20 : [42, 46, 76, 147, 175, 237] (23)
21 : [85, 203, 204, 262, 385] (23)
22 : [167, 290, 292, 301, 316, 333] (23)
23 : [16, 39, 40, 115, 349] (24)
24 : [72, 95, 213, 221] (24)
25 : [63, 171, 240, 386, 392, 398] (24)
26 : [32, 224, 299, 377, 380] (24)
27 : [93, 94, 184, 222] (24)
28 : [41, 45, 178, 188, 206, 294, 360] (23)
29 : [164, 194, 336, 353, 367] (24)
30 : [5, 22, 106, 121, 174, 229, 322] (24)
31 : [126, 154, 182, 298, 365, 387, 394] (24)
32 : [12, 145, 287, 356] (25)
33 : [6, 43, 84, 105, 152, 257, 265, 320, 382] (26)
34 : [66, 109, 270, 315, 325, 370] (22)
35 : [57, 112, 202, 214, 215, 223, 271, 358, 374] (24)
36 : [26, 225, 235, 253, 304, 318, 354] (25)
37 : [34, 53, 77, 142, 144, 160, 288] (24)
38 : [10, 172, 282] (24)
39 : [2, 17, 29, 97, 166, 199, 273] (25)
40 : [102, 231, 277, 352, 366] (25)
41 : [127, 208, 248, 286, 308, 340] (25)
42 : [67, 73, 158, 232, 261, 350, 368, 393] (25)
43 : [20, 117, 279, 291] (26)
44 : [48, 198, 300, 329, 355] (26)
45 : [86, 176, 233, 295, 334, 399] (27)
46 : [33, 71, 80, 135, 211, 339] (26)
47 : [18, 103, 107, 169, 185, 249] (27)
48 : [3, 7, 11, 134, 207, 269] (26)
49 : [68, 113, 146, 168, 278, 330] (28)
50 : [9, 27, 36, 323, 341, 351] (28)
51 : [75, 123, 124, 263, 296, 384, 389] (27)
52 : [21, 119, 129, 212, 302] (29)
53 : [161, 274, 335, 338] (29)
54 : [50, 58, 187, 209, 239, 344] (28)
55 : [55, 74, 122, 180, 189, 217] (28)
56 : [62, 100, 157, 267, 276, 285, 342, 372] (29)
57 : [1, 116, 139, 153, 228, 268, 312] (28)
58 : [52, 78, 92, 183, 186, 196] (28)
59 : [4, 51, 70, 162, 259, 357, 359] (28)
60 : [14, 132, 179, 281, 297, 309] (29)
61 : [19, 138, 181, 238, 243] (30)
62 : [0, 89, 141, 247, 252, 337] (30)
63 : [44, 155, 156, 236, 241, 258, 375, 397] (28)
64 : [104, 150, 195, 250, 390] (30)
65 : [35, 111, 125, 219, 280, 361, 364] (29)
