Name: 400-40-60
Time: 17.88155436515808 
Result: 18
Solution:  61 27 11 16 49 27 20 66 27 36 11 34 6 0 25 41 62 58 63 7 65 48 62 12 60 35 61 31 36 22 23 9 62 37 22 49 20 14 7 1 50 7 27 0 17 25 30 64 16 1 9 30 55 60 0 15 64 24 17 35 8 62 0 19 42 29 7 42 22 31 48 40 1 47 33 22 6 0 60 29 45 29 55 32 15 8 19 10 10 65 33 10 18 7 39 11 2 54 41 9 40 0 62 49 37 17 54 25 9 6 3 39 65 41 46 56 7 30 66 21 65 58 65 25 51 28 14 20 18 53 17 21 9 45 31 12 4 15 44 38 57 23 64 41 65 19 23 0 41 55 47 10 23 64 62 18 31 7 4 33 35 26 12 53 13 37 16 59 53 40 32 29 2 6 10 31 53 33 20 16 39 32 39 50 22 14 60 23 12 8 30 22 1 3 15 52 49 4 20 13 42 65 39 14 65 7 19 16 66 9 64 39 54 31 30 61 11 41 56 39 4 37 27 51 35 53 40 32 42 57 9 34 56 7 54 52 29 13 27 43 48 52 48 5 4 42 52 47 28 57 58 31 35 52 48 15 55 33 28 12 63 11 50 61 35 10 42 4 59 36 4 54 54 62 0 52 35 62 51 35 46 43 0 34 7 46 25 45 32 56 31 38 0 20 19 9 15 45 9 57 16 18 31 45 33 26 29 59 44 5 51 6 31 32 58 30 14 62 32 33 47 8 49 66 18 55 53 45 7 43 3 24 50 55 39 2 2 63 40 33 44 59 64 62 26 19 37 25 15 48 52 43 26 56 20 7 13 53 24 40 50 15 33 21 48 19 26 47 44 46 6 23 27 23 48 6 16 36 58 43 23 20 55 4 56 60 54 2 15 34 15 49 30 38 66 57 46 24 47 5
0 : [13, 43, 54, 62, 77, 101, 147, 274, 282, 292] (40)
1 : [39, 49, 72, 192] (41)
2 : [96, 172, 335, 336, 387] (41)
3 : [110, 193, 330] (41)
4 : [136, 158, 197, 220, 244, 267, 270, 383] (42)
5 : [243, 309, 399] (45)
6 : [12, 76, 109, 173, 311, 370, 375] (41)
7 : [19, 38, 41, 66, 93, 116, 157, 205, 233, 284, 328, 355] (42)
8 : [60, 85, 189, 321] (43)
9 : [31, 50, 99, 108, 132, 209, 230, 295, 298] (40)
10 : [87, 88, 91, 151, 174, 265] (41)
11 : [2, 10, 95, 216, 261] (41)
12 : [23, 135, 162, 188, 259] (43)
13 : [164, 199, 237, 356] (44)
14 : [37, 126, 185, 203, 316] (47)
15 : [55, 84, 137, 194, 255, 296, 348, 361, 388, 390] (41)
16 : [3, 48, 166, 179, 207, 300, 376] (45)
17 : [44, 58, 105, 130] (46)
18 : [92, 128, 155, 301, 324] (45)
19 : [63, 86, 145, 206, 294, 345, 365] (45)
20 : [6, 36, 127, 178, 198, 293, 354, 381] (46)
21 : [119, 131, 363] (46)
22 : [29, 34, 68, 75, 184, 191] (46)
23 : [30, 141, 146, 152, 187, 371, 373, 380] (47)
24 : [57, 331, 358, 397] (46)
25 : [14, 45, 107, 123, 286, 347] (48)
26 : [161, 305, 344, 352, 366] (47)
27 : [1, 5, 8, 42, 222, 238, 372] (48)
28 : [125, 248, 258] (49)
29 : [65, 79, 81, 171, 236, 306] (48)
30 : [46, 51, 117, 190, 214, 315, 392] (48)
31 : [27, 69, 134, 156, 175, 213, 251, 290, 302, 312] (49)
32 : [83, 170, 181, 227, 288, 313, 318] (50)
33 : [74, 90, 159, 177, 257, 304, 319, 339, 362] (49)
34 : [11, 231, 283, 389] (50)
35 : [25, 59, 160, 224, 252, 264, 276, 279] (51)
36 : [9, 28, 269, 377] (52)
37 : [33, 104, 165, 221, 346] (55)
38 : [139, 291, 393] (51)
39 : [94, 111, 180, 182, 202, 211, 219, 334] (52)
40 : [71, 100, 169, 226, 338, 359] (53)
41 : [15, 98, 113, 143, 148, 217] (53)
42 : [64, 67, 200, 228, 245, 266] (56)
43 : [239, 281, 329, 351, 379] (53)
44 : [138, 308, 340, 368] (53)
45 : [80, 133, 287, 297, 303, 327] (54)
46 : [114, 280, 285, 369, 396] (54)
47 : [73, 150, 247, 320, 367, 398] (53)
48 : [21, 70, 240, 242, 254, 349, 364, 374] (54)
49 : [4, 35, 103, 196, 322, 391] (55)
50 : [40, 183, 262, 332, 360] (58)
51 : [124, 223, 278, 310] (57)
52 : [195, 235, 241, 246, 253, 275, 350] (54)
53 : [129, 163, 168, 176, 225, 326, 357] (54)
54 : [97, 106, 212, 234, 271, 272, 386] (57)
55 : [52, 82, 149, 256, 325, 333, 382] (55)
56 : [115, 218, 232, 289, 353, 384] (55)
57 : [140, 229, 249, 299, 395] (58)
58 : [17, 121, 250, 314, 378] (55)
59 : [167, 268, 307, 341] (55)
60 : [24, 53, 78, 186, 385] (54)
61 : [0, 26, 215, 263] (55)
62 : [16, 22, 32, 61, 102, 154, 273, 277, 317, 343] (54)
63 : [18, 260, 337] (54)
64 : [47, 56, 142, 153, 210, 342] (54)
65 : [20, 89, 112, 120, 122, 144, 201, 204] (53)
66 : [7, 118, 208, 323, 394] (54)
