Name: 400-50-80
Time: 17.432366132736206 
Result: 28
Solution:  20 0 58 69 18 82 85 17 34 54 84 11 28 33 73 67 10 27 49 7 40 38 46 23 37 1 20 20 24 24 58 66 74 11 61 51 68 38 14 57 7 8 75 33 83 49 61 84 83 3 6 66 62 0 73 80 33 69 18 65 15 39 85 58 17 38 81 7 26 80 42 26 63 68 65 77 46 36 84 48 6 72 61 0 58 56 78 20 4 47 69 18 41 39 80 2 68 2 59 51 60 14 52 3 51 8 22 11 38 37 25 48 31 66 76 50 54 13 53 81 74 39 45 70 6 27 63 10 71 51 55 49 25 3 39 55 5 47 33 67 38 30 32 30 5 70 81 62 38 32 85 44 57 29 56 19 35 84 4 64 60 2 25 73 72 47 10 34 59 83 32 21 68 83 36 40 35 82 27 37 17 14 65 59 74 40 36 64 43 43 62 50 28 33 73 72 81 34 13 36 85 10 38 17 3 47 69 51 44 65 62 37 56 13 16 75 74 82 32 35 2 15 26 9 79 7 35 54 16 21 14 41 70 63 50 46 7 14 76 55 34 65 57 59 42 23 3 72 69 46 50 41 77 68 1 77 25 25 26 11 52 48 56 41 78 47 20 20 70 64 21 76 81 8 12 44 14 77 81 42 31 78 85 60 43 57 79 46 23 53 31 24 26 13 56 23 2 64 54 27 7 5 66 71 61 80 40 82 79 31 60 9 41 60 83 67 30 62 38 71 69 42 71 16 63 8 59 64 61 2 16 80 38 31 62 49 76 43 83 77 5 66 49 45 48 84 21 83 52 2 57 83 1 60 57 43 29 58 85 28 52 41 55 75 35 22 75 42 78 22 36 15 53 12 17 72 19 55 4 22 29 45 35 83 5 54 14 39 67 58 44 53 37 45 30 55 32 52 1 31
0 : [1, 53, 83] (58)
1 : [25, 254, 352, 398] (52)
2 : [95, 97, 161, 220, 296, 329, 349] (52)
3 : [49, 103, 133, 204, 246] (51)
4 : [88, 158, 378] (54)
5 : [136, 144, 301, 340, 384] (51)
6 : [50, 80, 124] (53)
7 : [19, 40, 67, 225, 236, 300] (51)
8 : [41, 105, 273, 325] (58)
9 : [223, 311] (50)
10 : [16, 127, 166, 201] (51)
11 : [11, 33, 107, 259] (50)
12 : [274, 373] (53)
13 : [117, 198, 213, 293] (58)
14 : [38, 101, 181, 230, 237, 276, 386] (51)
15 : [60, 221, 371] (52)
16 : [214, 228, 323, 330] (51)
17 : [7, 64, 180, 203, 374] (60)
18 : [4, 58, 91] (50)
19 : [155, 376] (60)
20 : [0, 26, 27, 87, 266, 267] (63)
21 : [171, 229, 270, 346] (56)
22 : [106, 365, 369, 379] (60)
23 : [23, 245, 288, 295] (58)
24 : [28, 29, 291] (67)
25 : [110, 132, 162, 256, 257] (62)
26 : [68, 71, 222, 258, 292] (61)
27 : [17, 125, 178, 299] (60)
28 : [12, 192, 359] (58)
29 : [153, 356, 380] (61)
30 : [141, 143, 316, 394] (66)
31 : [112, 280, 290, 309, 333, 399] (62)
32 : [142, 149, 170, 218, 396] (61)
33 : [13, 43, 56, 138, 193] (68)
34 : [8, 167, 197, 240] (66)
35 : [156, 176, 219, 226, 364, 382] (61)
36 : [77, 174, 186, 199, 370] (61)
37 : [24, 109, 179, 211, 392] (62)
38 : [21, 37, 65, 108, 140, 148, 202, 318, 332] (63)
39 : [61, 93, 121, 134, 387] (69)
40 : [20, 175, 185, 306] (63)
41 : [92, 231, 251, 263, 312, 361] (65)
42 : [70, 244, 279, 321, 367] (64)
43 : [188, 189, 284, 337, 355] (67)
44 : [151, 208, 275, 390] (68)
45 : [122, 343, 381, 393] (69)
46 : [22, 76, 235, 249, 287] (68)
47 : [89, 137, 165, 205, 265] (68)
48 : [79, 111, 261, 344] (69)
49 : [18, 45, 131, 335, 342] (68)
50 : [115, 191, 234, 250] (74)
51 : [35, 99, 104, 129, 207] (68)
52 : [102, 260, 348, 360, 397] (70)
53 : [118, 289, 372, 391] (68)
54 : [9, 116, 227, 298, 385] (69)
55 : [130, 135, 239, 362, 377, 395] (70)
56 : [85, 154, 212, 262, 294] (76)
57 : [39, 152, 242, 285, 350, 354] (70)
58 : [2, 30, 63, 84, 357, 389] (70)
59 : [98, 168, 183, 243, 326] (69)
60 : [100, 160, 283, 310, 313, 353] (71)
61 : [34, 46, 82, 304, 328] (70)
62 : [52, 147, 190, 210, 317, 334] (72)
63 : [72, 126, 233, 324] (74)
64 : [159, 187, 269, 297, 327] (73)
65 : [59, 74, 182, 209, 241] (74)
66 : [31, 51, 113, 302, 341] (75)
67 : [15, 139, 315, 388] (77)
68 : [36, 73, 96, 172, 253] (78)
69 : [3, 57, 90, 206, 248, 320] (75)
70 : [123, 145, 232, 268] (77)
71 : [128, 303, 319, 322] (75)
72 : [81, 164, 195, 247, 375] (78)
73 : [14, 54, 163, 194] (76)
74 : [32, 120, 184, 216] (77)
75 : [42, 215, 363, 366] (75)
76 : [114, 238, 271, 336] (75)
77 : [75, 252, 255, 277, 339] (73)
78 : [86, 264, 281, 368] (75)
79 : [224, 286, 308] (76)
80 : [55, 69, 94, 305, 331] (75)
81 : [66, 119, 146, 196, 272, 278] (73)
82 : [5, 177, 217, 307] (73)
83 : [44, 48, 169, 173, 314, 338, 347, 351, 383] (69)
84 : [10, 47, 78, 157, 345] (69)
85 : [6, 62, 150, 200, 282, 358] (70)
