Name: 400-40-60
Time: 17.68631887435913 
Result: 56
Solution:  57 29 14 18 49 24 16 65 27 35 12 33 11 0 22 43 62 63 62 6 61 47 66 12 61 34 60 31 35 23 24 9 66 39 21 50 26 14 6 2 48 7 29 3 15 24 26 58 18 5 11 28 61 59 3 14 64 23 17 33 9 54 1 20 42 27 11 43 22 29 43 36 1 46 31 21 3 0 58 32 48 29 53 30 17 2 24 10 11 64 38 8 18 5 40 11 0 56 39 11 42 3 62 51 42 19 52 26 8 6 11 37 65 39 47 55 9 32 64 17 65 61 65 25 50 30 18 22 19 56 22 29 8 45 23 16 3 22 42 44 57 21 64 47 65 21 27 0 40 56 40 7 22 65 65 15 29 5 3 34 37 26 13 47 15 38 13 58 57 37 32 28 1 6 11 31 50 33 20 18 47 34 42 52 22 14 59 22 12 7 32 19 2 1 9 49 46 5 20 13 42 66 39 15 63 0 20 13 65 9 66 40 59 31 29 60 10 40 57 38 3 38 26 50 32 57 41 34 42 54 9 35 51 3 55 52 29 13 28 45 48 51 46 2 8 36 56 49 28 62 58 29 36 54 47 17 54 34 30 12 63 10 48 58 34 10 38 5 55 36 7 54 54 64 0 55 34 58 49 32 49 44 3 35 7 46 23 41 31 58 32 43 0 25 21 9 18 46 9 60 16 19 32 43 33 25 31 55 48 7 47 0 29 27 64 25 19 58 38 32 41 8 45 65 16 54 53 40 8 47 8 24 51 57 40 0 3 63 41 36 37 59 66 63 25 22 39 24 21 51 50 45 25 56 18 7 16 53 21 39 53 19 36 27 47 17 30 45 44 45 5 23 28 25 47 6 20 33 52 43 23 23 57 8 57 59 55 3 16 36 16 52 31 38 62 58 50 23 46 6
0 : [13, 77, 96, 147, 205, 274, 292, 311, 335] (44)
1 : [62, 72, 172, 193] (48)
2 : [39, 85, 192, 243] (42)
3 : [43, 54, 76, 101, 136, 158, 220, 233, 282, 336, 387] (45)
4 : [] (0)
5 : [49, 93, 157, 197, 267, 370] (41)
6 : [19, 38, 109, 173, 375, 399] (46)
7 : [41, 151, 189, 270, 284, 309, 355] (40)
8 : [91, 108, 132, 244, 321, 328, 330, 383] (42)
9 : [31, 60, 116, 194, 209, 230, 295, 298] (42)
10 : [87, 216, 261, 265] (43)
11 : [12, 50, 66, 88, 95, 99, 110, 174] (45)
12 : [10, 23, 188, 259] (47)
13 : [162, 166, 199, 207, 237] (45)
14 : [2, 37, 55, 185] (48)
15 : [44, 155, 164, 203] (48)
16 : [6, 135, 300, 324, 356, 388, 390] (46)
17 : [58, 84, 119, 255, 365] (45)
18 : [3, 48, 92, 126, 179, 296, 354] (45)
19 : [105, 128, 191, 301, 316, 361] (47)
20 : [63, 178, 198, 206, 376] (45)
21 : [34, 75, 141, 145, 294, 348, 358] (45)
22 : [14, 68, 127, 130, 137, 152, 184, 187, 345] (46)
23 : [29, 57, 134, 286, 371, 380, 381, 397] (46)
24 : [5, 30, 45, 86, 331, 347] (46)
25 : [123, 293, 305, 315, 344, 352, 373] (46)
26 : [36, 46, 107, 161, 222] (45)
27 : [8, 65, 146, 313, 363] (48)
28 : [51, 171, 238, 248, 372] (47)
29 : [1, 42, 69, 81, 131, 156, 214, 236, 251, 312] (47)
30 : [83, 125, 258, 366] (53)
31 : [27, 74, 175, 213, 288, 306, 392] (52)
32 : [79, 117, 170, 190, 224, 279, 290, 302, 319] (51)
33 : [11, 59, 177, 304, 377] (51)
34 : [25, 159, 181, 227, 257, 264, 276] (50)
35 : [9, 28, 231, 283] (54)
36 : [71, 245, 252, 269, 339, 362, 389] (51)
37 : [111, 160, 169, 340] (52)
38 : [90, 165, 219, 221, 266, 318, 393] (52)
39 : [33, 98, 113, 202, 346, 359] (55)
40 : [94, 148, 150, 211, 217, 327, 334] (53)
41 : [226, 287, 320, 338] (53)
42 : [64, 100, 104, 138, 182, 200, 228] (55)
43 : [15, 67, 70, 291, 303, 379] (54)
44 : [139, 281, 368] (54)
45 : [133, 239, 322, 351, 367, 369] (53)
46 : [73, 196, 242, 285, 297, 398] (53)
47 : [21, 114, 143, 163, 180, 254, 310, 329, 364, 374] (55)
48 : [40, 80, 240, 262, 308] (56)
49 : [4, 195, 247, 278, 280] (55)
50 : [35, 124, 176, 223, 350, 396] (54)
51 : [103, 232, 241, 332, 349] (54)
52 : [106, 183, 235, 378, 391] (55)
53 : [82, 326, 357, 360] (56)
54 : [61, 229, 253, 256, 271, 272, 325] (56)
55 : [115, 234, 268, 275, 307, 386] (54)
56 : [97, 129, 149, 246, 353] (55)
57 : [0, 140, 168, 218, 225, 333, 382, 384] (56)
58 : [47, 78, 167, 250, 263, 277, 289, 317, 395] (56)
59 : [53, 186, 212, 341, 385] (56)
60 : [26, 215, 299] (52)
61 : [20, 24, 52, 121] (55)
62 : [16, 18, 102, 249, 394] (56)
63 : [17, 204, 260, 337, 343] (54)
64 : [56, 89, 118, 142, 273, 314] (55)
65 : [7, 112, 120, 122, 144, 153, 154, 208, 323] (55)
66 : [22, 32, 201, 210, 342] (55)
