Name: 400-50-80
Time: 17.349942207336426 
Result: 80
Solution:  13 1 60 70 18 81 82 16 34 53 83 11 31 37 73 67 11 26 51 13 42 38 49 21 44 3 20 17 19 25 58 64 75 11 63 55 68 37 10 61 13 9 63 31 80 50 60 83 82 3 8 66 61 0 73 79 33 71 17 66 16 40 85 60 12 39 80 6 26 84 37 27 65 71 65 78 48 33 84 47 7 74 61 2 56 53 79 22 5 44 69 21 41 39 81 4 68 1 54 53 56 10 46 0 50 6 20 10 35 36 24 45 29 68 77 51 55 10 54 80 76 44 49 77 12 29 62 9 68 52 61 50 27 2 44 48 4 49 32 67 38 28 32 29 3 69 79 62 43 32 85 44 59 32 56 15 24 83 4 64 59 4 24 77 71 42 15 36 55 83 29 22 74 85 35 46 36 84 22 41 22 15 65 60 76 40 39 64 43 45 64 46 30 34 74 71 82 38 13 44 85 10 37 22 3 47 70 51 45 66 66 37 59 18 20 72 70 75 29 31 0 14 26 8 80 4 37 53 18 17 13 42 70 69 56 45 9 21 75 55 34 63 62 56 38 24 1 72 67 41 49 41 80 73 0 75 26 27 28 5 50 48 57 42 78 44 19 18 70 65 18 76 83 6 10 49 13 80 81 35 26 77 85 59 43 60 79 46 25 53 35 27 28 18 51 21 3 64 58 27 6 1 67 72 63 81 42 82 78 34 64 7 41 62 82 67 33 55 31 71 69 45 69 9 62 8 57 63 60 2 16 80 40 30 65 47 76 43 85 75 9 65 55 45 47 84 20 83 52 4 60 83 4 57 52 43 34 58 85 31 52 35 58 74 40 21 75 43 78 19 36 12 46 14 22 73 19 56 5 25 28 44 42 83 4 54 13 39 66 60 51 57 36 41 29 48 30 53 0 33
0 : [53, 103, 220, 254, 398] (51)
1 : [1, 97, 246, 301] (50)
2 : [83, 133, 329] (51)
3 : [25, 49, 144, 204, 296] (50)
4 : [95, 136, 158, 161, 225, 349, 352, 384] (52)
5 : [88, 259, 378] (55)
6 : [67, 105, 273, 300] (56)
7 : [80, 311] (52)
8 : [50, 223, 325] (57)
9 : [41, 127, 236, 323, 340] (50)
10 : [38, 101, 107, 117, 201, 274] (51)
11 : [11, 16, 33] (60)
12 : [64, 124, 371] (50)
13 : [0, 19, 40, 198, 230, 276, 386] (59)
14 : [221, 373] (55)
15 : [155, 166, 181] (55)
16 : [7, 60, 330] (55)
17 : [27, 58, 229] (58)
18 : [4, 213, 228, 267, 270, 293] (73)
19 : [28, 266, 369, 376] (64)
20 : [26, 106, 214, 346] (55)
21 : [23, 91, 237, 295, 365] (59)
22 : [87, 171, 178, 180, 203, 374] (51)
23 : [] (0)
24 : [110, 156, 162, 245] (65)
25 : [29, 288, 379] (60)
26 : [17, 68, 222, 256, 280] (60)
27 : [71, 132, 257, 291, 299] (63)
28 : [141, 258, 292, 380] (73)
29 : [112, 125, 143, 170, 218, 394] (61)
30 : [192, 333, 396] (63)
31 : [12, 43, 219, 318, 359] (66)
32 : [138, 142, 149, 153] (65)
33 : [56, 77, 316, 399] (66)
34 : [8, 193, 240, 309, 356] (62)
35 : [108, 174, 279, 290, 361] (65)
36 : [109, 167, 176, 370, 392] (65)
37 : [13, 37, 70, 202, 211, 226] (65)
38 : [21, 140, 197, 244] (67)
39 : [65, 93, 186, 387] (65)
40 : [61, 185, 332, 364] (65)
41 : [92, 179, 249, 251, 312, 393] (65)
42 : [20, 165, 231, 263, 306, 382] (63)
43 : [148, 188, 284, 337, 355, 367] (68)
44 : [24, 89, 121, 134, 151, 199, 265, 381] (64)
45 : [111, 189, 208, 235, 321, 343] (64)
46 : [102, 175, 191, 287, 372] (65)
47 : [79, 205, 335, 344] (67)
48 : [76, 135, 261, 395] (71)
49 : [22, 122, 137, 250, 275] (66)
50 : [45, 104, 131, 260] (71)
51 : [18, 115, 207, 294, 390] (67)
52 : [129, 348, 354, 360] (67)
53 : [9, 85, 99, 227, 289, 397] (70)
54 : [98, 118, 385] (68)
55 : [35, 116, 168, 239, 317, 342] (65)
56 : [84, 100, 154, 234, 243, 377] (68)
57 : [262, 326, 353, 391] (71)
58 : [30, 298, 357, 362] (69)
59 : [152, 160, 212, 283] (73)
60 : [2, 46, 63, 183, 285, 328, 350, 389] (71)
61 : [39, 52, 82, 130] (78)
62 : [126, 147, 242, 313, 324] (73)
63 : [34, 42, 241, 304, 327] (71)
64 : [31, 159, 187, 190, 297, 310] (73)
65 : [72, 74, 182, 269, 334, 341] (74)
66 : [51, 59, 209, 210, 388] (77)
67 : [15, 139, 248, 302, 315] (76)
68 : [36, 96, 113, 128] (76)
69 : [90, 145, 233, 320, 322] (75)
70 : [3, 206, 216, 232, 268] (74)
71 : [57, 73, 164, 195, 319] (75)
72 : [215, 247, 303] (80)
73 : [14, 54, 253, 375] (77)
74 : [81, 172, 194, 363] (75)
75 : [32, 217, 238, 255, 339, 366] (74)
76 : [120, 184, 271, 336] (80)
77 : [114, 123, 163, 281] (77)
78 : [75, 264, 308, 368] (80)
79 : [55, 86, 146, 286] (76)
80 : [44, 66, 119, 224, 252, 277, 331] (76)
81 : [5, 94, 278, 305] (75)
82 : [6, 48, 196, 307, 314] (76)
83 : [10, 47, 157, 169, 272, 347, 351, 383] (74)
84 : [69, 78, 177, 345] (75)
85 : [62, 150, 173, 200, 282, 338, 358] (74)
