Name: 400-30-45
Time: 17.796265363693237 
Result: 15
Solution:  83 72 52 47 45 0 98 23 4 17 87 37 88 75 12 44 48 3 41 43 23 35 96 87 29 5 1 15 14 64 32 68 8 86 26 45 31 55 76 43 80 23 14 17 91 27 28 42 58 41 98 96 31 91 40 50 62 89 24 48 70 63 40 19 64 95 93 60 78 25 33 38 1 36 59 75 6 49 68 26 12 2 54 39 1 47 12 73 53 66 90 1 47 35 6 15 76 54 77 57 5 77 59 64 5 69 65 67 53 44 43 56 97 83 7 94 63 40 11 73 38 88 66 71 2 88 87 87 98 93 44 12 8 56 14 87 80 60 38 25 52 20 25 66 94 15 80 49 32 69 23 60 18 1 4 88 67 83 81 9 95 72 85 21 10 74 70 73 43 61 45 21 30 9 51 58 60 25 94 78 57 34 68 1 46 31 49 79 63 61 18 23 76 52 29 15 22 63 37 18 75 27 35 52 32 32 63 17 64 97 58 22 90 22 74 32 62 5 13 53 21 64 69 49 95 33 73 53 52 7 92 94 52 4 25 88 34 23 56 69 13 74 11 47 71 54 55 95 98 9 86 26 3 80 30 84 47 15 7 52 46 36 16 83 70 11 41 68 15 90 74 5 15 84 84 54 92 30 57 70 5 98 10 75 37 86 34 87 97 86 69 72 20 33 41 26 81 40 6 51 0 20 91 67 62 89 10 74 92 11 34 39 94 81 0 5 85 19 79 26 9 4 28 42 65 29 88 26 89 46 72 67 82 81 98 70 29 24 50 13 12 80 16 9 53 8 20 48 33 0 53 82 97 24 51 85 20 86 71 46 93 28 15 89 39 36 5 3 79 91 13 42 36 55 90 61 59 55 65 61 79 45 78 48 38 96 23 82 77 28 24 19 65 96 35 44 69 19 51 8
0 : [5, 300, 314, 349] (40)
1 : [26, 72, 84, 91, 153, 183] (34)
2 : [81, 124] (33)
3 : [17, 252, 367] (30)
4 : [8, 154, 233, 321] (30)
5 : [25, 100, 104, 217, 271, 280, 315, 366] (30)
6 : [76, 94, 298] (35)
7 : [114, 229, 258] (35)
8 : [32, 132, 345, 399] (32)
9 : [159, 173, 249, 320, 343] (32)
10 : [164, 282, 306] (34)
11 : [118, 242, 265, 309] (34)
12 : [14, 80, 86, 131, 340] (31)
13 : [218, 240, 339, 370] (33)
14 : [28, 42, 134] (32)
15 : [27, 95, 145, 195, 257, 268, 272, 362] (31)
16 : [262, 342] (32)
17 : [9, 43, 207] (32)
18 : [152, 190, 199] (34)
19 : [63, 317, 391, 397] (32)
20 : [141, 292, 301, 346, 356] (32)
21 : [163, 171, 220] (32)
22 : [196, 211, 213] (34)
23 : [7, 20, 41, 150, 191, 237, 386] (32)
24 : [58, 337, 353, 390] (33)
25 : [69, 139, 142, 177, 234] (32)
26 : [34, 79, 251, 295, 319, 327] (37)
27 : [45, 201] (35)
28 : [46, 322, 361, 389] (35)
29 : [24, 194, 325, 336] (35)
30 : [172, 254, 277] (40)
31 : [36, 52, 185] (39)
32 : [30, 148, 204, 205, 215] (35)
33 : [70, 225, 293, 348] (33)
34 : [181, 236, 286, 310] (36)
35 : [21, 93, 202, 394] (36)
36 : [73, 261, 365, 372] (38)
37 : [11, 198, 284] (36)
38 : [71, 120, 138, 384] (36)
39 : [83, 311, 364] (38)
40 : [54, 62, 117, 297] (37)
41 : [18, 49, 266, 294] (37)
42 : [47, 323, 371] (36)
43 : [19, 39, 110, 168] (37)
44 : [15, 109, 130, 395] (37)
45 : [4, 35, 170, 381] (37)
46 : [184, 260, 329, 359] (35)
47 : [3, 85, 92, 243, 256] (35)
48 : [16, 59, 347, 383] (34)
49 : [77, 147, 186, 223] (35)
50 : [55, 338] (34)
51 : [174, 299, 354, 398] (33)
52 : [2, 140, 193, 203, 228, 232, 259] (34)
53 : [88, 108, 219, 227, 344, 350] (35)
54 : [82, 97, 245, 275] (37)
55 : [37, 246, 373, 377] (37)
56 : [111, 133, 238] (40)
57 : [99, 180, 278] (41)
58 : [48, 175, 210] (40)
59 : [74, 102, 376] (38)
60 : [67, 137, 151, 176] (40)
61 : [169, 189, 375, 379] (45)
62 : [56, 216, 304] (40)
63 : [61, 116, 188, 197, 206] (40)
64 : [29, 64, 103, 208, 221] (44)
65 : [106, 324, 378, 392] (39)
66 : [89, 122, 143] (42)
67 : [107, 156, 303, 331] (45)
68 : [31, 78, 182, 267] (42)
69 : [105, 149, 222, 239, 290, 396] (41)
70 : [60, 166, 264, 279, 335] (42)
71 : [123, 244, 358] (41)
72 : [1, 161, 291, 330] (42)
73 : [87, 119, 167, 226] (42)
74 : [165, 214, 241, 270, 307] (43)
75 : [13, 75, 200, 283] (45)
76 : [38, 96, 192] (43)
77 : [98, 101, 388] (42)
78 : [68, 179, 382] (45)
79 : [187, 318, 368, 380] (43)
80 : [40, 136, 146, 253, 341] (42)
81 : [158, 296, 313, 333] (44)
82 : [332, 351, 387] (41)
83 : [0, 113, 157, 263] (44)
84 : [255, 273, 274] (43)
85 : [162, 316, 355] (43)
86 : [33, 250, 285, 289, 357] (44)
87 : [10, 23, 126, 127, 135, 287] (44)
88 : [12, 121, 125, 155, 235, 326] (42)
89 : [57, 305, 328, 363] (42)
90 : [90, 212, 269, 374] (42)
91 : [44, 53, 302, 369] (42)
92 : [230, 276, 308] (44)
93 : [66, 129, 360] (42)
94 : [115, 144, 178, 231, 312] (43)
95 : [65, 160, 224, 247] (43)
96 : [22, 51, 385, 393] (45)
97 : [112, 209, 288, 352] (43)
98 : [6, 50, 128, 248, 281, 334] (41)
