Name: 400-20-30
Time: 17.488338470458984 
Result: 9
Solution:  61 56 39 48 59 25 31 48 9 49 38 45 31 16 65 14 23 42 46 60 42 52 28 27 6 19 34 53 21 33 1 11 30 47 36 65 51 1 19 14 23 27 21 36 63 27 20 3 50 20 56 58 60 37 15 55 11 33 52 16 7 9 58 23 17 4 34 42 48 2 65 41 24 42 54 47 20 38 60 2 46 7 9 8 33 21 47 21 4 58 4 13 61 26 29 25 4 36 1 19 56 5 39 47 62 33 28 47 12 36 17 65 35 41 9 27 54 41 18 54 20 21 52 46 51 65 27 43 10 50 21 1 56 12 49 46 6 14 60 50 20 54 40 16 43 34 47 18 19 1 62 12 33 55 32 65 64 52 40 5 37 53 59 21 30 18 39 22 49 49 11 24 40 0 22 19 44 4 30 62 53 56 32 59 26 49 56 54 20 50 5 1 4 0 29 63 53 13 46 47 8 7 35 16 14 7 32 48 43 53 16 48 54 22 33 30 16 58 10 65 11 26 28 34 24 36 18 2 58 30 14 42 42 49 13 37 64 17 61 57 27 63 8 60 0 2 1 62 41 44 64 18 62 39 2 5 23 34 65 61 9 40 18 50 6 33 15 57 59 49 39 35 16 37 53 7 57 38 48 37 63 58 38 3 15 51 45 32 37 17 22 44 28 0 27 44 48 61 27 27 45 24 46 12 37 3 9 7 41 53 22 7 55 4 19 43 23 19 36 11 33 15 30 51 7 35 8 15 5 44 49 18 5 20 40 55 32 58 55 52 42 51 65 14 57 25 5 6 16 30 47 51 43 29 28 45 31 64 34 59 25 63 0 10 64 32 40 29 43 16 34 16 57 17 33 64 6 26 9 3 31 2 39 8 50 17 28 26 5 52 65 10 27 44 31 11 1 64 23 45
0 : [173, 193, 244, 293, 362] (21)
1 : [30, 37, 98, 131, 149, 191, 246, 396] (21)
2 : [69, 79, 227, 245, 254, 381] (20)
3 : [47, 283, 305, 379] (21)
4 : [65, 88, 90, 96, 177, 192, 313] (21)
5 : [101, 159, 190, 255, 328, 332, 346, 388] (21)
6 : [24, 136, 264, 347, 376] (21)
7 : [60, 81, 201, 205, 275, 307, 311, 324] (21)
8 : [83, 200, 242, 326, 383] (22)
9 : [8, 61, 82, 114, 260, 306, 378] (21)
10 : [128, 218, 363, 391] (21)
11 : [31, 56, 170, 220, 319, 395] (21)
12 : [108, 133, 151, 303] (23)
13 : [91, 197, 234] (22)
14 : [15, 39, 137, 204, 230, 343] (24)
15 : [54, 266, 284, 321, 327] (22)
16 : [13, 59, 143, 203, 210, 216, 272, 348, 369, 371] (22)
17 : [64, 110, 237, 289, 373, 385] (22)
18 : [118, 147, 165, 226, 251, 262, 331] (21)
19 : [25, 38, 99, 148, 175, 314, 317] (22)
20 : [46, 49, 76, 120, 140, 188, 333] (21)
21 : [28, 42, 85, 87, 121, 130, 163] (21)
22 : [167, 174, 213, 290, 310] (23)
23 : [16, 40, 63, 256, 316, 398] (22)
24 : [72, 171, 224, 301] (26)
25 : [5, 95, 345, 360] (24)
26 : [93, 184, 221, 377, 387] (24)
27 : [23, 41, 45, 115, 126, 240, 294, 298, 299, 392] (24)
28 : [22, 106, 222, 292, 354, 386] (24)
29 : [94, 194, 353, 367] (25)
30 : [32, 164, 178, 215, 229, 322, 349] (25)
31 : [6, 12, 356, 380, 394] (24)
32 : [154, 182, 206, 287, 336, 365] (24)
33 : [29, 57, 84, 105, 152, 214, 265, 320, 374] (23)
34 : [26, 66, 145, 223, 257, 358, 370] (27)
35 : [112, 202, 271, 325] (25)
36 : [34, 43, 97, 109, 225, 318] (26)
37 : [53, 160, 235, 273, 279, 288, 304] (26)
38 : [10, 77, 277, 282] (26)
39 : [2, 102, 166, 253, 270, 382] (25)
40 : [142, 158, 172, 261, 334, 366] (26)
41 : [71, 113, 117, 248, 308] (27)
42 : [17, 20, 67, 73, 231, 232, 340] (26)
43 : [127, 144, 208, 315, 352, 368] (26)
44 : [176, 249, 291, 295, 329, 393] (26)
45 : [11, 286, 300, 355, 399] (27)
46 : [18, 80, 123, 135, 198, 302] (28)
47 : [33, 75, 86, 103, 107, 146, 199, 350] (26)
48 : [3, 7, 68, 207, 211, 278, 296] (26)
49 : [9, 134, 168, 169, 185, 233, 269, 330] (26)
50 : [48, 129, 139, 189, 263, 384] (26)
51 : [36, 124, 285, 323, 341, 351] (27)
52 : [21, 58, 122, 157, 339, 389] (26)
53 : [27, 161, 180, 196, 209, 274, 309] (29)
54 : [74, 116, 119, 141, 187, 212] (28)
55 : [55, 153, 312, 335, 338] (29)
56 : [1, 50, 100, 132, 181, 186] (28)
57 : [239, 267, 276, 344, 372] (29)
58 : [51, 62, 89, 217, 228, 281, 337] (29)
59 : [4, 162, 183, 268, 359] (28)
60 : [19, 52, 78, 138, 243] (29)
61 : [0, 92, 238, 259, 297] (28)
62 : [104, 150, 179, 247, 252] (28)
63 : [44, 195, 241, 280, 361] (28)
64 : [156, 236, 250, 357, 364, 375, 397] (29)
65 : [14, 35, 70, 111, 125, 155, 219, 258, 342, 390] (29)
