Name: 400-30-45
Time: 17.716972827911377 
Result: 45
Solution:  85 72 48 43 46 0 92 29 5 9 80 36 89 71 11 44 48 4 38 45 22 39 98 88 29 4 1 10 16 65 38 70 9 86 32 47 30 56 75 38 80 27 13 13 91 27 30 42 58 45 97 90 37 91 38 49 62 93 18 52 69 64 41 18 61 95 96 57 78 32 31 37 2 35 61 74 1 49 72 25 11 2 55 43 3 45 12 72 52 67 98 4 47 33 3 12 76 54 77 57 9 77 66 64 5 67 64 73 52 43 41 58 93 86 7 94 67 39 4 76 35 83 68 70 6 89 82 90 91 94 38 13 8 50 16 84 81 54 42 18 53 24 30 66 96 19 75 53 30 69 25 59 21 3 4 89 65 81 85 9 93 71 78 23 7 77 74 77 40 57 41 18 31 12 51 59 62 30 95 78 56 37 68 0 46 39 47 75 63 61 23 26 76 54 32 11 24 67 40 19 81 27 36 52 32 31 67 22 64 98 62 23 88 23 74 30 59 4 15 52 20 66 68 48 96 32 71 56 53 8 87 93 52 10 26 89 32 18 55 68 7 72 8 51 73 54 53 90 98 9 88 25 2 80 28 86 48 11 4 49 50 36 20 85 71 12 44 69 15 89 73 3 15 83 80 55 90 34 60 67 5 97 18 66 37 80 34 87 97 93 69 73 21 33 40 28 81 41 6 47 0 21 90 63 63 87 10 79 92 11 28 39 95 82 2 5 83 21 84 32 13 6 32 40 60 29 88 24 93 40 75 65 83 82 95 69 25 18 44 15 7 80 13 12 53 5 24 51 35 1 53 70 96 32 50 86 22 85 74 46 91 25 8 92 39 35 5 9 79 97 15 44 35 55 89 61 58 57 63 60 79 42 74 48 32 94 28 84 79 33 26 19 63 95 34 47 68 16 51 10
0 : [5, 183, 300] (36)
1 : [26, 76, 349] (32)
2 : [72, 81, 252, 314] (38)
3 : [84, 94, 153, 271] (31)
4 : [17, 25, 91, 118, 154, 217, 258] (31)
5 : [8, 104, 280, 315, 345, 366] (30)
6 : [124, 298, 321] (30)
7 : [114, 164, 240, 340] (36)
8 : [132, 229, 242, 362] (36)
9 : [9, 32, 100, 159, 249, 367] (30)
10 : [27, 233, 306, 399] (34)
11 : [14, 80, 195, 257, 309] (34)
12 : [86, 95, 173, 265, 343] (33)
13 : [42, 43, 131, 320, 342] (33)
14 : [] (0)
15 : [218, 268, 272, 339, 370] (33)
16 : [28, 134, 397] (33)
17 : [] (0)
18 : [58, 63, 139, 171, 237, 282, 337] (36)
19 : [145, 199, 391] (35)
20 : [220, 262] (39)
21 : [152, 292, 301, 317] (36)
22 : [20, 207, 356] (37)
23 : [163, 190, 211, 213] (36)
24 : [141, 196, 327, 346] (36)
25 : [79, 150, 251, 336, 361] (36)
26 : [191, 234, 390] (38)
27 : [41, 45, 201] (38)
28 : [254, 295, 310, 386] (37)
29 : [7, 24, 325] (37)
30 : [36, 46, 142, 148, 177, 215] (36)
31 : [70, 172, 205] (41)
32 : [34, 69, 194, 204, 225, 236, 319, 322, 353, 384] (35)
33 : [93, 293, 389] (34)
34 : [277, 286, 394] (35)
35 : [73, 120, 348, 365, 372] (36)
36 : [11, 202, 261] (34)
37 : [52, 71, 181, 284] (36)
38 : [18, 30, 39, 54, 130] (35)
39 : [21, 117, 185, 311, 364] (38)
40 : [168, 198, 294, 323, 329] (36)
41 : [62, 110, 170, 297] (39)
42 : [47, 138, 381] (37)
43 : [3, 83, 109] (38)
44 : [15, 266, 338, 371] (43)
45 : [19, 49, 85] (37)
46 : [4, 184, 359] (39)
47 : [35, 92, 186, 299, 395] (40)
48 : [2, 16, 223, 256, 383] (40)
49 : [55, 77, 259] (40)
50 : [133, 260, 354] (38)
51 : [174, 243, 347, 398] (40)
52 : [59, 88, 108, 203, 219, 232] (37)
53 : [140, 147, 228, 246, 344, 350] (37)
54 : [97, 137, 193, 245] (37)
55 : [82, 238, 275, 373] (38)
56 : [37, 180, 227] (39)
57 : [67, 99, 169, 377] (37)
58 : [48, 111, 376] (41)
59 : [151, 175, 216] (36)
60 : [278, 324, 379] (39)
61 : [64, 74, 189, 375] (41)
62 : [56, 176, 210] (39)
63 : [188, 303, 304, 378, 392] (38)
64 : [61, 103, 106, 208] (38)
65 : [29, 156, 331] (38)
66 : [102, 143, 221, 283] (41)
67 : [89, 105, 116, 197, 206, 279] (38)
68 : [122, 182, 222, 239, 396] (42)
69 : [60, 149, 267, 290, 335] (42)
70 : [31, 123, 351] (43)
71 : [13, 161, 226, 264] (43)
72 : [1, 78, 87, 241] (44)
73 : [107, 244, 270, 291] (45)
74 : [75, 166, 214, 358, 382] (44)
75 : [38, 146, 187, 330] (43)
76 : [96, 119, 192] (45)
77 : [98, 101, 165, 167] (44)
78 : [68, 162, 179] (43)
79 : [307, 368, 380, 388] (43)
80 : [10, 40, 253, 274, 285, 341] (44)
81 : [136, 157, 200, 296] (45)
82 : [126, 313, 333] (42)
83 : [121, 273, 316, 332] (43)
84 : [135, 318, 387] (43)
85 : [0, 158, 263, 357] (45)
86 : [33, 113, 255, 355] (44)
87 : [230, 287, 305] (45)
88 : [23, 212, 250, 326] (44)
89 : [12, 125, 155, 235, 269, 374] (43)
90 : [51, 127, 247, 276, 302] (45)
91 : [44, 53, 128, 360] (42)
92 : [6, 308, 363] (41)
93 : [57, 112, 160, 231, 289, 328] (41)
94 : [115, 129, 385] (42)
95 : [65, 178, 312, 334, 393] (40)
96 : [66, 144, 224, 352] (45)
97 : [50, 281, 288, 369] (40)
98 : [22, 90, 209, 248] (42)
