Name: 400-20-30
Time: 17.277120113372803 
Result: 9
Solution:  61 53 40 48 57 24 29 49 10 49 39 48 29 16 65 11 26 36 55 59 47 51 30 23 4 17 34 52 18 38 1 8 29 44 37 65 53 0 29 15 21 29 22 33 64 27 20 9 46 16 54 59 58 41 16 55 7 32 50 18 1 12 62 23 18 4 36 42 42 5 64 41 25 43 52 53 18 39 59 0 46 6 10 9 32 23 42 16 5 59 0 8 61 26 25 19 5 38 0 18 56 7 40 48 62 30 30 48 12 39 17 63 38 49 11 31 60 43 19 54 15 31 53 44 53 65 31 35 10 47 18 0 56 11 49 45 7 15 60 49 18 59 37 16 40 32 50 14 17 5 64 11 35 57 33 64 64 53 40 11 42 52 58 21 31 22 35 29 51 47 8 25 38 1 33 22 46 3 27 65 56 56 27 62 23 49 55 55 18 52 5 2 8 1 30 63 64 13 45 38 6 3 34 20 17 2 28 47 44 58 8 46 51 25 30 30 16 54 3 65 11 31 28 34 24 34 18 0 60 30 13 40 44 46 12 39 64 20 61 57 26 63 9 61 0 1 4 59 39 45 65 13 62 31 2 5 23 31 64 65 12 42 18 50 1 30 15 58 60 51 38 37 16 37 51 2 54 37 48 44 63 58 40 7 12 53 41 32 35 10 19 41 28 1 26 45 45 60 29 28 45 22 52 14 36 4 12 5 39 57 21 12 64 3 19 36 22 21 36 9 32 13 36 53 6 35 2 14 6 44 51 16 5 20 41 57 27 55 54 47 42 50 62 6 55 26 4 6 16 22 43 50 43 33 32 46 34 61 34 65 27 62 2 16 64 31 41 29 43 15 32 16 56 20 34 63 9 25 16 4 28 2 36 7 50 17 24 30 6 52 63 14 29 44 31 19 8 63 27 43
0 : [37, 79, 90, 98, 131, 227, 244] (22)
1 : [30, 60, 173, 193, 245, 264, 293] (22)
2 : [191, 205, 254, 275, 326, 362, 381] (22)
3 : [177, 201, 218, 313] (21)
4 : [24, 65, 246, 305, 346, 379] (22)
5 : [69, 88, 96, 149, 190, 255, 307, 332] (22)
6 : [81, 200, 324, 328, 343, 347, 388] (22)
7 : [56, 101, 136, 283, 383] (22)
8 : [31, 91, 170, 192, 210, 396] (22)
9 : [47, 83, 242, 319, 376] (22)
10 : [8, 82, 128, 289] (21)
11 : [15, 114, 133, 151, 159, 220] (22)
12 : [61, 108, 234, 260, 284, 306, 311] (22)
13 : [197, 230, 251, 321] (22)
14 : [147, 303, 327, 391] (23)
15 : [39, 120, 137, 266, 369] (21)
16 : [13, 49, 54, 87, 143, 216, 272, 331, 348, 363, 371, 378] (21)
17 : [25, 110, 148, 204, 385] (22)
18 : [28, 59, 64, 76, 99, 130, 140, 188, 226, 262] (22)
19 : [95, 118, 290, 314, 395] (21)
20 : [46, 203, 237, 333, 373] (22)
21 : [40, 163, 310, 317] (21)
22 : [42, 165, 175, 301, 316, 349] (21)
23 : [23, 63, 85, 184, 256] (22)
24 : [5, 224, 386] (22)
25 : [72, 94, 171, 213, 377] (26)
26 : [16, 93, 240, 294, 345] (23)
27 : [45, 178, 182, 336, 360, 398] (22)
28 : [206, 222, 292, 299, 380] (23)
29 : [6, 12, 32, 38, 41, 167, 298, 367, 392] (23)
30 : [22, 105, 106, 194, 214, 215, 229, 265, 387] (23)
31 : [115, 121, 126, 164, 221, 253, 257, 365, 394] (23)
32 : [57, 84, 145, 287, 320, 354, 370] (24)
33 : [43, 154, 174, 353] (24)
34 : [26, 202, 223, 225, 356, 358, 374] (25)
35 : [127, 152, 166, 288, 325] (25)
36 : [17, 66, 304, 315, 318, 322, 382] (26)
37 : [34, 142, 271, 273, 277] (25)
38 : [29, 97, 112, 172, 199, 270] (25)
39 : [10, 77, 109, 235, 248, 308] (26)
40 : [2, 102, 144, 158, 231, 282] (26)
41 : [53, 71, 286, 291, 334, 366] (25)
42 : [67, 68, 86, 160, 261, 340] (25)
43 : [73, 117, 350, 352, 368, 399] (26)
44 : [33, 123, 208, 232, 279, 329, 393] (26)
45 : [135, 198, 249, 295, 296, 300] (26)
46 : [48, 80, 176, 211, 233, 355] (26)
47 : [20, 129, 169, 207, 339] (26)
48 : [3, 11, 103, 107, 278] (28)
49 : [7, 9, 113, 134, 139, 185] (27)
50 : [58, 146, 263, 341, 351, 384] (28)
51 : [21, 168, 212, 269, 274, 330] (28)
52 : [27, 74, 161, 189, 302, 389] (29)
53 : [1, 36, 75, 122, 124, 157, 285, 323] (28)
54 : [50, 119, 217, 276, 338] (30)
55 : [18, 55, 186, 187, 337, 344] (30)
56 : [100, 132, 180, 181, 372] (29)
57 : [4, 153, 239, 309, 335] (30)
58 : [52, 162, 209, 267, 281] (30)
59 : [19, 51, 78, 89, 141, 247] (29)
60 : [116, 138, 228, 268, 297] (28)
61 : [0, 92, 238, 243, 357] (29)
62 : [62, 104, 183, 252, 342, 361] (30)
63 : [111, 195, 241, 280, 375, 390, 397] (28)
64 : [44, 70, 150, 155, 156, 196, 236, 258, 312, 364] (28)
65 : [14, 35, 125, 179, 219, 250, 259, 359] (27)
