Name: 400-20-30
Time: 17.343642234802246 
Result: 9
Solution:  64 57 41 48 57 26 32 48 7 50 38 49 28 16 60 13 23 46 47 60 42 53 33 31 4 14 38 50 20 37 1 8 29 46 43 63 51 0 19 19 21 29 20 29 64 28 20 8 47 20 58 55 61 38 17 55 4 33 54 13 3 12 57 25 17 4 34 44 43 0 60 45 20 43 52 51 22 37 56 1 46 5 14 10 32 23 42 20 8 59 3 8 61 25 27 25 4 38 3 20 56 4 40 49 65 32 29 47 16 43 18 64 34 47 10 31 57 42 19 53 21 29 55 45 57 61 31 41 14 54 20 0 59 10 48 46 6 15 61 49 20 56 36 16 37 35 52 14 19 3 60 11 38 56 30 63 63 56 40 3 37 52 58 26 31 19 35 29 51 45 9 24 39 1 22 21 43 2 32 58 50 60 29 61 24 48 58 56 20 52 8 3 9 1 34 62 62 12 44 41 9 6 35 17 18 9 32 48 39 51 11 47 53 28 31 32 17 55 5 64 11 24 27 35 28 33 18 7 59 30 13 40 42 49 6 38 63 17 62 54 29 63 11 63 0 3 2 63 42 45 65 15 62 31 3 4 23 33 65 57 9 43 18 51 0 32 15 55 60 48 32 39 12 37 53 3 57 40 48 43 64 56 40 3 13 59 45 32 35 16 13 41 27 0 23 46 46 61 28 26 47 24 44 16 37 5 9 4 39 54 22 11 62 2 19 35 22 16 36 9 33 12 31 51 6 36 10 15 2 41 46 17 5 22 41 54 30 60 53 52 39 50 55 10 57 21 0 6 12 22 44 50 44 34 30 45 33 59 37 62 25 65 1 16 65 33 43 29 42 16 31 12 60 19 33 62 7 26 9 4 27 4 30 7 50 18 23 26 3 52 65 11 24 46 31 15 7 59 22 43
0 : [37, 69, 131, 244, 264, 293, 346] (20)
1 : [30, 79, 173, 193, 362] (21)
2 : [177, 246, 313, 328] (21)
3 : [60, 90, 98, 149, 159, 191, 245, 254, 275, 283, 388] (20)
4 : [24, 56, 65, 96, 101, 255, 307, 379, 381] (22)
5 : [81, 218, 305, 332] (23)
6 : [136, 201, 234, 324, 347] (20)
7 : [8, 227, 376, 383, 396] (21)
8 : [31, 47, 88, 91, 190] (21)
9 : [170, 192, 200, 205, 260, 306, 319, 378] (22)
10 : [83, 114, 133, 326, 343] (22)
11 : [151, 210, 220, 242, 311, 391] (22)
12 : [61, 197, 272, 321, 348, 371] (22)
13 : [15, 59, 230, 284, 290] (20)
14 : [25, 82, 128, 147] (22)
15 : [137, 251, 266, 327, 395] (22)
16 : [13, 108, 143, 289, 303, 317, 363, 369] (22)
17 : [54, 64, 203, 216, 237, 331] (22)
18 : [110, 204, 226, 262, 385] (22)
19 : [38, 39, 118, 148, 165, 314, 373] (22)
20 : [28, 42, 46, 49, 72, 87, 99, 130, 140, 188] (22)
21 : [40, 120, 175, 345] (24)
22 : [76, 174, 310, 316, 333, 349, 398] (23)
23 : [16, 85, 256, 294, 386] (22)
24 : [171, 184, 221, 301, 392] (23)
25 : [63, 93, 95, 360] (22)
26 : [5, 163, 299, 377, 387] (24)
27 : [94, 222, 292, 380] (23)
28 : [12, 45, 213, 224, 298] (24)
29 : [32, 41, 43, 106, 121, 167, 182, 240, 367] (24)
30 : [154, 229, 336, 354, 382] (23)
31 : [23, 115, 126, 164, 214, 253, 322, 370, 394] (23)
32 : [6, 84, 105, 178, 206, 215, 265, 270, 287] (24)
33 : [22, 57, 225, 257, 320, 356, 365, 374] (24)
34 : [66, 112, 194, 353] (26)
35 : [145, 166, 202, 223, 288, 315] (24)
36 : [142, 318, 325] (26)
37 : [29, 77, 144, 160, 273, 304, 358] (26)
38 : [10, 26, 53, 97, 152, 235] (25)
39 : [172, 208, 271, 308, 340] (27)
40 : [102, 158, 231, 277, 282] (26)
41 : [2, 127, 199, 291, 329, 334] (26)
42 : [20, 86, 117, 232, 248, 368] (27)
43 : [34, 68, 73, 109, 176, 261, 279, 366, 399] (26)
44 : [67, 198, 302, 350, 352] (25)
45 : [71, 123, 169, 249, 286, 355] (27)
46 : [17, 33, 80, 135, 295, 296, 330, 393] (26)
47 : [18, 48, 107, 113, 211, 300] (27)
48 : [3, 7, 134, 185, 207, 269, 278] (27)
49 : [11, 103, 139, 233] (27)
50 : [9, 27, 180, 341, 351, 384] (28)
51 : [36, 75, 168, 209, 263, 323] (28)
52 : [74, 146, 161, 189, 339, 389] (29)
53 : [21, 119, 212, 274, 338] (28)
54 : [58, 129, 239, 309, 335] (29)
55 : [51, 55, 122, 217, 267, 342] (29)
56 : [78, 100, 141, 153, 157, 187, 281] (28)
57 : [1, 4, 62, 116, 124, 259, 276, 344] (29)
58 : [50, 162, 179, 186] (29)
59 : [89, 132, 228, 285, 357, 397] (28)
60 : [14, 19, 70, 150, 181, 268, 337, 372] (29)
61 : [52, 92, 125, 138, 183, 297] (29)
62 : [195, 196, 238, 252, 312, 359, 375] (29)
63 : [35, 155, 156, 236, 241, 243, 247] (28)
64 : [0, 44, 111, 219, 280] (28)
65 : [104, 250, 258, 361, 364, 390] (29)
