Name: 400-40-60
Time: 17.78826379776001 
Result: 17
Solution:  59 25 11 16 39 18 14 65 29 33 12 32 11 0 23 43 61 63 56 9 59 50 66 14 63 34 58 31 35 26 22 8 64 39 21 52 26 19 5 0 57 6 25 1 20 26 31 64 20 6 10 25 64 61 0 14 64 23 16 33 9 63 0 23 42 26 9 42 24 30 46 39 1 46 34 20 1 0 61 27 45 27 55 30 17 7 26 8 11 66 34 11 16 11 38 10 3 59 44 13 40 0 63 49 43 16 47 28 11 6 4 40 63 42 45 58 11 36 64 17 65 64 65 24 51 34 18 21 18 53 24 25 11 45 22 14 3 13 42 40 60 22 64 47 65 22 25 0 40 56 45 10 21 65 65 22 29 4 3 36 36 28 12 48 15 42 15 61 55 37 32 30 2 3 9 35 52 32 23 17 47 33 39 48 21 12 52 19 10 3 30 24 1 2 11 55 47 7 20 15 44 66 46 19 66 4 20 12 65 9 62 40 55 32 26 61 12 42 55 38 6 36 24 50 34 57 41 34 41 53 14 31 48 3 55 52 30 15 30 45 54 51 48 6 2 36 51 44 31 57 58 29 39 52 46 14 51 33 28 13 60 10 49 62 35 12 43 5 61 38 10 53 53 65 0 56 36 61 48 34 50 45 0 32 6 46 18 43 29 55 31 38 0 25 21 7 13 49 11 55 17 19 36 43 32 26 27 57 48 9 48 1 30 27 62 25 14 66 37 33 46 8 46 66 17 53 54 40 7 43 5 22 57 60 38 3 3 63 41 39 41 60 63 66 21 22 37 29 13 52 52 45 26 56 24 6 18 54 19 39 50 18 36 26 47 20 29 49 44 47 9 26 30 27 47 8 14 35 59 39 23 18 55 9 56 62 54 4 13 34 17 51 33 37 66 58 44 23 46 5
0 : [13, 39, 54, 62, 77, 101, 147, 274, 282, 292] (40)
1 : [43, 72, 76, 192, 311] (40)
2 : [172, 193, 244] (42)
3 : [96, 136, 158, 173, 189, 233, 335, 336] (40)
4 : [110, 157, 205, 387] (40)
5 : [38, 267, 330, 399] (44)
6 : [41, 49, 109, 220, 243, 284, 355] (41)
7 : [85, 197, 295, 328] (44)
8 : [31, 87, 321, 375] (44)
9 : [19, 60, 66, 174, 209, 309, 370, 383] (40)
10 : [50, 95, 151, 188, 261, 270] (42)
11 : [2, 12, 88, 91, 93, 108, 116, 132, 194, 298] (41)
12 : [10, 162, 185, 207, 216, 265] (44)
13 : [99, 137, 259, 296, 348, 388] (44)
14 : [6, 23, 55, 135, 230, 255, 316, 376] (44)
15 : [164, 166, 199, 237] (47)
16 : [3, 58, 92, 105] (44)
17 : [84, 119, 179, 300, 324, 390] (45)
18 : [5, 126, 128, 286, 356, 361, 381] (45)
19 : [37, 187, 203, 301, 358] (45)
20 : [44, 48, 75, 198, 206, 365] (45)
21 : [34, 127, 152, 184, 294, 344] (45)
22 : [30, 134, 141, 145, 155, 331, 345] (45)
23 : [14, 57, 63, 178, 380, 397] (48)
24 : [68, 123, 130, 191, 222, 354] (45)
25 : [1, 42, 51, 131, 146, 293, 315] (45)
26 : [29, 36, 45, 65, 86, 214, 305, 352, 363, 371] (45)
27 : [79, 81, 306, 313, 373] (54)
28 : [107, 161, 258] (46)
29 : [8, 156, 251, 288, 347, 366] (46)
30 : [69, 83, 171, 190, 236, 238, 312, 372] (47)
31 : [27, 46, 231, 248, 290] (51)
32 : [11, 170, 177, 213, 283, 304] (50)
33 : [9, 59, 181, 257, 319, 392] (50)
34 : [25, 74, 90, 125, 224, 227, 279, 389] (51)
35 : [28, 175, 264, 377] (52)
36 : [117, 159, 160, 221, 245, 276, 302, 362] (51)
37 : [169, 318, 346, 393] (51)
38 : [94, 219, 269, 291, 334] (52)
39 : [4, 33, 71, 182, 252, 339, 359, 379] (54)
40 : [100, 111, 139, 148, 211, 327] (55)
41 : [226, 228, 338, 340] (54)
42 : [64, 67, 113, 138, 165, 217] (54)
43 : [15, 104, 266, 287, 303, 329] (54)
44 : [98, 200, 247, 368, 396] (55)
45 : [80, 114, 133, 150, 239, 281, 351] (54)
46 : [70, 73, 202, 254, 285, 320, 322, 398] (55)
47 : [106, 143, 180, 196, 364, 369, 374] (54)
48 : [163, 183, 232, 242, 278, 308, 310] (55)
49 : [103, 262, 297, 367] (55)
50 : [21, 223, 280, 360] (55)
51 : [124, 241, 246, 256, 391] (54)
52 : [35, 176, 186, 235, 253, 349, 350] (55)
53 : [129, 229, 271, 272, 325] (57)
54 : [240, 326, 357, 386] (55)
55 : [82, 168, 195, 212, 218, 234, 289, 299, 382] (55)
56 : [18, 149, 275, 353, 384] (57)
57 : [40, 225, 249, 307, 332] (56)
58 : [26, 115, 250, 395] (55)
59 : [0, 20, 97, 378] (54)
60 : [140, 260, 333, 341] (55)
61 : [16, 53, 78, 167, 215, 268, 277] (55)
62 : [210, 263, 314, 385] (53)
63 : [17, 24, 61, 102, 112, 337, 342] (54)
64 : [32, 47, 52, 56, 118, 121, 142] (54)
65 : [7, 120, 122, 144, 153, 154, 208, 273] (54)
66 : [22, 89, 201, 204, 317, 323, 343, 394] (54)
