Name: 400-40-60
Time: 17.966888666152954 
Result: 18
Solution:  61 28 15 16 49 24 20 66 27 40 11 32 7 0 18 43 61 58 63 8 63 45 62 12 60 34 61 31 40 23 25 9 62 36 23 55 23 20 9 5 50 7 27 5 13 23 30 64 22 5 11 26 56 60 1 14 65 26 15 37 8 62 0 21 42 27 9 43 23 28 45 36 1 47 32 21 5 4 60 34 41 26 53 31 16 4 23 12 10 66 33 9 16 5 43 10 3 55 40 9 40 0 62 54 43 17 55 28 10 7 2 41 65 43 45 58 9 30 64 24 62 62 66 23 52 27 17 18 19 53 18 25 10 48 23 12 4 13 44 39 56 23 64 49 65 16 29 0 41 57 47 10 22 66 65 15 29 9 4 33 38 27 12 50 21 37 13 59 56 37 32 28 0 5 10 35 53 32 22 18 44 32 41 45 19 14 52 23 11 2 31 23 1 1 9 53 47 3 18 6 41 65 40 19 64 4 21 12 63 8 66 39 54 31 26 60 14 43 56 38 5 36 24 50 34 51 39 35 41 59 12 35 48 10 54 55 31 15 32 47 54 51 47 3 7 37 54 44 29 59 58 30 41 53 47 16 53 34 28 13 58 11 44 61 33 14 42 6 51 36 8 48 57 65 0 56 37 62 50 32 46 45 1 30 5 47 25 42 34 54 33 38 5 22 18 9 14 49 7 56 17 17 31 44 31 27 26 60 45 8 46 3 29 27 64 25 23 65 34 32 46 7 50 64 16 54 51 47 6 49 8 22 55 56 38 4 2 63 39 35 42 59 66 66 25 22 36 25 18 48 53 40 20 61 20 9 16 52 19 39 53 16 37 28 49 18 30 48 44 45 7 23 26 29 48 6 14 38 50 35 23 22 56 7 57 62 52 3 16 35 16 52 33 37 65 57 50 21 46 10
0 : [13, 62, 101, 147, 172, 274] (40)
1 : [54, 72, 192, 193, 282] (42)
2 : [110, 189, 336] (40)
3 : [96, 197, 243, 311, 387] (43)
4 : [77, 85, 136, 158, 205, 335] (40)
5 : [39, 43, 49, 76, 93, 173, 220, 284, 292] (40)
6 : [199, 267, 328, 375] (43)
7 : [12, 41, 109, 244, 298, 321, 370, 383] (40)
8 : [19, 60, 209, 270, 309, 330] (41)
9 : [31, 38, 66, 91, 99, 116, 157, 194, 295, 355] (40)
10 : [88, 95, 108, 132, 151, 174, 233, 399] (40)
11 : [10, 50, 188, 261] (41)
12 : [23, 87, 135, 162, 207, 230] (40)
13 : [44, 137, 166, 259] (44)
14 : [55, 185, 216, 265, 296, 376] (43)
15 : [2, 58, 155, 237] (47)
16 : [3, 84, 92, 145, 255, 324, 356, 361, 388, 390] (44)
17 : [105, 126, 300, 301] (44)
18 : [14, 127, 130, 179, 198, 294, 348, 365] (44)
19 : [128, 184, 203, 358] (45)
20 : [6, 37, 352, 354] (46)
21 : [63, 75, 164, 206, 397] (45)
22 : [48, 152, 178, 293, 331, 345, 381] (45)
23 : [29, 34, 36, 45, 68, 86, 123, 134, 141, 187, 191, 316, 371, 380] (44)
24 : [5, 119, 222] (46)
25 : [30, 131, 286, 315, 344, 347] (49)
26 : [51, 57, 81, 214, 306, 372] (49)
27 : [8, 42, 65, 125, 161, 305, 313] (48)
28 : [1, 69, 107, 171, 258, 363] (49)
29 : [146, 156, 248, 312, 373] (49)
30 : [46, 117, 251, 283, 366] (50)
31 : [27, 83, 190, 213, 236, 302, 304] (49)
32 : [11, 74, 170, 177, 181, 238, 279, 319] (49)
33 : [90, 159, 264, 290, 392] (50)
34 : [25, 79, 224, 257, 288, 318] (51)
35 : [175, 227, 231, 339, 379, 389] (51)
36 : [33, 71, 221, 269, 346] (52)
37 : [59, 165, 169, 245, 276, 362, 393] (52)
38 : [160, 219, 291, 334, 377] (53)
39 : [139, 211, 226, 338, 359] (55)
40 : [9, 28, 98, 100, 202, 351] (53)
41 : [80, 111, 148, 182, 200, 228, 252] (53)
42 : [64, 266, 287, 340] (56)
43 : [15, 67, 94, 104, 113, 217] (54)
44 : [138, 180, 247, 262, 303, 368] (55)
45 : [21, 70, 114, 183, 281, 308, 369] (54)
46 : [280, 310, 320, 398] (54)
47 : [73, 150, 196, 239, 242, 254, 285, 327] (54)
48 : [133, 232, 271, 349, 367, 374] (54)
49 : [4, 143, 297, 329, 364] (56)
50 : [40, 163, 223, 278, 322, 378, 396] (55)
51 : [225, 241, 268, 326] (56)
52 : [124, 186, 357, 386, 391] (56)
53 : [82, 129, 176, 195, 253, 256, 350, 360] (55)
54 : [103, 212, 234, 240, 246, 289, 325] (56)
55 : [35, 97, 106, 235, 332] (54)
56 : [52, 140, 168, 218, 275, 299, 333, 382] (55)
57 : [149, 272, 384, 395] (54)
58 : [17, 115, 250, 260] (56)
59 : [167, 229, 249, 341] (57)
60 : [24, 53, 78, 215, 307] (55)
61 : [0, 16, 26, 263, 353] (58)
62 : [22, 32, 61, 102, 120, 121, 277, 385] (54)
63 : [18, 20, 208, 337] (56)
64 : [47, 118, 142, 204, 314, 323] (55)
65 : [56, 112, 144, 154, 201, 273, 317, 394] (54)
66 : [7, 89, 122, 153, 210, 342, 343] (54)
