Name: 600-50-80
Time: 25.56263494491577 
Result: 2081
Solution:  4 89 132 143 23 27 96 123 87 11 115 122 91 105 33 69 41 41 9 126 51 70 112 139 70 75 141 60 82 122 111 89 11 90 30 19 48 119 104 47 41 52 139 11 75 142 128 81 134 92 101 123 17 49 125 21 142 129 28 2 114 6 120 137 105 115 8 25 73 142 63 128 99 93 130 118 121 45 60 0 3 104 116 92 62 124 80 134 116 116 22 98 24 25 62 125 59 24 115 115 135 118 85 104 50 34 88 37 92 16 24 19 105 137 139 7 54 136 61 50 89 124 119 129 5 125 141 9 99 65 117 58 48 141 121 100 3 52 97 104 1 22 7 133 31 128 113 77 90 21 137 64 115 24 101 92 107 8 138 36 65 128 47 42 135 100 132 121 107 132 40 78 135 2 115 76 104 125 103 22 108 1 43 95 33 41 133 127 143 86 133 16 2 61 135 94 16 75 117 66 125 10 121 69 124 88 112 61 34 132 111 43 24 143 0 82 27 12 63 52 102 0 15 76 35 37 74 49 69 53 131 44 25 140 124 21 109 40 52 62 83 78 46 47 79 41 64 116 91 31 120 141 98 84 37 46 64 30 99 32 67 17 70 76 43 105 75 88 61 86 32 87 75 72 47 87 33 138 109 46 137 114 128 70 111 49 82 68 57 103 72 133 80 67 87 124 136 97 95 117 5 120 142 70 78 43 113 108 110 77 142 22 81 4 53 58 100 123 90 24 39 137 59 4 126 63 120 113 20 26 80 40 85 17 60 84 143 65 94 5 130 22 5 90 139 3 0 102 130 21 17 103 29 117 102 7 35 54 54 112 38 140 19 42 79 93 136 143 24 13 82 5 80 127 86 4 35 63 82 72 6 13 83 110 20 39 12 124 109 41 43 103 15 96 26 97 108 56 131 99 127 108 67 71 16 75 78 89 108 86 10 141 122 123 95 41 79 3 74 131 80 62 57 50 9 35 137 135 9 17 43 85 134 90 16 28 51 86 34 54 135 125 110 140 66 26 6 92 32 69 8 61 133 109 4 43 114 35 101 68 106 69 91 34 71 48 23 57 100 70 55 84 6 15 59 19 11 58 99 72 47 56 98 1 73 73 123 39 37 114 55 140 106 11 33 76 131 139 35 44 68 42 138 58 131 77 130 71 56 12 129 46 12 25 29 60 84 104 122 31 11 138 123 55 41 81 10 18 29 101 64 24 118 83 10 136 100 37 122 132 4 107 93 81 33 72 61 36 23 25 79 46 136 89 84 91 52 42 63 28 39 16 45 65 4 53 129 140 38 127 59 42 65 116 119 134 46 94 43 121 25 109 110 17 13 30 126 96 6 142 112 66 113 119 18 126 2 49 26 30
0 : [79, 214, 221, 346] (53)
1 : [140, 181, 483] (51)
2 : [59, 173, 192, 596] (52)
3 : [80, 136, 345, 417] (52)
4 : [0, 313, 323, 375, 454, 540, 564] (51)
5 : [124, 300, 339, 342, 371] (57)
6 : [61, 380, 446, 472, 588] (61)
7 : [115, 142, 355] (61)
8 : [66, 157, 450] (58)
9 : [18, 127, 424, 428] (71)
10 : [201, 410, 526, 534] (60)
11 : [9, 32, 43, 476, 493, 520] (59)
12 : [217, 386, 509, 512] (57)
13 : [369, 381, 584] (53)
14 : [] (0)
15 : [222, 392, 473] (59)
16 : [109, 191, 196, 404, 434, 561] (51)
17 : [52, 261, 333, 350, 429, 583] (51)
18 : [527, 594] (65)
19 : [35, 111, 362, 475] (52)
20 : [328, 384] (53)
21 : [55, 149, 235, 349] (50)
22 : [90, 141, 179, 311, 341] (50)
23 : [4, 466, 548] (59)
24 : [92, 97, 110, 153, 212, 319, 368, 531] (50)
25 : [67, 93, 232, 513, 549, 580] (50)
26 : [329, 394, 445, 598] (62)
27 : [5, 216] (62)
28 : [58, 435, 559] (59)
29 : [352, 514, 528] (60)
30 : [34, 257, 585, 599] (64)
31 : [144, 249, 519] (61)
32 : [259, 270, 448] (66)
33 : [14, 184, 276, 494, 544] (63)
34 : [105, 208, 438, 463] (62)
35 : [224, 356, 376, 425, 457, 498] (61)
36 : [159, 547] (61)
37 : [107, 225, 254, 488, 537] (59)
38 : [360, 568] (63)
39 : [320, 385, 487, 560] (67)
40 : [170, 237, 331] (61)
41 : [16, 17, 40, 185, 245, 389, 415, 524] (60)
42 : [163, 363, 501, 557, 571] (60)
43 : [182, 211, 264, 305, 390, 430, 455, 578] (60)
44 : [231, 499] (59)
45 : [77, 562] (62)
46 : [242, 255, 279, 511, 551, 576] (59)
47 : [39, 162, 243, 274, 480] (60)
48 : [36, 132, 465] (58)
49 : [53, 227, 285, 597] (59)
50 : [104, 119, 423] (65)
51 : [20, 436] (66)
52 : [41, 137, 219, 238, 556] (60)
53 : [229, 314, 565] (62)
54 : [116, 357, 358, 439] (58)
55 : [470, 490, 523] (61)
56 : [397, 481, 508] (60)
57 : [288, 422, 467] (57)
58 : [131, 315, 477, 503] (59)
59 : [96, 322, 474, 570] (64)
60 : [27, 78, 334, 515] (66)
61 : [118, 193, 207, 268, 451, 546] (59)
62 : [84, 94, 239, 421] (58)
63 : [70, 218, 325, 377, 558] (60)
64 : [151, 246, 256, 530] (62)
65 : [129, 160, 337, 563, 572] (60)
66 : [199, 444, 591] (61)
67 : [260, 293, 402] (64)
68 : [287, 459, 500] (69)
69 : [15, 203, 228, 449, 461] (66)
70 : [21, 24, 262, 283, 303, 469] (67)
71 : [403, 464, 507] (70)
72 : [273, 290, 379, 479, 545] (67)
73 : [68, 484, 485] (73)
74 : [226, 418] (72)
75 : [25, 44, 197, 266, 272, 405] (67)
76 : [175, 223, 263, 495] (66)
77 : [147, 309, 505] (70)
78 : [171, 241, 304, 406] (65)
79 : [244, 364, 416, 550] (71)
80 : [86, 292, 330, 372, 420] (66)
81 : [47, 312, 525, 543] (68)
82 : [28, 215, 286, 370, 378] (68)
83 : [240, 382, 533] (70)
84 : [253, 335, 471, 516, 554] (66)
85 : [102, 332, 431] (70)
86 : [189, 269, 374, 409, 437] (67)
87 : [8, 271, 275, 294] (75)
88 : [106, 205, 267] (68)
89 : [1, 31, 120, 407, 553] (68)
90 : [33, 148, 318, 343, 433] (67)
91 : [12, 248, 462, 555] (68)
92 : [49, 83, 108, 155, 447] (70)
93 : [73, 365, 542] (68)
94 : [195, 338, 577] (66)
95 : [183, 298, 414] (71)
96 : [6, 393, 587] (75)
97 : [138, 297, 395] (69)
98 : [91, 252, 482] (72)
99 : [72, 128, 258, 399, 478] (67)
100 : [135, 165, 316, 468, 536] (67)
101 : [50, 154, 458, 529] (74)
102 : [220, 347, 354] (70)
103 : [178, 289, 351, 391] (70)
104 : [38, 81, 103, 139, 176, 517] (64)
105 : [13, 64, 112, 265] (64)
106 : [460, 492] (76)
107 : [156, 168, 541] (75)
108 : [180, 307, 396, 401, 408] (75)
109 : [236, 278, 388, 453, 581] (71)
110 : [308, 383, 442, 582] (71)
111 : [30, 210, 284] (78)
112 : [22, 206, 359, 590] (73)
113 : [146, 306, 327, 592] (72)
114 : [60, 281, 456, 489] (75)
115 : [10, 65, 98, 99, 152, 174] (74)
116 : [82, 88, 89, 247, 573] (72)
117 : [130, 198, 299, 353] (78)
118 : [75, 101, 532] (75)
119 : [37, 122, 574, 593] (74)
120 : [62, 250, 301, 326] (73)
121 : [76, 134, 167, 202, 579] (74)
122 : [11, 29, 412, 518, 538] (76)
123 : [7, 51, 317, 413, 486, 522] (77)
124 : [85, 121, 204, 234, 295, 387] (77)
125 : [54, 95, 125, 177, 200, 441] (79)
126 : [19, 324, 586, 595] (77)
127 : [187, 373, 400, 569] (77)
128 : [46, 71, 145, 161, 282] (78)
129 : [57, 123, 510, 566] (78)
130 : [74, 340, 348, 506] (77)
131 : [230, 398, 419, 496, 504] (77)
132 : [2, 166, 169, 209, 539] (79)
133 : [143, 186, 190, 291, 452] (78)
134 : [48, 87, 432, 575] (80)
135 : [100, 164, 172, 194, 427, 440] (80)
136 : [117, 296, 366, 535, 552] (81)
137 : [63, 113, 150, 280, 321, 426] (81)
138 : [158, 277, 502, 521] (80)
139 : [23, 42, 114, 344, 497] (80)
140 : [233, 361, 443, 491, 567] (80)
141 : [26, 126, 133, 251, 411] (79)
142 : [45, 56, 69, 302, 310, 589] (80)
143 : [3, 188, 213, 336, 367] (80)
