Name: 600-30-45
Time: 24.582930088043213 
Result: 45
Solution:  79 0 117 13 100 97 52 122 62 97 94 86 96 88 75 49 42 128 55 47 70 33 55 92 74 98 109 105 95 126 28 66 73 3 114 0 81 51 48 8 127 45 110 110 132 83 16 89 56 120 37 48 133 57 43 113 108 129 17 131 19 135 96 102 89 25 73 66 111 102 51 104 65 20 133 71 62 67 58 116 91 81 67 122 45 124 103 87 0 93 20 127 114 50 83 70 34 74 59 120 95 88 15 9 25 135 2 106 31 0 3 103 18 85 106 85 35 52 19 107 92 87 69 11 99 84 98 111 8 14 130 1 4 129 34 79 119 94 121 124 103 6 113 52 93 11 36 88 108 29 6 78 38 39 128 101 6 86 83 16 40 58 129 16 112 4 86 32 122 9 64 61 91 119 125 99 119 41 128 107 1 97 127 95 87 72 10 59 27 128 108 106 45 86 2 79 113 0 35 132 80 108 117 109 6 96 96 77 58 46 118 36 78 35 54 128 94 73 116 21 128 64 28 106 21 45 44 65 96 3 81 76 7 88 44 37 23 27 78 49 31 125 104 124 99 32 116 118 131 33 128 58 18 23 19 14 95 83 11 96 13 40 64 78 135 35 123 52 43 94 6 50 128 84 132 23 25 21 118 3 63 11 118 106 48 7 43 58 10 104 15 101 112 49 88 21 106 131 88 30 98 55 63 93 7 86 55 12 49 100 97 62 21 96 117 17 119 8 91 118 26 115 67 21 106 67 84 104 76 54 34 91 120 124 85 56 46 23 31 37 131 93 55 57 46 88 135 43 68 82 79 1 76 116 47 72 130 135 17 10 30 26 115 134 95 103 50 7 96 51 82 11 68 0 77 24 121 3 15 128 82 12 63 11 23 90 7 68 69 97 21 28 50 118 30 26 122 30 28 130 126 78 3 59 58 98 27 119 115 115 129 121 61 15 82 76 69 24 108 105 21 29 84 112 4 117 110 80 19 135 81 99 85 134 93 75 2 51 68 74 12 99 7 42 36 65 133 40 92 121 57 66 132 126 80 20 29 53 120 127 113 83 107 26 61 62 105 35 130 77 8 83 124 87 47 44 104 134 117 32 39 62 104 112 127 59 33 88 53 82 60 33 76 105 38 2 90 75 100 39 48 71 90 51 49 95 129 67 111 132 34 98 40 26 122 59 111 115 108 14 59 10 38 48 90 74 37 41 24 77 130 21 119 52 65 115 89 123 41 130 116 16 79 114 18 126 43 68 77 76 12 89 56 38 114 101 19 73 94 59 133 75 60 59 62 15 46 132 25 110 42 67 70 13 105 48 70 15 81 102 94 44 88 108 109 116 39 113 122 123 96 31 24 73 100 102 4 112 89 91
0 : [1, 35, 88, 109, 197, 373] (42)
1 : [131, 180, 351] (38)
2 : [106, 194, 436, 495] (32)
3 : [33, 110, 229, 279, 377, 402] (33)
4 : [132, 165, 424, 596] (31)
5 : [] (0)
6 : [141, 150, 156, 204, 270] (30)
7 : [232, 285, 304, 367, 386, 442] (30)
8 : [39, 128, 317, 470] (33)
9 : [103, 169] (31)
10 : [186, 288, 359, 521] (31)
11 : [123, 145, 258, 281, 371, 383] (30)
12 : [307, 381, 440, 550] (32)
13 : [3, 260, 573] (31)
14 : [129, 255, 519] (31)
15 : [102, 290, 378, 413, 565, 577] (31)
16 : [46, 159, 163, 541] (31)
17 : [58, 315, 358] (35)
18 : [112, 252, 544] (31)
19 : [60, 118, 254, 428, 556] (31)
20 : [73, 90, 455] (37)
21 : [219, 224, 277, 295, 312, 323, 390, 420, 531] (38)
22 : [] (0)
23 : [236, 253, 275, 337, 384] (38)
24 : [375, 417, 528, 592] (30)
25 : [65, 104, 276, 568] (34)
26 : [320, 361, 395, 463, 513] (32)
27 : [188, 237, 406] (32)
28 : [30, 222, 391, 398] (34)
29 : [149, 421, 456] (35)
30 : [299, 360, 394, 397] (32)
31 : [108, 240, 338, 591] (32)
32 : [167, 245, 479] (37)
33 : [21, 249, 486, 491] (32)
34 : [96, 134, 330, 510] (33)
35 : [116, 198, 213, 265, 467] (34)
36 : [146, 211, 444] (32)
37 : [50, 235, 339, 526] (33)
38 : [152, 494, 522, 553] (33)
39 : [153, 480, 499, 586] (33)
40 : [160, 261, 447, 512] (35)
41 : [177, 527, 538] (34)
42 : [16, 443, 570] (34)
43 : [54, 268, 286, 347, 546] (36)
44 : [226, 234, 475, 581] (38)
45 : [41, 84, 192, 225] (36)
46 : [209, 336, 344, 566] (35)
47 : [19, 354, 474] (35)
48 : [38, 51, 284, 500, 523, 575] (35)
49 : [15, 239, 293, 308, 504] (34)
50 : [93, 271, 366, 392] (35)
51 : [37, 70, 369, 437, 503] (34)
52 : [6, 117, 143, 267, 533] (37)
53 : [457, 488] (38)
54 : [214, 329] (36)
55 : [18, 22, 301, 306, 342] (35)
56 : [48, 335, 552] (36)
57 : [53, 343, 450] (35)
58 : [78, 161, 208, 251, 287, 404] (35)
59 : [98, 187, 403, 485, 515, 520, 559, 563] (36)
60 : [490, 562] (34)
61 : [171, 412, 464] (34)
62 : [8, 76, 311, 465, 481, 564] (36)
63 : [280, 302, 382] (35)
64 : [170, 221, 262] (36)
65 : [72, 227, 445, 534] (38)
66 : [31, 67, 451] (37)
67 : [77, 82, 322, 325, 507, 571] (36)
68 : [348, 372, 387, 438, 547] (37)
69 : [122, 388, 416] (37)
70 : [20, 95, 572, 576] (37)
71 : [75, 501] (37)
72 : [185, 355] (41)
73 : [32, 66, 217, 557, 593] (40)
74 : [24, 97, 439, 525] (38)
75 : [14, 435, 497, 561] (39)
76 : [231, 328, 352, 415, 492, 549] (40)
77 : [207, 374, 469, 529, 548] (41)
78 : [151, 212, 238, 263, 401] (39)
79 : [0, 135, 195, 350, 542] (41)
80 : [200, 427, 454] (40)
81 : [36, 81, 230, 430, 578] (39)
82 : [349, 370, 380, 414, 489] (41)
83 : [45, 94, 158, 257, 461, 471] (39)
84 : [125, 273, 326, 422] (39)
85 : [113, 115, 334, 432] (39)
86 : [11, 157, 166, 193, 305] (41)
87 : [87, 121, 184, 473] (44)
88 : [13, 101, 147, 233, 294, 298, 345, 487, 582] (40)
89 : [47, 64, 536, 551, 598] (41)
90 : [385, 496, 502, 524] (41)
91 : [80, 172, 318, 331, 599] (43)
92 : [23, 120, 448] (42)
93 : [89, 144, 303, 341, 434] (44)
94 : [10, 137, 216, 269, 558, 580] (44)
95 : [28, 100, 183, 256, 364, 505] (41)
96 : [12, 62, 205, 206, 228, 259, 313, 368, 590] (43)
97 : [5, 9, 181, 310, 389] (42)
98 : [25, 126, 300, 405, 511] (42)
99 : [124, 175, 244, 431, 441] (42)
100 : [4, 309, 498, 594] (43)
101 : [155, 291, 555] (42)
102 : [63, 69, 579, 595] (45)
103 : [86, 111, 140, 365] (42)
104 : [71, 242, 289, 327, 476, 482] (42)
105 : [27, 419, 466, 493, 574] (42)
106 : [107, 114, 191, 223, 283, 296, 324] (42)
107 : [119, 179, 462] (43)
108 : [56, 148, 190, 201, 418, 518, 583] (42)
109 : [26, 203, 584] (44)
110 : [42, 43, 426, 569] (44)
111 : [68, 127, 508, 516] (41)
112 : [164, 292, 423, 483, 597] (44)
113 : [55, 142, 196, 460, 587] (44)
114 : [34, 92, 543, 554] (41)
115 : [321, 362, 408, 409, 517, 535] (42)
116 : [79, 218, 246, 353, 540, 585] (41)
117 : [2, 202, 314, 425, 478] (44)
118 : [210, 247, 278, 282, 319, 393] (42)
119 : [136, 173, 176, 316, 407, 532] (42)
120 : [49, 99, 332, 458] (43)
121 : [138, 376, 411, 449] (45)
122 : [7, 83, 168, 396, 514, 588] (43)
123 : [266, 537, 589] (44)
124 : [85, 139, 243, 333, 472] (43)
125 : [174, 241] (44)
126 : [29, 400, 453, 545] (43)
127 : [40, 91, 182, 459, 484] (43)
128 : [17, 154, 178, 189, 215, 220, 250, 272, 379] (44)
129 : [57, 133, 162, 410, 506] (45)
130 : [130, 356, 399, 468, 530, 539] (43)
131 : [59, 248, 297, 340] (45)
132 : [44, 199, 274, 452, 509, 567] (44)
133 : [52, 74, 446, 560] (45)
134 : [363, 433, 477] (43)
135 : [61, 105, 264, 346, 357, 429] (43)
