Name: 600-40-60
Time: 26.462892532348633 
Result: 60
Solution:  13 0 35 31 83 84 88 97 56 44 28 40 38 69 48 93 80 30 13 26 67 28 87 17 21 46 74 58 9 72 21 99 35 46 24 16 83 5 79 68 0 67 49 86 82 87 100 36 27 89 80 54 64 78 21 91 7 43 91 9 93 3 33 29 43 88 5 68 99 37 94 20 55 53 89 10 67 72 60 46 101 54 65 79 100 88 64 61 22 77 78 97 7 56 59 0 25 25 5 85 20 61 83 74 68 46 76 74 94 21 69 47 13 27 2 24 79 81 27 88 86 4 55 94 92 42 48 86 50 0 1 61 53 62 100 46 4 71 91 95 74 91 43 38 8 59 0 39 10 27 98 75 45 78 32 98 42 27 45 34 61 99 96 7 63 84 44 7 51 37 79 15 93 2 75 76 78 45 66 37 49 31 56 74 46 79 59 36 76 1 0 85 59 73 23 26 78 47 47 58 56 101 33 45 98 57 49 15 40 88 100 76 54 70 33 12 96 12 90 48 78 5 102 91 7 64 22 28 69 51 51 77 50 94 71 54 98 89 55 70 22 22 81 27 88 30 86 10 97 2 9 40 69 93 25 43 23 76 41 21 2 70 40 18 69 90 38 96 7 8 19 41 67 22 79 79 74 3 99 102 93 97 93 19 61 13 99 53 92 40 25 83 34 44 80 88 41 15 58 73 95 100 70 94 58 18 29 27 14 69 66 31 48 36 91 97 25 30 18 14 52 58 13 90 62 99 20 76 40 61 28 87 21 26 85 48 20 73 65 22 54 34 59 34 18 54 39 17 32 71 57 1 5 29 44 76 71 41 3 35 101 98 32 18 100 73 63 52 72 37 82 4 92 66 36 64 12 0 91 56 70 32 22 45 1 58 57 77 15 61 62 96 48 87 45 73 11 68 11 82 63 33 78 34 48 60 37 53 39 21 101 62 16 25 0 47 52 74 65 46 87 4 53 59 22 27 51 42 81 96 72 21 20 80 18 95 52 34 42 28 39 24 13 12 96 25 86 35 85 57 25 95 20 44 102 45 61 85 101 25 77 72 65 42 60 8 95 26 7 19 90 34 28 12 31 53 14 30 8 29 98 81 24 38 33 66 1 92 93 59 2 64 89 32 82 86 25 66 91 34 56 17 95 83 20 44 58 64 75 31 62 39 5 72 66 68 67 48 44 21 10 2 65 53 23 49 65 58 82 17 5 25 19 88 102 36 11 39 60 80 56 89 50 76 30 14 75 37 41 43 5 7 56 14 9 36 74 88 55 49 61 36 69 40 39 54 63 88 25 83 32 63 93 7 50 82 101 44 84 25 71 94 16 85 40 26 75 52 16 27 16 12 12 9 84 76 55 60 44 91
0 : [1, 40, 95, 129, 146, 190, 377, 414] (43)
1 : [130, 189, 351, 384, 486] (42)
2 : [114, 173, 249, 260, 490, 521] (44)
3 : [61, 277, 358] (40)
4 : [121, 136, 371, 421] (44)
5 : [37, 66, 98, 221, 352, 512, 530, 550] (43)
6 : [] (0)
7 : [56, 92, 163, 167, 224, 268, 468, 551, 573] (40)
8 : [144, 269, 465, 478] (42)
9 : [28, 59, 250, 554, 593] (42)
10 : [75, 148, 247, 520] (48)
11 : [396, 398, 536] (49)
12 : [215, 217, 376, 443, 473, 591, 592] (43)
13 : [0, 18, 112, 285, 322, 442] (42)
14 : [308, 319, 476, 545, 553] (44)
15 : [171, 207, 297, 388] (48)
16 : [35, 412, 582, 588, 590] (45)
17 : [23, 347, 501, 529] (45)
18 : [263, 305, 318, 344, 363, 434] (43)
19 : [270, 283, 469, 532] (45)
20 : [71, 100, 326, 336, 432, 452, 504] (42)
21 : [24, 30, 54, 109, 259, 332, 409, 431, 519] (43)
22 : [88, 226, 240, 241, 273, 339, 382, 424] (42)
23 : [194, 256, 524] (46)
24 : [34, 115, 441, 482] (45)
25 : [96, 97, 254, 290, 316, 413, 445, 450, 459, 496, 531, 568, 579] (42)
26 : [19, 195, 333, 467, 585] (45)
27 : [48, 113, 118, 149, 157, 243, 307, 425, 589] (43)
28 : [10, 21, 227, 330, 439, 472] (43)
29 : [63, 306, 353, 479] (50)
30 : [17, 245, 317, 477, 544] (48)
31 : [3, 181, 311, 474, 509] (44)
32 : [154, 348, 362, 381, 493, 570] (45)
33 : [62, 202, 214, 401, 484] (47)
34 : [159, 292, 341, 343, 403, 437, 471, 499] (45)
35 : [2, 32, 359, 447] (45)
36 : [47, 187, 313, 374, 535, 555, 561] (44)
37 : [69, 169, 179, 369, 406, 547] (46)
38 : [12, 143, 266, 483] (46)
39 : [147, 346, 408, 440, 511, 537, 564] (46)
40 : [11, 208, 251, 262, 289, 328, 563, 584] (47)
41 : [258, 271, 296, 357, 548] (47)
42 : [125, 156, 427, 438, 463] (47)
43 : [57, 64, 142, 255, 549] (46)
44 : [9, 166, 293, 354, 453, 505, 518, 577, 598] (46)
45 : [152, 158, 177, 203, 383, 394, 455] (47)
46 : [25, 33, 79, 105, 135, 184, 419] (47)
47 : [111, 197, 198, 415] (48)
48 : [14, 126, 219, 312, 335, 392, 404, 517] (47)
49 : [42, 180, 206, 525, 559] (50)
50 : [128, 232, 542, 574] (50)
51 : [168, 229, 230, 426] (51)
52 : [320, 367, 416, 436, 587] (51)
53 : [73, 132, 287, 407, 422, 475, 523] (51)
54 : [51, 81, 212, 235, 340, 345, 565] (52)
55 : [72, 122, 238, 558, 596] (51)
56 : [8, 93, 182, 200, 379, 500, 540, 552] (51)
57 : [205, 350, 386, 449] (51)
58 : [27, 199, 298, 304, 321, 385, 506, 527] (51)
59 : [94, 145, 186, 192, 342, 423, 489] (51)
60 : [78, 405, 464, 538, 597] (51)
61 : [87, 101, 131, 160, 284, 329, 389, 456, 560] (52)
62 : [133, 324, 390, 411, 510] (51)
63 : [164, 366, 400, 566, 571] (51)
64 : [52, 86, 225, 375, 491, 507] (53)
65 : [82, 338, 418, 462, 522, 526] (53)
66 : [178, 310, 373, 485, 497, 514] (55)
67 : [20, 41, 76, 272, 516] (53)
68 : [39, 67, 104, 397, 515] (53)
69 : [13, 110, 228, 252, 264, 309, 562] (55)
70 : [213, 239, 261, 302, 380] (54)
71 : [137, 234, 349, 356, 580] (54)
72 : [29, 77, 368, 430, 461, 513] (56)
73 : [193, 299, 337, 365, 395] (56)
74 : [26, 103, 107, 140, 183, 276, 417, 556] (54)
75 : [151, 174, 508, 546, 586] (57)
76 : [106, 175, 188, 211, 257, 327, 355, 543, 595] (57)
77 : [89, 231, 387, 460] (57)
78 : [53, 90, 153, 176, 196, 220, 402] (57)
79 : [38, 83, 116, 170, 185, 274, 275] (58)
80 : [16, 50, 294, 433, 539] (58)
81 : [117, 242, 428, 481] (60)
82 : [44, 370, 399, 494, 528, 575] (57)
83 : [4, 36, 102, 291, 503, 569] (58)
84 : [5, 165, 578, 594] (58)
85 : [99, 191, 334, 448, 457, 583] (57)
86 : [43, 120, 127, 246, 446, 495] (56)
87 : [22, 45, 331, 393, 420] (58)
88 : [6, 65, 85, 119, 209, 244, 295, 533, 557, 567] (56)
89 : [49, 74, 237, 492, 541] (59)
90 : [218, 265, 323, 470] (57)
91 : [55, 58, 138, 141, 223, 314, 378, 498, 599] (56)
92 : [124, 288, 372, 487] (58)
93 : [15, 60, 172, 253, 280, 282, 488, 572] (55)
94 : [70, 108, 123, 233, 303, 581] (55)
95 : [139, 300, 435, 451, 466, 502] (55)
96 : [162, 216, 267, 391, 429, 444] (56)
97 : [7, 91, 248, 281, 315] (59)
98 : [150, 155, 204, 236, 361, 480] (58)
99 : [31, 68, 161, 278, 286, 325] (60)
100 : [46, 84, 134, 210, 301, 364] (57)
101 : [80, 201, 360, 410, 458, 576] (58)
102 : [222, 279, 454, 534] (58)
