Name: 600-40-60
Time: 26.388938426971436 
Result: 60
Solution:  13 5 34 32 82 84 88 97 60 41 36 45 36 71 50 96 78 31 10 31 73 27 86 16 22 45 70 59 10 72 20 98 35 44 23 15 81 6 76 65 7 66 48 85 81 87 100 41 26 96 80 56 65 80 21 87 0 46 95 8 88 2 34 28 48 84 7 75 100 35 90 19 55 57 90 11 67 70 56 48 102 54 68 83 91 86 67 59 22 76 80 97 6 56 61 0 24 24 4 87 25 63 79 76 73 46 79 71 95 20 68 47 19 26 0 28 76 84 24 93 84 3 53 91 92 42 48 87 49 0 0 61 54 66 99 46 5 75 91 98 74 93 46 36 11 60 6 40 14 32 94 78 42 81 35 97 41 27 43 33 63 100 95 7 62 89 42 10 51 34 83 13 89 2 81 84 76 43 71 46 49 25 52 68 47 81 58 29 75 0 3 82 51 73 23 26 77 47 44 59 59 102 31 49 102 60 49 15 43 92 98 81 55 69 33 11 94 16 90 46 80 6 99 91 7 65 21 30 70 52 56 80 53 93 72 50 99 94 57 72 19 24 83 28 90 26 87 7 94 4 8 44 67 93 24 44 22 75 41 21 2 71 40 10 69 90 39 97 10 6 17 39 69 22 83 73 71 3 98 102 92 97 93 24 63 9 99 55 99 35 25 82 38 45 83 89 40 14 53 74 95 101 68 94 63 25 29 28 15 68 63 27 47 36 86 97 19 30 18 13 51 56 19 98 61 101 21 74 38 62 34 85 19 26 93 48 17 70 67 19 52 33 60 30 18 57 37 17 40 71 58 3 6 23 44 80 71 48 2 35 101 100 33 17 96 74 64 50 72 28 79 4 96 70 34 64 9 0 91 55 62 30 25 46 0 62 54 75 16 62 66 94 46 87 47 70 12 60 12 84 61 33 81 28 48 58 43 53 42 25 102 58 16 24 5 47 53 67 64 46 89 0 54 61 20 24 54 43 76 96 68 20 27 78 20 94 51 31 45 24 41 30 13 13 97 25 85 40 88 61 29 96 20 43 100 47 61 87 95 24 78 69 68 48 59 8 95 18 6 22 88 35 31 10 32 50 14 32 9 31 99 77 23 37 34 67 0 88 92 61 2 64 89 32 83 83 25 65 91 33 56 21 94 81 19 47 60 64 77 32 60 42 9 72 64 69 70 46 43 24 6 5 57 52 18 50 66 52 83 17 6 26 20 94 101 43 12 38 59 79 56 90 51 77 29 15 75 37 38 42 5 10 63 14 4 35 73 85 61 50 65 38 69 46 42 50 66 92 24 85 37 63 90 10 49 82 98 39 84 19 66 93 14 86 32 26 78 53 15 26 11 13 13 8 83 82 55 63 41 92
0 : [56, 95, 114, 129, 130, 189, 377, 384, 421, 486] (59)
1 : [] (0)
2 : [61, 173, 260, 358, 490] (41)
3 : [121, 190, 277, 351] (44)
4 : [98, 249, 371, 554] (49)
5 : [1, 136, 414, 521, 550] (44)
6 : [37, 92, 146, 221, 269, 352, 468, 520, 530] (40)
7 : [40, 66, 163, 224, 247] (41)
8 : [59, 250, 465, 593] (46)
9 : [285, 376, 478, 512] (40)
10 : [18, 28, 167, 263, 268, 473, 551, 573] (41)
11 : [75, 144, 215, 590] (42)
12 : [396, 398, 536] (49)
13 : [0, 171, 319, 442, 443, 591, 592] (41)
14 : [148, 297, 476, 553, 582] (45)
15 : [35, 207, 308, 545, 588] (45)
16 : [23, 217, 388, 412] (48)
17 : [270, 336, 347, 363, 529] (45)
18 : [318, 344, 467, 524] (41)
19 : [71, 112, 240, 316, 322, 332, 339, 504, 579] (42)
20 : [30, 109, 424, 431, 434, 452, 532] (43)
21 : [54, 226, 259, 326, 501] (42)
22 : [24, 88, 256, 273, 469] (43)
23 : [34, 194, 353, 482] (46)
24 : [96, 97, 118, 241, 254, 283, 413, 425, 439, 459, 519, 568] (43)
25 : [100, 181, 290, 305, 382, 409, 445, 496] (43)
26 : [48, 113, 195, 245, 333, 531, 585, 589] (43)
27 : [21, 157, 311, 432] (43)
28 : [63, 115, 243, 307, 369, 403] (43)
29 : [187, 306, 450, 544] (44)
30 : [227, 317, 343, 381, 441] (44)
31 : [17, 19, 202, 437, 472, 479] (45)
32 : [3, 149, 474, 477, 493, 509, 584] (44)
33 : [159, 214, 341, 362, 401, 499] (45)
34 : [2, 62, 169, 330, 374, 484] (44)
35 : [32, 69, 154, 289, 359, 471, 555] (45)
36 : [10, 12, 143, 313] (47)
37 : [346, 483, 547, 570] (49)
38 : [292, 328, 537, 548, 561] (47)
39 : [266, 271, 577] (45)
40 : [147, 262, 296, 348, 447] (45)
41 : [9, 47, 156, 258, 440, 598] (46)
42 : [125, 152, 166, 408, 511, 549, 564] (45)
43 : [158, 177, 208, 406, 427, 453, 518, 535] (46)
44 : [33, 198, 251, 255, 354] (46)
45 : [11, 25, 293, 438] (46)
46 : [57, 105, 135, 142, 179, 219, 383, 392, 419, 517, 563] (47)
47 : [111, 184, 197, 312, 394, 415, 455, 505] (46)
48 : [42, 64, 79, 126, 335, 357, 404, 463] (46)
49 : [128, 180, 203, 206, 574] (48)
50 : [14, 235, 367, 475, 525, 559, 565] (51)
51 : [168, 192, 320, 436, 542] (51)
52 : [182, 229, 340, 523, 527] (53)
53 : [122, 232, 298, 407, 416, 587] (51)
54 : [81, 132, 386, 422, 426] (51)
55 : [72, 212, 287, 379, 596] (51)
56 : [51, 78, 93, 230, 321, 500, 540] (51)
57 : [73, 238, 345, 522] (52)
58 : [186, 350, 405, 411] (52)
59 : [27, 87, 199, 200, 464, 538] (52)
60 : [8, 145, 205, 342, 397, 506, 510] (49)
61 : [94, 131, 324, 400, 423, 449, 456, 489, 558] (51)
62 : [164, 329, 380, 385, 389] (48)
63 : [101, 160, 284, 304, 310, 552, 571, 597] (50)
64 : [366, 375, 418, 491, 507, 514] (50)
65 : [39, 52, 225, 497, 560] (51)
66 : [41, 133, 390, 526, 566, 580] (51)
67 : [76, 86, 252, 338, 417, 485] (53)
68 : [82, 110, 183, 302, 309, 430, 462] (53)
69 : [213, 264, 272, 461, 515, 562] (54)
70 : [26, 77, 228, 337, 373, 395, 516] (54)
71 : [13, 107, 178, 261, 276, 349, 356] (54)
72 : [29, 234, 239, 368, 513] (58)
73 : [20, 104, 193, 275, 556] (56)
74 : [140, 299, 327, 365] (55)
75 : [67, 137, 188, 257, 387, 546] (58)
76 : [38, 89, 103, 116, 176, 428] (58)
77 : [196, 481, 508, 543] (60)
78 : [16, 151, 433, 460, 586] (59)
79 : [102, 106, 370, 539] (58)
80 : [50, 53, 90, 220, 231, 355] (58)
81 : [36, 44, 153, 174, 185, 211, 402, 503] (58)
82 : [4, 191, 291, 575, 595] (59)
83 : [83, 170, 242, 274, 294, 494, 495, 528, 594] (58)
84 : [5, 65, 117, 120, 175, 399, 578] (57)
85 : [43, 331, 446, 557, 569] (58)
86 : [22, 85, 314, 583] (57)
87 : [45, 55, 99, 127, 246, 393, 457] (57)
88 : [6, 60, 448, 470, 487] (57)
89 : [165, 172, 295, 420, 492] (58)
90 : [70, 74, 218, 244, 265, 541, 572] (59)
91 : [84, 123, 138, 223, 378, 498] (57)
92 : [124, 209, 280, 488, 567, 599] (58)
93 : [119, 141, 233, 253, 282, 334, 581] (58)
94 : [150, 216, 237, 248, 303, 391, 435, 502, 533] (56)
95 : [58, 108, 162, 300, 458, 466] (57)
96 : [15, 49, 364, 372, 429, 451] (60)
97 : [7, 91, 155, 267, 281, 315, 444] (56)
98 : [31, 139, 210, 278, 323, 576] (57)
99 : [134, 222, 236, 286, 288, 480] (57)
100 : [46, 68, 161, 361, 454] (59)
101 : [301, 325, 360, 534] (60)
102 : [80, 201, 204, 279, 410] (59)
