Name: 600-50-80
Time: 27.58897638320923 
Result: 1031
Solution:  3 88 134 142 23 26 95 123 88 12 113 119 93 108 35 69 40 44 6 126 57 69 110 142 67 69 142 58 80 121 117 87 13 91 30 19 46 123 102 41 44 52 142 10 76 142 127 83 131 88 101 118 12 49 126 17 134 129 28 0 114 5 120 141 105 112 8 21 72 137 61 127 97 91 130 117 120 43 57 1 2 103 114 92 60 127 77 133 117 116 22 95 20 31 58 125 57 21 116 122 129 125 83 104 49 35 90 39 93 12 22 20 104 136 138 10 54 135 59 50 94 125 119 128 5 128 139 12 101 65 120 51 48 141 122 100 3 50 100 104 1 20 15 130 35 128 114 77 89 13 142 65 110 24 96 92 108 9 135 42 60 133 48 41 133 100 132 123 107 128 40 79 135 4 114 80 104 125 104 22 107 2 47 95 33 44 134 132 143 92 132 15 4 68 134 99 16 72 124 64 129 12 112 67 124 86 109 53 34 139 112 45 20 143 1 80 29 12 70 52 102 0 15 73 40 34 77 55 67 51 129 46 19 138 124 21 109 40 52 62 84 78 47 48 78 41 67 117 94 32 121 136 101 82 35 47 62 31 102 34 62 19 70 76 47 103 76 90 62 86 27 87 74 74 48 89 35 136 111 45 139 107 128 72 115 47 88 68 53 105 69 133 81 65 87 128 134 89 94 119 6 121 142 71 75 48 111 107 111 78 139 25 76 10 53 59 96 127 92 19 38 137 55 2 128 63 115 113 22 26 78 37 90 10 61 84 140 63 93 0 131 21 3 89 140 6 3 106 132 16 13 101 27 116 101 9 36 50 51 115 39 136 17 38 81 93 136 143 25 10 82 0 75 126 85 3 33 66 81 70 7 11 82 111 23 41 12 124 109 36 43 106 15 98 25 96 107 58 129 103 123 108 66 71 17 71 80 97 108 85 14 141 125 122 97 39 80 3 73 130 79 64 53 54 7 35 137 138 11 20 36 85 133 88 21 26 52 83 30 55 134 126 107 140 63 28 8 92 33 66 4 61 135 110 3 47 112 36 99 68 109 70 90 30 72 44 21 56 103 68 54 83 12 20 60 19 12 61 90 74 49 56 98 2 71 73 125 38 37 113 59 143 105 11 37 75 127 138 29 44 70 41 138 50 136 75 130 76 56 9 127 47 7 17 29 55 83 102 121 32 10 140 125 60 43 79 8 24 29 102 64 28 118 85 18 137 100 35 122 132 5 106 99 81 33 69 58 42 25 24 79 47 135 84 87 90 53 36 62 27 38 14 45 62 12 60 122 142 36 123 63 48 64 114 124 133 47 95 37 123 31 108 110 16 14 31 118 96 13 143 110 65 113 121 18 131 3 50 31 33
0 : [59, 221, 339, 371] (54)
1 : [79, 140, 214] (58)
2 : [80, 181, 323, 483] (60)
3 : [0, 136, 342, 346, 375, 417, 454, 596] (50)
4 : [173, 192, 450] (51)
5 : [61, 124, 540] (50)
6 : [18, 300, 345] (50)
7 : [380, 424, 512] (52)
8 : [66, 446, 526] (50)
9 : [157, 355, 509] (54)
10 : [43, 115, 313, 333, 369, 520] (50)
11 : [381, 428, 493] (52)
12 : [9, 52, 109, 127, 201, 217, 386, 472, 476, 564] (52)
13 : [32, 149, 350, 588] (51)
14 : [410, 561, 584] (53)
15 : [142, 191, 222, 392] (53)
16 : [196, 349, 583] (52)
17 : [55, 362, 404, 513] (50)
18 : [534, 594] (57)
19 : [35, 232, 261, 319, 475] (51)
20 : [92, 111, 141, 212, 429, 473] (53)
21 : [67, 97, 235, 341, 434, 466] (54)
22 : [90, 110, 179, 328] (57)
23 : [4, 384] (59)
24 : [153, 527, 549] (58)
25 : [311, 368, 394, 548] (63)
26 : [5, 329, 435] (56)
27 : [270, 352, 559] (62)
28 : [58, 445, 531] (57)
29 : [216, 498, 514, 528] (61)
30 : [34, 438, 463] (60)
31 : [93, 257, 580, 585, 598] (59)
32 : [249, 519] (58)
33 : [184, 376, 448, 544, 599] (60)
34 : [208, 225, 259] (59)
35 : [14, 105, 144, 254, 276, 425, 537] (59)
36 : [356, 389, 430, 457, 557, 568] (59)
37 : [331, 488, 494, 578] (58)
38 : [320, 363, 487, 560] (65)
39 : [107, 360, 415] (59)
40 : [16, 170, 224, 237] (63)
41 : [39, 163, 245, 385, 501] (64)
42 : [159, 547] (61)
43 : [77, 390, 524] (62)
44 : [17, 40, 185, 465, 499] (59)
45 : [211, 279, 562] (60)
46 : [36, 231] (61)
47 : [182, 242, 255, 264, 285, 455, 511, 551, 576] (57)
48 : [132, 162, 243, 274, 305, 571] (58)
49 : [53, 104, 480] (58)
50 : [119, 137, 357, 503, 597] (59)
51 : [131, 229, 358] (60)
52 : [41, 219, 238, 436] (70)
53 : [207, 288, 314, 422, 556] (63)
54 : [116, 423, 470] (62)
55 : [227, 322, 439, 515] (61)
56 : [467, 481, 508] (62)
57 : [20, 78, 96] (65)
58 : [27, 94, 397, 546] (65)
59 : [118, 315, 490] (66)
60 : [84, 160, 474, 523, 565] (65)
61 : [70, 334, 451, 477] (67)
62 : [239, 256, 260, 268, 558, 563] (63)
63 : [325, 337, 444, 570] (71)
64 : [199, 421, 530, 572] (69)
65 : [129, 151, 293, 591] (73)
66 : [377, 402, 449] (66)
67 : [24, 203, 228, 246] (68)
68 : [193, 287, 459, 469] (70)
69 : [15, 21, 25, 290, 545] (65)
70 : [218, 262, 379, 461, 500] (65)
71 : [303, 403, 405, 484] (66)
72 : [68, 197, 283, 464] (66)
73 : [223, 418, 485] (65)
74 : [272, 273, 479] (70)
75 : [304, 372, 495, 505] (66)
76 : [44, 263, 266, 312, 507] (65)
77 : [86, 147, 226] (68)
78 : [241, 244, 309, 330] (65)
79 : [171, 420, 525, 550] (70)
80 : [28, 175, 215, 406, 416] (68)
81 : [292, 364, 378, 543] (65)
82 : [253, 370, 382] (67)
83 : [47, 102, 437, 471, 516] (66)
84 : [240, 335, 553] (65)
85 : [374, 409, 431, 533] (74)
86 : [205, 269] (67)
87 : [31, 271, 294, 554] (66)
88 : [1, 8, 49, 286, 433] (67)
89 : [148, 275, 297, 343] (65)
90 : [106, 267, 332, 462, 478, 555] (65)
91 : [33, 73] (73)
92 : [83, 155, 189, 318, 447] (69)
93 : [12, 108, 338, 365] (68)
94 : [120, 248, 298] (69)
95 : [6, 91, 183, 577] (66)
96 : [154, 316, 395, 587] (65)
97 : [72, 407, 414] (65)
98 : [393, 482] (66)
99 : [195, 458, 542] (68)
100 : [135, 138, 165, 536] (71)
101 : [50, 128, 252, 351, 354] (66)
102 : [38, 220, 258, 517, 529] (64)
103 : [81, 265, 399, 468] (66)
104 : [103, 112, 139, 176, 178] (64)
105 : [64, 289, 492] (64)
106 : [347, 391, 541] (71)
107 : [168, 180, 281, 307, 396, 442] (73)
108 : [13, 156, 401, 408, 581] (73)
109 : [206, 236, 388, 460] (75)
110 : [22, 152, 453, 582, 590] (74)
111 : [278, 306, 308, 383] (78)
112 : [65, 202, 210, 456] (77)
113 : [10, 327, 489, 592] (76)
114 : [60, 82, 146, 174, 573] (77)
115 : [284, 326, 359] (78)
116 : [89, 98, 353] (79)
117 : [30, 75, 88, 247] (74)
118 : [51, 532, 586] (76)
119 : [11, 122, 299] (75)
120 : [62, 76, 130] (75)
121 : [29, 250, 301, 518, 593] (77)
122 : [99, 134, 413, 538, 566] (78)
123 : [7, 37, 167, 400, 569, 579] (79)
124 : [198, 204, 234, 387, 574] (79)
125 : [95, 101, 121, 177, 412, 486, 522] (79)
126 : [19, 54, 373, 441] (80)
127 : [46, 71, 85, 317, 496, 510] (79)
128 : [123, 125, 145, 169, 282, 295, 324] (77)
129 : [57, 100, 200, 230, 398] (80)
130 : [74, 143, 419, 506] (78)
131 : [48, 340, 595] (78)
132 : [166, 187, 190, 348, 539] (77)
133 : [87, 161, 164, 291, 432, 575] (77)
134 : [2, 56, 186, 194, 296, 440] (78)
135 : [117, 158, 172, 452, 552] (79)
136 : [113, 251, 277, 361, 366, 504] (80)
137 : [69, 321, 426, 535] (78)
138 : [114, 233, 427, 497, 502] (80)
139 : [126, 209, 280, 310] (80)
140 : [336, 344, 443, 521] (79)
141 : [63, 133, 411] (77)
142 : [3, 23, 26, 42, 45, 150, 302, 567] (79)
143 : [188, 213, 367, 491, 589] (81)
