Name: 600-50-80
Time: 25.586159229278564 
Result: 1081
Solution:  1 89 131 143 24 25 96 121 96 11 115 119 91 101 32 70 40 39 5 126 51 70 113 140 71 71 140 58 81 121 112 86 9 91 30 19 45 117 105 41 43 54 141 11 74 141 129 84 126 91 103 117 12 46 125 16 136 129 30 1 114 6 119 136 104 114 8 20 72 141 62 124 103 87 132 117 120 44 58 1 5 98 111 92 64 128 79 135 115 111 20 97 23 25 64 121 57 21 116 126 127 122 86 109 47 37 93 38 95 14 25 16 106 136 139 7 53 136 54 48 94 124 118 129 5 128 140 16 97 69 120 54 45 141 120 102 3 56 98 100 2 23 11 131 32 129 113 75 88 13 137 65 109 25 100 92 105 8 134 39 56 128 49 41 130 102 135 122 106 128 42 84 134 1 115 78 106 126 106 23 109 2 48 95 37 42 131 131 143 87 132 16 6 65 135 90 18 71 118 66 125 10 111 70 124 88 107 55 34 133 110 43 27 143 7 83 28 15 70 53 101 1 15 76 38 37 75 50 70 49 131 46 22 138 124 23 110 40 52 64 85 79 50 54 81 41 67 113 96 29 121 135 98 81 36 48 67 32 102 34 62 21 71 78 43 99 74 88 62 85 30 88 77 73 48 89 31 138 109 45 139 113 130 71 112 50 81 68 55 107 70 137 74 66 87 135 135 93 94 117 7 124 142 73 74 50 110 109 114 78 140 26 77 11 49 61 101 127 92 17 38 130 60 3 131 63 116 112 22 27 79 39 89 13 61 83 143 64 98 3 131 23 9 90 139 5 4 106 132 21 14 100 26 116 96 6 36 51 51 115 35 137 19 33 82 92 137 143 19 11 82 3 81 127 85 4 35 65 80 72 7 15 82 108 21 36 12 123 109 41 43 104 15 99 23 93 103 59 125 102 124 108 66 73 17 71 80 88 108 89 13 141 118 125 97 40 80 4 73 133 79 62 56 58 10 40 134 136 10 18 44 86 134 92 21 27 54 80 33 56 132 127 109 142 64 26 8 95 27 68 9 61 139 108 3 40 115 36 101 68 107 70 90 33 69 44 22 57 100 67 56 84 11 20 60 19 11 59 100 72 50 55 97 4 74 73 119 42 37 118 52 142 104 16 36 75 134 138 32 43 63 43 138 50 130 76 128 78 54 12 127 47 13 15 27 55 81 107 121 31 12 138 133 57 41 80 12 24 28 99 61 28 123 83 17 137 100 32 120 132 2 105 94 80 32 71 59 44 23 28 77 48 142 84 85 91 53 43 60 31 38 15 47 63 10 53 122 138 34 131 60 40 68 114 120 133 53 95 37 122 32 109 110 17 14 29 123 95 11 142 110 65 113 119 18 130 4 48 27 32
0 : [] (0)
1 : [0, 59, 79, 173, 221] (76)
2 : [140, 181, 540] (55)
3 : [136, 323, 339, 371, 454] (50)
4 : [346, 375, 417, 483, 596] (50)
5 : [18, 80, 124, 345] (51)
6 : [61, 192, 355] (58)
7 : [115, 214, 300, 380] (61)
8 : [66, 157, 446] (56)
9 : [32, 342, 450] (50)
10 : [201, 424, 428, 564] (50)
11 : [9, 43, 142, 313, 369, 472, 476, 588] (53)
12 : [52, 386, 509, 520, 526] (51)
13 : [149, 333, 410, 512] (55)
14 : [109, 350, 584] (51)
15 : [217, 222, 381, 392, 513, 561] (57)
16 : [55, 111, 127, 191, 493] (55)
17 : [319, 404, 534, 583] (56)
18 : [196, 429, 594] (60)
19 : [35, 362, 368, 475] (59)
20 : [67, 90, 473] (62)
21 : [97, 261, 349, 384, 434] (55)
22 : [232, 328, 466] (60)
23 : [92, 141, 179, 235, 341, 394, 548] (54)
24 : [4, 527] (61)
25 : [5, 93, 110, 153] (60)
26 : [311, 352, 445] (57)
27 : [212, 329, 435, 448, 514, 598] (60)
28 : [216, 528, 531, 549] (58)
29 : [249, 585] (57)
30 : [34, 58, 270] (70)
31 : [276, 519, 559] (62)
32 : [14, 144, 257, 498, 537, 544, 580, 599] (58)
33 : [363, 438, 463] (56)
34 : [208, 259, 568] (71)
35 : [360, 376] (65)
36 : [254, 356, 385, 457, 494] (59)
37 : [105, 184, 225, 488, 578] (59)
38 : [107, 224, 320, 560] (59)
39 : [17, 159, 331] (59)
40 : [16, 237, 415, 425, 455, 571] (60)
41 : [39, 163, 245, 389, 524] (60)
42 : [170, 185, 487] (61)
43 : [40, 211, 264, 390, 499, 501, 557] (59)
44 : [77, 430, 465, 547] (59)
45 : [36, 132, 279] (59)
46 : [53, 231] (61)
47 : [104, 511, 562] (59)
48 : [119, 182, 255, 274, 551, 597] (58)
49 : [162, 229, 314] (61)
50 : [227, 242, 285, 305, 480, 503] (58)
51 : [20, 357, 358] (59)
52 : [238, 490] (60)
53 : [116, 219, 556, 565, 576] (59)
54 : [41, 118, 131, 243, 436, 508] (64)
55 : [207, 288, 481, 515] (61)
56 : [137, 160, 422, 439, 470] (61)
57 : [96, 467, 523] (65)
58 : [27, 78, 423] (64)
59 : [397, 477, 546] (64)
60 : [322, 474, 558, 570] (65)
61 : [315, 334, 451, 530] (66)
62 : [70, 260, 268, 421] (69)
63 : [325, 500, 563] (65)
64 : [84, 94, 239, 337, 444] (61)
65 : [151, 193, 377, 591] (68)
66 : [199, 293, 402] (64)
67 : [246, 256, 469] (62)
68 : [287, 449, 459, 572] (63)
69 : [129, 464] (62)
70 : [15, 21, 203, 218, 228, 290, 461] (62)
71 : [24, 25, 197, 262, 283, 405, 545] (62)
72 : [68, 379, 479] (66)
73 : [273, 303, 403, 418, 485] (61)
74 : [44, 266, 292, 304, 484] (62)
75 : [147, 226, 495] (63)
76 : [223, 505] (64)
77 : [272, 312, 550] (68)
78 : [175, 263, 309, 507] (63)
79 : [86, 241, 330, 420] (66)
80 : [378, 406, 416, 437, 525, 543] (64)
81 : [28, 244, 253, 286, 372, 516] (65)
82 : [364, 370, 382] (74)
83 : [215, 335, 533] (67)
84 : [47, 171, 471, 553] (68)
85 : [240, 269, 374, 554] (79)
86 : [31, 102, 431] (78)
87 : [73, 189, 294] (73)
88 : [148, 205, 267, 271, 407] (70)
89 : [1, 275, 332, 409] (70)
90 : [195, 343, 462] (68)
91 : [12, 33, 49, 555] (70)
92 : [83, 155, 318, 365, 433] (72)
93 : [106, 297, 395] (70)
94 : [120, 298, 542] (69)
95 : [108, 183, 447, 577, 587] (76)
96 : [6, 8, 248, 354] (74)
97 : [91, 128, 414, 482] (70)
98 : [81, 138, 252, 338] (74)
99 : [265, 393, 529] (69)
100 : [139, 154, 351, 468, 478, 536] (69)
101 : [13, 220, 316, 458] (70)
102 : [135, 165, 258, 399] (71)
103 : [50, 72, 396] (74)
104 : [64, 391, 492] (74)
105 : [38, 156, 541] (68)
106 : [112, 168, 176, 178, 347] (70)
107 : [206, 289, 460, 517] (73)
108 : [383, 401, 408, 453] (75)
109 : [103, 152, 180, 278, 307, 388, 442, 581] (67)
110 : [210, 236, 306, 582, 590] (73)
111 : [82, 89, 202] (73)
112 : [30, 284, 327] (73)
113 : [22, 146, 247, 281, 592] (69)
114 : [60, 65, 308, 573] (76)
115 : [10, 88, 174, 359, 456] (72)
116 : [98, 326, 353] (80)
117 : [37, 51, 75, 299] (80)
118 : [122, 198, 412, 489] (76)
119 : [11, 62, 486, 593] (79)
120 : [76, 130, 134, 538, 574] (81)
121 : [7, 29, 95, 250, 518] (79)
122 : [101, 167, 566, 579] (79)
123 : [387, 532, 586] (78)
124 : [71, 121, 204, 234, 301, 400] (80)
125 : [54, 200, 398, 413] (79)
126 : [19, 48, 99, 177] (79)
127 : [100, 317, 373, 441, 510] (77)
128 : [85, 125, 161, 169, 506] (77)
129 : [46, 57, 123, 145] (79)
130 : [164, 282, 321, 504, 595] (78)
131 : [2, 143, 186, 187, 230, 324, 340, 569] (74)
132 : [74, 190, 348, 440, 539] (78)
133 : [209, 419, 522, 575] (79)
134 : [158, 172, 426, 432, 496] (75)
135 : [87, 166, 194, 251, 295, 296] (75)
136 : [56, 63, 113, 117, 427] (74)
137 : [150, 291, 361, 366, 535] (75)
138 : [233, 277, 497, 502, 521, 567] (75)
139 : [114, 280, 344, 452] (75)
140 : [23, 26, 126, 310] (75)
141 : [42, 45, 69, 133, 411] (76)
142 : [302, 443, 491, 552, 589] (75)
143 : [3, 188, 213, 336, 367] (80)
