Name: 600-20-30
Time: 26.481184720993042 
Result: 1031
Solution:  70 138 137 98 143 18 106 44 35 78 38 26 33 12 98 125 14 136 88 121 136 142 70 135 52 55 120 24 7 0 25 62 82 39 47 7 31 69 115 131 19 53 77 82 99 0 142 9 81 125 87 125 89 63 82 111 74 21 75 29 118 91 76 65 103 2 69 140 23 18 50 26 131 77 107 40 21 109 116 130 31 24 41 60 118 64 17 28 84 130 67 46 84 129 97 15 116 22 121 28 144 146 81 124 101 84 1 144 60 57 97 90 139 48 132 92 87 34 80 18 87 142 141 62 136 2 103 98 56 76 42 133 135 69 131 109 26 111 52 116 53 108 25 110 146 69 88 95 105 112 7 29 8 57 134 23 46 104 54 142 23 64 51 132 51 39 12 44 117 76 104 145 119 117 17 99 17 127 127 22 5 146 94 35 102 89 83 100 99 16 90 75 27 32 29 37 4 30 100 45 1 147 114 119 130 149 73 144 4 30 143 138 84 96 98 145 116 114 36 126 73 6 49 52 97 85 31 143 139 31 149 124 29 55 75 91 73 106 87 71 146 67 4 128 127 136 138 38 122 143 9 79 105 65 148 92 70 18 59 8 81 147 98 86 123 63 85 80 57 120 121 61 90 66 115 58 81 12 113 60 20 83 123 100 74 59 13 100 87 5 133 72 40 30 73 18 117 98 19 4 23 13 58 16 45 57 33 68 50 40 113 127 56 89 52 52 11 58 68 110 96 61 149 15 145 8 86 97 84 0 0 47 136 148 86 120 147 107 139 46 35 45 49 63 112 94 21 108 34 17 126 149 133 103 110 94 113 37 129 56 43 138 28 43 40 123 34 139 129 122 88 44 108 104 72 68 75 3 134 3 29 5 83 28 105 39 3 85 100 41 8 6 93 48 42 72 73 37 25 19 111 14 94 105 135 122 29 109 17 0 78 50 24 117 25 91 36 136 0 65 135 0 27 57 9 1 5 63 77 64 97 6 2 20 119 119 38 105 45 109 34 57 67 61 128 4 108 44 60 78 122 87 9 101 5 46 39 117 44 54 42 82 32 115 59 143 53 119 134 33 47 56 143 71 12 141 36 124 29 89 133 18 56 15 118 28 78 32 85 104 6 129 14 36 47 115 12 140 47 17 42 22 70 53 13 85 63 23 55 79 49 91 79 17 62 137 112 127 71 66 114 16 103 19 68 137 32 30 72 18 11 106 134 148 24 91 132 50 8 101 71 101 119 40 104 118 128 141 111 149 80 126 72 57 41 74 5 102 131 36 128 102 92 106 49 116 142 140 28 43 54 107 74 46 76 109 147 95 124 66 108 90 99 132 144 80 68 61 14 121 67 3 93 57 27 49 51 95 48 2
0 : [29, 45, 329, 330, 409, 418, 421] (20)
1 : [106, 200, 425] (22)
2 : [65, 125, 432, 599] (20)
3 : [377, 379, 386, 591] (23)
4 : [196, 208, 242, 299, 445] (22)
5 : [180, 289, 381, 426, 454, 556] (20)
6 : [221, 391, 431, 490] (20)
7 : [28, 35, 150] (21)
8 : [152, 259, 325, 390, 538] (26)
9 : [47, 250, 424, 452] (22)
10 : [] (0)
11 : [316, 530] (23)
12 : [13, 166, 277, 474, 496] (20)
13 : [286, 301, 504] (21)
14 : [16, 401, 492, 588] (21)
15 : [95, 323, 483] (20)
16 : [189, 303, 521] (20)
17 : [86, 174, 176, 349, 408, 499, 513] (20)
18 : [5, 69, 119, 257, 295, 481, 529] (20)
19 : [40, 298, 399, 523] (21)
20 : [280, 433] (25)
21 : [57, 76, 346] (20)
22 : [97, 179, 501] (22)
23 : [68, 155, 160, 300, 507] (22)
24 : [27, 81, 412, 534] (24)
25 : [30, 142, 398, 414] (21)
26 : [11, 71, 136] (24)
27 : [192, 422, 594] (22)
28 : [87, 99, 362, 383, 485, 568] (21)
29 : [59, 151, 194, 232, 380, 406, 478] (22)
30 : [197, 209, 293, 527] (23)
31 : [36, 80, 226, 229] (27)
32 : [193, 462, 487, 526] (22)
33 : [12, 306, 469] (22)
34 : [117, 348, 366, 440] (22)
35 : [8, 183, 340] (21)
36 : [218, 416, 476, 493, 559] (21)
37 : [195, 357, 397] (23)
38 : [10, 247, 436] (23)
39 : [33, 165, 385, 456] (25)
40 : [75, 292, 309, 364, 543] (24)
41 : [82, 389, 554] (24)
42 : [130, 394, 460, 500] (25)
43 : [360, 363, 569] (24)
44 : [7, 167, 371, 447, 458] (24)
45 : [199, 304, 341, 438] (24)
46 : [91, 156, 339, 455, 573] (24)
47 : [34, 331, 470, 494, 498] (24)
48 : [113, 393, 598] (25)
49 : [222, 342, 510, 564, 595] (26)
50 : [70, 308, 411, 537] (24)
51 : [162, 164, 596] (24)
52 : [24, 138, 223, 314, 315] (24)
53 : [41, 140, 466, 503] (24)
54 : [158, 459, 570] (24)
55 : [25, 233, 508] (25)
56 : [128, 312, 359, 471, 482] (23)
57 : [109, 153, 268, 305, 423, 441, 553, 593] (23)
58 : [275, 302, 317] (23)
59 : [258, 285, 464] (23)
60 : [83, 108, 279, 448] (25)
61 : [271, 321, 443, 587] (24)
62 : [31, 123, 514] (27)
63 : [53, 265, 343, 427, 506] (24)
64 : [85, 161, 429] (26)
65 : [63, 253, 419] (25)
66 : [273, 519, 579] (25)
67 : [90, 241, 442, 590] (25)
68 : [307, 318, 375, 524, 586] (25)
69 : [37, 66, 133, 145] (25)
70 : [0, 22, 256, 502] (25)
71 : [239, 473, 518, 540] (27)
72 : [291, 374, 395, 528, 552] (25)
73 : [206, 220, 236, 294, 396] (26)
74 : [56, 284, 555, 572] (25)
75 : [58, 191, 234, 376] (28)
76 : [62, 129, 169, 574] (27)
77 : [42, 73, 428] (25)
78 : [9, 410, 449, 486] (25)
79 : [251, 509, 512] (25)
80 : [118, 267, 550, 585] (26)
81 : [48, 102, 260, 276] (27)
82 : [32, 43, 54, 461] (25)
83 : [186, 281, 382] (25)
84 : [88, 92, 105, 212, 328] (25)
85 : [225, 266, 387, 488, 505] (24)
86 : [263, 326, 334] (25)
87 : [50, 116, 120, 238, 288, 451] (24)
88 : [18, 146, 370] (25)
89 : [52, 185, 313, 479] (24)
90 : [111, 190, 272, 581] (27)
91 : [61, 235, 415, 511, 535] (24)
92 : [115, 255, 562] (25)
93 : [392, 592] (27)
94 : [182, 345, 355, 402] (26)
95 : [147, 577, 597] (25)
96 : [213, 320] (27)
97 : [94, 110, 224, 327, 430] (26)
98 : [3, 14, 127, 214, 262, 297] (26)
99 : [44, 175, 188, 582] (25)
100 : [187, 198, 283, 287, 388] (26)
101 : [104, 453, 539, 541] (28)
102 : [184, 557, 561] (27)
103 : [64, 126, 353, 522] (26)
104 : [157, 170, 373, 489, 544] (25)
105 : [148, 252, 384, 403, 437] (25)
106 : [6, 237, 531, 563] (26)
107 : [74, 337, 571] (28)
108 : [141, 347, 372, 446, 580] (25)
109 : [77, 135, 407, 439, 575] (29)
110 : [143, 319, 354] (26)
111 : [55, 137, 400, 548] (27)
112 : [149, 344, 516] (27)
113 : [278, 310, 356] (27)
114 : [202, 217, 520] (28)
115 : [38, 274, 463, 495] (27)
116 : [78, 96, 139, 216, 565] (28)
117 : [168, 173, 296, 413, 457] (27)
118 : [60, 84, 484, 545] (29)
119 : [172, 203, 434, 435, 467, 542] (28)
120 : [26, 269, 335] (28)
121 : [19, 98, 270, 589] (29)
122 : [248, 369, 405, 450] (28)
123 : [264, 282, 365] (28)
124 : [103, 231, 477, 578] (30)
125 : [15, 49, 51] (31)
126 : [219, 350, 551] (30)
127 : [177, 178, 244, 311, 517] (28)
128 : [243, 444, 546, 560] (30)
129 : [93, 358, 368, 491] (29)
130 : [79, 89, 204] (30)
131 : [39, 72, 134, 558] (28)
132 : [114, 163, 536, 583] (29)
133 : [131, 290, 352, 480] (28)
134 : [154, 378, 468, 532] (28)
135 : [23, 132, 404, 420] (29)
136 : [17, 20, 124, 245, 332, 417] (28)
137 : [2, 515, 525] (28)
138 : [1, 211, 246, 361] (28)
139 : [112, 228, 338, 367] (29)
140 : [67, 497, 567] (30)
141 : [122, 475, 547] (28)
142 : [21, 46, 121, 159, 566] (29)
143 : [4, 210, 227, 249, 465, 472] (29)
144 : [100, 107, 207, 584] (30)
145 : [171, 215, 324] (29)
146 : [101, 144, 181, 240] (30)
147 : [201, 261, 336, 576] (29)
148 : [254, 333, 533] (28)
149 : [205, 230, 322, 351, 549] (30)
