Name: 600-40-60
Time: 26.30300760269165 
Result: 60
Solution:  19 10 35 32 82 85 85 97 56 41 38 43 34 70 46 92 80 36 9 26 71 27 84 18 23 45 78 55 10 73 18 101 35 47 22 17 82 3 79 65 10 66 49 81 82 87 98 38 28 92 83 57 64 76 21 92 0 43 93 12 87 5 40 31 50 86 6 70 99 37 92 18 54 48 91 12 68 72 61 48 99 59 67 82 96 86 66 62 23 79 82 98 7 55 58 0 24 18 0 88 24 62 79 74 72 48 75 68 98 20 68 53 13 28 0 29 79 83 24 91 86 5 55 93 90 39 48 86 51 0 2 60 57 62 100 46 2 69 89 96 78 90 42 44 3 58 0 37 14 27 96 75 41 80 29 97 39 26 45 36 61 100 96 9 64 85 44 8 50 40 82 14 92 7 80 82 82 43 70 44 49 30 54 72 46 80 52 30 80 6 0 88 53 77 25 26 75 52 42 57 59 99 33 52 98 56 49 15 43 88 101 76 54 68 33 18 93 13 90 46 80 2 94 91 6 67 21 26 71 55 60 80 51 93 73 53 99 95 58 69 21 18 84 28 86 28 87 6 97 4 9 41 64 95 23 42 22 76 41 21 2 75 38 19 67 91 44 101 7 7 20 40 69 23 81 77 71 4 100 102 91 97 94 24 59 10 101 48 91 37 25 80 35 41 78 84 42 15 59 79 94 100 66 93 59 24 26 28 14 69 61 27 48 34 84 102 20 30 18 13 54 56 18 89 63 101 22 74 38 61 30 88 19 28 93 47 19 74 68 24 53 36 60 36 16 58 35 13 37 71 56 4 9 25 46 81 71 46 5 35 102 96 34 18 100 73 63 52 76 31 81 7 95 66 37 70 10 3 90 54 69 29 24 45 0 60 56 74 14 61 63 94 45 87 48 70 16 66 8 83 60 33 82 31 49 62 39 54 41 23 101 57 12 24 5 46 51 67 64 46 90 2 51 63 18 24 47 41 78 94 73 20 25 75 19 93 50 33 43 23 38 29 9 17 96 25 86 32 87 59 27 95 23 44 102 43 60 85 100 24 77 74 65 43 60 8 98 23 9 17 88 36 28 11 31 52 16 29 11 31 99 78 29 37 33 67 7 89 95 58 3 64 92 31 82 86 20 65 91 39 59 17 95 84 21 46 59 65 72 37 63 39 9 72 61 72 67 49 42 28 11 3 59 53 15 49 66 55 76 19 7 28 20 92 102 43 9 36 61 81 57 89 50 76 34 11 76 34 40 44 5 10 54 17 12 37 71 85 59 51 60 38 68 42 37 53 65 86 23 79 32 63 93 9 52 83 97 40 88 24 67 93 15 86 36 26 74 53 13 28 16 13 19 8 83 77 62 65 47 96
0 : [56, 95, 98, 114, 129, 146, 190, 384] (59)
1 : [] (0)
2 : [130, 136, 221, 260, 421] (42)
3 : [37, 144, 377, 490, 521] (40)
4 : [249, 277, 351] (44)
5 : [61, 121, 358, 414, 550] (41)
6 : [66, 189, 224, 247] (42)
7 : [92, 173, 268, 269, 371, 486, 530] (40)
8 : [167, 398, 465, 593] (47)
9 : [18, 163, 250, 352, 442, 468, 512, 536, 573] (42)
10 : [1, 28, 40, 285, 376, 551] (40)
11 : [473, 478, 520, 545] (42)
12 : [59, 75, 412, 554] (44)
13 : [112, 217, 319, 347, 588, 591] (42)
14 : [148, 171, 308, 388] (43)
15 : [207, 297, 524, 582] (43)
16 : [344, 396, 476, 590] (44)
17 : [35, 443, 469, 501, 553] (44)
18 : [23, 30, 71, 97, 215, 241, 318, 322, 363, 424] (42)
19 : [0, 263, 332, 336, 434, 529, 592] (41)
20 : [109, 270, 316, 431, 496, 532] (42)
21 : [54, 226, 240, 259, 504] (42)
22 : [34, 256, 326] (45)
23 : [24, 88, 254, 273, 409, 439, 452, 467, 568] (42)
24 : [96, 100, 118, 283, 305, 339, 382, 413, 425, 459, 579] (43)
25 : [194, 290, 353, 432, 445] (45)
26 : [19, 157, 195, 227, 306, 585] (45)
27 : [21, 149, 311, 450] (47)
28 : [48, 113, 243, 245, 307, 333, 472, 519, 531, 589] (44)
29 : [115, 154, 381, 441, 477, 482] (46)
30 : [181, 187, 317, 330] (47)
31 : [63, 369, 403, 474, 479, 493] (47)
32 : [3, 447, 570] (46)
33 : [202, 214, 401, 437, 484] (46)
34 : [12, 313, 362, 544, 547] (48)
35 : [2, 32, 292, 346, 359] (47)
36 : [17, 159, 341, 343, 471, 537, 584] (46)
37 : [69, 147, 289, 348, 374, 483, 509, 555, 564] (46)
38 : [10, 47, 262, 328, 440, 561] (46)
39 : [125, 156, 406, 499, 511] (47)
40 : [62, 169, 271, 548, 577] (49)
41 : [9, 152, 251, 258, 293, 408, 427] (47)
42 : [142, 198, 255, 296, 518, 563] (48)
43 : [11, 57, 177, 208, 438, 455, 463, 535] (48)
44 : [143, 166, 179, 266, 453, 549] (47)
45 : [25, 158, 383, 392] (49)
46 : [14, 135, 184, 219, 354, 357, 415, 419, 505] (48)
47 : [33, 335, 426, 598] (47)
48 : [73, 79, 105, 126, 287, 312, 394] (48)
49 : [42, 180, 206, 404, 517, 525] (49)
50 : [64, 168, 436, 542] (48)
51 : [128, 232, 416, 422, 559] (52)
52 : [186, 197, 203, 367, 475, 574] (48)
53 : [111, 192, 235, 340, 523, 565, 587] (48)
54 : [72, 182, 212, 320, 379, 407, 552] (49)
55 : [27, 93, 122, 229, 527] (49)
56 : [8, 205, 321, 350, 386] (48)
57 : [51, 132, 199, 411, 540] (48)
58 : [94, 145, 238, 345, 489] (50)
59 : [81, 200, 284, 298, 304, 449, 500, 506, 522, 558] (49)
60 : [131, 230, 342, 385, 400, 456, 464, 560] (50)
61 : [78, 160, 310, 329, 389, 514, 538] (49)
62 : [87, 101, 133, 405, 596] (52)
63 : [324, 366, 390, 423, 510, 571] (51)
64 : [52, 164, 252, 418, 491] (54)
65 : [39, 462, 497, 507, 566, 597] (52)
66 : [41, 86, 302, 373, 397, 526] (52)
67 : [82, 225, 264, 417, 485, 516, 580] (54)
68 : [76, 107, 110, 213, 338, 562] (53)
69 : [137, 239, 272, 309, 380] (56)
70 : [13, 67, 178, 375, 395] (58)
71 : [20, 228, 276, 349, 356, 556] (56)
72 : [77, 104, 183, 508, 513, 515] (56)
73 : [29, 234, 365, 430] (60)
74 : [103, 327, 337, 387, 461, 586] (56)
75 : [106, 151, 196, 261, 433] (57)
76 : [53, 211, 257, 368, 528, 543, 546] (57)
77 : [193, 275, 460, 595] (60)
78 : [26, 140, 294, 428, 481] (59)
79 : [38, 89, 102, 116, 299, 569] (59)
80 : [16, 153, 174, 185, 188, 220, 231, 291] (58)
81 : [43, 274, 355, 370, 539] (57)
82 : [4, 36, 44, 83, 90, 170, 175, 176, 402, 494] (57)
83 : [50, 117, 399, 575, 594] (59)
84 : [22, 242, 295, 314, 503] (57)
85 : [5, 6, 165, 457, 557] (57)
86 : [65, 85, 120, 127, 244, 446, 495, 567, 583] (56)
87 : [45, 60, 246, 393, 448] (57)
88 : [99, 191, 209, 331, 470, 578] (58)
89 : [138, 323, 487, 541] (58)
90 : [124, 141, 218, 378, 420] (56)
91 : [74, 119, 223, 265, 280, 288, 498] (56)
92 : [15, 49, 55, 70, 172, 492, 533] (57)
93 : [58, 123, 216, 233, 303, 334, 435, 572, 581] (57)
94 : [222, 282, 300, 391, 429] (58)
95 : [237, 253, 372, 451, 488, 502] (57)
96 : [84, 139, 150, 162, 361, 444, 599] (56)
97 : [7, 155, 248, 281, 576] (57)
98 : [46, 91, 108, 204, 466] (58)
99 : [68, 80, 201, 236, 480] (58)
100 : [134, 161, 278, 301, 364, 458] (59)
101 : [31, 210, 267, 286, 325, 410] (57)
102 : [279, 315, 360, 454, 534] (58)
