Name: 600-40-60
Time: 26.45375108718872 
Result: 60
Solution:  13 8 35 31 81 85 85 99 59 42 30 41 33 72 48 97 77 30 8 31 69 29 82 22 23 45 73 57 10 72 19 100 33 44 24 15 82 1 80 67 9 67 47 82 76 88 100 37 27 87 83 54 66 75 21 88 8 46 95 7 86 3 39 29 47 82 7 70 102 29 86 15 53 54 89 12 68 71 59 45 102 55 67 79 100 86 62 60 24 76 77 100 6 55 61 1 34 19 4 86 20 62 84 73 70 46 79 73 95 21 69 52 13 27 1 28 79 81 20 94 90 5 50 94 93 40 48 86 51 3 1 60 56 63 102 47 5 69 96 97 74 93 44 44 11 58 3 38 13 30 100 78 47 78 35 99 37 26 42 41 61 101 95 3 66 83 44 9 52 39 83 13 89 3 75 78 77 46 67 42 49 27 57 74 46 80 55 34 74 4 1 81 55 73 21 26 75 53 39 56 56 98 31 51 97 58 49 15 41 91 98 76 57 68 30 16 96 12 88 48 82 3 96 92 4 63 23 33 72 56 59 78 52 94 71 53 98 96 57 74 23 17 81 27 87 25 88 6 92 2 9 43 64 91 26 43 22 76 44 22 2 70 40 18 67 90 41 98 8 8 17 40 69 21 85 79 71 4 96 102 91 97 94 24 59 16 102 58 98 37 25 84 34 41 74 90 39 14 54 77 96 101 65 90 59 19 28 27 14 66 62 28 47 36 91 99 20 32 15 20 51 53 16 91 63 101 20 77 37 62 27 89 18 27 90 46 17 70 68 16 49 36 59 34 17 53 38 17 40 72 61 2 8 23 46 77 71 44 5 34 101 95 34 18 97 75 63 50 71 36 78 1 96 72 36 65 8 1 90 55 69 30 25 46 1 59 55 74 15 64 66 96 45 87 45 73 9 60 11 84 53 35 76 31 48 60 37 54 36 22 101 61 18 24 3 48 53 67 66 46 93 2 52 58 17 30 49 43 80 99 71 15 26 81 17 94 51 32 44 25 38 23 8 10 95 25 86 35 87 61 24 97 20 46 102 46 61 86 94 26 78 70 68 42 60 7 94 19 8 21 88 34 29 10 32 55 14 31 10 29 99 79 28 38 31 65 5 92 95 57 4 64 87 32 81 86 26 65 90 33 54 20 90 83 19 44 54 64 76 36 65 42 10 72 62 70 68 48 41 20 8 5 64 50 25 50 64 56 82 18 7 26 19 95 100 38 10 42 60 83 54 92 51 76 33 14 78 36 40 43 6 8 52 13 12 36 76 84 55 52 63 45 69 41 38 51 67 89 24 85 32 65 90 8 50 84 101 43 89 26 65 93 15 85 38 26 75 50 16 27 11 13 16 12 89 80 58 59 42 91
0 : [] (0)
1 : [37, 95, 114, 130, 190, 371, 377, 384] (56)
2 : [249, 260, 351, 421] (48)
3 : [61, 129, 146, 163, 173, 221, 414] (41)
4 : [98, 189, 224, 277, 490] (44)
5 : [121, 136, 358, 486, 521] (41)
6 : [92, 247, 550] (45)
7 : [59, 66, 465, 530] (40)
8 : [1, 18, 56, 268, 269, 352, 376, 442, 468, 520, 551, 573] (41)
9 : [40, 167, 250, 396] (40)
10 : [28, 443, 473, 478, 512, 536] (41)
11 : [144, 398, 590] (44)
12 : [75, 217, 554, 593] (44)
13 : [0, 112, 148, 171, 553, 591] (42)
14 : [297, 308, 476, 545] (44)
15 : [35, 71, 207, 318, 388, 431, 582] (40)
16 : [215, 285, 322, 339, 588, 592] (40)
17 : [241, 270, 336, 344, 347, 424, 434] (43)
18 : [263, 332, 363, 412, 529] (44)
19 : [30, 97, 305, 467, 504, 532] (45)
20 : [100, 118, 316, 319, 326, 452, 501, 519] (46)
21 : [54, 109, 194, 273, 469] (46)
22 : [23, 256, 259, 409] (47)
23 : [24, 226, 240, 353, 441] (46)
24 : [34, 88, 283, 413, 450, 568] (45)
25 : [245, 290, 382, 439, 445, 524] (45)
26 : [157, 195, 254, 432, 459, 496, 531, 579, 585] (45)
27 : [48, 113, 181, 243, 307, 330, 333, 589] (46)
28 : [115, 306, 311, 482] (47)
29 : [21, 63, 69, 472, 479] (47)
30 : [10, 17, 149, 214, 381, 425] (45)
31 : [3, 19, 202, 403, 477, 484] (47)
32 : [317, 437, 474, 493, 570] (45)
33 : [12, 32, 227, 499, 544] (47)
34 : [96, 187, 292, 343, 359, 362, 471] (45)
35 : [2, 154, 401, 447] (45)
36 : [313, 341, 369, 374, 408, 509, 547, 555] (45)
37 : [47, 156, 289, 328, 406] (44)
38 : [147, 346, 440, 483, 535, 564, 584] (45)
39 : [62, 169, 198, 296] (47)
40 : [125, 262, 271, 348, 548] (45)
41 : [11, 159, 208, 266, 293, 518, 563] (45)
42 : [9, 158, 179, 463, 511, 537, 598] (45)
43 : [251, 255, 427, 549, 577] (44)
44 : [33, 142, 143, 166, 258, 357, 438, 505] (45)
45 : [25, 79, 392, 394, 561] (45)
46 : [57, 105, 177, 184, 335, 354, 383, 419, 453, 455] (45)
47 : [42, 64, 135, 152, 312] (45)
48 : [14, 126, 219, 404, 415, 517] (45)
49 : [180, 206, 340, 426] (54)
50 : [122, 367, 523, 525, 574, 587] (49)
51 : [128, 203, 320, 436, 542, 565] (50)
52 : [111, 168, 232, 422, 552, 559] (50)
53 : [72, 197, 235, 321, 345, 400, 416] (50)
54 : [51, 73, 298, 407, 500, 506, 540] (51)
55 : [81, 93, 186, 192, 379, 386, 475, 558] (50)
56 : [132, 199, 200, 229, 527] (50)
57 : [27, 182, 212, 238, 489] (52)
58 : [145, 205, 287, 423, 596] (51)
59 : [8, 78, 230, 284, 304, 342, 385, 597] (51)
60 : [87, 131, 397, 405, 464, 538] (52)
61 : [94, 160, 350, 411, 449, 456] (52)
62 : [86, 101, 310, 329, 514] (51)
63 : [133, 225, 324, 366, 560] (53)
64 : [252, 389, 491, 507, 522, 526] (52)
65 : [302, 375, 485, 497, 510, 571, 580] (53)
66 : [52, 164, 309, 390, 418] (54)
67 : [39, 41, 82, 178, 264, 417, 566] (53)
68 : [76, 213, 338, 462, 516] (53)
69 : [20, 110, 137, 272, 380, 562] (53)
70 : [67, 104, 261, 337, 461, 515] (53)
71 : [77, 234, 276, 356, 368, 430] (53)
72 : [13, 29, 228, 349, 373, 513] (53)
73 : [26, 103, 107, 193, 395] (54)
74 : [140, 183, 188, 239, 294, 387] (54)
75 : [53, 174, 196, 365, 586] (59)
76 : [44, 89, 211, 257, 402, 508, 543, 556] (57)
77 : [16, 90, 176, 299, 327, 355] (59)
78 : [151, 153, 175, 231, 370, 460, 546] (57)
79 : [83, 106, 116, 275, 481] (58)
80 : [38, 185, 428, 595] (57)
81 : [4, 117, 191, 242, 433, 494] (60)
82 : [22, 36, 43, 65, 220, 528] (57)
83 : [50, 165, 170, 503, 539] (57)
84 : [102, 291, 399, 557, 575] (57)
85 : [5, 6, 274, 569, 583] (58)
86 : [60, 70, 85, 99, 127, 446, 457, 495] (58)
87 : [49, 244, 393, 448, 492] (58)
88 : [45, 55, 218, 246, 470] (59)
89 : [74, 172, 331, 567, 578, 594] (59)
90 : [120, 265, 295, 303, 334, 378, 498, 502, 572] (58)
91 : [209, 253, 280, 314, 323, 599] (58)
92 : [223, 248, 487, 541] (59)
93 : [124, 141, 420, 581] (58)
94 : [119, 123, 233, 282, 435, 458, 466] (59)
95 : [58, 108, 162, 361, 444, 488, 533] (58)
96 : [138, 216, 222, 237, 278, 300, 372, 391] (59)
97 : [15, 139, 204, 281, 364, 451] (56)
98 : [201, 210, 236, 267, 288] (58)
99 : [7, 155, 315, 429, 480] (58)
100 : [31, 46, 84, 91, 150, 534] (59)
101 : [161, 301, 325, 360, 410, 576] (57)
102 : [68, 80, 134, 279, 286, 454] (57)
