Name: 600-50-80
Time: 25.91922950744629 
Result: 2081
Solution:  0 90 134 143 24 23 98 123 94 9 118 122 96 104 36 69 41 38 7 127 51 71 110 138 66 69 138 56 80 121 117 89 10 91 30 17 46 114 103 47 41 53 141 9 72 141 129 81 126 89 103 114 15 48 126 19 133 129 29 2 114 5 119 140 105 112 7 25 74 140 60 125 97 87 131 118 122 44 58 1 2 104 113 96 65 125 79 134 116 114 21 95 18 24 59 120 57 22 116 119 131 120 80 103 48 35 96 39 93 16 23 17 105 136 138 9 54 136 61 50 89 122 119 128 5 128 139 16 96 65 120 55 50 141 120 100 0 57 97 103 0 23 8 133 35 128 113 77 87 16 142 64 110 24 95 93 107 8 131 40 57 127 49 42 135 101 134 125 107 128 37 79 134 2 116 75 106 126 103 27 109 4 50 95 39 47 136 134 143 87 133 20 2 63 134 92 18 75 124 62 129 10 121 67 124 86 109 53 34 135 111 41 23 143 1 84 27 13 70 55 102 1 15 73 36 35 76 50 67 46 132 44 21 139 124 22 110 39 52 62 88 74 47 55 77 41 67 111 96 30 121 136 100 81 36 47 68 31 96 34 61 15 77 75 41 101 77 90 62 86 33 88 77 76 47 88 33 137 111 49 139 106 131 68 115 55 88 68 54 107 70 134 75 64 84 135 133 91 99 117 7 124 141 72 79 45 112 109 110 78 142 26 80 3 53 59 95 129 90 17 39 130 58 4 132 65 115 109 21 33 78 42 84 15 60 84 140 63 99 1 130 22 9 91 143 3 4 104 129 22 13 102 28 117 101 3 35 53 57 115 36 137 17 40 82 94 134 143 19 9 82 6 79 123 85 4 37 62 89 72 6 14 82 111 25 38 14 124 111 36 43 103 15 98 26 93 104 54 127 100 122 106 66 71 16 76 76 90 108 85 13 141 119 123 99 38 81 3 74 122 81 61 56 58 10 35 136 139 8 20 42 85 133 92 22 27 52 80 29 55 132 125 107 141 65 24 6 92 28 66 6 62 136 108 4 42 112 35 94 69 106 70 90 32 70 45 22 56 100 68 54 87 4 16 57 18 9 59 90 72 52 49 97 0 71 73 128 41 38 113 48 142 108 14 28 79 132 138 29 43 63 43 137 50 130 73 130 78 59 14 126 45 5 22 29 60 81 101 121 32 10 139 131 63 43 78 11 20 27 102 65 24 125 83 11 142 100 35 120 132 0 105 98 83 34 70 59 37 26 26 75 45 138 83 85 89 53 40 62 31 41 15 45 67 4 55 125 142 38 131 60 46 64 112 117 135 51 94 42 121 25 109 113 19 13 31 118 93 11 143 116 64 112 116 18 127 4 49 28 30
0 : [0, 136, 140, 483, 540] (53)
1 : [79, 214, 221, 339] (55)
2 : [59, 80, 173, 192] (65)
3 : [313, 345, 355, 417] (55)
4 : [181, 323, 346, 375, 454, 472, 564, 596] (57)
5 : [61, 124, 512] (59)
6 : [371, 380, 446, 450] (60)
7 : [18, 66, 300] (61)
8 : [142, 157, 428] (63)
9 : [9, 43, 115, 342, 369, 476] (56)
10 : [32, 201, 424, 520] (51)
11 : [526, 534, 588] (53)
12 : [] (0)
13 : [217, 350, 410, 584] (59)
14 : [381, 386, 493, 509] (52)
15 : [52, 222, 261, 333, 392, 561] (52)
16 : [109, 127, 149, 404, 473] (52)
17 : [35, 111, 319, 362] (52)
18 : [92, 196, 475, 594] (52)
19 : [55, 368, 583] (61)
20 : [191, 429, 527] (54)
21 : [90, 232, 328] (54)
22 : [97, 235, 341, 349, 434, 466, 513] (53)
23 : [5, 110, 141, 212] (52)
24 : [4, 93, 153, 445, 531] (55)
25 : [67, 384, 580] (55)
26 : [311, 394, 548, 549] (57)
27 : [179, 216, 435, 528] (59)
28 : [352, 448, 494, 598] (60)
29 : [58, 438, 498, 514] (60)
30 : [34, 249, 599] (60)
31 : [257, 559, 585] (57)
32 : [463, 519] (60)
33 : [270, 276, 329] (58)
34 : [208, 259, 544] (60)
35 : [105, 144, 225, 356, 425, 457, 537] (58)
36 : [14, 224, 254, 360, 389] (57)
37 : [170, 376, 547] (62)
38 : [17, 385, 415, 488, 568] (61)
39 : [107, 184, 237, 320] (65)
40 : [159, 363, 557] (61)
41 : [16, 40, 211, 245, 264, 487, 560] (61)
42 : [163, 331, 430, 455, 578] (61)
43 : [390, 499, 501, 524] (60)
44 : [77, 231] (66)
45 : [305, 465, 511, 551, 562] (62)
46 : [36, 229, 571] (66)
47 : [39, 185, 242, 255, 274] (64)
48 : [53, 104, 490] (69)
49 : [162, 279, 481, 597] (64)
50 : [119, 132, 182, 227, 503] (63)
51 : [20, 576] (67)
52 : [238, 436, 480] (72)
53 : [41, 207, 314, 357, 556] (62)
54 : [116, 288, 397, 470] (64)
55 : [131, 219, 243, 285, 439, 565] (62)
56 : [27, 422, 467] (62)
57 : [96, 137, 160, 358, 474] (65)
58 : [78, 322, 423] (62)
59 : [94, 315, 477, 508, 546] (66)
60 : [70, 334, 515, 570] (69)
61 : [118, 260, 421] (62)
62 : [199, 239, 268, 377, 451, 558] (63)
63 : [193, 337, 500, 523] (69)
64 : [151, 293, 572, 591] (68)
65 : [84, 129, 325, 444, 530] (65)
66 : [24, 402, 449] (65)
67 : [203, 228, 246, 563] (65)
68 : [256, 283, 287, 469] (64)
69 : [15, 25, 459] (65)
70 : [218, 290, 461, 464, 545] (63)
71 : [21, 403, 484] (65)
72 : [44, 303, 379, 479] (62)
73 : [223, 485, 505] (72)
74 : [68, 241, 418] (68)
75 : [175, 197, 263, 292, 550] (63)
76 : [226, 273, 405, 406] (63)
77 : [147, 244, 262, 266, 272] (63)
78 : [309, 330, 507, 525] (63)
79 : [86, 171, 304, 372, 495] (63)
80 : [28, 102, 312, 437] (63)
81 : [47, 253, 416, 420, 516] (65)
82 : [364, 370, 382] (74)
83 : [533, 543, 553] (68)
84 : [215, 294, 332, 335] (75)
85 : [374, 409, 431, 554] (68)
86 : [205, 269] (67)
87 : [73, 148, 189, 471] (65)
88 : [240, 271, 275, 286] (65)
89 : [31, 49, 120, 378, 555] (66)
90 : [1, 267, 318, 407, 462, 478] (65)
91 : [33, 297, 343] (65)
92 : [195, 433, 447] (70)
93 : [108, 155, 395, 587] (65)
94 : [8, 365, 458, 577] (68)
95 : [91, 154, 183, 316] (67)
96 : [12, 83, 106, 128, 248, 258] (69)
97 : [72, 138, 482] (77)
98 : [6, 393, 542] (68)
99 : [298, 338, 414] (69)
100 : [135, 252, 399, 468, 536] (69)
101 : [165, 265, 354, 517] (67)
102 : [220, 351, 529] (68)
103 : [38, 50, 103, 139, 178, 391] (68)
104 : [13, 81, 347, 396] (72)
105 : [64, 112, 541] (71)
106 : [176, 281, 401, 460] (76)
107 : [156, 168, 289, 442] (69)
108 : [408, 453, 492] (72)
109 : [180, 206, 307, 327, 581] (72)
110 : [22, 152, 236, 308] (72)
111 : [210, 247, 278, 383, 388] (76)
112 : [65, 306, 456, 573, 592] (79)
113 : [82, 146, 489, 582] (76)
114 : [37, 51, 60, 89] (76)
115 : [284, 326, 359] (78)
116 : [88, 98, 174, 590, 593] (76)
117 : [30, 299, 353, 574] (76)
118 : [10, 75, 586] (77)
119 : [62, 99, 122, 412] (78)
120 : [95, 101, 130, 134, 538] (80)
121 : [29, 202, 250, 518, 579] (81)
122 : [11, 76, 121, 400, 419] (78)
123 : [7, 373, 413] (80)
124 : [198, 204, 234, 301, 387] (80)
125 : [71, 85, 167, 441, 532, 566] (80)
126 : [48, 54, 177, 510] (77)
127 : [19, 161, 398, 595] (79)
128 : [123, 125, 145, 169, 486] (80)
129 : [46, 57, 200, 317, 348] (81)
130 : [321, 340, 504, 506] (77)
131 : [74, 100, 158, 282, 522, 569] (78)
132 : [230, 324, 440, 496, 539] (74)
133 : [56, 143, 190, 296, 432] (76)
134 : [2, 87, 166, 172, 187, 194, 291, 366] (73)
135 : [164, 209, 295, 575] (72)
136 : [113, 117, 186, 251, 426, 452] (75)
137 : [277, 361, 502] (78)
138 : [23, 26, 114, 497, 552] (76)
139 : [126, 233, 280, 427, 521] (76)
140 : [63, 69, 336] (74)
141 : [42, 45, 133, 302, 411, 443] (75)
142 : [150, 310, 491, 535, 567] (76)
143 : [3, 188, 213, 344, 367, 589] (77)
