Name: 600-20-30
Time: 26.340571403503418 
Result: 30
Solution:  66 135 140 97 142 17 98 44 37 85 34 28 38 12 99 126 11 133 91 121 137 141 72 126 52 56 120 28 9 2 22 65 79 38 47 7 26 74 116 132 18 60 80 87 101 0 145 11 81 125 82 128 89 62 88 112 75 24 78 31 119 97 76 63 103 2 67 138 28 21 48 21 136 77 109 40 21 111 113 124 28 23 45 59 120 66 16 32 82 133 69 44 82 130 97 13 119 19 121 30 147 144 91 124 102 83 2 144 62 49 97 91 139 51 130 90 90 37 78 18 87 138 140 60 133 4 102 96 57 75 42 133 136 64 128 110 25 110 57 114 51 106 25 111 146 60 88 98 108 113 3 32 12 63 137 20 45 98 50 134 22 64 47 131 52 41 12 44 120 83 105 145 126 114 16 99 15 127 127 24 5 149 86 35 99 88 84 101 102 14 89 73 26 26 30 41 2 30 98 46 0 149 114 119 132 148 70 149 8 32 142 143 81 95 92 143 115 117 36 126 75 6 48 53 97 80 27 139 140 31 149 124 29 62 76 92 69 110 89 74 147 61 3 127 126 138 139 37 123 146 9 76 103 70 146 90 72 16 55 8 78 147 99 88 127 68 86 80 57 121 118 59 90 65 113 59 81 9 111 62 21 84 123 104 73 55 17 97 85 3 132 78 40 25 76 22 117 99 18 6 23 10 57 15 52 58 33 66 51 39 113 131 60 87 52 50 7 47 68 105 94 62 147 14 142 15 86 101 83 0 0 45 134 141 87 118 148 105 142 45 35 41 50 70 109 96 19 104 35 20 125 145 133 107 110 95 112 35 130 49 42 139 27 43 38 123 32 134 129 117 83 48 108 103 71 73 77 7 135 4 30 5 84 30 102 40 5 85 99 38 13 8 93 47 41 71 69 39 22 24 112 16 96 106 134 122 29 119 12 0 73 52 30 113 23 91 36 138 0 64 145 0 29 63 9 3 5 63 79 63 96 4 2 23 115 118 39 108 46 109 34 61 65 59 129 9 106 44 53 81 122 83 15 100 6 46 39 114 51 54 46 82 33 115 55 148 49 120 134 31 46 64 141 72 16 143 36 119 32 94 132 18 56 16 116 29 79 30 87 99 8 131 16 31 46 123 12 140 50 14 43 19 68 52 14 81 61 22 56 81 49 94 77 17 58 137 109 129 71 67 114 17 98 20 67 135 33 33 72 17 10 104 129 148 24 96 131 54 11 104 65 106 121 34 104 121 128 136 114 149 82 125 74 57 42 79 5 101 130 36 125 103 93 106 40 115 143 141 30 36 59 107 68 44 74 112 146 100 122 69 107 89 102 124 144 77 67 61 13 123 70 5 92 58 27 48 54 94 48 3
0 : [45, 200, 329, 330, 409, 418, 421] (26)
1 : [] (0)
2 : [29, 65, 106, 196, 432] (22)
3 : [150, 242, 289, 425, 599] (20)
4 : [125, 379, 431] (22)
5 : [180, 381, 386, 426, 556, 591] (21)
6 : [221, 299, 454] (22)
7 : [35, 316, 377] (22)
8 : [208, 259, 391, 490] (21)
9 : [28, 250, 277, 424, 445] (20)
10 : [301, 530] (20)
11 : [16, 47, 538] (20)
12 : [13, 152, 166, 408, 496] (21)
13 : [95, 390, 588] (20)
14 : [189, 323, 499, 504] (20)
15 : [176, 303, 325, 452] (21)
16 : [86, 174, 257, 401, 474, 483, 492] (22)
17 : [5, 286, 513, 521, 529] (20)
18 : [40, 119, 298, 481] (22)
19 : [97, 346, 501] (23)
20 : [155, 349, 523] (23)
21 : [69, 71, 76, 280] (23)
22 : [30, 160, 295, 398, 507] (23)
23 : [81, 300, 414, 433] (24)
24 : [57, 179, 399, 534] (24)
25 : [136, 142, 293] (22)
26 : [36, 192, 193] (24)
27 : [226, 362, 594] (21)
28 : [11, 27, 68, 80] (21)
29 : [232, 406, 422, 485] (22)
30 : [99, 194, 197, 380, 383, 412, 487, 568] (21)
31 : [59, 229, 469, 493] (22)
32 : [87, 151, 209, 366, 478] (22)
33 : [306, 462, 526, 527] (21)
34 : [10, 440, 543] (24)
35 : [183, 340, 348, 357] (25)
36 : [218, 416, 476, 559, 569] (24)
37 : [8, 117, 247] (24)
38 : [12, 33, 364, 389] (26)
39 : [309, 397, 436, 456] (25)
40 : [75, 292, 385, 564] (26)
41 : [165, 195, 341, 394] (24)
42 : [130, 360, 554] (24)
43 : [363, 500] (24)
44 : [7, 91, 167, 447, 573] (24)
45 : [82, 156, 331, 339] (25)
46 : [199, 438, 455, 460, 470, 494] (23)
47 : [34, 162, 317, 393] (25)
48 : [70, 222, 371, 595, 598] (25)
49 : [109, 359, 466, 510] (25)
50 : [158, 315, 342, 498] (23)
51 : [113, 140, 308, 458] (26)
52 : [24, 164, 304, 314, 411, 503] (24)
53 : [223, 448] (24)
54 : [459, 537, 596] (26)
55 : [258, 285, 464] (23)
56 : [25, 482, 508] (23)
57 : [128, 138, 268, 302, 553] (23)
58 : [305, 514, 593] (24)
59 : [83, 271, 275, 443, 570] (25)
60 : [41, 123, 145, 312] (23)
61 : [241, 441, 506, 587] (23)
62 : [53, 108, 233, 279, 321] (22)
63 : [63, 153, 423, 427, 429] (23)
64 : [133, 161, 419, 471] (24)
65 : [31, 273, 442, 540] (25)
66 : [0, 85, 307] (23)
67 : [66, 519, 524, 586] (23)
68 : [265, 318, 502, 572] (24)
69 : [90, 236, 396, 579] (23)
70 : [206, 253, 343, 590] (24)
71 : [374, 395, 518] (23)
72 : [22, 256, 473, 528] (24)
73 : [191, 284, 375, 410] (23)
74 : [37, 239, 552, 574] (25)
75 : [56, 129, 220] (24)
76 : [62, 234, 251, 294] (25)
77 : [73, 376, 512, 585] (24)
78 : [58, 118, 260, 291] (24)
79 : [32, 428, 486, 555] (25)
80 : [42, 225, 267] (25)
81 : [48, 212, 276, 449, 505, 509] (24)
82 : [50, 88, 92, 461, 550] (25)
83 : [105, 169, 328, 370, 451] (26)
84 : [186, 281, 382] (25)
85 : [9, 288, 387] (25)
86 : [182, 266, 326] (26)
87 : [43, 120, 313, 334, 488] (25)
88 : [54, 146, 185, 263] (25)
89 : [52, 190, 238, 581] (26)
90 : [115, 116, 255, 272] (27)
91 : [18, 102, 111, 415] (26)
92 : [214, 235, 592] (25)
93 : [392, 562] (26)
94 : [320, 479, 511, 597] (27)
95 : [213, 355] (26)
96 : [127, 345, 402, 430, 535] (25)
97 : [3, 61, 94, 110, 224, 287] (26)
98 : [6, 147, 157, 198, 522] (26)
99 : [14, 175, 184, 262, 297, 388, 489] (26)
100 : [453, 577] (27)
101 : [44, 187, 327, 557] (27)
102 : [104, 126, 188, 384, 582] (27)
103 : [64, 252, 373, 561] (27)
104 : [283, 347, 531, 539, 544] (27)
105 : [170, 319, 337] (30)
106 : [141, 403, 446, 541, 563] (28)
107 : [353, 571, 580] (29)
108 : [148, 372, 437] (28)
109 : [74, 344, 439, 516] (29)
110 : [135, 137, 237, 354] (30)
111 : [77, 143, 278] (30)
112 : [55, 356, 400, 575] (28)
113 : [78, 149, 274, 310, 413] (27)
114 : [139, 173, 202, 457, 520, 548] (27)
115 : [216, 434, 463, 565] (27)
116 : [38, 484] (27)
117 : [217, 296, 369] (28)
118 : [270, 335, 435] (27)
119 : [60, 96, 203, 407, 477] (28)
120 : [26, 84, 168, 467] (29)
121 : [19, 98, 269, 542, 545] (29)
122 : [405, 450, 578] (27)
123 : [248, 282, 365, 495, 589] (30)
124 : [79, 103, 231, 583] (27)
125 : [49, 350, 551, 560] (30)
126 : [15, 23, 172, 219, 244] (27)
127 : [177, 178, 243, 264] (29)
128 : [51, 134, 546] (30)
129 : [368, 444, 517, 532] (27)
130 : [93, 114, 358, 558] (30)
131 : [163, 311, 491, 536] (30)
132 : [39, 204, 290, 480] (28)
133 : [17, 89, 124, 131, 352] (28)
134 : [159, 332, 367, 404, 468] (28)
135 : [1, 378, 525] (28)
136 : [72, 132, 547] (30)
137 : [20, 154, 515] (27)
138 : [67, 121, 245, 417] (30)
139 : [112, 227, 246, 361] (30)
140 : [2, 122, 228, 497] (29)
141 : [21, 333, 472, 567] (29)
142 : [4, 210, 324, 338] (29)
143 : [211, 215, 475, 566] (29)
144 : [101, 107, 584] (29)
145 : [46, 171, 351, 420] (30)
146 : [144, 249, 254, 576] (28)
147 : [100, 240, 261, 322] (30)
148 : [205, 336, 465, 533] (29)
149 : [181, 201, 207, 230, 549] (27)
