Name: 600-30-45
Time: 24.57625961303711 
Result: 45
Solution:  76 0 114 18 100 98 53 125 60 93 101 88 100 86 76 49 42 127 57 52 67 32 55 95 74 95 111 105 95 127 29 63 73 4 116 2 81 52 48 6 126 45 111 112 135 86 20 89 58 122 36 45 133 54 45 113 108 129 15 132 13 131 98 104 88 24 70 62 111 107 52 99 63 23 134 73 62 72 60 117 89 80 67 118 42 125 103 87 4 94 19 125 113 48 86 68 34 74 59 125 93 88 20 1 23 135 5 107 27 0 4 104 17 87 108 85 38 54 20 110 93 86 70 13 99 82 102 111 8 12 132 1 4 130 34 77 114 94 122 125 102 0 113 55 94 14 39 86 107 28 12 77 40 37 125 101 3 89 83 13 40 56 132 17 109 5 85 35 125 8 59 63 93 121 123 101 119 41 125 105 7 96 123 91 90 72 13 55 33 129 112 104 47 88 3 84 113 3 35 134 82 109 117 108 4 96 96 78 58 49 122 37 78 40 57 127 96 70 120 23 126 61 33 104 22 44 40 69 96 4 81 74 7 88 44 37 16 26 80 45 30 126 103 118 99 30 114 122 131 33 124 57 19 22 11 16 91 84 9 97 15 44 64 78 135 35 126 52 43 92 6 50 128 80 131 23 26 24 116 6 63 14 118 103 46 3 42 58 11 106 13 98 111 46 91 24 106 133 83 31 102 56 62 98 2 90 51 14 51 100 97 61 22 101 117 17 118 3 90 124 27 115 68 22 108 68 83 108 79 53 32 93 124 124 85 55 44 23 27 35 131 92 57 59 46 93 135 43 69 84 79 0 72 114 46 77 130 130 18 6 28 27 107 134 92 103 50 4 97 49 81 9 68 3 79 25 120 4 16 130 83 16 64 11 24 91 6 68 71 96 20 28 50 118 26 34 121 25 31 128 124 79 8 60 59 96 34 117 115 112 128 119 68 13 82 75 71 23 107 110 26 31 87 114 5 114 109 75 18 132 80 99 85 135 92 74 2 48 68 73 12 101 6 38 29 64 133 42 84 121 57 66 124 126 81 19 28 48 122 127 116 83 106 26 65 61 102 35 128 78 11 83 123 87 47 43 106 134 116 32 36 62 103 114 129 60 34 86 53 82 61 30 78 104 43 1 89 76 100 39 49 69 91 55 43 93 130 67 108 135 33 97 40 25 121 65 112 115 108 12 55 14 41 50 90 75 35 45 22 77 133 24 119 52 66 117 89 120 41 126 118 15 78 115 20 129 39 67 79 74 9 91 51 38 115 101 19 71 95 60 128 72 56 55 60 17 46 134 30 115 41 67 70 9 100 47 66 14 81 101 94 37 85 109 110 115 38 109 121 123 100 29 18 76 97 103 3 112 86 92
0 : [1, 109, 141, 351] (31)
1 : [103, 131, 495] (32)
2 : [35, 304, 436] (30)
3 : [156, 194, 197, 285, 317, 373, 596] (30)
4 : [33, 88, 110, 132, 204, 229, 367, 377] (31)
5 : [106, 165, 424] (32)
6 : [39, 270, 279, 359, 386, 442] (30)
7 : [180, 232] (32)
8 : [128, 169, 402] (32)
9 : [258, 371, 550, 573] (32)
10 : [] (0)
11 : [254, 288, 383, 470] (33)
12 : [129, 150, 440, 519] (33)
13 : [60, 123, 159, 186, 290, 413] (33)
14 : [145, 281, 307, 521, 577] (33)
15 : [58, 260, 541] (33)
16 : [236, 255, 378, 381] (35)
17 : [112, 163, 315, 565] (38)
18 : [3, 358, 428, 592] (38)
19 : [90, 252, 455, 556] (39)
20 : [46, 102, 118, 390, 544] (31)
21 : [] (0)
22 : [224, 253, 312, 323, 528] (35)
23 : [73, 104, 219, 275, 337, 417] (32)
24 : [65, 277, 295, 384, 531] (32)
25 : [375, 397, 513] (34)
26 : [237, 276, 394, 420, 463] (34)
27 : [108, 320, 338, 361] (33)
28 : [149, 360, 391, 456] (32)
29 : [30, 444, 591] (32)
30 : [240, 245, 491, 568] (34)
31 : [299, 398, 421] (34)
32 : [21, 330, 479] (32)
33 : [188, 222, 249, 510] (33)
34 : [96, 134, 395, 406, 486] (33)
35 : [167, 198, 265, 339, 467, 526] (33)
36 : [50, 480] (36)
37 : [153, 211, 235, 581] (31)
38 : [116, 443, 553, 586] (32)
39 : [146, 499, 546] (34)
40 : [152, 160, 213, 226, 512] (32)
41 : [177, 522, 538, 570] (34)
42 : [16, 84, 286, 447] (33)
43 : [268, 347, 475, 494, 504] (33)
44 : [225, 234, 261, 336] (36)
45 : [41, 51, 54, 239, 527] (35)
46 : [284, 293, 344, 354, 566] (35)
47 : [192, 474, 575] (45)
48 : [38, 93, 437, 457] (38)
49 : [15, 209, 369, 500] (36)
50 : [271, 366, 392, 523] (37)
51 : [306, 308, 552] (38)
52 : [19, 37, 70, 267, 533] (37)
53 : [6, 329, 488] (35)
54 : [53, 117] (35)
55 : [22, 143, 187, 335, 503, 520, 563] (34)
56 : [161, 301, 562] (36)
57 : [18, 214, 251, 342, 450] (34)
58 : [48, 208, 287] (34)
59 : [98, 170, 343, 404] (35)
60 : [8, 78, 403, 485, 559, 564] (36)
61 : [221, 311, 465, 490] (36)
62 : [67, 76, 302, 481] (37)
63 : [31, 72, 171, 280] (40)
64 : [262, 382, 445] (35)
65 : [464, 515] (36)
66 : [451, 534, 576] (36)
67 : [20, 82, 507, 547, 571] (37)
68 : [95, 322, 325, 372, 387, 412, 438] (36)
69 : [227, 348, 501] (39)
70 : [66, 122, 217, 572] (36)
71 : [388, 416, 557] (38)
72 : [77, 185, 352, 561] (36)
73 : [32, 75, 439] (38)
74 : [24, 97, 231, 435, 549] (38)
75 : [415, 427, 525] (38)
76 : [0, 14, 497, 593] (40)
77 : [135, 151, 355, 529] (38)
78 : [207, 212, 263, 469, 492, 542] (39)
79 : [328, 350, 374, 401, 548] (39)
80 : [81, 238, 273, 430] (41)
81 : [36, 230, 370, 454, 578] (38)
82 : [125, 200, 414, 489] (40)
83 : [158, 298, 326, 380, 461, 471] (39)
84 : [195, 257, 349, 448] (41)
85 : [115, 166, 334, 432, 582] (40)
86 : [13, 45, 94, 121, 147, 487, 598] (40)
87 : [87, 113, 422, 473] (42)
88 : [11, 64, 101, 193, 233] (43)
89 : [47, 80, 157, 496, 536] (42)
90 : [184, 305, 318, 524] (41)
91 : [183, 256, 294, 385, 502, 551] (41)
92 : [269, 341, 364, 434, 599] (43)
93 : [9, 100, 120, 172, 331, 345, 505] (41)
94 : [89, 137, 144, 580] (41)
95 : [23, 25, 28, 558] (42)
96 : [181, 205, 206, 216, 228, 389, 405] (43)
97 : [259, 310, 368, 511, 594] (43)
98 : [5, 62, 291, 303] (42)
99 : [71, 124, 244, 431] (42)
100 : [4, 12, 309, 498, 574, 590] (42)
101 : [10, 155, 175, 313, 441, 555, 579] (42)
102 : [126, 140, 300, 466] (43)
103 : [86, 242, 283, 365, 482, 595] (43)
104 : [63, 111, 191, 223, 493] (43)
105 : [27, 179] (42)
106 : [289, 296, 462, 476] (43)
107 : [69, 107, 148, 362, 418] (43)
108 : [56, 114, 203, 324, 327, 508, 518] (42)
109 : [164, 201, 426, 583, 587] (44)
110 : [119, 419, 584] (45)
111 : [26, 42, 68, 127, 292] (44)
112 : [43, 190, 409, 516, 597] (44)
113 : [55, 92, 142, 196] (42)
114 : [2, 136, 246, 353, 423, 425, 483] (45)
115 : [321, 408, 517, 543, 554, 569, 585] (42)
116 : [34, 278, 460, 478] (41)
117 : [79, 202, 314, 407, 535] (41)
118 : [83, 243, 282, 316, 393, 540] (40)
119 : [176, 411, 532] (44)
120 : [218, 376, 537] (45)
121 : [173, 396, 449, 514, 588] (44)
122 : [49, 138, 210, 247, 458] (42)
123 : [174, 182, 472, 589] (43)
124 : [250, 319, 332, 333, 400, 452] (43)
125 : [7, 85, 91, 99, 139, 154, 168, 178] (43)
126 : [40, 220, 241, 266, 453, 539] (45)
127 : [17, 29, 215, 459] (45)
128 : [272, 399, 410, 468, 560] (45)
129 : [57, 189, 484, 545] (44)
130 : [133, 356, 357, 379, 506] (44)
131 : [61, 248, 274, 340] (45)
132 : [59, 130, 162, 429] (43)
133 : [52, 297, 446, 530] (43)
134 : [74, 199, 363, 477, 567] (45)
135 : [44, 105, 264, 346, 433, 509] (43)
