Name: 600-40-60
Time: 26.60856604576111 
Result: 59
Solution:  10 6 36 31 81 84 85 98 59 37 32 45 39 72 49 99 77 36 11 30 69 28 85 19 21 46 70 60 10 73 18 97 36 45 24 14 82 5 77 67 8 67 50 83 81 87 100 38 31 96 83 53 64 81 22 90 6 45 91 5 91 4 38 28 50 83 7 72 100 34 88 21 53 52 84 10 68 74 62 45 101 54 74 82 97 86 66 60 25 74 76 97 7 55 63 1 24 18 1 88 24 61 84 76 69 44 81 74 99 19 68 48 13 26 5 23 78 81 23 92 85 5 56 90 91 42 48 84 50 3 1 61 58 63 99 44 3 75 98 101 78 90 43 42 11 57 6 38 11 34 100 82 43 77 33 97 45 27 44 34 64 99 96 8 62 86 41 10 52 37 80 14 93 5 77 77 80 43 67 41 49 29 54 74 46 78 58 37 75 6 2 86 53 79 25 26 77 54 39 58 57 96 30 48 101 59 49 15 40 91 99 77 55 69 29 11 97 18 90 44 78 6 98 91 8 63 21 30 68 51 61 80 50 94 73 53 98 89 57 71 23 15 80 29 86 25 87 9 93 1 5 41 70 89 27 47 21 75 41 21 2 69 40 17 66 90 40 96 8 6 20 41 66 22 79 74 75 4 101 102 94 100 92 24 64 12 101 48 95 35 25 80 42 46 82 92 40 15 56 75 99 102 68 90 61 23 27 28 14 68 64 29 47 35 88 100 24 30 18 12 51 55 17 89 58 102 18 71 43 63 34 85 21 26 92 48 17 74 65 20 50 35 60 31 17 58 37 14 33 73 56 2 8 26 45 76 71 44 6 34 102 97 32 18 96 72 62 54 71 35 80 6 93 70 34 66 7 1 92 54 63 31 23 46 3 61 57 74 13 61 62 95 43 87 46 72 15 60 9 82 53 33 82 29 48 58 41 54 44 22 102 55 14 22 2 44 51 67 65 46 83 3 54 59 20 25 47 41 76 94 67 19 26 73 17 96 54 30 43 25 36 24 17 7 95 25 86 33 90 59 28 98 19 44 100 44 61 87 95 27 77 75 66 42 60 8 95 22 6 22 89 35 29 11 32 53 16 29 10 31 98 79 27 37 33 65 4 87 93 56 4 64 88 34 80 82 24 65 92 39 59 20 95 84 20 45 53 67 70 32 64 43 9 72 60 68 69 46 45 25 12 2 59 50 16 51 64 55 75 16 6 32 19 91 101 45 10 42 63 79 53 92 52 77 30 13 78 38 39 47 5 8 61 16 7 35 76 86 59 53 61 36 67 43 35 56 65 92 22 85 32 63 97 8 49 83 100 38 91 27 68 94 16 84 35 26 82 52 13 27 8 12 17 12 89 75 56 55 40 95
0 : [] (0)
1 : [95, 98, 130, 249, 377] (44)
2 : [190, 260, 351, 414, 521] (46)
3 : [129, 136, 384, 421] (45)
4 : [61, 277, 486, 490] (44)
5 : [37, 59, 114, 121, 173, 250, 550] (43)
6 : [1, 56, 146, 189, 221, 269, 358, 371, 468, 530] (43)
7 : [66, 92, 376, 443, 554] (44)
8 : [40, 163, 224, 268, 352, 465, 551, 573, 590] (42)
9 : [247, 398, 512] (42)
10 : [0, 28, 75, 167, 478, 536] (43)
11 : [18, 144, 148, 215, 473] (42)
12 : [285, 319, 520, 591, 593] (45)
13 : [112, 388, 545, 588] (45)
14 : [35, 171, 308, 347, 412] (44)
15 : [207, 241, 297, 396] (45)
16 : [476, 524, 529, 553, 582] (43)
17 : [263, 322, 336, 344, 434, 442, 592] (43)
18 : [30, 97, 217, 318, 326, 363] (42)
19 : [23, 109, 431, 452, 532] (43)
20 : [270, 339, 424, 501, 504] (44)
21 : [24, 71, 226, 256, 259, 332] (43)
22 : [54, 273, 409, 413, 467, 469, 568] (43)
23 : [115, 118, 240, 305, 382] (43)
24 : [34, 96, 100, 283, 316, 441, 496] (43)
25 : [88, 194, 245, 290, 425, 439, 445, 519] (44)
26 : [113, 195, 333, 353, 432, 585] (47)
27 : [157, 254, 306, 459, 482, 579, 589] (44)
28 : [21, 63, 307, 450] (46)
29 : [181, 214, 243, 311, 403, 472, 477] (45)
30 : [19, 202, 227, 317, 437, 544] (44)
31 : [3, 48, 343, 381, 479] (45)
32 : [10, 362, 474, 509, 531, 570] (45)
33 : [154, 348, 401, 447, 484] (45)
34 : [69, 149, 159, 330, 359, 374, 493] (45)
35 : [289, 313, 341, 369, 471, 555, 564, 584] (46)
36 : [2, 17, 32, 440, 561] (47)
37 : [9, 169, 187, 346, 483] (46)
38 : [47, 62, 147, 547, 577] (47)
39 : [12, 198, 499, 548] (47)
40 : [208, 262, 266, 296, 598] (50)
41 : [166, 179, 251, 258, 271, 406, 427] (48)
42 : [125, 143, 292, 463, 537] (43)
43 : [142, 152, 177, 328, 392, 438, 511, 563] (47)
44 : [105, 135, 158, 219, 357, 408, 415, 453, 455] (47)
45 : [11, 33, 57, 79, 156, 354, 505, 518, 535] (48)
46 : [25, 184, 293, 383, 394, 419, 517] (49)
47 : [255, 312, 426, 549] (49)
48 : [111, 126, 203, 287, 335, 404] (50)
49 : [14, 180, 206, 574] (51)
50 : [42, 64, 128, 232, 340, 523] (55)
51 : [229, 320, 416, 525] (52)
52 : [73, 168, 542, 587] (53)
53 : [51, 72, 192, 235, 400, 475, 506, 540, 559] (51)
54 : [81, 182, 197, 367, 379, 407, 422, 436] (51)
55 : [93, 212, 321, 411, 527, 597] (52)
56 : [122, 298, 350, 489, 565, 596] (51)
57 : [145, 200, 238, 386] (52)
58 : [132, 186, 199, 324, 345, 405] (51)
59 : [8, 205, 423, 449, 500, 522, 558] (51)
60 : [27, 87, 342, 397, 464, 514] (54)
61 : [101, 131, 230, 304, 385, 389, 456, 552, 560] (52)
62 : [78, 164, 366, 390] (57)
63 : [94, 133, 225, 329, 380, 538, 571] (52)
64 : [52, 160, 284, 310, 491, 510, 526] (53)
65 : [338, 418, 485, 497, 566] (52)
66 : [86, 264, 272, 375, 462] (52)
67 : [39, 41, 178, 417, 430, 507, 562] (53)
68 : [76, 110, 228, 302, 309, 515, 580] (54)
69 : [20, 104, 213, 261, 516] (54)
70 : [26, 252, 373, 508] (54)
71 : [239, 327, 356, 368] (54)
72 : [13, 67, 365, 395, 513] (57)
73 : [29, 234, 349, 433] (56)
74 : [77, 82, 89, 107, 183, 275, 337, 387] (54)
75 : [137, 188, 257, 276, 299, 461, 528, 595] (54)
76 : [90, 103, 355, 428, 556] (56)
77 : [16, 38, 153, 174, 175, 196, 211, 460, 543] (54)
78 : [116, 140, 185, 220, 546] (54)
79 : [193, 274, 481, 539] (58)
80 : [170, 176, 231, 242, 291, 370, 494] (55)
81 : [4, 44, 53, 106, 117] (55)
82 : [36, 83, 151, 294, 399, 402, 495, 586] (55)
83 : [43, 50, 65, 420, 575] (56)
84 : [5, 74, 102, 127, 503, 583] (58)
85 : [6, 22, 120, 331, 569] (58)
86 : [85, 165, 191, 244, 446, 557] (57)
87 : [45, 246, 393, 457, 487] (59)
88 : [70, 99, 314, 492] (58)
89 : [237, 253, 323, 470, 594] (59)
90 : [55, 123, 141, 218, 265, 303, 448] (56)
91 : [58, 60, 124, 209, 223, 533, 578] (57)
92 : [119, 282, 295, 334, 378, 498, 541, 567] (57)
93 : [172, 248, 372, 488] (56)
94 : [233, 280, 429, 581] (57)
95 : [288, 391, 444, 458, 466, 502, 599] (56)
96 : [49, 162, 201, 267, 364, 435] (57)
97 : [31, 84, 91, 155, 216, 361, 572] (58)
98 : [7, 138, 222, 236, 451, 480] (58)
99 : [15, 108, 134, 161, 210, 300] (56)
100 : [46, 68, 150, 281, 315, 454, 576] (55)
101 : [80, 139, 204, 278, 286, 534] (55)
102 : [279, 301, 325, 360, 410] (57)
