Name: 600-50-80
Time: 25.529995441436768 
Result: 2031
Solution:  2 85 130 143 22 25 95 120 93 12 113 115 91 99 34 70 43 38 5 124 53 74 112 139 70 74 137 58 80 122 117 90 13 90 30 23 48 119 103 44 44 54 142 12 76 141 128 80 128 89 101 119 13 49 125 16 135 130 26 2 114 5 121 137 105 115 10 22 72 134 63 128 98 89 131 118 121 42 60 0 1 102 111 94 62 130 81 136 118 111 17 98 23 27 61 129 59 23 116 114 129 122 86 103 50 36 92 38 91 14 28 17 103 135 138 7 55 131 55 50 94 122 120 129 5 126 141 13 97 66 119 55 46 141 120 102 3 52 97 104 0 22 11 134 28 129 118 75 89 21 137 65 109 25 97 91 110 8 132 41 64 127 47 42 129 101 132 124 106 131 37 79 137 4 111 78 107 126 104 22 109 3 43 93 33 40 131 133 143 87 133 23 6 67 135 94 18 72 118 61 130 12 113 70 123 87 110 58 34 135 106 43 20 143 3 81 29 12 67 57 100 0 15 78 37 34 75 53 71 49 132 45 24 137 124 21 114 39 46 65 88 76 47 47 79 41 65 119 96 31 122 140 100 77 41 46 64 35 102 32 59 22 72 76 44 103 78 88 61 85 33 87 72 76 51 85 34 136 107 48 137 106 126 72 116 50 81 68 57 108 72 134 78 69 88 126 138 95 99 118 8 120 142 72 78 46 112 107 108 79 140 24 77 7 52 60 100 126 92 22 38 132 60 1 130 64 115 113 20 26 80 36 84 11 61 82 140 63 93 6 130 22 9 89 143 4 3 110 130 18 17 102 28 117 99 4 36 49 54 112 39 142 17 33 82 91 137 143 23 12 82 1 71 124 86 3 33 62 81 73 7 11 83 110 19 36 12 122 107 41 47 107 15 96 27 96 105 51 133 101 123 108 68 72 19 78 79 97 108 83 13 139 123 126 95 38 81 6 74 127 79 63 54 56 10 37 133 137 8 19 36 86 134 92 22 26 51 85 31 54 133 127 107 142 59 31 6 92 29 65 7 62 136 109 3 47 116 37 103 69 105 70 90 30 66 45 24 57 103 69 56 85 11 20 55 20 10 56 100 71 43 52 97 2 67 73 125 40 35 114 50 141 104 14 37 78 134 137 34 42 64 40 138 57 136 73 127 80 54 9 128 45 12 20 27 58 81 103 123 32 9 139 127 58 43 78 9 21 27 104 60 25 121 84 14 142 102 37 120 131 2 106 93 83 34 71 60 40 25 29 77 48 136 84 85 92 53 37 60 28 38 16 44 62 11 53 126 140 35 127 59 47 64 111 119 135 52 88 41 121 29 109 115 16 15 30 125 93 9 143 111 68 113 117 18 131 3 48 31 29
0 : [79, 140, 221] (52)
1 : [80, 323, 371] (52)
2 : [0, 59, 483, 540] (50)
3 : [136, 181, 214, 346, 375, 454, 596] (50)
4 : [173, 345, 355] (54)
5 : [18, 61, 124] (52)
6 : [192, 339, 417, 446] (54)
7 : [115, 313, 380, 450] (52)
8 : [157, 300, 428] (59)
9 : [342, 509, 520, 526, 588] (54)
10 : [66, 424, 476] (50)
11 : [142, 333, 381, 472, 564] (50)
12 : [9, 43, 201, 217, 369, 386, 512] (50)
13 : [32, 52, 127, 410] (55)
14 : [109, 493, 534] (50)
15 : [222, 392, 584] (66)
16 : [55, 561, 583] (52)
17 : [90, 111, 350, 362] (52)
18 : [196, 349, 594] (59)
19 : [384, 404, 429] (54)
20 : [212, 328, 473, 475, 513] (51)
21 : [149, 235, 527] (52)
22 : [4, 67, 141, 179, 261, 319, 341, 434] (51)
23 : [35, 92, 97, 191, 368] (51)
24 : [232, 311, 466] (60)
25 : [5, 153, 531, 548] (59)
26 : [58, 329, 435] (60)
27 : [93, 394, 514, 528] (62)
28 : [110, 144, 352, 559] (59)
29 : [216, 448, 549, 580, 599] (57)
30 : [34, 463, 585] (75)
31 : [249, 438, 445, 598] (62)
32 : [259, 519] (61)
33 : [184, 270, 363, 376] (62)
34 : [14, 208, 225, 276, 498, 544] (60)
35 : [257, 488, 568] (64)
36 : [105, 331, 356, 385, 430] (63)
37 : [170, 224, 425, 457, 494, 537, 557] (61)
38 : [17, 107, 320, 415, 560] (60)
39 : [237, 360] (69)
40 : [185, 487, 501, 547] (62)
41 : [159, 245, 254, 389, 578] (60)
42 : [77, 163, 499] (63)
43 : [16, 182, 211, 480, 524] (60)
44 : [39, 40, 264, 562] (60)
45 : [231, 465, 511] (60)
46 : [132, 238, 255, 305] (61)
47 : [162, 242, 243, 390, 455, 571] (62)
48 : [36, 279, 551, 597] (63)
49 : [53, 229, 357] (62)
50 : [104, 119, 285, 490] (62)
51 : [274, 397, 436] (67)
52 : [137, 314, 481, 576] (67)
53 : [20, 227, 556, 565] (65)
54 : [41, 358, 422, 439, 508] (67)
55 : [116, 118, 131, 474] (64)
56 : [423, 470, 477] (68)
57 : [219, 288, 467, 503] (64)
58 : [27, 207, 515, 523] (67)
59 : [96, 260, 444, 570] (67)
60 : [78, 315, 322, 530, 546, 558] (65)
61 : [94, 199, 268, 334] (62)
62 : [84, 377, 451, 563] (62)
63 : [70, 337, 421] (63)
64 : [160, 256, 325, 500, 572] (64)
65 : [151, 239, 246, 449] (61)
66 : [129, 464] (62)
67 : [193, 218, 484] (62)
68 : [287, 402, 591] (67)
69 : [293, 459, 469] (63)
70 : [15, 24, 203, 461] (67)
71 : [228, 372, 479, 545] (60)
72 : [68, 197, 262, 272, 283, 290, 303, 403] (61)
73 : [379, 485, 505] (72)
74 : [21, 25, 418] (66)
75 : [147, 226] (61)
76 : [44, 241, 263, 273] (64)
77 : [253, 312, 550] (63)
78 : [175, 223, 266, 292, 304, 405, 495, 525] (59)
79 : [171, 244, 309, 406, 420] (62)
80 : [28, 47, 330, 507] (64)
81 : [86, 215, 286, 378, 416, 516] (60)
82 : [335, 364, 370] (73)
83 : [382, 409, 543] (68)
84 : [332, 533, 553] (60)
85 : [1, 269, 275, 437, 471, 554] (64)
86 : [102, 374, 431] (65)
87 : [189, 205, 271] (69)
88 : [240, 267, 294, 577] (67)
89 : [49, 73, 148, 343] (67)
90 : [31, 33, 462] (72)
91 : [12, 108, 155, 365] (68)
92 : [106, 318, 433, 447, 555] (69)
93 : [8, 183, 338, 542, 587] (76)
94 : [83, 120, 195] (74)
95 : [6, 297, 414] (76)
96 : [248, 393, 395] (70)
97 : [128, 138, 154, 407, 482] (67)
98 : [72, 91] (70)
99 : [13, 298, 354] (72)
100 : [220, 252, 316, 478] (67)
101 : [50, 165, 399] (69)
102 : [81, 135, 258, 351, 536] (68)
103 : [38, 103, 112, 265, 458, 468, 517] (66)
104 : [139, 178, 492, 529] (66)
105 : [64, 396, 460] (73)
106 : [168, 210, 281, 541] (75)
107 : [176, 278, 307, 388, 391, 442] (71)
108 : [289, 308, 401, 408] (76)
109 : [152, 180, 453, 581] (72)
110 : [156, 206, 347, 383] (74)
111 : [82, 89, 174, 573, 590] (71)
112 : [22, 306, 359] (75)
113 : [10, 202, 327, 592] (72)
114 : [60, 99, 236, 489] (77)
115 : [11, 65, 326, 582] (72)
116 : [98, 284, 456] (77)
117 : [30, 353, 593] (75)
118 : [75, 88, 146, 198, 299] (72)
119 : [37, 51, 130, 247, 574] (71)
120 : [7, 122, 134, 301, 538] (74)
121 : [62, 76, 532, 579] (80)
122 : [29, 101, 121, 250, 387] (76)
123 : [204, 400, 412, 518] (76)
124 : [19, 167, 234, 373] (78)
125 : [54, 486, 586] (76)
126 : [125, 177, 282, 295, 317, 413, 566] (75)
127 : [161, 419, 441, 506, 522, 569] (77)
128 : [46, 48, 71, 510] (79)
129 : [95, 100, 123, 145, 164] (77)
130 : [2, 57, 85, 200, 324, 340, 348] (78)
131 : [74, 117, 169, 186, 539, 595] (80)
132 : [158, 166, 230, 321] (79)
133 : [187, 190, 398, 426, 440] (79)
134 : [69, 143, 291, 432, 496] (81)
135 : [56, 113, 194, 209, 575] (81)
136 : [87, 277, 452, 504, 552] (78)
137 : [26, 63, 150, 172, 233, 280, 366, 427, 497] (78)
138 : [114, 296, 502] (80)
139 : [23, 411, 521] (78)
140 : [251, 310, 336, 567] (77)
141 : [45, 126, 133, 491] (80)
142 : [42, 302, 361, 443, 535] (77)
143 : [3, 188, 213, 344, 367, 589] (77)
