Name: 600-20-30
Time: 26.37627339363098 
Result: 30
Solution:  65 138 137 95 146 20 107 45 36 75 36 30 33 12 97 127 11 130 92 122 136 140 74 132 45 55 120 24 13 1 27 60 84 39 46 8 26 69 115 131 18 59 80 82 99 2 142 16 82 126 88 123 89 65 80 116 73 22 77 36 118 92 74 64 95 2 67 138 21 21 49 23 132 78 107 41 20 110 115 127 30 23 45 59 113 68 15 31 84 132 69 41 81 132 97 15 116 19 121 30 148 144 85 123 102 86 7 144 60 57 92 85 137 51 128 90 88 46 82 18 88 139 140 61 136 4 99 97 50 75 42 133 133 68 129 112 25 112 47 116 51 107 25 104 145 65 89 90 108 114 8 34 14 62 135 29 47 98 58 139 20 66 49 130 56 38 12 44 113 76 103 147 124 114 16 97 16 125 130 22 5 149 91 37 102 88 87 101 101 21 89 77 27 26 24 40 2 26 102 47 1 147 113 118 130 144 70 144 5 31 146 143 82 96 100 146 116 114 40 126 72 6 48 53 97 82 31 143 139 31 149 131 28 56 74 92 73 111 92 72 147 66 0 128 130 137 139 35 124 144 10 76 99 65 147 90 76 18 54 10 83 143 94 88 125 69 83 77 53 119 120 61 91 64 111 58 77 6 111 65 21 83 124 101 75 55 15 98 85 4 129 78 34 29 72 19 119 99 17 7 23 14 58 17 50 53 37 64 52 37 124 128 62 87 50 49 6 50 66 103 95 62 149 13 142 8 86 101 84 0 2 42 134 148 91 118 145 106 140 48 34 40 55 67 111 87 20 106 37 22 125 146 138 109 112 96 117 32 124 50 43 139 27 52 37 121 33 135 127 119 90 43 108 109 73 74 79 2 134 2 28 12 84 30 107 39 8 81 94 40 5 7 93 47 44 76 68 38 25 20 105 14 101 106 135 123 26 115 16 1 78 53 23 114 23 91 33 136 1 63 138 0 30 62 10 3 3 59 78 63 97 5 3 19 121 119 40 107 44 105 32 58 67 59 131 4 109 46 56 79 122 87 12 104 3 49 39 117 46 54 37 85 35 114 59 146 52 120 134 28 45 62 142 71 18 141 38 117 33 91 133 18 57 13 120 29 78 30 87 105 8 131 15 37 49 115 10 141 50 14 43 12 70 52 4 85 62 25 57 79 48 97 79 18 60 136 110 126 71 66 110 24 95 17 72 134 36 34 66 16 11 102 127 148 20 98 134 54 12 105 70 100 122 32 103 121 128 140 113 148 81 126 71 56 42 83 6 100 133 41 131 104 94 109 41 113 142 141 35 44 59 106 72 43 73 112 149 98 118 69 107 94 99 129 145 79 67 61 14 123 70 0 93 63 24 46 51 91 45 2
0 : [242, 329, 421, 591] (20)
1 : [29, 200, 409, 418] (20)
2 : [45, 65, 196, 330, 377, 379, 599] (21)
3 : [425, 426, 432, 454] (23)
4 : [125, 289, 445, 504] (20)
5 : [180, 208, 390, 431] (21)
6 : [221, 277, 316, 556] (21)
7 : [106, 299, 391] (21)
8 : [35, 150, 325, 386, 490] (23)
9 : [] (0)
10 : [250, 259, 424, 496] (22)
11 : [16, 530] (20)
12 : [13, 166, 381, 452, 501, 538] (21)
13 : [28, 323, 483] (21)
14 : [152, 301, 401, 499, 588] (22)
15 : [86, 95, 286, 492] (23)
16 : [47, 174, 176, 408, 529] (21)
17 : [298, 303, 523] (24)
18 : [40, 119, 257, 474, 481, 513] (22)
19 : [97, 295, 433] (21)
20 : [5, 76, 160, 346, 399, 534] (21)
21 : [68, 69, 189, 280] (23)
22 : [57, 179, 349] (25)
23 : [71, 81, 300, 412, 414] (22)
24 : [27, 194, 521, 594] (23)
25 : [136, 142, 398, 507] (23)
26 : [36, 193, 197, 406] (22)
27 : [30, 192, 362] (25)
28 : [232, 380, 469] (25)
29 : [155, 293, 485] (22)
30 : [11, 80, 99, 383, 422, 487] (22)
31 : [87, 209, 226, 229] (22)
32 : [357, 440, 543] (24)
33 : [12, 366, 416, 478] (22)
34 : [151, 292, 340, 527] (23)
35 : [247, 462, 568] (21)
36 : [8, 10, 59, 526] (22)
37 : [183, 306, 309, 348, 364, 460, 493] (21)
38 : [165, 397, 476] (23)
39 : [33, 385, 456] (21)
40 : [195, 218, 341, 389, 436] (22)
41 : [75, 91, 559, 564] (22)
42 : [130, 331, 554] (22)
43 : [360, 371, 500, 573] (23)
44 : [167, 394, 438, 569] (23)
45 : [7, 24, 82, 470, 598] (23)
46 : [34, 117, 447, 458, 595] (23)
47 : [138, 156, 199, 393] (24)
48 : [222, 339, 510] (24)
49 : [70, 162, 315, 455, 494] (23)
50 : [128, 304, 314, 317, 359, 498] (25)
51 : [113, 140, 596] (29)
52 : [308, 363, 466, 503] (25)
53 : [223, 268, 305, 411] (23)
54 : [258, 459, 537] (24)
55 : [25, 285, 342] (24)
56 : [164, 233, 448, 553] (23)
57 : [109, 482, 508] (23)
58 : [158, 275, 302, 441] (24)
59 : [41, 83, 427, 443, 464, 570] (23)
60 : [31, 108, 514] (26)
61 : [123, 271, 587] (24)
62 : [153, 312, 321, 423, 471, 506] (24)
63 : [419, 429, 593] (26)
64 : [63, 273, 307] (26)
65 : [0, 53, 145, 253, 279] (25)
66 : [161, 241, 318, 519, 528] (24)
67 : [66, 343, 442, 586] (24)
68 : [85, 133, 396] (25)
69 : [37, 90, 265, 579] (26)
70 : [206, 502, 540, 590] (25)
71 : [473, 518, 552] (26)
72 : [220, 239, 294, 524, 572] (26)
73 : [56, 236, 374, 574] (26)
74 : [22, 62, 234, 375] (25)
75 : [9, 129, 284] (25)
76 : [169, 251, 256, 395] (25)
77 : [58, 191, 267, 276] (29)
78 : [73, 291, 410, 428, 486] (26)
79 : [376, 449, 509, 512, 585] (25)
80 : [42, 54] (25)
81 : [92, 387, 550] (25)
82 : [43, 48, 118, 212, 225] (26)
83 : [260, 266, 281, 555] (25)
84 : [32, 88, 328, 382] (24)
85 : [102, 111, 288, 461, 505] (25)
86 : [105, 326] (24)
87 : [186, 313, 345, 451, 488] (25)
88 : [50, 116, 120, 185, 263] (25)
89 : [52, 146, 190] (24)
90 : [115, 147, 255, 370] (25)
91 : [182, 272, 334, 415, 479, 597] (25)
92 : [18, 61, 110, 235, 238] (25)
93 : [392, 592] (27)
94 : [262, 388, 562, 581] (26)
95 : [3, 64, 320, 522] (26)
96 : [213, 355] (26)
97 : [14, 94, 127, 175, 224, 430, 511] (26)
98 : [157, 287, 535, 577] (26)
99 : [44, 126, 252, 297, 582] (27)
100 : [214, 541, 557] (28)
101 : [187, 188, 283, 327, 402] (27)
102 : [104, 184, 198, 531] (29)
103 : [170, 319, 544] (27)
104 : [143, 453, 561] (27)
105 : [400, 439, 489, 539] (29)
106 : [337, 347, 403, 571] (27)
107 : [6, 74, 141, 384, 437, 580] (27)
108 : [148, 372] (27)
109 : [353, 373, 446, 563] (27)
110 : [77, 516, 520] (28)
111 : [237, 274, 278, 344] (28)
112 : [135, 137, 354, 575] (29)
113 : [84, 168, 202, 548, 565] (27)
114 : [149, 173, 217, 413, 463] (27)
115 : [38, 78, 407, 495] (28)
116 : [55, 96, 139, 216] (28)
117 : [356, 457, 477] (28)
118 : [60, 203, 335, 578] (29)
119 : [269, 296, 369, 435] (28)
120 : [26, 270, 467, 484] (30)
121 : [98, 365, 434, 545] (28)
122 : [19, 450, 542] (30)
123 : [51, 103, 405, 589] (29)
124 : [172, 248, 282, 310, 358] (27)
125 : [177, 264, 350] (29)
126 : [49, 219, 517, 551] (28)
127 : [15, 79, 368, 532] (30)
128 : [114, 243, 311, 546] (29)
129 : [134, 290, 583] (30)
130 : [17, 163, 178, 204, 244] (28)
131 : [39, 231, 444, 491, 560] (28)
132 : [23, 72, 89, 93] (29)
133 : [131, 132, 480, 558] (28)
134 : [332, 378, 468, 525, 536] (28)
135 : [154, 367, 404] (28)
136 : [20, 124, 417, 515] (28)
137 : [2, 112, 245] (30)
138 : [1, 67, 352, 420] (29)
139 : [121, 159, 228, 246, 361] (29)
140 : [21, 122, 338, 547] (27)
141 : [475, 497, 567] (29)
142 : [46, 324, 472, 566] (27)
143 : [211, 227, 261] (28)
144 : [101, 107, 205, 207, 249] (27)
145 : [144, 336, 584] (27)
146 : [4, 210, 215, 351, 465] (29)
147 : [171, 201, 240, 254] (30)
148 : [100, 333, 533, 549] (30)
149 : [181, 230, 322, 576] (29)
