Name: 600-30-45
Time: 24.307602167129517 
Result: 4047
Solution:  79 0 108 12 100 97 53 126 62 93 94 91 96 93 75 49 44 127 55 49 70 33 59 93 74 92 111 105 96 125 25 65 73 3 112 2 80 51 50 11 126 46 111 110 135 84 18 90 56 121 33 53 128 55 40 110 110 133 19 130 20 131 97 102 87 28 71 62 112 107 46 101 63 25 134 73 62 70 59 118 89 81 67 122 45 123 103 86 6 92 20 126 114 48 84 72 30 74 61 122 94 92 16 8 26 135 3 103 34 2 0 105 15 85 106 89 36 59 20 106 94 91 68 15 99 85 102 111 10 16 128 0 4 130 34 82 117 94 122 125 99 1 112 50 95 11 36 90 107 29 5 75 35 32 130 101 6 86 84 19 40 53 129 19 110 4 85 35 125 5 60 61 95 121 124 102 120 43 128 103 7 96 127 93 88 71 10 62 27 127 110 107 43 88 3 79 115 8 35 134 80 112 120 106 5 97 95 75 58 50 125 37 78 32 57 126 92 68 116 18 128 64 32 108 22 44 42 65 94 0 82 74 6 92 46 41 22 29 77 48 31 127 108 124 96 30 112 117 131 31 129 57 15 23 11 14 95 86 9 95 14 40 65 76 130 36 126 56 43 91 6 51 132 83 133 23 25 24 118 3 61 12 116 106 47 3 42 57 4 106 15 97 109 45 93 22 105 132 83 35 98 51 61 100 4 87 54 15 52 101 99 64 21 101 116 19 117 8 91 125 22 116 71 21 106 70 84 104 74 54 35 94 121 119 84 54 46 22 31 36 131 94 58 54 48 92 134 48 66 82 80 0 73 117 45 76 128 132 16 10 31 26 107 134 90 104 52 8 99 51 82 9 66 3 78 28 120 4 12 128 81 16 64 13 23 90 7 69 71 96 20 29 49 115 29 29 116 21 32 127 127 77 2 58 53 92 31 114 118 109 129 121 69 16 85 79 72 21 107 108 23 30 82 119 4 122 109 77 19 133 78 98 86 135 86 78 1 47 68 75 13 103 6 38 34 60 132 39 84 117 56 69 132 124 80 27 26 47 122 127 114 81 105 27 63 61 104 36 128 76 7 81 122 83 48 46 106 135 117 28 39 63 107 119 129 63 37 88 53 83 66 31 76 107 42 1 87 70 98 38 50 69 88 51 44 98 129 71 109 130 33 104 40 24 120 60 111 115 107 12 52 13 44 49 87 70 32 41 24 75 134 24 118 52 67 115 89 123 41 130 119 14 79 113 18 131 37 67 83 74 9 92 55 38 114 106 24 72 100 57 130 74 58 62 57 13 45 132 21 115 42 66 69 9 96 47 67 16 81 100 96 44 87 109 113 113 39 111 125 123 100 34 20 74 101 102 1 113 89 89
0 : [1, 110, 131, 229, 351] (33)
1 : [141, 436, 495, 596] (33)
2 : [35, 109, 402] (31)
3 : [33, 106, 194, 279, 285, 373] (31)
4 : [132, 165, 288, 304, 377, 424] (31)
5 : [150, 169, 204] (34)
6 : [88, 156, 232, 270, 442] (32)
7 : [180, 386, 470] (31)
8 : [103, 197, 317, 367] (31)
9 : [258, 371, 550, 573] (32)
10 : [128, 186, 359] (32)
11 : [39, 145, 254] (33)
12 : [3, 281, 378, 519] (31)
13 : [383, 440, 521, 565] (32)
14 : [255, 260, 541] (33)
15 : [112, 123, 252, 290, 307] (32)
16 : [102, 129, 358, 381, 413, 577] (32)
17 : [] (0)
18 : [46, 219, 544] (30)
19 : [58, 159, 163, 315, 428] (35)
20 : [60, 90, 118, 390, 592] (32)
21 : [312, 323, 397, 417, 568] (32)
22 : [224, 236, 295, 320, 337] (31)
23 : [253, 275, 384, 420] (34)
24 : [277, 513, 528, 531, 556] (30)
25 : [30, 73, 276] (31)
26 : [104, 361, 456] (31)
27 : [188, 455, 463] (35)
28 : [65, 375, 479] (32)
29 : [149, 237, 391, 394, 395] (31)
30 : [96, 245, 421] (37)
31 : [240, 249, 338, 360, 406, 491] (31)
32 : [153, 213, 222, 398, 526] (31)
33 : [21, 50, 510] (31)
34 : [108, 134, 444, 591] (36)
35 : [152, 167, 198, 299, 330] (34)
36 : [116, 146, 265, 339, 467] (33)
37 : [211, 486, 546] (34)
38 : [443, 499, 553] (34)
39 : [447, 480, 586] (33)
40 : [54, 160, 261, 512] (33)
41 : [235, 527, 538] (33)
42 : [226, 286, 494, 570] (33)
43 : [177, 192, 268] (40)
44 : [16, 225, 504, 522, 581] (34)
45 : [84, 293, 354, 566] (36)
46 : [41, 70, 234, 336, 475] (36)
47 : [284, 437, 457, 575] (36)
48 : [93, 239, 344, 347, 474] (35)
49 : [15, 19, 392, 523] (35)
50 : [38, 143, 209, 500] (35)
51 : [37, 271, 301, 369, 503] (36)
52 : [308, 366, 520, 533] (34)
53 : [6, 51, 161, 404, 488] (35)
54 : [306, 329, 335, 343] (34)
55 : [18, 53, 552] (36)
56 : [48, 267, 450] (36)
57 : [214, 251, 287, 559, 564] (36)
58 : [208, 342, 403, 562] (37)
59 : [22, 78, 117] (36)
60 : [170, 445, 515] (39)
61 : [98, 171, 280, 302, 465] (37)
62 : [8, 67, 76, 187, 563] (36)
63 : [72, 464, 481, 485] (37)
64 : [221, 311, 382] (36)
65 : [31, 227, 262] (39)
66 : [348, 372, 490, 571] (38)
67 : [82, 534, 547, 576] (38)
68 : [122, 217, 438] (39)
69 : [387, 412, 451, 501, 572] (36)
70 : [20, 77, 325, 497, 525] (37)
71 : [66, 185, 322, 388, 507] (39)
72 : [95, 416, 557] (36)
73 : [32, 75, 352] (37)
74 : [24, 97, 231, 328, 549, 561, 593] (36)
75 : [14, 151, 207, 439, 529] (36)
76 : [263, 355, 469, 492] (38)
77 : [238, 401, 427] (39)
78 : [212, 374, 430, 435] (41)
79 : [0, 195, 415, 542] (41)
80 : [36, 200, 350, 454] (41)
81 : [81, 380, 461, 471, 578] (45)
82 : [135, 230, 349, 370, 422] (40)
83 : [273, 298, 473, 489, 548] (40)
84 : [45, 94, 158, 326, 334, 448] (39)
85 : [113, 125, 166, 414] (41)
86 : [87, 157, 257, 432, 434] (40)
87 : [64, 305, 496, 524, 582] (42)
88 : [184, 193, 487, 502] (41)
89 : [80, 115, 536, 598, 599] (41)
90 : [47, 147, 364, 385] (42)
91 : [11, 121, 269, 318] (40)
92 : [25, 89, 101, 216, 233, 345, 405, 551] (42)
93 : [9, 13, 23, 183, 294] (40)
94 : [10, 100, 120, 137, 228, 331, 341] (41)
95 : [144, 172, 206, 256, 259] (42)
96 : [12, 28, 181, 244, 389, 574, 580] (42)
97 : [5, 62, 205, 291] (42)
98 : [300, 431, 498, 505] (41)
99 : [124, 140, 310, 368] (43)
100 : [4, 303, 558, 579, 590] (41)
101 : [71, 155, 309, 313, 594] (41)
102 : [63, 126, 175, 595] (42)
103 : [86, 107, 179, 441] (41)
104 : [327, 365, 466, 511] (42)
105 : [27, 111, 296, 462] (42)
106 : [114, 119, 203, 283, 289, 324, 476, 555] (42)
107 : [69, 148, 191, 362, 418, 482, 493, 518] (42)
108 : [2, 223, 242, 419] (43)
109 : [292, 409, 426, 508, 583] (42)
110 : [43, 55, 56, 164, 190] (42)
111 : [26, 42, 127, 516, 587] (42)
112 : [34, 68, 142, 201, 246] (41)
113 : [543, 584, 585, 597] (40)
114 : [92, 407, 460, 554] (43)
115 : [196, 393, 517, 535, 569] (42)
116 : [218, 282, 314, 321, 396] (41)
117 : [136, 247, 316, 353, 449, 478] (42)
118 : [79, 278, 408, 532] (42)
119 : [333, 423, 483, 540] (45)
120 : [176, 202, 376, 514] (45)
121 : [49, 173, 332, 411] (46)
122 : [83, 99, 138, 425, 458, 472] (45)
123 : [85, 537, 589] (47)
124 : [174, 243, 453] (45)
125 : [29, 139, 168, 210, 319, 588] (43)
126 : [7, 40, 91, 215, 266] (43)
127 : [17, 182, 189, 241, 399, 400, 459] (43)
128 : [52, 130, 178, 220, 356, 379, 468] (43)
129 : [162, 250, 410, 484, 506] (45)
130 : [59, 133, 154, 264, 509, 539, 560] (43)
131 : [61, 248, 340, 545] (45)
132 : [272, 297, 357, 446, 452, 567] (45)
133 : [57, 274, 429] (42)
134 : [74, 199, 346, 363, 530] (46)
135 : [44, 105, 433, 477] (44)
