Name: 600-40-60
Time: 26.23491930961609 
Result: 60
Solution:  16 7 36 32 82 84 86 97 57 38 35 42 37 70 45 96 82 30 8 26 68 28 81 20 21 47 75 59 9 73 18 101 33 47 23 17 82 2 76 67 2 68 46 84 80 89 99 36 34 93 83 57 64 81 21 89 7 43 90 12 90 3 35 32 46 88 6 76 100 34 90 18 53 50 83 9 67 70 52 45 101 51 65 80 101 87 62 59 23 75 79 98 6 55 57 1 24 24 2 87 23 62 78 75 67 43 79 73 93 17 69 49 16 27 5 23 79 84 25 92 89 5 53 91 90 38 48 87 52 2 2 60 55 62 101 44 7 69 95 96 72 91 42 41 11 59 2 42 13 27 98 80 45 77 37 97 40 26 44 33 61 100 96 8 65 90 42 10 52 36 81 14 92 8 81 83 77 43 70 40 50 27 58 71 48 78 58 31 78 6 1 85 54 75 22 26 77 54 41 58 56 97 31 47 98 60 49 15 42 89 99 80 54 69 30 19 93 18 88 48 82 2 99 93 5 63 24 28 69 57 51 78 51 94 73 51 98 97 52 73 21 20 80 29 85 30 91 9 93 4 6 43 66 91 27 45 24 75 46 20 3 69 39 13 69 93 39 101 14 3 19 40 66 23 80 72 73 4 95 102 95 102 94 25 61 16 100 48 99 35 25 84 34 44 73 83 39 14 53 74 100 100 66 85 61 25 28 27 17 70 65 30 48 40 86 101 19 32 18 20 55 53 19 89 58 100 21 74 37 61 28 86 20 27 92 46 20 70 65 18 49 33 63 31 17 53 39 19 37 70 59 4 8 31 41 77 71 44 6 37 102 96 33 18 96 72 63 51 72 30 77 5 96 70 35 66 7 1 90 56 64 33 25 45 1 62 56 76 13 63 61 95 44 87 45 74 10 63 11 81 62 34 78 30 48 60 38 55 44 23 102 61 14 23 1 43 53 68 64 46 82 3 54 63 18 25 55 43 76 99 66 19 23 77 18 96 51 33 48 24 42 29 8 10 95 25 85 36 87 58 28 97 21 45 102 44 60 84 95 24 77 71 67 43 61 8 95 26 5 22 88 33 29 10 31 50 15 29 8 29 98 79 29 38 34 65 7 92 94 56 5 64 88 34 80 83 20 68 92 36 56 22 94 80 21 45 57 64 71 35 60 42 5 73 58 72 71 47 48 19 9 2 57 50 22 49 64 51 81 20 6 25 19 91 98 45 12 42 60 83 55 89 54 75 37 15 78 32 40 49 5 7 61 17 13 42 76 88 59 49 62 38 68 45 42 51 67 88 20 86 35 63 90 8 50 85 102 41 91 19 68 94 16 85 33 26 74 53 15 29 12 12 19 11 83 82 55 60 44 91
0 : [] (0)
1 : [95, 190, 377, 384, 414] (40)
2 : [37, 40, 98, 129, 130, 146, 221, 521] (40)
3 : [61, 260, 269, 421] (40)
4 : [249, 277, 351] (44)
5 : [114, 121, 224, 371, 468, 490, 512, 550] (42)
6 : [66, 92, 189, 250, 358, 530] (43)
7 : [1, 56, 136, 376, 486, 551] (41)
8 : [18, 163, 173, 352, 442, 465, 478, 573] (40)
9 : [28, 75, 247, 520] (41)
10 : [167, 396, 443, 473] (45)
11 : [144, 398, 593] (44)
12 : [59, 536, 590, 591] (41)
13 : [148, 263, 388, 554] (42)
14 : [171, 268, 297, 412] (41)
15 : [207, 476, 545, 588] (41)
16 : [0, 112, 285, 582] (43)
17 : [35, 109, 308, 344, 553] (42)
18 : [30, 71, 217, 318, 339, 363, 424, 434] (42)
19 : [215, 270, 316, 322, 347, 431, 519, 532, 579, 592] (42)
20 : [23, 241, 259, 319, 332, 336, 496, 529, 568] (43)
21 : [24, 54, 240, 326, 452, 504] (43)
22 : [194, 469, 501, 524] (48)
23 : [34, 88, 100, 115, 273, 409, 413, 432] (44)
24 : [96, 97, 226, 256, 439, 459] (44)
25 : [118, 283, 290, 305, 382, 425, 445, 531] (44)
26 : [19, 157, 195, 467, 585] (50)
27 : [113, 149, 181, 254, 307, 333] (48)
28 : [21, 227, 306, 330, 450] (49)
29 : [243, 441, 472, 477, 479, 482, 589] (47)
30 : [17, 214, 245, 311, 369, 403] (48)
31 : [187, 202, 343, 353, 474] (50)
32 : [3, 63, 317, 547] (50)
33 : [32, 159, 341, 362, 381, 437, 471, 584] (46)
34 : [48, 69, 292, 401, 484, 493] (46)
35 : [10, 62, 289, 374, 509, 570] (46)
36 : [2, 47, 169, 447, 499] (48)
37 : [12, 154, 328, 348, 359, 544] (46)
38 : [9, 125, 406, 483, 561] (49)
39 : [262, 266, 296, 346] (46)
40 : [156, 179, 271, 313, 548] (46)
41 : [143, 198, 354, 577] (47)
42 : [11, 142, 147, 166, 208, 440, 511, 537, 555, 564] (47)
43 : [57, 105, 177, 251, 415, 427, 463] (47)
44 : [135, 158, 293, 357, 392, 408, 455, 598] (47)
45 : [14, 79, 152, 255, 383, 394, 453, 505, 535, 563] (48)
46 : [42, 64, 258, 335, 419] (49)
47 : [25, 33, 203, 517] (49)
48 : [126, 184, 219, 287, 312, 404, 438, 518] (49)
49 : [111, 206, 340, 525, 549, 559] (52)
50 : [73, 180, 475, 523, 574] (48)
51 : [81, 230, 232, 235, 367, 436, 527, 565] (50)
52 : [78, 128, 168, 238] (51)
53 : [72, 122, 298, 321, 345, 416, 587] (51)
54 : [192, 197, 212, 422, 542] (52)
55 : [93, 132, 320, 407, 426, 540, 596] (51)
56 : [200, 379, 386, 489, 500] (51)
57 : [8, 51, 94, 229, 506, 522] (51)
58 : [182, 186, 199, 324, 449, 514] (51)
59 : [27, 87, 145, 350, 558] (55)
60 : [131, 205, 405, 456, 510, 538, 597] (53)
61 : [160, 284, 304, 329, 390, 411, 464, 552] (52)
62 : [86, 101, 133, 385, 400, 560] (52)
63 : [225, 342, 366, 389, 397, 423, 571] (52)
64 : [52, 380, 418, 491, 507, 526] (51)
65 : [82, 164, 310, 338, 485] (52)
66 : [252, 272, 302, 375, 430] (53)
67 : [39, 76, 104, 462, 566] (53)
68 : [20, 41, 417, 497, 562, 580] (53)
69 : [110, 137, 213, 228, 261, 264] (54)
70 : [13, 77, 178, 309, 337, 349, 373] (55)
71 : [183, 356, 461, 508, 516] (53)
72 : [140, 275, 365, 368, 515] (56)
73 : [29, 107, 234, 239, 276, 294, 513] (53)
74 : [299, 327, 395, 586] (53)
75 : [26, 89, 103, 193, 257, 543] (55)
76 : [38, 67, 387, 428, 556] (59)
77 : [153, 176, 196, 355, 370, 433, 460] (55)
78 : [102, 185, 188, 231, 402, 546] (55)
79 : [90, 106, 116, 481] (56)
80 : [44, 83, 151, 211, 242, 274, 494, 503] (56)
81 : [22, 53, 170, 174, 399, 528] (56)
82 : [4, 16, 36, 220, 420, 595] (57)
83 : [50, 74, 175, 295, 495, 539, 594] (56)
84 : [5, 43, 117, 291, 457] (58)
85 : [191, 244, 303, 446, 575, 583] (57)
86 : [6, 314, 331, 569] (57)
87 : [85, 99, 127, 393, 448] (57)
88 : [65, 218, 470, 492, 557, 567] (57)
89 : [45, 55, 120, 209, 323, 541] (57)
90 : [58, 60, 70, 124, 165, 378, 572] (57)
91 : [123, 141, 246, 253, 533, 578, 599] (57)
92 : [119, 172, 334, 487, 498] (59)
93 : [49, 108, 216, 223, 248, 265] (59)
94 : [233, 282, 488, 502, 581] (57)
95 : [138, 278, 280, 391, 444, 458, 466] (56)
96 : [15, 139, 162, 361, 364, 372, 435] (56)
97 : [7, 155, 201, 237, 451] (58)
98 : [91, 150, 204, 236, 480, 534] (59)
99 : [46, 210, 222, 288, 429] (59)
100 : [68, 161, 286, 300, 301, 325] (60)
101 : [31, 80, 84, 134, 267, 315] (58)
102 : [279, 281, 360, 410, 454, 576] (58)
