Name: 600-30-45
Time: 24.59968614578247 
Result: 6047
Solution:  80 0 109 16 99 101 52 125 65 95 96 82 103 91 77 46 43 131 56 48 70 32 54 93 76 95 111 108 97 125 26 64 73 1 111 0 79 52 48 8 126 44 112 110 134 84 16 87 58 121 38 46 128 55 41 114 110 127 22 130 15 132 96 105 84 24 70 67 112 108 44 104 65 23 133 72 62 65 60 116 90 83 70 118 42 122 104 86 6 92 20 128 111 49 84 67 34 74 63 123 100 89 20 9 26 135 4 104 25 0 1 104 18 86 106 88 35 58 20 106 96 85 71 15 100 81 101 111 9 12 131 1 9 130 34 82 115 95 122 119 103 6 113 51 89 10 39 88 109 26 5 77 42 30 131 100 7 88 84 16 48 60 131 19 109 4 85 31 121 8 62 63 95 120 124 99 120 43 128 102 1 96 127 98 89 71 13 59 31 129 112 106 45 86 7 79 113 3 33 134 81 112 120 105 10 97 94 79 61 44 125 37 78 36 53 128 91 68 117 21 126 60 32 105 19 45 41 69 96 5 83 73 6 91 42 36 23 25 76 46 27 125 106 118 92 30 113 117 131 31 126 61 14 19 11 17 94 84 12 98 15 41 67 79 132 36 127 56 43 94 5 50 130 81 132 23 24 23 116 7 61 14 116 106 48 8 45 56 6 104 13 97 110 47 95 25 105 133 84 33 99 56 62 98 5 87 55 10 51 102 98 64 21 100 119 17 117 10 93 124 21 114 68 22 106 68 82 111 72 54 38 90 121 126 85 52 46 23 30 32 129 94 59 60 47 88 134 44 68 83 88 3 71 117 48 74 129 135 17 8 32 29 115 133 92 106 51 6 95 50 81 7 65 0 77 28 119 0 12 128 80 15 64 13 26 92 8 75 69 95 21 29 50 116 27 26 121 27 28 129 126 77 8 59 59 94 32 114 114 113 132 119 66 15 86 78 70 21 106 108 27 30 84 110 4 118 110 78 19 132 74 98 89 134 89 76 3 48 72 75 15 100 7 39 34 57 135 37 91 122 56 69 134 124 80 24 29 49 121 127 115 83 103 25 63 61 107 35 128 77 11 82 121 87 47 42 107 135 116 28 35 66 105 120 127 61 34 87 53 81 62 33 77 106 40 0 90 73 97 38 52 69 91 54 44 96 130 65 107 133 33 99 40 24 122 59 116 115 108 13 54 11 43 50 86 73 33 40 22 77 135 21 117 52 66 118 90 123 41 129 119 14 79 113 18 130 37 67 78 73 12 88 56 39 114 108 21 75 96 61 129 73 57 56 59 18 46 134 21 115 36 65 69 14 105 47 66 15 83 101 94 46 83 107 109 113 38 112 126 123 99 32 20 73 100 103 5 113 88 90
0 : [1, 35, 109, 373, 377, 495] (40)
1 : [33, 110, 131, 180] (32)
2 : [] (0)
3 : [197, 351, 436] (31)
4 : [106, 165, 424] (32)
5 : [150, 229, 270, 304, 596] (30)
6 : [88, 141, 232, 288, 367] (31)
7 : [156, 194, 279, 371, 442] (30)
8 : [39, 169, 285, 359, 386, 402] (30)
9 : [103, 128, 132] (30)
10 : [145, 204, 307, 317] (32)
11 : [254, 470, 521] (37)
12 : [129, 258, 378, 550] (33)
13 : [186, 290, 383, 519] (31)
14 : [252, 281, 541, 573] (31)
15 : [60, 123, 260, 381, 413, 440, 577] (29)
16 : [3, 46, 159] (30)
17 : [255, 315, 358] (35)
18 : [112, 544, 565] (36)
19 : [163, 224, 253, 428] (30)
20 : [90, 102, 118, 592] (28)
21 : [219, 312, 320, 390, 417, 531, 556, 568] (30)
22 : [58, 323, 528] (30)
23 : [73, 236, 275, 277, 337] (30)
24 : [65, 276, 455, 513] (37)
25 : [108, 237, 295, 463] (31)
26 : [30, 104, 149, 384, 395] (33)
27 : [240, 394, 397, 420] (34)
28 : [375, 398, 479] (35)
29 : [361, 391, 456] (35)
30 : [153, 245, 338, 421] (32)
31 : [167, 188, 249] (33)
32 : [21, 222, 339, 360, 406, 591] (34)
33 : [198, 299, 491, 510, 526] (36)
34 : [96, 134, 444, 486] (35)
35 : [116, 467, 480] (34)
36 : [213, 235, 265, 570] (36)
37 : [211, 447, 546] (34)
38 : [50, 330, 499, 586] (35)
39 : [146, 443, 553] (36)
40 : [494, 512, 527] (36)
41 : [54, 226, 261, 538] (37)
42 : [84, 152, 234, 475] (31)
43 : [16, 177, 268, 522] (38)
44 : [41, 70, 209, 347, 504] (31)
45 : [192, 225, 286] (31)
46 : [15, 51, 239, 336, 566, 581] (31)
47 : [293, 344, 474, 575] (32)
48 : [19, 38, 160, 284, 354, 437] (32)
49 : [93, 457] (33)
50 : [271, 369, 392, 523] (34)
51 : [143, 308, 366] (36)
52 : [6, 37, 335, 500, 533] (31)
53 : [214, 488] (39)
54 : [22, 329, 503, 520] (33)
55 : [53, 306] (33)
56 : [18, 267, 287, 301, 450, 552, 563] (33)
57 : [445, 562] (34)
58 : [48, 117] (38)
59 : [187, 342, 403, 404, 515, 564] (33)
60 : [78, 161, 221, 343] (37)
61 : [208, 251, 280, 465, 485, 559] (34)
62 : [76, 170, 302, 490] (41)
63 : [98, 171, 464] (37)
64 : [31, 311, 382] (38)
65 : [8, 72, 77, 372, 507, 571] (34)
66 : [412, 481, 534, 576] (34)
67 : [67, 95, 262, 547] (34)
68 : [217, 322, 325, 348] (35)
69 : [227, 388, 451, 501, 572] (40)
70 : [20, 66, 82, 416] (41)
71 : [122, 185, 352] (43)
72 : [75, 328, 438] (38)
73 : [32, 231, 497, 525, 549, 561, 593] (40)
74 : [97, 355, 430] (38)
75 : [387, 439, 557] (41)
76 : [24, 238, 435] (40)
77 : [14, 151, 374, 401, 469, 492, 529] (41)
78 : [212, 415, 427, 548] (42)
79 : [36, 195, 207, 263, 542] (41)
80 : [0, 380, 454] (41)
81 : [125, 200, 273, 370, 489] (43)
82 : [11, 135, 326, 471] (40)
83 : [81, 230, 349, 461, 578, 582] (41)
84 : [45, 64, 94, 158, 257, 298, 422] (41)
85 : [121, 166, 334] (40)
86 : [87, 113, 193, 414, 524] (41)
87 : [47, 305, 473, 487] (40)
88 : [115, 147, 157, 345, 350, 551, 598] (42)
89 : [101, 144, 184, 432, 434] (41)
90 : [80, 331, 496, 536, 599] (42)
91 : [13, 216, 233, 448, 502] (41)
92 : [89, 244, 364, 385] (43)
93 : [23, 318] (41)
94 : [206, 256, 269, 341, 405, 580] (42)
95 : [9, 25, 137, 172, 294, 368, 389] (40)
96 : [10, 62, 120, 181, 228, 505, 558] (40)
97 : [28, 205, 291, 498] (42)
98 : [183, 259, 303, 310, 431] (41)
99 : [4, 175, 300, 511, 590] (40)
100 : [100, 124, 155, 313, 441, 594] (40)
101 : [5, 126, 579] (42)
102 : [179, 309] (40)
103 : [12, 140, 462, 595] (42)
104 : [71, 86, 107, 111, 289] (42)
105 : [63, 203, 223, 296, 482, 574] (40)
106 : [114, 119, 191, 242, 283, 324, 365, 418, 493] (40)
107 : [466, 476, 508, 583] (41)
108 : [27, 69, 419, 518, 555] (39)
109 : [2, 148, 164, 584] (43)
110 : [43, 56, 292, 423, 426] (44)
111 : [26, 34, 92, 127, 327] (45)
112 : [42, 68, 190, 201, 587] (42)
113 : [142, 196, 246, 409, 543, 585, 597] (40)
114 : [55, 321, 407, 408, 554] (41)
115 : [136, 362, 460, 517, 569] (42)
116 : [79, 278, 282, 393, 478, 516] (42)
117 : [218, 247, 316, 353, 532] (44)
118 : [83, 243, 425, 535] (41)
119 : [139, 314, 376, 411, 540] (46)
120 : [173, 176, 202, 483] (45)
121 : [49, 168, 332, 396, 458, 472] (45)
122 : [85, 138, 449, 514] (47)
123 : [99, 537, 589] (44)
124 : [174, 319, 453] (45)
125 : [7, 29, 210, 241] (44)
126 : [40, 220, 250, 333, 400, 588] (45)
127 : [57, 182, 266, 459, 484] (44)
128 : [52, 91, 178, 215, 379, 468] (45)
129 : [189, 340, 356, 399, 539, 560] (45)
130 : [59, 133, 272, 506, 545] (45)
131 : [17, 130, 154, 162, 248] (43)
132 : [61, 264, 274, 410, 429] (44)
133 : [74, 297, 363, 509] (45)
134 : [44, 199, 346, 433, 452, 567] (45)
135 : [105, 357, 446, 477, 530] (44)
