Name: 600-30-45
Time: 24.586358070373535 
Result: 2046
Solution:  76 0 116 16 99 101 52 126 62 94 99 83 103 87 75 48 42 128 54 49 67 34 57 96 76 99 111 108 96 123 31 64 73 2 113 1 81 51 50 7 126 46 112 112 134 84 21 89 55 122 31 49 128 57 41 113 108 127 18 133 19 131 101 103 87 25 72 66 111 106 48 104 65 23 133 68 62 64 58 117 89 82 71 118 42 122 101 87 2 97 21 125 114 50 83 67 34 74 60 124 104 91 18 3 28 135 2 102 35 1 0 101 13 85 108 86 37 55 20 107 93 88 70 11 99 81 98 110 9 9 127 2 7 130 34 77 114 94 123 119 103 0 113 51 88 12 38 86 110 31 5 80 39 35 126 100 1 87 85 17 39 59 129 16 112 4 86 33 126 11 63 61 96 120 121 102 120 40 129 104 8 100 127 90 88 72 12 60 32 128 107 107 45 84 3 84 113 5 34 135 83 107 118 108 5 99 92 75 59 47 124 36 78 37 53 126 94 71 117 19 126 62 33 106 18 45 41 65 95 5 82 75 4 88 43 42 17 28 79 48 30 127 105 124 92 35 113 117 131 30 129 60 20 22 17 20 95 86 10 95 11 39 65 76 130 34 125 56 43 91 7 50 129 80 135 23 25 22 117 6 62 13 117 106 48 10 46 60 7 105 13 93 110 48 88 24 106 133 83 34 100 52 63 91 7 90 51 10 49 102 97 61 23 97 116 19 126 7 97 126 25 115 74 21 107 74 82 109 77 54 33 93 119 124 85 56 44 24 30 32 131 92 60 60 46 92 134 44 67 83 88 0 73 116 46 77 128 132 16 7 29 28 115 132 90 103 50 6 105 49 82 9 66 2 78 26 120 2 12 128 82 15 64 12 25 94 9 73 69 95 21 29 47 119 27 27 116 24 33 130 128 78 7 60 58 100 30 117 115 115 134 121 61 17 87 80 69 27 108 107 28 27 89 111 6 123 109 78 20 135 75 98 85 134 91 68 3 49 73 72 11 103 7 41 29 63 133 39 91 119 56 66 127 125 84 22 26 54 122 127 114 81 105 27 59 61 105 37 127 80 10 79 123 82 48 42 104 134 118 30 40 66 105 115 129 61 36 86 53 79 64 29 80 106 45 0 90 74 98 38 50 69 90 58 49 95 128 66 110 130 32 98 40 26 122 58 111 115 105 13 56 13 44 52 87 74 38 43 23 77 130 22 120 52 65 118 89 125 41 126 119 15 80 117 19 131 36 66 83 79 8 87 52 37 114 106 24 71 96 61 132 74 56 60 60 15 46 133 26 112 38 67 69 10 104 47 70 15 81 102 100 44 85 108 109 115 39 109 127 123 103 35 18 75 100 101 4 110 93 92
0 : [1, 110, 141, 351, 495] (30)
1 : [35, 109, 156] (31)
2 : [33, 88, 106, 131, 373, 377] (31)
3 : [103, 194, 436] (31)
4 : [165, 232, 596] (31)
5 : [150, 197, 204, 229] (31)
6 : [279, 367, 424] (30)
7 : [39, 132, 270, 288, 304, 317, 359, 402, 442] (29)
8 : [180, 550] (32)
9 : [128, 129, 371, 386] (31)
10 : [258, 285, 307, 470, 573] (30)
11 : [123, 169, 260, 440] (30)
12 : [145, 186, 378, 383] (35)
13 : [112, 281, 290, 519, 521] (33)
14 : [] (0)
15 : [381, 541, 565, 577] (32)
16 : [3, 163, 358] (37)
17 : [159, 236, 254, 413] (30)
18 : [58, 102, 224, 592] (30)
19 : [60, 219, 315, 544] (31)
20 : [118, 252, 255, 428] (31)
21 : [46, 90, 323, 390] (31)
22 : [253, 277, 455, 531] (31)
23 : [73, 275, 312, 528] (31)
24 : [295, 337, 397, 556] (31)
25 : [65, 276, 320, 384] (31)
26 : [375, 456, 513, 568] (35)
27 : [394, 395, 417, 421, 463] (30)
28 : [104, 237, 361, 420] (33)
29 : [360, 391, 444, 491] (34)
30 : [240, 249, 338, 406, 479] (33)
31 : [30, 50, 149] (33)
32 : [188, 339, 510] (33)
33 : [167, 222, 330, 398] (33)
34 : [21, 96, 134, 198, 265, 299] (37)
35 : [108, 153, 245, 591] (34)
36 : [211, 486, 546] (34)
37 : [116, 213, 467, 553] (34)
38 : [146, 499, 526, 570] (35)
39 : [152, 160, 261, 447, 586] (34)
40 : [177, 480, 512] (37)
41 : [54, 226, 443, 538] (36)
42 : [16, 84, 235, 475] (39)
43 : [234, 268, 527] (35)
44 : [336, 347, 522, 581] (33)
45 : [192, 225, 494] (36)
46 : [41, 286, 344, 354, 566] (35)
47 : [209, 392, 575] (38)
48 : [15, 70, 239, 284, 293, 474] (34)
49 : [19, 51, 308, 369, 437, 504] (33)
50 : [38, 93, 271, 366, 500] (33)
51 : [37, 143, 306] (34)
52 : [6, 301, 523, 533, 552] (38)
53 : [214, 488] (39)
54 : [18, 329, 457] (39)
55 : [48, 117] (38)
56 : [267, 335, 450, 520, 562] (36)
57 : [22, 53] (35)
58 : [78, 404, 503, 515] (35)
59 : [161, 208, 464] (38)
60 : [98, 187, 251, 287, 342, 343, 403, 563, 564] (34)
61 : [171, 311, 412, 465, 485, 559] (35)
62 : [8, 76, 221, 280] (34)
63 : [170, 302, 445] (35)
64 : [31, 77, 382, 490] (36)
65 : [72, 227, 262, 534] (38)
66 : [67, 372, 451, 481, 507, 547] (36)
67 : [20, 95, 348, 571] (36)
68 : [75, 435] (38)
69 : [388, 416, 501, 572] (38)
70 : [122, 576] (38)
71 : [82, 217, 557] (38)
72 : [66, 185, 439] (37)
73 : [32, 352, 387, 438] (37)
74 : [97, 322, 325, 497, 525, 561] (39)
75 : [14, 207, 231, 430, 593] (39)
76 : [0, 24, 263] (40)
77 : [135, 328, 355, 529] (41)
78 : [212, 374, 401, 427] (42)
79 : [238, 471, 489, 549] (38)
80 : [151, 273, 415, 469, 492, 542] (37)
81 : [36, 125, 461, 578] (39)
82 : [81, 230, 326, 370, 380, 473] (38)
83 : [11, 94, 200, 298, 349, 548] (39)
84 : [45, 193, 195, 454] (39)
85 : [113, 158, 334, 432, 582] (39)
86 : [115, 147, 166, 257, 487] (39)
87 : [13, 64, 87, 157, 414, 524, 551] (40)
88 : [121, 144, 184, 233, 294, 350] (41)
89 : [47, 80, 422, 536] (42)
90 : [183, 305, 364, 496, 502] (41)
91 : [101, 269, 303, 434, 448] (42)
92 : [206, 244, 341, 345, 599] (43)
93 : [120, 291, 331, 598] (44)
94 : [9, 137, 216, 385] (44)
95 : [228, 256, 259, 389, 505] (45)
96 : [23, 28, 172, 558] (43)
97 : [89, 310, 313, 318] (43)
98 : [126, 431, 498, 511] (44)
99 : [4, 10, 25, 124, 205] (41)
100 : [155, 181, 300, 405, 580, 594] (44)
101 : [5, 62, 86, 111, 595] (42)
102 : [107, 175, 309, 579] (43)
103 : [12, 63, 140, 365, 441, 590] (42)
104 : [71, 100, 179, 476, 574] (41)
105 : [242, 289, 368, 462, 466, 482, 518] (40)
106 : [69, 223, 283, 296, 493, 555] (41)
107 : [119, 190, 191, 201, 324, 419] (40)
108 : [27, 56, 114, 203, 418, 583] (40)
109 : [327, 426, 584, 587] (44)
110 : [127, 148, 292, 508, 597] (43)
111 : [26, 68, 423, 516] (43)
112 : [42, 43, 164, 569] (45)
113 : [34, 55, 142, 196, 246] (42)
114 : [92, 136, 460, 554] (42)
115 : [321, 362, 408, 409, 483, 517, 585] (42)
116 : [2, 314, 353, 396] (43)
117 : [79, 218, 247, 278, 282, 407, 543] (43)
118 : [83, 202, 478, 535] (42)
119 : [139, 332, 393, 449, 540] (43)
120 : [173, 176, 376, 532] (46)
121 : [174, 411] (45)
122 : [49, 85, 458, 514] (44)
123 : [29, 138, 425, 472, 589] (45)
124 : [99, 210, 243, 333] (44)
125 : [91, 266, 453, 537] (45)
126 : [7, 40, 154, 168, 215, 220, 316, 319, 539] (43)
127 : [57, 130, 182, 241, 452, 459, 468, 588] (43)
128 : [17, 52, 189, 356, 379, 400, 506] (43)
129 : [162, 178, 250, 272, 484] (42)
130 : [133, 264, 399, 509, 530] (42)
131 : [61, 248, 340, 545] (45)
132 : [357, 363, 560] (44)
133 : [59, 74, 297, 446, 567] (45)
134 : [44, 346, 410, 433, 477] (45)
135 : [105, 199, 274, 429] (44)
