Name: 600-20-30
Time: 26.460707664489746 
Result: 1031
Solution:  70 136 135 92 138 20 106 43 34 84 36 26 33 15 98 126 10 130 89 128 132 142 72 131 47 55 120 28 12 2 22 62 82 39 49 9 29 70 116 132 20 54 80 91 101 1 145 9 82 126 89 124 88 64 80 111 72 26 75 34 122 90 78 63 101 5 68 135 21 18 48 22 134 76 108 41 23 109 116 127 26 30 40 59 118 66 14 31 83 132 68 46 84 129 96 21 124 21 123 33 147 143 81 124 102 81 3 143 60 49 96 90 138 50 130 97 86 45 79 24 87 138 141 66 132 4 103 93 50 76 41 133 134 68 130 112 27 114 52 116 52 109 25 107 145 64 87 95 104 112 2 34 10 57 134 21 46 97 56 142 20 64 48 128 53 37 14 44 114 77 105 143 123 113 15 97 16 127 130 22 5 145 90 37 97 89 86 100 100 16 90 74 25 35 24 37 4 30 100 42 1 148 114 118 131 148 72 147 6 31 142 145 82 94 99 149 117 110 36 126 75 8 48 54 97 88 31 139 143 31 149 129 24 54 75 90 70 110 89 75 147 60 3 128 122 137 138 39 118 142 13 76 98 69 146 91 71 17 56 11 77 144 98 88 122 67 86 76 55 113 119 59 89 65 114 59 76 8 113 64 17 83 123 101 73 58 16 95 90 6 135 78 28 27 70 24 115 98 17 3 24 14 59 15 49 51 34 65 49 37 119 127 57 87 50 54 11 46 69 103 94 63 144 19 141 11 85 98 83 1 4 45 136 142 90 120 148 107 144 45 32 41 54 63 113 96 20 104 35 23 125 149 138 109 111 95 111 37 130 49 38 139 25 50 38 122 32 139 129 118 86 42 108 103 73 68 78 2 136 8 28 10 84 30 103 41 9 85 97 40 6 8 93 51 44 71 69 38 27 23 112 15 96 105 134 126 30 112 15 1 74 56 30 115 24 95 35 137 1 65 144 5 28 62 10 2 4 63 78 61 96 5 3 18 119 121 45 106 48 105 34 57 63 58 129 6 105 44 62 81 121 89 14 101 5 45 40 119 47 53 42 83 32 115 60 146 51 121 140 33 49 58 140 71 16 142 36 117 30 92 131 12 57 13 120 29 79 30 88 102 6 132 18 35 47 119 12 141 46 17 42 23 67 53 10 83 69 24 55 83 52 95 77 20 61 136 115 130 70 66 110 19 97 19 69 133 36 29 68 19 13 104 133 148 23 97 125 53 10 108 64 106 121 32 103 123 128 137 113 149 79 123 74 57 43 79 5 100 131 35 125 106 92 109 40 116 140 140 34 43 57 105 74 47 73 111 147 99 118 67 108 93 102 125 146 77 67 60 14 124 71 1 91 58 25 49 51 92 47 2
0 : [] (0)
1 : [45, 200, 329, 409, 418, 591] (29)
2 : [29, 150, 377, 425, 599] (25)
3 : [106, 242, 299, 432] (20)
4 : [125, 196, 330, 426] (21)
5 : [65, 180, 421, 431, 454, 556] (24)
6 : [208, 289, 390, 445, 490] (21)
7 : [] (0)
8 : [221, 277, 379, 391] (23)
9 : [35, 47, 386] (22)
10 : [16, 152, 381, 424, 504, 538] (21)
11 : [259, 316, 325] (20)
12 : [28, 481, 496] (21)
13 : [250, 483, 530] (22)
14 : [86, 166, 301, 452, 588] (20)
15 : [13, 174, 303, 401, 408] (23)
16 : [176, 189, 286, 474] (20)
17 : [257, 280, 298, 499] (21)
18 : [69, 433, 492] (24)
19 : [323, 521, 523, 529] (22)
20 : [5, 40, 160, 346, 513] (24)
21 : [68, 95, 97, 155] (23)
22 : [30, 71, 179] (24)
23 : [76, 349, 399, 501, 534] (22)
24 : [119, 194, 232, 295, 300, 414, 507] (22)
25 : [142, 192, 362, 594] (25)
26 : [11, 57, 80] (22)
27 : [136, 293, 398] (23)
28 : [27, 292, 380, 422] (24)
29 : [36, 485, 527] (24)
30 : [81, 197, 383, 406, 412, 478, 487] (22)
31 : [87, 209, 226, 229] (22)
32 : [340, 366, 462, 543] (24)
33 : [12, 99, 469] (22)
34 : [8, 59, 151, 306, 440, 568] (23)
35 : [193, 348, 416, 493, 559] (22)
36 : [10, 218, 476, 526] (22)
37 : [165, 183, 195, 309, 357] (22)
38 : [360, 364, 397] (23)
39 : [33, 247] (26)
40 : [82, 389, 456, 564] (23)
41 : [75, 130, 341, 385] (24)
42 : [199, 371, 460, 500] (24)
43 : [7, 554, 569] (24)
44 : [167, 394, 447] (24)
45 : [117, 331, 339, 436, 455] (24)
46 : [91, 156, 317, 498] (23)
47 : [24, 458, 494, 573, 598] (25)
48 : [70, 162, 222, 438] (24)
49 : [34, 109, 304, 308, 359, 470, 595] (25)
50 : [113, 128, 314, 363] (25)
51 : [305, 393, 466, 596] (24)
52 : [138, 140, 510] (23)
53 : [164, 459, 503, 537] (24)
54 : [41, 223, 233, 315, 342] (23)
55 : [25, 268, 508] (23)
56 : [158, 258, 411] (23)
57 : [153, 312, 441, 482, 553, 570] (24)
58 : [285, 443, 471, 593] (27)
59 : [83, 271, 275, 302] (28)
60 : [108, 241, 464, 587] (25)
61 : [429, 514] (24)
62 : [31, 423, 448] (23)
63 : [63, 321, 343, 427, 442] (23)
64 : [53, 145, 161, 279, 540] (26)
65 : [273, 307, 419] (25)
66 : [85, 123, 519] (24)
67 : [265, 502, 579, 586] (25)
68 : [66, 90, 133, 375, 528] (23)
69 : [253, 318, 396, 506, 524] (25)
70 : [0, 37, 236, 294, 518] (25)
71 : [256, 395, 473, 590] (25)
72 : [22, 56, 206] (25)
73 : [284, 374, 574] (24)
74 : [191, 410, 552, 572] (26)
75 : [58, 220, 234, 239] (27)
76 : [73, 129, 251, 267, 276] (26)
77 : [169, 260, 512, 585] (26)
78 : [62, 291, 376, 428] (27)
79 : [118, 486, 550, 555] (26)
80 : [42, 54] (25)
81 : [102, 105, 449] (24)
82 : [32, 48, 212] (25)
83 : [88, 281, 328, 461, 505, 509] (25)
84 : [9, 92, 382] (24)
85 : [326, 387] (28)
86 : [116, 186, 266, 370] (25)
87 : [120, 146, 313] (25)
88 : [52, 225, 263, 488] (26)
89 : [18, 50, 185, 238, 272, 451] (24)
90 : [61, 111, 182, 190, 235, 288, 334] (25)
91 : [43, 255, 592] (26)
92 : [3, 479, 562, 597] (25)
93 : [127, 392, 581] (25)
94 : [213, 320] (27)
95 : [147, 287, 355, 415, 511] (24)
96 : [94, 110, 345, 402, 430] (24)
97 : [115, 157, 175, 184, 224, 388, 522, 535] (24)
98 : [14, 252, 262, 297, 327] (25)
99 : [214, 577] (28)
100 : [187, 188, 198, 557] (28)
101 : [44, 64, 283, 453] (26)
102 : [104, 489, 582] (26)
103 : [126, 319, 373, 384, 544] (26)
104 : [148, 347, 531] (25)
105 : [170, 403, 439, 446, 571] (28)
106 : [6, 437, 541, 561] (27)
107 : [143, 337] (27)
108 : [74, 372, 539, 580] (30)
109 : [77, 141, 353, 563] (28)
110 : [217, 237, 520] (27)
111 : [55, 354, 356, 575] (29)
112 : [135, 149, 400, 407] (30)
113 : [173, 269, 278, 344, 548] (28)
114 : [137, 168, 202, 274] (30)
115 : [296, 413, 463, 516] (28)
116 : [38, 78, 139, 565] (28)
117 : [216, 477] (27)
118 : [84, 203, 248, 369, 578] (29)
119 : [270, 310, 434, 457, 495] (28)
120 : [26, 335, 484] (31)
121 : [435, 450, 467, 542] (29)
122 : [60, 244, 264, 365] (30)
123 : [98, 172, 282, 545, 551] (27)
124 : [51, 96, 103, 589] (29)
125 : [350, 536, 560, 583] (30)
126 : [15, 49, 219, 405] (28)
127 : [79, 177, 311] (28)
128 : [19, 163, 243, 546] (29)
129 : [93, 231, 368, 444] (30)
130 : [17, 114, 134, 178, 358, 517] (28)
131 : [23, 204, 480, 558] (27)
132 : [20, 39, 89, 124, 491] (28)
133 : [131, 525, 532] (29)
134 : [72, 132, 154, 404] (30)
135 : [2, 67, 290] (28)
136 : [1, 332, 378, 515] (28)
137 : [245, 417, 547] (29)
138 : [4, 112, 121, 246, 352] (28)
139 : [227, 361, 367] (29)
140 : [468, 472, 566, 567] (29)
141 : [122, 324, 497] (27)
142 : [21, 159, 210, 249, 333, 475] (27)
143 : [101, 107, 171, 228] (29)
144 : [261, 322, 338, 420] (28)
145 : [46, 144, 181, 211] (29)
146 : [254, 465, 584] (27)
147 : [100, 207, 240, 576] (27)
148 : [201, 205, 336, 533] (29)
149 : [215, 230, 351, 549] (29)
