Name: 600-40-60
Time: 26.35688352584839 
Result: 60
Solution:  19 1 35 30 81 84 86 100 59 43 29 40 35 70 46 96 80 34 11 32 68 29 85 21 22 45 72 58 11 73 18 97 36 47 23 15 82 5 77 69 1 67 48 83 76 87 99 40 27 90 81 56 66 81 22 90 0 47 94 7 90 2 37 30 45 84 6 71 101 38 94 16 54 53 82 10 65 70 52 57 100 58 74 84 92 87 62 61 25 74 81 100 6 55 58 1 24 24 0 85 20 63 75 75 72 43 76 70 96 18 69 49 18 29 1 24 80 79 25 93 83 5 50 94 88 38 48 90 51 2 1 60 59 64 99 43 4 73 98 94 78 93 42 42 3 61 1 41 11 27 98 77 47 78 29 97 37 26 43 33 63 99 95 3 64 89 42 6 52 36 81 13 89 7 75 81 78 46 71 39 49 31 51 70 49 79 59 30 80 1 3 88 55 77 24 26 78 48 40 57 59 98 32 47 102 59 49 15 41 97 100 81 55 68 29 13 96 12 89 44 79 1 97 92 6 66 23 33 73 54 53 77 51 94 71 50 98 97 58 73 23 25 80 27 90 26 86 9 93 0 5 40 67 95 25 47 22 76 44 23 2 69 39 17 66 93 39 100 7 3 17 40 67 21 81 76 74 4 96 102 95 101 92 24 59 14 99 50 101 36 25 80 34 43 76 83 42 15 55 74 98 101 67 90 63 19 28 27 14 69 61 32 48 37 86 97 19 31 18 11 54 55 19 90 61 102 19 70 42 63 28 89 19 29 95 46 20 74 68 25 51 35 59 35 16 57 38 14 33 72 60 4 7 27 47 79 71 43 6 37 102 100 33 17 99 76 61 52 74 32 78 5 96 74 34 65 7 0 92 56 63 35 26 46 3 60 53 77 12 63 62 95 46 87 46 71 13 63 9 79 54 34 78 29 49 62 41 54 44 20 102 57 17 25 1 45 55 67 64 46 91 0 50 58 19 24 54 37 82 92 68 19 20 75 18 93 50 33 44 25 42 27 11 10 94 25 85 34 88 57 25 97 22 49 101 48 60 84 99 25 78 75 66 44 59 7 95 21 5 20 88 35 32 10 32 55 16 32 10 28 99 77 28 38 31 65 5 87 93 56 2 64 91 31 83 84 27 67 90 36 57 19 91 80 22 49 57 64 70 32 60 39 9 73 58 73 69 48 46 20 11 2 60 50 16 49 69 52 75 21 7 29 20 93 96 36 12 38 62 84 55 91 53 76 37 15 75 30 41 39 5 7 63 16 5 39 72 83 57 49 65 41 67 46 39 50 66 91 20 79 33 62 97 7 51 85 97 44 83 20 66 94 16 86 33 26 78 51 14 29 10 12 18 11 83 82 56 65 43 92
0 : [56, 98, 249, 377, 421] (49)
1 : [1, 40, 95, 114, 130, 146, 189, 221, 414] (41)
2 : [61, 129, 260, 490, 521] (42)
3 : [144, 163, 190, 269, 384] (47)
4 : [136, 277, 351] (48)
5 : [37, 121, 250, 371, 468, 486, 550, 554] (44)
6 : [66, 92, 167, 224, 358] (41)
7 : [59, 173, 268, 352, 376, 465, 530, 551, 573] (51)
8 : [] (0)
9 : [247, 398, 512] (42)
10 : [75, 443, 473, 478, 590] (41)
11 : [18, 28, 148, 319, 442, 520, 593] (41)
12 : [217, 388, 536, 591] (41)
13 : [171, 215, 396] (41)
14 : [285, 308, 347, 588] (43)
15 : [35, 207, 297, 545] (42)
16 : [71, 344, 476, 524, 553, 582] (42)
17 : [263, 270, 363, 412] (49)
18 : [30, 109, 112, 318, 434, 592] (42)
19 : [0, 305, 316, 322, 326, 332, 424, 431, 501] (43)
20 : [100, 336, 409, 432, 469, 519, 532, 568, 579] (43)
21 : [23, 273, 467, 529] (45)
22 : [24, 54, 256, 452, 504] (44)
23 : [34, 226, 240, 259] (43)
24 : [96, 97, 115, 194, 283, 425] (43)
25 : [88, 118, 241, 254, 290, 339, 413, 439, 445, 450, 459] (43)
26 : [157, 195, 245, 382, 585] (44)
27 : [48, 149, 243, 307, 353, 441, 496] (44)
28 : [306, 330, 479, 482] (47)
29 : [10, 21, 113, 154, 214, 333, 403, 531, 589] (44)
30 : [3, 63, 187, 547] (49)
31 : [181, 317, 484, 493] (44)
32 : [19, 202, 311, 369, 472, 474, 477, 509] (45)
33 : [159, 227, 348, 362, 437, 570, 584] (45)
34 : [17, 292, 374, 401, 447] (45)
35 : [2, 12, 341, 343, 381, 471] (48)
36 : [32, 169, 289, 499, 535] (47)
37 : [62, 156, 313, 359, 427, 544] (47)
38 : [69, 125, 346, 483, 537] (48)
39 : [179, 262, 266, 511, 549, 555, 564] (44)
40 : [11, 47, 198, 251, 271] (44)
41 : [147, 208, 406, 548, 561] (48)
42 : [142, 143, 166, 296, 328, 440] (46)
43 : [9, 105, 135, 158, 293, 357, 598] (45)
44 : [219, 258, 408, 438, 463, 577] (45)
45 : [25, 64, 415] (49)
46 : [14, 177, 335, 383, 392, 394, 419, 518, 563] (46)
47 : [33, 57, 152, 203, 255, 354] (49)
48 : [42, 126, 197, 312, 455, 517] (48)
49 : [111, 180, 184, 206, 404, 453, 505, 525, 559] (48)
50 : [122, 235, 287, 422, 436, 523, 565] (49)
51 : [128, 182, 232, 340, 574, 587] (50)
52 : [78, 168, 367, 527] (49)
53 : [73, 230, 386, 542] (52)
54 : [72, 229, 320, 400, 407, 426] (51)
55 : [93, 192, 212, 298, 321, 416, 475, 540] (50)
56 : [51, 379, 489, 596] (50)
57 : [79, 199, 345, 411, 449, 500, 506, 558] (51)
58 : [27, 81, 94, 238, 423, 514] (51)
59 : [8, 132, 186, 200, 205, 284, 342, 464] (49)
60 : [131, 350, 385, 456, 510, 522] (51)
61 : [87, 145, 310, 324, 366] (58)
62 : [86, 390, 405, 538, 571] (52)
63 : [101, 160, 304, 329, 380, 389, 397, 552] (51)
64 : [133, 164, 418, 491, 507] (51)
65 : [76, 375, 485, 560, 597] (51)
66 : [52, 225, 264, 462, 566, 580] (53)
67 : [41, 252, 272, 302, 417, 497, 562] (54)
68 : [20, 213, 338, 430] (56)
69 : [39, 110, 261, 309, 516, 526] (56)
70 : [13, 77, 107, 183, 327, 508] (55)
71 : [67, 178, 234, 356, 395] (59)
72 : [26, 104, 349, 556] (57)
73 : [29, 137, 228, 239, 513, 515] (58)
74 : [82, 89, 276, 299, 337, 368, 373] (55)
75 : [102, 103, 174, 433, 461, 528, 546] (56)
76 : [44, 106, 257, 275, 294, 365, 543] (56)
77 : [38, 151, 193, 231, 387, 481] (59)
78 : [140, 153, 176, 196, 370, 402, 460, 586] (56)
79 : [117, 185, 220, 355, 399, 569] (57)
80 : [16, 116, 188, 242, 291, 503] (56)
81 : [4, 50, 53, 90, 170, 175, 211, 274] (57)
82 : [36, 74, 428, 595] (56)
83 : [43, 120, 295, 494, 557, 578, 594] (58)
84 : [5, 65, 83, 457, 495, 539] (57)
85 : [22, 99, 446, 575] (60)
86 : [6, 246, 314, 583] (59)
87 : [45, 85, 393, 487] (56)
88 : [124, 191, 448, 470] (59)
89 : [165, 172, 218, 331] (60)
90 : [49, 55, 60, 127, 244, 303, 323, 498] (56)
91 : [420, 492, 502, 541, 567] (56)
92 : [84, 223, 282, 378, 429, 599] (57)
93 : [119, 141, 248, 265, 435, 488, 533] (57)
94 : [58, 70, 123, 139, 233, 444, 581] (56)
95 : [162, 253, 280, 334, 391, 466] (56)
96 : [15, 108, 216, 278, 372, 534] (58)
97 : [31, 155, 209, 222, 237, 315, 451, 572, 576] (55)
98 : [138, 150, 201, 236, 300] (54)
99 : [46, 134, 161, 286, 364, 458, 480] (59)
100 : [7, 80, 91, 210, 267, 361] (57)
101 : [68, 281, 288, 301, 454] (57)
102 : [204, 279, 325, 360, 410] (58)
