Name: 600-40-60
Time: 26.651148080825806 
Result: 60
Solution:  13 2 35 31 82 85 88 100 58 42 37 45 35 71 45 99 81 31 14 28 67 29 82 19 21 47 74 54 12 72 20 101 35 47 24 16 83 1 77 70 10 66 50 83 76 88 99 37 26 87 77 54 65 79 21 86 3 43 92 9 92 6 38 32 45 83 5 76 98 38 90 18 55 51 91 12 65 74 63 45 101 57 67 83 92 87 64 61 24 75 77 98 7 56 60 1 24 24 1 88 20 63 81 75 66 43 76 71 101 18 68 48 13 30 5 28 79 80 20 84 90 5 55 91 90 38 48 85 50 2 2 61 53 64 99 43 5 70 94 96 74 92 40 44 7 58 2 39 13 34 96 80 43 80 38 97 40 27 44 39 63 99 96 4 66 90 41 6 50 36 83 14 93 3 75 85 77 41 67 38 49 29 54 72 47 81 58 35 76 2 4 82 56 75 22 26 78 56 46 59 57 97 31 46 97 58 49 15 43 97 98 80 56 69 33 13 95 16 89 47 80 2 100 91 5 65 20 30 73 51 59 79 53 94 71 52 99 89 57 70 23 20 80 27 86 28 88 10 93 1 5 43 70 96 24 46 23 75 41 20 2 70 38 18 73 91 42 98 13 3 17 39 68 22 83 71 72 4 93 102 90 101 92 25 60 15 99 49 102 39 25 81 39 45 73 92 41 15 54 74 100 102 68 84 60 21 27 28 17 68 62 27 53 40 86 97 20 32 17 11 54 57 13 94 61 100 19 74 37 60 30 86 20 26 85 47 21 73 69 20 50 36 68 30 17 54 36 18 38 72 60 3 13 29 41 76 71 41 4 37 101 95 33 16 100 73 61 52 71 36 80 1 95 73 36 65 9 3 92 56 62 29 24 48 3 61 53 75 12 62 62 95 45 87 48 72 8 63 9 84 56 34 84 30 49 58 42 54 38 24 101 62 14 24 2 48 52 73 65 46 89 4 57 63 20 24 55 41 78 96 69 13 27 78 20 95 54 30 46 22 36 24 8 13 93 25 86 31 87 60 26 97 21 43 102 45 61 86 95 24 78 70 67 43 60 8 98 21 13 19 91 36 32 12 32 50 16 32 9 28 99 79 25 37 30 69 1 91 93 59 2 64 89 33 83 83 24 64 92 33 55 22 95 82 22 45 53 65 77 36 63 39 7 73 67 68 68 49 43 20 11 1 59 52 26 52 67 59 77 19 7 25 19 92 102 36 10 42 58 82 53 92 51 75 32 11 80 34 40 40 6 13 56 17 6 37 71 84 56 49 63 44 69 43 38 51 66 86 20 85 33 65 97 13 53 84 98 44 85 19 66 94 12 84 39 26 81 53 14 26 16 13 17 11 87 76 57 62 48 95
0 : [] (0)
1 : [37, 95, 98, 249, 371, 486, 521] (60)
2 : [1, 129, 130, 146, 189, 221, 260, 414, 490] (40)
3 : [56, 173, 269, 351, 377, 384] (41)
4 : [163, 190, 277, 358, 421] (43)
5 : [66, 114, 121, 136, 224, 250] (47)
6 : [61, 167, 550, 554] (45)
7 : [92, 144, 512, 530] (44)
8 : [396, 442, 465] (41)
9 : [59, 376, 398, 478] (42)
10 : [40, 247, 536] (41)
11 : [319, 520, 545, 593] (43)
12 : [28, 75, 388, 473, 582] (42)
13 : [0, 112, 148, 215, 268, 322, 352, 431, 443, 468, 551, 573, 591] (40)
14 : [18, 171, 412, 588] (40)
15 : [207, 285, 297] (41)
16 : [35, 217, 363, 476, 590] (43)
17 : [270, 308, 318, 344, 553, 592] (41)
18 : [71, 109, 263, 347] (42)
19 : [23, 326, 469, 529, 532, 579] (42)
20 : [30, 100, 118, 226, 241, 259, 316, 332, 339, 424, 434, 519, 568] (40)
21 : [24, 54, 305, 336, 452, 467] (43)
22 : [194, 273, 439, 501, 504] (42)
23 : [240, 256] (46)
24 : [34, 88, 96, 97, 254, 382, 409, 413, 425, 441, 459, 496] (41)
25 : [283, 290, 445, 482, 531] (44)
26 : [48, 195, 333, 450, 524, 585, 589] (46)
27 : [157, 243, 306, 311, 432] (46)
28 : [19, 115, 245, 307, 479] (50)
29 : [21, 181, 353, 381] (45)
30 : [113, 227, 330, 343, 403, 437, 484] (45)
31 : [3, 17, 202, 447] (46)
32 : [63, 317, 472, 474, 477, 544] (45)
33 : [214, 362, 493, 499, 570] (46)
34 : [149, 401, 547] (45)
35 : [2, 12, 32, 187] (46)
36 : [169, 341, 346, 369, 374, 440, 471, 509, 535] (45)
37 : [10, 47, 328, 359, 483, 555] (48)
38 : [62, 69, 125, 154, 179, 262, 348, 408, 564] (45)
39 : [147, 159, 271, 289, 292, 511, 584] (46)
40 : [142, 156, 313, 548, 549] (45)
41 : [166, 177, 258, 296, 354, 357, 427] (45)
42 : [9, 266, 406, 537] (45)
43 : [57, 105, 135, 152, 208, 251, 453, 463, 518, 563] (45)
44 : [143, 158, 561, 577] (46)
45 : [11, 14, 64, 79, 293, 392, 455, 505] (47)
46 : [198, 203, 255, 419, 438] (48)
47 : [25, 33, 184, 219, 335] (46)
48 : [111, 126, 383, 394, 415, 598] (48)
49 : [180, 206, 287, 404, 517, 559] (48)
50 : [42, 128, 168, 340, 475] (50)
51 : [73, 229, 542, 565] (49)
52 : [235, 367, 416, 523, 525] (52)
53 : [132, 232, 312, 386, 506, 540, 574, 587] (50)
54 : [27, 51, 182, 298, 320, 345, 407, 436] (51)
55 : [72, 122, 426, 500] (50)
56 : [93, 192, 197, 212, 379, 400, 552, 558] (51)
57 : [81, 200, 238, 321, 422, 596] (50)
58 : [8, 145, 186, 205, 405, 538] (51)
59 : [199, 230, 489, 522, 527] (52)
60 : [94, 284, 304, 329, 350, 449, 464] (52)
61 : [87, 131, 324, 366, 385, 456] (52)
62 : [310, 380, 389, 390, 411, 597] (52)
63 : [78, 101, 160, 397, 423, 510, 560] (52)
64 : [86, 133, 491, 497] (54)
65 : [52, 76, 225, 375, 418, 507, 571] (53)
66 : [41, 104, 164, 566, 580] (53)
67 : [20, 82, 178, 462, 514, 526] (54)
68 : [110, 272, 302, 309, 342, 515, 516] (58)
69 : [213, 338, 430, 485, 562] (56)
70 : [39, 137, 239, 252, 261, 461] (57)
71 : [13, 107, 234, 275, 356, 368, 556] (55)
72 : [29, 183, 276, 349, 395] (56)
73 : [228, 264, 294, 337, 365, 373, 417, 513] (56)
74 : [26, 77, 140, 299, 327] (56)
75 : [89, 103, 174, 193, 257, 387, 543] (56)
76 : [44, 67, 106, 188, 355, 595] (57)
77 : [38, 50, 90, 176, 508, 528] (58)
78 : [196, 428, 433, 460] (59)
79 : [53, 116, 231, 481] (59)
80 : [117, 151, 153, 211, 220, 242, 370, 546] (57)
81 : [16, 102, 185, 291, 586] (57)
82 : [4, 22, 191, 503, 539] (58)
83 : [36, 43, 65, 83, 170, 274, 494, 495] (56)
84 : [119, 303, 399, 402, 557, 575, 583] (56)
85 : [5, 127, 175, 334, 569, 578] (56)
86 : [55, 244, 314, 331, 446, 457, 567] (56)
87 : [49, 85, 393, 448, 594] (59)
88 : [6, 45, 99, 246] (57)
89 : [218, 237, 420, 492] (59)
90 : [70, 120, 124, 165, 280] (58)
91 : [74, 123, 223, 265, 470, 487] (58)
92 : [58, 60, 84, 141, 282, 295, 378, 498, 533, 541] (56)
93 : [172, 248, 278, 444, 488] (58)
94 : [138, 233, 323, 581] (56)
95 : [216, 361, 372, 391, 435, 458, 502, 599] (56)
96 : [139, 150, 162, 253, 429] (57)
97 : [155, 201, 204, 209, 315, 451, 572] (59)
98 : [68, 91, 210, 267, 466, 576] (59)
99 : [15, 46, 134, 161, 236, 286, 480] (60)
100 : [7, 222, 300, 325, 364] (58)
101 : [31, 80, 108, 281, 360, 410] (59)
102 : [279, 288, 301, 454, 534] (60)
