Name: 800-20-30
Time: 34.57963037490845 
Result: 1031
Solution:  47 107 101 95 48 154 122 109 94 54 32 49 46 55 64 119 41 66 136 52 46 104 153 79 75 74 154 66 60 143 5 88 91 94 65 159 133 72 63 84 22 109 132 85 121 8 53 157 30 15 135 155 106 31 34 134 58 118 95 106 81 77 50 100 10 102 91 156 38 13 26 111 157 77 139 131 33 99 107 61 135 52 59 70 90 119 56 142 17 29 60 56 73 152 101 95 77 26 67 155 46 84 71 131 56 127 122 147 92 75 4 36 138 61 53 143 83 149 34 65 45 0 68 30 17 7 82 158 120 143 110 126 91 132 2 36 143 24 107 142 3 122 35 15 93 64 76 137 116 85 144 8 141 117 9 87 48 61 116 106 97 102 40 122 148 26 45 113 148 66 99 124 106 70 42 43 113 47 72 147 41 42 16 108 67 151 42 106 5 37 57 37 83 54 60 126 48 75 104 138 115 146 115 18 23 24 87 139 61 141 28 110 127 29 132 126 121 134 141 143 55 13 76 135 156 12 69 70 155 27 153 30 152 70 43 135 12 112 137 136 118 110 1 8 146 159 45 23 24 43 52 79 88 144 125 12 53 113 116 74 137 58 151 89 27 142 104 28 8 123 145 71 80 1 135 33 58 97 44 141 84 104 82 140 41 7 49 10 111 81 128 126 53 120 26 66 17 3 68 60 113 7 12 103 30 69 92 37 83 81 112 86 125 101 106 73 96 124 146 148 60 129 113 8 158 80 42 21 81 24 71 51 49 119 38 2 142 8 65 35 153 18 52 6 140 82 44 115 139 38 144 15 154 119 17 48 21 37 129 88 78 2 87 1 100 116 61 124 127 153 0 125 125 66 78 19 129 128 66 122 63 140 29 154 58 158 118 21 158 5 4 44 34 126 3 124 3 43 50 11 32 21 74 81 111 73 45 27 91 33 80 130 17 100 58 26 6 76 142 31 107 40 13 108 56 8 67 80 79 117 73 137 40 6 3 85 29 124 102 156 137 135 102 97 79 11 121 18 47 85 96 144 6 93 62 132 130 146 24 148 16 152 145 120 81 4 111 109 149 100 57 103 73 80 35 147 62 41 103 15 25 64 118 78 115 94 71 18 157 156 97 23 81 37 84 54 57 9 57 157 25 89 127 107 153 71 98 35 9 64 74 73 78 73 123 2 65 26 21 29 27 41 119 69 32 18 8 7 96 49 101 87 49 72 99 4 20 136 118 65 11 96 95 55 17 24 151 67 69 12 89 118 146 135 20 57 101 99 20 7 114 88 150 91 97 8 97 131 139 22 130 1 11 51 103 32 83 75 140 121 101 12 146 102 31 0 120 8 78 135 105 63 114 59 23 52 46 77 90 43 140 48 31 45 109 100 13 104 91 90 128 156 109 65 136 82 112 33 159 130 74 46 39 77 150 90 129 139 114 102 79 108 43 16 147 105 122 90 28 39 71 65 105 51 53 19 120 115 86 117 76 72 133 138 39 134 22 22 94 13 123 151 100 62 70 133 63 3 53 8 24 62 32 157 109 36 153 1 28 159 151 135 23 153 51 158 28 46 4 87 98 43 26 155 44 0 99 121 59 76 150 44 137 10 103 80 110 34 93 32 33 144 108 24 105 18 50 59 149 88 148 38 95 149 98 3 159 8 128 36 85 16 140 152 120 112 49 41 134 13 35 136 47 27 24 56 125 72 83 25 138 103 85 152 64 93 128 44 17 60 132 154 81 88 15 68 68 42 0 10 59 116 54 86 43 47 88 59 6 136 136 26 116 114 123 10 57 141 157 19 98 141 94 51 146 45 105 111 25 11
0 : [121, 370, 585, 695, 768] (20)
1 : [242, 273, 363, 571, 677] (20)
2 : [134, 335, 361, 515] (22)
3 : [140, 297, 394, 396, 434, 667, 725] (20)
4 : [110, 390, 465, 535, 688] (21)
5 : [30, 188, 389] (20)
6 : [343, 416, 433, 452, 778] (21)
7 : [125, 285, 301, 527, 559] (23)
8 : [45, 151, 243, 268, 323, 337, 425, 526, 565, 587, 669, 727] (20)
9 : [154, 497, 508] (21)
10 : [64, 287, 703, 769, 785] (25)
11 : [399, 445, 540, 572, 799] (20)
12 : [225, 236, 255, 302, 549, 581] (24)
13 : [69, 221, 422, 606, 659, 739] (20)
14 : [] (0)
15 : [49, 143, 351, 479, 764] (20)
16 : [182, 460, 633, 731] (21)
17 : [88, 124, 296, 354, 412, 544, 758] (21)
18 : [203, 341, 447, 487, 525, 715] (21)
19 : [375, 645, 789] (25)
20 : [536, 554, 558] (24)
21 : [327, 356, 387, 401, 518] (20)
22 : [40, 569, 656, 657] (20)
23 : [204, 247, 491, 594, 682] (24)
24 : [137, 205, 248, 329, 458, 545, 670, 713, 744] (20)
25 : [480, 500, 749, 798] (22)
26 : [70, 97, 165, 294, 415, 517, 692, 781] (20)
27 : [229, 264, 407, 520, 743] (21)
28 : [210, 267, 638, 678, 686] (21)
29 : [89, 213, 382, 436, 519] (21)
30 : [48, 123, 231, 304] (23)
31 : [53, 419, 584, 602] (22)
32 : [10, 400, 524, 575, 672, 709] (22)
33 : [76, 275, 409, 617, 710] (22)
34 : [54, 118, 392, 707] (22)
35 : [142, 339, 474, 507, 740] (22)
36 : [111, 135, 675, 729] (22)
37 : [189, 191, 307, 357, 493] (23)
38 : [68, 334, 349, 721] (23)
39 : [622, 639, 654] (22)
40 : [162, 421, 432] (22)
41 : [16, 180, 284, 477, 521, 737] (22)
42 : [174, 181, 186, 326, 767] (23)
43 : [175, 234, 249, 397, 599, 632, 691, 774] (22)
44 : [278, 346, 391, 694, 701, 757] (22)
45 : [120, 166, 246, 406, 603, 795] (22)
46 : [12, 20, 100, 596, 621, 687] (22)
47 : [0, 177, 448, 742, 775] (23)
48 : [4, 156, 196, 355, 601] (23)
49 : [11, 286, 332, 529, 532, 736] (23)
50 : [62, 398, 716] (25)
51 : [331, 573, 643, 684, 793] (23)
52 : [19, 81, 250, 342, 595] (23)
53 : [46, 114, 256, 292, 644, 668] (23)
54 : [9, 193, 495, 772] (23)
55 : [13, 220, 543] (24)
56 : [86, 91, 104, 424, 745] (23)
57 : [190, 470, 496, 498, 555, 786] (23)
58 : [56, 261, 276, 384, 414] (23)
59 : [82, 593, 698, 717, 770, 777] (23)
60 : [28, 90, 194, 299, 320, 759] (24)
61 : [79, 113, 157, 208, 366] (23)
62 : [454, 476, 663, 671] (24)
63 : [38, 380, 591, 666] (24)
64 : [14, 145, 481, 509, 754] (26)
65 : [34, 119, 338, 516, 539, 613, 641] (25)
66 : [17, 27, 169, 295, 373, 378] (26)
67 : [98, 184, 426, 547] (24)
68 : [122, 298, 765, 766] (26)
69 : [226, 305, 523, 548] (25)
70 : [83, 173, 227, 233, 664] (27)
71 : [102, 271, 330, 486, 505, 640] (25)
72 : [37, 178, 533, 651, 747] (25)
73 : [92, 315, 405, 430, 472, 511, 513] (25)
74 : [25, 259, 402, 510, 620] (27)
75 : [24, 109, 197, 577] (26)
76 : [146, 222, 417, 650, 699] (25)
77 : [61, 73, 96, 597, 623] (26)
78 : [360, 374, 483, 512, 588] (26)
79 : [23, 251, 428, 444, 630] (26)
80 : [272, 325, 410, 427, 473, 705] (25)
81 : [60, 289, 309, 328, 403, 464, 492, 762] (24)
82 : [126, 282, 345, 615] (25)
83 : [116, 192, 308, 576, 748] (25)
84 : [39, 101, 280, 494] (26)
85 : [43, 149, 435, 449, 730, 752] (24)
86 : [311, 648, 773] (24)
87 : [155, 206, 362, 531, 689] (25)
88 : [31, 252, 359, 561, 719, 763, 776] (25)
89 : [263, 501, 550] (25)
90 : [84, 598, 609, 625, 637] (25)
91 : [32, 66, 132, 408, 563, 608] (26)
92 : [108, 306] (26)
93 : [144, 453, 708, 755] (28)
94 : [8, 33, 485, 658, 792] (26)
95 : [3, 58, 95, 542, 722] (28)
96 : [316, 450, 528, 541] (27)
97 : [160, 277, 443, 490, 564, 566] (27)
98 : [506, 690, 724, 790] (26)
99 : [77, 170, 534, 557, 696] (28)
100 : [63, 364, 413, 469, 605, 662] (28)
101 : [2, 94, 313, 530, 556, 580] (27)
102 : [65, 161, 438, 442, 583, 629] (27)
103 : [303, 471, 478, 574, 704, 751] (27)
104 : [21, 198, 266, 281, 607] (27)
105 : [590, 635, 642, 714, 796] (27)
106 : [52, 59, 159, 172, 187, 314] (27)
107 : [1, 78, 138, 420, 503] (26)
108 : [183, 423, 631, 712] (26)
109 : [7, 41, 467, 604, 612, 674] (27)
110 : [130, 211, 241, 706] (27)
111 : [71, 288, 404, 466, 797] (26)
112 : [237, 310, 616, 735] (27)
113 : [167, 176, 257, 300, 322] (26)
114 : [560, 592, 628, 783] (27)
115 : [200, 202, 347, 484, 647] (28)
116 : [148, 158, 258, 365, 771, 782] (27)
117 : [153, 429, 649] (27)
118 : [57, 240, 386, 482, 538, 551] (27)
119 : [15, 85, 333, 353, 522] (27)
120 : [128, 293, 463, 586, 646, 734] (27)
121 : [44, 216, 446, 579, 697] (26)
122 : [6, 106, 141, 163, 379, 636] (27)
123 : [269, 514, 660, 784] (27)
124 : [171, 317, 367, 395, 437] (27)
125 : [254, 312, 371, 372, 746] (30)
126 : [131, 195, 215, 291, 393] (28)
127 : [105, 212, 368, 502] (30)
128 : [290, 377, 610, 728, 756] (29)
129 : [321, 358, 376, 626] (30)
130 : [411, 456, 570, 619] (30)
131 : [75, 103, 567] (30)
132 : [42, 133, 214, 455, 760] (29)
133 : [36, 652, 665] (30)
134 : [55, 217, 655, 738] (28)
135 : [50, 80, 223, 235, 274, 441, 553, 589, 681] (28)
136 : [18, 239, 537, 614, 741, 779, 780] (28)
137 : [147, 238, 260, 431, 440, 702] (29)
138 : [112, 199, 653, 750] (28)
139 : [74, 207, 348, 568, 627] (28)
140 : [283, 344, 381, 578, 600, 732] (28)
141 : [152, 209, 218, 279, 787, 791] (29)
142 : [87, 139, 265, 336, 418] (30)
143 : [29, 115, 129, 136, 219] (29)
144 : [150, 253, 350, 451, 711] (29)
145 : [270, 462] (31)
146 : [201, 244, 318, 457, 552, 582, 794] (30)
147 : [107, 179, 475, 634] (29)
148 : [164, 168, 319, 459, 720] (30)
149 : [117, 468, 718, 723] (30)
150 : [562, 624, 700] (29)
151 : [185, 262, 546, 661, 680] (29)
152 : [93, 232, 461, 733, 753] (30)
153 : [22, 230, 340, 369, 504, 676, 683] (30)
154 : [5, 26, 352, 383, 761] (30)
155 : [51, 99, 228, 693] (29)
156 : [67, 224, 439, 489, 611] (30)
157 : [47, 72, 488, 499, 673, 788] (29)
158 : [127, 324, 385, 388, 685] (30)
159 : [35, 245, 618, 679, 726] (30)
