Name: 800-50-80
Time: 34.77379083633423 
Result: 5083
Solution:  56 182 58 113 110 17 133 43 42 12 183 163 39 2 133 56 164 132 30 114 144 107 22 172 96 84 6 101 158 155 179 80 25 102 63 52 171 52 111 128 75 166 130 2 136 153 8 31 107 69 120 97 76 57 27 170 47 110 15 97 125 45 167 169 155 58 12 129 24 120 37 124 162 64 164 143 167 15 9 136 35 103 50 152 89 158 90 54 39 109 175 19 99 140 74 116 12 110 158 142 118 75 87 33 98 182 119 80 105 167 162 83 67 13 169 4 85 2 62 134 129 62 169 145 173 157 51 31 6 133 2 168 147 79 180 159 104 146 30 13 129 43 184 131 173 88 91 105 74 156 44 129 176 9 145 149 115 108 30 172 130 3 47 111 19 48 73 46 32 166 20 135 83 58 53 173 179 77 7 174 122 150 86 74 6 70 58 112 109 121 29 73 165 114 91 127 4 102 68 149 132 114 63 154 151 134 79 95 136 93 21 2 155 18 115 25 128 68 176 43 113 101 152 93 60 43 164 128 125 53 81 47 141 61 46 27 44 138 40 169 146 102 143 132 67 41 45 19 30 159 0 162 28 55 21 71 137 98 154 52 6 184 99 151 44 172 117 128 7 37 149 30 138 27 167 56 91 118 140 25 158 154 57 148 108 117 79 151 101 182 116 52 140 141 128 135 7 177 171 23 48 131 17 66 161 83 50 142 61 39 84 120 69 39 119 29 157 60 182 89 104 142 181 3 144 141 51 118 124 111 126 163 24 8 170 82 23 178 33 34 12 95 75 110 32 88 44 162 90 9 121 128 138 114 31 26 172 69 97 100 54 156 28 150 145 131 92 142 62 42 53 68 180 67 24 156 16 143 10 144 86 105 172 162 142 76 20 2 25 45 100 124 62 18 104 4 159 153 40 97 20 72 92 166 91 153 175 63 80 167 169 168 171 109 70 157 2 89 180 139 171 28 96 88 40 82 75 11 0 175 79 20 158 161 66 73 127 172 160 155 22 124 136 42 20 102 66 93 106 64 170 137 182 36 179 131 20 157 139 17 143 114 126 121 168 27 55 97 16 61 127 78 56 102 36 65 163 71 34 121 67 122 41 168 107 177 133 32 35 134 30 159 62 184 178 37 157 173 87 101 20 179 69 117 89 181 85 180 103 41 79 137 168 51 65 143 135 68 148 67 165 86 6 5 83 123 160 47 136 48 148 98 95 81 38 18 13 78 160 152 108 38 63 151 73 122 84 152 13 59 10 143 58 166 181 182 60 159 19 70 112 86 44 183 127 133 149 103 160 3 130 95 161 104 31 15 134 61 144 177 119 64 72 26 132 22 33 183 35 123 169 157 23 9 140 28 140 33 21 110 106 30 143 140 96 154 160 155 138 40 80 106 98 0 119 10 176 61 107 154 99 84 73 50 163 2 175 37 59 19 181 52 112 108 135 175 0 156 59 76 35 3 83 113 94 60 146 92 56 173 132 16 53 98 10 118 117 45 5 78 149 129 106 81 17 176 114 145 174 148 168 141 161 48 71 118 80 164 36 134 48 146 49 125 46 143 10 19 123 121 11 6 135 67 101 153 77 178 32 150 138 128 139 98 183 88 58 126 16 45 92 84 148 51 47 85 56 140 109 43 134 28 84 112 147 131 117 165 7 165 183 150 82 139 125 100 8 94 130 22 91 184 77 70 11 77 57 165 54 144 29 75 178 170 147 177 86 182 49 73 115 66 177 171 8 174 116 38 176 49 90 169 158 34 175 29 142 84 156 105 142 119 15 100 129 181 127 71 179 93 11 40 177 5 122 3 137 158 153 64
0 : [250, 428, 613, 636] (53)
1 : [] (0)
2 : [13, 43, 117, 130, 211, 387, 416, 625] (63)
3 : [161, 323, 569, 641, 795] (51)
4 : [115, 196, 395] (59)
5 : [523, 658, 793] (52)
6 : [26, 128, 184, 260, 522, 691] (53)
7 : [178, 268, 296, 728] (54)
8 : [46, 333, 736, 764] (59)
9 : [78, 153, 349, 593] (52)
10 : [378, 550, 615, 654, 686] (57)
11 : [427, 690, 744, 790] (52)
12 : [9, 66, 96, 340] (66)
13 : [113, 139, 536, 548] (52)
14 : [] (0)
15 : [58, 77, 575, 782] (53)
16 : [376, 468, 651, 708] (50)
17 : [5, 302, 459, 664] (52)
18 : [213, 393, 535] (62)
19 : [91, 164, 247, 558, 629, 687] (52)
20 : [170, 386, 400, 431, 444, 456, 500] (51)
21 : [210, 254, 598] (58)
22 : [22, 440, 585, 739] (54)
23 : [299, 336, 592] (55)
24 : [68, 332, 374] (58)
25 : [32, 215, 279, 388] (56)
26 : [355, 583] (59)
27 : [54, 235, 273, 465] (56)
28 : [252, 362, 421, 595, 721] (56)
29 : [190, 315, 750, 775] (59)
30 : [18, 138, 158, 248, 271, 490, 601] (55)
31 : [47, 127, 354, 574] (55)
32 : [168, 344, 487, 698] (63)
33 : [103, 338, 586, 597] (55)
34 : [339, 478, 773] (58)
35 : [80, 488, 588, 640] (57)
36 : [453, 474, 678] (57)
37 : [70, 269, 495, 627] (55)
38 : [534, 541, 767] (61)
39 : [12, 88, 309, 313] (59)
40 : [238, 398, 424, 609, 791] (62)
41 : [245, 482, 509] (57)
42 : [8, 369, 443] (56)
43 : [7, 141, 219, 225, 719] (56)
44 : [150, 236, 264, 346, 562] (60)
45 : [61, 246, 389, 657, 709] (59)
46 : [167, 234, 684] (59)
47 : [56, 162, 231, 527, 714] (58)
48 : [165, 300, 529, 673, 680] (58)
49 : [682, 758, 769] (59)
50 : [82, 306, 623] (61)
51 : [126, 326, 513, 713] (60)
52 : [35, 37, 259, 291, 631] (58)
53 : [174, 229, 370, 652] (60)
54 : [87, 360, 748] (68)
55 : [253, 466] (62)
56 : [0, 15, 275, 472, 648, 716] (62)
57 : [53, 282, 746] (59)
58 : [2, 65, 173, 186, 552, 706] (60)
59 : [549, 628, 638] (60)
60 : [224, 317, 556, 645] (59)
61 : [233, 308, 469, 577, 617] (64)
62 : [118, 121, 368, 392, 492] (59)
63 : [34, 202, 407, 542] (60)
64 : [73, 449, 581, 799] (63)
65 : [475, 514] (64)
66 : [303, 434, 446, 761] (60)
67 : [112, 244, 373, 480, 519, 693] (61)
68 : [198, 217, 371, 517] (67)
69 : [49, 312, 357, 502] (58)
70 : [185, 414, 559, 743] (59)
71 : [255, 477, 674, 787] (59)
72 : [401, 582] (62)
73 : [166, 191, 435, 544, 622, 759] (60)
74 : [94, 148, 183] (59)
75 : [40, 101, 342, 426, 751] (59)
76 : [52, 385, 639] (62)
77 : [177, 696, 742, 745] (60)
78 : [471, 537, 659] (68)
79 : [133, 206, 286, 430, 510] (64)
80 : [31, 107, 408, 610, 676] (64)
81 : [230, 533, 663] (66)
82 : [335, 425, 732] (67)
83 : [111, 172, 305, 524, 642] (61)
84 : [25, 310, 546, 621, 711, 722, 777] (59)
85 : [116, 506, 715] (58)
86 : [182, 380, 521, 561, 756] (58)
87 : [102, 498] (61)
88 : [145, 345, 423, 705] (65)
89 : [84, 319, 417, 504] (63)
90 : [86, 348, 770] (62)
91 : [146, 194, 276, 404, 740] (61)
92 : [366, 402, 647, 710] (79)
93 : [209, 223, 447, 789] (65)
94 : [644, 737] (62)
95 : [207, 341, 532, 571] (64)
96 : [24, 422, 604] (75)
97 : [51, 59, 358, 399, 467] (66)
98 : [104, 257, 531, 612, 653, 703] (64)
99 : [92, 262, 620] (64)
100 : [359, 390, 735, 783] (69)
101 : [27, 221, 288, 499, 694] (64)
102 : [33, 197, 241, 445, 473] (64)
103 : [81, 508, 567] (70)
104 : [136, 320, 394, 573] (67)
105 : [108, 147, 381, 779] (72)
106 : [448, 600, 611, 662] (68)
107 : [21, 48, 484, 618] (66)
108 : [157, 284, 540, 633] (69)
109 : [89, 188, 413, 718] (67)
110 : [4, 57, 97, 343, 599] (66)
111 : [38, 163, 329] (66)
112 : [187, 560, 632, 723] (69)
113 : [3, 220, 643] (75)
114 : [19, 193, 201, 353, 461, 666] (69)
115 : [156, 214, 760] (68)
116 : [95, 290, 766] (71)
117 : [266, 285, 503, 656, 726] (73)
118 : [100, 277, 327, 655, 675] (73)
119 : [106, 314, 580, 614, 781] (69)
120 : [50, 69, 311] (68)
121 : [189, 350, 463, 479, 689] (71)
122 : [180, 481, 545, 794] (69)
123 : [525, 589, 688] (71)
124 : [71, 328, 391, 441] (78)
125 : [60, 228, 683, 734] (68)
126 : [330, 462, 707] (68)
127 : [195, 436, 470, 564, 786] (70)
128 : [39, 216, 227, 267, 294, 351, 701] (71)
129 : [67, 120, 140, 151, 661, 784] (70)
130 : [42, 160, 570, 738] (72)
131 : [143, 301, 365, 455, 725] (72)
132 : [17, 200, 243, 584, 650] (70)
133 : [6, 14, 129, 486, 565] (71)
134 : [119, 205, 489, 576, 679, 720] (72)
135 : [171, 295, 516, 634, 692] (73)
136 : [44, 79, 208, 442, 528] (75)
137 : [256, 451, 511, 796] (73)
138 : [237, 272, 352, 608, 700] (74)
139 : [419, 458, 702, 733] (74)
140 : [93, 278, 292, 594, 596, 603, 717] (73)
141 : [232, 293, 325, 671] (76)
142 : [99, 307, 321, 367, 384, 776, 780] (75)
143 : [75, 242, 377, 460, 515, 551, 602, 685] (75)
144 : [20, 324, 379, 578, 749] (77)
145 : [123, 154, 364, 667] (74)
146 : [137, 240, 646, 681] (75)
147 : [132, 724, 754] (74)
148 : [283, 518, 530, 669, 712] (74)
149 : [155, 199, 270, 566, 660] (77)
150 : [181, 363, 699, 731] (79)
151 : [204, 263, 287, 543] (77)
152 : [83, 222, 539, 547] (77)
153 : [45, 397, 405, 695, 798] (78)
154 : [203, 258, 281, 605, 619] (79)
155 : [29, 64, 212, 439, 607] (78)
156 : [149, 361, 375, 637, 778] (79)
157 : [125, 316, 415, 457, 496, 591] (79)
158 : [28, 85, 98, 280, 432, 772, 797] (79)
159 : [135, 249, 396, 491, 557] (80)
160 : [438, 526, 538, 568, 606] (78)
161 : [304, 433, 572, 672] (79)
162 : [72, 110, 251, 347, 383] (80)
163 : [11, 331, 476, 624] (77)
164 : [16, 74, 226, 677] (77)
165 : [192, 520, 727, 729, 747] (80)
166 : [41, 169, 403, 553] (76)
167 : [62, 76, 109, 274, 409] (79)
168 : [131, 411, 464, 483, 512, 670] (77)
169 : [63, 114, 122, 239, 410, 590, 771] (77)
170 : [55, 334, 450, 753] (78)
171 : [36, 298, 412, 420, 763] (76)
172 : [23, 159, 265, 356, 382, 437] (77)
173 : [124, 144, 175, 497, 649] (79)
174 : [179, 668, 765] (78)
175 : [90, 406, 429, 626, 635, 774] (80)
176 : [152, 218, 616, 665, 768] (80)
177 : [297, 485, 579, 755, 762, 792] (76)
178 : [337, 494, 697, 752] (79)
179 : [30, 176, 454, 501, 788] (77)
180 : [134, 372, 418, 507] (80)
181 : [322, 505, 554, 630, 785] (82)
182 : [1, 105, 289, 318, 452, 555, 757] (75)
183 : [10, 563, 587, 704, 730] (75)
184 : [142, 261, 493, 741] (83)
