Name: 800-30-45
Time: 34.25998640060425 
Result: 9047
Solution:  106 95 133 172 170 141 72 157 177 179 140 126 71 191 179 163 102 69 95 56 142 59 98 75 39 156 47 87 65 91 130 184 112 123 27 166 137 84 70 186 33 106 189 47 129 106 115 66 7 79 171 6 182 99 181 95 162 108 74 114 39 33 129 114 43 131 25 88 29 74 0 131 8 37 87 108 35 144 85 173 159 133 138 56 30 28 96 141 51 162 74 4 31 166 0 49 30 87 149 149 36 98 144 44 1 15 150 96 43 75 102 57 157 53 137 185 80 99 191 67 11 50 1 173 53 167 187 36 46 118 44 114 104 87 28 44 166 109 42 24 117 75 16 73 174 132 180 145 191 35 127 20 9 105 119 179 38 61 32 108 184 119 162 20 95 126 178 45 165 4 38 173 97 24 58 175 5 5 161 103 133 134 183 145 3 70 132 122 97 190 116 124 72 22 134 134 83 78 167 22 104 68 118 127 162 139 46 132 75 190 126 136 166 16 162 168 177 119 21 25 71 111 113 190 171 39 181 122 65 24 58 167 186 78 170 93 168 6 129 62 172 34 76 53 120 154 178 102 94 4 169 112 64 68 187 27 89 99 162 63 122 154 39 6 51 136 38 124 119 135 39 135 137 117 145 105 183 11 108 48 85 80 17 185 148 12 115 80 167 177 61 182 85 3 22 7 70 66 184 63 44 171 12 151 98 182 122 66 55 67 164 49 63 164 117 79 153 101 134 77 143 22 188 42 19 152 81 100 158 152 90 56 144 154 23 146 103 189 153 83 16 3 4 38 128 47 90 22 49 157 158 182 180 187 79 172 133 187 189 63 135 66 91 93 1 129 2 187 118 73 89 23 76 123 72 7 115 17 106 188 62 82 142 27 89 74 125 13 56 7 89 34 101 29 20 165 14 2 83 126 143 110 12 82 1 139 31 41 190 42 181 138 124 28 21 141 98 170 38 88 43 104 92 121 4 183 44 68 0 179 50 184 52 92 164 27 171 147 162 34 23 127 104 57 53 44 176 177 96 21 157 98 116 64 69 123 98 163 79 18 90 149 8 15 46 13 159 124 38 56 109 109 150 30 29 148 156 77 142 183 159 109 56 144 20 125 59 38 185 33 117 131 50 47 105 25 121 186 86 63 186 28 172 177 97 38 11 160 21 125 188 77 93 73 60 128 62 72 99 161 155 175 60 165 176 143 165 114 148 79 168 175 32 33 123 95 35 139 191 41 13 100 155 46 4 105 76 174 4 28 117 157 13 160 153 130 159 151 181 53 136 27 76 87 63 183 168 139 31 39 166 46 63 55 110 148 111 108 141 175 115 123 163 166 185 127 155 177 153 21 184 169 163 17 123 101 111 94 81 166 57 174 152 131 32 86 159 82 12 169 11 158 158 35 175 47 2 57 28 15 170 66 12 158 83 161 101 140 170 68 24 46 140 48 49 78 2 119 83 156 63 8 138 112 97 14 84 1 54 5 171 142 30 185 103 146 14 76 37 61 166 149 120 132 180 97 82 116 132 111 180 104 45 188 84 170 54 159 177 93 140 67 17 147 133 62 163 6 81 3 40 31 92 91 141 97 180 80 161 11 106 95 54 61 147 186 40 142 86 167 149 21 148 128 107 14 57 146 176 60 93 37 136 88 68 53 125 178 189 181 27 167 74 49 121 176 94 19 151 169 18 166 147 11 49 160 152 107 167 55 178 19 86 78 115 59 64 51 113 171 160 29 107 34 74 189 160 52 127 15 18 150 130 9 43 146 131 25 52 170 164 39 81 71 114 69 66 95 1 46 4 151 186 191 191 113 0 48 100 110
0 : [70, 94, 428, 796] (32)
1 : [104, 122, 364, 404, 647, 788] (31)
2 : [366, 397, 616, 636] (31)
3 : [184, 293, 341, 689] (34)
4 : [91, 169, 249, 342, 424, 544, 548, 790] (30)
5 : [176, 177, 649] (31)
6 : [51, 237, 263, 687] (31)
7 : [48, 295, 375, 389] (34)
8 : [72, 462, 641] (33)
9 : [152, 773] (32)
10 : [] (0)
11 : [120, 277, 506, 610, 699, 743] (36)
12 : [285, 302, 402, 608, 622] (32)
13 : [387, 465, 540, 552] (36)
14 : [396, 645, 656, 715] (32)
15 : [105, 463, 619, 769] (32)
16 : [142, 213, 340] (30)
17 : [282, 377, 593, 682] (33)
18 : [459, 740, 770] (33)
19 : [324, 737, 751] (34)
20 : [151, 163, 394, 484] (31)
21 : [218, 414, 449, 508, 589, 711] (30)
22 : [193, 199, 294, 321, 347] (29)
23 : [334, 371, 440] (31)
24 : [139, 173, 229, 630] (34)
25 : [66, 219, 495, 777] (30)
26 : [] (0)
27 : [34, 255, 383, 435, 561, 730] (33)
28 : [85, 134, 413, 501, 549, 618] (32)
29 : [68, 393, 474, 761] (33)
30 : [84, 96, 473, 652] (33)
31 : [92, 406, 568, 691] (33)
32 : [158, 532, 604] (37)
33 : [40, 61, 489, 533] (32)
34 : [241, 391, 439, 763] (32)
35 : [76, 149, 536, 613] (33)
36 : [100, 127] (35)
37 : [73, 658, 721] (35)
38 : [156, 170, 266, 343, 418, 468, 487, 505] (33)
39 : [24, 60, 225, 262, 270, 569, 781] (33)
40 : [690, 706] (35)
41 : [407, 539] (32)
42 : [138, 323, 409] (34)
43 : [64, 108, 420, 774] (36)
44 : [103, 130, 135, 300, 426, 445] (36)
45 : [167, 672] (34)
46 : [128, 206, 464, 543, 571, 631, 789] (32)
47 : [26, 43, 345, 493, 615] (33)
48 : [279, 633, 797] (36)
49 : [95, 311, 348, 634, 733, 744] (33)
50 : [121, 430, 492] (34)
51 : [88, 264, 757] (32)
52 : [432, 767, 778] (34)
53 : [113, 124, 243, 444, 559, 725] (34)
54 : [648, 676, 702] (33)
55 : [308, 573, 749] (37)
56 : [19, 83, 331, 388, 469, 482] (33)
57 : [111, 443, 600, 617, 716] (33)
58 : [174, 230] (39)
59 : [21, 486, 755] (37)
60 : [514, 522, 719] (32)
61 : [157, 290, 659, 703] (33)
62 : [239, 380, 516, 685] (33)
63 : [259, 299, 312, 359, 499, 564, 572, 640] (30)
64 : [252, 453, 756] (38)
65 : [28, 228] (33)
66 : [47, 297, 307, 361, 621, 786] (33)
67 : [119, 309, 681] (33)
68 : [201, 253, 427, 629, 724] (36)
69 : [17, 454, 785] (37)
70 : [38, 185, 296] (34)
71 : [12, 220, 783] (38)
72 : [6, 192, 374, 517] (35)
73 : [143, 369, 513] (35)
74 : [58, 69, 90, 385, 732, 764] (35)
75 : [23, 109, 141, 208] (35)
76 : [242, 372, 546, 562, 657] (35)
77 : [319, 477, 511] (36)
78 : [197, 233, 635, 753] (33)
79 : [49, 315, 354, 458, 529] (33)
80 : [116, 281, 287, 697] (40)
81 : [326, 598, 688, 782] (35)
82 : [381, 403, 607, 666] (33)
83 : [196, 339, 398, 624, 638] (38)
84 : [37, 646, 674] (36)
85 : [78, 280, 292] (38)
86 : [498, 605, 708, 752] (38)
87 : [27, 74, 97, 133, 563] (38)
88 : [67, 419, 723] (37)
89 : [256, 370, 384, 390] (37)
90 : [330, 346, 460] (39)
91 : [29, 362, 693] (37)
92 : [422, 433, 692] (37)
93 : [235, 363, 512, 679, 720] (37)
94 : [248, 597, 736] (37)
95 : [1, 18, 55, 164, 535, 701, 787] (37)
96 : [86, 107, 448] (37)
97 : [172, 188, 504, 644, 665, 695] (37)
98 : [22, 101, 304, 416, 451, 456] (38)
99 : [53, 117, 257, 518] (38)
100 : [327, 541, 798] (38)
101 : [317, 392, 595, 626] (39)
102 : [16, 110, 247] (41)
103 : [179, 336, 654] (44)
104 : [132, 200, 421, 442, 671] (39)
105 : [153, 275, 494, 545] (42)
106 : [0, 41, 45, 378, 700] (40)
107 : [714, 747, 762] (42)
108 : [57, 75, 159, 278, 577] (40)
109 : [137, 470, 471, 481] (40)
110 : [401, 574, 799] (39)
111 : [221, 576, 596, 669] (39)
112 : [32, 251, 643] (38)
113 : [222, 758, 795] (42)
114 : [59, 63, 131, 527, 784] (39)
115 : [46, 286, 376, 580, 754] (39)
116 : [190, 452, 667] (38)
117 : [140, 273, 314, 490, 550] (39)
118 : [129, 202, 368] (41)
119 : [154, 161, 217, 268, 637] (39)
120 : [244, 662] (38)
121 : [423, 496, 734] (42)
122 : [187, 227, 260, 306] (42)
123 : [33, 373, 455, 534, 581, 594] (38)
124 : [191, 267, 412, 467] (40)
125 : [386, 485, 509, 726] (40)
126 : [11, 165, 210, 399] (41)
127 : [150, 203, 441, 585, 768] (37)
128 : [344, 515, 713] (41)
129 : [44, 62, 238, 365] (36)
130 : [30, 555, 772] (38)
131 : [65, 71, 491, 603, 776] (36)
132 : [145, 186, 207, 663, 668] (36)
133 : [2, 81, 180, 356, 684] (36)
134 : [181, 194, 195, 318] (45)
135 : [269, 271, 360] (39)
136 : [211, 265, 560, 722] (39)
137 : [36, 114, 272] (40)
138 : [82, 411, 642] (40)
139 : [205, 405, 537, 567] (39)
140 : [10, 627, 632, 680] (45)
141 : [5, 87, 415, 578, 694] (39)
142 : [20, 382, 478, 651, 707] (41)
143 : [320, 400, 525] (43)
144 : [77, 102, 332, 483] (41)
145 : [147, 183, 274] (46)
146 : [335, 655, 717, 775] (45)
147 : [437, 683, 704, 742] (45)
148 : [284, 475, 528, 575, 712] (45)
149 : [98, 99, 461, 661, 710] (46)
150 : [106, 472, 771] (45)
151 : [303, 557, 738, 791] (45)
152 : [325, 329, 602, 746] (45)
153 : [316, 338, 554, 588] (47)
154 : [245, 261, 333] (46)
155 : [520, 542, 586] (46)
156 : [25, 476, 639] (45)
157 : [7, 112, 349, 450, 551] (45)
158 : [328, 350, 611, 612, 623] (45)
159 : [80, 466, 480, 556, 606, 677] (44)
160 : [507, 553, 745, 760, 766] (45)
161 : [178, 519, 625, 698] (45)
162 : [56, 89, 162, 204, 214, 258, 438] (45)
163 : [15, 457, 582, 592, 686] (44)
164 : [310, 313, 434, 780] (45)
165 : [168, 395, 523, 526] (45)
166 : [35, 93, 136, 212, 570, 583, 599, 660, 741] (44)
167 : [125, 198, 231, 288, 709, 731, 748] (43)
168 : [215, 236, 530, 566] (45)
169 : [250, 591, 609, 739] (43)
170 : [4, 234, 417, 620, 628, 675, 779] (44)
171 : [50, 224, 301, 436, 650, 759] (44)
172 : [3, 240, 355, 502] (45)
173 : [79, 123, 171] (45)
174 : [144, 547, 601] (44)
175 : [175, 521, 531, 579, 614] (44)
176 : [446, 524, 718, 735] (44)
177 : [8, 216, 289, 447, 503, 587, 678] (44)
178 : [166, 246, 727, 750] (47)
179 : [9, 14, 155, 429] (44)
180 : [146, 352, 664, 670, 696] (45)
181 : [54, 226, 410, 558, 729] (44)
182 : [52, 291, 305, 351] (45)
183 : [182, 276, 425, 479, 565] (44)
184 : [31, 160, 298, 431, 590] (44)
185 : [115, 283, 488, 584, 653] (44)
186 : [39, 232, 497, 500, 705, 792] (44)
187 : [126, 254, 353, 357, 367] (44)
188 : [322, 379, 510, 673] (45)
189 : [42, 337, 358, 728, 765] (44)
190 : [189, 209, 223, 408] (45)
191 : [13, 118, 148, 538, 793, 794] (44)
