Name: 800-40-60
Time: 35.31196594238281 
Result: 19
Solution:  30 23 36 25 13 93 88 33 67 121 87 12 0 70 94 42 122 40 97 13 4 58 45 44 2 0 108 7 22 14 23 110 52 64 98 51 31 101 7 63 117 55 102 49 62 110 94 51 100 99 28 109 73 63 69 11 64 92 78 122 1 89 111 38 45 8 24 28 54 35 108 104 111 85 55 101 19 45 97 112 31 112 36 95 60 60 73 52 90 76 93 91 23 105 95 85 72 59 81 30 53 29 47 31 4 86 82 41 52 88 5 42 48 69 116 63 97 118 32 115 3 120 28 69 66 1 110 17 0 90 42 101 39 110 2 100 92 7 14 51 25 105 103 66 118 106 62 53 25 1 6 33 85 71 119 34 36 63 80 114 18 13 100 44 90 83 83 53 35 108 92 76 0 50 74 54 49 113 101 64 81 123 79 16 22 18 19 74 39 77 14 98 112 58 34 36 78 45 80 49 49 121 118 115 67 29 106 29 77 0 88 5 85 60 67 8 31 3 16 71 60 10 74 40 53 79 103 123 59 124 82 85 56 81 99 37 6 89 121 74 35 112 2 104 60 106 86 84 17 120 10 67 87 122 103 26 77 54 27 90 26 41 98 86 91 120 92 108 34 29 123 17 72 105 65 34 14 108 17 55 116 104 73 103 109 40 47 86 6 0 100 78 25 78 36 23 113 117 109 12 58 97 105 93 34 86 89 118 19 80 73 63 49 68 87 40 70 118 48 106 4 105 39 59 90 3 103 124 25 46 3 102 84 54 58 46 55 84 109 109 84 105 19 84 91 107 12 115 3 102 0 14 0 102 51 9 79 61 19 66 43 26 62 83 84 120 36 114 99 88 27 68 65 57 92 75 87 1 123 116 120 69 72 80 110 10 10 65 114 19 77 107 27 92 37 59 30 79 75 71 71 100 81 45 96 62 65 38 43 89 27 21 79 124 58 116 74 89 12 90 48 18 103 68 100 83 23 16 117 8 103 100 72 36 11 41 83 73 94 46 52 99 122 29 77 89 3 52 13 111 29 37 38 80 109 19 110 109 114 91 19 8 56 35 71 43 102 20 96 107 45 109 124 72 113 31 112 27 19 74 109 15 11 70 67 97 76 64 34 114 19 64 51 87 77 20 8 113 77 97 2 70 40 63 107 45 74 122 8 76 117 81 95 19 43 61 29 93 117 119 54 101 110 2 43 107 60 71 105 113 82 46 93 8 99 34 64 108 77 78 121 58 46 120 89 30 16 83 69 62 119 55 13 17 78 75 90 74 61 7 50 96 104 20 87 50 124 42 96 99 75 48 101 81 37 27 48 94 74 10 50 20 100 96 25 24 121 114 47 124 6 17 102 9 96 114 15 40 42 123 25 84 36 105 8 0 93 33 82 46 104 98 15 107 7 116 33 35 86 106 108 123 32 38 53 55 32 22 108 83 14 95 35 54 91 16 56 67 14 94 46 24 59 101 88 92 4 7 36 28 5 32 105 36 93 98 14 23 100 66 79 81 55 16 22 82 84 105 118 96 57 22 68 41 70 91 45 33 110 82 111 91 67 63 83 20 96 84 95 61 45 49 55 97 58 10 25 118 115 21 10 117 11 123 114 3 99 56 26 85 121 19 94 96 56 58 70 73 14 46 48 72 81 77 46 36 124 16 122 116 71 78 90 68 111 82 87 21 85 55 9 118 87 70 75 43 35 6 2 52 51 5 116 34 29 92 16 48 67 43 21 18 31 5 54 45 12 104 63 1 75 119 22 79 98 32 56 82 60 24 16 68 41 119 121 19 79 119 33 123 120 42 72 0 115 14 115 44 15 39
0 : [12, 25, 128, 172, 209, 289, 350, 352, 605, 793] (40)
1 : [60, 125, 149, 377, 769] (40)
2 : [24, 134, 242, 500, 523, 748] (44)
3 : [120, 217, 325, 330, 348, 446, 705] (42)
4 : [20, 104, 320, 646] (40)
5 : [110, 211, 650, 751, 763] (41)
6 : [150, 236, 288, 590, 747] (45)
7 : [27, 38, 137, 559, 614, 647] (42)
8 : [65, 215, 429, 461, 496, 508, 533, 604] (40)
9 : [355, 593, 740] (41)
10 : [221, 250, 385, 386, 579, 695, 700] (41)
11 : [55, 434, 482, 702] (40)
12 : [11, 299, 346, 418, 766] (40)
13 : [4, 19, 161, 448, 552] (41)
14 : [29, 138, 190, 276, 351, 630, 638, 656, 718, 795] (40)
15 : [481, 596, 612, 798] (40)
16 : [183, 218, 427, 546, 635, 663, 727, 756, 780] (41)
17 : [127, 248, 271, 278, 553, 591] (42)
18 : [160, 185, 421, 761] (40)
19 : [76, 186, 308, 342, 358, 389, 455, 460, 478, 490, 513, 711, 785] (41)
20 : [467, 495, 563, 581, 685] (46)
21 : [411, 699, 737, 760] (49)
22 : [28, 184, 627, 664, 671, 772] (44)
23 : [1, 30, 92, 295, 426, 657] (44)
24 : [66, 585, 641, 779] (44)
25 : [3, 140, 148, 292, 328, 584, 600, 696] (47)
26 : [255, 260, 361, 708] (47)
27 : [258, 370, 392, 410, 477, 575] (44)
28 : [50, 67, 122, 649] (50)
29 : [101, 205, 207, 269, 443, 450, 516, 754] (44)
30 : [0, 99, 396, 545] (46)
31 : [36, 80, 103, 216, 475, 762] (44)
32 : [118, 622, 626, 651, 775] (44)
33 : [7, 151, 607, 616, 677, 788] (45)
34 : [155, 194, 268, 275, 304, 488, 535, 753] (42)
35 : [69, 168, 240, 463, 617, 632, 746] (43)
36 : [2, 82, 156, 195, 294, 366, 433, 602, 648, 653, 725] (41)
37 : [235, 394, 451, 574] (42)
38 : [63, 407, 452, 623] (44)
39 : [132, 188, 322, 799] (48)
40 : [17, 223, 285, 315, 502, 597] (43)
41 : [107, 261, 435, 673, 782] (43)
42 : [15, 111, 130, 567, 598, 791] (43)
43 : [360, 408, 465, 514, 524, 745, 759] (43)
44 : [23, 163, 797] (44)
45 : [22, 64, 77, 197, 403, 470, 505, 676, 690, 765] (42)
46 : [329, 335, 439, 531, 542, 609, 640, 719, 724] (43)
47 : [102, 286, 588] (44)
48 : [112, 318, 420, 571, 576, 720, 757] (43)
49 : [43, 176, 199, 200, 312, 691] (44)
50 : [173, 560, 565, 580] (46)
51 : [35, 47, 139, 354, 492, 750] (45)
52 : [32, 87, 108, 440, 447, 749] (46)
53 : [100, 147, 167, 224, 624] (45)
54 : [68, 175, 257, 333, 520, 633, 764] (45)
55 : [41, 74, 279, 336, 551, 625, 662, 692, 739] (46)
56 : [232, 462, 636, 707, 714, 776] (47)
57 : [373, 670] (49)
58 : [21, 193, 300, 334, 414, 541, 694, 715] (47)
59 : [97, 228, 323, 395, 642] (49)
60 : [84, 85, 213, 220, 244, 526, 778] (50)
61 : [357, 515, 558, 689] (48)
62 : [44, 146, 362, 405, 549] (51)
63 : [39, 53, 115, 157, 311, 503, 683, 768] (50)
64 : [33, 56, 179, 487, 491, 536] (50)
65 : [274, 372, 387, 406] (50)
66 : [124, 143, 359, 659] (51)
67 : [8, 204, 214, 251, 484, 637, 682, 758] (48)
68 : [313, 371, 423, 672, 733, 781] (52)
69 : [54, 113, 123, 381, 548] (51)
70 : [13, 316, 483, 501, 674, 716, 743] (49)
71 : [153, 219, 399, 400, 464, 527, 730] (49)
72 : [96, 272, 382, 432, 473, 721, 792] (49)
73 : [52, 86, 282, 310, 437, 717] (50)
74 : [174, 187, 222, 239, 416, 479, 506, 557, 578] (50)
75 : [375, 398, 555, 570, 744, 770] (50)
76 : [89, 171, 486, 509] (51)
77 : [189, 208, 256, 390, 444, 494, 498, 538, 723] (51)
78 : [58, 196, 291, 293, 539, 554, 731] (52)
79 : [182, 225, 356, 397, 412, 660, 773, 786] (51)
80 : [158, 198, 309, 383, 453] (50)
81 : [98, 180, 233, 402, 511, 573, 661, 722] (51)
82 : [106, 230, 530, 608, 665, 679, 735, 777] (51)
83 : [165, 166, 363, 425, 436, 547, 629, 684] (52)
84 : [247, 332, 337, 340, 343, 364, 601, 666, 687] (51)
85 : [73, 95, 152, 212, 231, 709, 738] (53)
86 : [105, 246, 263, 287, 305, 618] (53)
87 : [10, 252, 314, 376, 493, 564, 736, 742] (53)
88 : [6, 109, 210, 369, 644] (56)
89 : [61, 237, 306, 409, 417, 445, 544] (53)
90 : [88, 129, 164, 259, 324, 419, 556, 732] (55)
91 : [91, 264, 344, 459, 634, 675, 681] (54)
92 : [57, 136, 170, 266, 374, 393, 645, 755] (54)
93 : [5, 90, 303, 517, 532, 606, 654] (54)
94 : [14, 46, 438, 577, 639, 712] (55)
95 : [83, 94, 512, 631, 688] (56)
96 : [404, 468, 561, 568, 583, 594, 669, 686, 713] (55)
97 : [18, 78, 116, 301, 485, 499, 693] (57)
98 : [34, 191, 262, 611, 655, 774] (55)
99 : [49, 234, 368, 441, 534, 569, 706] (58)
100 : [48, 135, 162, 290, 401, 424, 431, 582, 658] (56)
101 : [37, 75, 131, 178, 521, 572, 643] (55)
102 : [42, 331, 349, 353, 466, 592] (56)
103 : [142, 226, 254, 283, 326, 422, 430] (57)
104 : [71, 243, 281, 562, 610, 767] (56)
105 : [93, 141, 273, 302, 321, 341, 528, 603, 652, 667] (56)
106 : [145, 206, 245, 319, 619] (56)
107 : [345, 391, 469, 504, 525, 613] (58)
108 : [26, 70, 169, 267, 277, 537, 620, 628] (57)
109 : [51, 284, 298, 338, 339, 454, 457, 471, 480] (57)
110 : [31, 45, 126, 133, 384, 456, 522, 678] (57)
111 : [62, 72, 449, 680, 734] (56)
112 : [79, 81, 192, 241, 476] (59)
113 : [177, 296, 474, 497, 529] (56)
114 : [159, 367, 388, 458, 489, 587, 595, 704] (57)
115 : [119, 203, 347, 698, 794, 796] (56)
116 : [114, 280, 379, 415, 615, 729, 752] (56)
117 : [40, 297, 428, 510, 518, 701] (56)
118 : [117, 144, 202, 307, 317, 668, 697, 741] (56)
119 : [154, 519, 550, 771, 783, 787] (55)
120 : [121, 249, 265, 365, 380, 543, 790] (55)
121 : [9, 201, 238, 540, 586, 710, 784] (55)
122 : [16, 59, 253, 442, 507, 728] (55)
123 : [181, 227, 270, 378, 599, 621, 703, 789] (56)
124 : [229, 327, 413, 472, 566, 589, 726] (55)
