Name: 800-40-60
Time: 35.584930181503296 
Result: 20
Solution:  30 22 38 23 13 88 94 28 70 122 86 11 4 71 94 42 124 37 97 7 1 51 45 43 0 0 108 3 23 15 21 109 55 64 100 50 28 103 4 63 120 51 100 48 58 108 100 49 100 101 34 109 68 63 72 11 63 85 75 122 0 85 114 36 45 5 18 27 53 37 109 105 112 80 55 98 15 48 94 110 39 110 36 96 58 63 70 50 88 80 95 93 23 106 95 83 72 62 81 27 50 32 47 36 1 89 86 43 51 91 4 43 47 76 116 62 99 117 30 116 8 120 31 67 69 6 110 15 2 90 44 97 42 113 4 93 93 6 14 51 20 108 104 66 119 106 62 54 22 2 9 35 83 70 121 32 38 60 87 113 17 13 100 45 90 86 81 55 39 118 92 72 4 42 75 54 49 114 100 65 85 123 82 16 16 19 15 73 33 74 16 105 107 59 29 35 77 47 80 53 49 122 121 115 64 37 108 31 79 5 92 8 86 60 66 11 27 5 22 72 57 7 78 39 52 77 103 124 57 123 84 86 55 80 105 41 4 92 119 74 34 111 2 104 61 104 84 89 26 120 10 66 91 123 107 22 79 52 20 87 26 38 103 85 91 120 93 104 37 29 123 18 74 108 61 38 15 106 20 53 120 105 74 103 108 45 49 81 3 0 102 84 32 71 38 20 112 115 113 8 59 97 106 88 35 87 87 116 20 77 70 61 54 69 89 38 69 118 48 106 3 107 39 61 88 3 98 124 26 43 5 102 85 51 57 46 54 80 112 107 83 105 15 76 90 109 15 115 2 101 1 17 0 102 50 8 78 60 15 69 43 19 60 84 84 121 32 114 99 91 27 64 65 60 88 75 87 2 124 114 109 68 71 79 110 5 12 63 115 18 76 103 22 85 44 58 33 83 73 71 71 108 81 47 95 62 68 37 43 93 24 21 82 124 57 112 73 90 12 87 48 19 103 64 97 83 31 15 117 6 102 99 73 36 10 45 86 76 96 38 49 108 120 27 80 86 4 53 12 113 26 30 28 82 114 20 109 105 112 89 15 15 55 35 68 45 101 27 95 107 47 108 120 73 113 30 116 26 19 80 110 13 11 74 63 98 78 67 28 114 20 61 54 87 77 20 10 114 77 101 1 73 41 59 107 47 75 121 9 71 118 80 95 19 46 62 29 93 118 121 54 99 111 6 43 106 64 70 106 111 82 49 92 7 105 37 59 107 69 79 117 57 38 124 87 28 14 84 67 63 118 58 11 14 79 79 90 78 59 11 48 96 105 23 87 52 122 41 93 95 74 53 100 81 38 29 48 102 75 10 48 21 97 96 26 22 122 115 46 121 9 14 97 12 98 113 9 40 41 119 24 82 38 107 4 2 90 31 80 43 105 97 16 104 5 116 29 28 84 104 108 123 34 36 53 56 32 24 111 82 15 99 35 57 93 11 54 65 15 88 40 24 61 101 87 90 13 10 37 31 1 33 107 38 99 96 15 21 98 65 83 81 55 16 18 76 84 104 121 100 56 24 61 40 70 91 47 35 112 74 112 89 68 65 86 17 95 85 99 64 43 51 55 96 60 9 22 123 115 22 11 118 7 124 110 2 94 61 25 86 118 19 96 94 55 58 67 75 14 45 44 70 75 76 46 39 124 15 119 117 73 77 92 66 107 83 87 21 87 53 10 121 86 70 76 42 37 6 3 50 53 3 115 34 33 92 15 47 62 43 24 17 32 8 58 43 20 104 66 2 70 119 23 78 98 31 57 88 59 25 20 66 40 111 123 19 80 122 35 123 122 43 74 11 117 18 117 44 17 41
0 : [24, 25, 60, 289, 352] (42)
1 : [20, 104, 350, 500, 650] (43)
2 : [128, 149, 242, 348, 377, 605, 705, 769] (40)
3 : [27, 288, 320, 325, 748, 751] (41)
4 : [12, 38, 110, 134, 172, 236, 446, 604] (40)
5 : [65, 209, 217, 330, 385, 614] (42)
6 : [125, 137, 429, 523, 747] (41)
7 : [19, 221, 533, 702] (43)
8 : [120, 211, 299, 355, 763] (41)
9 : [150, 508, 590, 596, 695] (42)
10 : [250, 434, 496, 579, 647, 740] (42)
11 : [11, 55, 215, 482, 552, 559, 635, 700, 793] (41)
12 : [386, 418, 448, 593] (42)
13 : [4, 161, 481, 646] (40)
14 : [138, 546, 553, 591, 718] (43)
15 : [29, 76, 127, 186, 276, 342, 346, 358, 427, 460, 461, 630, 638, 656, 727, 756] (40)
16 : [183, 184, 190, 612, 663] (40)
17 : [160, 351, 685, 761, 798] (41)
18 : [66, 271, 389, 664, 795] (40)
19 : [185, 361, 421, 478, 513, 711, 785] (41)
20 : [140, 258, 278, 295, 308, 455, 490, 495, 766, 780] (42)
21 : [30, 411, 581, 657, 737] (43)
22 : [1, 148, 218, 255, 392, 585, 696, 699] (43)
23 : [3, 28, 92, 563, 772] (44)
24 : [410, 600, 627, 641, 671, 760] (44)
25 : [708, 779] (45)
26 : [248, 260, 328, 450, 477, 584] (43)
27 : [67, 99, 216, 370, 443, 467] (44)
28 : [7, 36, 452, 488, 545, 617] (44)
29 : [194, 269, 516, 575, 616] (44)
30 : [0, 118, 451, 475] (45)
31 : [122, 207, 426, 607, 649, 775] (47)
32 : [101, 155, 292, 366, 626, 762] (45)
33 : [188, 396, 651, 754] (45)
34 : [50, 240, 622, 753] (45)
35 : [151, 195, 304, 463, 632, 677, 788] (44)
36 : [63, 82, 103, 433, 623] (44)
37 : [17, 69, 205, 268, 407, 535, 648, 746] (44)
38 : [2, 156, 261, 275, 294, 315, 439, 542, 574, 602, 653] (43)
39 : [80, 168, 223, 322, 725] (44)
40 : [597, 640, 673, 782] (43)
41 : [235, 502, 567, 598, 799] (44)
42 : [15, 132, 173, 745] (43)
43 : [23, 107, 111, 329, 360, 408, 524, 609, 690, 759, 765, 791] (44)
44 : [130, 394, 720, 797] (47)
45 : [22, 64, 163, 285, 435, 465, 719] (45)
46 : [335, 514, 588, 724] (45)
47 : [102, 112, 197, 403, 470, 505, 676, 757] (45)
48 : [43, 77, 318, 420, 560, 576, 580] (45)
49 : [47, 176, 200, 286, 440, 531] (45)
50 : [35, 87, 100, 354, 749] (47)
51 : [21, 41, 108, 139, 333, 691] (48)
52 : [224, 257, 565] (48)
53 : [68, 199, 279, 447, 571, 624, 739, 750] (47)
54 : [147, 175, 312, 336, 492, 520, 636] (46)
55 : [32, 74, 167, 232, 462, 662, 692, 714] (47)
56 : [625, 670] (52)
57 : [220, 228, 334, 414, 541, 633, 776] (47)
58 : [44, 84, 395, 551, 715, 764] (47)
59 : [193, 300, 503, 536, 558, 778] (48)
60 : [157, 213, 357, 362, 373, 694] (51)
61 : [244, 274, 311, 323, 491, 642, 672, 707] (50)
62 : [97, 115, 146, 405, 515, 758] (51)
63 : [39, 53, 56, 85, 387, 484, 549] (51)
64 : [33, 204, 371, 423, 526, 689] (49)
65 : [179, 372, 637, 659, 683] (50)
66 : [143, 214, 251, 733, 768, 781] (49)
67 : [123, 487, 548, 716] (48)
68 : [52, 381, 406, 464, 682] (49)
69 : [124, 313, 316, 359, 538] (52)
70 : [8, 86, 153, 310, 527, 674, 721, 743, 770] (50)
71 : [13, 293, 382, 399, 400, 509] (50)
72 : [54, 96, 171, 219] (55)
73 : [187, 398, 416, 432, 473, 501, 730] (49)
74 : [189, 239, 272, 282, 483, 570, 679, 792] (50)
75 : [58, 174, 375, 506, 578, 717, 722] (50)
76 : [113, 343, 390, 437, 665, 723, 744] (50)
77 : [196, 225, 309, 494, 498, 731] (53)
78 : [222, 356, 486, 557, 773] (51)
79 : [208, 256, 383, 539, 554, 555] (51)
80 : [73, 89, 198, 233, 337, 444, 479, 511, 608, 786] (50)
81 : [98, 166, 287, 402, 573, 661] (52)
82 : [182, 412, 453, 530, 601, 629] (51)
83 : [95, 152, 340, 397, 425, 660, 735] (50)
84 : [230, 246, 291, 363, 364, 547, 618, 666] (52)
85 : [57, 61, 180, 263, 332, 393, 687] (51)
86 : [10, 106, 165, 212, 231, 436, 445, 684, 709, 742] (52)
87 : [158, 259, 305, 306, 376, 419, 493, 544, 564, 644, 736, 738] (51)
88 : [5, 88, 303, 324, 374, 639, 777] (52)
89 : [105, 247, 314, 459, 681] (53)
90 : [129, 164, 344, 417, 556, 606, 645] (53)
91 : [109, 252, 264, 369, 675] (52)
92 : [170, 210, 237, 532, 732, 755] (53)
93 : [91, 135, 136, 266, 409, 517, 568, 634] (53)
94 : [6, 14, 78, 706, 713] (53)
95 : [90, 94, 404, 468, 512, 569, 686] (54)
96 : [83, 438, 561, 583, 655, 693, 712] (54)
97 : [18, 131, 301, 424, 582, 592, 611] (54)
98 : [75, 326, 485, 594, 658, 774] (54)
99 : [116, 368, 431, 521, 631, 654, 688] (53)
100 : [34, 42, 46, 48, 162, 178, 572, 669] (54)
101 : [49, 349, 466, 499, 643] (54)
102 : [290, 331, 353, 430, 577] (55)
103 : [37, 226, 262, 283, 391, 422] (54)
104 : [142, 243, 245, 267, 613, 619, 667, 767] (55)
105 : [71, 191, 234, 281, 341, 457, 534, 562, 610] (55)
106 : [93, 145, 277, 302, 319, 525, 528] (55)
107 : [192, 254, 321, 339, 469, 504, 537, 603, 652, 734] (55)
108 : [26, 45, 141, 206, 273, 284, 401, 441, 471, 620] (55)
109 : [31, 51, 70, 345, 380, 456] (58)
110 : [79, 81, 126, 384, 480, 704] (60)
111 : [241, 522, 529, 628, 783] (56)
112 : [72, 296, 338, 415, 458, 678, 680] (57)
113 : [133, 159, 298, 449, 474, 595] (56)
114 : [62, 177, 367, 379, 454, 489, 497] (57)
115 : [203, 297, 347, 388, 587, 698, 752] (57)
116 : [114, 119, 307, 476, 615] (58)
117 : [117, 428, 540, 729, 794, 796] (58)
118 : [169, 317, 510, 518, 550, 701, 710] (59)
119 : [144, 238, 599, 728, 771] (60)
120 : [40, 121, 249, 265, 280, 442, 472] (59)
121 : [154, 202, 365, 507, 519, 589, 668, 741] (57)
122 : [9, 59, 201, 566, 586, 787, 790] (56)
123 : [181, 229, 253, 270, 621, 697, 784, 789] (56)
124 : [16, 227, 327, 378, 413, 543, 703, 726] (57)
