Name: 800-20-30
Time: 34.79686760902405 
Result: 3031
Solution:  50 113 99 94 48 153 122 108 92 53 36 52 46 56 65 117 36 72 136 51 49 102 152 76 74 71 153 67 63 149 2 91 90 95 69 159 127 71 66 87 22 104 132 86 127 11 55 154 30 14 135 149 106 35 33 133 55 119 95 105 80 76 40 101 14 95 90 156 38 20 27 107 157 76 142 131 33 102 107 64 135 52 58 67 89 120 52 143 21 31 60 58 73 154 104 96 72 25 68 151 50 88 69 127 58 127 118 149 98 74 8 35 138 64 54 145 83 146 34 65 50 0 67 33 17 5 78 155 119 146 109 120 92 130 1 35 145 20 115 143 3 124 39 13 93 63 76 137 106 82 144 8 142 112 8 86 51 63 119 109 102 101 39 122 147 26 46 110 150 70 99 134 106 70 42 42 111 47 81 146 41 44 17 108 69 151 42 106 9 42 57 37 83 55 62 128 51 77 104 137 115 144 115 19 23 26 90 139 62 145 28 113 130 27 130 126 116 133 136 141 57 17 75 135 158 11 78 69 155 25 153 31 157 66 46 130 13 113 137 139 118 114 3 10 146 159 42 23 23 44 53 81 87 144 125 15 51 114 121 81 133 56 143 85 29 141 106 27 5 120 145 73 80 0 135 32 58 94 44 141 84 108 82 140 40 9 50 14 113 86 129 121 56 119 27 66 16 2 68 59 112 8 15 107 33 65 89 37 86 82 115 85 128 103 102 75 97 124 147 150 63 128 117 7 157 80 43 20 82 27 75 59 57 121 36 3 139 7 68 32 153 17 49 10 141 80 45 114 141 40 143 13 155 118 15 47 20 40 128 87 74 6 87 1 99 123 63 123 130 153 0 124 129 64 78 15 126 124 67 118 62 140 28 154 61 158 121 22 156 5 8 44 35 128 5 124 1 44 51 12 32 20 71 81 110 72 49 21 91 34 79 129 20 101 54 27 7 78 144 34 107 34 12 109 55 8 63 82 86 117 73 133 45 7 0 77 30 123 103 151 139 132 107 94 80 9 121 18 47 87 93 140 5 93 61 129 132 147 20 144 19 147 142 119 82 2 114 108 150 103 60 105 75 77 37 150 61 40 100 20 28 65 116 80 118 95 74 18 155 156 96 23 85 35 92 54 59 18 60 156 29 87 122 112 154 73 97 33 9 67 73 79 81 78 127 1 75 26 20 27 24 39 122 71 37 13 11 12 94 49 101 85 48 72 100 6 24 139 117 70 10 96 96 55 17 26 149 70 75 16 83 117 144 139 16 60 96 94 21 6 116 86 148 99 100 1 92 131 138 23 129 0 12 53 103 32 88 75 139 121 100 11 148 102 29 1 111 8 77 134 105 64 110 52 25 55 46 78 93 43 140 46 31 43 110 99 10 106 91 88 126 156 112 69 135 84 114 37 157 134 73 45 38 84 153 97 126 134 117 102 79 105 43 17 147 109 125 91 29 38 71 64 105 53 50 19 121 115 89 122 79 73 131 142 38 133 29 20 91 13 123 154 96 61 72 135 60 2 49 6 24 67 33 154 112 34 147 3 34 159 148 134 25 151 50 159 28 44 0 86 97 44 26 155 43 0 100 116 59 79 152 43 136 10 108 86 110 36 92 32 33 143 108 20 103 15 48 57 152 89 148 41 95 149 98 1 159 7 127 30 86 14 141 149 120 111 51 39 132 12 27 134 48 26 24 58 125 69 82 25 140 105 88 151 66 90 128 41 15 57 136 152 86 92 13 68 63 41 0 5 60 114 52 90 36 47 88 62 7 136 138 27 121 117 125 10 52 145 158 19 104 137 99 56 147 49 100 111 26 11
0 : [121, 273, 370, 434, 571, 688, 695, 768] (26)
1 : [134, 363, 396, 515, 565, 585, 725] (24)
2 : [30, 297, 465, 667] (21)
3 : [140, 242, 335, 677] (21)
4 : [] (0)
5 : [125, 268, 389, 394, 452, 769] (22)
6 : [361, 535, 559, 669] (20)
7 : [323, 337, 416, 433, 727, 778] (20)
8 : [110, 151, 154, 301, 390, 425, 587] (20)
9 : [188, 285, 445, 508] (20)
10 : [243, 343, 540, 606, 703, 785] (20)
11 : [45, 225, 526, 581, 799] (20)
12 : [399, 422, 527, 572, 739] (21)
13 : [143, 236, 351, 525, 659, 764] (20)
14 : [49, 64, 287, 731] (21)
15 : [255, 302, 354, 375, 715, 758] (20)
16 : [296, 549, 554] (21)
17 : [124, 182, 221, 341, 544, 633] (20)
18 : [447, 487, 497] (21)
19 : [203, 460, 645, 789] (24)
20 : [69, 137, 327, 356, 401, 412, 458, 479, 518, 657, 713] (19)
21 : [88, 407, 558] (24)
22 : [40, 387] (22)
23 : [204, 247, 248, 491, 569] (20)
24 : [520, 536, 670, 744] (20)
25 : [97, 229, 594, 682, 749] (23)
26 : [165, 205, 517, 545, 692, 743, 798] (20)
27 : [70, 213, 267, 294, 329, 415, 519, 740, 781] (20)
28 : [210, 382, 480, 686] (20)
29 : [264, 500, 584, 638, 656] (23)
30 : [48, 436, 729] (20)
31 : [89, 231, 602] (20)
32 : [275, 339, 400, 575, 709] (21)
33 : [54, 76, 123, 304, 507, 672, 710] (22)
34 : [118, 409, 419, 421, 675, 678] (22)
35 : [53, 111, 135, 392, 493] (24)
36 : [10, 16, 334, 707, 774] (23)
37 : [191, 307, 474, 524, 617] (24)
38 : [68, 622, 639, 654] (24)
39 : [142, 162, 521, 737] (24)
40 : [62, 284, 349, 357, 477] (24)
41 : [180, 721, 757, 767] (22)
42 : [174, 175, 186, 189, 246] (23)
43 : [326, 599, 603, 632, 694, 701] (22)
44 : [181, 249, 278, 391, 397, 687, 691] (22)
45 : [346, 432, 621] (22)
46 : [12, 166, 234, 596, 601] (23)
47 : [177, 355, 448, 775] (23)
48 : [4, 532, 716, 742] (22)
49 : [20, 342, 406, 529, 668, 795] (22)
50 : [0, 100, 120, 286, 644, 684] (24)
51 : [19, 156, 196, 256, 398, 736] (22)
52 : [11, 81, 86, 593, 772, 786] (22)
53 : [9, 250, 573, 643] (22)
54 : [114, 414, 495] (22)
55 : [46, 56, 193, 424, 543, 595] (23)
56 : [13, 261, 292, 793] (22)
57 : [190, 220, 332, 717, 759] (23)
58 : [82, 91, 104, 276, 745] (23)
59 : [299, 331, 496, 698] (23)
60 : [90, 470, 498, 555, 666, 770] (23)
61 : [384, 454, 476, 663] (25)
62 : [194, 208, 380, 777] (26)
63 : [28, 145, 157, 320, 366, 426, 766] (24)
64 : [79, 113, 373, 591, 641] (24)
65 : [14, 119, 305, 481] (26)
66 : [38, 233, 295, 754] (25)
67 : [27, 83, 122, 378, 509, 671] (27)
68 : [98, 298, 338, 765] (25)
69 : [34, 102, 184, 227, 613, 747] (25)
70 : [169, 173, 539, 547] (25)
71 : [25, 37, 402, 523, 640] (26)
72 : [17, 96, 405, 533, 664] (26)
73 : [92, 271, 430, 505, 510, 620, 651] (26)
74 : [24, 109, 360, 486] (26)
75 : [222, 315, 330, 472, 516, 548, 577] (25)
76 : [23, 61, 73, 146] (27)
77 : [197, 435, 473, 588] (27)
78 : [126, 226, 374, 417, 513, 597] (25)
79 : [410, 511, 630, 650, 699] (25)
80 : [60, 272, 325, 345, 444, 483] (24)
81 : [178, 251, 259, 403, 512] (24)
82 : [149, 282, 309, 328, 427, 464, 748] (24)
83 : [116, 192, 550] (24)
84 : [280, 615, 623] (26)
85 : [263, 311, 492, 531] (22)
86 : [43, 155, 289, 308, 428, 561, 689, 705, 730, 762] (22)
87 : [39, 252, 359, 362, 449, 501] (21)
88 : [101, 576, 609, 752, 776] (23)
89 : [84, 306, 648, 719] (25)
90 : [32, 66, 206, 755, 773] (26)
91 : [31, 408, 608, 637, 658] (25)
92 : [8, 132, 494, 566, 708, 763] (26)
93 : [144, 450, 453, 598] (25)
94 : [3, 277, 443, 528, 557] (29)
95 : [33, 58, 65, 485, 722] (28)
96 : [95, 490, 541, 542, 556, 662] (28)
97 : [316, 506, 625, 690] (28)
98 : [108, 724] (29)
99 : [2, 170, 364, 563, 605, 792] (28)
100 : [478, 534, 564, 580, 696, 796] (27)
101 : [63, 161, 413, 530] (27)
102 : [21, 77, 160, 314, 583, 629] (28)
103 : [313, 438, 469, 574, 714] (28)
104 : [41, 94, 198, 790] (27)
105 : [59, 471, 590, 631, 642, 751] (27)
106 : [52, 148, 172, 187, 266, 607] (27)
107 : [71, 78, 303, 420, 442] (28)
108 : [7, 183, 281, 467, 704, 712] (28)
109 : [130, 159, 423, 635] (29)
110 : [167, 404, 592, 604, 706] (28)
111 : [176, 586, 735, 797] (27)
112 : [153, 300, 503, 612, 674] (28)
113 : [1, 211, 237, 288] (30)
114 : [241, 257, 347, 466, 616, 771] (29)
115 : [138, 200, 202, 310, 647] (28)
116 : [216, 482, 560, 697] (29)
117 : [15, 322, 429, 538, 551, 628, 783] (28)
118 : [106, 240, 353, 379, 484] (30)
119 : [57, 128, 158, 293, 463] (27)
120 : [85, 131, 269, 734] (30)
121 : [258, 291, 333, 386, 446, 579, 646, 782] (28)
122 : [6, 163, 502, 522, 649] (28)
123 : [365, 367, 437, 660] (29)
124 : [141, 317, 371, 377, 395] (29)
125 : [254, 636, 746, 784] (30)
126 : [215, 376, 610, 626] (28)
127 : [36, 44, 103, 105, 514, 728] (29)
128 : [195, 312, 321, 358, 393, 756] (28)
129 : [290, 372, 411, 455, 570] (27)
130 : [133, 212, 214, 235, 368] (29)
131 : [75, 567, 652] (30)
132 : [42, 441, 456, 738] (29)
133 : [55, 217, 260, 431, 655] (28)
134 : [171, 589, 619, 627, 681, 741] (28)
135 : [50, 80, 223, 274, 614, 665] (29)
136 : [18, 218, 702, 760, 779] (28)
137 : [147, 199, 238, 791] (27)
138 : [112, 568, 780] (29)
139 : [207, 239, 336, 440, 537, 553, 578] (28)
140 : [283, 381, 451, 600, 750] (27)
141 : [219, 265, 279, 344, 348, 732] (27)
142 : [74, 152, 462, 653] (27)
143 : [87, 139, 262, 350, 711] (28)
144 : [150, 201, 253, 418, 459, 552] (28)
145 : [115, 136, 209, 270, 787] (28)
146 : [117, 129, 179, 244] (28)
147 : [164, 318, 457, 461, 634, 676, 794] (28)
148 : [562, 582, 680, 720] (29)
149 : [29, 51, 107, 546, 723, 733] (30)
150 : [168, 319, 468, 475] (30)
151 : [99, 185, 439, 683, 753] (30)
152 : [22, 700, 718, 761] (30)
153 : [5, 26, 230, 340, 369, 624] (30)
154 : [47, 93, 383, 504, 661, 673] (30)
155 : [127, 228, 352, 488, 693] (30)
156 : [67, 388, 489, 499, 611] (30)
157 : [72, 232, 324, 618] (31)
158 : [224, 385, 788] (30)
159 : [35, 245, 679, 685, 726] (31)
