Name: 800-20-30
Time: 34.821590185165405 
Result: 1031
Solution:  50 110 100 94 48 154 120 110 95 56 32 53 45 55 69 119 41 72 139 57 47 103 153 79 80 73 150 66 60 148 2 96 89 96 63 159 133 74 61 83 21 109 130 88 123 10 58 153 29 15 135 150 105 32 34 135 54 113 102 105 79 75 40 103 12 97 89 156 38 13 30 107 159 77 141 129 39 98 103 56 132 51 57 70 90 118 54 143 22 31 60 60 73 154 100 95 72 26 67 155 47 88 72 128 54 124 118 148 92 74 4 36 137 61 53 142 82 156 30 71 44 0 67 32 19 7 77 158 118 143 116 125 96 136 1 34 145 21 109 151 4 123 36 11 95 66 77 137 111 83 142 8 142 112 6 89 48 61 119 108 100 101 43 119 148 20 46 109 147 63 105 131 109 75 40 45 116 51 78 152 40 46 17 102 64 152 41 112 7 44 57 38 84 54 59 129 49 76 104 139 114 148 115 19 23 24 88 134 61 145 26 111 125 30 127 127 122 127 137 144 55 18 76 133 158 14 69 72 158 29 157 28 149 69 45 129 15 116 136 136 120 109 1 7 146 159 45 23 22 45 52 80 89 143 124 13 50 109 121 73 132 59 143 92 28 143 104 29 5 121 145 74 79 4 135 31 57 94 45 141 84 106 79 141 39 5 50 14 111 81 128 122 50 121 30 65 16 4 68 62 109 11 13 105 32 70 90 37 83 82 116 86 129 102 98 70 100 123 150 151 60 131 115 5 155 78 38 24 76 25 75 59 57 120 35 3 140 8 65 34 153 22 53 14 139 83 47 115 139 36 142 11 151 117 16 47 22 38 132 83 79 4 87 1 97 119 61 125 128 153 0 126 128 64 78 16 126 130 66 122 64 145 30 150 53 157 117 18 159 4 3 44 40 123 0 124 1 41 52 6 38 19 75 82 110 75 45 27 89 33 79 128 20 103 54 30 10 75 142 29 106 33 15 107 58 6 67 80 85 117 73 141 43 6 4 86 30 122 96 151 139 135 101 93 81 8 123 20 48 86 95 144 5 97 63 134 133 146 20 151 15 149 147 120 80 3 114 108 148 99 57 104 74 74 37 145 60 41 102 22 25 64 113 75 114 96 71 20 155 156 93 24 80 35 82 55 58 13 60 156 27 86 127 109 153 68 99 37 10 71 74 78 83 71 122 2 69 29 20 27 27 42 119 68 33 13 20 7 94 49 95 85 46 68 97 6 23 136 119 69 8 93 93 56 16 26 148 66 72 10 81 118 146 134 17 61 99 96 21 7 115 83 147 98 98 4 93 132 140 22 125 5 10 51 105 29 85 76 138 119 100 11 144 101 26 2 120 4 78 130 105 62 108 56 23 55 46 78 87 42 138 50 31 44 111 101 10 108 89 91 130 155 114 65 133 84 114 34 154 131 71 44 37 81 146 91 129 135 117 102 80 107 43 14 149 104 122 87 33 36 70 66 110 49 52 19 121 115 88 121 76 72 133 138 39 130 28 20 90 11 123 153 99 64 72 134 62 3 47 5 24 67 35 156 112 33 154 3 32 159 150 129 27 152 49 158 28 46 0 87 98 39 22 155 44 0 99 118 59 77 154 46 137 10 106 82 111 35 91 39 37 142 106 22 101 12 51 56 149 91 146 41 95 152 95 0 159 6 124 31 84 12 139 152 121 112 50 39 132 13 37 131 48 24 18 58 126 70 83 25 140 102 87 152 62 85 128 42 13 57 135 154 87 90 19 67 65 40 8 11 59 115 52 89 42 47 90 63 8 138 138 22 119 113 127 12 57 144 157 17 97 137 94 49 141 48 105 110 25 11
0 : [121, 370, 394, 688, 695, 725] (21)
1 : [134, 242, 363, 396] (22)
2 : [30, 515, 585] (23)
3 : [335, 390, 465, 667, 677] (21)
4 : [110, 140, 273, 297, 361, 389, 434, 565, 587] (20)
5 : [268, 285, 323, 452, 571, 669] (22)
6 : [154, 399, 425, 433, 535, 727] (25)
7 : [125, 188, 243, 527, 559] (22)
8 : [151, 337, 445, 540, 768, 778] (20)
9 : [] (0)
10 : [45, 416, 508, 549, 572, 606, 703] (22)
11 : [143, 301, 351, 581, 659, 769, 799] (20)
12 : [64, 715, 731, 785] (20)
13 : [69, 255, 302, 497, 525, 739, 758] (20)
14 : [225, 287, 343, 633] (20)
15 : [49, 236, 422, 460] (23)
16 : [296, 354, 375, 544] (20)
17 : [182, 554, 789] (24)
18 : [221, 387, 744] (21)
19 : [124, 203, 401, 645, 764] (20)
20 : [165, 412, 447, 458, 487, 518, 526, 657] (20)
21 : [40, 137, 558] (20)
22 : [88, 248, 341, 356, 479, 569, 692, 713, 781] (20)
23 : [204, 247, 536, 594] (20)
24 : [205, 327, 491, 670, 743] (20)
25 : [329, 480, 749, 798] (21)
26 : [97, 210, 545, 584] (21)
27 : [407, 500, 519, 520, 682] (21)
28 : [231, 264, 656, 686] (21)
29 : [48, 229, 267, 419, 517, 575] (22)
30 : [70, 118, 213, 294, 382, 415, 436] (21)
31 : [89, 275, 602, 729] (23)
32 : [10, 53, 123, 304, 678] (23)
33 : [409, 421, 524, 638, 675] (23)
34 : [54, 135, 339, 617] (24)
35 : [334, 493, 672, 707] (24)
36 : [111, 142, 349, 639] (23)
37 : [307, 474, 507, 622, 710, 740] (23)
38 : [68, 191, 326, 357, 400] (23)
39 : [76, 284, 654, 691, 709, 737] (22)
40 : [62, 174, 180, 392, 767] (21)
41 : [16, 186, 397, 477, 721] (21)
42 : [521, 599, 757, 774] (21)
43 : [162, 432, 632] (22)
44 : [120, 189, 391, 603, 621, 694] (22)
45 : [12, 175, 234, 246, 249, 278, 406] (22)
46 : [166, 181, 532, 596, 687, 701] (21)
47 : [20, 100, 346, 355, 668, 775] (26)
48 : [4, 156, 448, 742, 795] (23)
49 : [196, 529, 643, 684, 793] (27)
50 : [0, 256, 286, 292, 601, 736] (23)
51 : [81, 177, 573, 716] (25)
52 : [250, 398, 644, 772] (24)
53 : [11, 114, 342, 384] (24)
54 : [56, 86, 104, 193, 414] (23)
55 : [13, 220, 495, 595] (24)
56 : [9, 79, 543, 593, 717] (24)
57 : [19, 82, 190, 276, 332, 470, 759, 786] (20)
58 : [46, 424, 496, 745] (20)
59 : [194, 261, 331, 698, 770] (23)
60 : [28, 90, 91, 320, 476, 498] (23)
61 : [38, 113, 157, 208, 366, 555] (23)
62 : [299, 591, 666, 754] (24)
63 : [34, 169, 454, 777] (26)
64 : [184, 373, 380, 481, 663] (24)
65 : [295, 338, 613, 766] (24)
66 : [27, 145, 378, 547, 641] (26)
67 : [98, 122, 426, 671, 765] (24)
68 : [298, 505, 523, 533] (27)
69 : [14, 226, 233, 516, 539] (24)
70 : [83, 305, 315, 640, 747] (25)
71 : [119, 486, 509, 513, 620] (26)
72 : [17, 96, 102, 227, 548, 651, 664] (26)
73 : [25, 92, 259, 430] (25)
74 : [37, 109, 271, 472, 473, 510] (27)
75 : [61, 173, 330, 402, 405, 417, 483] (25)
76 : [197, 222, 328, 577, 650] (25)
77 : [73, 126, 146, 699] (28)
78 : [178, 325, 374, 511, 588, 597] (26)
79 : [23, 60, 272, 282, 360, 410] (25)
80 : [24, 251, 427, 464, 492, 630] (27)
81 : [289, 444, 550, 623] (27)
82 : [116, 309, 403, 494, 705] (24)
83 : [39, 149, 308, 345, 359, 512, 561, 748] (27)
84 : [192, 280, 615, 730] (26)
85 : [428, 531, 576, 755] (25)
86 : [311, 435, 449, 501] (25)
87 : [362, 598, 637, 689, 752, 762] (25)
88 : [43, 101, 206, 648] (25)
89 : [32, 66, 155, 252, 408, 608, 773] (28)
90 : [84, 306, 658, 763, 776] (24)
91 : [609, 625, 708, 719] (25)
92 : [108, 263] (25)
93 : [443, 490, 541, 542, 566] (26)
94 : [3, 277, 528, 792] (25)
95 : [8, 95, 144, 450, 530, 722, 724] (27)
96 : [31, 33, 132, 438, 485, 557] (26)
97 : [65, 364, 453, 534, 790] (28)
98 : [77, 314, 563, 564, 690] (27)
99 : [469, 506, 556, 662, 696] (26)
100 : [2, 94, 160, 316, 580] (26)
101 : [161, 442, 583, 605, 714] (26)
102 : [58, 183, 313, 478, 629, 751] (26)
103 : [21, 63, 78, 413] (26)
104 : [198, 266, 471, 635] (28)
105 : [52, 59, 170, 303, 574, 590, 796] (28)
106 : [281, 420, 704, 712] (26)
107 : [71, 423, 631] (28)
108 : [159, 467, 592, 607] (29)
109 : [41, 138, 167, 172, 241, 257, 300, 503] (28)
110 : [1, 7, 404, 642, 797] (28)
111 : [148, 211, 288, 604, 706] (28)
112 : [153, 187, 674, 735] (29)
113 : [57, 482, 783] (27)
114 : [200, 466, 484, 612, 616] (27)
115 : [202, 322, 347, 560, 647, 771] (27)
116 : [130, 176, 237, 310] (29)
117 : [353, 386, 429, 628] (28)
118 : [85, 106, 128, 551, 697] (28)
119 : [15, 158, 163, 365, 522, 538, 579, 782] (26)
120 : [6, 240, 333, 463, 586] (26)
121 : [258, 269, 293, 646, 649, 734] (27)
122 : [216, 291, 379, 437, 514, 636] (27)
123 : [44, 141, 317, 393, 446, 660] (25)
124 : [105, 254, 395, 728] (27)
125 : [131, 212, 367, 570] (27)
126 : [371, 376, 746] (27)
127 : [214, 215, 217, 502, 784] (28)
128 : [103, 290, 368, 372, 411, 756] (28)
129 : [75, 195, 235, 312, 626, 681] (28)
130 : [42, 377, 589, 610, 655] (29)
131 : [171, 321, 619, 741] (29)
132 : [80, 260, 358, 567, 738] (28)
133 : [36, 223, 456, 614, 652] (29)
134 : [207, 455, 553, 665] (29)
135 : [50, 55, 274, 441, 627, 760] (28)
136 : [133, 238, 239, 537] (30)
137 : [112, 147, 218, 702, 791] (30)
138 : [578, 600, 653, 779, 780] (28)
139 : [18, 199, 344, 348, 440, 732] (28)
140 : [336, 568, 750] (30)
141 : [74, 279, 283, 431, 794] (29)
142 : [115, 150, 152, 350, 418, 711] (29)
143 : [87, 129, 253, 262, 265] (29)
144 : [219, 451, 582, 787] (29)
145 : [136, 209, 270, 381, 475] (29)
146 : [244, 457, 552, 624, 720] (30)
147 : [168, 462, 562] (30)
148 : [29, 107, 164, 201, 468, 546] (30)
149 : [232, 461, 634, 718] (30)
150 : [26, 51, 318, 383, 680] (30)
151 : [139, 319, 352, 439, 459] (30)
152 : [179, 185, 683, 723, 733, 753] (30)
153 : [22, 47, 340, 369, 504, 661] (29)
154 : [5, 93, 618, 676, 700, 761] (29)
155 : [99, 324, 488, 611, 693] (30)
156 : [67, 117, 489, 499, 673] (29)
157 : [230, 385, 788] (29)
158 : [127, 224, 228, 685] (30)
159 : [35, 72, 245, 388, 679, 726] (31)
