Name: 800-50-80
Time: 34.628018617630005 
Result: 3083
Solution:  46 182 61 113 109 19 136 34 42 13 176 163 44 2 133 56 163 131 29 112 146 111 18 170 94 85 9 101 158 156 179 83 27 106 64 49 170 55 111 129 72 167 137 0 140 151 11 32 106 73 119 96 74 52 26 167 44 114 14 94 130 40 166 163 160 60 14 129 23 120 38 130 162 64 164 143 167 15 11 136 34 107 50 150 87 158 91 55 41 111 173 19 95 139 72 114 14 110 155 141 126 68 88 31 99 177 118 78 102 168 162 86 65 11 170 4 86 8 62 134 129 62 169 145 178 155 52 31 9 128 0 172 150 81 180 159 106 146 31 12 129 37 183 133 173 82 91 100 77 153 42 129 175 8 147 150 115 110 31 175 131 4 49 109 20 48 69 41 35 167 22 135 81 61 53 171 175 75 7 171 122 148 86 76 4 69 51 112 109 125 29 75 165 119 90 127 2 101 63 149 130 113 65 154 152 134 81 95 137 96 16 2 152 20 116 22 129 67 174 45 114 100 153 98 59 44 169 125 123 53 78 43 139 58 45 25 38 142 41 169 143 110 144 130 67 38 48 15 23 157 1 162 28 56 19 71 136 93 153 54 7 184 98 151 46 175 120 129 6 26 148 34 134 24 158 51 86 115 146 27 159 154 58 148 110 114 80 155 104 182 119 52 139 139 131 133 10 178 171 27 48 135 23 64 156 86 49 141 61 39 86 116 67 36 122 32 158 58 183 85 104 142 179 5 144 141 52 123 118 109 124 165 24 10 171 82 21 176 36 30 12 97 72 109 30 89 49 162 89 8 121 126 140 110 24 25 171 73 96 95 53 149 30 145 144 130 92 136 60 41 54 68 184 66 22 155 13 145 16 145 87 104 173 162 142 72 20 9 21 48 103 122 65 18 105 2 160 153 38 97 20 74 103 168 93 153 172 68 78 166 169 167 174 108 71 158 0 93 180 144 171 26 94 90 38 85 75 14 0 177 79 23 159 160 65 71 126 165 159 160 20 121 140 40 16 102 66 90 105 63 166 137 181 37 175 135 22 157 138 17 147 112 127 121 163 26 57 99 21 61 128 80 57 104 36 66 164 70 34 120 69 126 39 166 112 173 133 29 35 137 32 161 57 183 178 42 156 172 87 103 22 179 75 116 86 181 87 180 101 39 81 140 170 51 65 143 132 67 146 66 164 84 7 6 84 124 164 45 135 46 147 99 99 83 38 18 12 76 155 156 108 43 62 151 71 125 84 155 13 62 11 146 57 166 181 181 63 158 20 76 111 85 45 184 127 134 152 100 161 0 130 93 158 107 34 15 128 61 151 172 121 63 70 17 127 16 34 179 35 122 170 157 23 4 138 31 142 28 25 108 106 29 144 141 97 145 155 156 142 44 75 110 99 0 118 10 176 65 107 154 98 85 75 44 161 5 177 34 58 20 181 50 110 108 133 181 1 157 59 75 37 0 81 113 92 60 149 91 47 177 132 14 53 95 9 112 117 46 5 77 140 123 104 78 20 182 120 143 174 150 168 144 160 47 71 117 80 165 34 134 49 149 51 124 55 142 9 22 124 123 14 1 135 69 101 152 75 174 28 147 138 126 137 100 184 89 57 123 12 46 92 84 147 54 47 84 54 141 117 51 128 27 85 105 144 127 121 165 6 168 181 146 82 138 126 100 7 97 131 24 91 184 76 70 15 79 56 169 47 154 32 75 178 177 148 180 88 182 49 73 112 63 173 163 8 173 115 43 177 50 88 169 154 29 173 28 142 83 157 105 142 111 11 95 129 181 126 71 179 96 10 40 176 9 120 5 132 154 151 68
0 : [43, 130, 416, 428, 569, 613, 641] (53)
1 : [250, 636, 691] (57)
2 : [13, 196, 211, 395] (52)
3 : [] (0)
4 : [115, 161, 184, 593] (53)
5 : [323, 625, 658, 795] (53)
6 : [268, 523, 728] (62)
7 : [178, 260, 522, 736] (52)
8 : [117, 153, 349, 764] (54)
9 : [26, 128, 387, 654, 686, 793] (52)
10 : [296, 333, 615, 790] (59)
11 : [46, 78, 113, 550, 782] (55)
12 : [139, 340, 536, 708] (52)
13 : [9, 376, 548] (61)
14 : [58, 66, 96, 427, 651, 690] (54)
15 : [77, 247, 575, 744] (52)
16 : [210, 378, 444, 585] (55)
17 : [459, 583] (54)
18 : [22, 393, 535] (52)
19 : [5, 91, 254] (60)
20 : [164, 213, 386, 400, 440, 558, 629, 664] (52)
21 : [336, 388, 468] (54)
22 : [170, 215, 374, 456, 500, 687] (53)
23 : [68, 248, 302, 431, 592] (55)
24 : [273, 332, 354, 739] (64)
25 : [235, 355, 598] (52)
26 : [54, 269, 421, 465] (54)
27 : [32, 279, 299, 721] (53)
28 : [252, 597, 698, 775] (50)
29 : [18, 190, 487, 601, 773] (58)
30 : [339, 344, 362] (61)
31 : [103, 127, 138, 158, 595] (58)
32 : [47, 315, 490, 750] (52)
33 : [] (0)
34 : [7, 80, 271, 478, 574, 586, 627, 678] (67)
35 : [168, 488, 588] (55)
36 : [313, 338, 474] (56)
37 : [141, 453, 640] (55)
38 : [70, 236, 245, 398, 424, 534] (59)
39 : [309, 482, 509] (59)
40 : [61, 443, 791] (59)
41 : [88, 167, 238, 369] (64)
42 : [8, 150, 495] (62)
43 : [231, 541, 767] (54)
44 : [12, 56, 225, 609, 623] (57)
45 : [219, 234, 527, 562] (64)
46 : [0, 264, 529, 657, 709] (60)
47 : [648, 673, 714, 748] (60)
48 : [165, 246, 300, 389] (57)
49 : [35, 162, 306, 346, 680, 758] (58)
50 : [82, 631, 769] (61)
51 : [186, 275, 513, 682, 719] (59)
52 : [53, 126, 291, 326] (63)
53 : [174, 229, 360, 652] (63)
54 : [259, 370, 713, 716] (69)
55 : [37, 87, 684] (63)
56 : [15, 253, 746] (64)
57 : [466, 472, 492, 552, 706] (61)
58 : [233, 282, 317, 628] (61)
59 : [224, 638] (66)
60 : [65, 368, 645] (64)
61 : [2, 173, 308, 469, 577] (61)
62 : [118, 121, 542, 549] (59)
63 : [198, 449, 556, 581, 761] (63)
64 : [34, 73, 303] (62)
65 : [112, 202, 392, 434, 514, 617] (62)
66 : [373, 446, 475, 519] (60)
67 : [217, 244, 312, 517] (60)
68 : [101, 371, 407, 799] (59)
69 : [166, 185, 480, 693] (61)
70 : [477, 582, 743] (66)
71 : [255, 414, 435, 544, 674, 787] (59)
72 : [40, 94, 342, 385] (58)
73 : [49, 357, 759] (59)
74 : [52, 401] (62)
75 : [177, 191, 426, 502, 610, 622, 639, 696, 751] (60)
76 : [183, 537, 559, 742] (65)
77 : [148, 659] (58)
78 : [107, 230, 408, 663] (58)
79 : [430, 745] (67)
80 : [286, 471, 676] (63)
81 : [133, 172, 206, 510, 642] (60)
82 : [145, 335, 732] (59)
83 : [31, 533, 777] (59)
84 : [521, 524, 546, 711, 715] (57)
85 : [25, 319, 425, 561, 621, 722] (58)
86 : [111, 116, 182, 276, 305, 310, 504] (57)
87 : [84, 380, 498, 506] (64)
88 : [102, 756, 770] (61)
89 : [345, 348, 705] (63)
90 : [194, 423, 447] (64)
91 : [86, 146, 647, 740] (63)
92 : [366, 644, 710] (72)
93 : [257, 404, 417, 571] (68)
94 : [24, 59, 422] (67)
95 : [92, 207, 359, 653, 783] (67)
96 : [51, 209, 358, 789] (65)
97 : [341, 399, 604, 737] (67)
98 : [223, 262, 620] (70)
99 : [104, 467, 531, 532, 612] (64)
100 : [147, 221, 567, 703, 735] (69)
101 : [27, 197, 508, 694] (66)
102 : [108, 445] (66)
103 : [390, 402, 499] (65)
104 : [288, 320, 381, 473, 662] (67)
105 : [394, 448, 723, 779] (68)
106 : [33, 48, 136, 600] (67)
107 : [81, 573, 618] (72)
108 : [413, 540, 599, 633] (65)
109 : [4, 163, 188, 329, 343] (67)
110 : [97, 157, 241, 284, 353, 611, 632] (68)
111 : [21, 38, 89, 560, 781] (69)
112 : [19, 187, 461, 484, 655, 760] (74)
113 : [3, 201, 643] (70)
114 : [57, 95, 220, 285] (70)
115 : [156, 277, 766] (68)
116 : [214, 311, 503] (70)
117 : [656, 675, 718] (69)
118 : [106, 328, 614] (69)
119 : [50, 193, 290] (78)
120 : [69, 266, 479, 666, 794] (74)
121 : [350, 441, 463, 580, 726] (73)
122 : [180, 314, 391, 589] (69)
123 : [228, 327, 661, 689, 707] (72)
124 : [330, 525, 683, 688] (74)
125 : [189, 227, 545] (77)
126 : [100, 351, 436, 481, 701, 734, 786] (71)
127 : [195, 462, 564, 584, 725] (73)
128 : [129, 470, 576, 720] (70)
129 : [39, 67, 120, 140, 151, 216, 267, 784] (70)
130 : [60, 71, 200, 243, 365, 570] (70)
131 : [17, 160, 294, 738] (76)
132 : [516, 650, 796] (71)
133 : [14, 143, 295, 486, 634] (73)
134 : [119, 205, 272, 565, 679] (71)
135 : [171, 301, 455, 528, 692] (75)
136 : [6, 79, 256, 367] (80)
137 : [42, 208, 451, 489, 702] (74)
138 : [458, 594, 700, 733] (74)
139 : [93, 232, 292, 293] (76)
140 : [44, 352, 442, 511, 660] (77)
141 : [99, 307, 325, 603, 717] (75)
142 : [237, 321, 384, 596, 608, 685, 776, 780] (73)
143 : [75, 240, 515, 667] (75)
144 : [242, 324, 364, 419, 602, 671, 724] (73)
145 : [123, 363, 377, 379, 605] (78)
146 : [20, 137, 278, 518, 551, 731] (72)
147 : [154, 460, 530, 699, 712] (73)
148 : [181, 270, 283, 754] (80)
149 : [199, 361, 646, 681] (76)
150 : [83, 132, 155, 669] (77)
151 : [45, 263, 543, 578, 798] (75)
152 : [204, 212, 566, 695] (76)
153 : [149, 222, 258, 397, 405] (76)
154 : [203, 281, 619, 749, 772, 797] (76)
155 : [98, 125, 287, 375, 538, 547, 606] (76)
156 : [29, 304, 496, 539, 607] (76)
157 : [249, 457, 591, 637, 778] (80)
158 : [28, 85, 274, 316, 415, 557, 572] (78)
159 : [135, 280, 432, 438] (77)
160 : [64, 396, 433, 439, 672] (76)
161 : [491, 568, 624] (79)
162 : [72, 110, 251, 347, 383] (80)
163 : [11, 16, 63, 464, 763] (75)
164 : [74, 476, 520, 526] (78)
165 : [192, 331, 437, 677, 727] (76)
166 : [62, 409, 450, 483, 553] (78)
167 : [41, 55, 76, 169, 411] (79)
168 : [109, 403, 670, 729] (76)
169 : [122, 226, 239, 410, 747, 771] (76)
170 : [23, 36, 114, 512, 590] (80)
171 : [175, 179, 298, 334, 356, 420] (78)
172 : [131, 406, 497, 579] (78)
173 : [90, 144, 382, 485, 762, 765, 774] (75)
174 : [218, 412, 668, 697] (76)
175 : [152, 159, 176, 265, 454] (76)
176 : [10, 337, 616, 792] (79)
177 : [105, 429, 626, 649, 753, 768] (78)
178 : [124, 297, 494, 752] (75)
179 : [30, 322, 501, 587, 788] (80)
180 : [134, 418, 507, 755] (80)
181 : [452, 505, 554, 555, 630, 635, 730, 785] (76)
182 : [1, 289, 665, 757] (80)
183 : [142, 318, 493] (78)
184 : [261, 372, 563, 704, 741] (83)
