Name: 800-40-60
Time: 35.11969447135925 
Result: 20
Solution:  30 23 40 25 17 90 91 29 65 121 85 12 1 71 94 43 122 47 97 6 4 53 45 38 2 1 110 4 25 15 22 109 54 65 98 51 26 102 7 66 119 52 99 47 58 109 93 49 101 100 30 108 78 63 67 12 62 88 76 111 0 86 114 32 45 6 22 30 57 37 110 105 111 86 65 102 19 45 96 110 36 112 36 93 53 62 71 48 87 75 91 94 18 108 95 82 72 59 81 26 50 28 49 32 8 95 79 42 54 91 9 42 47 70 117 62 96 116 31 116 1 121 27 67 68 1 111 19 1 90 44 97 39 115 3 95 89 5 12 51 24 111 104 66 120 107 60 53 24 1 7 30 85 72 119 35 38 62 84 112 14 13 102 47 90 85 81 56 38 110 91 74 6 48 76 56 53 117 100 61 76 123 82 18 17 17 23 78 33 79 16 103 108 65 33 40 80 50 79 45 49 122 121 115 66 36 109 32 76 5 89 7 85 59 66 11 31 1 19 71 60 8 77 40 49 77 103 123 54 124 80 85 53 80 99 37 5 88 121 74 37 114 3 108 61 107 84 84 25 120 9 65 90 124 104 22 74 51 23 90 32 42 98 86 92 120 94 103 38 29 119 13 76 103 61 35 13 109 16 57 121 101 70 105 109 40 43 82 2 0 106 75 25 77 40 23 113 120 109 10 55 92 104 89 33 87 86 117 19 79 74 61 50 68 88 40 70 115 53 112 3 106 39 64 88 1 103 123 24 43 6 102 84 52 59 47 56 80 113 106 83 105 15 75 90 104 9 117 1 101 0 12 0 102 52 14 79 59 15 67 41 24 62 84 82 119 31 115 99 90 27 71 65 58 89 77 92 2 118 115 121 69 66 81 109 9 14 63 113 19 76 99 22 86 40 57 32 82 73 73 69 102 81 45 96 64 65 34 36 92 33 21 76 124 57 115 73 89 11 92 49 21 100 67 99 84 24 15 122 6 102 105 73 34 11 45 83 73 96 40 52 109 124 25 77 86 3 48 19 110 31 38 28 83 110 21 108 105 112 87 15 15 56 37 69 41 101 27 97 108 42 109 124 73 113 31 114 28 15 75 111 13 15 71 63 101 73 58 34 114 22 63 57 86 75 20 9 113 78 98 0 68 40 60 106 44 72 122 10 76 118 78 97 21 46 60 29 92 118 121 52 97 111 2 43 108 59 70 107 105 83 51 92 5 103 31 61 100 69 82 117 60 38 123 89 27 13 87 67 62 116 54 11 17 80 78 91 77 60 11 46 96 105 25 87 56 123 43 93 99 75 50 100 81 43 26 48 95 78 10 44 21 97 98 29 21 122 109 46 123 12 15 100 14 97 116 11 41 39 122 24 79 37 105 3 3 87 33 78 42 107 95 16 105 8 117 36 35 86 107 110 123 35 37 52 56 29 29 106 83 11 97 38 57 93 11 54 63 14 94 47 26 62 102 88 92 10 10 31 28 4 35 106 36 98 93 14 29 101 64 82 81 53 15 16 80 87 103 121 96 55 22 63 40 68 94 45 33 110 79 112 90 69 68 85 18 97 84 103 64 44 50 57 98 62 9 23 124 115 19 4 118 8 119 112 1 94 63 20 85 113 21 103 94 62 61 70 72 14 45 48 70 75 77 45 38 124 15 120 115 72 78 93 68 108 83 86 23 85 50 7 121 85 73 78 45 39 4 4 54 51 2 115 33 34 92 15 45 59 40 26 20 31 7 55 43 15 104 61 3 71 118 23 80 100 33 55 89 59 23 17 67 41 111 123 24 80 118 34 122 123 43 74 1 119 18 116 42 9 44
0 : [60, 289, 350, 352, 500] (40)
1 : [12, 25, 120, 125, 128, 149, 217, 325, 348, 705, 793] (42)
2 : [24, 288, 377, 523, 751] (44)
3 : [134, 242, 320, 446, 604, 605, 769] (40)
4 : [20, 27, 650, 700, 747, 748] (41)
5 : [137, 209, 236, 533] (42)
6 : [19, 65, 172, 330, 429] (41)
7 : [38, 150, 211, 740, 763] (40)
8 : [104, 221, 614, 702] (43)
9 : [110, 250, 346, 385, 496, 695, 798] (41)
10 : [299, 508, 579, 646, 647] (45)
11 : [215, 418, 434, 552, 559, 596, 630, 635] (40)
12 : [11, 55, 138, 351, 590] (42)
13 : [161, 271, 276, 481, 546] (42)
14 : [160, 355, 386, 593, 638, 656, 718] (42)
15 : [29, 342, 358, 427, 460, 461, 478, 482, 591, 663, 727, 756, 766] (41)
16 : [190, 278, 612, 664] (42)
17 : [4, 184, 185, 553, 780] (41)
18 : [92, 183, 685, 795] (42)
19 : [76, 127, 218, 308, 389, 448, 699] (43)
20 : [495, 708, 761] (44)
21 : [411, 421, 455, 513, 581, 585, 711] (43)
22 : [30, 66, 255, 392, 490, 671] (43)
23 : [1, 186, 258, 295, 696, 737, 772, 779] (43)
24 : [140, 148, 328, 361, 426, 600, 785] (43)
25 : [3, 28, 248, 292, 443, 563] (44)
26 : [36, 99, 575, 641, 760] (43)
27 : [122, 370, 467, 545] (47)
28 : [101, 452, 477, 649] (43)
29 : [7, 269, 516, 584, 626, 627, 657] (43)
30 : [0, 50, 67, 151] (47)
31 : [118, 216, 366, 450, 475, 535, 648, 762] (44)
32 : [63, 103, 207, 260, 396] (46)
33 : [188, 194, 304, 410, 607, 677, 753, 775] (45)
34 : [407, 433, 488, 754, 788] (43)
35 : [155, 275, 617, 622, 651] (44)
36 : [80, 82, 205, 408, 616, 653] (44)
37 : [69, 235, 240, 463, 602, 623] (42)
38 : [23, 156, 168, 268, 451, 542, 632, 725] (42)
39 : [132, 322, 598, 746] (43)
40 : [2, 195, 223, 285, 294, 315, 394, 439, 502, 673, 759] (43)
41 : [360, 465, 597, 782] (44)
42 : [107, 111, 261, 470, 609, 797] (43)
43 : [15, 286, 329, 524, 567, 574, 765, 791] (43)
44 : [130, 505, 580, 690, 799] (45)
45 : [22, 64, 77, 199, 403, 435, 676, 719, 724, 745, 757] (47)
46 : [514, 560, 588] (51)
47 : [17, 43, 112, 163, 335, 640] (47)
48 : [87, 173, 447, 576, 720] (47)
49 : [47, 102, 200, 224, 420] (47)
50 : [100, 197, 312, 571, 691, 739] (48)
51 : [35, 139, 257, 531, 750] (48)
52 : [41, 333, 354, 440, 520, 624] (47)
53 : [21, 84, 147, 176, 232, 318, 662] (48)
54 : [32, 108, 228, 551, 636, 749] (49)
55 : [300, 670, 764, 776] (49)
56 : [167, 175, 336, 462, 565, 625] (47)
57 : [68, 279, 395, 414, 492, 633, 692] (48)
58 : [44, 373, 487] (49)
59 : [97, 213, 334, 357, 526, 758, 778] (47)
60 : [146, 220, 503, 515, 541, 558] (49)
61 : [179, 244, 274, 311, 536, 715, 768] (47)
62 : [56, 85, 115, 157, 362, 549, 642, 694, 714] (50)
63 : [53, 387, 484, 491, 637, 672, 707] (47)
64 : [323, 405, 659, 689] (50)
65 : [8, 33, 74, 193, 251, 372, 406] (48)
66 : [39, 143, 204, 214, 382] (47)
67 : [54, 123, 359, 423, 548, 781] (49)
68 : [124, 313, 501, 674, 683, 733] (48)
69 : [381, 400, 464, 538, 682] (48)
70 : [113, 282, 316, 527, 716, 721] (49)
71 : [13, 86, 219, 371, 483, 770] (48)
72 : [96, 153, 506, 717, 730] (49)
73 : [398, 399, 416, 432, 437, 473, 486, 743] (49)
74 : [171, 239, 256, 310, 792] (50)
75 : [89, 291, 343, 479, 494, 570, 722] (51)
76 : [58, 174, 180, 208, 272, 390, 412, 509] (52)
77 : [222, 225, 293, 375, 444, 557, 723] (49)
78 : [52, 187, 498, 511, 555, 578, 608, 731, 744] (50)
79 : [106, 189, 198, 309, 356, 601, 679] (51)
80 : [196, 230, 233, 337, 554, 665, 773, 786] (52)
81 : [98, 166, 383, 402, 573, 661] (52)
82 : [95, 182, 287, 364, 397, 539, 660] (52)
83 : [340, 436, 453, 530, 629, 735] (52)
84 : [158, 246, 247, 332, 363, 425, 687] (53)
85 : [10, 152, 165, 212, 231, 684, 709, 738, 742] (53)
86 : [61, 73, 263, 306, 393, 445, 493, 618, 736] (53)
87 : [88, 305, 459, 547, 564, 606, 666] (53)
88 : [57, 237, 314, 324, 644] (55)
89 : [136, 210, 303, 374, 417, 544, 777] (53)
90 : [5, 129, 164, 252, 259, 344, 369, 681] (53)
91 : [6, 90, 109, 170, 556] (54)
92 : [264, 301, 376, 409, 419, 517, 532, 645, 755] (54)
93 : [46, 83, 568, 634, 655, 732] (55)
94 : [14, 91, 266, 639, 675, 706, 713] (53)
95 : [94, 105, 135, 577, 611] (53)
96 : [78, 116, 404, 438, 561, 669] (56)
97 : [18, 131, 468, 512, 521, 582, 594, 631, 686] (53)
98 : [34, 262, 499, 583, 654, 693] (54)
99 : [42, 234, 368, 391, 424, 569] (54)
100 : [49, 178, 422, 537, 572, 592, 774] (54)
101 : [48, 281, 349, 466, 485, 658] (54)
102 : [37, 75, 162, 331, 353, 401, 430, 643] (54)
103 : [191, 226, 267, 273, 326, 534, 667, 688, 712] (54)
104 : [142, 254, 302, 345, 767] (54)
105 : [71, 283, 341, 431, 457, 529, 562, 603, 613] (54)
106 : [290, 321, 339, 504, 628, 652] (54)
107 : [145, 245, 528, 610, 619] (54)
108 : [51, 93, 192, 243, 456, 469, 525, 734] (57)
109 : [31, 45, 206, 277, 284, 298, 384, 441, 471, 587] (56)
110 : [26, 70, 79, 169, 449, 454, 620, 678] (57)
111 : [59, 72, 126, 141, 480, 522, 783] (55)
112 : [81, 159, 319, 458, 680, 704] (56)
113 : [296, 338, 388, 474, 497, 710] (59)
114 : [62, 241, 476, 489] (60)
115 : [133, 203, 317, 367, 379, 415, 698, 729, 752] (57)
116 : [117, 119, 550, 595, 796] (59)
117 : [114, 177, 307, 347, 540, 615] (57)
118 : [378, 510, 518, 701, 771, 787] (58)
119 : [40, 154, 270, 365, 703, 794] (56)
120 : [144, 249, 265, 297, 728] (57)
121 : [9, 121, 202, 238, 280, 380, 519, 668, 741] (57)
122 : [16, 201, 428, 507, 586, 599, 789] (56)
123 : [181, 227, 327, 543, 566, 589, 621, 784, 790] (57)
124 : [229, 253, 413, 442, 472, 697, 726] (58)
