Name: 800-40-60
Time: 37.22274851799011 
Result: 20
Solution:  29 27 38 26 12 91 90 25 65 122 85 11 8 70 92 42 123 39 97 9 2 53 53 39 0 0 108 7 27 14 17 109 55 64 100 51 25 101 5 63 120 52 102 48 58 110 97 53 100 103 28 113 80 63 70 13 63 91 78 118 4 89 112 38 45 7 20 27 55 32 108 108 112 83 56 100 17 47 98 109 40 115 40 95 61 64 71 49 87 80 97 97 20 105 95 83 72 61 81 30 49 32 47 33 4 86 79 41 54 90 3 44 46 72 118 60 99 116 29 115 2 118 31 69 69 2 110 18 0 93 40 98 44 114 7 94 89 5 8 54 21 105 105 64 121 107 58 53 21 1 6 34 83 71 120 34 38 60 82 114 17 13 102 47 92 83 84 53 38 109 93 76 0 50 74 53 53 113 100 64 77 120 81 12 21 19 16 79 35 76 18 105 107 60 32 34 82 53 81 46 49 119 119 116 66 33 106 33 76 0 88 5 85 60 64 8 33 4 19 71 58 10 78 41 48 78 103 124 54 123 80 86 50 81 105 43 6 88 119 75 36 113 2 102 60 107 85 82 21 119 10 66 90 123 110 25 79 51 24 88 27 38 97 84 91 119 92 104 34 32 123 18 74 101 65 33 14 109 19 55 124 101 72 106 109 44 42 80 10 1 102 79 30 73 34 22 116 117 113 10 55 94 106 92 32 85 94 117 18 73 68 63 48 68 87 41 69 115 52 114 1 106 40 57 94 0 101 124 23 41 7 101 84 53 56 47 55 80 110 110 82 107 18 79 90 111 14 114 5 101 0 10 1 102 51 14 81 59 18 68 41 24 62 86 84 120 31 114 98 89 27 73 66 58 89 77 87 3 119 114 109 68 69 87 109 8 9 65 114 18 78 107 24 89 37 59 29 78 75 73 71 107 77 46 94 61 67 32 36 91 25 21 77 123 56 113 76 88 11 89 44 20 98 63 100 84 31 18 117 8 104 99 73 30 7 42 84 75 93 41 50 106 123 26 77 86 8 53 16 111 33 30 35 80 110 19 111 106 109 87 18 15 56 37 68 45 98 19 95 106 37 110 124 75 113 28 115 28 10 78 110 15 17 73 65 100 80 67 33 114 21 62 52 86 77 20 8 112 76 93 3 71 38 59 106 46 74 120 11 74 122 78 97 19 44 61 29 92 118 119 53 99 108 6 48 107 62 71 104 107 85 51 91 3 100 33 64 105 71 86 118 60 39 119 87 25 22 81 69 63 118 55 12 13 82 77 91 74 62 9 46 96 99 22 87 57 121 43 93 96 75 50 95 82 37 28 50 99 75 11 47 23 99 98 25 21 122 108 45 124 6 16 102 12 96 116 14 41 41 120 25 80 38 105 1 1 89 32 81 44 103 96 9 105 9 116 36 31 83 104 109 123 35 36 52 55 30 24 108 83 18 99 38 56 95 14 53 64 14 94 47 23 61 103 88 90 4 7 34 26 2 35 106 31 96 96 14 25 96 65 81 81 56 16 17 73 84 106 114 99 57 24 62 41 66 91 49 34 111 80 111 92 70 68 84 15 97 79 103 59 45 52 56 97 62 10 25 124 115 22 5 118 5 121 113 0 95 56 26 90 112 18 94 94 55 56 67 72 14 44 39 71 78 79 45 38 124 18 121 112 70 78 93 66 112 82 86 20 87 55 8 121 84 65 77 46 34 12 3 49 51 6 117 36 27 94 18 50 62 41 23 16 32 8 54 41 17 104 60 1 69 118 24 79 99 32 55 85 60 24 18 66 42 111 120 19 79 122 33 124 122 43 75 7 116 15 117 43 15 43
0 : [24, 25, 128, 172, 209, 325, 350, 705] (40)
1 : [149, 289, 320, 352, 604, 605, 769] (41)
2 : [20, 120, 125, 242, 650] (44)
3 : [110, 377, 500, 533, 748] (41)
4 : [60, 104, 217, 646] (40)
5 : [38, 137, 211, 348, 700, 702] (40)
6 : [150, 236, 523, 590, 751] (43)
7 : [27, 65, 134, 330, 434, 647, 793] (41)
8 : [12, 138, 215, 385, 429, 446, 496, 740, 763] (41)
9 : [19, 386, 559, 612, 614] (42)
10 : [221, 250, 288, 299, 351, 478, 695] (41)
11 : [11, 418, 508, 579] (41)
12 : [4, 183, 552, 593, 747] (41)
13 : [55, 161, 553] (43)
14 : [29, 276, 346, 355, 596, 635, 638, 656, 718] (40)
15 : [461, 481, 685, 795, 798] (42)
16 : [186, 448, 591, 663, 761] (40)
17 : [30, 76, 160, 482, 664, 766] (41)
18 : [127, 190, 271, 308, 342, 358, 389, 427, 460, 630, 711, 727, 756, 780] (40)
19 : [185, 218, 278, 455, 467, 513, 785] (43)
20 : [66, 92, 421, 495, 737] (49)
21 : [140, 148, 184, 248, 411, 490, 585] (44)
22 : [295, 546, 563, 699] (45)
23 : [328, 581, 641, 760] (44)
24 : [258, 361, 392, 627, 671, 772, 779] (44)
25 : [7, 36, 255, 410, 545, 584, 600, 657, 696] (44)
26 : [3, 443, 649, 708] (45)
27 : [1, 28, 67, 260, 370, 754] (44)
28 : [50, 475, 477, 575] (45)
29 : [0, 118, 396, 516] (51)
30 : [99, 292, 433, 451, 626] (44)
31 : [122, 366, 426, 617, 653] (43)
32 : [69, 101, 194, 269, 304, 407, 607, 762, 775] (43)
33 : [103, 205, 207, 216, 275, 450, 488, 535, 788] (43)
34 : [151, 155, 195, 268, 294, 648, 677, 746] (42)
35 : [188, 452, 622, 651] (47)
36 : [240, 408, 616, 623, 753] (47)
37 : [394, 463, 470, 574] (44)
38 : [2, 63, 156, 168, 261, 502, 602, 632, 725] (44)
39 : [17, 23, 542, 720] (43)
40 : [80, 82, 130, 322] (43)
41 : [107, 223, 315, 329, 360, 439, 597, 598, 673, 759, 765] (44)
42 : [15, 286, 435, 782] (47)
43 : [235, 567, 791, 797, 799] (46)
44 : [111, 132, 285, 420, 514, 609, 719] (46)
45 : [64, 465, 588, 690, 724] (46)
46 : [112, 199, 403, 505, 560, 745] (45)
47 : [77, 102, 163, 335, 580, 640] (46)
48 : [43, 224, 312, 524] (45)
49 : [87, 100, 200, 676, 749] (47)
50 : [173, 232, 440, 571, 576, 757] (46)
51 : [35, 257, 354, 531, 750] (45)
52 : [41, 318, 492, 624, 691] (46)
53 : [21, 22, 47, 147, 167, 175, 176, 197, 333, 447, 520, 636] (45)
54 : [108, 139, 228, 764] (44)
55 : [32, 68, 279, 300, 336, 551, 625, 714, 739, 776] (45)
56 : [74, 334, 414, 462, 633, 662, 692, 707, 715] (45)
57 : [323, 565, 670] (52)
58 : [44, 146, 220, 373] (49)
59 : [357, 395, 503, 689] (48)
60 : [115, 157, 193, 213, 244, 541, 768, 778] (50)
61 : [84, 97, 405, 515, 642] (50)
62 : [362, 491, 526, 558, 672, 694, 758] (49)
63 : [39, 53, 56, 311, 423, 549] (48)
64 : [33, 85, 143, 179, 214, 536, 637] (49)
65 : [8, 274, 387, 484, 659, 743] (49)
66 : [204, 251, 372, 674, 733, 781] (51)
67 : [406, 487, 716] (50)
68 : [310, 313, 359, 381, 464, 683] (48)
69 : [123, 124, 316, 382, 548, 770] (51)
70 : [13, 54, 682, 730] (50)
71 : [86, 153, 219, 400, 501, 527, 538, 721] (50)
72 : [96, 113, 282, 717] (51)
73 : [293, 309, 371, 399, 432, 483, 665] (51)
74 : [174, 272, 506, 509, 557] (50)
75 : [239, 398, 437, 473, 570, 578, 792] (49)
76 : [171, 189, 208, 416, 498] (49)
77 : [180, 375, 402, 412, 444, 494, 555, 744] (49)
78 : [58, 222, 225, 390, 397, 479, 511, 722, 731] (50)
79 : [106, 187, 256, 291, 343, 687, 723, 773, 786] (52)
80 : [52, 89, 230, 287, 337, 453, 486, 601, 679] (51)
81 : [98, 182, 198, 233, 356, 547, 608, 660, 661] (50)
82 : [158, 196, 247, 340, 554, 573, 735] (50)
83 : [73, 95, 152, 165, 618, 629] (51)
84 : [166, 263, 332, 364, 425, 436, 666, 684, 742] (52)
85 : [10, 212, 246, 305, 530, 777] (51)
86 : [105, 231, 363, 445, 493, 539, 736] (50)
87 : [88, 314, 376, 383, 459, 544, 564, 738] (51)
88 : [210, 237, 259, 417, 644] (51)
89 : [61, 136, 369, 374, 393, 419, 606] (52)
90 : [6, 109, 252, 344, 645, 709] (52)
91 : [5, 57, 264, 409, 532, 556, 675] (52)
92 : [14, 164, 266, 303, 517, 681] (53)
93 : [129, 170, 438, 499, 568, 732] (53)
94 : [135, 301, 306, 324, 404, 639, 712, 713, 755] (54)
95 : [83, 94, 468, 572, 634, 706] (54)
96 : [561, 569, 594, 611, 654, 655, 658] (55)
97 : [18, 46, 90, 91, 262, 512, 686, 693] (55)
98 : [78, 131, 368, 422, 466, 583] (54)
99 : [116, 431, 521, 562, 577, 582, 631, 669, 774] (54)
100 : [34, 48, 75, 178, 424, 485, 534] (54)
101 : [37, 273, 281, 326, 331, 349] (60)
102 : [42, 162, 243, 290, 353, 592] (55)
103 : [49, 226, 610, 643, 688] (52)
104 : [267, 430, 528, 619, 767] (55)
105 : [93, 141, 142, 191, 234, 537, 603, 613] (55)
106 : [206, 283, 302, 321, 441, 457, 469, 504, 652, 667] (56)
107 : [145, 192, 245, 341, 391, 401, 525, 529] (55)
108 : [26, 70, 71, 522, 587, 628] (55)
109 : [31, 79, 169, 277, 284, 380, 384, 458, 620] (56)
110 : [45, 126, 254, 338, 339, 454, 471, 480] (56)
111 : [345, 449, 456, 678, 680, 783] (56)
112 : [62, 72, 497, 710, 729, 734] (59)
113 : [51, 177, 241, 298, 415, 474, 704] (58)
114 : [133, 159, 319, 347, 367, 379, 388, 489, 668] (58)
115 : [81, 119, 317, 476, 698] (59)
116 : [117, 203, 296, 595, 615, 794] (60)
117 : [297, 307, 428, 752, 796] (60)
118 : [59, 114, 121, 518, 540, 550, 701, 771] (58)
119 : [201, 202, 238, 249, 265, 378, 519, 543] (56)
120 : [40, 154, 181, 365, 507, 599, 784] (56)
121 : [144, 566, 703, 728, 741] (59)
122 : [9, 510, 586, 787, 790] (56)
123 : [16, 229, 253, 270, 413, 442, 621] (57)
124 : [227, 280, 327, 472, 589, 697, 726, 789] (57)
