Name: 800-30-45
Time: 34.53751015663147 
Result: 7049
Solution:  102 95 132 170 171 136 73 156 181 183 140 126 69 191 177 157 101 66 99 56 141 60 98 73 38 156 54 86 65 95 128 184 110 124 29 170 139 85 68 186 28 107 187 49 135 109 113 69 7 81 173 9 186 97 180 97 166 108 76 112 33 35 133 109 40 133 23 88 30 72 4 132 8 40 87 110 40 146 85 173 158 131 137 55 32 28 96 141 55 160 70 0 30 164 0 47 34 86 148 149 35 102 144 43 3 15 149 97 42 72 103 57 162 53 138 187 81 98 190 67 11 48 3 176 55 171 185 41 45 119 47 113 104 85 26 45 165 107 42 26 118 74 19 70 173 134 180 148 185 33 128 18 6 105 120 178 32 63 29 109 188 119 163 21 93 126 179 48 165 3 34 174 99 20 58 175 10 5 162 106 128 136 183 146 2 71 131 125 98 185 117 125 77 26 138 134 84 82 161 23 109 68 118 123 163 138 44 132 77 191 130 134 177 13 157 168 182 121 24 25 64 111 113 189 173 39 181 125 63 22 58 165 184 79 167 96 162 12 131 57 170 33 76 56 120 154 178 101 96 9 175 112 63 68 191 23 87 98 161 63 124 152 38 7 51 135 38 121 119 136 38 135 136 117 147 102 184 12 108 50 83 78 16 188 148 10 116 82 169 181 66 179 87 0 17 8 67 73 180 64 45 176 12 155 93 186 122 66 52 71 168 50 59 166 120 79 157 102 132 75 145 26 182 39 20 149 77 98 153 153 82 57 147 152 24 146 103 188 151 88 17 4 0 38 124 47 90 24 48 159 162 182 180 180 86 172 131 189 190 62 135 71 92 94 2 133 4 187 117 72 97 23 79 121 72 6 116 17 105 188 59 82 143 24 90 77 125 11 54 5 88 33 103 22 22 167 15 0 81 130 143 111 13 80 0 140 30 39 189 43 184 138 127 28 20 149 101 173 41 89 46 100 88 121 5 179 42 62 0 182 46 186 53 91 161 28 171 147 161 34 19 123 106 56 49 47 174 176 92 21 159 99 116 69 70 123 100 160 81 15 90 150 8 14 46 16 159 124 38 57 112 110 151 25 25 150 150 74 141 183 156 107 54 146 22 124 59 32 181 34 119 132 50 42 104 16 118 189 86 62 190 24 170 178 94 32 10 163 25 126 187 78 94 75 61 127 61 73 95 158 157 177 60 165 177 143 167 111 145 79 173 181 31 32 117 92 37 138 190 41 12 100 151 46 0 114 78 168 3 28 116 160 11 158 153 130 158 152 178 53 133 26 78 87 60 182 167 137 30 36 164 46 62 57 107 145 106 104 144 176 115 123 155 162 185 121 160 175 149 19 185 169 166 12 117 99 110 100 82 165 56 172 159 129 31 84 164 82 11 171 9 155 156 34 177 49 2 57 32 17 174 69 12 156 79 158 101 142 164 68 23 43 139 52 47 79 3 113 87 161 62 2 139 120 94 13 82 4 56 5 172 145 29 187 105 142 11 76 31 62 161 148 114 133 178 89 82 121 130 102 179 104 44 190 83 169 61 151 177 93 140 64 19 149 128 66 165 9 76 6 40 28 93 91 136 96 177 80 161 10 104 97 45 65 147 186 36 140 84 171 150 22 145 127 108 17 55 147 175 59 91 37 135 89 67 49 130 183 191 184 26 168 73 49 122 176 95 21 155 171 18 167 144 14 49 159 154 108 169 54 179 14 84 75 118 60 61 51 109 172 159 32 105 30 73 191 163 51 132 16 18 150 129 10 43 149 131 33 56 169 166 38 83 71 120 76 65 87 4 46 8 150 190 191 190 115 0 46 100 114
0 : [91, 94, 293, 342, 397, 404, 428, 544, 796] (45)
1 : [] (0)
2 : [184, 364, 616, 641] (30)
3 : [104, 122, 169, 548, 636] (31)
4 : [70, 341, 366, 647, 788] (31)
5 : [177, 389, 424, 649] (33)
6 : [152, 375, 689] (32)
7 : [48, 263] (36)
8 : [72, 295, 462, 790] (33)
9 : [51, 249, 610, 687] (31)
10 : [176, 285, 506, 699, 773] (32)
11 : [120, 387, 552, 608, 656] (30)
12 : [237, 277, 302, 540, 593, 622] (31)
13 : [213, 402, 645] (30)
14 : [463, 743, 751] (33)
15 : [105, 396, 459] (32)
16 : [282, 465, 495, 769] (34)
17 : [294, 340, 377, 619, 715] (33)
18 : [151, 740, 770] (32)
19 : [142, 440, 589, 682] (32)
20 : [173, 324, 414] (32)
21 : [163, 449, 737] (32)
22 : [229, 393, 394, 484, 711] (32)
23 : [66, 199, 255, 371, 630] (38)
24 : [218, 334, 347, 383, 501] (40)
25 : [219, 473, 474, 508] (31)
26 : [134, 139, 193, 321, 561, 730] (32)
27 : [] (0)
28 : [40, 85, 413, 435, 549, 691] (33)
29 : [34, 158, 652] (31)
30 : [68, 92, 406, 568, 763] (33)
31 : [532, 604, 658] (37)
32 : [84, 156, 487, 505, 533, 618, 761] (30)
33 : [60, 149, 241, 391, 777] (33)
34 : [96, 170, 439, 489, 613] (33)
35 : [61, 100] (37)
36 : [569, 706] (39)
37 : [536, 721] (33)
38 : [24, 262, 266, 270, 343, 468, 781] (32)
39 : [225, 323, 407] (32)
40 : [64, 73, 76, 690] (32)
41 : [127, 418, 539] (33)
42 : [108, 138, 426, 493] (34)
43 : [103, 409, 631, 774] (32)
44 : [206, 672] (36)
45 : [128, 135, 300, 702] (33)
46 : [420, 430, 464, 543, 571, 789, 797] (31)
47 : [95, 130, 345, 445, 634] (35)
48 : [121, 167, 348] (31)
49 : [43, 444, 615, 725, 733, 744] (31)
50 : [279, 311, 492] (33)
51 : [264, 757, 767] (33)
52 : [308, 633] (31)
53 : [113, 432, 559] (33)
54 : [26, 388, 482, 749] (34)
55 : [83, 88, 124, 716] (32)
56 : [19, 243, 443, 600, 648, 778] (32)
57 : [111, 239, 331, 469, 573, 617] (33)
58 : [174, 230] (39)
59 : [312, 380, 486, 719] (33)
60 : [21, 522, 564, 755] (33)
61 : [514, 516, 676, 756] (37)
62 : [359, 427, 499, 572, 640, 659] (34)
63 : [157, 228, 252, 259] (33)
64 : [220, 299, 681] (34)
65 : [28, 703, 786] (35)
66 : [17, 290, 307, 685] (35)
67 : [119, 296, 724] (35)
68 : [38, 201, 253, 629] (35)
69 : [12, 47, 453, 621] (36)
70 : [90, 143, 454] (36)
71 : [185, 309, 361, 783] (36)
72 : [69, 109, 369, 374] (36)
73 : [6, 23, 297, 517, 732, 764] (35)
74 : [141, 477] (35)
75 : [319, 513, 753] (37)
76 : [58, 242, 657, 688, 785] (36)
77 : [192, 208, 326, 385] (33)
78 : [281, 511, 546, 562] (37)
79 : [233, 315, 372, 529, 624, 635] (35)
80 : [403, 697] (37)
81 : [49, 116, 398, 458] (34)
82 : [197, 287, 330, 381, 598, 607, 646, 666] (36)
83 : [280, 674, 782] (36)
84 : [196, 605, 708, 752] (36)
85 : [37, 78, 133] (38)
86 : [27, 97, 354, 498] (40)
87 : [74, 256, 292, 563, 638, 787] (34)
88 : [67, 339, 390, 422] (35)
89 : [419, 665, 723] (38)
90 : [346, 384, 460] (38)
91 : [433, 693, 720] (37)
92 : [362, 448, 535] (36)
93 : [164, 304, 679, 692] (36)
94 : [363, 504, 512, 644] (37)
95 : [1, 29, 518, 736] (37)
96 : [86, 235, 248, 695] (37)
97 : [53, 55, 107, 370, 701] (38)
98 : [22, 117, 188, 257, 327] (38)
99 : [18, 172, 451, 595] (38)
100 : [421, 456, 541, 597, 798] (39)
101 : [16, 247, 416, 626] (40)
102 : [0, 101, 275, 317, 669] (39)
103 : [110, 336, 392] (42)
104 : [132, 494, 577, 671, 700] (39)
105 : [153, 378, 654, 762] (40)
106 : [179, 442, 576] (42)
107 : [41, 137, 481, 574] (43)
108 : [57, 278, 714, 747] (42)
109 : [45, 63, 159, 200, 758] (41)
110 : [32, 75, 471, 596] (40)
111 : [221, 401, 527] (42)
112 : [59, 251, 470] (39)
113 : [46, 131, 222, 637] (39)
114 : [545, 662, 799] (41)
115 : [580, 795] (43)
116 : [286, 376, 452, 550] (39)
117 : [190, 273, 368, 534, 594] (40)
118 : [140, 202, 496, 754] (39)
119 : [129, 161, 268, 490] (38)
120 : [154, 244, 314, 643, 784] (38)
121 : [217, 267, 373, 423, 585, 667] (38)
122 : [306, 734] (40)
123 : [203, 441, 455, 581] (40)
124 : [33, 260, 344, 467, 485] (38)
125 : [187, 191, 227, 386] (37)
126 : [11, 165, 509] (37)
127 : [412, 515, 713] (37)
128 : [30, 150, 180, 684] (39)
129 : [603, 772] (36)
130 : [210, 399, 555, 668, 726] (38)
131 : [81, 186, 238, 356, 776] (37)
132 : [2, 71, 207, 318, 491, 768] (37)
133 : [62, 65, 365, 560, 663] (37)
134 : [145, 195, 211] (37)
135 : [44, 265, 271, 360, 722] (39)
136 : [5, 181, 269, 272, 694] (40)
137 : [82, 567] (40)
138 : [114, 194, 205, 411, 537] (44)
139 : [36, 632, 642] (44)
140 : [10, 405, 680, 707] (44)
141 : [20, 87, 478] (44)
142 : [627, 655] (43)
143 : [382, 400, 525] (42)
144 : [102, 578, 742] (43)
145 : [320, 528, 575, 651, 712] (43)
146 : [77, 183, 335, 483] (43)
147 : [274, 332, 437, 704, 717] (43)
148 : [98, 147, 284, 661] (44)
149 : [99, 106, 325, 415, 588, 683, 775] (43)
150 : [461, 475, 476, 710, 771, 791] (44)
151 : [338, 472, 542, 677] (44)
152 : [261, 333, 557] (44)
153 : [328, 329, 554] (44)
154 : [245, 746] (43)
155 : [303, 582, 611, 738] (43)
156 : [7, 25, 480, 612, 623] (42)
157 : [15, 214, 316, 520] (43)
158 : [80, 519, 553, 556, 625] (44)
159 : [349, 450, 466, 602, 745, 760] (43)
160 : [89, 457, 551, 586] (44)
161 : [198, 258, 434, 438, 639, 660, 698] (42)
162 : [112, 178, 236, 350, 583] (45)
163 : [162, 204, 507, 766] (44)
164 : [93, 570, 606, 628] (45)
165 : [136, 168, 231, 523, 599, 686] (44)
166 : [56, 313, 592, 780] (45)
167 : [234, 395, 526, 566, 741] (45)
168 : [215, 310, 547, 731] (45)
169 : [288, 591, 675, 748, 779] (45)
170 : [3, 35, 240, 502] (45)
171 : [4, 125, 436, 609, 709, 739] (45)
172 : [355, 601, 650, 759] (45)
173 : [50, 79, 144, 224, 417, 530] (47)
174 : [171, 446, 620] (45)
175 : [175, 250, 587, 718] (45)
176 : [123, 301, 447, 579, 735] (45)
177 : [14, 212, 521, 524, 614, 678, 696] (44)
178 : [155, 246, 503, 558, 664] (45)
179 : [166, 291, 425, 670, 750] (44)
180 : [54, 146, 298, 352, 353] (45)
181 : [8, 226, 289, 488, 531] (45)
182 : [216, 322, 351, 429, 565] (45)
183 : [9, 182, 479, 727] (45)
184 : [31, 232, 276, 410, 729] (46)
185 : [126, 148, 189, 584, 590] (45)
186 : [39, 52, 305, 431, 705] (49)
187 : [42, 115, 367, 510, 653] (45)
188 : [160, 283, 337, 379] (45)
189 : [223, 357, 408, 497] (45)
190 : [118, 358, 500, 538, 673, 792, 794] (44)
191 : [13, 209, 254, 728, 765, 793] (45)
