Name: 800-20-30
Time: 34.917227268218994 
Result: 30
Solution:  49 106 99 96 48 153 122 109 97 56 34 49 43 55 69 119 37 67 136 52 49 107 150 76 78 71 153 63 63 144 4 88 89 94 69 159 128 71 62 87 22 113 131 92 122 7 54 153 36 15 135 155 107 31 35 135 61 113 101 105 79 77 42 100 14 93 90 158 38 20 28 108 157 77 142 129 34 103 104 56 135 50 66 61 95 116 50 141 18 30 63 57 73 153 100 96 74 26 66 154 45 88 69 130 57 131 120 149 92 75 7 33 138 64 52 142 83 148 33 72 44 2 65 32 18 0 76 155 126 143 110 119 96 132 2 32 144 20 109 144 2 124 42 18 95 60 79 137 107 83 146 8 141 114 9 85 54 63 118 108 101 98 40 118 149 20 46 108 145 64 98 124 109 75 35 42 110 47 73 152 42 42 16 109 63 152 41 111 5 35 55 38 85 54 58 132 50 77 100 139 117 149 117 19 23 24 86 140 62 146 28 111 126 27 128 128 121 129 136 144 51 17 74 134 158 6 78 69 155 26 156 30 149 65 42 134 13 112 137 134 120 112 0 7 146 159 45 23 26 48 48 78 86 143 127 13 53 115 121 75 135 57 143 88 29 142 103 28 10 120 145 72 79 4 134 31 57 94 44 146 84 104 79 138 42 11 50 13 112 84 127 121 53 120 26 61 16 2 68 60 114 7 18 105 29 68 90 37 85 82 116 81 129 105 98 71 99 124 147 152 60 123 114 7 158 77 44 20 80 29 70 59 50 120 36 1 139 7 68 34 156 24 49 10 141 83 48 116 140 39 146 13 156 116 20 47 20 38 129 84 81 3 87 2 103 125 61 123 135 153 0 125 126 64 80 14 126 124 67 119 64 142 29 151 53 157 118 17 155 4 5 41 43 125 3 125 0 45 55 9 33 24 75 81 112 70 45 21 90 32 79 128 19 102 54 26 6 75 144 29 108 34 8 106 58 7 72 79 75 117 74 141 45 7 4 81 31 123 102 151 137 134 108 93 82 4 122 19 46 87 96 140 7 99 58 133 132 147 26 148 15 154 143 120 82 1 116 110 150 101 59 104 74 80 35 150 62 40 102 20 21 65 118 76 114 96 72 22 155 156 93 27 82 35 85 55 59 11 62 155 25 86 122 107 153 69 99 35 10 67 76 78 82 71 126 1 71 27 20 28 27 39 121 67 33 17 20 10 97 51 100 91 51 70 95 5 24 137 114 66 10 93 94 56 17 26 148 73 72 13 89 118 147 135 16 60 100 96 21 6 113 86 145 91 102 7 93 127 140 23 130 5 9 52 105 29 85 80 138 118 101 7 148 103 28 1 112 11 76 134 107 66 109 57 23 54 44 77 89 44 139 47 33 38 109 101 9 107 91 91 131 156 114 65 138 83 115 37 154 130 73 44 37 84 147 97 130 138 115 101 81 106 43 14 148 102 123 92 28 41 70 66 109 52 48 19 121 115 88 119 78 72 133 142 39 129 25 22 94 13 123 153 97 64 72 133 61 2 47 8 24 66 34 156 111 34 154 2 32 159 151 132 24 154 49 158 27 53 1 87 98 38 23 159 44 3 103 118 59 87 156 44 136 10 104 81 110 36 95 37 35 147 107 20 105 15 46 58 151 89 146 40 97 154 95 3 159 6 122 37 86 14 138 152 119 111 47 40 131 18 30 134 50 28 19 56 124 70 80 25 137 102 87 150 62 91 126 41 20 60 132 154 78 90 15 67 63 43 3 8 63 115 53 86 42 51 89 60 8 136 139 23 121 113 128 9 52 141 157 18 98 136 97 51 142 47 101 112 25 11
0 : [125, 242, 370, 396] (23)
1 : [335, 465, 515, 585, 688] (22)
2 : [121, 134, 140, 297, 363, 667, 677] (21)
3 : [361, 394, 695, 725, 768] (21)
4 : [30, 273, 389, 434, 445] (21)
5 : [188, 390, 535, 571] (22)
6 : [225, 416, 559, 727] (21)
7 : [45, 110, 243, 301, 323, 337, 425, 433, 452, 565, 581] (25)
8 : [151, 422, 669, 769, 778] (22)
9 : [154, 399, 572, 606, 785] (22)
10 : [268, 343, 508, 527, 540, 703] (20)
11 : [285, 497, 587, 799] (21)
12 : [] (0)
13 : [236, 255, 287, 351, 549, 659] (22)
14 : [64, 375, 633, 731] (23)
15 : [49, 460, 715, 764] (21)
16 : [182, 296, 554] (24)
17 : [221, 387, 525, 544] (21)
18 : [88, 124, 143, 302, 739, 789] (20)
19 : [203, 412, 447, 645, 744] (20)
20 : [69, 137, 165, 327, 354, 356, 479, 518, 526, 713, 758] (20)
21 : [407, 480, 558] (22)
22 : [40, 487, 657] (20)
23 : [204, 247, 569, 594, 692, 781] (20)
24 : [205, 341, 401, 536, 670, 682] (20)
25 : [500, 656, 749, 798] (20)
26 : [97, 229, 248, 294, 415, 458, 545] (20)
27 : [213, 491, 517, 520, 686] (20)
28 : [70, 210, 267, 519, 584, 638, 743] (20)
29 : [264, 304, 329, 382, 419, 575] (23)
30 : [89, 231, 740] (21)
31 : [53, 275, 436] (21)
32 : [123, 135, 409, 678] (22)
33 : [111, 118, 400, 524, 602] (22)
34 : [10, 76, 339, 421, 672, 675] (22)
35 : [54, 174, 189, 474, 493, 507, 710] (22)
36 : [48, 334, 707] (24)
37 : [16, 307, 617, 622, 709, 729] (23)
38 : [68, 191, 357, 603, 691] (25)
39 : [349, 521, 654] (23)
40 : [162, 477, 721, 737] (22)
41 : [186, 391, 639, 757] (22)
42 : [62, 142, 175, 180, 181, 234, 284, 774] (22)
43 : [12, 392, 632, 767] (23)
44 : [120, 278, 326, 596, 599, 621, 694, 701] (23)
45 : [100, 246, 397, 406, 432] (23)
46 : [166, 448, 716] (25)
47 : [177, 355, 601, 668, 736, 795] (23)
48 : [4, 249, 250, 346, 644] (23)
49 : [0, 11, 20, 342, 684] (22)
50 : [81, 86, 196, 286, 332, 742] (23)
51 : [220, 529, 532, 775, 793] (22)
52 : [19, 114, 573, 643, 786] (23)
53 : [256, 292, 384, 687, 772] (23)
54 : [46, 156, 193, 414, 595] (24)
55 : [13, 190, 398, 495] (25)
56 : [9, 79, 543, 745] (23)
57 : [91, 104, 261, 276, 593] (23)
58 : [194, 424, 454, 717] (24)
59 : [331, 470, 496, 698] (24)
60 : [145, 299, 320, 555, 759, 777] (25)
61 : [56, 83, 295, 366, 666] (26)
62 : [38, 208, 476, 498, 754] (24)
63 : [27, 28, 90, 157, 184, 766, 770] (24)
64 : [113, 169, 373, 380, 663] (24)
65 : [122, 233, 481, 613] (24)
66 : [82, 98, 539, 591, 641, 671] (23)
67 : [17, 378, 509, 523, 765] (25)
68 : [298, 305, 338] (26)
69 : [14, 34, 102, 227, 505] (25)
70 : [330, 405, 533, 640, 747] (22)
71 : [25, 37, 315, 513, 516] (23)
72 : [119, 271, 426, 486, 548, 651, 664] (23)
73 : [92, 178, 547, 620] (23)
74 : [96, 222, 430, 472] (23)
75 : [109, 173, 259, 402, 417, 428] (24)
76 : [23, 126, 483, 510, 588] (25)
77 : [61, 73, 197, 325, 597] (25)
78 : [24, 226, 251, 511, 650, 762] (24)
79 : [60, 146, 272, 282, 410, 427] (25)
80 : [328, 374, 473, 577, 748] (25)
81 : [311, 360, 403, 435, 630, 705] (25)
82 : [309, 444, 464, 492, 512] (25)
83 : [116, 149, 345, 615] (25)
84 : [280, 289, 359, 623] (25)
85 : [155, 192, 308, 494, 576] (25)
86 : [206, 252, 501, 561, 730, 773] (25)
87 : [39, 362, 449, 689, 699, 752] (27)
88 : [31, 101, 263, 648] (26)
89 : [32, 550, 598, 719, 776] (25)
90 : [66, 306, 408, 763] (27)
91 : [531, 563, 608, 609, 755] (26)
92 : [43, 108, 637] (27)
93 : [65, 443, 490, 541, 566] (26)
94 : [33, 277, 542, 658] (28)
95 : [84, 144, 534, 708, 724] (27)
96 : [3, 95, 132, 450, 485, 557] (27)
97 : [8, 528, 625, 662, 722, 792] (27)
98 : [161, 170, 314, 690, 790] (28)
99 : [2, 316, 453, 506] (27)
100 : [63, 94, 198, 530, 556] (27)
101 : [58, 160, 469, 580, 605, 629, 796] (27)
102 : [413, 438, 478, 564, 635, 751] (26)
103 : [77, 266, 364, 583, 696] (26)
104 : [78, 281, 471, 704] (27)
105 : [59, 303, 313, 574, 714] (28)
106 : [1, 423, 631] (28)
107 : [21, 52, 148, 503, 590, 607, 712] (27)
108 : [71, 159, 167, 420, 442] (28)
109 : [7, 138, 172, 183, 592, 604, 642] (28)
110 : [130, 176, 467, 706] (28)
111 : [187, 211, 674, 735] (29)
112 : [237, 241, 288, 404, 586, 797] (28)
113 : [41, 57, 560, 783] (29)
114 : [153, 300, 322, 484, 538, 612] (29)
115 : [257, 616, 628, 647, 771] (28)
116 : [85, 310, 347, 353, 466] (29)
117 : [200, 202, 429] (30)
118 : [158, 163, 386, 482, 551, 579, 697] (28)
119 : [15, 131, 379, 649, 734] (27)
120 : [106, 240, 269, 293, 333, 463] (27)
121 : [216, 258, 291, 522, 646, 782] (28)
122 : [6, 44, 446, 502, 728] (29)
123 : [321, 367, 437, 636, 660] (30)
124 : [141, 171, 317, 377, 746] (29)
125 : [365, 371, 393, 395] (29)
126 : [128, 212, 372, 376, 514, 756] (27)
127 : [254, 290, 567] (28)
128 : [36, 214, 215, 411, 784] (28)
129 : [75, 217, 312, 358, 655] (28)
130 : [103, 570, 619, 626] (29)
131 : [42, 105, 610, 738] (29)
132 : [133, 195, 456, 681, 760] (27)
133 : [455, 652, 665] (30)
134 : [223, 235, 239, 274, 441, 589, 741] (28)
135 : [50, 55, 80, 260, 368, 553] (27)
136 : [18, 218, 702, 779, 791] (28)
137 : [147, 238, 440, 537, 750] (28)
138 : [112, 283, 578, 614, 627, 732] (28)
139 : [199, 336, 600, 780] (28)
140 : [207, 348, 451, 568] (28)
141 : [87, 152, 344, 431, 787] (28)
142 : [74, 115, 265, 381, 653, 794] (29)
143 : [129, 253, 262, 462] (29)
144 : [29, 136, 139, 219, 418] (30)
145 : [168, 270, 562] (29)
146 : [150, 209, 244, 279, 350, 720] (30)
147 : [318, 457, 552, 624, 711] (30)
148 : [117, 459, 546, 582, 634] (30)
149 : [107, 164, 201, 232] (29)
150 : [22, 468, 475, 753] (30)
151 : [383, 439, 680, 718] (30)
152 : [179, 185, 319, 733] (30)
153 : [5, 26, 47, 93, 369, 504, 661] (30)
154 : [99, 461, 618, 676, 683, 723, 761] (28)
155 : [51, 127, 228, 388, 488, 499] (28)
156 : [230, 340, 352, 489, 611, 673, 700] (29)
157 : [72, 385, 788] (29)
158 : [67, 224, 324, 685] (29)
159 : [35, 245, 679, 693, 726] (29)
