Name: 800-50-80
Time: 34.68346071243286 
Result: 5083
Solution:  55 181 57 113 110 13 136 35 39 12 177 165 44 9 131 53 160 128 30 117 146 107 23 171 88 84 9 102 161 157 180 78 29 107 63 50 170 55 112 128 73 165 140 7 140 149 9 33 108 71 122 91 77 55 25 174 46 114 12 96 124 52 166 166 155 52 8 131 20 113 38 124 162 67 168 133 166 15 9 138 38 109 50 150 90 158 94 57 38 109 173 19 94 144 72 117 8 107 154 143 120 75 87 33 100 175 119 79 100 169 164 84 65 13 169 4 84 6 64 135 127 61 170 145 179 155 51 31 10 133 0 167 147 79 178 163 110 145 26 13 128 42 183 135 172 91 92 106 76 161 44 129 176 7 144 149 115 111 30 177 132 3 51 113 23 47 68 48 33 165 22 132 83 61 53 172 177 77 7 172 122 148 85 75 6 68 58 112 109 124 34 70 164 114 90 129 3 103 68 149 132 114 65 154 156 134 79 97 139 96 12 5 154 17 118 22 128 69 175 40 113 103 153 98 60 37 168 129 123 55 77 45 141 59 45 33 35 136 39 170 142 100 143 130 67 40 49 18 26 157 1 163 26 56 20 69 137 97 155 51 8 184 100 151 45 168 118 127 3 28 147 31 134 30 166 55 88 115 146 26 156 153 58 150 110 121 79 152 106 182 116 58 139 140 129 136 8 176 173 27 49 135 24 64 157 90 50 142 52 36 84 118 71 40 123 30 156 60 183 90 104 143 178 6 137 141 50 119 125 109 125 164 24 9 177 82 24 175 36 29 16 98 76 111 32 89 41 163 89 11 120 123 139 115 30 25 172 68 96 106 53 150 29 145 145 130 92 138 62 42 54 73 182 68 23 151 16 144 14 143 86 104 172 161 143 72 20 6 23 40 104 124 66 15 101 2 161 152 38 99 22 81 96 167 91 153 174 66 77 164 175 162 174 108 71 159 2 93 180 145 171 32 85 88 34 85 75 13 1 176 79 20 159 159 68 74 123 165 158 156 23 131 139 43 14 102 63 94 103 65 166 135 177 37 183 134 27 148 137 17 142 112 126 121 166 28 56 93 22 61 126 80 60 105 34 66 162 70 35 122 68 123 41 167 110 174 129 30 31 135 27 159 60 182 178 42 159 173 87 101 18 179 69 120 87 176 86 180 101 44 80 140 172 52 62 146 130 63 148 66 163 84 4 0 84 123 165 48 137 49 147 99 99 80 35 18 12 78 154 157 111 39 61 151 70 127 83 152 15 62 9 146 57 171 183 183 57 161 19 69 109 86 45 180 128 136 149 101 161 0 130 92 158 103 34 14 131 59 145 175 118 65 72 19 134 18 33 179 38 121 166 158 22 6 140 32 141 28 25 104 105 27 145 141 97 151 158 153 142 41 81 111 99 0 119 9 177 64 105 153 97 79 76 48 160 6 177 39 58 20 181 53 110 108 131 177 1 156 59 75 37 3 81 111 95 64 146 93 53 176 133 14 54 95 11 117 114 46 2 74 149 122 107 82 22 181 113 142 167 152 170 141 160 46 74 116 83 167 34 132 48 146 51 125 47 142 9 22 128 122 10 5 135 67 99 152 74 174 32 148 140 126 144 101 184 89 58 127 16 47 92 85 150 52 43 86 54 143 117 53 130 26 85 106 147 131 120 162 7 164 183 146 78 138 126 98 7 98 136 17 92 184 76 70 5 82 57 169 49 145 36 74 178 171 149 184 90 181 39 73 114 65 174 173 10 172 112 43 175 46 89 167 154 37 169 33 145 90 161 102 144 115 14 94 133 180 125 71 184 94 10 41 179 9 123 4 132 163 154 69
0 : [130, 523, 569, 613] (54)
1 : [250, 428, 636] (52)
2 : [395, 416, 658] (53)
3 : [161, 196, 268, 641] (51)
4 : [115, 522, 795] (52)
5 : [211, 691, 744] (53)
6 : [117, 184, 323, 387, 593, 625] (52)
7 : [43, 153, 178, 728, 736] (51)
8 : [66, 96, 260, 296] (50)
9 : [13, 26, 46, 78, 333, 550, 615, 686, 793] (55)
10 : [128, 690, 764, 790] (51)
11 : [349, 654] (53)
12 : [9, 58, 210, 536] (54)
13 : [5, 113, 139, 427] (51)
14 : [378, 444, 575, 651, 782] (51)
15 : [77, 393, 548] (57)
16 : [340, 376, 708] (53)
17 : [213, 459, 739] (62)
18 : [247, 500, 535, 585] (58)
19 : [91, 558, 583] (59)
20 : [68, 254, 386, 431, 629] (52)
21 : [] (0)
22 : [170, 215, 400, 468, 592, 664, 687] (51)
23 : [22, 164, 374, 388, 440] (53)
24 : [302, 332, 336] (52)
25 : [54, 355, 598] (53)
26 : [138, 248, 252, 279, 721] (54)
27 : [299, 456, 490, 601] (57)
28 : [269, 465, 597] (53)
29 : [32, 339, 362] (53)
30 : [18, 158, 273, 315, 354, 487] (55)
31 : [127, 271, 488] (56)
32 : [344, 421, 595, 698] (54)
33 : [47, 103, 168, 235, 586, 775] (55)
34 : [190, 424, 474, 574, 678] (54)
35 : [7, 236, 478, 534] (55)
36 : [309, 338, 750] (59)
37 : [225, 453, 640, 773] (54)
38 : [70, 80, 88, 398, 588] (59)
39 : [8, 238, 541, 627, 758] (57)
40 : [219, 245, 313, 389] (58)
41 : [346, 482, 609, 791] (57)
42 : [141, 369, 495] (63)
43 : [443, 714, 767] (58)
44 : [12, 150, 509] (64)
45 : [231, 234, 264, 562] (60)
46 : [56, 657, 673, 769] (60)
47 : [165, 684, 709] (64)
48 : [167, 527, 623, 680] (62)
49 : [246, 300, 529, 748] (61)
50 : [35, 82, 306, 326] (61)
51 : [126, 162, 259, 682] (72)
52 : [61, 65, 308, 513, 713] (60)
53 : [15, 174, 360, 631, 648, 719] (62)
54 : [370, 652, 716] (60)
55 : [0, 37, 53, 229, 275] (60)
56 : [253, 466] (62)
57 : [2, 87, 552, 556, 746] (61)
58 : [186, 282, 291, 628, 706] (60)
59 : [233, 577, 638] (63)
60 : [224, 317, 472, 492] (60)
61 : [121, 173, 469, 542] (61)
62 : [368, 514, 549] (65)
63 : [34, 446, 517] (60)
64 : [118, 303, 617, 645] (54)
65 : [112, 202, 449, 581, 761] (60)
66 : [392, 407, 475, 519] (55)
67 : [73, 244, 693] (55)
68 : [166, 185, 198, 357, 373, 434, 480] (51)
69 : [217, 255, 502, 559, 799] (60)
70 : [191, 477, 544, 743] (59)
71 : [49, 312, 414, 787] (59)
72 : [94, 385, 582] (59)
73 : [40, 371, 759] (61)
74 : [435, 659, 674, 696, 751] (57)
75 : [101, 183, 426, 639] (62)
76 : [148, 342, 622, 742] (59)
77 : [52, 177, 230, 408] (59)
78 : [31, 537, 732] (64)
79 : [107, 133, 206, 286, 430, 621] (60)
80 : [471, 510, 533] (63)
81 : [401, 610, 642] (65)
82 : [335, 663, 745] (68)
83 : [172, 546, 676] (66)
84 : [25, 111, 116, 310, 521, 524] (66)
85 : [182, 422, 425, 711, 722] (65)
86 : [380, 506, 561, 715] (64)
87 : [102, 498, 504] (69)
88 : [24, 276, 423] (64)
89 : [345, 348, 705, 770] (66)
90 : [84, 194, 305, 319, 756, 777] (67)
91 : [51, 145, 404] (66)
92 : [146, 366, 571, 710, 740] (66)
93 : [417, 467, 647] (65)
94 : [86, 92, 447, 783, 789] (66)
95 : [644, 653] (74)
96 : [59, 209, 358, 402] (67)
97 : [207, 257, 604, 620] (64)
98 : [223, 341, 735, 737] (70)
99 : [399, 531, 532, 612, 694] (65)
100 : [104, 108, 241, 262] (65)
101 : [394, 499, 508, 567, 703] (68)
102 : [27, 445, 779] (64)
103 : [197, 221, 448, 573] (64)
104 : [320, 381, 390, 599] (62)
105 : [473, 600, 618] (62)
106 : [147, 288, 359, 723] (68)
107 : [21, 33, 97, 662] (64)
108 : [48, 413, 633] (63)
109 : [81, 89, 188, 329, 560] (68)
110 : [4, 136, 284, 484, 632] (72)
111 : [157, 343, 540, 611, 643] (69)
112 : [38, 187, 461, 766] (75)
113 : [3, 69, 163, 220, 666] (69)
114 : [57, 193, 201, 656, 760] (70)
115 : [156, 277, 353, 781] (66)
116 : [290, 675] (69)
117 : [19, 95, 655, 718] (71)
118 : [214, 266, 311, 580] (68)
119 : [106, 327, 614] (67)
120 : [100, 350, 503, 726] (70)
121 : [285, 463, 589] (66)
122 : [50, 180, 479, 661, 689] (68)
123 : [228, 314, 351, 436, 481, 525, 794] (69)
124 : [60, 71, 189, 391] (68)
125 : [328, 330, 683, 786] (67)
126 : [462, 470, 701, 734] (68)
127 : [120, 267, 545, 707] (76)
128 : [17, 39, 140, 216, 564, 688] (76)
129 : [151, 195, 227, 294, 486] (77)
130 : [243, 365, 516, 570, 720] (75)
131 : [14, 67, 441, 576, 634, 725] (76)
132 : [160, 171, 200, 679, 796] (76)
133 : [75, 129, 650, 784] (76)
134 : [205, 272, 455, 584] (82)
135 : [119, 143, 301, 451, 489, 692] (75)
136 : [6, 237, 295, 565, 738] (75)
137 : [256, 324, 458, 528] (77)
138 : [79, 367, 733] (76)
139 : [208, 292, 352, 442] (80)
140 : [42, 44, 293, 511, 594, 700] (78)
141 : [232, 325, 596, 603, 671] (75)
142 : [240, 307, 460, 608, 667, 685] (79)
143 : [99, 242, 321, 379, 384, 717] (78)
144 : [93, 154, 377, 702, 780] (78)
145 : [123, 137, 363, 364, 419, 578, 602, 749, 776] (75)
146 : [20, 278, 515, 551, 646, 681, 731] (75)
147 : [132, 270, 530, 724] (77)
148 : [181, 457, 518, 699] (79)
149 : [45, 155, 199, 566, 660, 754] (78)
150 : [83, 283, 361, 712] (80)
151 : [263, 375, 543, 605] (79)
152 : [287, 397, 547, 669, 695] (77)
153 : [222, 281, 405, 607, 619] (76)
154 : [98, 203, 212, 538, 772, 798] (77)
155 : [64, 125, 258] (78)
156 : [204, 280, 316, 439, 637] (77)
157 : [29, 249, 304, 539] (78)
158 : [85, 438, 572, 591, 606] (80)
159 : [415, 432, 433, 491, 496] (79)
160 : [16, 624, 672] (79)
161 : [28, 149, 383, 396, 557, 568, 778] (77)
162 : [72, 411, 476, 727] (76)
163 : [135, 251, 347, 520, 797] (78)
164 : [110, 192, 331, 409, 729] (77)
165 : [11, 41, 169, 437, 526] (78)
166 : [62, 63, 76, 274, 450, 464, 590] (77)
167 : [131, 403, 483, 668, 677, 771] (80)
168 : [74, 226, 265] (76)
169 : [109, 114, 747, 774] (73)
170 : [36, 122, 239, 670] (79)
171 : [23, 420, 553, 753] (77)
172 : [144, 175, 179, 356, 382, 512, 765] (80)
173 : [90, 298, 497, 763] (77)
174 : [55, 406, 412, 485, 697, 762] (72)
175 : [105, 218, 337, 410, 579, 768] (73)
176 : [152, 297, 429, 505, 649] (72)
177 : [10, 159, 176, 334, 452, 616, 626, 635] (73)
178 : [134, 322, 494, 752] (76)
179 : [124, 501, 587, 792] (77)
180 : [30, 418, 507, 563, 785] (80)
181 : [1, 630, 665, 757] (80)
182 : [289, 372, 493] (76)
183 : [142, 318, 454, 554, 555, 730] (71)
184 : [261, 704, 741, 755, 788] (83)
