Name: 800-30-45
Time: 36.82279872894287 
Result: 4047
Solution:  105 95 131 173 171 135 72 157 176 179 140 124 68 189 177 159 100 69 96 56 142 57 98 73 39 156 47 86 65 91 125 184 110 117 28 167 132 85 70 186 29 107 189 48 129 106 114 72 10 79 170 6 183 99 181 98 164 107 76 108 38 33 131 106 44 133 29 85 29 70 4 135 7 39 91 113 35 138 87 174 155 133 138 57 34 25 97 141 55 159 71 6 30 164 0 48 30 90 148 151 35 98 142 44 4 15 149 93 41 73 101 58 162 51 136 184 79 98 189 67 10 50 2 174 54 172 189 43 46 119 47 110 103 86 28 44 167 108 42 26 116 75 20 71 176 131 178 148 190 32 132 20 7 105 120 178 32 59 34 109 187 115 163 24 97 126 180 45 169 0 40 175 99 21 58 174 11 16 160 104 133 134 182 145 4 69 132 124 97 182 117 123 77 22 136 137 86 82 164 22 112 69 118 129 165 137 43 129 79 191 130 135 175 19 165 169 178 122 25 24 71 111 118 190 172 43 180 121 61 21 60 167 185 76 169 93 162 5 128 62 170 32 73 56 120 154 179 103 96 3 175 114 64 66 189 23 87 97 165 63 129 152 38 6 52 136 38 121 122 139 38 136 139 116 144 105 184 8 108 53 84 80 16 186 149 13 115 83 158 174 57 182 87 1 25 4 68 67 184 63 44 171 15 155 96 183 121 66 54 66 166 52 61 167 112 79 159 109 135 75 143 29 187 39 19 150 75 98 155 154 83 55 145 147 26 147 102 185 154 83 17 3 1 40 122 44 88 23 46 162 160 183 181 186 83 163 133 190 188 68 135 66 89 90 1 134 3 185 119 78 93 26 79 121 72 7 110 15 108 185 61 81 142 28 90 78 126 13 55 5 94 37 102 21 22 166 14 1 77 130 144 115 16 82 1 141 31 38 188 44 180 143 125 28 23 141 99 171 41 89 46 101 84 119 4 178 40 62 0 179 45 186 49 91 161 25 170 147 162 34 21 124 100 56 52 48 172 170 102 24 156 98 117 64 69 127 99 161 81 19 90 151 8 15 52 17 162 127 38 55 111 109 154 28 23 148 152 74 145 180 156 106 63 145 23 127 59 38 181 32 124 131 51 47 101 23 116 189 86 64 188 22 171 182 92 33 8 162 19 126 187 72 95 74 60 127 61 72 94 164 156 176 60 163 173 143 165 110 142 79 173 178 30 38 115 92 37 138 189 50 8 100 150 46 1 111 73 168 3 29 111 159 11 157 153 128 160 151 181 54 134 32 78 88 61 185 164 139 22 41 162 46 62 56 112 147 110 106 140 179 113 122 156 163 186 117 152 178 160 14 190 167 168 13 122 95 112 92 81 167 55 171 157 130 33 87 158 82 11 173 11 161 157 35 174 48 1 58 28 17 174 68 9 156 81 158 98 141 165 68 25 45 140 54 48 79 2 116 85 150 66 9 140 113 97 13 77 1 56 5 172 148 30 189 103 146 10 77 31 61 170 148 120 134 176 98 81 115 131 108 177 109 42 191 76 171 57 153 175 91 142 63 20 151 133 67 166 9 80 2 40 31 94 91 137 96 176 81 164 10 107 99 49 62 146 187 36 137 85 168 150 22 143 128 109 15 56 145 177 59 93 36 139 88 65 46 130 183 191 181 26 167 73 47 123 177 92 18 151 169 18 167 149 17 47 161 155 104 168 53 177 13 85 80 113 58 62 52 109 172 158 29 107 34 73 189 161 53 128 14 18 153 125 9 43 144 134 29 55 170 166 38 78 70 119 76 66 84 6 41 3 146 191 188 191 114 0 45 100 109
0 : [94, 169, 428, 796] (31)
1 : [293, 342, 364, 397, 404, 544, 616, 647] (30)
2 : [122, 636, 689] (30)
3 : [249, 341, 366, 548, 790] (30)
4 : [70, 104, 184, 295, 424] (30)
5 : [237, 389, 649] (30)
6 : [51, 91, 263, 788] (30)
7 : [72, 152, 375] (32)
8 : [277, 462, 506, 540] (32)
9 : [622, 641, 687, 773] (32)
10 : [48, 120, 656, 699] (31)
11 : [176, 552, 608, 610] (30)
12 : [] (0)
13 : [285, 387, 593, 645, 751] (31)
14 : [396, 589, 769] (35)
15 : [105, 302, 377, 463, 715] (31)
16 : [177, 282, 402] (33)
17 : [340, 465, 619, 743] (34)
18 : [737, 740, 770] (33)
19 : [213, 324, 459, 508] (33)
20 : [142, 151, 682] (30)
21 : [173, 229, 393, 440] (34)
22 : [193, 199, 394, 501, 568, 711] (33)
23 : [255, 347, 414, 474, 484, 495] (43)
24 : [163, 219, 449] (33)
25 : [85, 218, 294, 435, 630] (38)
26 : [139, 334, 371, 730] (34)
27 : [] (0)
28 : [34, 134, 383, 413, 473, 618] (37)
29 : [40, 66, 68, 321, 549, 761, 777] (30)
30 : [92, 96, 532, 652] (41)
31 : [406, 658, 691] (33)
32 : [149, 156, 241, 489, 561] (31)
33 : [61, 505, 604] (31)
34 : [84, 158, 439, 763] (32)
35 : [76, 100, 613] (31)
36 : [706, 721] (37)
37 : [391, 536] (33)
38 : [60, 262, 266, 270, 407, 468, 487, 533, 781] (30)
39 : [24, 73, 323] (31)
40 : [170, 343, 426, 690] (31)
41 : [108, 418, 569, 789] (30)
42 : [138, 672] (38)
43 : [127, 206, 225, 774] (32)
44 : [64, 103, 135, 300, 345, 409] (34)
45 : [167, 430, 631, 797] (35)
46 : [128, 348, 420, 543, 571, 725] (31)
47 : [26, 130, 493, 733, 744] (31)
48 : [43, 95, 445, 615, 634] (33)
49 : [432, 702] (35)
50 : [121, 539] (33)
51 : [113, 492] (33)
52 : [264, 311, 444, 464, 757] (30)
53 : [279, 749, 767] (36)
54 : [124, 308, 559, 633] (36)
55 : [88, 331, 388, 469, 600, 778] (34)
56 : [19, 243, 443, 573, 648, 716] (34)
57 : [21, 83, 290, 676] (36)
58 : [111, 174, 617, 755] (36)
59 : [157, 486, 719] (37)
60 : [230, 514, 522] (39)
61 : [228, 312, 380, 516, 564, 659] (34)
62 : [239, 427, 572, 703, 756] (44)
63 : [259, 299, 482, 681] (36)
64 : [252, 453, 499] (37)
65 : [28, 724] (35)
66 : [253, 307, 309, 361, 640, 786] (34)
67 : [119, 297, 685] (30)
68 : [12, 296, 359, 621, 629] (35)
69 : [17, 185, 201, 454] (35)
70 : [38, 69, 783] (37)
71 : [90, 143, 220] (38)
72 : [6, 47, 374, 511, 517] (35)
73 : [23, 109, 242, 546, 732, 764] (37)
74 : [477, 513] (38)
75 : [141, 319, 326] (35)
76 : [58, 233, 674, 785] (38)
77 : [192, 398, 646, 657] (38)
78 : [369, 385, 562, 782] (35)
79 : [49, 116, 208, 315, 372, 529, 635] (34)
80 : [281, 688, 753] (33)
81 : [381, 458, 598, 624, 666, 697] (32)
82 : [197, 403, 607] (35)
83 : [287, 330, 339, 354] (39)
84 : [280, 422, 787] (36)
85 : [37, 67, 638, 708, 752] (38)
86 : [27, 133, 196, 498] (37)
87 : [78, 256, 292, 605] (39)
88 : [346, 563, 723] (37)
89 : [362, 419] (33)
90 : [97, 363, 384, 460] (42)
91 : [29, 74, 433, 679, 693] (43)
92 : [504, 535, 597, 736] (36)
93 : [107, 235, 370, 720] (38)
94 : [390, 518, 692] (36)
95 : [1, 512, 595] (40)
96 : [18, 248, 304, 695] (36)
97 : [86, 164, 188, 257, 644] (36)
98 : [22, 55, 101, 117, 327, 451, 626, 665] (36)
99 : [53, 172, 416, 456, 701] (35)
100 : [16, 442, 541, 798] (40)
101 : [110, 421, 494] (39)
102 : [336, 392, 448] (38)
103 : [132, 247, 654] (36)
104 : [179, 747] (39)
105 : [0, 153, 275] (38)
106 : [45, 63, 481, 577] (40)
107 : [41, 57, 700, 762] (40)
108 : [59, 137, 278, 378, 669] (35)
109 : [159, 317, 471, 671, 714, 758, 799] (35)
110 : [32, 131, 376, 527, 576] (36)
111 : [221, 470, 545, 550] (31)
112 : [200, 314, 574, 596] (40)
113 : [75, 580, 643, 754] (39)
114 : [46, 251, 795] (41)
115 : [161, 286, 401, 534, 667] (38)
116 : [140, 273, 496, 637] (38)
117 : [33, 190, 452, 585] (39)
118 : [202, 222] (41)
119 : [129, 368, 423, 784] (39)
120 : [154, 244, 662] (41)
121 : [227, 267, 306, 373] (43)
122 : [217, 268, 344, 581, 594] (43)
123 : [191, 734] (39)
124 : [11, 187, 441, 490] (43)
125 : [30, 412, 772] (41)
126 : [165, 386, 509] (43)
127 : [455, 467, 485, 515] (42)
128 : [238, 555, 713, 768] (38)
129 : [44, 203, 207, 260] (39)
130 : [210, 399, 603, 726] (41)
131 : [2, 62, 145, 491, 668] (38)
132 : [36, 150, 186] (38)
133 : [65, 81, 180, 356, 684] (42)
134 : [181, 365, 560, 663, 776] (38)
135 : [5, 71, 211, 318, 360] (42)
136 : [114, 194, 265, 271] (36)
137 : [195, 205, 694, 707] (40)
138 : [77, 82, 537] (42)
139 : [269, 272, 567, 722] (42)
140 : [10, 578, 632, 642] (45)
141 : [87, 405, 415, 627] (43)
142 : [20, 102, 382, 528, 680] (43)
143 : [320, 411, 525, 712] (43)
144 : [274, 400, 775] (43)
145 : [183, 332, 478, 483, 717] (42)
146 : [655, 704, 791] (47)
147 : [333, 335, 437, 575] (45)
148 : [98, 147, 475, 651, 661] (45)
149 : [106, 284, 742] (45)
150 : [325, 542, 639, 710] (45)
151 : [99, 461, 557, 683, 738] (45)
152 : [261, 476, 586] (45)
153 : [554, 677, 771] (44)
154 : [245, 329, 338, 472] (45)
155 : [80, 303, 328, 746] (47)
156 : [25, 450, 480, 520, 582, 623] (45)
157 : [7, 553, 602, 612] (45)
158 : [288, 606, 625, 760] (45)
159 : [15, 89, 316, 551] (43)
160 : [178, 350, 556, 588] (45)
161 : [434, 457, 611, 745, 766] (44)
162 : [112, 236, 349, 438, 466, 507, 570] (44)
163 : [162, 355, 523, 583] (45)
164 : [56, 93, 198, 519, 566, 698] (45)
165 : [204, 214, 258, 526, 628] (45)
166 : [310, 395, 686, 780] (45)
167 : [35, 136, 231, 313, 591, 599, 731, 741] (44)
168 : [547, 592, 709, 748] (45)
169 : [168, 215, 234, 739] (45)
170 : [50, 240, 436, 447, 660, 779] (44)
171 : [4, 301, 417, 502, 601, 675] (43)
172 : [125, 224, 446, 650, 759] (43)
173 : [3, 524, 530, 609] (45)
174 : [79, 123, 175, 289, 614, 620] (43)
175 : [171, 212, 250, 678] (44)
176 : [8, 144, 521, 664, 696] (44)
177 : [14, 670, 718, 735, 750] (44)
178 : [146, 155, 216, 425, 531, 587] (43)
179 : [9, 246, 429, 579] (42)
180 : [166, 226, 410, 479] (45)
181 : [54, 352, 488, 558, 729] (44)
182 : [182, 189, 291, 503] (45)
183 : [52, 305, 351, 727] (45)
184 : [31, 115, 276, 298] (44)
185 : [232, 337, 367, 379, 565] (44)
186 : [39, 283, 353, 431, 584] (43)
187 : [160, 322, 510, 705] (44)
188 : [358, 408, 500, 793] (43)
189 : [13, 42, 118, 126, 254, 497, 538, 653, 765] (42)
190 : [148, 223, 357, 590] (43)
191 : [209, 673, 728, 792, 794] (42)
