Name: 800-50-80
Time: 34.55011177062988 
Result: 2080
Solution:  50 183 56 113 115 11 137 35 44 13 183 165 37 10 130 55 159 129 32 112 144 114 21 171 93 88 7 97 161 152 179 78 27 99 61 52 162 56 109 127 78 166 141 3 136 150 8 33 104 74 122 97 74 58 23 167 50 111 19 94 124 50 168 165 155 55 14 131 19 114 37 128 161 62 165 140 166 15 12 135 37 109 50 149 89 159 93 55 35 110 173 18 93 144 72 114 14 109 164 143 123 69 84 31 96 177 118 78 105 170 160 86 66 13 172 5 89 7 63 134 128 54 165 145 177 157 51 31 7 128 2 171 150 81 178 160 106 142 31 13 134 39 184 135 175 86 88 102 75 151 42 129 176 7 145 150 115 108 31 178 127 3 46 120 22 48 72 45 36 162 22 132 83 60 53 178 177 76 8 168 122 149 86 75 3 71 58 115 109 121 33 72 165 117 90 127 4 99 62 146 135 116 62 154 156 134 80 94 133 92 22 5 151 17 117 25 128 69 174 45 113 102 153 91 59 42 169 124 125 53 77 47 141 61 44 28 45 141 41 171 142 108 143 129 67 44 48 16 25 160 0 161 25 57 19 69 137 96 156 52 8 184 98 151 46 169 121 129 2 27 152 31 135 28 167 50 86 116 138 26 156 152 56 149 112 121 77 153 100 178 120 53 139 140 127 137 9 177 172 25 48 131 24 65 162 87 49 140 60 41 87 117 67 35 121 29 156 59 183 84 104 144 179 7 136 143 47 121 118 111 124 165 24 14 169 82 24 174 33 34 10 96 72 111 35 94 48 160 91 12 120 123 139 111 28 23 170 71 94 95 54 149 30 146 146 136 92 142 68 43 54 73 180 70 25 148 13 152 15 139 80 103 174 158 141 72 21 12 23 40 100 122 63 19 103 1 159 153 40 98 21 80 101 173 94 156 170 68 77 164 173 162 174 107 71 155 0 87 181 139 172 28 92 90 37 82 76 12 0 177 79 21 157 153 68 70 130 164 158 156 26 125 138 39 17 100 66 93 106 63 168 135 184 39 179 131 27 154 137 15 142 114 126 115 168 30 57 101 14 61 125 79 55 106 32 65 163 68 34 122 69 123 35 171 110 177 132 26 32 134 31 161 53 182 178 42 159 173 87 97 21 179 69 116 89 180 88 182 104 40 81 138 173 52 64 150 132 70 148 64 166 89 1 4 85 123 164 45 136 49 148 99 96 81 36 18 12 76 160 152 110 38 64 151 73 126 83 155 10 59 7 148 61 168 184 183 59 162 22 76 112 88 42 181 129 134 150 103 160 0 130 96 159 107 30 17 130 62 148 176 121 61 71 20 132 16 38 181 34 119 167 158 22 4 139 28 141 29 20 106 105 29 145 138 95 144 158 153 140 48 81 106 101 0 118 11 175 61 107 148 103 78 74 51 163 3 179 38 66 18 181 53 110 106 132 178 1 157 60 75 38 3 81 113 98 60 147 90 50 174 131 12 53 95 17 116 114 46 3 78 146 127 102 77 25 176 112 140 167 150 171 142 163 47 71 119 83 166 36 135 48 145 52 125 56 143 10 23 126 122 12 2 133 67 101 154 73 175 26 147 139 128 142 100 181 89 58 123 15 46 92 89 147 52 44 84 54 144 110 51 130 27 85 108 144 130 116 166 8 165 182 147 82 138 123 99 8 97 131 21 91 184 76 70 9 85 58 163 49 144 36 74 180 170 155 176 86 183 47 73 108 66 177 172 11 177 112 38 175 43 87 167 155 37 174 32 146 86 157 101 145 110 16 99 134 180 123 72 184 94 9 41 175 7 121 5 133 158 151 63
0 : [250, 416, 428, 569, 613] (49)
1 : [395, 522, 636] (59)
2 : [130, 268, 691] (53)
3 : [43, 161, 184, 625, 641, 658] (50)
4 : [196, 523, 593] (55)
5 : [115, 211, 795] (50)
6 : [] (0)
7 : [26, 117, 128, 153, 323, 550, 793] (52)
8 : [46, 178, 260, 728, 736] (52)
9 : [296, 744, 790] (57)
10 : [13, 340, 548, 686] (50)
11 : [5, 615, 764] (57)
12 : [78, 349, 387, 427, 536, 651, 690] (53)
13 : [9, 113, 139, 376] (53)
14 : [66, 96, 333, 468] (57)
15 : [77, 378, 459, 708] (55)
16 : [247, 585, 782] (54)
17 : [213, 444, 575, 654] (54)
18 : [91, 535, 629] (57)
19 : [58, 68, 254, 393] (58)
20 : [583, 598] (55)
21 : [22, 386, 400, 431, 500, 739] (55)
22 : [164, 170, 210, 558, 592] (55)
23 : [54, 355, 388, 687] (56)
24 : [302, 332, 336] (52)
25 : [215, 248, 252, 299, 374, 664] (51)
26 : [279, 440, 487, 698] (56)
27 : [32, 269, 456, 721] (50)
28 : [235, 273, 354, 421, 595] (49)
29 : [315, 597, 601] (58)
30 : [362, 465, 574] (54)
31 : [103, 127, 138, 158, 271, 490] (57)
32 : [18, 474, 488, 775] (57)
33 : [47, 190, 338] (56)
34 : [339, 478, 588] (60)
35 : [7, 88, 313, 344, 482] (58)
36 : [168, 534, 678, 750] (51)
37 : [12, 70, 80, 424, 773] (58)
38 : [541, 586, 627, 640, 767] (57)
39 : [141, 443, 453] (67)
40 : [389, 398, 509] (56)
41 : [238, 309, 791] (56)
42 : [150, 225, 495, 562] (56)
43 : [369, 769] (56)
44 : [8, 234, 245, 714] (58)
45 : [167, 219, 236, 527] (61)
46 : [162, 264, 657, 709] (62)
47 : [231, 326, 673, 758] (59)
48 : [165, 246, 300, 346, 609, 680] (60)
49 : [306, 529, 748] (58)
50 : [0, 56, 61, 82, 275, 648] (57)
51 : [126, 623, 719] (57)
52 : [35, 259, 513, 682, 713] (57)
53 : [174, 229, 291, 492, 631, 652] (57)
54 : [121, 360, 370, 716] (60)
55 : [15, 65, 87, 472] (58)
56 : [2, 37, 282, 684] (59)
57 : [253, 466] (62)
58 : [53, 186, 706, 746] (60)
59 : [224, 317, 549, 556] (60)
60 : [173, 308, 638, 645] (60)
61 : [34, 233, 469, 552, 581, 617] (60)
62 : [73, 198, 202, 577] (59)
63 : [118, 392, 449, 799] (63)
64 : [514, 519, 542] (59)
65 : [303, 475] (66)
66 : [112, 446, 628, 761] (66)
67 : [244, 312, 693] (61)
68 : [368, 407, 434, 477] (58)
69 : [101, 217, 255, 480, 502] (57)
70 : [373, 435, 517, 743] (57)
71 : [185, 357, 414, 582, 674] (60)
72 : [94, 166, 191, 342, 385, 787] (58)
73 : [371, 544, 696, 759] (59)
74 : [49, 52, 622, 751] (58)
75 : [148, 183, 639] (62)
76 : [177, 426, 537, 559, 742] (62)
77 : [230, 286, 408, 663] (64)
78 : [31, 40, 107, 621, 659] (60)
79 : [430, 471] (65)
80 : [206, 380, 401] (64)
81 : [133, 510, 533, 610, 642] (65)
82 : [335, 425, 732] (67)
83 : [172, 546, 676] (66)
84 : [102, 319, 715] (67)
85 : [524, 722, 745] (62)
86 : [111, 145, 182, 276, 756, 777] (64)
87 : [305, 310, 417, 498, 770] (63)
88 : [25, 146, 506, 561] (63)
89 : [84, 116, 504, 521, 705, 711] (64)
90 : [194, 423, 647] (62)
91 : [223, 348, 740] (72)
92 : [209, 366, 422, 710] (71)
93 : [24, 86, 92, 447] (62)
94 : [59, 207, 345, 358, 404, 789] (63)
95 : [359, 604, 653] (64)
96 : [104, 257, 341, 532, 571] (66)
97 : [27, 51, 499, 737] (66)
98 : [262, 399, 644] (68)
99 : [33, 197, 531, 735, 783] (69)
100 : [288, 390, 445, 703] (67)
101 : [402, 467, 612, 694, 779] (69)
102 : [147, 221, 662] (66)
103 : [381, 394, 567, 620] (70)
104 : [48, 320, 508] (66)
105 : [108, 600] (66)
106 : [136, 448, 473, 599, 611, 633] (70)
107 : [413, 573, 618] (73)
108 : [157, 241, 723, 760] (67)
109 : [38, 81, 97, 188] (66)
110 : [89, 484, 540, 632, 718, 781] (67)
111 : [57, 329, 343, 353] (66)
112 : [19, 284, 560, 666, 766] (68)
113 : [3, 220, 643] (75)
114 : [21, 69, 95, 461, 656] (77)
115 : [4, 156, 187, 463] (71)
116 : [201, 277, 503, 655, 726] (75)
117 : [193, 214, 311] (68)
118 : [106, 328, 614] (69)
119 : [589, 675] (70)
120 : [163, 290, 350] (72)
121 : [189, 266, 285, 314, 327, 580, 794] (71)
122 : [50, 180, 391, 479, 689] (76)
123 : [100, 351, 481, 525, 707, 734, 786] (75)
124 : [60, 227, 330] (73)
125 : [228, 441, 470, 683] (72)
126 : [462, 545, 688] (71)
127 : [39, 160, 195, 294, 661] (72)
128 : [71, 120, 129, 216, 701] (73)
129 : [17, 151, 243, 267, 564] (75)
130 : [14, 436, 570, 576, 720, 725] (72)
131 : [67, 301, 455, 650, 738] (72)
132 : [171, 486, 516, 584, 634] (72)
133 : [208, 692, 796] (78)
134 : [119, 140, 205, 489, 565, 784] (75)
135 : [79, 143, 200, 272, 451, 679] (72)
136 : [44, 324, 365, 528] (71)
137 : [6, 256, 295, 458] (77)
138 : [278, 442, 511, 603, 733] (73)
139 : [292, 352, 379, 419, 594, 700] (75)
140 : [75, 293, 307, 608, 667] (74)
141 : [42, 232, 237, 384, 596] (73)
142 : [137, 240, 367, 460, 671, 702] (73)
143 : [99, 242, 325, 685] (74)
144 : [20, 93, 321, 605, 717, 724, 749] (73)
145 : [123, 154, 602, 681, 780] (74)
146 : [199, 363, 364, 660, 776] (73)
147 : [646, 699, 712, 731] (80)
148 : [375, 518, 530, 551, 578, 619] (72)
149 : [83, 181, 283, 361] (80)
150 : [45, 132, 155, 515, 566, 669] (73)
151 : [149, 212, 263, 543, 798] (77)
152 : [29, 270, 281, 377, 539] (79)
153 : [222, 287, 397, 433, 607] (75)
154 : [203, 457, 695] (78)
155 : [64, 415, 547, 754, 772] (76)
156 : [204, 258, 280, 316, 405, 439] (76)
157 : [125, 432, 637, 778] (77)
158 : [383, 438, 591, 606, 797] (80)
159 : [16, 85, 396, 496, 572] (78)
160 : [110, 135, 249, 347, 538, 568] (77)
161 : [28, 72, 251, 491] (78)
162 : [36, 169, 304, 411, 557] (77)
163 : [476, 624, 672, 747] (79)
164 : [98, 409, 437, 526] (79)
165 : [11, 63, 74, 122, 192, 331, 729] (78)
166 : [41, 76, 520, 677, 727] (77)
167 : [55, 274, 590, 668, 771] (79)
168 : [62, 179, 450, 464, 553] (76)
169 : [226, 265, 334] (79)
170 : [109, 356, 406, 753] (78)
171 : [23, 131, 239, 483, 670] (78)
172 : [114, 298, 420, 763] (79)
173 : [90, 403, 410, 497, 512] (77)
174 : [218, 337, 382, 412, 649, 774] (76)
175 : [144, 616, 697, 768, 792] (77)
176 : [152, 579, 665, 755] (76)
177 : [105, 124, 176, 297, 429, 485, 762, 765] (77)
178 : [134, 159, 175, 289, 494, 635] (77)
179 : [30, 322, 454, 501, 626] (80)
180 : [372, 505, 752, 785] (78)
181 : [418, 563, 587, 630, 704] (79)
182 : [493, 507, 730] (74)
183 : [1, 10, 318, 555, 757] (75)
184 : [142, 261, 452, 554, 741, 788] (73)
