Name: 800-30-45
Time: 34.33624792098999 
Result: 13047
Solution:  101 93 133 175 172 136 74 157 178 180 139 124 68 191 180 162 103 68 97 56 141 61 95 75 39 156 49 84 65 94 129 184 113 126 27 167 140 86 66 184 27 108 188 43 132 107 114 76 9 81 173 4 180 99 181 96 161 111 77 109 38 36 130 102 41 133 27 88 30 70 4 132 7 39 92 107 35 145 90 175 153 132 138 60 30 27 96 141 52 162 74 1 31 165 0 48 33 85 149 151 32 99 139 45 0 16 150 96 44 69 104 57 160 46 137 184 80 98 187 69 11 50 3 174 54 168 181 39 48 121 48 112 108 84 27 45 165 109 42 25 116 75 20 70 177 130 181 146 185 29 127 18 8 103 119 179 29 63 31 114 190 119 164 22 97 126 177 46 166 6 40 173 99 20 58 174 5 16 159 106 134 134 178 146 5 71 130 121 97 191 113 117 73 21 136 135 83 83 161 23 111 70 118 124 154 135 42 132 79 190 129 136 176 15 165 168 176 119 22 25 72 111 115 190 174 40 183 125 65 24 59 166 185 79 167 93 164 11 133 57 179 40 74 61 118 154 178 101 91 2 169 113 64 67 191 23 87 98 165 63 122 152 38 7 52 135 38 123 119 134 39 141 136 115 142 104 185 14 109 50 82 78 19 188 148 6 114 80 167 181 63 181 87 2 21 6 69 71 178 63 45 172 12 153 99 185 120 64 54 69 163 49 63 163 112 79 160 105 136 75 143 29 182 41 19 148 82 99 155 152 83 57 145 155 25 147 100 187 153 83 18 3 6 40 131 46 90 14 49 160 160 183 183 184 79 162 131 190 191 61 135 72 88 93 1 127 3 187 116 73 95 24 80 123 72 6 113 15 102 186 62 78 142 28 90 78 125 12 55 6 93 36 107 26 22 167 12 1 77 126 143 117 14 85 1 138 30 35 189 49 180 138 128 27 18 148 102 169 43 88 43 103 86 124 4 181 40 64 0 183 47 186 53 91 164 27 173 147 162 35 21 124 107 61 47 47 174 172 94 28 158 100 116 68 71 123 98 164 82 17 92 149 5 15 50 13 161 123 38 58 114 109 148 27 33 149 156 77 144 184 159 110 56 146 23 121 59 38 177 35 128 128 51 48 102 17 117 189 87 66 191 28 171 178 96 39 11 161 22 127 187 76 94 73 61 125 60 76 98 159 155 175 62 171 175 143 166 110 147 80 170 176 32 31 119 95 37 139 191 45 13 103 154 47 4 106 74 170 7 29 117 157 11 160 153 126 158 151 180 56 137 30 83 86 63 182 168 137 23 38 163 46 63 57 110 146 105 105 138 174 112 123 159 166 186 127 157 179 159 18 186 165 159 17 121 100 111 97 84 166 55 171 162 130 30 87 164 86 14 169 8 156 158 38 176 46 2 56 31 17 172 67 11 148 78 158 98 139 168 69 24 42 139 53 48 79 3 114 91 150 63 2 140 120 94 15 78 6 54 1 172 141 29 188 103 144 11 76 36 60 164 147 120 134 175 97 80 121 132 103 181 105 44 188 81 174 55 152 176 94 140 70 13 149 131 66 163 8 78 4 34 26 92 89 136 96 182 81 161 12 109 97 51 62 147 188 34 142 92 172 149 22 148 128 108 14 55 145 176 58 91 37 135 89 67 47 127 179 187 183 28 175 74 48 122 176 95 21 152 169 20 169 145 16 47 164 151 108 165 53 177 17 84 76 120 56 62 52 107 170 164 28 105 33 75 190 161 54 132 16 19 150 129 9 41 148 131 23 57 171 166 38 81 71 119 70 65 84 4 41 7 155 186 189 189 115 0 43 101 112
0 : [94, 104, 428, 796] (31)
1 : [91, 364, 397, 404, 649] (31)
2 : [249, 293, 616, 641] (35)
3 : [122, 341, 366, 636] (31)
4 : [51, 70, 424, 544, 689, 788] (31)
5 : [176, 184, 462] (31)
6 : [169, 285, 295, 342, 375, 389, 647] (31)
7 : [72, 263, 548, 790] (32)
8 : [152, 610, 687] (33)
9 : [48, 773] (34)
10 : [] (0)
11 : [120, 237, 506, 552, 622, 656] (32)
12 : [302, 387, 396, 699] (32)
13 : [465, 540, 682] (34)
14 : [277, 347, 402, 608, 715] (35)
15 : [213, 377, 463, 645] (32)
16 : [105, 177, 743, 769] (33)
17 : [459, 495, 593, 619, 751] (31)
18 : [151, 340, 414, 589] (33)
19 : [282, 324, 770] (32)
20 : [142, 173, 740] (31)
21 : [193, 294, 440, 737] (31)
22 : [163, 218, 394, 508, 711] (30)
23 : [199, 255, 484, 568, 777] (32)
24 : [229, 371, 630] (33)
25 : [139, 219, 334] (28)
26 : [393, 691] (29)
27 : [34, 40, 66, 85, 134, 413, 435, 473] (31)
28 : [383, 449, 501, 730, 761] (30)
29 : [149, 156, 321, 549, 652] (30)
30 : [68, 84, 406, 561, 604] (32)
31 : [92, 158, 533, 618] (32)
32 : [100, 532] (36)
33 : [96, 474, 763] (35)
34 : [690, 706] (35)
35 : [76, 407, 439, 489] (32)
36 : [61, 391, 658] (34)
37 : [536, 721] (33)
38 : [60, 262, 266, 468, 487, 569, 613, 781] (33)
39 : [24, 73, 127, 270, 505] (33)
40 : [170, 225, 241, 343, 426] (32)
41 : [64, 323, 774, 789] (33)
42 : [138, 206, 631] (32)
43 : [43, 418, 420, 797] (30)
44 : [108, 672] (41)
45 : [103, 135, 300, 539] (33)
46 : [113, 167, 345, 571, 615] (34)
47 : [430, 444, 445, 543, 725, 744] (30)
48 : [95, 128, 130, 493, 634, 733] (30)
49 : [26, 311, 348, 409] (30)
50 : [121, 279, 464] (30)
51 : [492, 702] (37)
52 : [88, 264, 757] (32)
53 : [432, 633, 749] (35)
54 : [124, 308, 648, 767] (32)
55 : [388, 600, 676, 716] (34)
56 : [19, 482, 559, 617, 755] (38)
57 : [111, 239, 331, 573, 778] (35)
58 : [174, 469, 719] (33)
59 : [230, 486] (37)
60 : [83, 516, 659] (30)
61 : [21, 243, 359, 443, 514] (30)
62 : [380, 522, 703, 756] (31)
63 : [157, 259, 290, 299, 312, 564, 572, 640] (30)
64 : [252, 307, 427] (30)
65 : [28, 228, 786] (34)
66 : [38, 499, 685] (37)
67 : [253, 621, 724] (36)
68 : [12, 17, 453] (37)
69 : [109, 119, 296, 309, 629] (37)
70 : [69, 143, 201, 681, 785] (37)
71 : [185, 297, 454, 783] (39)
72 : [220, 361, 374] (37)
73 : [192, 369, 513] (36)
74 : [6, 90, 242, 546, 732] (36)
75 : [23, 141, 319, 764] (37)
76 : [47, 511, 517, 657, 753] (36)
77 : [58, 398, 477] (35)
78 : [281, 381, 385, 624, 646, 688] (45)
79 : [208, 233, 315, 354, 635] (32)
80 : [116, 287, 372, 529, 666] (32)
81 : [49, 674, 697, 782] (35)
82 : [280, 326, 458] (37)
83 : [196, 197, 330, 339, 562] (35)
84 : [27, 133, 598, 752, 787] (36)
85 : [97, 403] (39)
86 : [37, 422, 563, 607] (35)
87 : [256, 292, 498, 605] (36)
88 : [67, 362, 419] (35)
89 : [693, 723] (36)
90 : [78, 346, 384] (38)
91 : [248, 433, 638, 720] (37)
92 : [74, 460, 692, 708] (37)
93 : [1, 235, 363, 390] (36)
94 : [29, 448, 512, 644, 679] (36)
95 : [22, 370, 535, 736] (36)
96 : [55, 86, 107, 504, 695] (37)
97 : [18, 164, 188, 597, 665, 701] (37)
98 : [117, 257, 456, 518, 626] (37)
99 : [53, 101, 172, 304, 327] (36)
100 : [336, 451, 595] (38)
101 : [0, 247, 798] (39)
102 : [63, 378, 416, 494] (37)
103 : [16, 153, 421, 541, 654, 669] (43)
104 : [110, 275] (38)
105 : [317, 576, 577, 671, 762] (37)
106 : [179, 545] (38)
107 : [45, 75, 392, 442, 758] (44)
108 : [41, 132, 714, 747] (39)
109 : [59, 137, 278, 471, 700] (38)
110 : [481, 527, 574] (43)
111 : [57, 200, 221, 596] (41)
112 : [131, 314, 580, 799] (41)
113 : [32, 190, 251, 376] (42)
114 : [46, 159, 286, 470, 637] (40)
115 : [222, 273, 795] (41)
116 : [140, 368, 452] (43)
117 : [191, 401, 496, 550] (40)
118 : [202, 244] (41)
119 : [154, 161, 217, 268, 534, 784] (42)
120 : [306, 643, 662, 754] (40)
121 : [129, 187, 485, 594, 667] (39)
122 : [260, 734] (41)
123 : [267, 373, 455, 467, 581] (41)
124 : [11, 203, 423, 441] (38)
125 : [227, 386, 515] (39)
126 : [33, 165, 399, 555] (37)
127 : [150, 365, 509, 585, 726] (36)
128 : [412, 490, 491, 713] (42)
129 : [30, 210, 772] (41)
130 : [62, 145, 186, 603] (36)
131 : [344, 356, 684, 776] (30)
132 : [44, 71, 81, 207, 668, 768] (36)
133 : [2, 65, 238] (38)
134 : [180, 181, 269, 663] (38)
135 : [195, 205, 265, 360, 722] (41)
136 : [5, 194, 211, 272, 318, 694] (45)
137 : [114, 560, 567] (44)
138 : [82, 405, 411, 578] (45)
139 : [10, 102, 537, 627, 632] (47)
140 : [36, 642, 680] (45)
141 : [20, 87, 271, 651] (45)
142 : [274, 382, 707] (43)
143 : [320, 400, 525] (43)
144 : [478, 655] (44)
145 : [77, 332, 717, 742] (44)
146 : [147, 183, 483, 575] (47)
147 : [335, 437, 528, 661, 704] (47)
148 : [284, 325, 415, 472, 623, 712, 775] (44)
149 : [98, 461, 475, 683, 710] (44)
150 : [106, 639, 771] (44)
151 : [99, 557, 746] (44)
152 : [261, 329, 677, 738] (42)
153 : [80, 303, 338, 554] (45)
154 : [204, 245, 542] (44)
155 : [328, 333, 520, 791] (44)
156 : [25, 476, 611] (45)
157 : [7, 551, 586] (44)
158 : [450, 556, 612, 625] (44)
159 : [178, 480, 519, 582, 588, 592] (44)
160 : [112, 316, 349, 350, 553] (44)
161 : [56, 198, 466, 507, 698, 766] (43)
162 : [15, 89, 355, 438, 602] (43)
163 : [310, 313, 570, 686] (45)
164 : [162, 236, 434, 457, 606, 660, 745, 760] (43)
165 : [93, 136, 214, 258, 591, 748] (43)
166 : [168, 231, 526, 583, 599, 780] (43)
167 : [35, 234, 288, 395] (44)
168 : [125, 215, 566, 628] (44)
169 : [250, 417, 609, 739, 741] (45)
170 : [530, 547, 759] (45)
171 : [502, 523, 601, 779] (45)
172 : [4, 301, 447, 620, 650, 709] (47)
173 : [50, 171, 436] (45)
174 : [123, 175, 224, 446, 579, 675] (45)
175 : [3, 79, 521, 524, 664, 731] (43)
176 : [212, 216, 531, 614, 678, 718, 735] (43)
177 : [144, 166, 488, 750] (45)
178 : [8, 182, 246, 298, 503] (45)
179 : [155, 240, 587, 727] (43)
180 : [9, 14, 52, 410, 558] (44)
181 : [54, 126, 146, 289, 291, 425, 670] (44)
182 : [322, 565, 696] (43)
183 : [226, 351, 352, 429, 729] (45)
184 : [31, 39, 115, 353, 479] (45)
185 : [148, 232, 276, 305] (44)
186 : [379, 431, 584, 590, 792] (47)
187 : [118, 337, 367, 510, 728] (43)
188 : [42, 283, 653, 673, 705] (45)
189 : [408, 497, 793, 794] (45)
190 : [160, 209, 223, 357, 765] (42)
191 : [13, 189, 254, 358, 500, 538] (43)
