Name: 800-20-30
Time: 34.72703552246094 
Result: 3031
Solution:  47 109 103 95 47 150 122 113 95 55 34 48 43 55 69 114 40 68 136 56 47 104 150 76 76 75 152 71 61 146 6 87 91 96 69 159 132 73 67 86 21 104 134 94 125 11 57 155 35 15 135 149 111 34 32 133 55 114 104 105 82 76 44 100 13 94 89 157 38 14 26 107 157 76 142 131 34 102 106 62 131 53 56 62 90 118 50 141 22 29 62 59 73 151 99 95 73 26 72 154 46 84 69 130 54 128 120 147 92 77 0 35 138 58 53 144 78 152 34 71 47 0 67 31 17 3 77 155 120 144 108 125 97 136 1 37 143 27 110 143 2 124 36 13 95 60 82 137 110 82 144 10 141 113 8 85 53 60 116 106 99 101 38 121 148 17 45 109 146 70 100 128 107 71 37 47 116 50 72 149 35 45 17 100 63 151 42 111 7 41 58 38 85 55 63 125 49 73 103 137 113 148 115 18 23 23 91 136 62 144 30 112 126 30 132 125 120 133 139 142 51 14 74 135 159 13 72 69 153 27 158 33 155 71 47 130 13 115 137 135 120 109 1 12 147 159 43 23 24 46 51 78 91 143 127 12 50 114 121 81 131 58 142 86 28 140 105 31 4 121 145 70 80 4 133 32 57 97 44 140 84 107 79 142 37 4 50 11 113 84 129 121 56 124 30 64 16 3 68 58 114 15 17 107 37 65 92 37 87 81 112 88 127 102 105 72 97 123 147 149 60 129 115 7 156 80 42 22 80 27 70 57 53 121 31 3 139 7 62 33 158 17 49 11 139 82 48 116 139 36 145 17 157 119 14 48 19 40 131 86 74 0 88 0 106 124 57 124 128 153 0 124 129 64 80 14 132 123 66 122 64 146 28 154 61 159 120 20 156 2 9 44 42 130 2 125 2 44 54 12 31 19 72 81 112 74 47 21 89 29 79 129 19 101 58 24 9 78 143 30 106 33 10 108 57 6 72 84 78 117 73 139 39 7 0 83 24 123 100 155 135 135 100 97 75 11 121 11 52 85 94 144 4 93 63 134 127 148 26 152 18 156 148 120 82 2 116 109 149 103 58 104 75 81 36 145 60 41 101 19 27 65 119 79 119 95 70 20 157 158 96 28 82 37 88 54 56 16 56 158 31 89 120 109 153 68 98 37 9 70 71 79 81 72 121 1 74 26 19 29 20 40 122 74 32 16 15 6 93 48 100 85 50 68 101 9 25 137 116 67 12 94 91 61 17 29 146 66 74 8 86 114 147 138 18 57 101 99 22 3 117 87 150 88 103 1 98 130 140 23 128 4 12 51 103 32 90 80 138 121 101 8 145 95 26 0 110 6 78 135 105 64 107 56 24 56 42 77 87 45 138 49 34 41 110 101 11 105 91 90 129 157 114 66 136 83 118 33 155 131 75 46 39 83 146 97 127 135 118 99 79 108 43 15 147 109 122 90 29 36 70 65 111 51 47 19 122 115 89 119 77 74 132 141 39 133 29 19 90 17 123 154 98 61 72 134 60 3 52 10 25 66 35 153 110 35 153 4 28 159 152 131 23 149 49 156 28 45 4 87 99 44 23 154 40 0 98 117 59 77 156 46 141 10 110 83 110 30 93 34 37 142 108 17 105 15 46 59 151 87 148 38 96 153 96 0 159 7 124 32 84 12 138 150 118 112 46 42 133 16 27 135 47 24 24 54 126 69 80 25 141 103 88 151 65 93 130 43 19 57 136 153 87 91 15 67 67 41 3 10 57 115 52 85 40 48 95 63 7 136 140 26 118 116 126 8 57 143 158 21 102 139 102 52 143 45 105 111 25 11
0 : [110, 121, 361, 363, 370, 434, 585, 695, 725] (25)
1 : [134, 242, 515, 565] (23)
2 : [140, 389, 394, 396, 465] (20)
3 : [125, 297, 335, 559, 667, 768] (24)
4 : [268, 273, 285, 452, 571, 677, 688] (22)
5 : [] (0)
6 : [30, 425, 527, 587] (20)
7 : [188, 323, 337, 433, 727, 778] (20)
8 : [154, 549, 581, 785] (22)
9 : [390, 416, 508, 535] (23)
10 : [151, 422, 669, 703, 769] (20)
11 : [45, 287, 343, 445, 447, 606, 799] (20)
12 : [243, 255, 399, 540, 572, 731] (21)
13 : [64, 143, 225, 236] (21)
14 : [69, 221, 354, 375] (21)
15 : [49, 301, 526, 633, 715, 764] (21)
16 : [296, 497, 525, 739] (20)
17 : [124, 165, 182, 302, 341, 351, 544, 659, 713] (20)
18 : [203, 460, 554] (20)
19 : [356, 401, 412, 479, 518, 645, 657, 758] (20)
20 : [387, 487, 520] (24)
21 : [40, 407, 789] (23)
22 : [88, 327, 558] (21)
23 : [204, 205, 247, 569, 682, 692] (21)
24 : [248, 415, 436, 594, 743, 744] (21)
25 : [536, 670, 749, 798] (24)
26 : [70, 97, 458, 517, 584, 781] (21)
27 : [137, 229, 329, 480, 740] (22)
28 : [264, 382, 491, 678, 686] (22)
29 : [89, 409, 519, 545, 638, 656] (22)
30 : [210, 213, 294, 419, 707] (22)
31 : [123, 267, 334, 400, 500] (22)
32 : [54, 275, 524, 575, 729] (22)
33 : [231, 339, 421, 617] (23)
34 : [10, 53, 76, 118, 602, 709] (22)
35 : [48, 111, 180, 672, 675] (22)
36 : [142, 349, 474, 639] (22)
37 : [135, 174, 284, 304, 307, 493, 507, 710] (22)
38 : [68, 162, 191, 721] (24)
39 : [432, 622, 654] (25)
40 : [16, 357, 521, 694, 774] (22)
41 : [189, 477, 603, 767] (22)
42 : [186, 326, 392, 596, 737] (21)
43 : [12, 246, 632, 757] (22)
44 : [62, 278, 391, 397, 691] (21)
45 : [166, 181, 599, 687, 795] (21)
46 : [100, 249, 621, 701, 716, 736] (21)
47 : [0, 4, 20, 120, 175, 234, 406, 644, 742] (22)
48 : [11, 346, 355, 529, 775] (23)
49 : [196, 342, 601, 684] (21)
50 : [86, 177, 256, 286, 532] (22)
51 : [220, 250, 573, 643] (24)
52 : [448, 668, 772, 793] (22)
53 : [81, 114, 156, 332] (21)
54 : [104, 398, 495, 745] (24)
55 : [9, 13, 56, 193] (22)
56 : [19, 82, 292, 496, 498, 593, 595] (22)
57 : [46, 276, 331, 366, 424, 555, 759, 770, 786] (26)
58 : [113, 190, 261, 299, 414, 470] (22)
59 : [91, 698, 717] (24)
60 : [145, 157, 320, 476, 666] (21)
61 : [28, 384, 543, 663] (21)
62 : [79, 83, 90, 208, 338] (29)
63 : [184, 194, 454, 777] (26)
64 : [295, 373, 380, 591] (24)
65 : [305, 481, 641, 754] (26)
66 : [378, 547, 613, 671] (24)
67 : [38, 122, 539, 765, 766] (27)
68 : [17, 298, 505, 533] (24)
69 : [14, 34, 102, 227, 747] (25)
70 : [169, 271, 330, 486, 509, 640] (24)
71 : [27, 119, 173, 233, 510] (24)
72 : [98, 178, 226, 315, 402, 426, 513, 664] (24)
73 : [37, 92, 96, 197, 430] (25)
74 : [222, 360, 405, 516, 523, 548, 651] (30)
75 : [25, 444, 472, 620] (25)
76 : [23, 24, 61, 73] (25)
77 : [109, 126, 597, 650, 699] (25)
78 : [116, 251, 417, 428, 588] (25)
79 : [282, 410, 483, 511, 630] (21)
80 : [272, 325, 328, 374, 577, 748] (25)
81 : [259, 309, 403, 473, 512] (25)
82 : [60, 146, 149, 345, 464, 492] (26)
83 : [435, 615, 623, 705] (25)
84 : [101, 280, 289, 427, 730] (24)
85 : [155, 192, 449, 531, 773] (26)
86 : [39, 263, 359, 550] (25)
87 : [31, 308, 561, 598, 689, 719, 762] (25)
88 : [311, 362, 494, 563, 752] (25)
89 : [66, 408, 501, 648] (30)
90 : [84, 576, 609, 637, 658] (26)
91 : [32, 206, 252, 542, 608, 763] (26)
92 : [108, 306] (26)
93 : [453, 528, 708, 755] (27)
94 : [43, 65, 450, 541] (26)
95 : [3, 8, 95, 144, 485, 583, 776] (26)
96 : [33, 490, 722, 724] (27)
97 : [132, 277, 316, 443, 625] (26)
98 : [506, 566, 662, 696] (25)
99 : [94, 160, 557, 629, 690] (26)
100 : [63, 170, 183, 438, 442, 530] (25)
101 : [161, 413, 478, 534, 556, 580, 605] (25)
102 : [77, 313, 790, 792] (26)
103 : [2, 198, 469, 564, 574, 751] (25)
104 : [21, 41, 58, 471] (26)
105 : [59, 266, 314, 590, 607, 714, 796] (26)
106 : [78, 159, 364, 420] (27)
107 : [71, 172, 281, 303, 592] (26)
108 : [130, 423, 631, 712] (27)
109 : [1, 167, 241, 467, 503, 635] (29)
110 : [138, 148, 586, 604, 674, 704, 706] (27)
111 : [52, 187, 642, 797] (27)
112 : [211, 310, 404, 735] (29)
113 : [7, 153, 200, 288] (28)
114 : [15, 57, 257, 300, 551, 612] (27)
115 : [202, 237, 322, 647, 771] (28)
116 : [158, 176, 347, 466, 538, 783] (28)
117 : [429, 560, 697] (29)
118 : [85, 616, 628, 734, 782] (29)
119 : [353, 482, 484, 649] (28)
120 : [106, 128, 216, 240, 386, 463, 502] (29)
121 : [163, 258, 269, 291, 333, 446, 514, 579] (28)
122 : [6, 379, 522, 636, 646] (30)
123 : [317, 377, 437, 660] (28)
124 : [141, 293, 365, 367, 371, 728] (28)
125 : [44, 131, 195, 215, 395] (28)
126 : [212, 746, 784] (28)
127 : [254, 312, 456, 626] (29)
128 : [105, 171, 368, 570] (28)
129 : [290, 321, 372, 411, 610] (29)
130 : [103, 235, 393, 567, 756] (27)
131 : [75, 80, 260, 358, 619, 681] (27)
132 : [36, 214, 376, 652] (29)
133 : [55, 217, 274, 655, 738] (30)
134 : [42, 455, 665] (28)
135 : [50, 223, 239, 440, 441, 589, 627, 741] (29)
136 : [18, 133, 207, 614, 760, 779] (29)
137 : [147, 199, 238, 537] (28)
138 : [112, 553, 578, 600, 732] (30)
139 : [218, 336, 344, 348, 431, 791] (29)
140 : [265, 279, 568, 780] (31)
141 : [87, 152, 653, 702, 750] (30)
142 : [74, 219, 262, 283, 711] (29)
143 : [136, 139, 253, 418, 787, 794] (31)
144 : [115, 129, 150, 209, 451] (31)
145 : [270, 350, 475, 582] (30)
146 : [29, 168, 381, 546, 624] (30)
147 : [107, 244, 318, 552, 634] (30)
148 : [164, 201, 457, 462, 720] (29)
149 : [51, 179, 319, 468, 683] (30)
150 : [5, 22, 562, 733] (30)
151 : [93, 185, 718, 753] (29)
152 : [26, 117, 459, 680] (30)
153 : [228, 369, 504, 673, 676, 723, 761] (29)
154 : [99, 383, 661, 693] (29)
155 : [47, 127, 232, 439, 618] (30)
156 : [324, 388, 461, 685, 700] (30)
157 : [67, 72, 352, 488, 611] (29)
158 : [230, 340, 489, 499, 788] (29)
159 : [35, 224, 245, 385, 679, 726] (30)
