Name: 800-50-80
Time: 34.836639642715454 
Result: 1081
Solution:  50 182 57 113 109 20 135 43 45 11 181 163 35 0 133 51 165 131 34 121 147 112 15 170 87 84 6 96 161 158 179 78 29 107 62 51 163 55 114 127 78 164 138 0 139 156 9 33 108 75 122 96 76 57 25 169 50 113 11 94 128 50 166 165 152 57 9 130 23 114 37 129 162 69 164 135 166 14 7 132 40 107 48 152 91 158 93 52 36 110 172 19 93 143 73 115 12 108 164 146 121 69 90 31 95 179 117 81 99 167 164 86 65 13 169 4 82 2 63 134 130 57 170 145 171 156 52 31 5 129 1 168 144 82 180 169 109 142 28 13 129 38 184 131 174 84 87 101 74 158 44 127 177 7 148 147 115 111 30 173 128 5 44 110 22 48 68 47 34 167 21 133 81 59 53 177 174 75 9 171 122 149 86 75 1 68 50 117 110 121 33 71 158 123 90 123 2 102 59 147 133 116 64 154 156 134 79 93 138 92 22 3 152 18 114 22 128 67 175 47 113 100 153 95 60 43 166 130 124 51 80 43 141 59 45 28 45 138 39 168 146 105 145 130 67 40 46 17 25 160 0 163 28 55 21 70 137 94 155 52 7 184 98 151 46 173 122 129 3 37 148 38 133 24 159 51 88 118 138 24 157 154 58 145 110 121 80 158 106 182 119 51 140 140 127 137 7 174 175 25 48 134 16 64 155 88 49 140 56 42 86 116 66 40 120 30 159 57 183 88 104 143 180 3 142 143 50 123 125 111 125 163 24 16 172 81 21 179 38 36 13 95 71 110 33 88 51 163 89 12 120 129 139 110 24 23 170 64 96 104 53 150 29 151 145 131 92 135 68 41 54 69 183 67 20 154 10 150 15 140 86 105 175 157 142 70 19 7 26 45 104 124 64 14 103 2 161 155 39 95 21 76 101 174 93 156 169 64 81 166 174 162 170 108 70 158 1 91 180 139 172 26 92 88 38 84 73 11 0 176 80 22 158 158 61 71 130 170 161 158 25 126 141 43 14 102 62 94 105 67 171 135 181 39 175 132 29 157 139 15 142 115 125 116 165 26 58 98 17 61 127 79 63 105 36 66 162 72 34 121 64 127 35 170 110 178 130 25 32 135 30 160 59 183 178 35 159 172 87 100 19 179 71 119 89 178 85 181 103 41 79 136 172 51 65 147 134 63 150 64 167 84 6 5 85 123 159 43 135 50 149 99 101 82 37 18 13 77 159 154 111 33 65 151 70 122 83 156 11 61 7 144 57 168 182 182 63 157 19 71 112 86 41 181 127 136 149 100 161 2 126 90 161 103 30 18 129 62 146 170 120 64 72 16 128 22 39 181 37 120 170 154 23 7 136 32 139 32 20 105 105 28 141 136 93 155 159 156 141 46 77 106 100 0 118 14 176 61 107 148 98 83 73 54 160 6 173 37 61 18 181 57 111 108 139 175 0 156 60 75 39 2 83 112 97 63 149 91 58 175 132 14 55 97 15 117 118 47 1 77 147 131 102 79 25 177 119 141 167 149 171 144 165 48 71 116 81 163 36 131 46 146 49 131 49 141 10 22 123 124 10 4 133 73 102 153 75 176 31 149 139 124 140 96 182 90 57 126 12 42 92 84 150 54 47 84 56 144 109 46 128 26 86 106 144 131 118 162 4 165 182 146 78 136 126 100 6 95 130 19 91 184 77 72 10 83 56 168 53 149 30 75 179 177 148 184 86 180 43 74 111 68 179 173 9 174 114 42 176 44 89 168 159 34 174 31 147 85 157 106 145 111 17 94 132 181 125 73 184 94 13 40 176 11 117 4 137 156 151 67
0 : [13, 43, 250, 428, 613, 636] (55)
1 : [130, 184, 416, 658] (56)
2 : [117, 196, 395, 569, 641] (52)
3 : [211, 268, 323] (55)
4 : [115, 691, 728, 795] (59)
5 : [128, 161, 523] (51)
6 : [26, 522, 625, 736] (50)
7 : [78, 153, 260, 296, 387, 550, 593] (51)
8 : [] (0)
9 : [46, 66, 178, 764] (52)
10 : [376, 686, 690, 744] (50)
11 : [9, 58, 427, 548, 793] (59)
12 : [96, 349, 708] (57)
13 : [113, 139, 340, 536, 790] (60)
14 : [77, 393, 444, 615, 651] (56)
15 : [22, 378, 459, 654] (56)
16 : [302, 333, 583] (55)
17 : [247, 468, 782] (54)
18 : [213, 535, 575, 629] (54)
19 : [91, 386, 500, 558, 739] (59)
20 : [5, 374, 598] (61)
21 : [170, 254, 336, 400] (50)
22 : [164, 210, 215, 431, 585, 687] (61)
23 : [68, 355, 592] (59)
24 : [273, 279, 332, 354] (57)
25 : [54, 248, 299, 440, 487, 664] (56)
26 : [388, 421, 465, 721] (50)
27 : [] (0)
28 : [138, 235, 252, 601] (50)
29 : [32, 362, 456] (54)
30 : [158, 315, 490, 574, 750] (55)
31 : [103, 127, 698, 775] (52)
32 : [488, 595, 597] (59)
33 : [47, 190, 344, 541] (59)
34 : [18, 168, 478, 773] (57)
35 : [12, 482, 495] (60)
36 : [88, 339, 474, 678] (63)
37 : [70, 269, 534, 588, 627] (57)
38 : [141, 271, 338, 424] (61)
39 : [238, 398, 453, 586, 640] (58)
40 : [80, 245, 313, 791] (59)
41 : [369, 509, 562] (63)
42 : [309, 709, 767] (58)
43 : [7, 225, 231, 443, 527, 758] (57)
44 : [150, 162, 769] (68)
45 : [8, 234, 236, 389] (56)
46 : [246, 264, 609, 680, 719] (60)
47 : [167, 219, 657, 714] (57)
48 : [82, 165, 300, 673] (58)
49 : [306, 682, 684] (62)
50 : [0, 56, 61, 186, 326, 529] (57)
51 : [15, 35, 229, 275, 291, 346, 513] (58)
52 : [87, 126, 259] (58)
53 : [174, 360, 748] (58)
54 : [370, 623, 713] (60)
55 : [37, 253, 652] (64)
56 : [308, 716, 746] (59)
57 : [2, 53, 65, 121, 317, 552, 631, 706] (59)
58 : [282, 466, 648] (57)
59 : [173, 198, 233, 492] (56)
60 : [224, 638] (66)
61 : [434, 469, 549, 617, 628] (59)
62 : [34, 446, 577] (60)
63 : [118, 472, 517, 556, 645] (58)
64 : [202, 303, 357, 392, 407, 480, 519, 581] (59)
65 : [112, 514, 542] (64)
66 : [312, 475] (62)
67 : [217, 244, 373, 449, 799] (58)
68 : [166, 185, 368, 761] (63)
69 : [73, 101, 371] (58)
70 : [255, 385, 414, 544] (61)
71 : [191, 342, 435, 502, 559, 674] (60)
72 : [477, 582, 743] (66)
73 : [94, 426, 622, 693, 787] (60)
74 : [148, 759] (65)
75 : [49, 177, 183, 639, 696, 751] (63)
76 : [52, 401] (62)
77 : [537, 610, 659, 742] (66)
78 : [31, 40, 732] (70)
79 : [206, 471, 510, 663] (67)
80 : [230, 286, 430] (68)
81 : [107, 172, 335, 408, 676] (67)
82 : [116, 133, 533] (62)
83 : [546, 621, 642, 745] (60)
84 : [25, 145, 425, 521, 711, 715] (59)
85 : [506, 524, 777] (63)
86 : [111, 182, 310, 380, 561, 722, 756] (62)
87 : [24, 146, 498] (65)
88 : [276, 305, 319, 345, 423] (65)
89 : [348, 504, 770] (62)
90 : [102, 194, 571, 705] (62)
91 : [84, 417, 647, 740] (70)
92 : [209, 366, 422, 710] (71)
93 : [86, 92, 207, 404, 604] (62)
94 : [59, 257, 447, 783, 789] (63)
95 : [104, 223, 341, 399, 737] (64)
96 : [27, 51, 358, 703] (63)
97 : [644, 653] (74)
98 : [262, 467, 620] (63)
99 : [108, 531] (64)
100 : [221, 499, 567, 612, 735] (63)
101 : [147, 402, 532] (66)
102 : [197, 445, 662, 694] (68)
103 : [394, 508, 573] (68)
104 : [320, 359, 390] (66)
105 : [241, 381, 448, 473, 599, 600] (63)
106 : [288, 611, 723, 779] (67)
107 : [33, 81, 618] (63)
108 : [48, 97, 413, 633] (68)
109 : [4, 136, 718] (66)
110 : [89, 163, 188, 284, 343, 353, 484] (65)
111 : [157, 329, 540, 632, 760, 781] (63)
112 : [21, 560, 643] (69)
113 : [3, 57, 220] (68)
114 : [38, 69, 214, 766] (70)
115 : [95, 156, 461] (79)
116 : [201, 311, 463, 675] (73)
117 : [106, 187, 655, 794] (75)
118 : [277, 614, 656, 726] (77)
119 : [290, 503, 666] (71)
120 : [314, 350, 580, 589] (70)
121 : [19, 100, 189, 285, 479] (77)
122 : [50, 180, 266, 545] (70)
123 : [193, 195, 327, 525, 688] (71)
124 : [228, 391, 689, 701] (69)
125 : [328, 330, 462, 786] (70)
126 : [441, 570, 707, 734] (72)
127 : [39, 151, 294, 470, 481, 564] (69)
128 : [60, 160, 216, 584, 720] (69)
129 : [71, 129, 140, 267, 351, 576] (71)
130 : [67, 120, 227, 243, 436, 486, 738] (70)
131 : [17, 143, 365, 661, 679, 683, 725] (71)
132 : [79, 455, 650, 784] (78)
133 : [14, 171, 200, 272, 692] (72)
134 : [119, 205, 301, 516] (73)
135 : [6, 75, 367, 451, 489, 528] (75)
136 : [511, 565, 594, 603, 733] (74)
137 : [256, 295, 796] (77)
138 : [42, 208, 237, 278] (75)
139 : [44, 352, 419, 458, 596, 634, 700] (75)
140 : [292, 293, 307, 379, 702] (76)
141 : [232, 442, 602, 608, 667, 685] (77)
142 : [137, 324, 384, 460] (76)
143 : [93, 321, 325] (78)
144 : [132, 551, 671, 717, 724] (76)
145 : [123, 242, 283, 364, 780] (76)
146 : [99, 240, 578, 681, 731] (78)
147 : [20, 155, 199, 515, 660, 776] (75)
148 : [154, 270, 619, 754] (77)
149 : [181, 530, 566, 646, 669, 699, 749] (76)
150 : [361, 377, 518, 712] (78)
151 : [263, 363, 543, 798] (78)
152 : [64, 83, 212] (75)
153 : [222, 695] (79)
154 : [203, 281, 375, 539, 591] (75)
155 : [258, 304, 397, 605] (80)
156 : [45, 125, 204, 405, 547, 607, 637, 797] (75)
157 : [280, 383, 457, 557, 778] (78)
158 : [29, 85, 149, 192, 287, 415, 432, 433, 439] (73)
159 : [274, 316, 496, 526, 538, 606, 772] (75)
160 : [249, 491, 624] (77)
161 : [28, 396, 438, 568, 572] (77)
162 : [72, 411, 476, 727] (76)
163 : [11, 36, 251, 331, 347, 677] (77)
164 : [41, 74, 98, 110] (77)
165 : [16, 63, 464, 672, 729] (77)
166 : [62, 76, 226, 409] (78)
167 : [109, 169, 520, 668] (80)
168 : [131, 239, 553, 747, 771] (78)
169 : [55, 114, 135, 406] (78)
170 : [23, 122, 356, 412, 437, 483, 579, 590] (76)
171 : [124, 179, 450, 670] (80)
172 : [90, 334, 420, 497, 512] (79)
173 : [159, 265, 626, 763] (77)
174 : [144, 176, 297, 403, 410, 765, 774] (77)
175 : [218, 298, 382, 454, 635, 649] (79)
176 : [429, 616, 697, 768, 792] (80)
177 : [152, 175, 665, 753] (77)
178 : [485, 494, 505] (78)
179 : [30, 105, 337, 501, 752, 762] (77)
180 : [134, 322, 418, 757] (81)
181 : [10, 452, 507, 563, 587, 630, 785] (80)
182 : [1, 289, 554, 555, 704, 730] (76)
183 : [318, 372, 493] (75)
184 : [142, 261, 741, 755, 788] (75)
