Name: 800-30-45
Time: 34.68111753463745 
Result: 2047
Solution:  102 94 133 177 170 137 71 157 179 179 141 125 68 190 178 160 104 68 97 57 140 60 96 75 39 156 52 85 64 95 124 184 115 120 30 167 130 84 66 186 28 108 188 49 131 106 116 73 10 81 173 9 182 99 181 93 161 108 74 112 39 33 128 113 42 132 33 83 30 70 4 132 7 37 91 107 38 146 87 172 159 133 137 58 33 27 98 140 51 156 73 0 29 166 0 52 34 86 151 150 31 101 142 43 2 14 149 96 42 73 103 57 158 45 139 186 79 98 191 67 10 50 3 175 56 171 189 37 42 117 47 112 104 86 28 44 167 109 42 25 121 74 16 77 178 134 180 147 186 31 123 18 6 104 119 178 41 60 32 114 187 117 163 18 96 126 175 45 163 2 38 172 97 20 58 174 9 12 159 107 127 134 183 145 8 67 130 123 97 185 114 124 78 24 135 134 83 77 164 22 108 69 118 125 166 139 46 129 82 190 128 136 175 13 158 168 188 123 22 25 72 111 118 188 174 39 180 123 66 23 59 165 185 75 166 92 167 11 135 62 173 37 73 56 119 154 178 102 92 3 170 111 63 65 191 28 88 98 160 64 122 151 38 7 51 135 38 127 120 136 38 136 139 117 144 103 179 16 108 52 85 80 20 189 150 6 115 83 163 176 57 181 89 0 22 9 69 71 180 65 45 174 11 153 99 186 122 67 53 69 168 52 61 164 120 77 160 104 132 75 143 24 189 40 22 151 80 98 153 151 87 55 146 147 23 146 100 187 151 83 16 3 4 39 130 44 90 19 44 161 161 182 181 183 81 168 132 191 190 61 135 67 91 91 4 128 4 184 119 71 89 26 81 121 72 9 114 19 104 182 56 82 142 29 90 73 126 10 54 6 91 38 100 25 19 165 12 0 79 131 143 109 13 82 0 141 30 40 185 49 183 141 125 33 24 142 100 173 38 88 43 99 85 122 7 185 40 62 0 184 50 185 48 90 163 27 170 147 161 37 21 124 106 57 52 43 171 170 93 25 158 98 116 65 70 129 99 169 80 14 92 150 5 21 57 13 160 122 39 55 111 108 149 26 30 148 155 76 138 180 157 106 55 145 21 120 59 39 177 33 119 133 50 44 101 21 121 189 86 63 189 23 172 177 97 31 8 161 19 126 187 70 94 74 60 125 62 72 94 161 155 175 61 167 175 143 165 114 146 79 174 182 32 39 120 95 36 138 191 47 15 99 155 44 7 113 75 169 8 30 116 152 14 155 153 127 156 152 179 57 133 28 77 89 61 183 165 137 24 41 162 44 57 54 110 148 105 105 138 179 112 123 158 162 185 124 154 173 160 21 188 169 170 19 117 101 110 96 81 175 56 173 156 131 34 84 162 82 11 171 11 161 157 38 178 49 3 55 28 15 171 69 11 151 83 158 98 141 164 69 26 43 140 54 54 76 4 114 87 157 63 5 138 116 95 16 79 2 54 2 171 141 29 184 107 142 11 77 34 61 161 144 115 132 181 95 81 116 127 105 178 105 46 190 84 169 61 154 175 94 140 68 19 147 128 62 165 6 76 5 41 27 93 95 142 99 181 81 159 11 104 96 48 63 146 187 35 139 87 166 152 24 144 128 108 19 57 145 176 56 92 36 138 88 64 53 127 177 191 182 27 174 73 51 121 176 97 14 152 168 20 166 148 12 49 161 150 110 167 53 178 15 86 78 113 60 66 51 109 171 163 30 105 35 74 190 162 55 128 15 18 149 129 9 41 145 127 32 58 170 164 38 78 71 120 70 65 93 8 44 8 145 190 188 191 113 0 45 102 113
0 : [91, 94, 293, 397, 404, 428, 796] (42)
1 : [] (0)
2 : [104, 169, 647, 649] (31)
3 : [122, 249, 341, 616] (31)
4 : [70, 342, 364, 366, 636] (31)
5 : [462, 641, 689] (33)
6 : [152, 285, 389, 687] (34)
7 : [72, 263, 424, 544] (30)
8 : [184, 506, 548, 788, 790] (31)
9 : [51, 176, 295, 375, 773] (31)
10 : [48, 120, 387] (31)
11 : [237, 302, 608, 610, 622, 656, 699] (32)
12 : [177, 396, 743] (37)
13 : [213, 402, 465] (35)
14 : [105, 459, 552, 737] (31)
15 : [540, 619, 751, 769] (36)
16 : [142, 277, 340, 645] (30)
17 : [] (0)
18 : [151, 163, 770] (33)
19 : [347, 377, 394, 508, 593, 682, 715] (38)
20 : [173, 282, 740] (31)
21 : [440, 463, 484, 495, 589] (31)
22 : [199, 218, 294, 324] (31)
23 : [229, 334, 501] (30)
24 : [193, 321, 414, 568, 711] (33)
25 : [139, 219, 393, 449] (31)
26 : [371, 473, 630] (31)
27 : [85, 435, 691, 730] (33)
28 : [40, 134, 255, 561, 618] (32)
29 : [92, 383, 652] (32)
30 : [34, 68, 406, 474, 549, 761] (31)
31 : [100, 149, 505] (34)
32 : [158, 532, 777] (35)
33 : [61, 66, 84, 413, 489] (34)
34 : [96, 604, 658] (33)
35 : [706, 763] (39)
36 : [536, 721] (33)
37 : [73, 127, 241, 439] (31)
38 : [76, 170, 262, 266, 270, 391, 418, 613, 781] (32)
39 : [24, 60, 225, 343, 468, 487, 533] (32)
40 : [323, 407, 426] (31)
41 : [156, 569, 690, 774] (32)
42 : [64, 108, 128, 138] (33)
43 : [103, 420, 445, 631] (31)
44 : [135, 345, 348, 493, 543, 571, 789] (33)
45 : [113, 167, 300, 797] (38)
46 : [206, 672] (36)
47 : [130, 539] (34)
48 : [432, 702] (35)
49 : [43, 409, 615, 744] (32)
50 : [121, 430, 492] (34)
51 : [88, 264, 733, 757] (33)
52 : [26, 95, 279, 311, 444] (33)
53 : [308, 725, 749] (33)
54 : [388, 573, 633, 634, 648] (31)
55 : [331, 469, 482, 617, 767] (32)
56 : [124, 243, 380, 600, 719] (32)
57 : [19, 111, 290, 443, 464, 559, 572, 716] (32)
58 : [83, 174, 778] (36)
59 : [230, 486] (37)
60 : [21, 157, 514, 755] (38)
61 : [312, 359, 522, 564, 659, 676] (33)
62 : [239, 427, 516, 685] (39)
63 : [252, 499, 640, 703] (36)
64 : [28, 259, 724] (37)
65 : [253, 299, 453, 786] (37)
66 : [38, 228, 756] (38)
67 : [119, 185, 307, 361] (34)
68 : [12, 17, 681] (35)
69 : [201, 296, 309, 621, 629] (35)
70 : [69, 454, 511, 785] (34)
71 : [6, 297, 369, 783] (36)
72 : [220, 374, 517] (33)
73 : [47, 90, 109, 242, 385, 732] (34)
74 : [58, 141, 513, 764] (35)
75 : [23, 233, 319, 546] (35)
76 : [477, 635, 688] (35)
77 : [143, 197, 315, 562, 657] (35)
78 : [192, 753, 782] (35)
79 : [116, 398, 529, 646] (36)
80 : [281, 326, 458] (35)
81 : [49, 354, 372, 598, 666, 697] (34)
82 : [208, 381, 403, 607] (34)
83 : [67, 196, 287, 339, 624] (37)
84 : [37, 605, 674] (35)
85 : [27, 280, 422] (38)
86 : [97, 133, 498, 752] (39)
87 : [78, 330, 638, 708] (37)
88 : [256, 419, 723] (39)
89 : [292, 370, 563] (38)
90 : [346, 384, 433] (36)
91 : [74, 362, 363, 390] (36)
92 : [235, 248, 460, 720] (40)
93 : [55, 448, 692, 787] (36)
94 : [1, 512, 518, 679] (38)
95 : [29, 535, 644, 665, 693] (37)
96 : [22, 107, 164, 597, 701] (37)
97 : [18, 172, 188, 504, 736] (38)
98 : [86, 117, 257, 327, 451, 626] (40)
99 : [53, 304, 421, 456, 541, 695] (39)
100 : [336, 392, 416] (38)
101 : [101, 494, 595] (39)
102 : [0, 247, 798] (39)
103 : [110, 275] (38)
104 : [16, 132, 153, 317, 378, 700] (39)
105 : [576, 577, 669, 671, 762] (39)
106 : [45, 442, 481] (42)
107 : [75, 179, 654] (41)
108 : [41, 57, 200, 278, 471, 714] (42)
109 : [137, 401, 758] (42)
110 : [574, 596, 747] (41)
111 : [221, 251, 470] (41)
112 : [59, 131, 580] (39)
113 : [63, 545, 754, 795, 799] (40)
114 : [159, 190, 376, 527, 637] (39)
115 : [32, 286, 662] (40)
116 : [46, 452, 550, 643, 667] (40)
117 : [129, 161, 273, 594] (41)
118 : [202, 222] (41)
119 : [154, 244, 368, 490] (40)
120 : [33, 268, 314, 485, 534, 784] (39)
121 : [140, 373, 496, 734] (41)
122 : [260, 306, 423, 467] (40)
123 : [150, 187, 217, 227, 581] (39)
124 : [30, 191, 441, 585] (38)
125 : [11, 203, 412, 515] (38)
126 : [165, 386, 509] (43)
127 : [180, 267, 555, 668, 726, 776] (37)
128 : [62, 210, 365, 684, 713, 768] (37)
129 : [207, 455, 772] (37)
130 : [36, 186, 344] (40)
131 : [44, 399, 603] (40)
132 : [65, 71, 318, 356, 663] (37)
133 : [2, 81, 491, 560] (39)
134 : [145, 181, 195] (39)
135 : [194, 238, 265, 360] (42)
136 : [211, 269, 271] (42)
137 : [5, 82, 567] (45)
138 : [478, 537, 578, 642, 722] (44)
139 : [114, 205, 272, 707] (45)
140 : [20, 87, 632, 680] (42)
141 : [10, 405, 411, 627, 651] (43)
142 : [102, 382, 415, 655, 694] (42)
143 : [320, 400, 525] (43)
144 : [274, 661, 712] (45)
145 : [183, 483, 717, 775, 791] (45)
146 : [77, 332, 335, 528, 704] (47)
147 : [147, 333, 437, 683] (45)
148 : [475, 575, 742] (42)
149 : [106, 472, 771] (45)
150 : [99, 284, 461, 746] (44)
151 : [98, 261, 325, 329, 338, 623] (43)
152 : [551, 557, 710, 738] (45)
153 : [303, 328, 554] (42)
154 : [245, 586, 677] (44)
155 : [476, 520, 542, 553] (42)
156 : [25, 89, 556, 602] (42)
157 : [7, 480, 612, 639] (42)
158 : [112, 214, 450, 582, 625] (42)
159 : [80, 178, 698] (41)
160 : [15, 258, 316, 466, 588] (42)
161 : [56, 349, 350, 438, 507, 519, 611, 660, 745] (42)
162 : [570, 583, 606, 766] (44)
163 : [162, 168, 288, 434, 760] (45)
164 : [198, 313, 628, 780] (45)
165 : [231, 395, 526, 566, 686] (45)
166 : [93, 204, 234, 709, 741] (45)
167 : [35, 136, 236, 523, 748] (45)
168 : [215, 310, 355, 739] (45)
169 : [457, 547, 591, 675] (45)
170 : [4, 250, 436, 447, 592, 779] (45)
171 : [125, 446, 609, 620, 650, 759] (45)
172 : [79, 171, 502] (45)
173 : [50, 240, 417, 587, 601] (45)
174 : [175, 224, 301, 530, 731] (44)
175 : [123, 166, 212, 521, 524, 599, 678] (43)
176 : [289, 718, 735] (43)
177 : [3, 488, 503, 727] (43)
178 : [14, 144, 155, 246, 614, 670, 750] (44)
179 : [8, 9, 276, 558, 579] (43)
180 : [146, 226, 298, 479] (45)
181 : [54, 291, 352, 664, 696] (44)
182 : [52, 351, 379, 531, 729] (45)
183 : [182, 353, 410, 565] (44)
184 : [31, 367, 429, 653] (44)
185 : [189, 232, 408, 425, 431, 584] (44)
186 : [39, 115, 148, 305] (44)
187 : [160, 337, 510, 705] (45)
188 : [42, 216, 223, 590, 793] (44)
189 : [126, 283, 322, 497, 500] (42)
190 : [13, 209, 358, 673, 765, 792] (42)
191 : [118, 254, 357, 538, 728, 794] (43)
