Name: 800-30-45
Time: 34.64178657531738 
Result: 13050
Solution:  106 96 133 169 171 135 72 155 175 183 144 124 70 186 177 163 100 69 96 60 138 57 96 74 41 156 52 84 63 93 128 184 111 124 31 170 140 86 66 184 28 109 188 48 132 109 116 76 9 81 170 9 180 97 181 92 164 110 74 112 36 35 125 105 43 133 24 86 30 69 1 132 8 37 94 107 40 139 89 174 153 134 137 60 32 26 94 141 54 158 71 6 31 166 0 46 30 85 150 150 38 99 142 45 2 12 148 93 44 72 101 58 155 49 136 185 79 101 187 67 9 53 6 176 54 168 185 41 48 120 43 110 108 85 28 45 168 108 42 26 121 74 18 70 174 131 182 146 188 29 122 19 8 105 119 178 31 64 33 112 186 117 163 22 94 126 179 47 165 1 40 172 100 21 58 175 3 7 162 104 127 135 183 145 2 70 130 121 98 189 113 119 80 19 137 134 84 82 160 22 107 68 118 125 166 134 46 134 82 191 130 136 177 12 159 169 184 121 24 25 71 111 118 191 170 39 183 123 60 27 59 165 185 76 167 95 162 6 129 60 179 32 73 61 117 154 178 102 93 4 172 114 65 65 188 23 90 99 160 63 129 152 39 7 51 135 39 122 121 135 39 141 137 115 142 103 179 13 113 54 81 79 16 185 148 8 114 82 168 177 62 180 86 2 19 5 65 73 184 64 44 173 13 153 99 186 122 64 52 66 168 51 61 169 112 79 155 108 136 77 143 23 189 40 25 148 76 98 157 152 90 58 146 151 24 146 100 186 150 86 18 5 4 39 131 46 91 20 49 160 164 182 180 177 80 165 131 191 188 61 136 72 87 95 4 127 3 183 116 71 96 25 80 122 72 9 112 16 109 185 61 81 148 27 90 72 126 14 53 5 94 34 106 23 20 165 15 1 76 128 143 110 10 83 2 138 30 36 189 48 187 139 125 29 17 145 100 170 46 88 44 99 87 124 7 181 40 69 0 180 51 184 53 91 159 22 171 147 160 32 22 127 107 62 51 45 175 176 97 21 158 102 116 69 68 127 105 160 78 14 90 151 6 20 46 13 166 119 43 54 109 109 152 26 27 145 150 75 146 181 155 103 62 147 20 120 59 32 178 31 126 133 50 48 104 23 121 190 85 67 184 20 179 181 97 32 13 163 20 130 187 78 94 75 61 125 62 76 98 158 157 175 58 165 176 143 167 113 148 80 174 175 33 31 120 95 36 139 189 41 16 99 154 46 3 111 78 173 13 31 113 157 12 154 153 129 157 151 181 54 132 29 78 87 61 183 167 140 24 37 161 44 61 55 113 147 108 105 144 182 115 122 155 166 185 124 159 177 150 16 189 164 168 12 121 102 112 92 82 174 56 171 161 130 30 88 158 82 14 171 4 161 157 38 179 45 2 58 32 18 172 68 13 148 82 153 99 138 167 68 26 45 138 50 50 77 5 119 83 160 62 3 139 112 92 13 77 4 53 1 173 142 29 186 106 145 13 77 35 61 162 149 117 135 176 88 81 119 131 107 177 105 42 190 84 169 56 159 177 91 141 67 15 151 133 66 163 7 81 0 40 28 90 92 142 96 182 81 160 12 108 95 47 64 146 187 34 139 89 168 147 23 144 128 110 16 56 145 174 55 93 37 138 89 68 51 127 178 187 181 28 174 77 48 123 176 95 18 155 171 21 169 149 17 47 160 156 107 166 55 177 17 84 73 120 57 63 52 109 170 158 29 105 35 74 190 162 56 127 14 19 149 124 10 43 144 133 33 57 170 164 38 79 70 120 73 66 87 3 45 6 150 190 190 191 114 0 46 101 111
0 : [94, 428, 689, 796] (36)
1 : [70, 169, 397, 649] (34)
2 : [104, 184, 293, 404, 616] (33)
3 : [176, 366, 544, 641, 788] (31)
4 : [249, 342, 364, 610, 647] (32)
5 : [295, 341, 389, 636] (31)
6 : [91, 122, 237, 462, 790] (31)
7 : [177, 263, 424, 687] (33)
8 : [72, 152, 285] (33)
9 : [48, 51, 120, 375] (31)
10 : [402, 773] (32)
11 : [] (0)
12 : [105, 213, 552, 593, 699] (31)
13 : [277, 302, 465, 506, 548, 622, 645, 656] (30)
14 : [387, 459, 608, 769] (30)
15 : [396, 682] (35)
16 : [282, 377, 540, 589, 715] (32)
17 : [414, 743, 751] (30)
18 : [142, 340, 619, 737] (32)
19 : [151, 193, 294, 770] (33)
20 : [347, 394, 463, 484, 501, 508] (30)
21 : [173, 449, 740] (30)
22 : [163, 199, 435, 440] (32)
23 : [255, 321, 393, 495, 711] (30)
24 : [66, 218, 334, 568] (30)
25 : [219, 324, 371] (32)
26 : [85, 139, 473, 630] (31)
27 : [229, 383, 474] (32)
28 : [40, 134, 691, 730] (31)
29 : [149, 413, 561, 652, 761] (30)
30 : [68, 96, 406, 604] (31)
31 : [34, 92, 156, 489, 533, 549] (30)
32 : [84, 241, 439, 487, 505, 618] (32)
33 : [158, 532, 777] (35)
34 : [391, 706] (37)
35 : [61, 658, 763] (36)
36 : [60, 407, 536] (33)
37 : [73, 569, 721] (37)
38 : [100, 613, 781] (32)
39 : [225, 262, 266, 270, 343] (30)
40 : [76, 170, 323, 426, 690] (34)
41 : [24, 127, 539] (35)
42 : [138, 672] (38)
43 : [64, 130, 468, 774] (30)
44 : [108, 300, 420, 571] (30)
45 : [103, 135, 445, 615, 631, 789] (30)
46 : [95, 206, 345, 418, 464, 543, 797] (31)
47 : [167, 702, 744] (35)
48 : [43, 128, 409, 493, 733] (31)
49 : [113, 348] (32)
50 : [492, 633, 634] (31)
51 : [264, 311, 430, 444, 725] (32)
52 : [26, 308, 757] (33)
53 : [121, 388, 432, 648] (31)
54 : [88, 124, 279, 469, 559] (31)
55 : [573, 719, 749] (35)
56 : [600, 676, 716, 767] (37)
57 : [21, 755, 778] (36)
58 : [111, 174, 331, 522, 617] (34)
59 : [230, 486] (37)
60 : [19, 83, 228, 239] (35)
61 : [243, 312, 359, 380, 514, 564, 572, 659] (30)
62 : [290, 443, 482, 516, 640] (31)
63 : [28, 259, 756] (37)
64 : [157, 299, 307, 703] (36)
65 : [252, 253, 296] (36)
66 : [38, 309, 685, 786] (36)
67 : [119, 499, 681] (35)
68 : [201, 454, 621, 629, 724] (39)
69 : [17, 69, 427, 453] (38)
70 : [12, 143, 185, 783] (42)
71 : [90, 220, 369] (39)
72 : [6, 109, 361, 374, 385] (36)
73 : [242, 297, 753, 785] (38)
74 : [23, 58, 141, 764] (36)
75 : [477, 513] (38)
76 : [47, 233, 326, 398, 517] (35)
77 : [319, 635, 646, 657, 732] (35)
78 : [458, 511, 546, 562] (35)
79 : [116, 281, 315, 782] (33)
80 : [192, 354, 372, 529] (34)
81 : [49, 280, 381, 666, 688, 697] (32)
82 : [197, 208, 287, 598, 607, 624] (32)
83 : [403, 638] (34)
84 : [27, 196, 674, 752] (34)
85 : [97, 133, 498] (33)
86 : [37, 67, 292, 339] (34)
87 : [362, 422, 563, 787] (38)
88 : [419, 605, 665] (35)
89 : [78, 708, 723] (38)
90 : [256, 330, 384, 460, 692] (37)
91 : [346, 433, 679] (35)
92 : [55, 597, 644, 693] (36)
93 : [29, 107, 248, 720] (37)
94 : [74, 86, 164, 390, 512] (37)
95 : [235, 363, 535, 701, 736] (37)
96 : [1, 18, 22, 370, 695] (36)
97 : [53, 448, 504] (38)
98 : [188, 327, 518] (40)
99 : [101, 257, 304, 421, 541, 626] (40)
100 : [16, 172, 336, 416] (43)
101 : [110, 117, 798] (41)
102 : [247, 451, 595] (39)
103 : [275, 481] (40)
104 : [179, 494] (37)
105 : [63, 153, 456, 577, 671, 762] (38)
106 : [0, 392, 654] (37)
107 : [75, 200, 442, 669, 747] (38)
108 : [132, 137, 317, 576, 700] (37)
109 : [41, 45, 378, 470, 471, 758] (37)
110 : [57, 131, 401, 714] (39)
111 : [32, 221, 545, 799] (40)
112 : [59, 159, 314, 376, 596, 643] (41)
113 : [190, 278, 527, 550, 574] (40)
114 : [251, 286, 795] (40)
115 : [273, 580] (40)
116 : [46, 368, 452] (42)
117 : [161, 244, 662] (43)
118 : [202, 222] (41)
119 : [154, 191, 467, 637, 667] (40)
120 : [129, 485, 534, 754, 784] (41)
121 : [140, 187, 217, 268, 496, 594] (43)
122 : [150, 267, 306, 373, 581] (44)
123 : [227, 734] (41)
124 : [11, 33, 423, 585, 772] (37)
125 : [62, 203, 412, 515] (37)
126 : [165, 386, 490] (42)
127 : [180, 365, 441, 455, 726, 768] (38)
128 : [30, 399, 713] (40)
129 : [238, 260, 555] (37)
130 : [186, 210, 509, 603] (40)
131 : [145, 344, 356, 668] (40)
132 : [44, 71, 560] (38)
133 : [2, 65, 491, 684, 776] (38)
134 : [81, 195, 205, 207] (38)
135 : [5, 181, 265, 269, 663] (39)
136 : [114, 211, 318, 360] (41)
137 : [82, 194, 272] (42)
138 : [20, 405, 627, 632, 722] (41)
139 : [77, 411, 537, 642, 707] (41)
140 : [36, 567] (40)
141 : [87, 271, 680] (41)
142 : [102, 274, 651, 694] (40)
143 : [320, 400, 525] (43)
144 : [10, 578, 712, 775] (41)
145 : [183, 415, 475, 655, 717] (42)
146 : [147, 332, 335, 478, 704] (41)
147 : [437, 483, 575, 710] (44)
148 : [106, 284, 325, 382, 528, 623] (42)
149 : [661, 742, 771] (45)
150 : [98, 99, 338, 476, 588, 791] (44)
151 : [333, 461, 557, 683] (45)
152 : [261, 329, 472] (44)
153 : [80, 303, 554, 625] (49)
154 : [245, 542, 553] (45)
155 : [7, 112, 316, 480, 582, 738] (44)
156 : [25, 746] (50)
157 : [328, 520, 551, 556, 612] (44)
158 : [89, 450, 519, 606, 760] (44)
159 : [214, 434, 586, 677] (45)
160 : [198, 258, 349, 438, 457, 639, 698, 745] (43)
161 : [570, 602, 611] (43)
162 : [178, 236, 660, 766] (44)
163 : [15, 162, 507, 686] (44)
164 : [56, 350, 591, 780] (45)
165 : [168, 231, 355, 395, 523] (46)
166 : [93, 204, 466, 583, 748] (45)
167 : [234, 526, 566, 628] (45)
168 : [125, 136, 288, 310, 592, 709] (45)
169 : [3, 215, 313, 675, 741] (45)
170 : [35, 50, 224, 417, 759, 779] (46)
171 : [4, 436, 601, 609, 739] (45)
172 : [171, 250, 620] (45)
173 : [301, 547, 650] (45)
174 : [79, 144, 530, 599, 718, 731] (45)
175 : [8, 175, 446, 521, 531] (45)
176 : [123, 447, 524, 664, 735] (44)
177 : [14, 212, 289, 353, 587, 670, 678, 750] (44)
178 : [155, 246, 488, 727] (45)
179 : [166, 240, 276, 502, 614] (44)
180 : [52, 291, 352, 429] (45)
181 : [54, 425, 479, 503, 558, 729] (44)
182 : [146, 351, 579, 696] (44)
183 : [9, 182, 226, 367, 565] (44)
184 : [31, 39, 216, 298, 431, 500] (45)
185 : [115, 126, 232, 283, 379, 584] (45)
186 : [13, 160, 305, 337, 653] (45)
187 : [118, 410, 510, 705, 728] (44)
188 : [42, 148, 254, 358] (45)
189 : [189, 322, 408, 538, 590] (47)
190 : [497, 673, 765, 792, 793] (44)
191 : [209, 223, 357, 794] (45)
