Name: 800-40-60
Time: 34.87165403366089 
Result: 20
Solution:  28 24 39 25 14 88 93 26 67 122 85 11 1 68 93 42 124 41 97 12 4 55 48 44 3 0 109 6 24 14 17 113 57 63 99 50 25 103 4 64 121 53 99 50 58 108 96 49 98 103 30 112 74 64 66 16 62 85 74 119 2 90 112 35 45 6 20 30 55 30 114 107 111 81 58 102 11 48 89 113 42 114 39 92 57 62 73 52 86 77 97 92 22 108 95 82 72 61 81 27 51 33 45 30 7 86 78 40 46 87 9 42 48 71 116 61 96 118 34 116 2 120 31 67 70 3 110 12 1 90 41 101 37 113 3 97 94 4 11 53 26 108 106 65 121 107 58 55 24 1 8 33 83 70 118 34 40 66 82 115 15 13 98 44 91 85 82 52 37 108 92 74 1 51 75 53 50 113 102 62 78 122 83 16 17 19 15 77 38 79 15 98 111 62 28 38 76 48 79 49 49 120 116 116 67 32 110 25 78 6 89 5 86 60 64 6 26 9 24 71 59 7 72 42 53 74 105 120 51 124 80 90 55 80 97 43 6 93 120 76 36 114 2 106 60 109 85 86 24 119 9 66 91 120 103 24 73 56 24 95 29 42 100 90 91 119 94 102 35 28 121 14 72 99 63 33 15 110 17 59 119 101 72 106 109 39 42 80 4 2 104 84 32 73 38 22 113 116 112 5 56 91 104 92 32 87 94 118 24 79 71 62 54 69 89 41 69 117 51 107 1 105 39 59 92 0 100 124 24 47 5 104 82 50 57 47 55 81 107 106 86 106 15 77 89 106 7 115 6 102 0 11 0 102 52 8 85 59 15 68 46 27 65 84 84 120 33 114 98 88 27 69 64 59 88 75 88 3 119 113 113 69 72 83 110 7 13 61 112 24 75 96 24 90 34 58 29 81 75 72 68 99 78 45 94 64 67 36 47 94 26 21 80 123 57 112 76 89 12 94 47 15 98 66 103 84 31 15 120 6 102 103 72 31 10 45 88 75 96 48 49 99 122 25 81 89 7 48 13 109 29 32 38 79 109 23 108 106 114 88 15 11 56 36 73 41 101 21 95 112 37 110 122 75 112 32 109 27 11 75 110 16 15 74 62 98 77 65 27 115 20 66 55 86 76 20 9 114 76 100 1 68 41 60 109 46 74 124 10 77 123 79 98 24 38 67 29 92 118 117 55 97 110 0 47 110 63 71 107 105 83 46 93 5 103 33 63 108 68 87 121 58 42 116 88 29 21 82 70 63 119 58 11 20 80 76 90 76 60 8 48 96 102 25 88 50 121 39 91 100 75 48 97 81 37 28 48 98 73 12 49 21 97 97 28 23 122 112 47 122 10 17 97 14 96 115 17 40 43 120 25 84 38 106 5 3 87 32 81 46 102 94 14 102 8 115 35 35 85 105 108 122 31 36 52 56 28 26 111 82 11 103 40 55 95 11 52 66 12 90 41 26 57 101 88 95 8 10 29 26 0 35 103 37 99 101 10 24 99 65 80 81 60 17 19 83 96 103 116 96 54 23 62 39 70 89 46 33 114 82 111 94 68 63 84 18 98 80 100 61 49 49 57 94 60 9 22 124 115 18 11 118 11 123 110 3 95 60 23 86 121 18 94 95 57 56 69 73 14 45 43 69 79 82 45 41 124 15 122 113 70 78 91 63 111 82 87 20 84 53 13 117 86 72 80 45 39 4 3 50 51 9 117 36 30 93 24 47 63 47 22 19 32 6 57 44 18 104 66 0 74 120 22 78 94 33 57 81 59 25 12 67 40 111 119 22 75 116 33 124 123 42 70 6 116 18 117 44 9 43
0 : [25, 325, 350, 352, 523, 650, 769] (40)
1 : [12, 128, 149, 172, 320, 500] (41)
2 : [60, 120, 242, 289] (41)
3 : [24, 125, 134, 377, 605, 705, 748] (40)
4 : [20, 38, 137, 288, 747] (42)
5 : [211, 299, 330, 533, 604] (41)
6 : [27, 65, 209, 215, 236, 348, 429, 763, 793] (41)
7 : [104, 221, 346, 385, 446] (40)
8 : [150, 355, 559, 614, 646] (42)
9 : [110, 217, 250, 496, 695, 751, 798] (41)
10 : [434, 508, 590, 647, 656] (40)
11 : [11, 76, 138, 351, 461, 478, 552, 630, 635, 700, 702] (40)
12 : [19, 127, 418, 579, 638, 780] (40)
13 : [161, 386, 448, 740] (46)
14 : [4, 29, 271, 593, 612, 718] (40)
15 : [160, 186, 190, 276, 342, 358, 421, 427, 460, 482, 727] (41)
16 : [55, 183, 481] (40)
17 : [30, 184, 278, 591, 596, 663] (42)
18 : [685, 699, 711, 766, 795] (42)
19 : [185, 664, 761] (43)
20 : [66, 490, 495, 553, 737] (45)
21 : [411, 467, 546, 581] (43)
22 : [92, 295, 696, 760, 772, 785] (42)
23 : [455, 585, 671, 708] (43)
24 : [1, 28, 148, 218, 248, 255, 258, 308, 328, 389, 392, 513, 657, 756] (41)
25 : [3, 36, 207, 443, 563, 600, 779] (41)
26 : [7, 140, 216, 410, 627, 641, 649] (46)
27 : [99, 361, 370, 477, 488] (46)
28 : [0, 194, 269, 575, 584, 626] (44)
29 : [260, 396, 450, 516, 545, 648] (45)
30 : [50, 67, 69, 103, 754] (45)
31 : [122, 426, 433, 622] (45)
32 : [205, 292, 304, 451, 475, 607, 762] (45)
33 : [101, 151, 275, 366, 535, 677, 775, 788] (46)
34 : [118, 155, 394] (44)
35 : [63, 268, 616, 617, 651] (45)
36 : [240, 407, 463, 623, 753] (46)
37 : [132, 168, 470, 574, 653] (46)
38 : [188, 195, 294, 452, 514, 602] (46)
39 : [2, 82, 285, 322, 567, 673, 746] (46)
40 : [107, 156, 597, 632, 782] (47)
41 : [17, 130, 315, 465, 502, 640, 725] (45)
42 : [15, 80, 111, 223, 261, 286, 542, 791] (45)
43 : [235, 598, 720, 799] (46)
44 : [23, 163, 765, 797] (45)
45 : [64, 102, 403, 435, 719, 724, 745] (44)
46 : [108, 360, 505, 531, 609, 676] (44)
47 : [329, 335, 408, 420, 524, 588, 757, 759] (44)
48 : [22, 77, 112, 197, 439, 447, 560, 571, 576] (44)
49 : [47, 199, 200, 440, 580, 690, 691] (45)
50 : [35, 43, 176, 333, 565, 749] (48)
51 : [100, 173, 228, 318, 750] (46)
52 : [87, 167, 354, 624, 636] (47)
53 : [41, 139, 175, 224, 739] (47)
54 : [312, 670] (49)
55 : [21, 68, 147, 232, 336, 492, 520, 633] (47)
56 : [257, 300, 462, 625, 715] (48)
57 : [32, 84, 334, 414, 642, 692, 714, 764, 776] (48)
58 : [44, 74, 146, 395, 541, 551] (47)
59 : [220, 279, 323, 357, 373, 778] (49)
60 : [213, 244, 503, 558, 662, 694, 707] (48)
61 : [97, 115, 387, 689] (48)
62 : [56, 85, 179, 193, 311, 484, 672] (49)
63 : [33, 274, 526, 536, 549, 683, 733, 758] (48)
64 : [39, 53, 214, 372, 405] (48)
65 : [143, 362, 487, 659] (52)
66 : [54, 157, 251, 423, 491, 637, 768] (51)
67 : [8, 123, 204, 406, 515, 781] (50)
68 : [13, 359, 400, 501, 538, 682] (51)
69 : [313, 316, 371, 381, 716, 721] (52)
70 : [124, 153, 548, 674, 730, 792] (50)
71 : [113, 219, 310, 527] (52)
72 : [96, 222, 272, 282, 382, 399, 432, 743] (51)
73 : [86, 256, 293, 464, 578, 717] (50)
74 : [52, 58, 171, 225, 483, 506, 770] (50)
75 : [174, 375, 390, 398, 437, 473, 479, 570, 786] (50)
76 : [196, 239, 416, 494, 498, 555, 557] (50)
77 : [89, 187, 343, 486, 509] (50)
78 : [106, 180, 208, 402, 731, 773] (50)
79 : [189, 198, 309, 453, 511, 722] (50)
80 : [230, 233, 287, 412, 554, 660, 687, 744] (51)
81 : [73, 98, 337, 397, 444, 573, 608, 661, 777] (50)
82 : [95, 158, 166, 332, 547, 629, 679, 723, 735] (53)
83 : [152, 182, 383, 530, 665] (50)
84 : [291, 363, 364, 425, 601, 684, 738] (51)
85 : [10, 57, 165, 246, 356, 618] (53)
86 : [88, 105, 212, 247, 340, 493, 709, 742] (51)
87 : [109, 305, 539, 606, 736] (52)
88 : [5, 369, 374, 376, 436, 459, 544, 564, 644] (52)
89 : [78, 210, 314, 344, 417, 445, 675] (52)
90 : [61, 129, 231, 263, 393, 556, 639] (52)
91 : [164, 252, 264, 301, 568, 732] (54)
92 : [83, 91, 170, 303, 324, 517] (53)
93 : [6, 14, 237, 532, 755] (52)
94 : [136, 266, 306, 404, 409, 419, 611, 681, 693, 712, 774] (53)
95 : [94, 259, 468, 634, 645, 706, 713] (53)
96 : [46, 116, 391, 438, 561, 594, 666, 669] (53)
97 : [18, 90, 135, 234, 521, 572, 582, 583, 592] (53)
98 : [48, 162, 191, 368, 422, 485, 512, 577, 686] (54)
99 : [34, 42, 273, 401, 441, 654, 658] (53)
100 : [262, 326, 499, 569, 688] (54)
101 : [131, 281, 466, 643, 655] (54)
102 : [75, 178, 267, 349, 353, 430, 562, 610, 613] (54)
103 : [37, 49, 254, 424, 431, 534, 631, 652, 667] (54)
104 : [290, 302, 331, 767] (57)
105 : [226, 321, 529, 619] (57)
106 : [142, 243, 283, 339, 341, 345, 457, 603] (55)
107 : [71, 145, 319, 338, 528] (55)
108 : [45, 93, 141, 169, 456, 537, 620] (57)
109 : [26, 245, 284, 449, 454, 476, 504] (58)
110 : [126, 206, 277, 384, 471, 480, 522, 525, 704] (57)
111 : [72, 192, 628, 680, 734, 783] (56)
112 : [51, 62, 298, 388, 415, 469, 474, 587] (57)
113 : [31, 79, 133, 177, 296, 379, 380, 729] (57)
114 : [70, 81, 241, 367, 458, 497, 678] (56)
115 : [159, 347, 489, 595, 615, 698] (59)
116 : [114, 119, 202, 203, 297, 543, 668, 787, 794] (57)
117 : [317, 519, 741, 752, 796] (60)
118 : [117, 154, 307, 518, 701] (57)
119 : [59, 249, 265, 280, 378, 550, 784] (59)
120 : [121, 201, 227, 238, 253, 365, 428, 599, 771] (56)
121 : [40, 144, 270, 540, 566, 710] (58)
122 : [9, 181, 442, 472, 586, 589, 621, 728] (57)
123 : [413, 510, 703, 790] (59)
124 : [16, 229, 327, 507, 697, 726, 789] (56)
