Name: 800-20-30
Time: 34.63121509552002 
Result: 2011
Solution:  52 110 103 96 43 153 122 112 91 58 33 49 46 56 66 114 41 71 135 52 47 106 152 78 82 73 154 69 63 144 5 91 93 94 63 159 131 73 63 83 21 104 130 85 128 15 53 154 30 14 135 154 105 32 36 134 60 115 95 106 82 75 40 100 10 95 90 156 38 18 33 110 157 77 139 130 33 101 104 62 136 50 56 70 89 122 50 144 18 29 64 59 73 155 104 95 71 25 72 156 45 87 69 127 57 124 120 148 98 74 4 35 137 60 54 145 81 147 39 72 42 1 64 33 19 0 76 157 130 141 118 120 92 138 1 34 145 21 112 151 2 124 41 15 92 63 77 137 107 89 143 10 141 116 7 89 52 60 116 108 100 101 43 119 150 19 45 108 152 70 103 128 106 69 40 47 114 48 72 151 36 45 17 109 62 150 41 112 9 41 57 38 86 53 56 133 48 76 97 135 117 147 115 18 19 24 87 135 62 144 26 111 126 31 127 129 121 134 136 140 51 15 74 137 159 13 78 67 157 25 152 29 156 66 45 135 12 116 137 135 118 113 0 9 146 158 46 23 21 42 55 79 87 143 128 15 49 114 115 81 136 58 148 88 29 143 105 27 6 121 145 71 79 2 135 31 57 97 43 145 84 104 79 140 40 6 47 14 111 85 129 121 53 119 28 65 16 3 68 61 112 11 15 106 30 68 91 39 86 83 113 81 129 102 105 69 98 123 146 151 64 130 114 7 155 80 37 24 83 24 71 54 50 119 37 4 142 7 66 32 154 19 49 15 145 82 48 114 141 37 144 15 153 118 21 47 21 36 129 84 79 6 88 0 103 117 60 125 127 153 1 124 125 64 78 16 125 123 67 121 65 145 30 153 57 158 127 20 158 5 3 40 42 129 1 127 2 45 54 11 36 21 71 83 113 73 46 27 88 33 80 128 21 100 55 23 10 76 144 30 107 39 12 107 61 6 71 82 76 117 74 136 44 8 2 77 24 123 100 153 136 132 107 91 78 4 121 13 46 90 93 140 2 96 58 133 131 148 23 149 18 149 142 120 81 4 110 109 147 105 58 105 75 79 35 148 66 40 102 15 22 65 118 75 119 95 71 23 156 156 90 27 82 36 85 54 60 11 56 154 31 86 124 107 152 73 99 39 10 65 75 80 83 75 123 2 75 27 21 33 28 42 122 69 35 14 9 9 96 49 102 85 49 70 94 3 25 137 113 67 12 93 93 59 16 23 148 67 69 8 89 113 143 134 17 60 101 98 22 7 112 82 146 90 97 9 92 128 139 23 130 3 11 52 102 30 86 76 142 119 101 9 146 96 28 0 113 9 80 134 106 64 108 50 26 51 49 77 89 41 140 48 35 44 110 103 9 108 90 90 126 155 109 65 133 84 113 32 154 132 70 45 39 81 149 95 126 136 114 104 80 106 43 17 147 103 122 92 29 38 71 62 110 51 52 19 120 116 87 121 75 72 132 140 38 131 33 20 94 11 123 155 101 61 72 133 61 2 55 4 22 63 34 151 109 34 146 4 34 159 150 135 26 152 51 157 27 53 5 88 99 39 24 154 43 5 99 119 59 85 151 45 143 10 109 83 111 31 99 34 35 145 106 23 105 12 50 56 150 92 146 36 95 148 97 1 159 6 125 37 84 14 138 149 124 111 49 42 131 16 28 127 48 25 23 55 125 72 83 25 138 106 90 149 62 94 134 44 14 57 132 153 79 91 13 68 63 40 6 8 57 116 52 92 35 53 89 61 8 137 139 21 120 112 126 7 52 141 159 20 100 136 101 50 141 47 102 110 26 10
0 : [125, 242, 363, 585] (21)
1 : [121, 134, 370, 394, 725] (20)
2 : [140, 273, 396, 434, 452, 515, 667] (21)
3 : [297, 390, 535, 571] (20)
4 : [110, 335, 445, 465, 669, 677] (21)
5 : [30, 389, 688, 695] (22)
6 : [268, 285, 361, 425, 727, 768] (20)
7 : [154, 323, 337, 559, 785] (21)
8 : [433, 549, 769, 778] (22)
9 : [188, 243, 526, 527, 565, 581, 587, 606] (20)
10 : [64, 151, 416, 508, 703, 799] (20)
11 : [301, 399, 497, 572, 659] (20)
12 : [236, 422, 540, 715] (21)
13 : [225, 447, 764] (20)
14 : [49, 287, 525, 731, 758] (20)
15 : [45, 143, 221, 255, 302, 343, 351, 479] (19)
16 : [296, 375, 544, 739] (20)
17 : [182, 554, 633] (21)
18 : [69, 88, 203, 460] (20)
19 : [124, 165, 204, 341, 645] (19)
20 : [387, 657, 789] (21)
21 : [40, 137, 248, 354, 356, 401, 412, 518, 781] (20)
22 : [480, 558, 670] (22)
23 : [247, 415, 458, 487, 545, 569, 713, 744] (20)
24 : [205, 327, 329, 436, 692] (20)
25 : [97, 229, 536, 743, 749] (22)
26 : [210, 594, 682, 798] (23)
27 : [267, 407, 491, 517, 686] (22)
28 : [294, 520, 584, 740] (21)
29 : [89, 231, 264, 638] (22)
30 : [48, 304, 382, 419, 575] (22)
31 : [213, 275, 500, 707] (22)
32 : [53, 339, 617] (21)
33 : [10, 70, 76, 123, 409, 519, 656] (22)
34 : [135, 672, 675, 678, 709] (22)
35 : [111, 474, 524, 602, 710, 774] (22)
36 : [54, 180, 357, 400, 493, 721] (22)
37 : [326, 334, 349, 729] (23)
38 : [68, 191, 639, 654] (24)
39 : [118, 307, 421, 507, 622, 691] (22)
40 : [62, 174, 284, 391, 477, 767] (22)
41 : [16, 142, 186, 189, 599] (21)
42 : [120, 249, 392, 521, 737] (22)
43 : [4, 162, 278, 632, 694] (22)
44 : [432, 603, 757] (23)
45 : [100, 166, 181, 234, 397, 621, 701] (21)
46 : [12, 246, 406, 448] (21)
47 : [20, 175, 286, 355, 795] (22)
48 : [177, 196, 346, 601, 742] (22)
49 : [11, 256, 342, 529, 532, 596, 736] (22)
50 : [81, 86, 332, 593, 716, 793] (23)
51 : [220, 595, 643, 684] (25)
52 : [0, 19, 156, 573, 644, 772, 786] (23)
53 : [46, 193, 292, 687, 775] (23)
54 : [114, 331, 398, 495] (23)
55 : [250, 414, 668, 745] (23)
56 : [13, 82, 194, 498, 717] (25)
57 : [104, 190, 276, 384, 759, 770] (24)
58 : [9, 261, 454, 470] (24)
59 : [91, 543, 698] (27)
60 : [56, 113, 157, 366, 496, 555] (25)
61 : [299, 424, 663, 666, 777] (24)
62 : [79, 184, 208, 641, 754] (25)
63 : [28, 34, 38, 145, 671, 766] (27)
64 : [90, 122, 320, 373, 591] (24)
65 : [295, 380, 481, 509, 613] (24)
66 : [14, 233, 338, 476] (26)
67 : [227, 378, 539, 547] (24)
68 : [298, 305, 765] (25)
69 : [27, 102, 173, 315, 523, 548] (24)
70 : [83, 169, 533, 620] (24)
71 : [17, 96, 271, 330, 402, 426, 486, 640] (24)
72 : [98, 119, 178, 651, 664, 747] (23)
73 : [25, 37, 92, 405, 505] (26)
74 : [109, 222, 430] (24)
75 : [61, 472, 483, 510, 513, 516, 650] (24)
76 : [126, 197, 417, 428, 577] (25)
77 : [73, 146, 435, 597] (24)
78 : [23, 226, 374, 444] (23)
79 : [251, 272, 282, 360, 473, 762] (24)
80 : [325, 410, 511, 588, 630] (25)
81 : [116, 259, 311, 464, 623] (25)
82 : [24, 60, 345, 427, 492, 561] (24)
83 : [39, 309, 328, 403, 512, 705, 748] (24)
84 : [280, 359, 615, 730] (24)
85 : [43, 289, 494, 531, 699] (25)
86 : [192, 308, 501, 576] (24)
87 : [101, 206, 252, 648] (24)
88 : [263, 362, 408, 689] (24)
89 : [84, 149, 155, 550, 598, 776] (25)
90 : [66, 449, 490, 563, 608, 609, 752] (27)
91 : [8, 31, 306, 443, 763] (25)
92 : [132, 144, 566, 637, 719, 773] (26)
93 : [32, 450, 541, 542] (25)
94 : [33, 534, 658, 755] (27)
95 : [58, 65, 95, 485, 625, 722] (27)
96 : [3, 453, 528, 583] (29)
97 : [198, 277, 564, 724] (28)
98 : [108, 316, 557] (29)
99 : [506, 690, 696, 708] (30)
100 : [63, 160, 413, 438, 790] (29)
101 : [77, 161, 556, 580, 662, 792] (27)
102 : [313, 478, 530, 574, 796] (27)
103 : [2, 170, 364, 605, 635] (27)
104 : [41, 78, 94, 281, 629] (27)
105 : [52, 266, 314, 469, 471, 714] (28)
106 : [21, 59, 172, 303, 590, 631, 712, 751] (27)
107 : [148, 420, 423, 442, 503] (27)
108 : [159, 167, 592, 607] (27)
109 : [183, 467, 612, 674, 704] (27)
110 : [1, 71, 466, 604, 642, 797] (27)
111 : [211, 288, 706, 735] (30)
112 : [7, 138, 187, 300, 560, 783] (27)
113 : [241, 310, 404, 538, 551, 586, 616] (28)
114 : [15, 176, 257, 322, 347, 628] (27)
115 : [57, 202, 258] (28)
116 : [153, 158, 237, 647, 771] (28)
117 : [200, 365, 429] (29)
118 : [130, 240, 353, 482] (29)
119 : [163, 293, 333, 484, 579, 697] (28)
120 : [106, 131, 463, 646, 782] (29)
121 : [216, 269, 291, 379, 446, 649] (29)
122 : [6, 85, 522, 636] (29)
123 : [317, 377, 437, 514, 660] (29)
124 : [105, 141, 371, 502, 734] (30)
125 : [367, 372, 376, 728, 746] (30)
126 : [212, 610, 626, 784] (30)
127 : [103, 214, 368, 386, 395, 741] (28)
128 : [44, 171, 254, 411, 567] (29)
129 : [215, 290, 312, 358, 393] (28)
130 : [42, 75, 128, 321, 570] (30)
131 : [36, 456, 655, 738] (27)
132 : [441, 619, 652, 760] (28)
133 : [195, 455, 614, 665] (28)
134 : [55, 217, 553, 589, 756] (28)
135 : [18, 50, 199, 207, 235, 239, 274, 681] (28)
136 : [80, 218, 260, 431, 440, 627, 791] (28)
137 : [112, 147, 223, 238, 537, 779] (28)
138 : [133, 732, 750] (29)
139 : [74, 568, 780] (30)
140 : [219, 283, 451, 600, 653] (30)
141 : [129, 152, 348, 787, 794] (29)
142 : [336, 462, 578] (30)
143 : [150, 253, 265, 552, 702] (29)
144 : [29, 87, 209, 350, 418] (30)
145 : [115, 136, 270, 279, 344, 381, 711] (28)
146 : [244, 318, 562, 582, 676, 720] (30)
147 : [117, 201, 468, 634] (28)
148 : [107, 262, 457, 475, 546, 723] (28)
149 : [459, 461, 624, 733, 753] (29)
150 : [164, 185, 680, 718] (27)
151 : [139, 179, 319, 673, 700] (28)
152 : [22, 168, 230, 504, 683] (30)
153 : [5, 352, 369, 383, 439, 761] (30)
154 : [26, 47, 51, 340, 499, 618, 693] (30)
155 : [93, 324, 611, 661] (28)
156 : [67, 99, 232, 488, 489] (29)
157 : [72, 127, 228, 685] (29)
158 : [245, 385, 388] (29)
159 : [35, 224, 679, 726, 788] (29)
