Name: 800-20-30
Time: 34.96377444267273 
Result: 30
Solution:  48 109 102 97 48 151 121 109 91 58 33 52 44 55 65 118 41 67 135 56 49 107 153 77 78 73 150 69 63 151 5 91 91 93 63 159 132 72 67 86 22 111 133 87 129 5 53 155 34 13 135 155 105 30 33 133 58 114 97 104 80 76 41 101 10 97 92 158 38 15 33 107 157 76 141 131 33 103 106 60 133 54 60 63 90 118 55 148 20 31 63 58 73 151 96 95 71 26 66 159 49 85 69 130 51 127 122 149 100 77 0 35 138 60 53 144 82 147 36 65 43 3 64 29 16 2 79 155 121 140 111 124 92 136 1 35 145 20 114 153 8 124 42 16 94 60 80 137 117 90 142 8 141 112 7 90 51 63 118 108 103 99 39 119 145 20 46 113 147 66 102 134 104 67 35 46 111 50 79 146 41 44 16 106 62 151 42 112 0 42 57 37 84 56 62 127 52 73 100 140 116 145 116 18 18 23 89 138 62 142 26 109 129 27 134 125 122 127 137 144 56 15 75 136 156 11 72 69 158 27 156 27 150 68 40 133 14 114 137 136 120 113 2 7 146 159 42 23 24 47 53 85 87 144 127 14 52 113 120 75 134 57 145 92 29 139 105 32 6 121 145 72 80 0 135 31 57 96 43 141 84 104 79 142 41 9 48 13 112 83 129 121 56 128 30 68 17 2 68 61 115 7 18 103 28 70 90 37 87 82 118 86 129 104 104 75 98 123 145 152 62 124 114 6 155 79 45 24 83 27 69 51 53 119 38 4 140 7 67 34 152 20 51 8 139 83 46 114 141 38 143 14 152 119 19 47 20 36 128 87 78 0 88 0 101 120 60 125 128 153 1 126 126 63 78 21 126 130 66 120 64 142 30 155 54 159 119 17 155 3 3 44 41 131 4 125 0 43 52 1 35 20 71 80 111 72 47 22 90 30 80 128 20 101 56 23 8 76 144 33 107 33 13 108 55 8 65 83 82 117 74 135 38 7 0 77 34 124 96 157 135 135 102 93 81 7 123 14 47 87 93 139 6 96 61 133 131 147 20 148 15 150 143 119 80 3 110 108 149 99 58 105 74 76 35 147 61 41 103 17 25 65 118 79 116 94 72 23 156 157 90 24 83 35 84 55 57 10 58 156 28 89 122 110 154 73 98 35 9 64 75 78 79 71 124 2 72 28 16 28 25 40 125 70 32 16 18 4 92 49 96 91 45 71 101 9 23 139 119 70 8 94 95 61 16 24 148 74 71 9 81 114 146 139 19 65 99 95 21 5 113 85 150 92 99 6 94 132 138 23 125 1 11 53 105 30 88 75 139 118 101 7 144 98 31 3 114 6 76 130 106 66 113 54 26 52 43 77 88 43 138 48 33 40 110 103 9 103 92 91 126 156 109 67 137 82 115 36 154 128 67 46 39 81 146 98 130 136 120 95 79 110 43 16 149 108 123 88 29 37 70 64 105 50 53 19 118 116 89 119 75 75 132 143 37 130 29 18 94 16 123 153 101 66 69 134 59 0 52 6 24 64 32 158 107 31 154 4 28 159 148 136 26 153 50 156 27 47 6 87 95 43 23 154 44 4 102 117 59 86 154 40 144 10 106 85 110 32 99 32 33 146 107 20 106 14 49 57 152 93 148 39 96 149 95 0 159 10 122 36 85 14 141 151 123 112 46 40 131 13 28 134 54 24 20 55 127 69 83 25 142 103 87 149 62 85 126 45 18 60 135 158 86 91 15 68 65 45 1 6 57 114 54 86 41 47 88 59 8 136 140 21 116 115 122 11 52 143 157 22 104 136 97 49 141 44 102 115 25 10
0 : [110, 188, 273, 361, 363, 396, 434, 667, 725] (22)
1 : [134, 370, 399, 571, 768] (23)
2 : [125, 242, 297, 515] (24)
3 : [121, 389, 390, 465, 585] (22)
4 : [335, 394, 527, 677, 695] (22)
5 : [30, 45, 559] (20)
6 : [268, 323, 452, 565, 587, 669, 688, 769] (21)
7 : [154, 243, 301, 337, 433, 445, 581] (25)
8 : [140, 151, 343, 416, 425, 540, 778] (22)
9 : [285, 508, 535, 549, 606] (22)
10 : [64, 497, 703, 727, 799] (20)
11 : [225, 572, 785] (21)
12 : [] (0)
13 : [49, 287, 422, 739] (21)
14 : [236, 255, 351, 447, 715, 731] (20)
15 : [69, 221, 460, 764] (20)
16 : [124, 143, 182, 518, 525, 544, 633, 659] (20)
17 : [296, 387, 479] (20)
18 : [203, 204, 302, 526, 657, 758] (20)
19 : [354, 554, 645] (20)
20 : [88, 137, 165, 341, 356, 401, 412, 458, 713, 744] (20)
21 : [375, 558, 781] (21)
22 : [40, 407, 789] (23)
23 : [205, 247, 415, 487, 536, 569, 692] (22)
24 : [248, 327, 491, 545, 670, 743] (20)
25 : [480, 520, 749, 798] (23)
26 : [97, 210, 594, 682] (23)
27 : [213, 229, 231, 329, 686] (20)
28 : [304, 500, 517, 519, 678, 740] (22)
29 : [123, 264, 638, 656] (22)
30 : [53, 294, 382, 409, 575] (22)
31 : [89, 275, 584, 675] (23)
32 : [267, 524, 672, 707, 709] (22)
33 : [10, 54, 70, 76, 419, 421, 602, 710] (22)
34 : [48, 339, 436] (21)
35 : [111, 135, 174, 400, 474, 493, 507] (23)
36 : [118, 357, 617, 729] (22)
37 : [191, 307, 639, 654] (23)
38 : [68, 334, 349, 432] (27)
39 : [162, 622, 721] (22)
40 : [234, 521, 603, 701, 737] (21)
41 : [16, 62, 180, 284, 392, 477, 774] (21)
42 : [142, 186, 189, 246] (21)
43 : [120, 278, 397, 596, 599, 632, 691] (21)
44 : [12, 181, 391, 694, 795] (21)
45 : [326, 532, 757, 767] (22)
46 : [166, 175, 346, 621, 736] (23)
47 : [249, 355, 406, 448, 687, 775] (22)
48 : [0, 4, 286, 601] (22)
49 : [20, 100, 529, 716, 793] (22)
50 : [177, 643, 684] (24)
51 : [104, 156, 331, 342] (22)
52 : [11, 196, 256, 398, 595, 668, 786] (23)
53 : [46, 114, 250, 332, 573, 644] (22)
54 : [81, 384, 593, 742, 772] (22)
55 : [13, 86, 424, 495, 745] (23)
56 : [19, 193, 220, 292, 414] (23)
57 : [190, 261, 276, 496, 717, 770] (24)
58 : [9, 56, 91, 470, 498] (24)
59 : [666, 698, 777] (25)
60 : [79, 82, 113, 145, 366, 759] (25)
61 : [299, 454, 476, 543] (25)
62 : [184, 194, 208, 320, 754] (24)
63 : [28, 34, 83, 90, 157, 373] (25)
64 : [122, 380, 509, 641, 671] (24)
65 : [14, 119, 426, 481, 555, 766] (25)
66 : [98, 169, 378, 591, 663] (25)
67 : [17, 38, 173, 338, 613, 620] (25)
68 : [233, 295, 298, 765] (27)
69 : [27, 102, 227, 330, 664, 747] (24)
70 : [305, 523, 539, 640] (24)
71 : [96, 402, 513, 533, 548] (24)
72 : [37, 226, 271, 405, 486, 516] (25)
73 : [25, 92, 197, 505] (24)
74 : [430, 472, 547] (25)
75 : [222, 259, 315, 510, 577, 650, 651] (25)
76 : [61, 73, 417, 473, 588] (26)
77 : [23, 109, 435, 597] (25)
78 : [24, 360, 374, 511] (24)
79 : [126, 178, 282, 325, 483, 512, 630] (24)
80 : [60, 146, 272, 403, 410, 464] (24)
81 : [444, 550, 623] (25)
82 : [116, 309, 428, 615] (24)
83 : [289, 328, 345, 427, 492, 748] (24)
84 : [192, 280, 494] (24)
85 : [101, 251, 561, 705, 730, 755] (24)
86 : [39, 311, 699, 762, 773] (24)
87 : [43, 252, 308, 359, 449, 689, 752] (25)
88 : [362, 576, 598, 637, 776] (23)
89 : [206, 501, 648] (24)
90 : [84, 149, 155, 306, 408, 490] (25)
91 : [8, 31, 32, 531, 609, 763] (26)
92 : [66, 132, 263, 528, 563, 608] (26)
93 : [33, 443, 450, 719] (26)
94 : [144, 485, 541, 566, 658] (26)
95 : [95, 542, 557, 629, 690, 724] (27)
96 : [94, 277, 438, 453, 530, 722] (27)
97 : [3, 58, 65, 792] (29)
98 : [316, 506, 583, 625] (26)
99 : [161, 469, 556, 564, 708] (26)
100 : [108, 198] (27)
101 : [63, 364, 413, 534, 580, 662] (28)
102 : [2, 170, 442, 696, 796] (28)
103 : [77, 160, 303, 478, 605, 607, 751] (27)
104 : [59, 172, 281, 313, 314, 790] (27)
105 : [52, 266, 471, 574, 642] (27)
106 : [78, 183, 590, 704, 714] (27)
107 : [21, 71, 420, 674, 712] (27)
108 : [159, 423, 467, 635] (29)
109 : [1, 7, 211, 612] (29)
110 : [466, 503, 604, 631, 706] (27)
111 : [41, 130, 176, 404] (30)
112 : [153, 187, 288, 735] (30)
113 : [167, 241, 257, 560, 592] (28)
114 : [57, 138, 237, 322, 347, 551, 586, 771] (27)
115 : [300, 616, 783, 797] (29)
116 : [200, 202, 484, 647, 782] (28)
117 : [148, 429, 697] (28)
118 : [15, 85, 158, 310, 482, 579, 646] (28)
119 : [163, 333, 353, 386, 463, 538, 649] (27)
120 : [240, 258, 365, 379, 628] (29)
121 : [6, 128, 269, 291] (27)
122 : [106, 216, 502, 728, 784] (29)
123 : [317, 446, 636, 660, 734] (30)
124 : [131, 141, 321, 437, 514] (28)
125 : [215, 367, 395, 522, 570] (28)
126 : [371, 372, 376, 610, 756] (28)
127 : [105, 195, 217, 254, 746] (28)
128 : [293, 358, 368, 411, 619] (29)
129 : [44, 212, 290, 312] (28)
130 : [103, 377, 589, 626, 655] (30)
131 : [75, 393, 456, 738] (29)
132 : [36, 567, 652] (28)
133 : [42, 55, 80, 235, 455] (28)
134 : [171, 214, 260, 665, 741] (28)
135 : [18, 50, 274, 431, 440, 441, 760] (28)
136 : [133, 223, 239, 627, 681, 779, 791] (28)
137 : [147, 218, 238, 614] (30)
138 : [112, 207, 568, 600] (30)
139 : [265, 344, 451, 537, 553, 578] (29)
140 : [129, 199, 336, 780] (29)
141 : [74, 152, 279, 348, 732, 794] (29)
142 : [150, 209, 283, 381, 750] (29)
143 : [350, 462, 653, 787] (29)
144 : [115, 219, 253, 418, 582, 702] (29)
145 : [136, 164, 201, 262, 270, 318] (29)
146 : [179, 244, 552, 624, 711] (29)
147 : [117, 168, 457, 475] (29)
148 : [87, 459, 546, 680, 720] (30)
149 : [107, 468, 634, 723, 753] (30)
150 : [26, 232, 461, 562] (30)
151 : [5, 29, 93, 185, 733] (30)
152 : [319, 340, 352, 718] (30)
153 : [22, 139, 369, 661, 683] (30)
154 : [504, 618, 676, 693, 700] (29)
155 : [47, 51, 127, 324, 383, 388] (30)
156 : [224, 230, 488, 499, 611, 685] (30)
157 : [72, 439, 489, 788] (30)
158 : [67, 228, 673, 761] (29)
159 : [35, 99, 245, 385, 679, 726] (30)
