Name: 800-40-60
Time: 34.9775116443634 
Result: 19
Solution:  32 25 38 25 16 88 86 25 70 121 85 12 1 69 96 42 123 45 97 8 1 52 47 37 3 1 114 8 22 15 24 110 51 68 99 50 26 103 3 65 121 54 102 48 59 110 94 49 100 99 31 108 75 64 68 13 66 95 77 111 0 88 111 33 45 4 19 28 53 28 114 104 113 78 65 103 16 47 95 109 41 113 37 96 61 64 70 51 90 80 94 97 19 108 95 84 72 57 81 29 45 30 50 31 0 94 80 42 53 91 2 43 47 73 116 61 98 115 34 113 3 119 30 69 63 3 110 15 1 91 46 98 40 114 4 93 89 4 10 51 25 111 103 66 119 106 59 53 22 1 8 33 85 71 117 37 39 68 81 110 18 13 98 44 90 84 84 55 34 108 92 71 4 41 77 54 51 114 101 58 76 118 77 11 17 17 18 76 38 75 16 98 107 64 29 35 80 47 79 48 49 122 116 115 66 30 113 28 76 1 90 6 89 59 65 7 25 8 19 72 59 9 77 42 46 75 105 123 56 124 82 90 49 81 103 38 5 94 119 76 35 115 2 103 59 107 87 86 17 119 7 67 91 122 105 25 78 50 23 89 26 43 98 87 91 120 93 102 34 26 121 14 75 107 61 34 14 105 15 55 118 101 71 105 108 47 43 85 9 0 104 76 32 71 38 24 114 120 108 12 55 97 106 89 34 86 86 116 22 76 68 59 53 69 89 38 70 116 48 106 1 107 39 65 90 3 100 122 25 43 6 102 88 54 58 47 56 79 113 107 85 105 14 81 90 109 10 116 2 103 1 16 0 102 52 7 80 62 21 70 43 19 61 82 84 120 35 114 101 90 27 71 64 60 87 78 89 2 124 113 110 67 68 83 108 8 9 57 112 24 78 106 22 85 38 54 30 84 77 73 68 106 79 47 96 64 65 32 40 91 28 21 76 122 56 112 74 88 11 88 46 18 99 62 99 85 29 16 118 7 103 102 74 36 6 42 84 73 92 43 54 99 124 25 78 88 3 53 12 110 26 33 33 82 116 22 109 105 113 85 20 14 52 35 73 40 98 24 97 107 39 111 123 73 112 28 117 27 14 80 110 16 14 70 63 97 74 58 30 114 22 66 57 88 75 20 10 112 77 93 2 70 42 60 106 47 73 121 11 74 118 78 100 22 41 63 29 92 118 121 54 98 108 7 43 106 58 70 104 105 83 49 92 5 102 28 60 109 73 80 122 57 40 120 88 31 13 86 69 62 118 58 8 17 84 78 88 74 61 8 51 96 102 25 90 53 123 42 92 100 75 50 99 82 40 30 50 100 77 9 47 23 97 97 25 24 122 109 48 122 6 15 101 14 105 115 17 40 39 119 27 83 35 105 1 0 93 31 79 43 102 94 15 105 12 117 37 35 87 112 108 123 32 36 52 56 28 28 107 83 16 102 35 58 93 14 53 68 15 89 46 26 60 101 87 90 7 10 28 27 5 29 103 36 94 96 10 23 101 63 80 81 54 11 18 81 93 105 120 100 55 23 63 42 70 90 45 34 111 76 111 91 67 63 83 15 97 80 95 62 45 52 56 97 60 8 22 121 115 20 4 117 7 118 109 3 96 64 21 86 116 20 99 94 55 57 70 72 14 46 44 71 79 79 46 37 124 16 124 112 69 78 93 65 107 82 86 23 86 52 10 120 87 71 83 42 34 5 4 49 53 6 120 36 31 92 25 50 66 43 23 20 32 9 54 43 19 104 67 3 67 119 18 80 100 30 56 79 60 24 22 66 44 112 124 20 77 123 36 123 121 43 73 4 115 14 117 43 12 45
0 : [60, 104, 289, 352, 605] (41)
1 : [12, 20, 25, 128, 149, 209, 320, 350, 604] (41)
2 : [110, 242, 348, 377, 500] (40)
3 : [24, 38, 120, 125, 325, 446, 705, 769] (42)
4 : [65, 134, 137, 172, 700, 748, 793] (41)
5 : [236, 533, 650, 747] (46)
6 : [211, 330, 434, 590, 751] (44)
7 : [215, 250, 355, 429, 523, 646, 702] (42)
8 : [19, 27, 150, 217, 385, 552, 559, 695] (41)
9 : [221, 288, 386, 579, 763] (43)
10 : [138, 346, 496, 647, 656, 740] (42)
11 : [183, 418, 508, 663] (44)
12 : [11, 299, 448, 614, 798] (44)
13 : [55, 161, 546] (44)
14 : [271, 276, 342, 461, 478, 482, 593, 635, 718, 795] (41)
15 : [29, 127, 278, 591, 612, 638, 685] (42)
16 : [4, 76, 190, 351, 427, 481, 630, 727] (42)
17 : [184, 185, 248, 553, 596] (42)
18 : [160, 186, 421, 664, 772] (42)
19 : [66, 92, 218, 361, 766] (41)
20 : [460, 495, 699, 711, 761, 785] (41)
21 : [358, 411, 708] (40)
22 : [28, 148, 308, 392, 455, 490, 513, 696, 780] (41)
23 : [258, 581, 657, 671, 737, 760] (40)
24 : [30, 295, 389, 467, 585, 779] (41)
25 : [1, 3, 7, 140, 216, 255, 328, 443, 563, 584, 756] (42)
26 : [36, 260, 269, 450, 641] (40)
27 : [370, 477, 600, 649] (43)
28 : [67, 69, 207, 410, 475, 535, 626, 627, 648] (43)
29 : [99, 194, 426, 516, 651] (45)
30 : [101, 122, 205, 396, 488, 575, 775] (44)
31 : [50, 103, 545, 607, 754] (46)
32 : [0, 292, 407, 622, 762] (49)
33 : [63, 151, 451, 452] (44)
34 : [118, 168, 268, 275, 304, 677, 746] (43)
35 : [195, 240, 366, 463, 602, 617, 632] (42)
36 : [433, 623, 653, 753, 788] (44)
37 : [23, 82, 155, 616, 725] (44)
38 : [2, 188, 235, 294, 315, 394] (44)
39 : [156, 322, 470, 598] (44)
40 : [132, 408, 465, 542, 574, 597] (45)
41 : [80, 173, 514] (44)
42 : [15, 107, 223, 435, 502, 567, 673, 745] (44)
43 : [111, 261, 286, 329, 360, 439, 524, 609, 759, 765, 791, 797] (45)
44 : [163, 720, 782] (51)
45 : [17, 64, 100, 676, 690, 799] (48)
46 : [130, 224, 420, 640, 719, 724] (48)
47 : [22, 77, 112, 197, 285, 335, 403, 505, 580] (47)
48 : [43, 199, 318, 588] (47)
49 : [47, 200, 232, 531, 749] (47)
50 : [35, 102, 257, 571, 576, 757] (47)
51 : [32, 87, 139, 176, 560] (49)
52 : [21, 354, 462, 624, 691, 739] (49)
53 : [68, 108, 147, 312, 447, 565, 636, 750] (49)
54 : [41, 175, 333, 395, 440, 520, 662, 764] (49)
55 : [167, 279, 300, 670, 714] (48)
56 : [228, 336, 414, 625, 692, 776] (48)
57 : [97, 387, 492, 541, 715] (49)
58 : [179, 334, 487, 526, 551, 633] (49)
59 : [44, 146, 213, 220, 244, 311] (50)
60 : [373, 503, 536, 642, 694, 778] (52)
61 : [84, 115, 274, 362, 558] (49)
62 : [357, 423, 549, 689] (49)
63 : [124, 484, 515, 659, 672, 683] (50)
64 : [53, 85, 193, 372, 405, 707] (50)
65 : [39, 74, 214, 323, 406, 733] (50)
66 : [56, 143, 204, 491, 758, 781] (49)
67 : [251, 381, 682, 768, 770] (48)
68 : [33, 54, 157, 310, 382, 400, 637] (48)
69 : [13, 123, 313, 548, 730] (49)
70 : [8, 86, 316, 359, 483, 501, 527, 674, 716] (48)
71 : [153, 171, 282, 293, 371, 721, 743] (48)
72 : [96, 219, 717] (50)
73 : [113, 399, 437, 464, 473, 506, 538, 792] (48)
74 : [416, 432, 486, 509, 557] (48)
75 : [52, 189, 225, 272, 494, 570] (48)
76 : [180, 187, 208, 239, 291, 309, 412, 679] (49)
77 : [58, 174, 182, 222, 398, 498, 578, 786] (49)
78 : [73, 256, 375, 390, 444, 511, 555, 731] (48)
79 : [198, 337, 402, 608, 722, 723, 777] (48)
80 : [89, 106, 196, 356, 479, 539, 660, 687, 773] (48)
81 : [98, 158, 233, 343, 661, 665] (49)
82 : [230, 363, 453, 573, 735] (48)
83 : [383, 530, 601, 629, 684, 744] (49)
84 : [95, 165, 166, 364, 397, 436, 554] (51)
85 : [10, 152, 287, 340, 393, 425, 459] (50)
86 : [6, 247, 305, 306, 547, 709, 736, 738] (50)
87 : [246, 263, 374, 618, 644, 742] (50)
88 : [5, 61, 332, 417, 419, 445, 493, 544, 556] (51)
89 : [136, 212, 259, 303, 314, 376, 639] (51)
90 : [88, 164, 210, 231, 324, 344, 369, 564, 645, 675] (51)
91 : [109, 129, 252, 264, 409, 681] (53)
92 : [170, 438, 517, 532, 568, 755] (58)
93 : [135, 266, 499, 606, 634, 666, 732] (52)
94 : [46, 90, 105, 237, 611, 654, 713] (54)
95 : [57, 78, 94, 688] (55)
96 : [14, 83, 404, 561, 655, 706] (55)
97 : [18, 91, 301, 468, 485, 582, 583, 686, 693] (55)
98 : [116, 131, 162, 191, 262, 466, 521] (55)
99 : [34, 49, 422, 424, 441, 572, 712] (55)
100 : [48, 326, 512, 569, 577, 669, 774] (55)
101 : [178, 281, 368, 592, 643, 658] (55)
102 : [42, 267, 331, 353, 431, 534, 562, 610, 631] (55)
103 : [37, 75, 142, 234, 243, 349, 430, 652] (55)
104 : [71, 290, 528, 767] (55)
105 : [226, 254, 277, 283, 341, 457, 529, 594, 603, 613, 667] (54)
106 : [145, 302, 319, 391, 401, 504, 525] (55)
107 : [192, 245, 273, 321, 339, 469, 628, 734] (56)
108 : [51, 93, 169, 284, 298, 384, 522, 620] (59)
109 : [79, 345, 456, 537, 587, 704] (58)
110 : [31, 45, 126, 159, 380, 449, 480] (57)
111 : [59, 62, 141, 471, 678, 680] (57)
112 : [388, 415, 474, 497, 619, 729, 783] (57)
113 : [72, 81, 119, 206, 338, 379, 458] (57)
114 : [26, 70, 133, 177, 296, 367, 489] (59)
115 : [117, 203, 241, 595, 698, 794] (59)
116 : [114, 202, 307, 317, 347, 454, 710] (57)
117 : [154, 476, 615, 701, 796] (59)
118 : [181, 280, 428, 510, 518, 550, 703] (58)
119 : [121, 144, 238, 249, 599, 771] (59)
120 : [265, 297, 365, 543, 668, 741, 752] (57)
121 : [9, 40, 270, 507, 519, 697, 790] (57)
122 : [201, 253, 327, 413, 540, 586, 589] (57)
123 : [16, 227, 472, 566, 621, 787, 789] (57)
124 : [229, 378, 442, 726, 728, 784] (59)
