Name: 800-40-60
Time: 34.949153661727905 
Result: 20
Solution:  27 27 40 28 17 92 93 30 72 121 85 12 0 71 93 44 123 38 97 5 3 56 50 36 3 0 108 9 25 10 23 116 49 66 98 51 31 104 3 60 117 56 102 49 58 108 100 50 100 102 32 114 68 64 72 15 61 96 74 122 1 87 111 35 45 5 21 30 52 35 109 108 112 82 63 99 18 48 89 111 32 111 39 92 59 61 73 48 86 80 94 88 23 105 95 83 72 57 81 28 48 32 46 29 4 91 81 43 50 86 5 43 49 67 115 64 100 119 29 113 8 121 28 69 66 2 110 18 0 93 41 95 37 110 4 99 90 7 11 54 20 104 103 66 119 106 61 54 24 1 6 29 85 70 118 34 39 65 80 116 13 13 96 46 91 83 83 54 39 119 92 75 2 44 74 54 50 115 100 63 78 121 78 11 18 19 19 79 33 76 17 105 107 64 30 36 81 47 79 45 50 122 120 115 65 35 106 33 77 0 88 7 89 60 64 10 33 6 18 72 57 9 74 39 45 78 103 119 51 124 79 91 51 81 97 38 6 92 119 74 34 115 2 105 61 107 84 81 17 120 10 67 88 121 104 22 73 52 20 88 33 40 103 85 91 120 94 105 39 28 118 14 77 103 67 37 15 105 13 53 123 105 71 103 110 44 48 86 6 1 101 76 25 71 42 20 112 120 111 9 57 97 106 94 35 85 89 120 18 78 75 62 53 69 87 39 69 115 50 106 4 107 40 64 92 0 100 122 25 42 3 102 83 53 60 47 54 80 112 107 82 104 17 83 90 109 15 115 5 101 0 10 0 102 51 10 80 58 18 69 42 19 65 87 86 121 31 114 99 88 27 65 65 52 89 74 87 2 119 116 110 69 71 83 114 5 11 63 114 18 74 107 22 90 38 56 31 80 72 71 69 103 79 47 98 62 68 36 46 89 30 21 76 123 59 114 71 90 12 94 44 18 99 60 97 84 26 17 120 7 103 103 74 30 8 45 88 73 94 37 51 101 124 24 79 88 0 49 20 115 33 35 34 82 111 19 109 107 111 89 18 10 54 37 68 45 99 21 95 108 46 111 120 74 112 31 109 26 15 73 110 16 17 74 67 101 80 58 30 114 20 61 57 88 77 20 9 112 78 101 0 71 41 61 106 44 73 124 11 70 122 79 95 19 47 62 29 91 117 116 54 100 108 5 43 106 61 70 105 113 85 52 91 7 101 30 62 108 74 84 121 56 43 121 87 31 12 84 65 60 116 55 10 16 81 77 90 76 59 4 48 96 99 22 87 54 121 40 97 98 76 50 96 81 39 27 49 99 73 9 49 23 100 97 25 20 121 114 47 122 6 18 96 14 100 114 10 41 42 118 25 78 36 105 8 0 90 33 81 42 105 98 13 105 9 116 36 35 84 107 109 122 38 36 53 56 28 20 108 82 13 106 35 56 93 15 55 65 15 93 43 27 62 102 87 90 8 13 34 24 1 33 107 39 96 95 10 31 98 66 84 82 60 15 21 78 90 103 116 100 55 22 64 43 71 90 50 33 110 74 113 94 70 63 84 19 96 80 104 63 42 49 59 95 62 10 28 119 115 22 8 118 8 124 110 0 94 59 24 86 113 18 95 101 63 59 68 73 14 44 43 69 79 74 46 39 124 17 122 112 75 77 92 67 110 82 86 25 85 49 12 118 84 64 75 43 39 4 2 53 51 3 117 37 32 92 16 49 64 43 23 16 31 7 57 43 14 104 64 5 67 119 17 81 100 30 60 79 59 26 20 68 41 111 122 19 80 116 37 124 123 42 70 10 117 16 117 40 14 42
0 : [12, 25, 128, 209, 325, 350, 352, 446, 500, 605, 705] (40)
1 : [60, 149, 289, 650] (40)
2 : [125, 172, 242, 377, 748] (41)
3 : [20, 24, 38, 330, 751] (41)
4 : [104, 134, 320, 559, 747] (40)
5 : [19, 65, 110, 348, 385, 523, 769] (42)
6 : [150, 217, 236, 288, 590] (41)
7 : [137, 211, 429, 533, 763] (40)
8 : [120, 434, 604, 646, 700, 702] (40)
9 : [27, 221, 299, 496, 579, 614] (42)
10 : [29, 215, 250, 351, 355, 461, 552, 596, 656, 695, 793] (40)
11 : [138, 183, 386, 508] (41)
12 : [11, 418, 546, 740] (45)
13 : [160, 161, 278, 612, 630, 647] (41)
14 : [271, 593, 718, 766, 798] (40)
15 : [55, 276, 346, 478, 635, 638, 663] (41)
16 : [481, 553, 756, 761, 795] (40)
17 : [4, 190, 248, 342, 427, 482, 727, 772] (40)
18 : [76, 127, 184, 218, 308, 358, 389, 421, 460, 591, 711] (44)
19 : [185, 186, 361, 455, 513, 685, 785] (44)
20 : [140, 258, 295, 448, 490, 495, 585, 627, 780] (43)
21 : [66, 411, 467, 664] (45)
22 : [255, 392, 563, 671, 699] (45)
23 : [30, 92, 581, 760] (48)
24 : [148, 443, 649, 708] (45)
25 : [28, 292, 328, 584, 600, 737] (48)
26 : [426, 477, 779] (47)
27 : [0, 1, 370, 575, 641] (45)
28 : [3, 99, 122, 269, 626, 696] (46)
29 : [103, 118, 151, 516] (48)
30 : [7, 67, 194, 410, 433, 488, 535, 775] (44)
31 : [36, 366, 396, 475, 545, 657, 762] (46)
32 : [50, 80, 101, 754] (44)
33 : [188, 207, 216, 260, 450, 607, 651, 677] (45)
34 : [155, 240, 452, 648] (43)
35 : [63, 69, 205, 304, 451, 617, 632] (44)
36 : [23, 195, 407, 602, 616, 623] (44)
37 : [132, 275, 439, 463, 753, 788] (45)
38 : [17, 235, 394, 622] (45)
39 : [82, 156, 168, 223, 268, 315, 574, 653, 725, 746] (45)
40 : [2, 261, 322, 567, 797] (46)
41 : [130, 502, 597, 782] (44)
42 : [294, 329, 360, 598, 609, 690, 791, 799] (43)
43 : [107, 111, 524, 542, 640, 673, 720, 745, 759, 765] (44)
44 : [15, 173, 285, 420, 505, 719] (46)
45 : [64, 199, 224, 435, 465] (45)
46 : [102, 163, 408, 470, 724] (45)
47 : [197, 335, 403, 514, 588] (45)
48 : [77, 87, 100, 286, 560] (45)
49 : [32, 43, 112, 447, 576, 580, 691, 739, 757] (46)
50 : [22, 47, 108, 176, 200, 318, 571, 676] (45)
51 : [35, 228, 232, 354, 440, 750] (48)
52 : [68, 257, 373, 531] (48)
53 : [279, 312, 333, 624, 749] (49)
54 : [139, 147, 167, 175, 336, 462, 520, 565] (46)
55 : [551, 636, 670] (47)
56 : [21, 41, 395, 541, 625, 633] (48)
57 : [97, 220, 300, 492, 764] (47)
58 : [44, 357, 487] (49)
59 : [84, 414, 558, 692, 707, 715, 778] (48)
60 : [39, 213, 334, 423, 549, 662, 776] (48)
61 : [56, 85, 146, 244, 491, 503, 526] (48)
62 : [311, 405, 515, 536, 642, 694] (48)
63 : [74, 179, 387, 683, 689, 714] (49)
64 : [53, 115, 193, 214, 323, 672, 743, 758, 768] (47)
65 : [157, 204, 362, 371, 372, 548, 637] (48)
66 : [33, 124, 143, 659] (48)
67 : [113, 251, 274, 484, 733, 770] (50)
68 : [52, 406, 464, 716, 781] (48)
69 : [123, 313, 316, 359, 381, 400, 721] (48)
70 : [153, 509, 527, 682, 792] (47)
71 : [13, 282, 293, 382, 399, 416, 501, 674] (47)
72 : [8, 54, 96, 219, 398] (49)
73 : [86, 256, 437, 479, 506, 578, 717] (47)
74 : [58, 174, 222, 239, 375, 390, 432, 473, 483, 538, 679, 723] (47)
75 : [171, 310, 730, 744] (51)
76 : [189, 291, 412, 557, 570] (50)
77 : [208, 272, 494, 555, 731] (50)
78 : [180, 182, 225, 309, 498, 601, 665] (51)
79 : [187, 198, 230, 402, 444, 511, 722, 777] (50)
80 : [89, 158, 337, 356, 397, 486, 687, 786] (52)
81 : [98, 106, 196, 233, 247, 554, 573, 608, 773] (53)
82 : [73, 340, 453, 629, 661, 735] (50)
83 : [95, 165, 166, 332, 343, 383] (52)
84 : [246, 425, 539, 547, 618, 660, 684, 742] (51)
85 : [10, 152, 263, 305, 530, 738] (51)
86 : [88, 109, 287, 364, 709, 736] (53)
87 : [61, 314, 363, 376, 544, 564, 644] (52)
88 : [91, 210, 252, 259, 369, 436, 445, 493] (52)
89 : [78, 212, 306, 374, 409, 459] (53)
90 : [136, 344, 393, 417, 556, 606, 645, 666, 675] (52)
91 : [105, 164, 231, 264, 517, 532] (53)
92 : [5, 83, 170, 237, 324, 732, 755] (53)
93 : [6, 14, 129, 634, 639] (53)
94 : [90, 266, 303, 419, 438, 681, 706] (53)
95 : [94, 131, 468, 512, 655, 693, 712] (53)
96 : [57, 162, 561, 572, 592, 654, 686] (53)
97 : [18, 234, 301, 424, 568, 583] (54)
98 : [34, 404, 569, 611, 658] (53)
99 : [75, 135, 368, 422, 466, 562, 577] (53)
100 : [46, 48, 116, 178, 326, 521, 582, 594, 669, 774] (54)
101 : [290, 349, 441, 485, 499, 534, 713] (53)
102 : [42, 49, 331, 353, 643] (57)
103 : [142, 226, 262, 273, 283, 401, 430, 431, 667] (54)
104 : [37, 141, 254, 341, 688, 767] (54)
105 : [93, 191, 243, 267, 277, 281, 528, 603, 610, 613] (55)
106 : [145, 206, 302, 319, 504, 525, 631] (57)
107 : [192, 245, 321, 339, 391, 457, 619, 652] (54)
108 : [26, 45, 71, 469, 522, 537, 628] (59)
109 : [70, 345, 456, 476, 620] (59)
110 : [126, 133, 284, 380, 480, 678, 704, 734] (58)
111 : [62, 79, 81, 298, 454, 458, 471, 783] (58)
112 : [72, 296, 338, 474, 497, 729] (60)
113 : [119, 529, 680, 710] (58)
114 : [51, 367, 384, 388, 415, 489, 587, 595] (60)
115 : [114, 177, 203, 241, 317, 347, 449, 698] (58)
116 : [31, 159, 379, 519, 550, 615, 668, 787] (57)
117 : [40, 518, 752, 794, 796] (58)
118 : [154, 270, 599, 701, 741] (58)
119 : [117, 144, 169, 227, 238, 378, 697, 771] (59)
120 : [202, 249, 265, 297, 307, 428, 472] (57)
121 : [9, 121, 181, 253, 365, 540, 543, 566, 586] (57)
122 : [59, 201, 327, 510, 589, 621, 728, 784] (60)
123 : [16, 280, 413, 790] (57)
124 : [229, 442, 507, 703, 726, 789] (56)
