Name: 800-50-80
Time: 52.78825545310974 
Result: 58086
Solution:  113 31 19 78 111 86 125 6 116 120 50 29 116 88 43 17 6 17 36 29 23 104 38 72 14 78 113 98 69 4 66 71 13 47 52 70 44 121 17 71 120 112 10 9 25 73 81 121 80 37 86 62 108 62 24 39 65 91 55 112 91 19 111 78 56 96 9 42 116 16 71 105 53 102 99 59 49 123 52 9 82 109 62 52 124 38 101 90 100 58 116 109 38 46 37 39 125 48 113 76 14 99 81 121 112 97 102 97 71 20 105 93 102 11 71 68 39 107 70 23 104 123 54 33 30 82 53 86 20 55 50 50 52 35 89 114 10 4 46 62 84 8 9 31 114 68 55 64 110 92 69 29 92 123 100 113 76 97 72 36 100 45 66 60 75 80 83 63 116 16 110 64 76 113 84 99 53 75 84 32 18 35 103 125 90 79 51 28 121 13 26 97 15 119 12 107 121 98 61 55 111 44 75 70 4 8 52 96 88 27 81 67 102 118 87 119 48 23 84 73 87 31 46 32 109 121 13 112 68 48 77 14 36 11 4 12 92 118 7 38 90 24 99 70 72 70 66 76 18 52 60 110 66 28 62 115 109 11 41 10 73 116 100 46 114 64 66 102 73 128 105 22 49 97 98 29 120 94 3 97 8 47 61 77 94 63 76 96 40 50 103 122 47 40 79 58 34 79 115 61 122 91 83 26 117 102 121 12 23 7 35 12 124 19 27 119 80 19 123 86 101 3 37 38 20 21 88 95 117 93 124 65 82 126 102 57 51 55 46 11 6 95 115 110 124 81 42 39 91 99 115 110 45 25 107 46 57 77 26 18 2 30 103 5 57 100 105 58 59 27 60 40 90 22 7 48 99 87 95 12 17 74 53 26 35 20 112 62 54 24 30 8 64 119 45 17 87 81 14 107 101 62 75 109 88 67 58 107 73 49 6 69 4 75 99 89 26 21 122 55 25 50 110 15 74 115 46 57 102 8 117 29 59 58 8 72 45 59 84 72 43 98 81 44 78 14 20 104 97 73 12 108 121 15 92 25 106 54 97 79 91 43 23 97 74 99 91 4 39 118 9 105 15 11 75 74 16 31 126 116 10 125 98 54 40 55 125 4 61 126 41 46 63 26 43 112 74 58 69 67 29 118 71 106 59 36 84 120 90 33 80 84 83 74 124 11 39 107 45 34 15 33 10 19 5 88 82 36 42 117 89 50 65 71 123 77 8 84 80 17 64 24 43 71 35 32 2 40 40 29 118 103 77 35 53 22 116 50 74 101 15 111 38 31 25 69 26 46 109 85 93 21 26 79 54 113 92 76 89 81 102 74 11 43 75 108 21 81 97 38 116 51 92 108 60 51 114 83 33 111 3 51 19 63 89 31 34 98 56 65 80 115 19 29 116 66 57 80 79 89 33 115 31 65 126 94 103 120 90 122 53 95 39 15 111 100 90 122 65 110 93 78 41 76 116 27 70 69 124 120 18 36 112 120 29 70 82 109 88 75 106 98 88 20 64 86 86 57 33 83 22 113 63 26 23 104 65 86 61 81 52 107 93 118 25 39 90 91 96 47 45 103 55 84 89 31 94 106 78 57 8 105 111 105 32 28 52 107 102 82 83 113 101 99 23 25 10 58 45 64 66 11 70 15 65 12 106 91 92 89 49 68 108 10 74 119 73 90 113 96 39 36 86 98 3 36 65 61 39 59 67 55 31 67 35 50 88 24 74 93 97 117 57 84 8 120 112 94 6 24 99 79 30 25 7 50 33 14 14 123 41 43 79 41 17 5 20 78 107 23 6 66 95 37 68 92 85 102 125 107
0 : [] (0)
1 : [] (0)
2 : [360, 546] (7)
3 : [278, 321, 600, 744] (19)
4 : [29, 137, 204, 234, 412, 467, 487] (51)
5 : [363, 524, 785] (52)
6 : [7, 16, 340, 410, 768, 790] (60)
7 : [238, 309, 374, 774] (60)
8 : [141, 205, 280, 391, 429, 434, 536, 700, 764] (46)
9 : [43, 66, 79, 142, 470] (51)
10 : [42, 136, 259, 480, 522, 716, 733] (51)
11 : [113, 233, 257, 339, 473, 515, 582, 721] (46)
12 : [194, 235, 307, 311, 379, 450, 725] (55)
13 : [32, 189, 226] (52)
14 : [24, 100, 231, 398, 445, 777, 778] (60)
15 : [192, 423, 453, 472, 520, 560, 633, 723] (56)
16 : [69, 169, 476] (53)
17 : [15, 17, 38, 380, 395, 539, 784] (55)
18 : [180, 248, 359, 650] (52)
19 : [2, 61, 313, 317, 523, 602, 612] (64)
20 : [109, 128, 324, 385, 446, 663, 786] (63)
21 : [325, 417, 571, 586] (56)
22 : [271, 373, 555, 670] (52)
23 : [20, 119, 217, 308, 462, 674, 714, 789] (55)
24 : [54, 241, 389, 541, 757, 769] (62)
25 : [44, 353, 420, 455, 564, 684, 715, 773] (51)
26 : [190, 303, 358, 383, 416, 493, 566, 572, 673] (51)
27 : [209, 314, 369, 645] (57)
28 : [187, 253, 705] (65)
29 : [11, 19, 151, 275, 431, 500, 549, 613, 654] (50)
30 : [124, 361, 390, 772] (61)
31 : [1, 143, 221, 477, 563, 605, 622, 695, 752] (58)
32 : [179, 223, 545, 704] (61)
33 : [123, 509, 521, 598, 620, 668, 776] (55)
34 : [296, 519, 606] (53)
35 : [133, 181, 310, 384, 544, 553, 754] (68)
36 : [18, 159, 232, 505, 527, 651, 741, 745] (54)
37 : [49, 94, 322, 793] (51)
38 : [22, 85, 92, 239, 323, 562, 589] (55)
39 : [55, 95, 116, 347, 468, 516, 632, 685, 740, 748] (50)
40 : [288, 293, 371, 484, 547, 548] (55)
41 : [258, 490, 642, 780, 783] (64)
42 : [67, 346, 528] (64)
43 : [14, 440, 461, 494, 542, 583, 781] (70)
44 : [36, 201, 443] (50)
45 : [161, 352, 394, 436, 518, 690, 718] (61)
46 : [93, 138, 222, 263, 338, 355, 426, 491, 567] (64)
47 : [33, 281, 292, 689] (61)
48 : [97, 216, 229, 375] (57)
49 : [76, 272, 409, 730] (57)
50 : [10, 130, 131, 289, 421, 531, 557, 755, 775] (48)
51 : [186, 336, 591, 595, 601] (63)
52 : [34, 78, 83, 132, 206, 249, 680, 706] (52)
53 : [72, 126, 176, 382, 554, 630] (76)
54 : [122, 388, 457, 483, 574] (66)
55 : [58, 129, 146, 199, 337, 419, 485, 692, 751] (64)
56 : [64, 608] (52)
57 : [335, 356, 364, 427, 616, 667, 699, 762] (66)
58 : [89, 295, 367, 406, 433, 497, 717] (65)
59 : [75, 368, 432, 437, 504, 749] (57)
60 : [163, 250, 370, 594] (72)
61 : [198, 282, 299, 488, 678, 747] (66)
62 : [51, 53, 82, 139, 254, 387, 401] (59)
63 : [167, 285, 492, 603, 672] (67)
64 : [147, 171, 265, 392, 540, 664, 719] (64)
65 : [56, 331, 532, 609, 623, 638, 676, 724, 746] (75)
66 : [30, 162, 246, 252, 266, 615, 720, 791] (64)
67 : [211, 405, 499, 750, 753] (57)
68 : [115, 145, 228, 731, 794] (60)
69 : [28, 150, 411, 498, 565, 647] (77)
70 : [35, 118, 203, 243, 245, 646, 655, 722] (69)
71 : [31, 39, 70, 108, 114, 502, 533, 543] (63)
72 : [23, 158, 244, 435, 439] (67)
73 : [45, 219, 260, 268, 408, 449, 736] (62)
74 : [381, 424, 464, 475, 496, 513, 558, 581, 734, 758] (68)
75 : [164, 177, 202, 402, 413, 474, 584, 659] (80)
76 : [99, 156, 172, 247, 286, 577, 643] (75)
77 : [230, 283, 357, 535, 552] (72)
78 : [3, 25, 63, 444, 641, 698, 787] (68)
79 : [185, 294, 297, 459, 573, 618, 771, 782] (78)
80 : [48, 165, 316, 510, 538, 610, 617] (67)
81 : [46, 102, 210, 345, 397, 442, 579, 587, 679] (75)
82 : [80, 125, 332, 526, 656, 709] (81)
83 : [166, 302, 512, 597, 669, 710] (59)
84 : [140, 174, 178, 218, 438, 506, 511, 537, 693, 763] (80)
85 : [569, 796] (54)
86 : [5, 50, 127, 319, 665, 666, 677, 742] (76)
87 : [214, 220, 377, 396] (63)
88 : [13, 208, 326, 404, 525, 658, 662, 756] (68)
89 : [134, 415, 530, 578, 604, 619, 694, 729] (80)
90 : [87, 184, 240, 372, 508, 628, 636, 686, 737] (80)
91 : [57, 60, 301, 348, 460, 466, 687, 727] (78)
92 : [149, 152, 236, 454, 576, 592, 728, 795] (78)
93 : [111, 329, 570, 640, 682, 759] (75)
94 : [277, 284, 625, 696, 767] (79)
95 : [327, 341, 378, 631, 792] (80)
96 : [65, 207, 287, 688, 739] (68)
97 : [105, 107, 157, 191, 273, 279, 448, 458, 463, 588, 760] (72)
98 : [27, 197, 274, 441, 482, 607, 661, 743] (66)
99 : [74, 101, 175, 242, 349, 376, 414, 465, 713, 770] (77)
100 : [88, 154, 160, 262, 365, 635] (78)
101 : [86, 320, 400, 559, 712] (69)
102 : [73, 106, 112, 212, 267, 305, 334, 428, 580, 708, 797] (79)
103 : [182, 290, 362, 551, 626, 691] (80)
104 : [21, 120, 447, 675] (80)
105 : [71, 110, 270, 366, 471, 701, 703] (74)
106 : [456, 503, 660, 697, 726] (64)
107 : [117, 195, 354, 399, 407, 517, 681, 707, 788, 799] (80)
108 : [52, 451, 585, 593, 732] (78)
109 : [81, 91, 224, 256, 403, 568, 657] (80)
110 : [148, 170, 251, 343, 351, 422, 639] (75)
111 : [4, 62, 200, 561, 599, 634, 702] (78)
112 : [41, 59, 104, 227, 386, 495, 652, 766] (72)
113 : [0, 26, 98, 155, 173, 575, 671, 711, 738] (63)
114 : [135, 144, 264, 596] (64)
115 : [255, 298, 342, 350, 425, 611, 621] (80)
116 : [8, 12, 68, 90, 168, 261, 479, 556, 590, 614, 644] (76)
117 : [304, 328, 430, 529, 761] (86)
118 : [213, 237, 469, 501, 550, 683] (83)
119 : [193, 215, 315, 393, 735] (82)
120 : [9, 40, 276, 507, 627, 649, 653, 765] (80)
121 : [37, 47, 103, 188, 196, 225, 306, 452] (80)
122 : [291, 300, 418, 629, 637] (83)
123 : [77, 121, 153, 318, 534, 779] (76)
124 : [84, 312, 330, 344, 514, 648] (79)
125 : [6, 96, 183, 481, 486, 798] (47)
126 : [333, 478, 489, 624] (56)
127 : [] (0)
128 : [269] (4)
