Name: 200-20-30
Time: 5.691548824310303 
Result: 3
Solution:  0 15 17 14 10 6 13 14 5 8 0 5 1 10 2 18 4 13 1 1 13 15 2 18 5 14 3 18 3 0 4 15 9 3 6 10 1 19 5 8 11 6 6 5 2 19 9 10 6 1 10 14 19 1 16 7 4 4 15 8 3 7 18 12 18 15 8 7 12 7 5 6 18 11 4 9 11 9 5 5 2 12 14 15 5 12 18 19 17 17 16 12 18 2 17 1 13 9 3 6 1 8 9 6 2 7 5 2 7 8 6 12 20 6 3 0 11 13 13 12 5 12 1 11 2 2 6 19 4 10 9 7 8 5 5 19 20 6 7 20 18 12 10 11 4 15 11 18 17 7 10 0 13 8 4 19 1 19 8 6 7 20 13 15 19 17 16 3 16 12 16 1 8 6 9 20 8 14 20 16 19 6 3 8 10 16 19 12 16 14 1 16 13 12 12 14 0 14 15 6
0 : [0, 10, 29, 115, 151, 196] (23)
1 : [12, 18, 19, 36, 49, 53, 95, 100, 122, 156, 171, 190] (23)
2 : [14, 22, 44, 80, 93, 104, 107, 124, 125] (23)
3 : [26, 28, 33, 60, 98, 114, 167, 182] (23)
4 : [16, 30, 56, 57, 74, 128, 144, 154] (23)
5 : [8, 11, 24, 38, 43, 70, 78, 79, 84, 106, 120, 133, 134] (23)
6 : [5, 34, 41, 42, 48, 71, 99, 103, 110, 113, 126, 137, 159, 173, 181, 199] (24)
7 : [55, 61, 67, 69, 105, 108, 131, 138, 149, 160] (24)
8 : [9, 39, 59, 66, 101, 109, 132, 153, 158, 172, 176, 183] (23)
9 : [32, 46, 75, 77, 97, 102, 130, 174] (25)
10 : [4, 13, 35, 47, 50, 129, 142, 150, 184] (24)
11 : [40, 73, 76, 116, 123, 143, 146] (25)
12 : [63, 68, 81, 85, 91, 111, 119, 121, 141, 169, 187, 193, 194] (26)
13 : [6, 17, 20, 96, 117, 118, 152, 162, 192] (25)
14 : [3, 7, 25, 51, 82, 177, 189, 195, 197] (26)
15 : [1, 21, 31, 58, 65, 83, 145, 163, 198] (25)
16 : [54, 90, 166, 168, 170, 179, 185, 188, 191] (26)
17 : [2, 88, 89, 94, 148, 165] (26)
18 : [15, 23, 27, 62, 64, 72, 86, 92, 140, 147] (26)
19 : [37, 45, 52, 87, 127, 135, 155, 157, 164, 180, 186] (26)
20 : [112, 136, 139, 161, 175, 178] (26)
