Name: 200-30-45
Time: 5.658089637756348 
Result: 4
Solution:  18 6 0 3 2 12 7 20 15 1 7 11 2 1 19 15 10 9 2 13 8 14 15 2 8 20 8 15 10 1 2 4 10 12 13 19 12 18 8 16 14 20 2 8 17 18 8 1 7 17 11 0 17 3 13 12 0 8 15 0 3 13 5 6 9 10 18 9 5 15 7 5 20 20 14 8 15 11 19 5 1 9 0 15 1 14 1 2 8 4 6 8 7 13 7 7 11 16 18 20 19 4 12 2 13 16 18 10 11 5 10 11 19 9 16 4 5 8 17 0 0 20 13 2 5 4 3 9 3 1 1 11 0 14 20 9 3 15 1 19 13 9 10 8 7 16 6 17 12 18 1 7 15 6 3 9 16 8 6 12 13 6 13 19 17 0 5 12 6 12 6 14 4 14 11 8 5 20 16 8 10 14 13 15 3 16 5 8 10 11 19 7 5 4 15 17 17 14 19 2
0 : [2, 51, 56, 59, 82, 119, 120, 132, 165] (36)
1 : [9, 13, 29, 47, 80, 84, 86, 129, 130, 138, 150] (36)
2 : [4, 12, 18, 23, 30, 42, 87, 103, 123, 199] (36)
3 : [3, 53, 60, 126, 128, 136, 154, 184] (36)
4 : [31, 89, 101, 115, 125, 172, 193] (38)
5 : [62, 68, 71, 79, 109, 116, 124, 166, 176, 186, 192] (37)
6 : [1, 63, 90, 146, 153, 158, 161, 168, 170] (36)
7 : [6, 10, 48, 70, 92, 94, 95, 144, 151, 191] (37)
8 : [20, 24, 26, 38, 43, 46, 57, 75, 88, 91, 117, 143, 157, 175, 179, 187] (37)
9 : [17, 64, 67, 81, 113, 127, 135, 141, 155] (36)
10 : [16, 28, 32, 65, 107, 110, 142, 180, 188] (37)
11 : [11, 50, 77, 96, 108, 111, 131, 174, 189] (38)
12 : [5, 33, 36, 55, 102, 148, 159, 167, 169] (40)
13 : [19, 34, 54, 61, 93, 104, 122, 140, 160, 162, 182] (38)
14 : [21, 40, 74, 85, 133, 171, 173, 181, 197] (39)
15 : [8, 15, 22, 27, 58, 69, 76, 83, 137, 152, 183, 194] (39)
16 : [39, 97, 105, 114, 145, 156, 178, 185] (40)
17 : [44, 49, 52, 118, 147, 164, 195, 196] (40)
18 : [0, 37, 45, 66, 98, 106, 149] (40)
19 : [14, 35, 78, 100, 112, 139, 163, 190, 198] (40)
20 : [7, 25, 41, 72, 73, 99, 121, 134, 177] (39)
