Name: 200-20-30
Time: 5.5596232414245605 
Result: 4
Solution:  3 14 17 15 10 6 17 17 7 6 1 4 4 9 2 17 0 11 3 1 12 18 5 20 8 13 6 19 2 2 4 15 9 4 6 9 3 19 5 8 13 6 6 5 2 16 10 10 5 3 12 14 19 4 18 7 8 6 14 10 0 6 15 16 15 14 8 8 11 7 6 5 20 11 4 7 14 7 5 6 2 12 14 16 6 11 19 20 13 16 18 12 16 0 18 1 13 13 0 6 2 9 8 7 2 9 4 0 8 9 5 12 19 5 0 0 9 14 11 9 5 14 1 12 2 2 9 20 5 12 11 9 5 2 5 20 15 5 7 20 20 13 10 11 1 14 11 19 16 7 10 1 13 8 4 20 1 18 8 0 5 20 12 14 19 17 18 1 20 13 16 1 10 3 10 20 8 15 18 16 20 3 3 8 10 15 19 9 15 17 1 19 12 10 10 13 1 15 18 4
0 : [16, 60, 93, 98, 107, 114, 115, 159] (23)
1 : [10, 19, 95, 122, 144, 151, 156, 167, 171, 190, 196] (23)
2 : [14, 28, 29, 44, 80, 100, 104, 124, 125, 133] (24)
3 : [0, 18, 36, 49, 173, 181, 182] (23)
4 : [11, 12, 30, 33, 53, 74, 106, 154, 199] (23)
5 : [22, 38, 43, 48, 71, 78, 110, 113, 120, 128, 132, 134, 137, 160] (23)
6 : [5, 9, 26, 34, 41, 42, 57, 61, 70, 79, 84, 99] (23)
7 : [8, 55, 69, 75, 77, 103, 138, 149] (23)
8 : [24, 39, 56, 66, 67, 102, 108, 153, 158, 176, 183] (23)
9 : [13, 32, 35, 101, 105, 109, 116, 119, 126, 131, 187] (24)
10 : [4, 46, 47, 59, 142, 150, 172, 174, 184, 193, 194] (25)
11 : [17, 68, 73, 85, 118, 130, 143, 146] (25)
12 : [20, 50, 81, 91, 111, 123, 129, 162, 192] (25)
13 : [25, 40, 88, 96, 97, 141, 152, 169, 195] (26)
14 : [1, 51, 58, 65, 76, 82, 117, 121, 145, 163] (25)
15 : [3, 31, 62, 64, 136, 177, 185, 188, 197] (25)
16 : [45, 63, 83, 89, 92, 148, 170, 179] (26)
17 : [2, 6, 7, 15, 165, 189] (27)
18 : [21, 54, 90, 94, 157, 166, 178, 198] (26)
19 : [27, 37, 52, 86, 112, 147, 164, 186, 191] (27)
20 : [23, 72, 87, 127, 135, 139, 140, 155, 161, 168, 175, 180] (26)
