Name: 200-50-80
Time: 5.324009895324707 
Result: 9
Solution:  7 13 5 6 6 7 10 5 2 19 8 16 2 19 7 7 10 7 3 11 12 12 13 15 12 2 10 4 13 0 18 11 1 19 5 14 12 4 18 13 20 9 20 4 14 12 6 19 16 1 13 3 19 4 15 1 1 10 8 13 14 6 1 16 10 5 6 9 19 14 14 20 7 17 13 9 18 14 11 16 10 6 15 18 0 19 14 11 9 18 15 9 17 2 11 5 8 6 16 8 15 19 4 1 2 14 13 6 9 6 0 11 0 17 17 8 13 20 12 4 12 8 13 16 13 13 20 11 16 1 1 3 13 1 2 3 3 20 14 18 0 5 15 11 0 10 20 7 3 17 20 18 6 5 14 4 11 17 5 7 5 13 14 7 10 7 4 17 8 18 9 17 2 0 4 11 1 6 16 2 11 6 5 20 0 8 9 3 18 11 1 3 1 13 7 0 15 12 8 6
0 : [29, 84, 110, 112, 140, 144, 173, 184, 195] (62)
1 : [32, 49, 55, 56, 62, 103, 129, 130, 133, 176, 190, 192] (62)
2 : [8, 12, 25, 93, 104, 134, 172, 179] (62)
3 : [18, 51, 131, 135, 136, 148, 187, 191] (62)
4 : [27, 37, 43, 53, 102, 119, 155, 166, 174] (62)
5 : [2, 7, 34, 65, 95, 141, 153, 158, 160, 182] (62)
6 : [3, 4, 46, 61, 66, 81, 97, 107, 109, 152, 177, 181, 199] (62)
7 : [0, 5, 14, 15, 17, 72, 147, 159, 163, 165, 194] (62)
8 : [10, 58, 96, 99, 115, 121, 168, 185, 198] (63)
9 : [41, 67, 75, 88, 91, 108, 170, 186] (64)
10 : [6, 16, 26, 57, 64, 80, 145, 164] (64)
11 : [19, 31, 78, 87, 94, 111, 127, 143, 156, 175, 180, 189] (65)
12 : [20, 21, 24, 36, 45, 118, 120, 197] (65)
13 : [1, 22, 28, 39, 50, 59, 74, 106, 116, 122, 124, 125, 132, 161, 193] (68)
14 : [35, 44, 60, 69, 70, 77, 86, 105, 138, 154, 162] (67)
15 : [23, 54, 82, 90, 100, 142, 196] (69)
16 : [11, 48, 63, 79, 98, 123, 128, 178] (71)
17 : [73, 92, 113, 114, 149, 157, 167, 171] (70)
18 : [30, 38, 76, 83, 89, 139, 151, 169, 188] (70)
19 : [9, 13, 33, 47, 52, 68, 85, 101] (71)
20 : [40, 42, 71, 117, 126, 137, 146, 150, 183] (71)
