Name: 200-30-45
Time: 5.708388328552246 
Result: 5
Solution:  17 6 0 3 2 12 7 19 14 1 7 11 2 2 17 14 10 6 2 15 9 13 16 3 4 20 7 14 11 1 4 4 14 13 13 16 11 18 7 19 15 20 1 10 17 14 7 1 9 18 15 1 18 3 12 12 0 8 15 1 3 14 5 7 8 10 20 8 5 14 4 5 19 17 13 7 16 12 16 5 1 6 0 20 3 11 1 3 8 5 6 9 9 15 7 5 15 15 19 19 20 4 13 2 12 18 20 9 9 3 10 16 18 9 16 5 4 6 16 0 0 17 10 2 5 0 1 9 1 1 5 14 0 11 19 9 3 16 4 15 16 9 10 7 8 16 7 19 10 17 2 7 16 10 6 10 15 7 6 14 11 10 14 19 18 1 6 12 8 11 3 13 4 11 12 6 7 20 16 4 10 16 13 15 2 17 5 8 8 12 17 7 5 6 14 18 13 16 17 1
0 : [2, 56, 82, 119, 120, 125, 132] (35)
1 : [9, 29, 42, 47, 51, 59, 80, 86, 126, 128, 129, 165, 199] (36)
2 : [4, 12, 13, 18, 103, 123, 150, 184] (36)
3 : [3, 23, 53, 60, 84, 87, 109, 136, 170] (36)
4 : [24, 30, 31, 70, 101, 116, 138, 172, 179] (36)
5 : [62, 68, 71, 79, 89, 95, 115, 124, 130, 186, 192] (36)
6 : [1, 17, 81, 90, 117, 154, 158, 166, 175, 193] (37)
7 : [6, 10, 26, 38, 46, 63, 75, 94, 143, 146, 151, 157, 176, 191] (37)
8 : [57, 64, 67, 88, 144, 168, 187, 188] (37)
9 : [20, 48, 91, 92, 107, 108, 113, 127, 135, 141] (37)
10 : [16, 43, 65, 110, 122, 142, 148, 153, 155, 161, 180] (38)
11 : [11, 28, 36, 85, 133, 160, 169, 173] (38)
12 : [5, 54, 55, 77, 104, 167, 174, 189] (39)
13 : [21, 33, 34, 74, 102, 171, 182, 196] (39)
14 : [8, 15, 27, 32, 45, 61, 69, 131, 159, 162, 194] (40)
15 : [19, 40, 50, 58, 93, 96, 97, 139, 156, 183] (39)
16 : [22, 35, 76, 78, 111, 114, 118, 137, 140, 145, 152, 178, 181, 197] (39)
17 : [0, 14, 44, 73, 121, 149, 185, 190, 198] (40)
18 : [37, 49, 52, 105, 112, 164, 195] (40)
19 : [7, 39, 72, 98, 99, 134, 147, 163] (40)
20 : [25, 41, 66, 83, 100, 106, 177] (40)
