Name: 200-40-60
Time: 5.215689182281494 
Result: 8
Solution:  8 1 1 3 0 8 19 6 12 10 11 18 15 14 2 16 18 5 17 8 20 18 0 11 8 16 6 3 16 13 0 20 18 3 3 11 12 4 7 9 0 7 2 20 15 13 20 2 17 6 1 20 2 7 2 16 11 18 0 14 16 1 2 6 4 15 4 13 19 9 0 19 10 12 16 1 11 11 0 8 8 4 12 9 11 2 19 14 20 15 6 7 14 1 11 13 7 13 17 15 12 6 7 15 17 16 1 7 19 3 6 3 11 20 3 6 3 3 17 5 3 20 10 14 5 18 0 9 13 19 3 4 10 12 14 20 10 13 9 16 17 5 6 20 10 7 9 3 8 2 8 1 9 0 15 14 1 6 9 0 11 9 5 15 11 18 12 2 11 5 2 10 2 14 9 0 7 20 12 19 14 15 12 8 0 10 18 14 5 3 8 13 7 16 17 0 5 14 0 19
0 : [4, 22, 30, 40, 58, 70, 78, 126, 153, 159, 175, 184, 195, 198] (44)
1 : [1, 2, 50, 61, 75, 93, 106, 151, 156] (45)
2 : [14, 42, 47, 52, 54, 62, 85, 149, 167, 170, 172] (45)
3 : [3, 27, 33, 34, 109, 111, 114, 116, 117, 120, 130, 147, 189] (44)
4 : [37, 64, 66, 81, 131] (45)
5 : [17, 119, 124, 141, 162, 169, 188, 196] (44)
6 : [7, 26, 49, 63, 90, 101, 110, 115, 142, 157] (44)
7 : [38, 41, 53, 91, 96, 102, 107, 145, 176, 192] (46)
8 : [0, 5, 19, 24, 79, 80, 148, 150, 183, 190] (47)
9 : [39, 69, 83, 127, 138, 146, 152, 158, 161, 174] (52)
10 : [9, 72, 122, 132, 136, 144, 171, 185] (51)
11 : [10, 23, 35, 56, 76, 77, 84, 94, 112, 160, 164, 168] (47)
12 : [8, 36, 73, 82, 100, 133, 166, 178, 182] (52)
13 : [29, 45, 67, 95, 97, 128, 137, 191] (47)
14 : [13, 59, 87, 92, 123, 134, 155, 173, 180, 187, 197] (49)
15 : [12, 44, 65, 89, 99, 103, 154, 163, 181] (52)
16 : [15, 25, 28, 55, 60, 74, 105, 139, 193] (52)
17 : [18, 48, 98, 104, 118, 140, 194] (52)
18 : [11, 16, 21, 32, 57, 125, 165, 186] (52)
19 : [6, 68, 71, 86, 108, 129, 179, 199] (52)
20 : [20, 31, 43, 46, 51, 88, 113, 121, 135, 143, 177] (52)
