Name: 200-50-80
Time: 5.246787786483765 
Result: 9
Solution:  7 11 4 3 7 7 14 5 1 17 7 16 1 20 6 11 11 6 0 11 12 13 14 15 12 6 12 2 13 2 18 11 0 16 3 15 18 4 18 15 20 9 20 3 13 11 5 19 16 3 14 1 18 2 15 0 2 11 8 13 12 6 0 14 11 6 6 6 19 13 11 19 7 18 13 10 19 15 12 17 9 5 16 18 0 19 16 10 12 19 15 9 16 1 8 4 7 4 13 6 15 20 2 3 0 14 13 9 9 4 3 12 0 16 17 5 10 20 12 0 12 8 8 14 15 15 20 11 18 1 3 3 14 1 0 5 2 20 16 16 0 5 13 7 2 9 20 6 3 16 20 19 5 7 12 1 7 16 9 7 6 14 15 4 8 7 4 19 10 19 9 17 1 0 4 10 1 6 18 1 8 3 5 18 4 8 8 2 17 9 2 3 0 14 0 1 16 11 9 5
0 : [18, 32, 55, 62, 84, 104, 112, 119, 134, 140, 173, 192, 194] (61)
1 : [8, 12, 51, 93, 129, 133, 155, 172, 176, 179, 195] (61)
2 : [27, 29, 53, 56, 102, 136, 144, 187, 190] (62)
3 : [3, 34, 43, 49, 103, 110, 130, 131, 148, 181, 191] (62)
4 : [2, 37, 95, 97, 109, 163, 166, 174, 184] (62)
5 : [7, 46, 81, 115, 135, 141, 152, 182, 199] (62)
6 : [14, 17, 25, 61, 65, 66, 67, 99, 147, 160, 177] (66)
7 : [0, 4, 5, 10, 72, 96, 143, 153, 156, 159, 165] (62)
8 : [58, 94, 121, 122, 164, 180, 185, 186] (63)
9 : [41, 80, 91, 107, 108, 145, 158, 170, 189, 198] (64)
10 : [75, 87, 116, 168, 175] (66)
11 : [1, 15, 16, 19, 31, 45, 57, 64, 70, 127, 197] (67)
12 : [20, 24, 26, 60, 78, 88, 111, 118, 120, 154] (69)
13 : [21, 28, 44, 59, 69, 74, 98, 106, 142] (66)
14 : [6, 22, 50, 63, 105, 123, 132, 161, 193] (67)
15 : [23, 35, 39, 54, 77, 90, 100, 124, 125, 162] (68)
16 : [11, 33, 48, 82, 86, 92, 113, 138, 139, 149, 157, 196] (69)
17 : [9, 79, 114, 171, 188] (70)
18 : [30, 36, 38, 52, 73, 83, 128, 178, 183] (68)
19 : [47, 68, 71, 76, 85, 89, 151, 167, 169] (70)
20 : [13, 40, 42, 101, 117, 126, 137, 146, 150] (69)
