Name: 200-20-30
Time: 5.687581777572632 
Result: 3
Solution:  0 13 20 18 15 4 13 19 5 6 3 2 4 9 4 17 0 14 0 1 16 16 3 19 7 14 2 20 0 2 1 17 7 1 5 10 4 19 5 13 11 6 6 5 2 16 10 10 3 2 10 19 17 0 17 8 5 6 14 7 0 8 15 13 14 12 10 8 11 11 4 6 17 12 3 8 9 4 5 4 0 12 14 17 6 11 18 17 14 16 18 12 19 5 19 1 14 10 0 6 0 8 8 5 6 8 4 3 10 9 5 13 20 6 2 0 13 15 11 13 8 13 2 11 2 1 6 19 3 10 9 8 2 0 5 18 15 4 6 20 19 11 11 9 0 15 9 19 16 4 10 1 15 7 7 17 1 18 9 1 7 17 12 15 17 17 16 0 19 13 16 1 8 3 12 18 8 15 18 15 20 7 5 7 10 18 20 11 18 14 0 15 13 9 11 11 3 17 18 4
0 : [0, 16, 18, 28, 53, 60, 80, 98, 100, 115, 133, 144, 167, 190] (23)
1 : [19, 30, 33, 95, 125, 151, 156, 159, 171] (23)
2 : [11, 26, 29, 44, 49, 114, 122, 124, 132] (23)
3 : [10, 22, 48, 74, 107, 128, 173, 196] (23)
4 : [5, 12, 14, 36, 70, 77, 79, 106, 137, 149, 199] (23)
5 : [8, 34, 38, 43, 56, 78, 93, 103, 110, 134, 182] (23)
6 : [9, 41, 42, 57, 71, 84, 99, 104, 113, 126, 138] (24)
7 : [24, 32, 59, 153, 154, 160, 181, 183] (24)
8 : [55, 61, 67, 75, 101, 102, 105, 120, 131, 172, 176] (24)
9 : [13, 76, 109, 130, 143, 146, 158, 193] (24)
10 : [35, 46, 47, 50, 66, 97, 108, 129, 150, 184] (25)
11 : [40, 68, 69, 85, 118, 123, 141, 142, 187, 194, 195] (25)
12 : [65, 73, 81, 91, 162, 174] (24)
13 : [1, 6, 39, 63, 111, 116, 119, 121, 169, 192] (26)
14 : [17, 25, 58, 64, 82, 88, 96, 189] (25)
15 : [4, 62, 117, 136, 145, 152, 163, 177, 179, 191] (26)
16 : [20, 21, 45, 89, 148, 166, 170] (26)
17 : [15, 31, 52, 54, 72, 83, 87, 155, 161, 164, 165, 197] (26)
18 : [3, 86, 90, 135, 157, 175, 178, 185, 188, 198] (26)
19 : [7, 23, 37, 51, 92, 94, 127, 140, 147, 168] (26)
20 : [2, 27, 112, 139, 180, 186] (26)
