Name: 200-50-80
Time: 5.201352119445801 
Result: 9
Solution:  7 12 6 3 6 7 10 6 2 15 7 17 2 18 6 7 10 7 0 9 12 14 11 16 12 2 10 4 13 2 19 13 0 19 4 14 18 5 20 14 18 9 20 4 12 12 5 19 16 1 13 2 18 5 16 0 1 10 9 12 12 8 3 14 11 7 4 5 17 13 11 19 11 20 14 10 17 14 12 15 9 5 19 16 0 20 14 13 11 18 15 9 19 2 8 5 7 6 13 8 15 19 4 1 1 14 12 9 10 6 0 10 0 16 17 3 17 20 13 0 13 8 7 15 14 15 18 14 16 0 0 3 13 1 3 4 2 20 14 18 1 5 11 7 0 9 20 6 3 17 18 20 4 3 12 4 7 16 8 8 6 14 14 3 10 7 4 20 8 19 9 17 1 0 3 9 0 6 20 2 11 3 5 19 0 8 6 3 15 9 0 3 0 12 0 2 12 11 10 6
0 : [18, 32, 55, 84, 110, 112, 119, 129, 130, 144, 173, 176, 184, 190, 192, 194] (61)
1 : [49, 56, 103, 104, 133, 140, 172] (61)
2 : [8, 12, 25, 29, 51, 93, 136, 179, 195] (61)
3 : [3, 62, 115, 131, 134, 148, 153, 163, 174, 181, 187, 191] (61)
4 : [27, 34, 43, 66, 102, 135, 152, 155, 166] (61)
5 : [37, 46, 53, 67, 81, 95, 141, 182] (62)
6 : [2, 4, 7, 14, 97, 109, 147, 160, 177, 186, 199] (63)
7 : [0, 5, 10, 15, 17, 65, 96, 122, 143, 156, 165] (63)
8 : [61, 94, 99, 121, 158, 159, 168, 185] (64)
9 : [19, 41, 58, 80, 91, 107, 145, 170, 175, 189] (63)
10 : [6, 16, 26, 57, 75, 108, 111, 164, 198] (67)
11 : [22, 64, 70, 72, 88, 142, 180, 197] (69)
12 : [1, 20, 24, 44, 45, 59, 60, 78, 106, 154, 193, 196] (68)
13 : [28, 31, 50, 69, 87, 98, 118, 120, 132] (67)
14 : [21, 35, 39, 63, 74, 77, 86, 105, 124, 127, 138, 161, 162] (68)
15 : [9, 79, 90, 100, 123, 125, 188] (68)
16 : [23, 48, 54, 83, 113, 128, 157] (70)
17 : [11, 68, 76, 114, 116, 149, 171] (69)
18 : [13, 36, 40, 52, 89, 126, 139, 150] (69)
19 : [30, 33, 47, 71, 82, 92, 101, 169, 183] (70)
20 : [38, 42, 73, 85, 117, 137, 146, 151, 167, 178] (69)
