Name: 200-40-60
Time: 5.265164136886597 
Result: 8
Solution:  7 3 0 2 1 9 20 6 14 10 12 14 15 14 2 16 17 5 20 14 20 18 2 15 9 19 5 4 14 15 0 19 17 2 3 11 15 3 6 11 0 6 0 20 15 12 20 1 18 6 2 18 2 9 2 18 12 16 1 12 18 1 2 6 1 20 4 13 19 9 2 19 10 12 16 2 11 13 0 8 8 4 16 9 11 2 19 12 17 15 6 12 14 1 11 13 9 13 17 15 18 7 7 19 17 14 2 9 20 3 6 2 14 20 2 7 2 4 20 5 3 17 9 15 5 19 0 7 12 18 3 4 9 10 11 17 10 12 8 18 19 8 6 19 12 9 9 4 9 2 9 0 9 0 14 17 0 5 8 2 9 9 5 16 11 18 10 5 7 4 1 12 2 15 11 1 6 20 13 20 17 16 9 8 1 7 16 11 5 2 7 17 6 16 16 0 5 14 1 19
0 : [2, 30, 40, 42, 78, 126, 151, 153, 156, 195] (45)
1 : [4, 47, 58, 61, 64, 93, 170, 175, 184, 198] (44)
2 : [3, 14, 22, 33, 50, 52, 54, 62, 70, 75, 85, 106, 111, 114, 116, 149, 159, 172, 189] (44)
3 : [1, 34, 37, 109, 120, 130] (46)
4 : [27, 66, 81, 117, 131, 147, 169] (46)
5 : [17, 26, 119, 124, 157, 162, 167, 188, 196] (44)
6 : [7, 38, 41, 49, 63, 90, 110, 142, 176, 192] (46)
7 : [0, 101, 102, 115, 127, 168, 185, 190] (46)
8 : [79, 80, 138, 141, 158, 183] (47)
9 : [5, 24, 53, 69, 83, 96, 107, 122, 132, 145, 146, 148, 150, 152, 160, 161, 182] (46)
10 : [9, 72, 133, 136, 166] (51)
11 : [35, 39, 76, 84, 94, 134, 164, 174, 187] (50)
12 : [10, 45, 56, 59, 73, 87, 91, 128, 137, 144, 171] (50)
13 : [67, 77, 95, 97, 178] (51)
14 : [8, 11, 13, 19, 28, 92, 105, 112, 154, 197] (51)
15 : [12, 23, 29, 36, 44, 89, 99, 123, 173] (50)
16 : [15, 57, 74, 82, 163, 181, 186, 193, 194] (52)
17 : [16, 32, 88, 98, 104, 121, 135, 155, 180, 191] (52)
18 : [21, 48, 51, 55, 60, 100, 129, 139, 165] (51)
19 : [25, 31, 68, 71, 86, 103, 125, 140, 143, 199] (51)
20 : [6, 18, 20, 43, 46, 65, 108, 113, 118, 177, 179] (51)
