Name: 200-30-45
Time: 5.5609331130981445 
Result: 5
Solution:  19 6 0 2 2 17 6 19 14 1 9 11 3 4 19 14 10 6 2 19 9 13 12 2 4 20 7 15 11 2 1 5 13 13 13 20 16 18 8 20 18 19 2 9 17 15 7 0 7 16 12 0 18 0 13 12 1 9 20 1 8 14 4 3 8 10 20 8 6 13 6 6 18 19 15 9 16 10 17 5 0 6 4 20 0 11 0 3 9 4 7 6 7 16 7 4 11 20 17 19 15 5 11 3 10 19 17 9 12 4 8 14 16 9 19 3 4 3 17 0 0 20 11 2 5 1 1 9 1 0 1 11 0 14 20 9 2 15 1 16 19 9 11 9 7 16 7 18 11 20 3 7 15 9 3 8 18 8 6 15 12 9 15 20 18 1 4 12 5 10 2 15 5 13 12 7 3 14 14 4 11 15 13 20 0 17 0 10 8 14 19 6 9 3 18 20 14 16 19 1
0 : [2, 47, 51, 53, 80, 84, 86, 119, 120, 129, 132, 184, 186] (35)
1 : [9, 30, 56, 59, 125, 126, 128, 130, 138, 165, 199] (35)
2 : [3, 4, 18, 23, 29, 42, 123, 136, 170] (37)
3 : [12, 63, 87, 103, 115, 117, 150, 154, 176, 193] (36)
4 : [13, 24, 62, 82, 89, 95, 109, 116, 166, 179] (36)
5 : [31, 79, 101, 124, 168, 172] (36)
6 : [1, 6, 17, 68, 70, 71, 81, 91, 158, 191] (37)
7 : [26, 46, 48, 90, 92, 94, 144, 146, 151, 175] (37)
8 : [38, 60, 64, 67, 110, 155, 157, 188] (38)
9 : [10, 20, 43, 57, 75, 88, 107, 113, 127, 135, 141, 143, 153, 161, 192] (37)
10 : [16, 65, 77, 104, 169, 187] (38)
11 : [11, 28, 85, 96, 102, 122, 131, 142, 148, 180] (40)
12 : [22, 50, 55, 108, 160, 167, 174] (39)
13 : [21, 32, 33, 34, 54, 69, 173, 182] (39)
14 : [8, 15, 61, 111, 133, 177, 178, 189, 196] (40)
15 : [27, 45, 74, 100, 137, 152, 159, 162, 171, 181] (39)
16 : [36, 49, 76, 93, 112, 139, 145, 197] (39)
17 : [5, 44, 78, 98, 106, 118, 185] (39)
18 : [37, 40, 52, 72, 147, 156, 164, 194] (39)
19 : [0, 7, 14, 19, 41, 73, 99, 105, 114, 140, 190, 198] (40)
20 : [25, 35, 39, 58, 66, 83, 97, 121, 134, 149, 163, 183, 195] (39)
