Name: 200-40-60
Time: 5.156651973724365 
Result: 8
Solution:  10 2 0 2 1 9 17 7 13 13 11 15 15 14 3 16 18 1 19 8 20 20 0 14 9 17 5 5 14 14 3 19 15 4 4 12 12 3 6 11 0 6 0 20 15 14 20 3 17 6 1 16 6 7 4 19 12 18 2 16 16 4 2 6 1 16 4 13 19 9 1 16 10 12 16 1 10 10 0 8 8 6 14 9 10 2 19 9 20 15 6 7 14 1 10 13 8 13 18 12 13 6 7 14 17 14 1 8 20 4 5 4 11 20 3 6 3 4 20 4 3 17 10 14 7 17 0 8 13 20 3 5 9 11 15 19 11 12 6 18 18 6 6 19 13 9 9 3 11 2 8 2 10 3 16 17 0 6 8 3 9 9 5 16 13 17 12 4 7 5 2 10 1 12 8 1 6 20 10 19 17 16 9 9 0 15 19 12 5 6 8 13 5 14 18 0 4 16 0 20
0 : [2, 22, 40, 42, 78, 126, 156, 184, 195, 198] (43)
1 : [4, 17, 50, 64, 70, 75, 93, 106, 172, 175] (43)
2 : [1, 3, 58, 62, 85, 149, 151, 170] (44)
3 : [14, 30, 37, 47, 114, 116, 120, 130, 147, 153, 159] (45)
4 : [33, 34, 54, 61, 66, 109, 111, 117, 119, 167, 196] (45)
5 : [26, 27, 110, 131, 162, 169, 188, 192] (45)
6 : [38, 41, 49, 52, 63, 81, 90, 101, 115, 138, 141, 142, 157, 176, 189] (49)
7 : [7, 53, 91, 102, 124, 168] (49)
8 : [19, 79, 80, 96, 107, 127, 150, 158, 174, 190] (49)
9 : [5, 24, 69, 83, 87, 132, 145, 146, 160, 161, 182, 183] (45)
10 : [0, 72, 76, 77, 84, 94, 122, 152, 171, 178] (50)
11 : [10, 39, 112, 133, 136, 148] (50)
12 : [35, 36, 56, 73, 99, 137, 166, 173, 187] (51)
13 : [8, 9, 67, 95, 97, 100, 128, 144, 164, 191] (51)
14 : [13, 23, 28, 29, 45, 82, 92, 103, 105, 123, 193] (51)
15 : [11, 12, 32, 44, 89, 134, 185] (51)
16 : [15, 51, 59, 60, 65, 71, 74, 154, 163, 181, 197] (51)
17 : [6, 25, 48, 104, 121, 125, 155, 165, 180] (50)
18 : [16, 57, 98, 139, 140, 194] (51)
19 : [18, 31, 55, 68, 86, 135, 143, 179, 186] (50)
20 : [20, 21, 43, 46, 88, 108, 113, 118, 129, 177, 199] (51)
