Name: 200-20-30
Time: 5.619548797607422 
Result: 3
Solution:  1 14 17 18 12 4 13 15 5 5 0 3 6 11 3 19 0 13 3 1 15 18 0 19 7 13 1 20 0 2 2 14 8 1 6 10 7 19 5 8 13 7 2 6 1 19 9 10 4 4 10 14 17 4 16 9 3 5 14 8 4 6 16 15 14 13 8 6 12 11 4 5 20 9 3 6 10 8 4 4 1 12 14 15 6 12 18 19 11 17 18 12 20 1 17 0 13 10 1 6 3 9 9 4 4 7 4 4 8 12 5 12 20 4 2 0 9 12 11 12 6 13 0 12 2 1 7 20 3 12 10 8 4 0 7 18 17 4 7 20 18 16 11 9 1 13 9 20 16 6 11 0 13 6 5 16 1 18 10 3 7 18 12 15 19 17 18 1 19 15 16 1 11 4 9 19 8 16 16 15 19 5 7 8 10 18 19 8 16 14 1 19 13 12 13 13 2 15 16 5
0 : [10, 16, 22, 28, 95, 115, 122, 133, 151] (23)
1 : [0, 19, 26, 33, 44, 80, 93, 98, 125, 144, 156, 167, 171, 190] (23)
2 : [29, 30, 42, 114, 124, 196] (24)
3 : [11, 14, 18, 56, 74, 100, 128, 159] (23)
4 : [5, 48, 49, 53, 60, 70, 78, 79, 103, 104, 106, 107, 113, 132, 137, 173] (24)
5 : [8, 9, 38, 57, 71, 110, 154, 181, 199] (25)
6 : [12, 34, 43, 61, 67, 75, 84, 99, 120, 149, 153] (23)
7 : [24, 36, 41, 105, 126, 134, 138, 160, 182] (24)
8 : [32, 39, 59, 66, 77, 108, 131, 176, 183, 187] (24)
9 : [46, 55, 73, 101, 102, 116, 143, 146, 174] (25)
10 : [35, 47, 50, 76, 97, 130, 158, 184] (25)
11 : [13, 69, 88, 118, 142, 150, 172] (25)
12 : [4, 68, 81, 85, 91, 109, 111, 117, 119, 123, 129, 162, 193] (25)
13 : [6, 17, 25, 40, 65, 96, 121, 145, 152, 192, 194, 195] (25)
14 : [1, 31, 51, 58, 64, 82, 189] (25)
15 : [7, 20, 63, 83, 163, 169, 179, 197] (25)
16 : [54, 62, 141, 148, 155, 170, 177, 178, 188, 198] (25)
17 : [2, 52, 89, 94, 136, 165] (26)
18 : [3, 21, 86, 90, 135, 140, 157, 161, 166, 185] (26)
19 : [15, 23, 37, 45, 87, 164, 168, 175, 180, 186, 191] (25)
20 : [27, 72, 92, 112, 127, 139, 147] (25)
