Name: 200-30-45
Time: 5.571702241897583 
Result: 5
Solution:  17 8 0 2 3 13 7 20 14 5 8 11 3 2 18 14 10 9 0 14 9 15 13 5 4 19 8 14 10 1 4 11 14 10 13 16 12 19 9 16 18 20 0 9 17 15 7 0 7 18 14 0 17 1 13 12 0 6 16 0 3 15 4 4 10 10 18 8 5 15 2 6 20 17 14 8 17 9 18 5 0 6 4 19 0 13 0 3 11 5 6 6 8 15 7 4 12 15 18 19 19 4 12 2 11 19 18 8 12 3 8 13 16 7 19 5 4 3 17 0 2 15 12 2 6 1 0 8 0 0 0 14 0 13 19 9 1 14 3 17 14 8 12 8 7 16 4 18 12 17 2 6 17 8 6 10 15 8 7 14 13 8 13 20 19 1 4 10 9 9 1 16 5 13 11 8 6 14 12 3 11 16 13 15 1 20 2 7 11 11 17 7 5 6 16 20 16 18 17 1
0 : [2, 18, 42, 47, 51, 56, 59, 80, 84, 86, 119, 126, 128, 129, 130, 132] (35)
1 : [29, 53, 125, 136, 165, 170, 184, 199] (35)
2 : [3, 13, 70, 103, 120, 123, 150, 186] (35)
3 : [4, 12, 60, 87, 109, 117, 138, 179] (36)
4 : [24, 30, 62, 63, 82, 95, 101, 116, 146, 166] (35)
5 : [9, 23, 68, 79, 89, 115, 172, 192] (35)
6 : [57, 71, 81, 90, 91, 124, 151, 154, 176, 193] (36)
7 : [6, 46, 48, 94, 113, 144, 158, 187, 191] (37)
8 : [1, 10, 26, 67, 75, 92, 107, 110, 127, 141, 143, 153, 157, 161, 175] (37)
9 : [17, 20, 38, 43, 77, 135, 168, 169] (38)
10 : [16, 28, 33, 64, 65, 155, 167] (39)
11 : [11, 31, 88, 104, 174, 180, 188, 189] (38)
12 : [36, 55, 96, 102, 108, 122, 142, 148, 178] (40)
13 : [5, 22, 34, 54, 85, 111, 133, 160, 162, 173, 182] (40)
14 : [8, 15, 19, 27, 32, 50, 74, 131, 137, 140, 159, 177] (40)
15 : [21, 45, 61, 69, 93, 97, 121, 156, 183] (39)
16 : [35, 39, 58, 112, 145, 171, 181, 194, 196] (40)
17 : [0, 44, 52, 73, 76, 118, 139, 149, 152, 190, 198] (40)
18 : [14, 40, 49, 66, 78, 98, 106, 147, 197] (40)
19 : [25, 37, 83, 99, 100, 105, 114, 134, 164] (40)
20 : [7, 41, 72, 163, 185, 195] (40)
