Name: 200-50-80
Time: 5.250720977783203 
Result: 10
Solution:  6 11 4 7 5 8 11 8 2 19 8 16 2 20 7 7 11 6 3 9 13 12 10 15 12 4 10 2 13 0 20 16 3 17 6 16 18 3 20 12 18 10 20 3 13 11 6 19 17 3 15 0 19 4 14 1 1 10 11 12 13 8 1 15 13 5 8 7 18 14 12 19 7 16 13 9 19 14 9 14 10 7 18 18 0 17 14 12 9 17 18 10 18 2 7 4 8 7 15 8 16 20 4 3 1 13 12 5 9 8 3 10 0 19 19 4 12 20 12 0 16 8 10 15 15 15 16 11 15 1 1 5 15 0 1 2 3 20 15 18 0 5 13 8 1 10 20 6 4 15 17 20 6 8 12 1 7 16 6 7 6 12 17 7 11 7 4 20 9 17 10 16 7 0 5 9 2 6 19 1 8 6 6 20 2 8 8 2 17 9 0 3 0 13 1 4 13 12 6 7
0 : [29, 51, 84, 112, 119, 133, 140, 173, 190, 192] (61)
1 : [55, 56, 62, 104, 129, 130, 134, 144, 155, 179, 194] (61)
2 : [8, 12, 27, 93, 135, 176, 184, 187] (62)
3 : [18, 32, 37, 43, 49, 103, 110, 136, 191] (61)
4 : [2, 25, 53, 95, 102, 115, 148, 166, 195] (61)
5 : [4, 65, 107, 131, 141, 174] (61)
6 : [0, 17, 34, 46, 147, 152, 158, 160, 177, 181, 182, 198] (61)
7 : [3, 14, 15, 67, 72, 81, 94, 97, 156, 159, 163, 165, 172, 199] (61)
8 : [5, 7, 10, 61, 66, 96, 99, 109, 121, 143, 153, 180, 185, 186] (61)
9 : [19, 75, 78, 88, 108, 168, 175, 189] (66)
10 : [22, 26, 41, 57, 80, 91, 111, 122, 145, 170] (63)
11 : [1, 6, 16, 45, 58, 127, 164] (67)
12 : [21, 24, 39, 59, 70, 87, 106, 116, 118, 154, 161, 197] (68)
13 : [20, 28, 44, 60, 64, 74, 105, 142, 193, 196] (69)
14 : [54, 69, 77, 79, 86] (70)
15 : [23, 50, 63, 98, 123, 124, 125, 128, 132, 138, 149] (69)
16 : [11, 31, 35, 73, 100, 120, 126, 157, 171] (70)
17 : [33, 48, 85, 89, 150, 162, 169, 188] (71)
18 : [36, 40, 68, 82, 83, 90, 92, 139] (71)
19 : [9, 47, 52, 71, 76, 113, 114, 178] (70)
20 : [13, 30, 38, 42, 101, 117, 137, 146, 151, 167, 183] (70)
