Name: 200-40-60
Time: 5.169387340545654 
Result: 8
Solution:  7 1 2 4 2 7 18 7 11 12 9 13 14 15 3 16 18 2 16 9 20 16 0 16 8 18 5 4 13 15 3 20 18 3 5 14 12 2 6 14 0 5 0 20 15 12 20 1 17 6 1 17 3 7 3 20 13 18 1 15 19 4 3 6 1 19 4 13 19 10 1 16 10 12 18 1 10 12 0 10 8 3 14 15 10 2 19 12 20 15 6 9 14 3 10 13 7 15 20 13 15 6 7 17 13 14 0 8 20 3 6 3 15 20 2 4 3 3 20 5 5 17 10 16 5 19 0 8 12 18 3 4 9 12 14 20 10 12 8 16 17 6 6 20 12 7 9 3 8 3 8 0 8 1 14 15 0 6 7 1 9 8 6 15 10 19 11 5 8 6 2 10 0 16 11 1 6 19 10 19 16 17 9 11 6 9 16 11 5 3 7 16 4 15 18 0 5 16 1 17
0 : [22, 40, 42, 78, 106, 126, 151, 156, 172, 195] (44)
1 : [1, 47, 50, 58, 64, 70, 75, 153, 159, 175, 198] (44)
2 : [2, 4, 17, 37, 85, 114, 170] (45)
3 : [14, 30, 33, 52, 54, 62, 81, 93, 109, 111, 116, 117, 130, 147, 149, 189] (45)
4 : [3, 27, 61, 66, 115, 131, 192] (46)
5 : [26, 34, 41, 119, 120, 124, 167, 188, 196] (44)
6 : [38, 49, 63, 90, 101, 110, 141, 142, 157, 162, 169, 176, 184] (45)
7 : [0, 5, 7, 53, 96, 102, 145, 158, 190] (48)
8 : [24, 80, 107, 127, 138, 148, 150, 152, 161, 168] (47)
9 : [10, 19, 91, 132, 146, 160, 182, 185] (48)
10 : [69, 72, 76, 79, 84, 94, 122, 136, 164, 171, 178] (49)
11 : [8, 166, 174, 183, 187] (50)
12 : [9, 36, 45, 73, 77, 87, 128, 133, 137, 144] (52)
13 : [11, 28, 56, 67, 95, 99, 104] (51)
14 : [12, 35, 39, 82, 92, 105, 134, 154] (50)
15 : [13, 29, 44, 59, 83, 89, 97, 100, 112, 155, 163, 193] (51)
16 : [15, 18, 21, 23, 71, 123, 139, 173, 180, 186, 191, 197] (51)
17 : [48, 51, 103, 121, 140, 181, 199] (51)
18 : [6, 16, 25, 32, 57, 74, 129, 194] (52)
19 : [60, 65, 68, 86, 125, 165, 177, 179] (51)
20 : [20, 31, 43, 46, 55, 88, 98, 108, 113, 118, 135, 143] (50)
