Name: 200-30-45
Time: 5.672871351242065 
Result: 5
Solution:  16 7 0 2 3 13 5 19 18 2 7 13 4 1 17 13 10 5 1 14 8 13 14 6 5 19 11 14 12 2 4 10 11 11 13 18 12 19 8 19 16 19 1 8 18 18 8 0 10 17 14 1 17 1 12 12 0 8 16 0 3 14 4 6 10 11 18 9 6 13 2 6 19 20 13 8 17 9 18 5 2 6 1 14 0 11 0 3 8 5 7 6 7 14 7 4 14 19 20 19 16 4 12 2 15 16 20 10 11 1 8 12 20 8 20 4 3 3 17 0 0 15 11 2 5 3 0 8 6 1 4 11 0 12 20 8 3 16 3 16 13 9 10 8 8 16 6 16 12 20 2 5 14 6 6 10 18 7 7 15 13 6 14 20 18 1 5 11 7 9 6 15 4 13 9 8 7 15 11 10 12 15 13 15 0 17 0 9 9 13 18 6 5 4 16 20 15 14 17 2
0 : [2, 47, 56, 59, 84, 86, 119, 120, 126, 132, 184, 186] (37)
1 : [13, 18, 42, 51, 53, 82, 109, 129, 165] (37)
2 : [3, 9, 29, 70, 80, 103, 123, 150, 199] (36)
3 : [4, 60, 87, 116, 117, 125, 136, 138] (36)
4 : [12, 30, 62, 95, 101, 115, 130, 172, 193] (36)
5 : [6, 17, 24, 79, 89, 124, 151, 166, 192] (36)
6 : [23, 63, 68, 71, 81, 91, 128, 146, 153, 154, 161, 170, 191] (37)
7 : [1, 10, 90, 92, 94, 157, 158, 168, 176] (37)
8 : [20, 38, 43, 46, 57, 75, 88, 110, 113, 127, 135, 143, 144, 175] (36)
9 : [67, 77, 141, 169, 174, 187, 188] (37)
10 : [16, 31, 48, 64, 107, 142, 155, 179] (37)
11 : [26, 32, 33, 65, 85, 108, 122, 131, 167, 178] (37)
12 : [28, 36, 54, 55, 102, 111, 133, 148, 180] (39)
13 : [5, 11, 15, 21, 34, 69, 74, 140, 160, 173, 182, 189] (39)
14 : [19, 22, 27, 50, 61, 83, 93, 96, 152, 162, 197] (39)
15 : [104, 121, 159, 171, 177, 181, 183, 196] (39)
16 : [0, 40, 58, 100, 105, 137, 139, 145, 147, 194] (39)
17 : [14, 49, 52, 76, 118, 185, 198] (41)
18 : [8, 35, 44, 45, 66, 78, 156, 164, 190] (40)
19 : [7, 25, 37, 39, 41, 72, 97, 99] (40)
20 : [73, 98, 106, 112, 114, 134, 149, 163, 195] (40)
