Name: 200-20-30
Time: 5.618241310119629 
Result: 4
Solution:  1 14 18 14 10 5 13 15 6 5 0 5 1 11 6 17 3 11 3 1 12 17 0 20 8 13 1 19 2 1 2 15 7 3 10 10 2 19 5 13 11 7 5 7 1 19 11 11 5 3 10 15 18 2 19 7 4 4 14 7 0 7 17 13 18 13 9 7 11 11 5 5 15 9 3 6 12 4 5 7 3 12 15 16 7 11 18 19 14 18 16 12 16 2 18 0 13 8 0 7 2 10 8 5 6 9 6 0 7 9 7 12 20 8 1 0 9 13 13 13 6 13 0 13 2 1 8 20 4 13 9 10 2 3 7 18 16 5 6 20 20 12 10 10 1 13 9 20 16 8 10 0 15 7 8 16 1 20 9 6 5 17 14 15 19 17 17 4 17 13 16 1 8 7 10 18 9 14 19 16 18 4 3 7 12 19 19 8 20 15 1 17 11 12 11 12 4 14 15 8
0 : [10, 22, 60, 95, 98, 107, 115, 122, 151] (24)
1 : [0, 12, 19, 26, 29, 44, 114, 125, 144, 156, 171, 190] (24)
2 : [28, 30, 36, 53, 93, 100, 124, 132] (23)
3 : [16, 18, 33, 49, 74, 80, 133, 182] (23)
4 : [56, 57, 77, 128, 167, 181, 196] (24)
5 : [5, 9, 11, 38, 42, 48, 70, 71, 78, 103, 137, 160] (24)
6 : [8, 14, 75, 104, 106, 120, 138, 159] (24)
7 : [32, 41, 43, 55, 59, 61, 67, 79, 84, 99, 108, 110, 134, 153, 173, 183] (24)
8 : [24, 97, 102, 113, 126, 149, 154, 172, 187, 199] (23)
9 : [66, 73, 105, 109, 116, 130, 146, 158, 176] (23)
10 : [4, 34, 35, 50, 101, 131, 142, 143, 150, 174] (24)
11 : [13, 17, 40, 46, 47, 68, 69, 85, 192, 194] (24)
12 : [20, 76, 81, 91, 111, 141, 184, 193, 195] (25)
13 : [6, 25, 39, 63, 65, 96, 117, 118, 119, 121, 123, 129, 145, 169] (24)
14 : [1, 3, 58, 88, 162, 177, 197] (25)
15 : [7, 31, 51, 72, 82, 152, 163, 189, 198] (26)
16 : [83, 90, 92, 136, 148, 155, 170, 179] (26)
17 : [15, 21, 62, 161, 165, 166, 168, 191] (25)
18 : [2, 52, 64, 86, 89, 94, 135, 175, 180] (27)
19 : [27, 37, 45, 54, 87, 164, 178, 185, 186] (26)
20 : [23, 112, 127, 139, 140, 147, 157, 188] (27)
