Name: 200-40-60
Time: 5.20584774017334 
Result: 8
Solution:  7 0 1 2 1 9 19 6 14 11 9 14 15 15 2 16 17 2 19 8 20 16 0 11 9 19 5 3 14 13 1 20 16 3 4 12 13 4 9 11 0 9 0 20 15 16 20 1 17 6 4 17 4 7 2 18 14 19 0 14 19 4 2 6 6 16 3 12 19 9 1 19 10 13 17 2 10 12 0 8 8 5 15 13 10 2 20 13 16 15 6 8 14 4 10 13 7 13 18 14 11 7 7 13 15 14 0 7 20 3 5 4 12 20 5 4 5 3 20 4 5 17 9 14 7 18 0 7 14 17 3 3 9 12 12 20 10 13 6 19 17 10 7 20 13 9 9 5 9 2 8 2 9 2 17 17 4 5 6 2 11 8 5 17 12 18 11 5 11 4 1 11 2 14 8 1 5 18 10 18 17 16 15 9 1 8 18 11 5 7 7 13 5 16 20 0 4 16 1 18
0 : [1, 22, 40, 42, 58, 78, 106, 126, 195] (45)
1 : [2, 4, 30, 47, 70, 170, 175, 184, 198] (44)
2 : [3, 14, 17, 54, 62, 75, 85, 149, 151, 153, 159, 172] (44)
3 : [27, 33, 66, 109, 117, 130, 131] (45)
4 : [34, 37, 50, 52, 61, 93, 111, 115, 119, 156, 169, 196] (46)
5 : [26, 81, 110, 114, 116, 120, 147, 157, 162, 167, 176, 188, 192] (45)
6 : [7, 49, 63, 64, 90, 138, 158] (46)
7 : [0, 53, 96, 101, 102, 107, 124, 127, 142, 189, 190] (46)
8 : [19, 79, 80, 91, 150, 161, 174, 185] (47)
9 : [5, 10, 24, 38, 41, 69, 122, 132, 145, 146, 148, 152, 183] (48)
10 : [72, 76, 84, 94, 136, 141, 178] (48)
11 : [9, 23, 39, 100, 160, 166, 168, 171, 187] (50)
12 : [35, 67, 77, 112, 133, 134, 164] (51)
13 : [29, 36, 73, 83, 87, 95, 97, 103, 137, 144, 191] (51)
14 : [8, 11, 28, 56, 59, 92, 99, 105, 123, 128, 173] (52)
15 : [12, 13, 44, 82, 89, 104, 182] (49)
16 : [15, 21, 32, 45, 65, 88, 181, 193, 197] (51)
17 : [16, 48, 51, 74, 121, 129, 140, 154, 155, 163, 180] (51)
18 : [55, 98, 125, 165, 177, 179, 186, 199] (51)
19 : [6, 18, 25, 57, 60, 68, 71, 139] (52)
20 : [20, 31, 43, 46, 86, 108, 113, 118, 135, 143, 194] (52)
