Name: 200-40-60
Time: 5.182036876678467 
Result: 7
Solution:  8 3 1 2 0 7 19 6 12 12 9 14 14 14 2 16 17 0 20 9 20 17 0 11 8 19 5 3 16 14 1 20 15 5 5 12 12 4 10 13 0 6 1 20 15 16 20 1 17 6 1 16 2 9 2 15 12 14 1 12 18 1 3 6 1 18 4 13 19 9 1 18 10 14 16 3 11 13 0 8 8 3 12 9 11 2 16 9 18 18 5 7 15 3 11 13 7 15 18 13 12 6 7 15 15 17 1 8 19 3 6 3 13 20 2 5 3 4 16 4 5 20 9 14 6 19 0 9 12 18 4 5 9 11 12 19 12 10 8 20 17 7 6 20 13 9 10 3 11 2 9 1 10 2 17 15 0 5 10 2 9 10 5 15 11 19 10 2 7 6 2 10 2 12 8 1 5 18 11 18 17 15 8 10 1 7 16 11 5 2 8 17 5 14 19 0 4 18 1 17
0 : [4, 17, 22, 40, 78, 126, 156, 195] (45)
1 : [2, 30, 42, 47, 50, 58, 61, 64, 70, 106, 151, 175, 184, 198] (44)
2 : [3, 14, 52, 54, 85, 114, 149, 153, 159, 167, 170, 172, 189] (45)
3 : [1, 27, 62, 75, 81, 93, 109, 111, 116, 147] (45)
4 : [37, 66, 117, 119, 130, 196] (44)
5 : [26, 33, 34, 90, 115, 120, 131, 157, 162, 176, 188, 192] (45)
6 : [7, 41, 49, 63, 101, 110, 124, 142, 169] (48)
7 : [5, 91, 96, 102, 141, 168, 185] (48)
8 : [0, 24, 79, 80, 107, 138, 174, 182, 190] (48)
9 : [10, 19, 53, 69, 83, 87, 122, 127, 132, 145, 150, 160] (48)
10 : [38, 72, 137, 146, 152, 158, 161, 166, 171, 183] (50)
11 : [23, 76, 84, 94, 133, 148, 164, 178, 187] (51)
12 : [8, 9, 35, 36, 56, 59, 82, 100, 128, 134, 136, 173] (50)
13 : [39, 67, 77, 95, 99, 112, 144] (50)
14 : [11, 12, 13, 29, 57, 73, 123, 193] (50)
15 : [32, 44, 55, 92, 97, 103, 104, 155, 163, 181] (50)
16 : [15, 28, 45, 51, 74, 86, 118, 186] (50)
17 : [16, 21, 48, 105, 140, 154, 180, 191, 199] (50)
18 : [60, 65, 71, 88, 89, 98, 129, 177, 179, 197] (51)
19 : [6, 25, 68, 108, 125, 135, 165, 194] (51)
20 : [18, 20, 31, 43, 46, 113, 121, 139, 143] (51)
