Name: 200-30-45
Time: 5.683712005615234 
Result: 5
Solution:  18 8 0 3 2 15 5 20 13 2 8 11 2 3 19 16 11 6 2 16 8 14 16 5 4 19 7 15 13 1 4 9 10 10 13 18 11 18 7 19 17 18 0 10 18 13 8 1 8 17 15 2 17 0 13 12 1 6 18 0 6 15 4 3 8 10 19 10 5 11 2 6 20 18 12 8 16 10 17 5 1 7 0 18 0 11 1 2 9 6 6 8 8 13 7 4 15 20 17 19 14 4 11 2 11 18 19 10 11 3 10 12 16 7 19 4 4 3 18 0 0 17 10 3 5 3 1 10 0 1 0 11 0 14 20 9 1 18 2 15 19 10 12 10 7 16 7 17 12 20 1 5 20 10 5 9 14 7 8 15 11 10 14 19 17 0 6 12 7 12 4 13 4 11 9 9 4 19 16 3 12 16 13 15 2 20 3 7 9 15 18 6 5 5 16 20 15 17 18 3
0 : [2, 42, 53, 59, 82, 84, 119, 120, 128, 130, 132, 165] (35)
1 : [29, 47, 56, 80, 86, 126, 129, 136, 150] (35)
2 : [4, 9, 12, 18, 51, 70, 87, 103, 138, 184] (35)
3 : [3, 13, 63, 109, 117, 123, 125, 179, 186, 199] (36)
4 : [24, 30, 62, 95, 101, 115, 116, 170, 172, 176] (35)
5 : [6, 23, 68, 79, 124, 151, 154, 192, 193] (36)
6 : [17, 57, 60, 71, 89, 90, 166, 191] (37)
7 : [26, 38, 81, 94, 113, 144, 146, 157, 168, 187] (36)
8 : [1, 10, 20, 46, 48, 64, 75, 91, 92, 158] (38)
9 : [31, 88, 135, 155, 174, 175, 188] (38)
10 : [32, 33, 43, 65, 67, 77, 107, 110, 122, 127, 141, 143, 153, 161] (39)
11 : [11, 16, 36, 69, 85, 102, 104, 108, 131, 160, 173] (39)
12 : [55, 74, 111, 142, 148, 167, 169, 180] (39)
13 : [8, 28, 34, 45, 54, 93, 171, 182] (39)
14 : [21, 100, 133, 156, 162] (40)
15 : [5, 27, 50, 61, 96, 139, 159, 183, 189, 196] (39)
16 : [15, 19, 22, 76, 112, 145, 178, 181, 194] (40)
17 : [40, 49, 52, 78, 98, 121, 147, 164, 197] (40)
18 : [0, 35, 37, 41, 44, 58, 73, 83, 105, 118, 137, 190, 198] (40)
19 : [14, 25, 39, 66, 99, 106, 114, 140, 163, 177] (40)
20 : [7, 72, 97, 134, 149, 152, 185, 195] (39)
