Name: 200-50-80
Time: 5.285813331604004 
Result: 9
Solution:  6 11 5 3 5 7 13 6 2 18 7 16 1 20 6 8 10 6 0 9 13 13 11 15 12 2 11 1 13 3 20 18 0 16 5 15 12 3 18 12 17 9 20 4 12 11 6 19 16 0 13 0 17 4 16 1 1 10 8 12 12 7 1 19 11 8 4 9 19 14 11 20 9 19 14 9 18 14 12 15 10 5 15 16 0 15 14 10 10 17 15 9 19 2 8 4 7 7 13 5 19 20 4 2 2 14 12 6 9 4 5 10 0 19 19 7 15 20 14 0 14 8 8 14 13 14 17 12 18 1 0 3 13 0 1 6 3 20 14 16 0 5 10 8 2 9 20 4 3 17 17 20 8 3 12 2 5 16 5 7 5 15 14 3 10 7 4 20 7 18 11 17 1 0 3 9 1 8 20 2 9 8 5 19 3 9 9 3 18 9 1 3 1 12 1 2 12 13 10 5
0 : [18, 32, 49, 51, 84, 112, 119, 130, 133, 140, 173] (62)
1 : [12, 27, 55, 56, 62, 129, 134, 172, 176, 190, 192, 194] (61)
2 : [8, 25, 93, 103, 104, 144, 155, 179, 195] (61)
3 : [3, 29, 37, 131, 136, 148, 153, 163, 174, 184, 187, 191] (62)
4 : [43, 53, 66, 95, 102, 109, 147, 166] (63)
5 : [2, 4, 34, 81, 99, 110, 141, 156, 158, 160, 182, 199] (63)
6 : [0, 7, 14, 17, 46, 107, 135] (63)
7 : [5, 10, 61, 96, 97, 115, 159, 165, 168] (61)
8 : [15, 58, 65, 94, 121, 122, 143, 152, 177, 181] (62)
9 : [19, 41, 67, 72, 75, 91, 108, 145, 175, 180, 185, 186, 189] (65)
10 : [16, 57, 80, 87, 88, 111, 142, 164, 198] (67)
11 : [1, 22, 26, 45, 64, 70, 170] (65)
12 : [24, 36, 39, 44, 59, 60, 78, 106, 127, 154, 193, 196] (65)
13 : [6, 20, 21, 28, 50, 98, 124, 132, 197] (68)
14 : [69, 74, 77, 86, 105, 118, 120, 123, 125, 138, 162] (67)
15 : [23, 35, 79, 82, 85, 90, 116, 161] (70)
16 : [11, 33, 48, 54, 83, 139, 157] (69)
17 : [40, 52, 89, 126, 149, 150, 171] (70)
18 : [9, 31, 38, 76, 128, 169, 188] (70)
19 : [47, 63, 68, 73, 92, 100, 113, 114, 183] (70)
20 : [13, 30, 42, 71, 101, 117, 137, 146, 151, 167, 178] (70)
