Name: 400-30-45
Time: 11.36103081703186 
Result: 9
Solution:  3 37 16 38 1 3 37 22 14 38 21 4 22 22 0 40 26 10 6 21 3 30 18 17 34 3 28 20 4 9 38 17 32 21 3 28 25 26 13 13 2 1 33 13 35 31 24 8 1 20 23 35 38 30 31 17 23 38 0 6 25 31 38 17 24 5 5 9 28 11 24 20 23 21 16 39 7 23 15 8 1 17 12 7 28 19 40 39 29 4 32 20 40 10 29 11 25 23 16 27 35 34 27 4 18 33 36 17 18 5 28 0 6 1 2 2 13 33 10 40 18 4 37 23 0 34 7 0 22 18 33 25 7 6 34 3 0 2 20 8 14 12 35 14 15 15 20 3 20 10 36 31 2 27 23 13 39 16 14 27 19 21 1 34 15 5 12 16 35 36 26 11 10 16 15 26 29 11 23 29 15 8 6 20 17 24 25 15 5 36 30 10 23 7 6 3 3 30 15 7 21 22 19 19 37 36 18 34 34 23 23 12 39 11 16 9 31 11 18 37 28 33 20 33 37 2 16 2 5 36 18 34 14 29 38 27 40 28 2 13 28 6 23 28 22 27 1 12 31 34 34 13 29 32 8 38 21 13 35 32 0 10 8 3 35 17 39 18 10 30 7 35 31 7 5 18 19 39 12 7 34 24 32 18 27 24 23 16 17 23 19 10 14 28 9 19 30 25 20 5 39 8 37 23 8 20 16 1 28 21 33 3 7 0 29 28 28 21 8 21 26 6 22 30 10 35 12 8 4 31 37 13 4 13 3 13 15 14 6 31 7 3 37 6 9 18 38 35 27 37 1 36 26 34 14 31 31 18 22 29 29 13 8 24 26 32 1 17 22 16 20 11 11 22 26 31 34 30 11 33 30 12 11 28 38 26 33 6 9 26 40 32 39 0 17 38 12 33 8 8
0 : [14, 58, 111, 124, 127, 136, 260, 313, 393] (33)
1 : [4, 41, 48, 80, 113, 162, 246, 307, 350, 366] (32)
2 : [40, 114, 115, 137, 152, 225, 227, 238] (32)
3 : [0, 5, 20, 25, 34, 135, 147, 195, 196, 263, 311, 334, 341] (32)
4 : [11, 28, 89, 103, 121, 328, 332] (34)
5 : [65, 66, 109, 165, 188, 228, 274, 299] (33)
6 : [18, 59, 112, 133, 182, 194, 241, 321, 338, 343, 387] (34)
7 : [76, 83, 126, 132, 193, 199, 270, 273, 279, 312, 340] (33)
8 : [47, 79, 139, 181, 254, 262, 301, 304, 318, 327, 362, 398, 399] (33)
9 : [29, 67, 215, 294, 344, 388] (34)
10 : [17, 93, 118, 149, 172, 191, 261, 268, 291, 324] (34)
11 : [69, 95, 171, 177, 213, 217, 371, 372, 378, 382] (34)
12 : [82, 141, 166, 211, 247, 278, 326, 381, 396] (35)
13 : [38, 39, 43, 116, 155, 239, 251, 257, 331, 333, 335, 361] (35)
14 : [8, 140, 143, 158, 232, 292, 337, 354] (35)
15 : [78, 144, 145, 164, 174, 180, 187, 198, 336] (35)
16 : [2, 74, 98, 157, 167, 173, 214, 226, 287, 306, 369] (35)
17 : [23, 31, 55, 63, 81, 107, 184, 265, 288, 367, 394] (35)
18 : [22, 104, 108, 120, 129, 206, 218, 230, 267, 275, 283, 345, 357] (35)
19 : [85, 160, 202, 203, 276, 290, 295] (36)
20 : [27, 49, 71, 91, 138, 146, 148, 183, 222, 298, 305, 370] (36)
21 : [10, 19, 33, 73, 161, 200, 256, 309, 317, 319] (36)
22 : [7, 12, 13, 128, 201, 244, 322, 358, 368, 373] (37)
23 : [50, 56, 72, 77, 97, 123, 154, 178, 192, 209, 210, 242, 286, 289, 303] (37)
24 : [46, 64, 70, 185, 281, 285, 363] (39)
25 : [36, 60, 96, 131, 186, 297] (37)
26 : [16, 37, 170, 175, 320, 352, 364, 374, 385, 389] (39)
27 : [99, 102, 153, 159, 235, 245, 284, 348] (38)
28 : [26, 35, 68, 84, 110, 220, 237, 240, 243, 293, 308, 315, 316, 383] (39)
29 : [88, 94, 176, 179, 233, 252, 314, 359, 360] (39)
30 : [21, 53, 190, 197, 269, 296, 323, 377, 380] (40)
31 : [45, 54, 61, 151, 216, 248, 272, 329, 339, 355, 356, 375] (40)
32 : [32, 90, 253, 259, 282, 365, 391] (40)
33 : [42, 105, 117, 130, 221, 223, 310, 379, 386, 397] (41)
34 : [24, 101, 125, 134, 163, 207, 208, 231, 249, 250, 280, 353, 376] (40)
35 : [44, 51, 100, 142, 168, 258, 264, 271, 325, 347] (40)
36 : [106, 150, 169, 189, 205, 229, 351] (41)
37 : [1, 6, 122, 204, 219, 224, 302, 330, 342, 349] (41)
38 : [3, 9, 30, 52, 57, 62, 234, 255, 346, 384, 395] (41)
39 : [75, 87, 156, 212, 266, 277, 300, 392] (41)
40 : [15, 86, 92, 119, 236, 390] (41)
