Name: 400-40-60
Time: 11.615519523620605 
Result: 14
Solution:  10 33 14 15 20 36 8 34 33 17 19 18 19 16 6 33 5 16 3 21 37 15 38 10 29 9 40 5 7 20 5 12 25 6 11 7 18 37 26 22 16 40 11 8 15 1 32 20 10 6 33 2 0 30 12 26 39 5 25 9 9 16 39 40 7 4 9 28 39 32 23 5 10 18 15 13 37 22 18 17 0 24 23 31 22 20 23 7 7 30 5 19 2 29 15 21 17 0 11 14 35 24 40 23 40 5 14 13 18 5 0 8 25 12 25 0 29 15 35 33 17 19 30 39 6 20 23 16 25 33 9 21 27 22 38 25 29 27 30 31 2 11 24 36 23 16 29 3 13 23 12 21 14 32 8 30 5 14 28 20 15 25 25 31 37 3 6 13 33 32 14 19 23 1 20 33 2 23 5 12 31 5 17 7 4 9 39 30 24 22 17 32 32 13 9 31 26 11 9 13 34 28 4 17 10 26 12 25 16 12 31 33 20 38 34 36 18 9 38 0 4 30 13 32 26 6 38 19 1 12 29 28 36 26 15 18 17 0 34 15 35 40 9 7 8 25 19 22 37 40 18 39 2 18 10 17 29 35 27 31 28 2 37 29 26 21 8 20 3 8 28 11 24 11 31 33 0 40 39 28 12 32 37 4 18 9 23 35 32 23 22 30 37 24 11 11 10 37 31 4 28 3 18 31 19 37 33 33 22 10 0 5 38 22 3 40 5 38 6 32 5 27 5 2 24 40 36 7 37 24 3 29 1 17 23 18 2 27 40 32 0 9 3 18 28 35 21 34 25 5 3 36 3 28 4 36 23 27 9 9 6 16 17 20 15 40 27 5 26 12 32 9 39 24 29 2 2 17 25 10 24 9 1 36 26 13 23 13 31 30 12 30 31 39 24 6 25 13 1 19
0 : [52, 80, 97, 110, 115, 219, 237, 276, 310, 340] (45)
1 : [45, 173, 228, 332, 382, 398] (47)
2 : [51, 92, 140, 176, 252, 261, 323, 336, 375, 376] (44)
3 : [18, 147, 165, 268, 301, 314, 330, 342, 350, 352] (45)
4 : [65, 184, 202, 220, 283, 299, 354] (43)
5 : [16, 27, 30, 57, 71, 90, 105, 109, 156, 178, 181, 311, 316, 320, 322, 349, 367] (43)
6 : [14, 33, 49, 124, 166, 225, 318, 360, 395] (44)
7 : [28, 35, 64, 87, 88, 183, 243, 327] (43)
8 : [6, 43, 111, 154, 244, 266, 269] (43)
9 : [25, 59, 60, 66, 130, 185, 194, 198, 217, 242, 285, 341, 358, 359, 371, 381] (43)
10 : [0, 23, 48, 72, 204, 254, 296, 309, 379] (45)
11 : [34, 42, 98, 141, 197, 271, 273, 294, 295] (46)
12 : [31, 54, 113, 150, 179, 206, 209, 229, 280, 369, 390] (47)
13 : [75, 107, 148, 167, 193, 199, 222, 385, 387, 397] (48)
14 : [2, 99, 106, 152, 157, 170] (49)
15 : [3, 21, 44, 74, 94, 117, 160, 234, 239, 364] (51)
16 : [13, 17, 40, 61, 127, 145, 208, 361] (49)
17 : [9, 79, 96, 120, 182, 190, 203, 236, 255, 333, 362, 377] (51)
18 : [11, 36, 73, 78, 108, 216, 235, 250, 253, 284, 302, 335, 343] (50)
19 : [10, 12, 91, 121, 171, 227, 246, 304, 399] (54)
20 : [4, 29, 47, 85, 125, 159, 174, 212, 267, 363] (49)
21 : [19, 95, 131, 151, 265, 346] (52)
22 : [39, 77, 84, 133, 189, 247, 290, 308, 313] (52)
23 : [70, 82, 86, 103, 126, 144, 149, 172, 177, 286, 289, 334, 356, 386] (53)
24 : [81, 101, 142, 188, 272, 293, 324, 329, 373, 380, 394] (53)
25 : [32, 58, 112, 114, 128, 135, 161, 162, 207, 245, 348, 378, 396] (54)
26 : [38, 55, 196, 205, 224, 233, 264, 368, 384] (55)
27 : [132, 137, 258, 321, 337, 357, 366] (57)
28 : [67, 158, 201, 231, 260, 270, 279, 300, 344, 353] (55)
29 : [24, 93, 116, 136, 146, 230, 256, 263, 331, 374] (55)
30 : [53, 89, 122, 138, 155, 187, 221, 291, 389, 391] (55)
31 : [83, 139, 163, 180, 195, 210, 259, 274, 298, 303, 388, 392] (56)
32 : [46, 69, 153, 169, 191, 192, 223, 281, 288, 319, 339, 370] (55)
33 : [1, 8, 15, 50, 119, 129, 168, 175, 211, 275, 306, 307] (56)
34 : [7, 200, 214, 238, 347] (57)
35 : [100, 118, 240, 257, 287, 345] (56)
36 : [5, 143, 215, 232, 326, 351, 355, 383] (56)
37 : [20, 37, 76, 164, 248, 262, 282, 292, 297, 305, 328] (57)
38 : [22, 134, 213, 218, 226, 312, 317] (57)
39 : [56, 62, 68, 123, 186, 251, 278, 372, 393] (57)
40 : [26, 41, 63, 102, 104, 241, 249, 277, 315, 325, 338, 365] (56)
