Name: 400-30-45
Time: 11.394615411758423 
Result: 9
Solution:  3 37 16 40 1 3 34 22 14 39 22 1 22 22 0 40 26 10 5 17 7 33 19 14 33 0 27 20 6 9 38 19 34 22 0 29 26 25 11 16 4 0 30 11 35 30 24 8 1 19 25 35 40 31 33 20 25 37 0 5 26 31 38 16 24 5 6 10 28 11 24 19 23 19 12 38 7 24 15 7 1 15 10 7 27 17 39 39 28 4 33 20 39 13 28 11 24 22 18 30 34 33 28 7 19 32 35 21 18 2 28 0 7 1 2 2 13 36 11 38 18 7 37 25 4 36 2 0 22 20 32 25 7 1 33 5 0 2 20 9 13 12 35 15 15 15 19 2 20 11 40 28 3 27 25 13 36 16 14 27 20 23 0 30 15 6 14 16 37 38 27 14 12 16 16 27 33 10 23 29 13 7 7 22 18 24 29 14 6 37 29 11 23 8 3 3 7 31 18 7 21 24 17 19 35 36 18 33 32 25 21 14 38 9 16 12 30 14 20 39 29 28 21 32 40 3 16 0 7 35 17 34 14 31 36 27 39 27 3 13 25 11 21 26 20 29 2 9 33 34 33 11 29 32 8 38 22 8 34 32 0 10 8 2 34 18 38 18 10 30 7 38 31 8 6 18 17 39 15 5 36 23 38 18 25 24 24 16 20 23 21 11 15 29 9 19 31 25 20 5 36 8 40 24 8 21 16 1 24 23 32 3 3 0 26 29 27 22 8 21 25 7 22 31 11 35 11 8 4 27 38 9 6 19 4 12 15 13 7 31 3 3 37 10 9 19 39 40 29 37 1 36 23 36 11 29 27 19 25 30 28 14 8 26 27 31 1 17 23 17 22 14 11 18 23 30 34 32 13 33 31 12 13 29 35 21 31 5 9 26 40 35 36 0 13 37 12 32 8 5
0 : [14, 25, 34, 41, 58, 111, 127, 136, 162, 227, 260, 313, 393] (32)
1 : [4, 11, 48, 80, 113, 133, 307, 350, 366] (32)
2 : [109, 114, 115, 126, 137, 147, 246, 263] (32)
3 : [0, 5, 152, 194, 195, 225, 238, 311, 312, 340, 341] (32)
4 : [40, 89, 124, 328, 334] (33)
5 : [18, 59, 65, 135, 279, 299, 387, 399] (32)
6 : [28, 66, 165, 188, 274, 332] (33)
7 : [20, 76, 79, 83, 103, 112, 121, 132, 181, 182, 196, 199, 228, 270, 321, 338] (33)
8 : [47, 193, 254, 257, 262, 273, 301, 304, 318, 327, 362, 398] (34)
9 : [29, 139, 213, 247, 294, 331, 344, 388] (34)
10 : [17, 67, 82, 177, 261, 268, 343] (33)
11 : [38, 43, 69, 95, 118, 149, 191, 241, 251, 291, 324, 326, 354, 372] (34)
12 : [74, 141, 172, 215, 335, 381, 396] (34)
13 : [93, 116, 140, 155, 180, 239, 337, 378, 382, 394] (33)
14 : [8, 23, 158, 166, 171, 187, 211, 217, 232, 361, 371] (34)
15 : [78, 81, 143, 144, 145, 164, 278, 292, 336] (35)
16 : [2, 39, 63, 157, 167, 173, 174, 214, 226, 287, 306] (36)
17 : [19, 85, 202, 230, 276, 367, 369] (35)
18 : [98, 108, 120, 184, 198, 206, 265, 267, 275, 283, 373] (35)
19 : [22, 31, 49, 71, 73, 104, 146, 203, 295, 333, 345, 357] (36)
20 : [27, 55, 91, 129, 138, 148, 160, 218, 244, 288, 298] (37)
21 : [107, 200, 210, 222, 242, 290, 305, 319, 385] (37)
22 : [7, 10, 12, 13, 33, 97, 128, 183, 256, 317, 322, 370] (38)
23 : [72, 161, 178, 192, 281, 289, 309, 352, 368, 374] (38)
24 : [46, 64, 70, 77, 96, 185, 201, 285, 286, 303, 308] (38)
25 : [37, 50, 56, 123, 131, 154, 209, 240, 284, 297, 320, 358] (39)
26 : [16, 36, 60, 243, 314, 363, 389] (38)
27 : [26, 84, 153, 159, 170, 175, 235, 237, 316, 329, 356, 364] (40)
28 : [68, 88, 94, 102, 110, 151, 221, 360] (39)
29 : [35, 179, 186, 190, 220, 245, 252, 293, 315, 348, 355, 383] (39)
30 : [42, 45, 99, 163, 216, 269, 359, 375] (40)
31 : [53, 61, 197, 233, 272, 296, 323, 339, 365, 380, 386] (40)
32 : [105, 130, 208, 223, 253, 259, 310, 377, 397] (41)
33 : [21, 24, 54, 90, 101, 134, 176, 207, 248, 250, 379] (41)
34 : [6, 32, 100, 231, 249, 258, 264, 376] (40)
35 : [44, 51, 106, 142, 204, 229, 325, 384, 391] (41)
36 : [117, 125, 156, 205, 234, 280, 300, 351, 353, 392] (41)
37 : [1, 57, 122, 168, 189, 342, 349, 395] (41)
38 : [30, 62, 75, 119, 169, 212, 255, 266, 271, 282, 330] (40)
39 : [9, 86, 87, 92, 219, 236, 277, 346] (41)
40 : [3, 15, 52, 150, 224, 302, 347, 390] (41)
