Name: 400-20-30
Time: 11.375311613082886 
Result: 8
Solution:  0 36 26 5 13 3 11 33 11 35 39 18 20 18 26 33 2 22 0 13 33 17 38 35 0 38 7 2 16 33 33 19 38 10 22 11 20 2 1 37 35 36 15 26 31 30 14 11 4 13 5 28 33 1 14 34 19 26 38 10 16 18 31 17 38 31 25 27 19 2 21 20 15 39 11 2 27 11 7 12 8 21 21 9 25 26 1 22 16 33 34 29 36 29 23 7 17 7 21 19 20 30 19 24 27 6 16 31 36 29 8 0 37 14 27 5 21 23 25 12 28 18 29 40 9 19 29 26 19 31 36 15 0 19 9 32 0 5 40 31 27 40 23 37 12 5 18 11 17 32 26 37 15 19 29 28 25 14 13 1 21 11 39 24 6 10 20 18 32 25 10 14 8 37 19 20 13 19 0 14 11 25 30 32 35 5 27 8 36 20 29 30 24 3 27 34 26 16 16 16 29 36 32 17 17 21 7 25 37 17 3 18 21 24 20 2 8 28 10 30 28 37 22 39 23 14 32 11 12 2 9 9 26 31 3 39 2 19 23 35 10 26 11 35 4 14 28 39 6 34 11 3 39 33 1 1 0 15 27 11 28 34 12 5 16 23 5 13 37 24 33 7 12 0 7 9 5 3 10 32 8 4 37 27 13 36 35 40 34 12 23 37 27 2 10 6 31 17 22 6 3 32 29 2 23 1 36 12 32 28 35 0 40 21 14 8 24 15 5 9 40 7 10 13 24 3 25 16 0 19 33 35 17 34 30 39 40 22 40 28 13 24 0 10 17 39 10 39 30 15 37 22 5 3 21 1 10 24 19 24 23 36 34 23 9 37 6 35 37 4 9 29 16 23 32 28 30 2 24 38 5 15 22 38 1 20 29 1 22 28 20 5 4 38 29 17 28 5 0 20
0 : [0, 18, 24, 111, 132, 136, 178, 256, 273, 311, 328, 342, 398] (20)
1 : [38, 53, 86, 159, 254, 255, 305, 355, 384, 387] (20)
2 : [16, 27, 37, 69, 75, 215, 229, 236, 293, 303, 377] (20)
3 : [5, 193, 210, 234, 251, 277, 300, 325, 353] (21)
4 : [48, 244, 281, 369, 392] (20)
5 : [3, 50, 115, 137, 145, 185, 263, 266, 276, 318, 352, 380, 391, 397] (21)
6 : [105, 164, 248, 295, 299, 366] (22)
7 : [26, 78, 95, 97, 206, 271, 274, 321] (22)
8 : [80, 110, 172, 187, 216, 280, 315] (22)
9 : [83, 124, 134, 230, 231, 275, 319, 364, 370] (20)
10 : [33, 59, 165, 170, 218, 240, 278, 294, 322, 343, 346, 356] (23)
11 : [6, 8, 35, 47, 74, 77, 147, 161, 180, 227, 242, 250, 259] (24)
12 : [79, 119, 144, 228, 262, 272, 289, 307] (24)
13 : [4, 19, 49, 158, 176, 267, 284, 323, 340] (24)
14 : [46, 54, 113, 157, 171, 179, 225, 245, 314] (24)
15 : [42, 72, 131, 152, 257, 317, 349, 381] (24)
16 : [28, 60, 88, 106, 197, 198, 199, 264, 327, 372] (24)
17 : [21, 63, 96, 148, 203, 204, 209, 297, 332, 344, 395] (24)
18 : [11, 13, 61, 121, 146, 167, 211] (24)
19 : [31, 56, 68, 99, 102, 125, 128, 133, 153, 174, 177, 237, 329, 358] (24)
20 : [12, 36, 71, 100, 166, 175, 189, 214, 385, 390, 399] (26)
21 : [70, 81, 82, 98, 116, 160, 205, 212, 313, 354] (25)
22 : [17, 34, 87, 222, 298, 337, 351, 382, 388] (25)
23 : [94, 117, 142, 224, 238, 265, 290, 304, 360, 363, 373] (26)
24 : [103, 163, 192, 213, 269, 316, 324, 341, 357, 359, 378] (26)
25 : [66, 84, 118, 156, 169, 181, 207, 326] (27)
26 : [2, 14, 43, 57, 85, 127, 150, 196, 232, 241] (27)
27 : [67, 76, 104, 114, 140, 186, 194, 258, 283, 292] (28)
28 : [51, 120, 155, 217, 220, 246, 260, 309, 339, 375, 389, 396] (27)
29 : [91, 93, 109, 122, 126, 154, 190, 200, 302, 371, 386, 394] (27)
30 : [45, 101, 182, 191, 219, 334, 348, 376] (27)
31 : [44, 62, 65, 107, 129, 139, 233, 296] (27)
32 : [135, 149, 168, 183, 202, 226, 279, 301, 308, 374] (27)
33 : [7, 15, 20, 29, 30, 52, 89, 253, 270, 330] (28)
34 : [55, 90, 195, 249, 261, 288, 333, 362] (28)
35 : [9, 23, 40, 184, 239, 243, 286, 310, 331, 367] (28)
36 : [1, 41, 92, 108, 130, 188, 201, 285, 306, 361] (27)
37 : [39, 112, 143, 151, 173, 208, 221, 268, 282, 291, 350, 365, 368] (27)
38 : [22, 25, 32, 58, 64, 379, 383, 393] (27)
39 : [10, 73, 162, 223, 235, 247, 252, 335, 345, 347] (27)
40 : [123, 138, 141, 287, 312, 320, 336, 338] (27)
