Name: 400-50-80
Time: 11.275023698806763 
Result: 20
Solution:  18 8 39 15 15 11 8 33 21 15 10 34 28 28 1 30 19 9 36 11 25 8 11 17 30 20 10 19 15 10 23 21 32 16 24 22 0 9 4 16 30 12 34 9 33 4 2 33 39 0 30 33 19 7 33 35 3 25 17 22 15 17 29 8 31 20 11 9 38 35 0 20 14 32 36 18 33 19 36 12 5 37 32 12 21 31 18 14 28 25 39 36 11 29 26 26 10 3 2 37 15 14 36 24 18 40 27 40 1 10 30 4 6 1 31 35 11 21 20 15 26 33 30 0 0 29 20 38 25 34 1 32 17 27 23 14 13 27 23 35 11 23 38 8 7 40 15 29 15 0 17 18 20 11 39 35 11 7 31 6 6 35 8 28 34 18 18 22 9 2 36 14 4 33 17 35 37 40 32 4 27 11 29 2 33 7 22 33 8 24 5 37 3 29 26 10 22 5 33 27 26 17 34 12 34 27 12 36 40 28 4 6 22 5 20 12 32 1 29 9 5 6 31 10 39 38 24 30 21 35 11 16 1 3 35 33 12 31 22 28 2 8 0 34 18 26 21 24 17 8 36 20 21 14 10 39 7 27 32 35 0 0 1 6 30 27 6 26 17 24 21 4 16 13 6 23 17 32 21 6 38 3 6 19 5 14 11 6 8 10 3 16 12 7 13 19 37 0 13 4 3 0 36 34 37 25 5 14 9 26 31 24 19 19 27 23 25 27 20 32 7 2 8 2 3 7 33 23 14 17 38 37 39 16 7 22 6 25 29 31 25 15 0 16 14 10 37 14 23 33 26 2 32 18 15 6 13 0 25 28 29 11 32 27 12 24 12 10 24 13 29 21 32 5 38 2 28 0 40 5 21 38 26 27 0 39 27 24 20 40 36 27 39 13 39 0 34 6 3 20
0 : [36, 49, 70, 123, 124, 149, 242, 260, 261, 297, 301, 342, 357, 377, 384, 395] (56)
1 : [14, 108, 113, 130, 217, 232, 262] (58)
2 : [46, 98, 169, 183, 240, 321, 323, 351, 375] (59)
3 : [56, 97, 192, 233, 281, 290, 300, 324, 398] (58)
4 : [38, 45, 111, 172, 179, 210, 271, 299] (58)
5 : [80, 190, 197, 213, 220, 284, 306, 373, 379] (60)
6 : [112, 159, 160, 211, 221, 263, 266, 274, 279, 282, 287, 336, 355, 397] (60)
7 : [53, 144, 157, 185, 256, 293, 320, 325, 334] (60)
8 : [1, 6, 21, 63, 143, 162, 188, 241, 249, 288, 322] (61)
9 : [17, 37, 43, 67, 168, 219, 308] (61)
10 : [10, 26, 29, 96, 109, 195, 223, 254, 289, 345, 367] (61)
11 : [5, 19, 22, 66, 92, 116, 140, 153, 156, 181, 230, 286, 361] (61)
12 : [41, 79, 83, 203, 206, 215, 236, 292, 364, 366] (63)
13 : [136, 273, 294, 298, 356, 369, 393] (62)
14 : [72, 87, 101, 135, 171, 253, 285, 307, 328, 344, 347] (65)
15 : [3, 4, 9, 28, 60, 100, 119, 146, 148, 341, 354] (63)
16 : [33, 39, 231, 272, 291, 333, 343] (65)
17 : [23, 58, 61, 132, 150, 174, 201, 248, 268, 276, 329] (66)
18 : [0, 75, 86, 104, 151, 165, 166, 244, 353] (68)
19 : [16, 27, 52, 77, 283, 295, 312, 313] (68)
20 : [25, 65, 71, 118, 126, 152, 214, 251, 318, 388, 399] (68)
21 : [8, 31, 84, 117, 228, 246, 252, 270, 278, 371, 380] (69)
22 : [35, 59, 167, 186, 196, 212, 238, 335] (69)
23 : [30, 134, 138, 141, 275, 315, 327, 348] (69)
24 : [34, 103, 189, 226, 247, 269, 311, 365, 368, 387] (71)
25 : [20, 57, 89, 128, 305, 316, 337, 340, 358] (72)
26 : [94, 95, 120, 194, 200, 245, 267, 309, 350, 382] (71)
27 : [106, 133, 137, 180, 199, 205, 257, 265, 314, 317, 363, 383, 386, 391] (70)
28 : [12, 13, 88, 163, 209, 239, 359, 376] (71)
29 : [62, 93, 125, 147, 182, 193, 218, 338, 360, 370] (72)
30 : [15, 24, 40, 50, 110, 122, 227, 264] (72)
31 : [64, 85, 114, 158, 222, 237, 310, 339] (73)
32 : [32, 73, 82, 131, 178, 216, 258, 277, 319, 352, 362, 372] (73)
33 : [7, 44, 47, 51, 54, 76, 121, 173, 184, 187, 198, 235, 326, 349] (76)
34 : [11, 42, 129, 164, 202, 204, 243, 303, 396] (75)
35 : [55, 69, 115, 139, 155, 161, 175, 229, 234, 259] (76)
36 : [18, 74, 78, 91, 102, 170, 207, 250, 302, 390] (75)
37 : [81, 99, 176, 191, 296, 304, 331, 346] (75)
38 : [68, 127, 142, 225, 280, 330, 374, 381] (76)
39 : [2, 48, 90, 154, 224, 255, 332, 385, 392, 394] (75)
40 : [105, 107, 145, 177, 208, 378, 389] (74)
