Name: 400-40-60
Time: 11.688873052597046 
Result: 15
Solution:  11 34 15 16 20 37 6 33 31 16 19 16 19 16 6 31 5 13 4 23 38 15 37 11 26 8 40 5 8 20 4 12 24 5 11 7 19 37 26 23 13 40 8 7 15 1 31 20 10 6 30 2 2 28 13 27 39 5 26 13 9 17 39 40 4 5 5 28 38 29 23 5 12 18 14 13 39 21 18 17 0 26 24 31 22 18 25 5 8 28 5 18 2 32 15 25 17 2 11 14 36 24 40 23 40 5 14 12 18 8 0 7 21 17 25 2 29 15 32 33 16 19 30 40 6 21 21 17 19 33 7 24 29 22 36 27 29 27 29 31 1 10 24 39 23 15 26 9 10 24 11 21 14 30 9 29 5 10 26 22 14 25 25 31 38 4 6 17 31 32 14 20 23 4 20 37 2 22 4 15 32 7 17 9 4 9 39 32 24 22 17 36 29 12 8 34 28 8 5 18 35 28 3 17 6 26 15 24 15 13 29 31 21 36 34 33 17 7 39 1 4 31 12 34 29 8 38 15 1 12 28 29 36 26 18 18 22 2 35 14 34 39 9 2 8 25 18 21 36 39 18 34 2 18 10 15 30 34 25 31 30 2 37 30 25 21 9 20 3 6 28 11 28 10 30 36 0 40 39 27 10 31 37 1 20 6 22 35 33 26 20 29 35 26 9 11 10 36 30 4 32 3 19 32 18 36 35 36 23 12 0 4 34 23 7 40 5 40 5 29 4 27 4 3 20 39 40 7 37 23 4 28 3 17 22 23 0 27 40 40 0 9 2 18 29 35 21 33 24 4 3 35 3 32 3 37 23 32 7 9 8 19 17 20 15 38 28 4 26 12 29 9 39 23 27 3 3 16 25 10 22 9 2 35 25 11 23 14 31 31 12 29 31 39 23 11 25 13 2 16
0 : [80, 110, 276, 310, 336, 340] (44)
1 : [45, 140, 219, 228, 283] (46)
2 : [51, 52, 92, 97, 115, 176, 237, 243, 252, 261, 342, 382, 398] (44)
3 : [202, 268, 301, 323, 332, 350, 352, 354, 375, 376] (44)
4 : [18, 30, 64, 165, 173, 178, 184, 220, 299, 311, 320, 322, 330, 349, 367] (44)
5 : [16, 27, 33, 57, 65, 66, 71, 87, 90, 105, 156, 198, 316, 318] (44)
6 : [6, 14, 49, 124, 166, 204, 269, 285] (45)
7 : [35, 43, 111, 130, 181, 217, 314, 327, 358] (44)
8 : [25, 28, 42, 88, 109, 194, 197, 225, 244, 360] (44)
9 : [60, 147, 154, 183, 185, 242, 266, 294, 341, 359, 371, 381] (44)
10 : [48, 141, 148, 157, 254, 273, 280, 296, 379] (47)
11 : [0, 23, 34, 98, 150, 271, 295, 385, 395] (47)
12 : [31, 72, 107, 193, 222, 229, 309, 369, 390] (47)
13 : [17, 40, 54, 59, 75, 209, 397] (47)
14 : [74, 99, 106, 152, 160, 170, 239, 387] (51)
15 : [2, 21, 44, 94, 117, 145, 179, 206, 208, 227, 255, 364] (48)
16 : [3, 9, 11, 13, 120, 377, 399] (48)
17 : [61, 79, 96, 113, 127, 167, 182, 190, 203, 216, 333, 362] (49)
18 : [73, 78, 85, 91, 108, 199, 234, 235, 246, 250, 253, 304, 343] (50)
19 : [10, 12, 36, 121, 128, 302, 361] (49)
20 : [4, 29, 47, 171, 174, 267, 284, 290, 324, 363] (49)
21 : [77, 112, 125, 126, 151, 212, 247, 265, 346] (50)
22 : [84, 133, 159, 177, 189, 236, 286, 334, 380] (52)
23 : [19, 39, 70, 103, 144, 172, 308, 313, 329, 335, 356, 373, 386, 394] (52)
24 : [32, 82, 101, 131, 142, 149, 188, 207, 348] (52)
25 : [86, 95, 114, 161, 162, 245, 258, 264, 378, 384, 396] (53)
26 : [24, 38, 58, 81, 146, 158, 205, 233, 289, 293, 368] (54)
27 : [55, 135, 137, 279, 321, 337, 374] (54)
28 : [53, 67, 89, 196, 201, 230, 270, 272, 331, 366] (56)
29 : [69, 116, 132, 136, 138, 155, 192, 210, 224, 231, 291, 319, 344, 370, 391] (55)
30 : [50, 122, 153, 256, 260, 263, 274, 298] (55)
31 : [8, 15, 46, 83, 139, 163, 168, 211, 221, 259, 281, 388, 389, 392] (56)
32 : [93, 118, 169, 180, 187, 300, 303, 353, 357] (57)
33 : [7, 119, 129, 215, 288, 347] (58)
34 : [1, 195, 214, 223, 240, 251, 257, 312] (57)
35 : [200, 238, 287, 292, 306, 345, 351, 383] (57)
36 : [100, 134, 191, 213, 232, 248, 275, 297, 305, 307] (58)
37 : [5, 22, 37, 175, 262, 282, 328, 355] (58)
38 : [20, 68, 164, 226, 365] (59)
39 : [56, 62, 76, 143, 186, 218, 241, 249, 278, 325, 372, 393] (58)
40 : [26, 41, 63, 102, 104, 123, 277, 315, 317, 326, 338, 339] (57)
