Name: 400-20-30
Time: 11.054950714111328 
Result: 8
Solution:  1 36 26 5 17 6 10 31 10 34 39 14 21 18 27 33 2 23 0 15 35 16 39 35 0 38 8 5 15 27 35 19 37 7 24 8 23 2 1 40 34 32 14 26 31 29 14 13 2 13 5 29 33 5 14 34 17 31 37 8 18 17 32 14 38 31 24 25 20 2 21 22 18 39 11 2 28 12 8 11 9 17 21 9 24 26 2 22 15 33 34 34 36 29 23 6 19 7 22 19 20 34 19 24 23 7 18 35 35 31 8 1 38 14 27 6 16 24 25 12 31 17 33 38 7 17 30 28 23 29 36 16 0 19 9 33 0 5 40 32 25 37 25 38 12 3 20 11 16 32 29 36 15 20 30 27 24 16 13 1 21 11 40 24 5 11 19 21 31 22 10 12 6 38 17 23 18 16 0 18 10 25 31 31 33 5 27 8 36 18 28 28 21 3 27 35 27 15 14 16 29 38 34 12 16 20 4 26 36 13 6 18 22 25 20 3 9 28 10 30 26 33 22 40 25 15 30 9 13 2 7 9 27 30 0 37 2 20 26 35 10 30 10 33 0 13 29 39 5 36 11 3 37 33 1 0 4 14 28 9 28 31 13 1 16 24 7 9 38 21 33 3 13 0 6 7 7 3 9 29 8 9 39 26 10 40 32 40 34 11 24 38 26 2 12 13 29 20 21 6 3 32 29 2 28 4 36 12 33 24 36 0 40 21 11 3 23 17 6 10 40 7 12 14 23 6 26 15 1 14 35 37 15 32 30 39 40 22 40 32 13 25 0 11 17 39 11 37 33 15 37 23 5 5 19 5 11 23 20 19 26 34 30 22 12 36 5 35 36 4 7 29 14 23 31 28 30 2 20 39 10 15 17 35 1 20 27 0 19 27 20 3 2 39 36 14 29 6 1 21
0 : [18, 24, 132, 136, 178, 234, 244, 255, 273, 311, 342, 387] (20)
1 : [0, 38, 111, 159, 254, 263, 328, 384, 398] (20)
2 : [16, 37, 48, 69, 75, 86, 229, 236, 293, 303, 377, 392] (21)
3 : [145, 193, 215, 251, 271, 277, 300, 315, 391] (22)
4 : [206, 256, 305, 369] (21)
5 : [3, 27, 50, 53, 137, 164, 185, 248, 352, 353, 355, 366] (21)
6 : [5, 95, 115, 172, 210, 274, 299, 318, 325, 397] (22)
7 : [33, 97, 105, 124, 230, 266, 275, 276, 321, 370] (20)
8 : [26, 35, 59, 78, 110, 187, 280] (22)
9 : [80, 83, 134, 216, 227, 231, 259, 267, 278, 281] (22)
10 : [6, 8, 170, 180, 218, 240, 242, 284, 319, 380] (23)
11 : [74, 79, 147, 161, 165, 250, 289, 314, 343, 346, 356] (23)
12 : [77, 119, 144, 171, 203, 294, 307, 322, 364] (24)
13 : [47, 49, 158, 209, 228, 245, 262, 272, 295, 340] (24)
14 : [11, 42, 46, 54, 63, 113, 198, 257, 323, 329, 372, 395] (24)
15 : [19, 28, 88, 152, 197, 225, 327, 332, 349, 381] (25)
16 : [21, 116, 131, 148, 157, 177, 199, 204, 264] (25)
17 : [4, 56, 61, 81, 121, 125, 174, 317, 344, 382] (25)
18 : [13, 60, 72, 106, 176, 179, 189, 211] (25)
19 : [31, 96, 99, 102, 133, 166, 354, 359, 388] (25)
20 : [68, 100, 146, 153, 205, 214, 237, 297, 358, 378, 385, 390] (25)
21 : [12, 70, 82, 160, 167, 192, 269, 298, 313, 399] (25)
22 : [71, 87, 98, 169, 212, 222, 337, 363] (26)
23 : [17, 36, 94, 104, 128, 175, 316, 324, 351, 357, 373] (26)
24 : [34, 66, 84, 103, 117, 156, 163, 265, 290, 309] (26)
25 : [67, 118, 140, 142, 181, 213, 224, 341] (26)
26 : [2, 43, 85, 207, 220, 238, 283, 292, 326, 360] (26)
27 : [14, 29, 114, 155, 186, 194, 196, 232, 386, 389] (26)
28 : [76, 127, 190, 191, 217, 258, 260, 304, 375] (26)
29 : [45, 51, 93, 129, 150, 200, 246, 279, 296, 302, 371, 396] (27)
30 : [126, 154, 219, 226, 233, 241, 334, 362, 376] (26)
31 : [7, 44, 57, 65, 109, 120, 168, 182, 183, 261, 374] (27)
32 : [41, 62, 139, 149, 286, 301, 333, 339] (27)
33 : [15, 52, 89, 122, 135, 184, 221, 243, 253, 270, 308, 348] (27)
34 : [9, 40, 55, 90, 91, 101, 202, 288, 361] (28)
35 : [20, 23, 30, 107, 108, 195, 239, 330, 367, 383] (28)
36 : [1, 92, 130, 151, 188, 208, 249, 306, 310, 365, 368, 394] (27)
37 : [32, 58, 141, 235, 252, 331, 347, 350] (27)
38 : [25, 64, 112, 123, 143, 173, 201, 268, 291] (27)
39 : [10, 22, 73, 247, 282, 335, 345, 379, 393] (27)
40 : [39, 138, 162, 223, 285, 287, 312, 320, 336, 338] (27)
