Name: 400-50-80
Time: 11.501703977584839 
Result: 20
Solution:  15 9 39 13 15 10 9 33 26 15 9 34 27 28 0 30 22 11 37 11 25 9 11 17 33 20 10 19 15 9 23 20 32 19 24 18 4 9 1 20 32 12 32 10 33 4 0 33 40 3 35 32 18 6 31 35 3 24 16 23 15 19 27 8 29 23 11 9 39 35 0 19 14 33 38 19 32 16 36 12 8 38 34 15 19 30 17 17 30 29 32 38 11 27 26 26 10 4 2 37 12 17 35 26 18 40 27 40 3 10 31 2 7 2 32 36 9 21 23 15 21 32 30 2 0 27 19 38 25 40 2 36 17 27 23 12 13 28 20 35 11 22 37 8 7 40 15 25 15 0 17 17 20 11 37 36 11 8 30 8 7 35 5 27 33 19 19 21 9 0 36 15 6 35 17 35 37 39 28 4 26 11 30 1 31 8 22 31 8 22 7 34 3 29 26 10 21 6 35 27 21 17 33 12 34 27 12 36 40 29 4 6 23 5 21 12 38 1 29 10 8 8 29 10 39 39 24 29 21 34 12 18 1 4 34 33 14 28 21 28 2 14 0 36 18 24 24 26 16 8 35 20 24 14 10 35 7 25 33 37 0 0 2 7 32 29 4 26 18 26 19 4 17 13 7 22 18 33 21 6 31 1 1 19 5 15 11 7 8 10 1 14 12 9 13 19 37 2 14 5 5 0 37 38 36 25 6 14 6 26 29 25 20 20 27 23 24 28 22 31 8 0 6 3 7 8 30 21 16 16 39 37 39 16 7 23 2 25 29 31 25 16 2 16 15 8 36 15 25 36 26 1 31 18 14 4 13 2 26 27 31 11 32 31 14 26 12 10 29 15 29 22 33 8 40 1 28 0 40 4 22 39 20 27 0 38 25 24 17 37 38 28 39 12 38 1 30 4 3 24
0 : [14, 46, 70, 124, 149, 169, 242, 260, 261, 301, 321, 377, 384] (56)
1 : [38, 183, 217, 232, 281, 282, 290, 351, 375, 395] (56)
2 : [98, 111, 113, 123, 130, 240, 262, 297, 336, 342, 357] (56)
3 : [49, 56, 108, 192, 323, 398] (56)
4 : [36, 45, 97, 179, 210, 233, 266, 271, 355, 379, 397] (56)
5 : [162, 213, 284, 299, 300] (64)
6 : [53, 172, 197, 211, 279, 306, 308, 322] (59)
7 : [112, 144, 160, 190, 256, 263, 274, 287, 324, 334] (58)
8 : [63, 80, 143, 157, 159, 185, 188, 220, 221, 249, 288, 320, 325, 345, 373] (60)
9 : [1, 6, 10, 21, 29, 37, 67, 116, 168, 293] (59)
10 : [5, 26, 43, 96, 109, 195, 219, 223, 254, 289, 367] (60)
11 : [17, 19, 22, 66, 92, 140, 153, 156, 181, 286, 361] (60)
12 : [41, 79, 100, 135, 203, 206, 215, 230, 292, 366, 393] (64)
13 : [3, 136, 273, 294, 356] (65)
14 : [72, 236, 241, 253, 291, 298, 307, 354, 364] (63)
15 : [0, 4, 9, 28, 60, 83, 119, 146, 148, 171, 285, 344, 347, 369] (63)
16 : [58, 77, 248, 328, 329, 333, 341, 343] (64)
17 : [23, 86, 87, 101, 132, 150, 151, 174, 201, 272, 388] (74)
18 : [35, 52, 104, 231, 244, 268, 276, 353] (66)
19 : [27, 33, 61, 71, 75, 84, 126, 165, 166, 270, 283, 295] (61)
20 : [25, 31, 39, 138, 152, 251, 312, 313, 382] (71)
21 : [117, 120, 167, 196, 200, 214, 228, 238, 278, 327] (69)
22 : [16, 141, 186, 189, 275, 318, 371, 380] (70)
23 : [30, 59, 65, 118, 134, 212, 315, 335] (71)
24 : [34, 57, 226, 245, 246, 252, 316, 387, 399] (71)
25 : [20, 128, 147, 257, 305, 311, 337, 340, 348, 386] (76)
26 : [8, 94, 95, 103, 180, 194, 247, 267, 269, 309, 350, 358, 365] (71)
27 : [12, 62, 93, 106, 125, 133, 163, 199, 205, 314, 359, 383] (72)
28 : [13, 137, 178, 237, 239, 317, 376, 391] (76)
29 : [64, 89, 193, 209, 218, 222, 227, 265, 310, 338, 368, 370] (72)
30 : [15, 85, 88, 122, 158, 182, 326, 396] (74)
31 : [54, 110, 184, 187, 280, 319, 339, 352, 360, 363] (75)
32 : [32, 40, 42, 51, 76, 90, 114, 121, 264, 362] (74)
33 : [7, 24, 44, 47, 73, 164, 202, 235, 258, 277, 372] (74)
34 : [11, 82, 191, 204, 229, 234] (67)
35 : [50, 55, 69, 102, 139, 161, 173, 175, 198, 250, 255] (75)
36 : [78, 115, 131, 155, 170, 207, 243, 304, 346, 349] (75)
37 : [18, 99, 142, 154, 176, 259, 296, 302, 331, 389] (76)
38 : [74, 81, 91, 127, 216, 303, 385, 390, 394] (75)
39 : [2, 68, 177, 224, 225, 330, 332, 381, 392] (76)
40 : [48, 105, 107, 129, 145, 208, 374, 378] (75)
