Name: 400-20-30
Time: 11.023576021194458 
Result: 8
Solution:  2 35 26 5 17 5 11 30 10 34 39 17 21 18 26 33 2 26 2 15 34 17 39 37 2 37 8 1 18 32 34 21 38 10 23 11 26 3 2 40 38 37 18 26 29 32 15 11 2 12 5 28 34 1 14 34 20 26 35 8 18 16 28 14 38 31 25 27 19 1 21 23 15 40 12 2 28 12 7 10 11 19 22 9 25 25 3 24 15 35 34 32 36 32 26 6 19 7 21 20 20 31 19 24 24 9 18 35 35 32 7 0 39 14 27 6 18 23 24 12 30 18 29 40 9 19 28 29 21 32 36 15 3 22 7 32 4 6 38 30 25 39 23 39 12 3 22 11 16 33 25 35 15 16 31 27 23 15 13 2 21 12 38 23 8 12 20 21 31 22 10 13 9 36 21 21 13 14 0 14 7 26 31 29 31 4 24 8 36 18 28 29 23 3 29 35 27 18 14 17 25 38 36 12 15 17 6 27 37 12 4 16 22 26 20 4 9 28 10 30 25 38 22 39 24 13 33 9 11 0 7 11 26 30 0 36 0 19 24 35 10 27 13 33 2 12 30 37 6 33 10 0 36 32 1 1 4 16 27 13 27 34 13 1 17 23 4 10 38 24 32 4 14 2 6 9 6 3 7 30 8 9 38 27 8 39 31 40 34 11 23 38 25 1 13 9 29 16 22 5 4 33 29 3 22 3 34 13 35 28 36 3 39 22 13 6 24 17 5 11 40 7 11 14 25 3 25 16 1 14 35 37 18 33 30 39 40 20 40 32 14 23 1 8 14 40 10 40 31 14 39 21 4 4 20 2 11 22 24 20 29 31 30 22 12 37 5 36 38 5 7 33 14 25 33 25 28 3 19 38 10 16 19 37 0 22 27 0 17 28 20 3 3 38 36 14 29 5 2 20
0 : [111, 178, 229, 234, 236, 251, 384, 387] (20)
1 : [27, 53, 69, 254, 255, 263, 293, 328, 342] (20)
2 : [0, 16, 18, 24, 38, 48, 75, 159, 244, 273, 355, 398] (20)
3 : [37, 86, 132, 145, 193, 277, 303, 305, 311, 325, 377, 391, 392] (20)
4 : [136, 185, 210, 215, 256, 266, 271, 300, 352, 353] (20)
5 : [3, 5, 50, 299, 318, 366, 369, 397] (21)
6 : [95, 115, 137, 206, 248, 274, 276, 315] (21)
7 : [78, 97, 110, 134, 180, 230, 278, 321, 370] (22)
8 : [26, 59, 164, 187, 280, 284, 343] (23)
9 : [83, 105, 124, 172, 216, 227, 275, 281, 295] (23)
10 : [8, 33, 79, 170, 218, 240, 250, 267, 346, 380] (23)
11 : [6, 35, 47, 80, 147, 228, 231, 289, 319, 322, 356] (23)
12 : [49, 74, 77, 119, 144, 161, 165, 203, 209, 245, 364] (23)
13 : [158, 171, 176, 225, 242, 259, 262, 294, 307, 314] (24)
14 : [54, 63, 113, 177, 179, 198, 272, 323, 329, 340, 344, 349, 372, 395] (25)
15 : [19, 46, 72, 88, 131, 152, 157, 204] (25)
16 : [61, 148, 153, 211, 257, 297, 327, 381] (25)
17 : [4, 11, 21, 199, 205, 264, 317, 388] (25)
18 : [13, 28, 42, 60, 106, 116, 121, 189, 197, 332] (25)
19 : [68, 81, 96, 102, 125, 237, 378, 382] (24)
20 : [56, 99, 100, 166, 214, 337, 354, 359, 390, 399] (25)
21 : [12, 31, 70, 98, 128, 160, 167, 174, 175, 351] (25)
22 : [82, 133, 146, 169, 212, 222, 298, 304, 313, 357, 363, 385] (25)
23 : [34, 71, 117, 142, 156, 163, 192, 265, 290, 341] (25)
24 : [87, 103, 104, 118, 186, 224, 238, 269, 316, 358] (25)
25 : [66, 84, 85, 140, 150, 200, 220, 292, 324, 326, 373, 375] (27)
26 : [2, 14, 17, 36, 43, 57, 94, 181, 213, 232] (26)
27 : [67, 114, 155, 196, 207, 241, 258, 260, 283, 386] (26)
28 : [51, 62, 76, 126, 190, 217, 309, 376, 389] (27)
29 : [44, 122, 127, 183, 191, 194, 296, 302, 360, 396] (27)
30 : [7, 120, 139, 219, 233, 246, 279, 334, 362] (27)
31 : [65, 101, 154, 168, 182, 184, 286, 348, 361] (27)
32 : [29, 45, 91, 93, 109, 129, 135, 253, 270, 339] (27)
33 : [15, 149, 226, 243, 249, 301, 333, 371, 374] (27)
34 : [9, 20, 30, 52, 55, 90, 261, 288, 306] (27)
35 : [1, 58, 89, 107, 108, 151, 195, 239, 308, 330] (27)
36 : [92, 130, 173, 188, 202, 235, 252, 310, 367, 394] (27)
37 : [23, 25, 41, 208, 247, 331, 365, 383] (28)
38 : [32, 40, 64, 138, 162, 201, 221, 268, 282, 291, 368, 379, 393] (28)
39 : [10, 22, 112, 141, 143, 223, 285, 312, 335, 350] (28)
40 : [39, 73, 123, 287, 320, 336, 338, 345, 347] (28)
