Name: 400-40-60
Time: 11.678749561309814 
Result: 13
Solution:  10 37 14 13 21 38 6 34 33 19 15 18 20 16 6 35 1 12 4 22 37 14 33 10 26 9 40 3 6 20 3 12 24 5 11 8 19 36 26 22 13 40 9 8 15 2 31 20 10 6 31 1 0 30 16 26 39 3 24 8 9 17 40 40 4 4 5 29 36 33 24 5 10 18 18 14 39 22 18 17 1 24 23 35 22 20 23 7 7 28 3 16 1 31 15 23 18 3 11 15 36 23 40 22 40 4 16 12 17 6 0 6 21 15 25 1 29 16 33 33 17 19 29 40 7 20 22 17 24 33 6 25 27 26 36 24 34 28 30 31 0 10 24 39 23 17 26 5 11 25 10 23 14 35 8 28 3 15 26 21 18 25 24 35 36 5 6 17 35 39 14 22 22 4 20 39 2 23 4 12 35 4 16 8 4 9 40 30 23 22 16 37 28 12 6 30 29 8 5 13 35 27 5 15 11 27 12 24 16 13 27 32 20 35 35 33 18 9 38 2 3 31 18 32 27 6 38 14 1 11 26 33 36 26 22 18 20 4 35 14 35 40 9 4 9 25 21 19 36 39 18 39 1 19 10 18 30 32 25 31 27 1 37 29 27 17 8 20 3 9 26 11 25 9 32 39 0 40 40 28 13 30 37 2 18 6 22 36 33 24 23 29 38 25 10 15 12 38 34 6 28 3 21 32 18 37 31 33 21 10 0 4 37 21 3 37 6 40 6 35 3 27 4 1 21 39 40 7 38 23 3 31 5 16 19 22 0 27 39 32 1 10 3 17 27 34 21 34 23 3 4 36 4 28 7 38 25 26 8 8 8 18 16 20 15 36 28 4 30 12 30 10 39 23 29 3 2 17 25 10 21 10 1 37 25 16 22 14 37 35 17 34 30 39 21 7 23 14 2 19
0 : [52, 110, 140, 276, 310, 336] (45)
1 : [16, 51, 80, 92, 115, 228, 252, 261, 323, 340, 382] (44)
2 : [45, 176, 219, 283, 376, 398] (44)
3 : [27, 30, 57, 90, 97, 156, 220, 268, 301, 314, 320, 330, 342, 349, 375] (45)
4 : [18, 64, 65, 105, 173, 178, 181, 184, 237, 243, 311, 322, 350, 352, 367] (44)
5 : [33, 66, 71, 147, 165, 198, 202, 332] (45)
6 : [6, 14, 28, 49, 109, 111, 130, 166, 194, 225, 285, 299, 316, 318] (44)
7 : [87, 88, 124, 327, 354, 395] (45)
8 : [35, 43, 59, 154, 183, 197, 266, 358, 359, 360] (45)
9 : [25, 42, 60, 185, 217, 242, 244, 269, 273] (46)
10 : [0, 23, 48, 72, 141, 150, 254, 294, 309, 341, 371, 379, 381] (47)
11 : [34, 98, 148, 204, 229, 271] (48)
12 : [17, 31, 107, 179, 193, 206, 296, 369] (46)
13 : [3, 40, 199, 209, 280] (48)
14 : [2, 21, 75, 152, 170, 227, 239, 387, 397] (49)
15 : [10, 44, 94, 99, 113, 157, 203, 295, 364] (49)
16 : [13, 54, 91, 106, 117, 182, 190, 208, 333, 362, 385] (49)
17 : [61, 79, 108, 120, 127, 145, 167, 265, 343, 377, 390] (48)
18 : [11, 73, 74, 78, 96, 160, 216, 222, 235, 250, 255, 284, 304, 361] (48)
19 : [9, 36, 121, 247, 253, 334, 399] (48)
20 : [12, 29, 47, 85, 125, 174, 212, 236, 267, 363] (51)
21 : [4, 112, 159, 246, 302, 308, 313, 324, 346, 380, 394] (50)
22 : [19, 39, 77, 84, 103, 126, 171, 172, 189, 234, 286, 335, 386] (51)
23 : [82, 86, 95, 101, 144, 151, 177, 188, 290, 329, 348, 373, 396] (51)
24 : [32, 58, 70, 81, 128, 135, 142, 162, 207, 289] (54)
25 : [114, 131, 149, 161, 245, 258, 272, 293, 356, 378, 384] (54)
26 : [24, 38, 55, 133, 146, 158, 230, 233, 270, 357] (54)
27 : [132, 201, 205, 210, 224, 260, 264, 321, 337, 344] (56)
28 : [89, 137, 155, 192, 279, 300, 353, 366] (56)
29 : [67, 116, 122, 196, 263, 291, 374] (56)
30 : [53, 138, 187, 195, 256, 281, 368, 370, 392] (56)
31 : [46, 50, 93, 139, 221, 259, 306, 331] (57)
32 : [211, 223, 257, 274, 303, 339] (56)
33 : [8, 22, 69, 118, 119, 129, 215, 231, 288, 307] (57)
34 : [7, 136, 298, 345, 347, 391] (57)
35 : [15, 83, 153, 163, 168, 180, 200, 213, 214, 238, 240, 319, 389] (57)
36 : [37, 68, 100, 134, 164, 232, 248, 287, 351, 365] (57)
37 : [1, 20, 191, 262, 282, 305, 312, 315, 383, 388] (57)
38 : [5, 218, 226, 292, 297, 328, 355] (57)
39 : [56, 76, 143, 169, 175, 249, 251, 275, 325, 338, 372, 393] (56)
40 : [26, 41, 62, 63, 102, 104, 123, 186, 241, 277, 278, 317, 326] (56)
