Name: 400-50-80
Time: 11.265185356140137 
Result: 20
Solution:  15 10 39 14 13 11 8 33 22 14 10 37 27 28 0 30 22 9 34 12 25 8 14 17 32 22 10 18 17 10 24 20 32 16 24 22 3 11 2 16 32 13 33 9 33 4 1 33 39 0 34 30 17 5 31 39 6 24 16 22 15 17 30 8 31 24 12 9 36 34 1 19 15 32 34 19 34 16 36 9 7 38 33 12 20 31 18 15 29 25 35 37 11 27 26 26 8 3 2 36 13 17 37 21 19 40 29 40 0 10 30 3 7 3 29 35 10 23 20 12 22 33 31 0 2 29 19 37 25 35 2 32 19 27 26 13 13 26 24 34 11 22 38 8 4 40 13 24 15 0 17 21 20 11 38 36 11 7 31 6 7 39 5 28 34 17 19 19 10 0 35 12 6 38 17 31 39 38 31 5 26 11 30 1 33 8 19 30 8 22 9 34 3 33 27 10 23 6 35 28 23 17 34 12 36 28 13 37 40 28 3 7 22 6 22 12 32 3 28 10 7 7 29 10 39 35 25 31 24 32 11 16 1 8 36 33 11 28 22 29 1 13 0 36 18 23 23 23 21 8 37 20 23 12 11 36 7 25 33 38 0 0 2 7 35 28 4 24 18 24 23 3 12 13 7 22 17 31 23 6 32 1 1 24 5 14 11 10 8 9 4 15 12 8 14 18 39 1 13 4 5 0 39 38 39 27 6 14 8 26 30 26 18 19 27 27 23 29 20 31 6 1 6 4 1 10 30 25 17 16 40 37 38 20 7 27 2 25 31 31 25 17 0 18 15 8 36 15 23 35 26 0 34 17 14 4 13 2 25 27 29 10 33 31 15 25 12 9 24 13 31 21 32 5 37 1 28 1 40 10 21 37 20 27 2 40 25 24 20 38 37 26 39 12 39 0 30 3 3 21
0 : [14, 49, 108, 123, 149, 169, 242, 260, 261, 301, 342, 351, 395] (57)
1 : [46, 70, 183, 232, 240, 281, 282, 297, 321, 324, 375, 377] (57)
2 : [38, 98, 124, 130, 262, 336, 357, 384] (58)
3 : [36, 97, 111, 113, 192, 210, 217, 271, 397, 398] (57)
4 : [45, 144, 266, 290, 299, 323, 355] (57)
5 : [53, 162, 179, 284, 300, 373] (57)
6 : [56, 159, 172, 197, 213, 279, 306, 320, 322] (58)
7 : [80, 112, 157, 160, 211, 220, 221, 256, 263, 274, 334] (58)
8 : [6, 21, 63, 96, 143, 185, 188, 233, 249, 288, 293, 308, 345] (60)
9 : [17, 43, 67, 79, 190, 289, 367] (61)
10 : [1, 10, 26, 29, 109, 116, 168, 195, 219, 223, 287, 325, 361, 379] (59)
11 : [5, 37, 92, 140, 153, 156, 181, 230, 236, 254, 286] (64)
12 : [19, 66, 83, 119, 171, 203, 215, 253, 272, 292, 366, 393] (65)
13 : [4, 41, 100, 135, 136, 146, 206, 241, 273, 298, 356, 369] (63)
14 : [3, 9, 22, 285, 294, 307, 354] (65)
15 : [0, 60, 72, 87, 148, 291, 344, 347, 364] (65)
16 : [33, 39, 58, 77, 231, 329] (70)
17 : [23, 28, 52, 61, 101, 150, 165, 174, 201, 276, 328, 341, 353] (69)
18 : [27, 86, 244, 268, 295, 312, 343] (66)
19 : [71, 75, 104, 126, 132, 166, 167, 186, 313] (67)
20 : [31, 84, 118, 152, 251, 318, 333, 382, 388] (68)
21 : [103, 151, 248, 371, 380, 399] (67)
22 : [8, 16, 25, 35, 59, 120, 141, 189, 212, 214, 238, 275] (68)
23 : [117, 196, 200, 245, 246, 247, 252, 270, 278, 316, 348] (64)
24 : [30, 34, 57, 65, 138, 147, 228, 267, 269, 283, 368, 387] (68)
25 : [20, 89, 128, 226, 257, 327, 337, 340, 358, 365, 386] (71)
26 : [94, 95, 134, 137, 180, 309, 311, 350, 391] (69)
27 : [12, 93, 133, 194, 305, 314, 315, 335, 359, 383] (73)
28 : [13, 163, 199, 205, 209, 218, 237, 265, 376] (73)
29 : [88, 106, 114, 125, 222, 239, 317, 360] (74)
30 : [15, 51, 62, 110, 182, 187, 310, 326, 396] (73)
31 : [54, 64, 85, 122, 158, 175, 178, 227, 277, 319, 338, 339, 363, 370] (73)
32 : [24, 32, 40, 73, 131, 216, 229, 280, 372] (74)
33 : [7, 42, 44, 47, 82, 121, 184, 193, 235, 258, 362] (74)
34 : [18, 50, 69, 74, 76, 139, 164, 191, 202, 352] (77)
35 : [90, 115, 129, 170, 198, 225, 264, 349] (75)
36 : [68, 78, 99, 155, 204, 234, 243, 255, 346] (77)
37 : [11, 91, 102, 127, 207, 250, 331, 374, 381, 390] (76)
38 : [81, 142, 154, 173, 177, 259, 303, 332, 389] (75)
39 : [2, 48, 55, 161, 176, 224, 296, 302, 304, 392, 394] (76)
40 : [105, 107, 145, 208, 330, 378, 385] (77)
