Name: 400-20-30
Time: 10.989874839782715 
Result: 8
Solution:  0 37 27 5 13 6 11 34 11 35 38 15 21 18 26 33 2 23 1 13 33 16 39 37 0 39 9 4 15 32 33 17 38 10 22 12 26 3 0 38 36 33 14 26 31 30 15 12 6 12 5 29 35 3 16 36 20 25 36 9 16 18 33 14 40 35 25 27 19 2 18 21 15 38 11 3 26 12 11 10 10 22 21 9 24 25 2 20 18 37 34 29 37 30 24 6 17 7 22 18 20 30 19 25 23 7 18 34 35 29 8 1 37 14 27 9 19 22 24 14 29 19 29 37 9 19 29 26 19 29 36 15 0 21 9 33 0 6 38 32 25 38 23 35 12 4 22 11 14 31 26 35 16 20 31 28 26 15 14 2 26 11 39 24 7 12 19 21 32 24 11 13 8 35 20 20 13 13 0 16 7 25 28 34 32 4 24 8 35 17 29 29 21 3 28 35 27 18 14 18 29 38 33 12 18 21 7 26 37 13 3 16 23 23 20 0 9 28 10 29 26 32 22 39 27 19 30 12 10 1 9 9 27 31 1 40 3 20 22 36 10 27 11 38 2 12 30 38 5 35 11 2 38 31 1 1 2 18 27 12 28 32 13 1 17 24 6 10 37 22 33 4 12 0 5 8 5 4 9 32 8 6 36 29 10 38 34 39 34 11 23 37 27 2 12 6 30 18 21 7 4 34 29 6 22 5 34 13 35 28 35 0 40 21 13 4 23 14 6 11 40 7 10 15 24 5 25 14 0 15 33 37 15 32 30 39 40 20 40 31 13 23 0 11 17 40 10 34 31 15 37 22 5 3 19 2 11 25 20 20 28 31 32 22 11 33 4 36 37 3 8 34 14 25 30 25 30 0 23 36 9 16 21 36 1 23 27 0 22 27 20 4 6 38 34 14 28 5 0 17
0 : [0, 24, 38, 132, 136, 178, 215, 273, 311, 328, 342, 377, 387, 398] (20)
1 : [18, 111, 229, 234, 254, 255, 263, 384] (20)
2 : [16, 69, 86, 159, 244, 251, 256, 293, 355] (20)
3 : [37, 53, 75, 193, 210, 236, 353, 369] (20)
4 : [27, 145, 185, 271, 277, 300, 315, 366, 391] (20)
5 : [3, 50, 248, 274, 276, 305, 325, 352, 397] (21)
6 : [5, 48, 95, 137, 266, 281, 295, 303, 318, 392] (20)
7 : [97, 105, 164, 180, 206, 299, 321] (22)
8 : [110, 172, 187, 275, 280, 370] (23)
9 : [26, 59, 83, 115, 124, 134, 216, 230, 231, 278, 380] (23)
10 : [33, 79, 80, 218, 228, 240, 267, 284, 322, 346] (24)
11 : [6, 8, 74, 78, 147, 161, 170, 242, 250, 289, 319, 343, 356, 364] (24)
12 : [35, 47, 49, 77, 144, 165, 203, 227, 245, 259, 272, 294] (24)
13 : [4, 19, 171, 176, 177, 209, 262, 307, 314, 340] (25)
14 : [42, 63, 113, 119, 148, 158, 198, 317, 327, 372, 395] (25)
15 : [11, 28, 46, 72, 131, 157, 323, 329, 332, 349] (25)
16 : [21, 54, 60, 152, 179, 211, 381] (25)
17 : [31, 96, 189, 264, 344, 399] (25)
18 : [13, 61, 70, 88, 99, 106, 197, 199, 204, 257, 297] (26)
19 : [68, 102, 116, 121, 125, 128, 166, 225, 354] (25)
20 : [56, 87, 100, 153, 174, 175, 214, 237, 337, 358, 359, 390] (25)
21 : [12, 71, 82, 133, 167, 192, 205, 298, 313, 382] (26)
22 : [34, 81, 98, 117, 146, 222, 238, 269, 304, 351, 363, 388] (25)
23 : [17, 104, 142, 212, 213, 290, 316, 341, 378, 385] (25)
24 : [84, 94, 118, 163, 169, 186, 265, 324] (25)
25 : [57, 66, 85, 103, 140, 181, 326, 357, 373, 375] (26)
26 : [14, 36, 43, 76, 127, 150, 156, 160, 207, 220] (26)
27 : [2, 67, 114, 196, 224, 232, 241, 258, 292, 386, 389] (26)
28 : [155, 182, 194, 217, 260, 309, 360, 396] (26)
29 : [51, 91, 109, 120, 122, 126, 129, 190, 191, 200, 219, 283, 302] (27)
30 : [45, 93, 101, 226, 246, 296, 334, 374, 376] (27)
31 : [44, 149, 154, 233, 253, 339, 348, 361] (26)
32 : [29, 139, 168, 184, 221, 261, 279, 333, 362] (27)
33 : [15, 20, 30, 41, 62, 135, 202, 270, 330, 365] (26)
34 : [7, 90, 107, 183, 286, 288, 301, 306, 347, 371, 394] (27)
35 : [9, 52, 65, 108, 143, 151, 173, 188, 195, 249, 308, 310] (28)
36 : [40, 55, 58, 130, 239, 282, 367, 379, 383] (27)
37 : [1, 23, 89, 92, 112, 123, 208, 268, 291, 331, 350, 368] (27)
38 : [10, 32, 39, 73, 138, 141, 201, 243, 247, 252, 285, 393] (27)
39 : [22, 25, 162, 223, 287, 335] (27)
40 : [64, 235, 312, 320, 336, 338, 345] (28)
