Name: 400-40-60
Time: 11.528816938400269 
Result: 16
Solution:  10 38 15 16 21 39 5 33 31 16 18 19 19 17 9 32 4 10 4 22 38 15 35 11 27 9 40 3 8 20 5 13 24 5 11 6 19 37 26 21 16 40 11 7 14 1 37 20 10 8 30 2 2 26 12 27 38 3 25 9 10 16 40 37 4 5 5 27 35 29 24 5 10 20 15 13 39 21 19 19 0 24 23 33 22 19 25 10 8 28 3 17 2 32 14 23 18 3 11 15 34 24 39 23 40 5 13 11 19 5 0 7 25 13 25 2 29 17 32 33 16 20 28 39 6 20 22 14 26 33 8 21 30 23 34 24 31 27 32 38 1 10 24 38 22 15 26 2 11 25 15 21 14 30 12 30 5 14 27 22 16 25 25 38 36 6 6 13 31 36 14 19 24 5 20 37 2 24 5 13 31 4 18 8 4 9 40 30 23 23 18 33 29 13 5 30 27 10 5 18 33 27 3 17 8 26 14 24 15 14 27 31 21 36 35 36 19 8 36 0 3 31 15 32 25 7 38 15 1 12 26 30 37 26 15 18 18 2 35 13 35 38 10 7 8 25 22 22 36 40 18 38 1 20 10 14 29 36 27 31 29 2 37 31 28 17 8 20 3 9 26 11 24 9 28 33 0 40 40 26 12 29 38 4 19 8 22 37 32 24 23 29 38 29 12 13 9 38 31 4 28 3 22 31 20 34 34 37 21 7 0 5 37 23 6 40 6 40 5 28 5 28 5 2 21 39 37 5 38 24 3 32 1 15 18 18 1 30 39 39 0 9 2 18 27 34 22 34 24 5 3 35 4 30 2 39 23 31 8 8 8 16 17 21 13 38 28 5 27 14 29 8 39 23 29 2 2 18 25 13 25 13 7 37 25 12 22 12 36 31 14 29 33 40 22 12 25 13 0 16
0 : [80, 110, 219, 276, 310, 340, 398] (45)
1 : [45, 140, 228, 252, 332, 336] (44)
2 : [51, 52, 92, 115, 147, 176, 237, 261, 323, 342, 354, 375, 376] (44)
3 : [27, 57, 90, 97, 202, 220, 268, 301, 330, 350] (43)
4 : [16, 18, 64, 181, 184, 283, 299, 352] (43)
5 : [6, 30, 33, 65, 66, 71, 105, 109, 156, 173, 178, 194, 198, 311, 318, 320, 322, 327, 349, 367] (43)
6 : [35, 124, 165, 166, 314, 316] (46)
7 : [43, 111, 225, 243, 309, 382] (44)
8 : [28, 49, 88, 130, 183, 204, 217, 244, 266, 285, 358, 359, 360, 371] (44)
9 : [14, 25, 59, 185, 269, 273, 296, 341] (45)
10 : [0, 17, 48, 60, 72, 87, 141, 197, 242, 254] (46)
11 : [23, 34, 42, 98, 107, 148, 271] (46)
12 : [54, 154, 229, 280, 294, 385, 387, 395] (46)
13 : [31, 75, 106, 113, 167, 179, 193, 239, 295, 364, 379, 381, 397] (47)
14 : [44, 94, 127, 152, 157, 170, 206, 209, 255, 369, 390] (47)
15 : [2, 21, 74, 99, 145, 150, 208, 222, 227, 234, 333] (47)
16 : [3, 9, 40, 61, 120, 160, 361, 399] (50)
17 : [13, 91, 117, 203, 265, 362] (51)
18 : [10, 96, 182, 190, 199, 235, 236, 250, 334, 335, 343, 377] (49)
19 : [11, 12, 36, 78, 79, 85, 108, 171, 216, 284] (52)
20 : [29, 47, 73, 121, 125, 174, 253, 267, 304] (49)
21 : [4, 39, 77, 131, 151, 212, 308, 324, 363] (51)
22 : [19, 84, 126, 144, 159, 246, 247, 286, 302, 346, 386, 394] (51)
23 : [82, 95, 103, 133, 188, 189, 290, 313, 356, 373] (53)
24 : [32, 70, 81, 101, 135, 142, 172, 177, 207, 272, 289, 329, 348] (49)
25 : [58, 86, 112, 114, 149, 161, 162, 224, 245, 378, 380, 384, 396] (53)
26 : [38, 53, 128, 146, 205, 230, 233, 270, 279] (55)
27 : [24, 55, 67, 137, 158, 196, 201, 210, 258, 344, 368] (55)
28 : [89, 122, 264, 274, 300, 319, 321, 366] (55)
29 : [69, 116, 192, 256, 260, 281, 291, 293, 370, 374, 391] (55)
30 : [50, 132, 153, 155, 187, 195, 231, 337, 353] (55)
31 : [8, 136, 168, 180, 211, 221, 259, 263, 298, 303, 357, 389] (56)
32 : [15, 93, 118, 138, 223, 288, 331] (56)
33 : [7, 83, 119, 129, 191, 200, 275, 392] (58)
34 : [100, 134, 305, 306, 345, 347] (59)
35 : [22, 68, 214, 238, 240, 351] (59)
36 : [164, 169, 213, 215, 218, 248, 257, 388] (58)
37 : [37, 46, 63, 175, 232, 262, 287, 307, 312, 326, 383] (59)
38 : [1, 20, 56, 139, 143, 163, 226, 241, 251, 282, 292, 297, 328, 365] (58)
39 : [5, 76, 102, 123, 325, 338, 339, 355, 372] (58)
40 : [26, 41, 62, 104, 186, 249, 277, 278, 315, 317, 393] (59)
