Name: 400-20-30
Time: 11.336329698562622 
Result: 8
Solution:  0 36 25 5 13 1 11 31 10 34 39 16 21 18 27 33 4 19 1 15 36 17 40 39 1 36 7 3 18 32 34 21 37 10 23 13 22 1 3 38 36 34 14 26 29 29 14 11 6 12 4 28 35 2 15 35 20 30 35 10 16 19 28 18 38 31 25 27 20 2 23 21 17 39 11 2 28 11 8 11 9 22 21 9 24 26 1 24 16 33 36 27 37 31 24 10 17 9 21 19 20 35 20 28 26 9 17 31 35 31 7 0 40 14 29 5 21 21 24 12 31 19 31 40 9 19 30 25 22 30 36 16 1 22 8 33 3 6 39 30 28 40 23 37 13 3 23 12 14 32 29 37 16 17 31 27 23 18 14 3 21 11 38 24 5 10 20 23 33 23 11 12 6 37 19 22 13 13 0 18 7 26 29 33 33 4 24 8 38 17 29 31 24 3 28 34 26 15 14 16 24 38 37 12 15 19 7 29 36 13 3 18 23 22 20 2 9 28 10 30 26 35 22 39 25 13 32 12 12 2 9 8 26 32 1 37 0 21 22 36 10 26 13 38 4 14 30 35 6 34 11 2 36 33 1 0 2 16 27 10 27 34 12 4 17 23 4 15 38 25 30 6 10 3 7 7 6 4 6 27 8 9 38 25 10 40 31 39 34 14 23 38 27 2 11 9 28 20 23 5 5 31 30 2 25 1 34 13 32 29 35 1 39 21 14 6 23 15 5 12 40 11 13 13 25 3 25 15 0 18 33 37 18 33 30 39 40 19 40 30 13 26 1 13 14 40 11 37 30 15 37 20 5 3 19 3 11 25 22 20 25 34 33 22 11 31 8 36 37 3 8 30 15 27 32 27 27 0 18 35 5 16 22 38 0 20 27 4 21 27 20 3 6 38 29 18 28 5 1 20
0 : [0, 111, 178, 236, 255, 328, 377, 384] (20)
1 : [5, 18, 24, 37, 86, 132, 234, 254, 305, 311, 342, 398] (20)
2 : [53, 69, 75, 215, 229, 251, 256, 293, 303] (20)
3 : [27, 38, 136, 145, 159, 193, 210, 273, 325, 353, 355, 369, 391] (20)
4 : [16, 50, 185, 244, 263, 266, 277, 387] (20)
5 : [3, 115, 164, 299, 300, 318, 352, 380, 397] (20)
6 : [48, 137, 172, 248, 271, 276, 278, 315, 392] (20)
7 : [26, 110, 180, 206, 274, 275] (23)
8 : [78, 134, 187, 231, 280, 366, 370] (24)
9 : [80, 83, 97, 105, 124, 216, 230, 281, 295] (20)
10 : [8, 33, 59, 95, 165, 218, 240, 259, 272, 284] (23)
11 : [6, 47, 74, 77, 79, 161, 170, 250, 294, 321, 346, 356, 364] (24)
12 : [49, 119, 147, 171, 203, 227, 228, 262, 319] (23)
13 : [4, 35, 144, 176, 177, 209, 225, 242, 307, 322, 323, 340, 343] (24)
14 : [42, 46, 113, 148, 158, 198, 245, 289, 314, 344] (24)
15 : [19, 54, 197, 204, 267, 317, 327, 349, 372] (24)
16 : [11, 60, 88, 131, 152, 199, 257, 381] (25)
17 : [21, 72, 96, 106, 153, 189, 264] (26)
18 : [13, 28, 63, 157, 179, 211, 329, 332, 378, 395] (25)
19 : [17, 61, 99, 121, 125, 174, 205, 337, 354] (26)
20 : [56, 68, 100, 102, 166, 214, 297, 351, 359, 385, 390, 399] (26)
21 : [12, 31, 71, 82, 98, 116, 117, 160, 237, 313, 388] (26)
22 : [36, 81, 128, 133, 175, 213, 222, 238, 358, 363, 382] (26)
23 : [34, 70, 142, 146, 156, 167, 169, 212, 265, 290, 298, 316] (26)
24 : [84, 87, 94, 118, 163, 186, 192, 200] (26)
25 : [2, 66, 127, 224, 269, 283, 304, 324, 326, 357, 360] (26)
26 : [43, 85, 104, 181, 196, 220, 232, 241, 341] (26)
27 : [14, 67, 91, 155, 258, 260, 279, 292, 373, 375, 376, 386, 389] (27)
28 : [51, 62, 76, 103, 140, 194, 217, 296, 396] (27)
29 : [44, 45, 114, 150, 182, 190, 207, 309, 394] (27)
30 : [57, 126, 129, 139, 219, 246, 270, 302, 334, 339, 348, 371] (26)
31 : [7, 65, 93, 107, 109, 120, 122, 154, 191, 286, 301, 365] (26)
32 : [29, 149, 226, 233, 308, 374] (26)
33 : [15, 89, 135, 168, 183, 184, 253, 330, 333, 362] (27)
34 : [9, 30, 41, 195, 249, 261, 288, 306, 361] (27)
35 : [52, 55, 58, 101, 108, 221, 247, 310, 379] (27)
36 : [1, 20, 25, 40, 90, 130, 208, 239, 252, 367] (28)
37 : [32, 92, 143, 151, 173, 202, 235, 331, 347, 350, 368] (27)
38 : [39, 64, 162, 188, 201, 243, 268, 282, 291, 383, 393] (28)
39 : [10, 23, 73, 138, 223, 287, 312, 335] (27)
40 : [22, 112, 123, 141, 285, 320, 336, 338, 345] (28)
