Name: 400-40-60
Time: 11.419150590896606 
Result: 15
Solution:  10 38 15 16 21 39 7 37 33 19 15 17 19 16 7 35 4 14 4 25 38 15 38 11 27 8 40 8 9 20 5 12 25 7 11 8 18 36 26 22 15 40 11 8 15 1 31 21 11 8 32 2 0 33 13 26 40 1 25 12 10 16 39 37 1 4 6 26 40 30 24 5 8 19 15 13 39 22 18 19 0 24 25 32 22 23 23 5 6 29 5 18 2 30 15 25 18 2 10 15 36 24 40 23 38 4 14 12 17 7 0 11 22 12 26 1 29 18 34 33 17 19 29 39 6 21 21 14 20 33 6 25 27 23 36 24 30 27 33 31 0 10 24 39 22 18 26 2 14 24 10 21 14 33 10 30 4 13 27 23 15 25 24 35 37 2 6 11 33 34 14 21 22 5 20 36 2 21 4 13 32 7 16 7 4 9 37 29 24 24 16 32 29 12 5 30 27 8 7 17 36 28 3 17 11 27 15 24 15 12 27 32 20 39 35 36 13 11 38 0 2 31 12 33 25 7 38 18 1 12 26 32 36 26 15 18 19 4 35 13 32 39 10 4 9 25 23 20 36 40 18 34 2 20 10 18 30 33 26 31 26 0 36 28 26 16 8 20 3 7 29 11 24 9 28 34 0 40 39 27 10 30 38 5 19 6 22 37 34 24 23 32 38 29 9 11 13 38 32 4 31 3 22 30 22 34 31 33 21 7 0 4 35 21 9 39 6 38 6 35 4 27 4 3 21 39 40 3 38 23 4 29 3 16 20 21 1 28 40 32 1 11 3 17 27 34 22 35 23 4 6 36 2 29 6 35 23 30 8 10 7 16 16 19 14 39 28 4 26 14 32 10 37 23 28 1 4 16 25 11 22 9 4 37 25 11 21 12 32 31 12 33 31 39 22 9 23 15 2 17
0 : [52, 80, 110, 140, 219, 261, 276, 310] (44)
1 : [45, 57, 64, 115, 228, 336, 340, 375] (45)
2 : [51, 92, 97, 147, 165, 176, 220, 252, 352, 398] (43)
3 : [202, 268, 301, 323, 327, 332, 342] (44)
4 : [16, 18, 65, 105, 156, 178, 184, 237, 243, 299, 311, 320, 322, 330, 349, 367, 376, 382] (43)
5 : [30, 71, 87, 90, 173, 194, 283] (44)
6 : [66, 88, 124, 130, 166, 285, 316, 318, 350, 354] (45)
7 : [6, 14, 33, 109, 181, 183, 198, 225, 269, 309, 360] (44)
8 : [25, 27, 35, 43, 49, 72, 197, 266, 358] (44)
9 : [28, 185, 244, 273, 294, 314, 381, 395] (46)
10 : [0, 60, 98, 141, 150, 154, 242, 254, 280, 359, 371] (45)
11 : [23, 34, 42, 48, 111, 167, 204, 217, 271, 295, 341, 379, 385] (45)
12 : [31, 59, 107, 113, 193, 209, 222, 229, 387, 390] (47)
13 : [54, 75, 157, 179, 216, 239, 296] (49)
14 : [17, 106, 127, 148, 152, 170, 364, 369] (48)
15 : [2, 10, 21, 40, 44, 74, 94, 99, 160, 206, 208, 234, 397] (51)
16 : [3, 13, 61, 182, 190, 265, 333, 361, 362, 377] (49)
17 : [11, 108, 120, 199, 203, 343, 399] (51)
18 : [36, 78, 91, 96, 117, 145, 227, 235, 250, 255] (49)
19 : [9, 12, 73, 79, 121, 236, 284, 363] (50)
20 : [29, 128, 174, 212, 247, 253, 267, 334] (50)
21 : [4, 47, 125, 126, 151, 171, 177, 308, 313, 324, 335, 386] (51)
22 : [39, 77, 84, 112, 144, 172, 286, 302, 304, 346, 380, 394] (49)
23 : [85, 86, 103, 133, 159, 246, 290, 329, 348, 356, 373, 396] (51)
24 : [70, 81, 101, 135, 142, 149, 162, 188, 189, 207, 272, 289] (54)
25 : [19, 32, 58, 82, 95, 131, 161, 224, 245, 378, 384] (54)
26 : [38, 55, 67, 114, 146, 230, 233, 258, 260, 264, 368] (56)
27 : [24, 132, 137, 158, 196, 205, 210, 279, 321, 344] (53)
28 : [201, 263, 274, 337, 366, 374] (57)
29 : [89, 116, 122, 187, 192, 270, 293, 331, 353] (56)
30 : [69, 93, 136, 155, 195, 256, 281, 303, 357] (56)
31 : [46, 139, 221, 259, 300, 306, 389, 392] (57)
32 : [50, 83, 180, 191, 211, 231, 240, 291, 298, 339, 370, 388] (56)
33 : [8, 53, 119, 129, 138, 153, 168, 223, 257, 307, 391] (58)
34 : [118, 169, 251, 275, 288, 305, 345] (57)
35 : [15, 163, 214, 238, 312, 319, 347, 355] (57)
36 : [37, 100, 134, 175, 200, 215, 232, 248, 262, 351] (58)
37 : [7, 63, 164, 186, 287, 372, 383] (58)
38 : [1, 20, 22, 104, 218, 226, 282, 292, 297, 317, 328] (57)
39 : [5, 62, 76, 123, 143, 213, 241, 278, 315, 325, 365, 393] (56)
40 : [26, 41, 56, 68, 102, 249, 277, 326, 338] (56)
