Name: 400-30-45
Time: 11.28151559829712 
Result: 9
Solution:  6 36 16 39 1 3 34 23 13 39 20 2 23 22 0 40 26 9 4 17 2 32 22 14 33 0 28 20 5 11 39 15 32 21 3 28 25 26 13 17 1 0 30 10 36 30 22 10 1 18 24 35 39 31 31 17 25 34 0 4 25 31 35 16 26 3 9 8 31 11 24 19 24 19 13 37 7 23 15 8 4 16 15 8 26 19 39 39 28 4 35 20 38 11 26 12 23 21 18 31 33 35 26 5 17 32 35 18 17 2 28 0 6 0 3 5 13 30 11 38 17 6 38 23 3 37 7 0 21 18 32 25 11 3 33 4 0 2 20 9 16 12 36 13 16 17 18 7 22 10 40 30 3 29 23 13 36 16 13 29 21 21 0 33 15 5 13 16 40 38 26 13 11 17 15 27 30 10 20 31 12 4 1 22 14 26 24 14 4 36 28 11 24 6 6 4 6 35 15 7 24 24 19 18 33 35 17 33 33 23 22 12 37 9 15 8 27 14 23 38 28 29 21 30 37 5 16 1 6 34 20 35 14 29 37 27 39 25 2 12 24 8 21 27 22 28 2 12 29 37 37 13 31 36 8 38 23 10 34 32 0 10 6 2 31 18 39 18 10 30 7 36 31 7 5 17 19 38 15 6 35 21 39 19 28 24 24 17 20 23 20 12 14 28 7 19 31 26 20 5 40 9 39 24 8 22 14 1 24 21 35 1 5 1 29 27 28 23 11 25 25 6 24 34 11 34 14 6 2 28 35 10 9 15 3 12 16 13 7 32 6 4 38 10 8 18 38 37 27 37 6 36 25 37 14 30 29 18 20 31 28 13 7 27 29 31 0 17 19 16 19 13 11 22 26 30 37 33 11 37 33 12 14 29 35 24 32 7 6 25 40 32 34 0 14 38 12 34 10 5
0 : [14, 25, 41, 58, 111, 113, 127, 136, 162, 260, 366, 393] (32)
1 : [4, 40, 48, 182, 227, 307, 311, 313] (32)
2 : [11, 20, 109, 137, 238, 246, 263, 328] (33)
3 : [5, 34, 65, 114, 124, 133, 152, 334] (32)
4 : [18, 59, 80, 89, 135, 181, 188, 195, 341] (33)
5 : [28, 103, 115, 165, 225, 274, 299, 312, 399] (33)
6 : [0, 112, 121, 193, 194, 196, 228, 262, 279, 321, 327, 340, 350, 388] (33)
7 : [76, 126, 147, 199, 270, 273, 294, 338, 362, 387] (33)
8 : [67, 79, 83, 215, 241, 254, 304, 344] (33)
9 : [17, 66, 139, 213, 301, 332] (33)
10 : [43, 47, 149, 177, 257, 261, 268, 331, 343, 398] (33)
11 : [29, 69, 93, 118, 132, 172, 191, 318, 324, 372, 378] (34)
12 : [95, 141, 180, 211, 239, 247, 291, 335, 381, 396] (34)
13 : [8, 38, 74, 116, 143, 155, 158, 166, 171, 251, 337, 361, 371] (34)
14 : [23, 184, 187, 217, 232, 292, 306, 326, 354, 382, 394] (34)
15 : [31, 78, 82, 164, 174, 198, 214, 278, 333] (35)
16 : [2, 63, 81, 140, 144, 157, 167, 226, 336, 369] (35)
17 : [19, 39, 55, 104, 108, 120, 145, 173, 206, 275, 287, 367] (35)
18 : [49, 98, 107, 129, 146, 203, 265, 267, 345, 357] (35)
19 : [71, 73, 85, 202, 276, 283, 295, 368, 370] (37)
20 : [10, 27, 91, 138, 178, 230, 288, 290, 298, 358] (36)
21 : [33, 97, 128, 160, 161, 222, 242, 281, 309] (37)
22 : [13, 22, 46, 148, 183, 210, 244, 305, 373] (37)
23 : [7, 12, 77, 96, 123, 154, 209, 218, 256, 289, 317] (38)
24 : [50, 70, 72, 186, 192, 200, 201, 240, 285, 286, 303, 308, 322, 385] (39)
25 : [36, 56, 60, 131, 237, 319, 320, 352, 389] (40)
26 : [16, 37, 64, 84, 94, 102, 170, 185, 297, 374] (39)
27 : [175, 216, 235, 243, 315, 348, 363] (39)
28 : [26, 35, 88, 110, 190, 220, 245, 284, 293, 316, 329, 360] (39)
29 : [153, 159, 221, 233, 248, 314, 356, 364, 383] (39)
30 : [42, 45, 117, 151, 176, 223, 269, 355, 375] (40)
31 : [53, 54, 61, 68, 99, 179, 252, 264, 272, 296, 359, 365] (40)
32 : [21, 32, 105, 130, 259, 339, 386, 391] (40)
33 : [24, 100, 134, 163, 204, 207, 208, 377, 380] (40)
34 : [6, 57, 229, 258, 323, 325, 392, 397] (40)
35 : [51, 62, 90, 101, 106, 197, 205, 231, 280, 310, 330, 384] (41)
36 : [1, 44, 142, 156, 189, 253, 271, 351] (41)
37 : [75, 125, 212, 224, 234, 249, 250, 347, 349, 353, 376, 379] (41)
38 : [92, 119, 122, 169, 219, 255, 277, 342, 346, 395] (41)
39 : [3, 9, 30, 52, 86, 87, 236, 266, 282, 302] (41)
40 : [15, 150, 168, 300, 390] (41)
