Name: 400-30-45
Time: 11.384773015975952 
Result: 9
Solution:  5 38 18 39 7 1 34 23 13 40 18 1 22 21 3 40 28 10 6 17 4 30 18 14 33 1 27 20 5 9 40 17 31 22 1 29 29 27 11 15 2 1 30 8 33 30 22 11 1 18 23 35 40 31 32 18 23 39 1 7 24 31 38 19 26 2 4 10 27 11 28 21 23 19 14 38 7 23 17 8 1 15 14 7 28 16 40 39 29 4 34 20 38 12 25 12 24 21 15 28 34 39 31 9 19 34 35 19 17 6 27 4 6 2 3 4 13 31 11 38 16 7 40 23 0 35 1 0 21 20 34 25 9 5 33 3 0 2 21 12 14 13 35 17 15 16 20 4 20 11 36 30 6 27 23 13 37 16 14 27 20 25 1 32 15 6 14 16 35 37 26 12 10 14 15 26 32 8 24 29 14 5 4 22 14 25 24 15 8 39 28 5 23 12 5 3 6 32 16 10 24 22 19 17 36 35 14 33 32 25 20 12 39 10 16 10 27 14 22 36 28 29 21 32 40 3 16 0 8 34 21 34 13 29 37 29 39 26 2 12 28 9 23 27 22 26 2 11 29 35 33 12 29 36 10 37 22 11 36 33 0 9 8 3 33 16 38 19 12 30 6 35 31 9 5 15 19 38 11 5 34 22 32 18 27 24 23 17 17 23 20 9 14 27 7 18 31 26 20 4 36 9 37 22 6 20 15 2 24 24 36 3 3 0 29 26 25 21 8 21 25 5 25 33 12 37 15 6 3 28 35 12 8 13 3 12 15 14 8 32 6 2 38 5 7 18 38 38 33 37 1 40 27 36 11 30 29 21 20 29 31 14 7 26 26 32 1 17 23 17 22 14 11 19 23 30 35 30 11 34 34 12 14 28 36 19 32 9 8 25 40 36 33 2 15 38 13 34 9 6
0 : [124, 127, 136, 227, 260, 313] (33)
1 : [5, 11, 25, 34, 41, 48, 58, 80, 126, 162, 350, 366] (33)
2 : [40, 65, 113, 137, 238, 246, 307, 341, 393] (33)
3 : [14, 114, 135, 195, 225, 263, 311, 312, 328, 334] (33)
4 : [20, 66, 89, 111, 115, 147, 182, 299] (33)
5 : [0, 28, 133, 181, 191, 194, 274, 279, 321, 343] (33)
6 : [18, 109, 112, 152, 165, 196, 270, 304, 327, 340, 399] (33)
7 : [4, 59, 76, 83, 121, 294, 344, 362] (34)
8 : [43, 79, 177, 188, 228, 262, 318, 332, 338, 388] (33)
9 : [29, 103, 132, 241, 261, 273, 291, 301, 387, 398] (33)
10 : [17, 67, 172, 199, 213, 215, 254] (34)
11 : [38, 47, 69, 118, 149, 247, 257, 278, 354, 372, 378] (34)
12 : [93, 95, 139, 171, 193, 211, 239, 251, 268, 324, 331, 335, 381] (34)
13 : [8, 116, 141, 155, 232, 333, 396] (35)
14 : [23, 74, 82, 140, 158, 166, 173, 180, 184, 206, 217, 292, 337, 361, 371, 382] (34)
15 : [39, 81, 98, 144, 164, 174, 187, 275, 306, 326, 336, 394] (36)
16 : [85, 120, 145, 157, 167, 198, 214, 226, 265] (37)
17 : [19, 31, 78, 108, 143, 203, 287, 288, 367, 369] (36)
18 : [2, 10, 22, 49, 55, 283, 295, 345] (37)
19 : [63, 73, 104, 107, 202, 267, 276, 373, 385] (36)
20 : [27, 91, 129, 146, 148, 160, 210, 290, 298, 305, 358] (36)
21 : [13, 71, 97, 128, 138, 222, 230, 317, 319, 357] (38)
22 : [12, 33, 46, 183, 201, 218, 244, 256, 281, 303, 370] (37)
23 : [7, 50, 56, 72, 77, 123, 154, 192, 242, 286, 289, 368, 374] (38)
24 : [60, 96, 178, 186, 200, 285, 308, 309] (38)
25 : [94, 131, 161, 185, 209, 316, 320, 322, 389] (38)
26 : [64, 170, 175, 237, 245, 297, 315, 363, 364] (38)
27 : [26, 37, 68, 110, 153, 159, 216, 243, 284, 293, 352] (38)
28 : [16, 70, 84, 99, 190, 220, 240, 329, 383] (38)
29 : [35, 36, 88, 179, 221, 233, 235, 248, 252, 314, 356, 359] (39)
30 : [21, 42, 45, 151, 269, 355, 375, 377] (39)
31 : [32, 53, 61, 102, 117, 272, 296, 360] (39)
32 : [54, 163, 176, 197, 208, 223, 282, 339, 365, 386] (39)
33 : [24, 44, 134, 207, 250, 259, 264, 323, 348, 392] (40)
34 : [6, 90, 100, 105, 130, 229, 231, 280, 379, 380, 397] (40)
35 : [51, 106, 125, 142, 168, 205, 249, 271, 330, 376] (40)
36 : [150, 204, 219, 253, 258, 300, 310, 353, 384, 391] (41)
37 : [156, 169, 234, 255, 302, 325, 349] (40)
38 : [1, 62, 75, 92, 119, 266, 277, 342, 346, 347, 395] (40)
39 : [3, 57, 87, 101, 189, 212, 236] (42)
40 : [9, 15, 30, 52, 86, 122, 224, 351, 390] (40)
