Name: 400-20-30
Time: 10.989408731460571 
Result: 8
Solution:  1 37 25 5 13 6 11 30 11 34 40 14 20 18 27 33 2 21 0 16 34 17 39 38 1 36 9 3 15 26 33 20 37 10 24 9 20 3 0 37 36 33 18 26 29 29 15 11 4 13 5 30 34 4 15 34 19 26 35 9 18 16 33 14 38 33 24 28 18 2 19 20 17 39 12 3 26 12 7 11 10 16 24 9 24 26 3 22 18 34 34 28 36 29 23 6 22 7 19 19 19 34 19 25 27 7 18 36 35 28 8 0 38 14 27 5 20 22 24 12 30 19 31 37 7 19 33 29 21 31 36 15 1 20 9 34 0 5 40 29 27 38 26 40 12 3 19 11 16 32 26 37 15 17 30 28 26 16 14 2 23 12 39 23 7 11 19 22 32 23 8 13 8 38 19 20 13 13 0 18 10 25 32 28 31 5 27 8 32 17 29 30 24 4 30 35 27 17 17 18 28 37 37 12 15 21 4 25 40 14 3 15 21 26 20 4 7 28 10 31 28 33 22 40 25 13 32 12 9 2 7 9 26 31 0 40 2 19 21 35 10 31 9 38 1 12 30 37 5 36 11 2 39 31 1 1 1 17 27 13 27 35 13 0 16 25 4 13 38 25 31 4 14 0 6 8 6 3 9 32 8 7 38 28 11 39 31 40 34 11 22 37 27 2 10 5 30 16 21 10 5 33 30 2 25 6 37 12 32 25 36 2 40 24 11 4 23 17 4 14 40 7 10 16 24 4 26 14 1 14 35 35 17 33 30 39 39 18 40 32 14 26 0 12 14 39 12 34 30 14 38 21 4 3 23 2 10 26 18 24 24 32 33 22 10 31 6 36 38 3 7 29 14 27 30 28 29 3 23 36 9 16 23 36 0 20 28 0 19 27 20 4 3 39 36 18 29 7 2 20
0 : [18, 38, 111, 136, 178, 234, 263, 273, 342, 384, 387] (20)
1 : [0, 24, 132, 244, 254, 255, 256, 328] (20)
2 : [16, 69, 159, 229, 236, 251, 293, 303, 311, 355, 398] (20)
3 : [27, 37, 75, 86, 145, 210, 277, 353, 369, 377, 392] (21)
4 : [48, 53, 193, 206, 215, 266, 271, 315, 318, 325, 352, 391] (21)
5 : [3, 50, 115, 137, 185, 248, 295, 300] (20)
6 : [5, 95, 274, 276, 305, 366] (21)
7 : [78, 97, 105, 124, 164, 216, 230, 281, 321, 370, 397] (22)
8 : [110, 170, 172, 187, 275, 280] (24)
9 : [26, 35, 59, 83, 134, 228, 231, 242, 278, 380] (23)
10 : [33, 80, 180, 218, 240, 294, 299, 322, 356, 364] (21)
11 : [6, 8, 47, 79, 147, 165, 250, 284, 289, 314] (23)
12 : [74, 77, 119, 144, 161, 203, 227, 245, 307, 343, 346] (23)
13 : [4, 49, 171, 176, 177, 225, 259, 262, 267] (23)
14 : [11, 63, 113, 158, 209, 272, 319, 327, 329, 340, 344, 349, 372] (24)
15 : [28, 46, 54, 131, 152, 204, 211] (24)
16 : [19, 61, 81, 148, 157, 264, 297, 323, 381] (24)
17 : [21, 72, 153, 189, 197, 198, 257, 317, 332] (24)
18 : [13, 42, 60, 68, 88, 106, 179, 199, 337, 358, 395] (24)
19 : [56, 70, 98, 99, 100, 102, 121, 125, 146, 166, 174, 237, 388] (24)
20 : [12, 31, 36, 71, 116, 133, 175, 214, 385, 390, 399] (25)
21 : [17, 128, 205, 212, 238, 298, 351] (25)
22 : [87, 96, 117, 167, 222, 290, 363] (27)
23 : [94, 160, 163, 169, 316, 354, 378, 382] (26)
24 : [34, 66, 82, 84, 118, 192, 313, 324, 359, 360] (26)
25 : [2, 103, 181, 207, 224, 265, 269, 304, 309] (26)
26 : [29, 43, 57, 76, 85, 142, 150, 156, 213, 232, 326, 341, 357] (26)
27 : [14, 104, 114, 140, 186, 196, 258, 260, 292, 373, 389] (27)
28 : [67, 91, 109, 155, 183, 200, 217, 220, 283, 375, 386] (27)
29 : [44, 45, 93, 127, 139, 190, 371, 376, 396] (27)
30 : [7, 51, 120, 154, 191, 194, 246, 296, 302, 334, 348, 374] (27)
31 : [122, 129, 184, 219, 233, 241, 253, 270, 286, 365] (27)
32 : [149, 168, 182, 188, 226, 279, 308, 339, 361] (27)
33 : [15, 30, 41, 62, 65, 126, 221, 301, 333, 362] (27)
34 : [9, 20, 52, 55, 89, 90, 101, 135, 288, 347] (28)
35 : [58, 108, 195, 239, 261, 330, 331] (28)
36 : [25, 40, 92, 107, 130, 249, 310, 367, 379, 383, 394] (28)
37 : [1, 32, 39, 123, 151, 201, 202, 247, 291, 306] (27)
38 : [23, 64, 112, 141, 173, 243, 268, 282, 350, 368] (28)
39 : [22, 73, 162, 252, 285, 335, 336, 345, 393] (28)
40 : [10, 138, 143, 208, 223, 235, 287, 312, 320, 338] (28)
