Name: 400-40-60
Time: 11.587451934814453 
Result: 16
Solution:  10 33 15 15 21 39 9 34 31 17 17 17 20 17 8 32 3 12 4 20 38 14 35 10 26 8 40 7 6 20 6 12 24 5 11 9 18 36 27 21 13 40 8 7 14 2 36 20 10 8 34 2 2 27 16 26 37 4 25 14 9 17 40 39 2 6 9 26 35 29 23 5 12 19 16 13 38 21 19 18 0 25 24 33 22 17 23 4 10 29 4 15 1 29 14 22 17 3 11 15 37 23 40 24 40 4 16 12 19 6 0 6 21 17 25 2 28 16 39 33 19 22 28 38 7 22 22 19 25 33 8 26 28 23 38 25 29 28 29 37 1 10 24 38 23 18 29 10 11 23 10 21 14 30 10 31 5 11 26 22 15 25 25 33 37 6 6 11 31 39 14 19 23 4 20 39 0 21 3 13 33 5 16 8 4 10 38 30 24 24 16 32 28 13 9 30 24 9 8 18 33 27 2 15 8 27 12 25 17 13 27 31 20 36 35 36 17 8 35 0 3 30 14 33 29 9 38 14 1 12 29 28 37 28 16 19 21 3 34 13 32 38 9 6 8 25 19 19 37 40 18 38 2 18 10 15 30 33 29 31 27 1 36 30 29 22 9 20 3 5 27 11 25 9 32 33 0 40 40 26 7 30 38 5 19 7 23 35 34 24 20 30 35 25 14 11 13 38 31 4 31 3 20 31 19 34 32 37 23 9 0 4 35 23 3 40 5 40 5 28 7 27 4 1 20 40 40 3 38 23 6 30 2 19 18 20 0 29 40 39 1 9 3 17 29 35 21 33 23 3 4 36 4 32 3 37 23 28 7 8 10 16 16 18 14 40 27 3 26 13 31 9 37 24 26 3 4 18 25 10 21 9 1 35 25 14 22 12 31 31 13 31 32 39 23 6 23 13 2 16
0 : [80, 110, 176, 219, 276, 310, 336] (47)
1 : [92, 140, 228, 261, 323, 340, 382] (45)
2 : [45, 51, 52, 64, 115, 202, 252, 332, 398] (44)
3 : [16, 97, 178, 220, 237, 268, 301, 314, 327, 342, 349, 354, 367, 375] (44)
4 : [18, 57, 87, 90, 105, 173, 184, 299, 311, 322, 350, 352, 376] (44)
5 : [33, 71, 156, 181, 269, 283, 316, 318] (44)
6 : [28, 30, 65, 109, 111, 165, 166, 243, 330, 395] (44)
7 : [27, 43, 124, 280, 285, 320, 358] (44)
8 : [14, 25, 42, 49, 130, 183, 198, 204, 217, 244, 359] (44)
9 : [6, 35, 60, 66, 194, 197, 225, 242, 266, 273, 309, 341, 371, 381] (44)
10 : [0, 23, 48, 88, 141, 147, 150, 154, 185, 254, 360, 379] (46)
11 : [34, 98, 148, 157, 167, 271, 295] (47)
12 : [17, 31, 72, 107, 206, 229, 387] (48)
13 : [40, 75, 179, 193, 209, 239, 296, 369, 390, 397] (49)
14 : [21, 44, 59, 94, 152, 170, 222, 227, 294, 364, 385] (48)
15 : [2, 3, 91, 99, 160, 203, 255] (48)
16 : [54, 74, 106, 117, 182, 190, 234, 361, 362, 399] (48)
17 : [9, 10, 11, 13, 61, 85, 96, 113, 208, 216, 343] (48)
18 : [36, 79, 145, 199, 250, 253, 334, 363, 377] (49)
19 : [73, 78, 108, 120, 127, 171, 235, 246, 247, 284, 304, 333] (48)
20 : [12, 19, 29, 47, 174, 212, 267, 290, 302, 324, 335] (51)
21 : [4, 39, 77, 112, 151, 177, 236, 346, 380] (52)
22 : [84, 95, 121, 125, 126, 159, 265, 386] (52)
23 : [70, 86, 101, 133, 144, 149, 172, 286, 308, 313, 329, 348, 356, 394, 396] (52)
24 : [32, 82, 103, 142, 188, 189, 196, 289, 373] (52)
25 : [58, 81, 114, 128, 135, 161, 162, 207, 245, 272, 293, 378, 384] (52)
26 : [24, 55, 67, 131, 158, 279, 368, 374] (54)
27 : [38, 53, 201, 205, 210, 260, 270, 321, 366] (55)
28 : [116, 122, 132, 137, 192, 231, 233, 319, 357] (54)
29 : [69, 89, 93, 136, 138, 146, 224, 230, 258, 264, 337, 344] (55)
30 : [153, 187, 195, 221, 256, 263, 281, 291, 331] (56)
31 : [8, 155, 168, 211, 259, 298, 300, 303, 370, 388, 389, 391] (56)
32 : [15, 191, 240, 274, 306, 353, 392] (57)
33 : [1, 83, 119, 129, 163, 180, 200, 223, 257, 275, 347] (57)
34 : [7, 50, 238, 288, 305] (58)
35 : [22, 68, 214, 218, 287, 292, 312, 345, 383] (57)
36 : [37, 46, 213, 215, 262, 351] (58)
37 : [56, 100, 139, 164, 232, 248, 307, 355, 372] (58)
38 : [20, 76, 123, 134, 143, 186, 226, 241, 251, 282, 297, 328] (57)
39 : [5, 63, 118, 169, 175, 339, 393] (60)
40 : [26, 41, 62, 102, 104, 249, 277, 278, 315, 317, 325, 326, 338, 365] (57)
