Name: 400-20-30
Time: 11.058345556259155 
Result: 7
Solution:  2 37 26 5 20 1 11 35 12 34 39 18 21 18 27 33 3 20 0 13 33 15 38 35 0 39 7 3 15 26 34 19 37 7 22 9 20 2 0 37 38 35 14 26 29 31 17 13 8 12 7 28 34 2 14 34 20 30 36 8 16 17 32 15 39 33 24 25 19 1 19 21 19 38 13 3 25 11 7 9 11 19 21 9 25 25 4 22 17 33 35 33 37 34 23 11 17 8 21 19 19 30 19 27 24 6 17 37 36 27 9 1 37 14 29 5 18 21 25 13 31 19 29 38 8 19 33 26 23 28 36 16 3 21 9 32 0 6 39 28 25 38 24 35 12 6 23 10 15 32 27 38 15 19 29 28 27 15 14 5 21 12 38 23 6 10 20 18 35 23 11 14 5 38 19 21 13 13 0 14 9 24 29 36 30 6 26 8 34 16 29 30 21 4 30 34 27 18 14 17 24 36 34 12 16 18 5 28 37 12 4 16 22 26 20 2 9 28 10 29 27 32 22 40 25 13 33 11 11 0 8 10 27 32 0 40 1 20 22 36 10 28 9 35 0 12 31 39 5 37 12 0 35 30 1 2 4 15 27 9 27 31 14 4 16 26 5 10 37 22 30 3 11 1 7 7 5 3 9 31 8 6 38 27 13 36 31 40 34 12 22 36 27 2 12 7 30 21 21 11 4 32 31 6 24 2 36 12 33 24 35 0 39 21 12 6 23 15 5 10 40 7 12 13 27 3 25 14 3 15 33 37 16 32 30 39 40 18 40 28 13 26 1 11 16 40 10 34 30 14 38 22 4 5 22 2 11 23 24 25 27 31 31 22 10 33 6 35 37 3 7 34 14 27 33 27 29 2 23 35 8 15 20 37 1 20 29 1 23 28 20 4 5 39 29 15 28 8 1 20
0 : [18, 24, 38, 136, 178, 229, 234, 244, 251, 311] (20)
1 : [5, 69, 111, 236, 254, 273, 342, 384, 387, 398] (20)
2 : [0, 37, 53, 215, 255, 293, 305, 355, 377] (21)
3 : [16, 27, 75, 132, 271, 277, 325, 328, 369] (22)
4 : [86, 193, 210, 256, 263, 300, 352, 391] (20)
5 : [3, 115, 159, 172, 206, 248, 266, 276, 318, 353, 392] (20)
6 : [105, 137, 145, 164, 185, 281, 303, 315, 366] (21)
7 : [26, 33, 50, 78, 274, 275, 295, 321, 370] (22)
8 : [48, 59, 97, 124, 187, 230, 280, 380, 397] (22)
9 : [35, 79, 83, 110, 134, 180, 216, 242, 259, 278] (23)
10 : [147, 165, 218, 231, 240, 267, 319, 346, 364] (23)
11 : [6, 77, 80, 95, 170, 227, 228, 272, 299, 343, 356] (23)
12 : [8, 49, 144, 161, 203, 209, 245, 250, 289, 294, 307, 314, 322] (24)
13 : [19, 47, 74, 119, 176, 177, 225, 284, 323, 340] (24)
14 : [42, 54, 113, 158, 171, 179, 198, 262, 327, 349, 372] (25)
15 : [21, 28, 63, 148, 152, 157, 257, 317, 329, 381, 395] (26)
16 : [60, 131, 189, 204, 211, 264, 332, 344] (25)
17 : [46, 61, 88, 96, 106, 199] (26)
18 : [11, 13, 116, 167, 197, 205, 337] (26)
19 : [31, 68, 70, 72, 81, 99, 100, 102, 121, 125, 153, 174] (25)
20 : [4, 17, 36, 56, 166, 214, 237, 382, 385, 390, 399] (26)
21 : [12, 71, 82, 98, 117, 133, 160, 175, 192, 297, 298, 313] (25)
22 : [34, 87, 212, 222, 238, 269, 290, 351, 354, 363] (26)
23 : [94, 128, 146, 163, 169, 316, 357, 378, 388] (26)
24 : [66, 104, 142, 181, 200, 304, 309, 358] (26)
25 : [67, 76, 84, 85, 118, 140, 224, 326, 359] (26)
26 : [2, 29, 43, 127, 186, 213, 265, 341] (26)
27 : [14, 103, 109, 150, 156, 196, 220, 232, 258, 260, 283, 292, 324, 360, 373, 375] (27)
28 : [51, 129, 139, 155, 207, 217, 241, 339, 389, 396] (26)
29 : [44, 114, 122, 154, 182, 190, 219, 376, 386, 394] (27)
30 : [57, 101, 184, 191, 194, 253, 270, 296, 334, 348] (26)
31 : [45, 120, 246, 261, 279, 286, 302, 361, 362] (26)
32 : [62, 135, 149, 221, 233, 301, 333] (26)
33 : [15, 20, 65, 89, 91, 126, 226, 308, 330, 365, 374] (26)
34 : [9, 30, 52, 55, 93, 188, 195, 202, 288, 347, 371] (27)
35 : [7, 23, 41, 90, 143, 168, 243, 252, 310, 367, 379] (27)
36 : [58, 108, 130, 183, 201, 239, 285, 291, 306] (27)
37 : [1, 32, 39, 92, 107, 112, 208, 249, 268, 331, 368, 383] (27)
38 : [22, 40, 73, 123, 141, 151, 162, 173, 282, 350] (27)
39 : [10, 25, 64, 138, 247, 312, 335, 393] (27)
40 : [223, 235, 287, 320, 336, 338, 345] (26)
