Name: 400-40-60
Time: 11.627229452133179 
Result: 15
Solution:  10 34 15 14 21 36 5 33 29 17 17 16 19 17 6 31 5 11 4 25 37 15 37 11 26 9 39 7 6 20 4 13 24 6 13 8 18 36 26 24 15 40 10 8 14 1 37 20 10 7 31 2 0 29 13 26 39 4 25 12 9 17 40 39 6 4 7 26 38 29 23 5 8 19 14 13 36 22 18 20 1 25 24 31 22 17 26 7 9 30 3 19 0 30 15 21 17 0 11 14 35 24 36 24 40 4 14 12 19 7 0 9 21 13 25 0 28 16 32 33 21 19 28 39 7 20 21 16 25 34 6 22 30 23 39 25 29 28 33 37 0 10 24 38 23 15 27 10 12 23 13 22 14 30 9 27 6 12 26 21 18 25 26 31 37 2 6 11 32 38 14 20 22 2 20 36 0 24 4 12 31 2 19 8 4 10 40 32 23 24 16 36 30 13 5 31 30 8 5 18 34 27 1 17 5 26 15 24 16 13 28 31 20 35 34 37 17 9 36 1 4 34 14 32 26 7 38 19 1 12 28 29 36 28 16 18 18 6 34 15 35 36 9 4 8 25 19 20 36 39 18 38 1 18 10 15 29 33 28 31 26 0 36 34 25 16 9 20 3 5 29 11 28 10 32 38 0 40 39 24 9 29 38 4 18 6 23 36 35 25 22 29 36 30 10 13 9 38 30 6 27 3 18 30 19 34 31 37 22 13 0 6 37 23 3 38 5 40 5 32 4 27 6 3 20 39 40 3 36 24 7 28 3 16 21 23 2 27 39 32 1 9 3 18 28 35 22 33 22 5 6 35 2 30 2 40 23 30 9 8 6 19 16 18 15 39 27 5 27 13 29 8 39 23 26 2 4 16 25 10 23 9 5 34 26 13 23 15 38 31 13 29 31 39 22 11 24 15 1 17
0 : [52, 92, 97, 110, 115, 140, 176, 261, 276, 310] (44)
1 : [45, 80, 202, 219, 228, 252, 340, 398] (45)
2 : [51, 165, 173, 181, 336, 352, 354, 375] (44)
3 : [90, 268, 301, 314, 323, 327, 332, 342] (43)
4 : [18, 30, 57, 65, 105, 178, 184, 220, 243, 283, 320, 376] (43)
5 : [6, 16, 71, 194, 198, 204, 269, 316, 318, 349, 367, 382] (43)
6 : [14, 28, 33, 64, 130, 156, 166, 237, 285, 299, 311, 322, 350, 360] (43)
7 : [27, 49, 66, 87, 109, 124, 225, 330] (45)
8 : [35, 43, 72, 183, 197, 244, 359, 371] (45)
9 : [25, 60, 88, 111, 154, 217, 242, 266, 280, 296, 341, 358, 381] (45)
10 : [0, 42, 48, 141, 147, 185, 254, 273, 294, 379] (43)
11 : [17, 23, 98, 167, 271, 395] (50)
12 : [59, 107, 148, 157, 179, 229] (48)
13 : [31, 34, 54, 75, 113, 150, 193, 209, 295, 309, 369, 385, 390] (44)
14 : [3, 44, 74, 99, 106, 152, 170, 222] (49)
15 : [2, 21, 40, 94, 145, 206, 239, 255, 364, 387, 397] (48)
16 : [11, 117, 127, 190, 208, 234, 265, 333, 362, 377] (50)
17 : [9, 10, 13, 61, 85, 96, 203, 216, 399] (50)
18 : [36, 78, 160, 199, 235, 236, 250, 253, 284, 302, 343, 363] (50)
19 : [12, 73, 91, 108, 121, 182, 227, 246, 304, 361] (50)
20 : [29, 47, 79, 125, 171, 174, 212, 247, 267, 324] (52)
21 : [4, 95, 112, 120, 126, 159, 334] (53)
22 : [77, 84, 131, 151, 172, 290, 308, 346, 348, 394] (52)
23 : [70, 133, 144, 149, 188, 286, 313, 335, 356, 373, 380, 386] (53)
24 : [32, 39, 82, 101, 103, 142, 177, 189, 207, 279, 329, 396] (53)
25 : [19, 58, 81, 114, 128, 135, 161, 245, 264, 289, 378] (53)
26 : [24, 38, 55, 67, 86, 158, 162, 205, 224, 260, 374, 384] (54)
27 : [146, 155, 201, 300, 321, 337, 366, 368] (55)
28 : [116, 122, 137, 210, 230, 233, 258, 272, 331, 344] (55)
29 : [8, 53, 69, 136, 231, 256, 270, 281, 291, 370, 391] (56)
30 : [89, 93, 132, 153, 192, 196, 293, 298, 303, 353, 357] (55)
31 : [15, 50, 83, 163, 180, 195, 211, 259, 306, 389, 392] (55)
32 : [118, 168, 187, 223, 274, 319, 339] (56)
33 : [7, 119, 138, 257, 347] (58)
34 : [1, 129, 200, 214, 221, 238, 263, 305, 383] (56)
35 : [100, 213, 240, 288, 345, 351] (58)
36 : [5, 37, 76, 102, 175, 191, 218, 232, 241, 248, 262, 287, 292, 328] (57)
37 : [20, 22, 46, 139, 164, 215, 307, 312] (58)
38 : [68, 143, 169, 226, 251, 275, 282, 297, 315, 388] (58)
39 : [26, 56, 63, 123, 134, 249, 278, 325, 338, 365, 372, 393] (57)
40 : [41, 62, 104, 186, 277, 317, 326, 355] (57)
