Name: 400-50-80
Time: 11.27529525756836 
Result: 20
Solution:  19 9 39 15 14 10 8 33 23 15 10 34 31 29 2 30 21 9 36 11 25 8 10 17 29 19 10 19 16 7 23 21 32 18 24 18 4 12 3 15 30 12 30 10 35 4 1 32 40 0 32 30 21 6 32 36 4 24 17 21 16 18 31 8 30 25 11 7 39 34 0 20 16 31 37 21 32 21 36 10 2 39 35 13 20 30 17 14 29 26 32 40 11 27 26 26 9 5 5 37 14 17 36 22 19 40 29 40 0 11 34 4 7 3 33 36 9 22 23 13 22 35 31 1 0 27 23 38 25 37 2 33 17 27 26 14 13 28 24 35 11 22 39 8 3 40 13 24 15 0 17 20 20 12 38 36 12 6 29 8 8 35 10 27 32 21 21 18 9 0 34 12 5 31 17 31 37 38 32 5 26 10 29 1 32 8 20 35 8 22 9 35 3 33 26 11 21 5 35 27 24 17 34 12 34 27 15 35 40 31 3 8 25 5 21 12 37 1 28 11 8 7 29 7 38 36 25 29 24 33 11 16 1 6 36 33 11 31 21 26 1 11 5 35 18 26 22 24 16 8 37 20 24 14 10 34 8 25 38 37 0 0 1 7 33 27 7 23 16 24 23 5 17 13 8 22 17 33 22 6 38 2 7 23 5 15 11 8 8 10 1 14 11 7 13 18 37 4 15 5 2 0 39 34 39 30 6 14 8 27 29 25 18 20 27 26 25 27 20 32 7 1 8 3 2 8 30 25 15 14 39 38 39 16 7 23 6 26 29 34 25 15 0 16 15 6 37 14 23 33 28 0 34 21 14 4 13 1 24 29 31 9 32 27 14 24 12 11 24 15 29 22 31 7 38 1 28 1 40 8 23 40 21 27 0 35 25 24 20 38 36 28 39 15 39 0 28 4 3 19
0 : [49, 70, 108, 124, 149, 169, 260, 261, 301, 342, 351, 384, 395] (56)
1 : [46, 123, 183, 217, 232, 240, 262, 290, 321, 357, 375, 377] (56)
2 : [14, 80, 130, 281, 300, 324] (58)
3 : [38, 113, 144, 192, 210, 323, 398] (56)
4 : [36, 45, 56, 111, 297, 355, 397] (56)
5 : [97, 98, 172, 179, 197, 213, 242, 271, 284, 299] (57)
6 : [53, 157, 233, 279, 306, 336, 345] (57)
7 : [29, 67, 112, 221, 223, 263, 266, 282, 293, 320, 334, 373] (60)
8 : [6, 21, 63, 143, 159, 160, 185, 188, 211, 220, 249, 256, 274, 287, 288, 308, 322, 325, 379] (58)
9 : [1, 17, 96, 116, 168, 190, 361] (61)
10 : [5, 10, 22, 26, 43, 79, 162, 181, 254, 289] (62)
11 : [19, 66, 92, 109, 140, 195, 219, 230, 236, 241, 286, 292, 367] (65)
12 : [37, 41, 153, 156, 171, 203, 215, 366] (66)
13 : [83, 119, 136, 146, 273, 294, 356] (66)
14 : [4, 87, 100, 135, 253, 291, 307, 329, 347, 354, 364] (65)
15 : [3, 9, 39, 148, 206, 285, 298, 328, 341, 344, 369, 393] (66)
16 : [28, 60, 72, 231, 248, 268, 333, 343] (68)
17 : [23, 58, 86, 101, 132, 150, 174, 201, 272, 276] (66)
18 : [33, 35, 61, 167, 244, 295, 312] (69)
19 : [0, 25, 27, 104, 399] (68)
20 : [71, 84, 151, 152, 186, 251, 313, 318, 388] (68)
21 : [16, 31, 52, 59, 75, 77, 165, 166, 196, 214, 238, 353, 382] (68)
22 : [103, 117, 120, 141, 189, 246, 275, 278, 371] (68)
23 : [8, 30, 118, 126, 267, 270, 283, 335, 348, 380] (68)
24 : [34, 57, 138, 147, 200, 228, 247, 252, 269, 358, 365, 368, 387] (67)
25 : [20, 65, 128, 212, 226, 257, 311, 316, 327, 340, 386] (67)
26 : [89, 94, 95, 134, 180, 194, 239, 245, 315, 337] (70)
27 : [93, 125, 133, 163, 199, 205, 265, 309, 314, 317, 363, 383] (72)
28 : [137, 218, 350, 376, 391, 396] (71)
29 : [13, 24, 88, 106, 158, 182, 222, 227, 310, 338, 359, 370] (72)
30 : [15, 40, 42, 51, 64, 85, 305, 326] (74)
31 : [12, 62, 73, 122, 173, 175, 209, 237, 360, 372] (75)
32 : [32, 47, 50, 54, 76, 90, 164, 178, 184, 319, 362] (75)
33 : [7, 114, 131, 193, 229, 235, 264, 277, 349] (75)
34 : [11, 69, 110, 170, 202, 204, 255, 303, 339, 352] (76)
35 : [44, 82, 121, 139, 161, 187, 191, 198, 207, 243, 385] (75)
36 : [18, 55, 78, 102, 115, 155, 225, 234, 390] (76)
37 : [74, 99, 129, 176, 216, 250, 259, 296, 346] (76)
38 : [127, 154, 177, 224, 258, 280, 331, 374, 389] (76)
39 : [2, 68, 81, 142, 302, 304, 330, 332, 392, 394] (75)
40 : [48, 91, 105, 107, 145, 208, 378, 381] (75)
