Name: 400-20-30
Time: 11.2898690700531 
Result: 7
Solution:  2 36 25 5 17 6 10 35 10 34 40 17 20 18 26 33 2 22 3 14 33 15 38 38 2 39 9 3 16 29 33 21 37 8 24 12 22 4 1 37 34 34 14 27 31 29 15 11 4 12 5 28 34 6 14 34 20 25 37 10 18 19 28 14 40 32 25 27 20 2 23 21 19 40 11 3 26 11 10 11 11 21 21 9 24 25 4 23 17 33 34 30 36 31 23 6 20 8 21 19 19 31 21 24 22 7 16 35 35 28 7 0 37 14 27 6 18 22 24 12 31 19 31 38 7 19 31 29 20 30 36 15 2 21 9 33 2 5 38 29 28 38 23 35 14 4 19 12 15 33 25 36 15 21 28 27 23 17 13 4 23 13 39 24 7 12 19 24 33 25 11 12 8 38 16 24 13 15 0 14 9 26 33 29 30 4 27 8 32 16 29 31 23 4 27 34 27 18 15 18 25 39 35 13 17 17 7 25 36 12 3 15 23 25 20 4 11 28 10 29 26 37 22 40 27 14 33 10 10 1 9 10 26 30 2 38 0 19 21 35 10 31 9 35 2 13 28 36 6 34 13 1 36 32 1 0 2 17 27 13 27 32 12 0 16 23 5 9 38 22 30 6 13 4 4 7 5 3 9 27 8 3 37 26 9 40 36 39 34 14 22 36 25 0 13 6 28 22 22 5 3 35 30 3 22 1 36 12 34 24 36 4 40 25 11 3 23 16 4 14 40 8 10 13 27 3 26 14 2 16 37 35 15 33 30 39 40 18 40 32 13 26 1 11 14 39 8 35 32 17 40 19 5 3 21 1 11 26 21 22 30 31 32 23 10 36 4 36 37 5 10 29 16 28 32 25 29 1 20 39 5 16 18 37 0 22 26 1 17 27 20 5 5 39 30 14 28 5 2 18
0 : [111, 178, 236, 255, 263, 293, 384] (21)
1 : [38, 229, 251, 254, 305, 342, 355, 377, 387] (21)
2 : [0, 16, 24, 69, 132, 136, 234, 244, 256, 328, 398] (21)
3 : [18, 27, 75, 210, 277, 281, 300, 303, 315, 325, 353] (21)
4 : [37, 48, 86, 145, 159, 185, 193, 215, 273, 274, 311, 318, 366] (21)
5 : [3, 50, 137, 266, 276, 299, 352, 369, 380, 391, 392, 397] (21)
6 : [5, 53, 95, 115, 248, 271, 295] (21)
7 : [105, 110, 124, 164, 206, 275] (22)
8 : [33, 97, 172, 187, 280, 321, 346] (22)
9 : [26, 83, 134, 180, 230, 242, 267, 278, 284] (23)
10 : [6, 8, 59, 78, 218, 227, 228, 231, 240, 322, 364, 370] (22)
11 : [47, 74, 77, 79, 80, 170, 216, 314, 343, 356] (22)
12 : [35, 49, 119, 147, 165, 171, 209, 262, 307] (23)
13 : [158, 161, 176, 203, 245, 250, 259, 272, 294, 323, 340] (23)
14 : [19, 42, 54, 63, 113, 144, 179, 225, 289, 319, 327, 344, 395] (24)
15 : [21, 46, 131, 148, 152, 177, 198, 211, 332] (25)
16 : [28, 106, 174, 189, 264, 317, 329, 372, 381] (25)
17 : [4, 11, 88, 157, 204, 205, 257, 349, 388] (25)
18 : [13, 60, 116, 197, 199, 337, 382, 399] (26)
19 : [61, 72, 99, 100, 121, 125, 146, 166, 237, 351] (24)
20 : [12, 56, 68, 96, 128, 214, 378, 390] (25)
21 : [31, 71, 81, 82, 98, 102, 133, 153, 238, 354, 358] (25)
22 : [17, 36, 104, 117, 222, 269, 290, 297, 298, 304, 359, 385] (26)
23 : [70, 87, 94, 142, 156, 160, 192, 212, 265, 316, 363] (26)
24 : [34, 84, 103, 118, 163, 167, 175, 309] (25)
25 : [2, 57, 66, 85, 150, 169, 200, 207, 213, 292, 313, 375] (26)
26 : [14, 76, 181, 220, 232, 283, 326, 341, 357, 386] (26)
27 : [43, 67, 114, 155, 186, 194, 196, 224, 258, 260, 279, 324, 389] (26)
28 : [51, 62, 109, 140, 154, 217, 246, 296, 373, 396] (26)
29 : [29, 45, 127, 139, 183, 190, 219, 371, 376] (27)
30 : [91, 129, 184, 233, 270, 302, 334, 360, 394] (27)
31 : [44, 93, 101, 120, 122, 126, 191, 241, 361] (26)
32 : [65, 188, 253, 261, 339, 348, 362, 374] (27)
33 : [15, 20, 30, 89, 135, 149, 168, 182, 226, 333] (27)
34 : [9, 40, 41, 52, 55, 90, 195, 249, 288, 308] (28)
35 : [7, 107, 108, 143, 202, 239, 243, 301, 331, 347] (27)
36 : [1, 92, 130, 151, 208, 247, 252, 286, 291, 306, 310, 365, 367] (28)
37 : [32, 39, 58, 112, 221, 282, 330, 368, 383] (28)
38 : [22, 23, 123, 138, 141, 173, 235, 268] (27)
39 : [25, 162, 201, 287, 335, 345, 379, 393] (27)
40 : [10, 64, 73, 223, 285, 312, 320, 336, 338, 350] (28)
