Name: 400-20-30
Time: 11.304120540618896 
Result: 8
Solution:  0 35 25 6 13 2 10 30 11 35 39 18 21 18 27 33 2 20 1 14 34 17 38 36 2 36 8 1 16 30 33 17 37 10 24 8 23 1 1 37 39 33 14 27 30 31 14 12 4 12 4 28 34 4 15 34 19 26 35 8 17 19 32 16 39 33 25 25 19 1 21 19 19 38 11 3 29 12 9 10 11 18 21 9 24 25 2 25 17 37 36 29 37 34 26 7 18 7 22 20 20 34 19 27 24 7 17 33 35 27 9 0 39 14 28 6 19 23 24 13 30 19 29 40 9 19 28 26 22 31 36 15 1 19 9 32 1 6 40 27 25 36 28 40 12 6 18 9 14 32 26 37 16 21 30 28 23 14 13 4 21 12 39 23 5 12 20 18 31 23 9 13 5 36 16 21 13 13 0 17 10 24 32 28 32 6 26 8 33 22 29 31 22 3 29 35 27 15 14 16 26 39 35 12 15 23 7 27 37 12 6 16 22 26 20 2 7 28 10 31 29 37 22 40 26 19 34 11 9 0 8 10 27 30 1 38 1 21 21 35 10 27 12 35 0 12 28 39 5 33 10 4 38 31 1 1 0 18 28 9 27 32 14 2 17 26 6 15 38 21 30 2 13 4 6 11 6 3 9 29 8 7 40 27 8 36 31 40 34 11 23 37 26 1 12 11 31 21 22 6 3 31 29 4 28 3 37 12 32 24 36 2 39 25 14 4 24 14 6 11 40 7 11 15 26 6 26 15 3 16 35 38 15 34 30 39 40 22 40 30 13 26 1 8 16 39 10 34 31 17 38 20 4 6 21 1 10 25 24 23 25 33 33 23 12 31 4 36 37 5 7 29 15 27 30 28 28 2 20 39 5 16 18 37 0 21 29 6 18 27 20 4 3 40 37 15 28 7 4 17
0 : [0, 111, 178, 229, 244, 256, 384] (20)
1 : [18, 27, 37, 38, 69, 132, 136, 234, 236, 254, 255, 293, 342, 355] (20)
2 : [5, 16, 24, 86, 215, 263, 271, 311, 377] (21)
3 : [75, 193, 277, 300, 305, 328, 392] (21)
4 : [48, 50, 53, 159, 251, 273, 303, 315, 352, 366, 391, 398] (20)
5 : [164, 172, 248, 369, 380] (21)
6 : [3, 115, 137, 145, 185, 210, 266, 274, 276, 299, 318, 325, 353, 387] (21)
7 : [95, 97, 105, 206, 216, 281, 321, 370, 397] (21)
8 : [26, 35, 59, 187, 230, 280, 284, 343] (22)
9 : [78, 83, 110, 124, 134, 147, 170, 228, 259, 278] (22)
10 : [6, 33, 79, 180, 218, 231, 240, 250, 346, 356] (23)
11 : [8, 74, 80, 227, 275, 289, 295, 319, 322] (22)
12 : [47, 49, 77, 144, 161, 165, 203, 209, 242, 245, 294, 307, 364] (23)
13 : [4, 119, 158, 171, 176, 177, 272, 340] (25)
14 : [19, 42, 46, 113, 148, 157, 198, 262, 314, 317] (26)
15 : [54, 131, 197, 204, 267, 323, 327, 332, 372, 395] (25)
16 : [28, 63, 152, 174, 199, 211, 329, 344, 381] (25)
17 : [21, 31, 60, 88, 106, 179, 264, 349, 399] (25)
18 : [11, 13, 81, 96, 146, 167, 257, 382, 388] (26)
19 : [56, 61, 68, 71, 72, 102, 116, 121, 125, 133, 225] (25)
20 : [17, 99, 100, 166, 214, 351, 378, 390] (25)
21 : [12, 70, 82, 153, 160, 175, 237, 238, 269, 297, 354, 385] (25)
22 : [98, 128, 189, 192, 212, 222, 298, 337] (25)
23 : [36, 117, 156, 163, 169, 205, 290, 359, 363] (26)
24 : [34, 84, 104, 118, 181, 309, 316, 358] (26)
25 : [2, 66, 67, 85, 87, 140, 313, 357, 360] (26)
26 : [57, 94, 127, 150, 186, 200, 213, 224, 265, 292, 324, 326, 341] (26)
27 : [14, 43, 103, 109, 139, 196, 207, 232, 241, 260, 283, 373, 389] (27)
28 : [51, 114, 126, 142, 155, 183, 217, 246, 258, 304, 375, 376, 396] (26)
29 : [76, 91, 122, 190, 194, 220, 279, 302, 371, 386] (26)
30 : [7, 29, 44, 120, 154, 233, 270, 334, 339, 374] (26)
31 : [45, 129, 168, 191, 219, 253, 286, 296, 301, 348, 365] (26)
32 : [62, 135, 149, 182, 184, 261, 308] (27)
33 : [15, 30, 41, 65, 107, 188, 249, 361, 362] (28)
34 : [20, 52, 55, 93, 101, 226, 288, 333, 347] (27)
35 : [1, 9, 58, 108, 195, 202, 239, 243, 330] (28)
36 : [23, 25, 90, 130, 141, 173, 285, 310, 367] (28)
37 : [32, 39, 89, 92, 151, 208, 221, 291, 306, 368, 383, 394] (28)
38 : [22, 73, 235, 252, 268, 331, 350] (27)
39 : [10, 40, 64, 112, 162, 201, 247, 312, 335, 345, 379] (27)
40 : [123, 138, 143, 223, 282, 287, 320, 336, 338, 393] (27)
