Name: 400-50-80
Time: 11.44573163986206 
Result: 20
Solution:  17 10 39 13 12 10 8 33 20 15 9 38 28 28 3 30 21 10 36 12 25 8 10 20 29 19 10 16 17 9 23 20 32 17 24 22 3 9 6 18 34 12 33 9 37 4 0 32 40 1 30 31 17 8 31 35 5 25 14 23 15 18 27 8 31 22 11 7 39 35 0 20 15 32 39 18 34 16 36 11 4 37 34 15 19 31 19 14 29 26 35 39 11 29 26 26 13 2 5 34 15 14 37 21 19 40 27 40 1 10 30 3 7 1 30 35 9 23 22 13 23 32 30 1 0 29 19 38 25 40 1 35 17 27 26 12 13 25 21 35 11 22 37 8 3 40 12 25 17 0 17 18 20 15 39 34 12 7 31 7 7 39 4 27 32 22 19 24 10 0 36 12 11 33 19 32 38 37 31 8 27 12 28 2 33 9 21 35 8 21 5 36 3 29 26 10 21 6 36 27 21 17 33 12 33 27 14 34 39 30 7 6 23 5 20 13 32 2 29 9 7 8 31 10 40 33 23 29 23 32 11 18 2 4 36 33 13 28 19 28 1 8 0 37 18 26 22 23 16 9 35 20 20 12 10 38 9 27 39 37 0 0 3 7 35 27 4 25 16 22 19 5 17 13 8 24 19 35 22 6 38 1 7 19 5 14 12 7 9 9 2 15 13 9 14 19 37 0 13 3 2 2 39 34 40 26 6 14 6 25 30 24 20 19 28 23 24 30 22 32 7 0 7 2 2 6 33 21 16 16 37 37 38 18 5 24 6 30 31 31 25 16 0 20 16 9 36 14 23 35 26 4 32 17 16 6 13 6 25 28 31 10 32 31 15 25 12 11 27 14 30 21 34 7 38 1 28 0 40 7 20 39 20 27 0 36 27 24 20 38 38 26 39 12 36 0 29 8 3 22
0 : [46, 70, 124, 149, 169, 242, 260, 261, 297, 321, 342, 377, 384, 395] (55)
1 : [49, 108, 113, 123, 130, 240, 281, 375] (57)
2 : [97, 183, 217, 232, 290, 300, 301, 323, 324] (55)
3 : [14, 36, 111, 144, 192, 262, 299, 398] (57)
4 : [45, 80, 162, 233, 266, 351] (57)
5 : [56, 98, 190, 213, 271, 284, 334] (57)
6 : [38, 197, 211, 279, 306, 308, 325, 336, 355, 357] (56)
7 : [67, 112, 157, 159, 160, 210, 220, 263, 282, 287, 320, 322, 373, 379] (57)
8 : [6, 21, 53, 63, 143, 179, 188, 221, 241, 274, 397] (59)
9 : [10, 29, 37, 43, 116, 185, 219, 249, 256, 288, 289, 293, 345] (58)
10 : [1, 5, 17, 22, 26, 109, 168, 195, 223, 254, 361] (60)
11 : [66, 79, 92, 140, 172, 230, 367] (64)
12 : [4, 19, 41, 135, 146, 156, 171, 181, 203, 253, 286, 366, 393] (65)
13 : [3, 96, 119, 136, 215, 236, 273, 292, 298, 356] (64)
14 : [58, 87, 101, 206, 285, 294, 307, 347, 369] (65)
15 : [9, 60, 72, 83, 100, 153, 291, 364] (66)
16 : [27, 77, 248, 268, 328, 329, 341, 344, 354] (69)
17 : [0, 28, 33, 52, 132, 148, 150, 201, 272, 353] (68)
18 : [39, 61, 75, 151, 231, 244, 333] (68)
19 : [25, 84, 86, 104, 126, 166, 174, 238, 270, 276, 283, 295, 313] (74)
20 : [8, 23, 31, 71, 152, 214, 251, 252, 312, 343, 380, 382, 388] (70)
21 : [16, 103, 138, 186, 189, 196, 200, 327, 371] (69)
22 : [35, 65, 118, 141, 165, 246, 269, 278, 318, 399] (66)
23 : [30, 59, 117, 120, 212, 226, 228, 247, 315, 348] (71)
24 : [34, 167, 275, 311, 316, 335, 387] (71)
25 : [20, 57, 128, 137, 147, 267, 309, 340, 358, 365] (71)
26 : [89, 94, 95, 134, 194, 245, 305, 350, 391] (73)
27 : [62, 106, 133, 163, 180, 199, 205, 257, 265, 368, 383, 386] (73)
28 : [12, 13, 182, 237, 239, 314, 359, 376] (74)
29 : [24, 88, 93, 125, 193, 218, 227, 396] (74)
30 : [15, 50, 110, 114, 122, 209, 310, 317, 337, 370] (73)
31 : [51, 54, 64, 85, 158, 178, 222, 338, 339, 360, 363] (74)
32 : [32, 47, 73, 121, 164, 175, 216, 229, 319, 352, 362] (74)
33 : [7, 42, 173, 184, 202, 204, 225, 235, 326] (75)
34 : [40, 76, 82, 99, 155, 207, 303, 372] (74)
35 : [55, 69, 90, 115, 131, 139, 187, 250, 264, 277, 349] (73)
36 : [18, 78, 170, 191, 198, 234, 346, 385, 394] (73)
37 : [44, 81, 102, 142, 177, 243, 259, 296, 330, 331] (75)
38 : [11, 127, 176, 255, 280, 332, 374, 389, 390] (75)
39 : [2, 68, 74, 91, 154, 161, 208, 258, 302, 381, 392] (73)
40 : [48, 105, 107, 129, 145, 224, 304, 378] (73)
