Name: 600-40-60
Time: 18.210905075073242 
Result: 16
Solution:  11 0 11 11 11 33 24 52 10 27 56 1 32 21 2 33 12 56 25 17 38 54 37 53 3 43 53 24 34 11 18 34 30 30 27 47 50 0 59 59 44 34 57 1 53 55 3 28 30 11 11 44 15 33 48 24 6 13 16 37 40 16 35 11 7 27 22 31 49 60 19 32 16 57 5 38 51 35 47 37 28 41 14 36 58 37 0 36 58 21 49 25 17 21 42 56 27 19 20 11 60 24 18 19 36 32 5 36 24 20 58 31 7 30 45 26 49 60 1 29 40 7 19 14 18 7 24 0 41 3 43 14 33 10 60 13 33 8 34 42 35 0 8 46 54 45 53 51 43 52 44 47 57 41 23 34 20 59 12 29 21 40 41 50 34 13 13 37 57 1 60 56 49 16 14 33 46 58 45 53 34 24 17 19 30 8 44 30 46 25 31 25 0 57 38 12 8 37 9 36 20 39 18 48 13 20 59 47 41 28 7 50 43 1 29 12 56 4 28 45 23 35 1 43 50 55 7 53 38 19 22 4 19 38 54 32 50 16 34 22 39 5 52 9 59 56 33 14 20 56 29 3 50 44 6 30 15 43 29 20 37 53 12 58 23 21 56 55 3 17 13 2 30 54 46 56 22 36 59 35 44 58 39 22 25 49 12 26 33 60 44 9 35 23 44 45 51 22 53 48 33 34 55 50 32 50 32 53 39 57 11 31 49 46 56 33 48 9 18 0 32 32 33 8 6 21 15 5 4 26 52 9 48 60 23 14 15 57 9 37 29 19 33 4 15 24 7 29 19 30 22 17 31 15 54 53 34 0 55 11 30 26 27 18 32 49 34 20 51 6 8 52 59 20 13 32 58 10 47 28 49 27 6 46 26 44 18 14 24 35 6 19 39 52 47 30 55 39 44 46 8 46 2 20 49 16 18 60 55 38 35 24 43 8 3 40 5 0 26 56 22 58 42 33 1 40 31 12 17 16 27 10 11 16 42 45 47 22 11 22 5 11 0 28 40 4 35 20 38 11 39 33 25 51 28 51 3 5 35 45 2 51 51 0 31 46 59 19 51 14 55 17 17 2 44 5 41 43 40 59 58 25 20 31 55 47 4 52 54 11 46 36 42 8 5 25 23 14 26 11 49 46 59 13 30 58 21 5 54 39 42 41 22 31 18 39 59 17 4 2 23 27 7 13 37 24 46 11 23 36 47 48 6 35 58 35 9 57 57 36 34 9 42 49 2 27 45 44 20 44 37 15 42 43 16 57 15 56 9 24 48 23 12 5 8 29 51 22 39 37 39 4 7 4 52 56 16 1 43 58 11 31 41 43 1 4 23 48 40 4 28 7 1 16 27 19 35 31 13 41
0 : [1, 37, 86, 127, 141, 192, 319, 357, 417, 442, 463] (43)
1 : [11, 43, 118, 169, 213, 222, 424, 577, 584, 592] (44)
2 : [14, 271, 402, 460, 473, 519, 544] (43)
3 : [24, 46, 129, 251, 268, 414, 456] (43)
4 : [217, 231, 328, 343, 445, 486, 518, 571, 573, 585, 589] (43)
5 : [74, 106, 241, 327, 416, 440, 457, 475, 494, 507, 563] (43)
6 : [56, 254, 324, 369, 382, 390, 532] (44)
7 : [64, 112, 121, 125, 210, 226, 346, 522, 572, 591] (44)
8 : [137, 142, 185, 196, 323, 370, 400, 413, 493, 564] (44)
9 : [198, 243, 291, 317, 331, 338, 536, 541, 558] (44)
10 : [8, 133, 377, 431] (44)
11 : [0, 2, 3, 4, 29, 49, 50, 63, 99, 310, 359, 432, 438, 441, 449, 489, 499, 527, 580] (45)
12 : [16, 158, 195, 215, 262, 286, 427, 562] (45)
13 : [57, 135, 165, 166, 204, 270, 374, 503, 523, 598] (46)
14 : [82, 123, 131, 174, 247, 335, 387, 469, 497] (45)
15 : [52, 256, 326, 336, 344, 353, 551, 556] (45)
16 : [58, 61, 72, 173, 237, 405, 429, 433, 554, 576, 593] (46)
17 : [19, 92, 182, 269, 351, 428, 471, 472, 517] (46)
18 : [30, 102, 124, 202, 318, 363, 386, 406, 514] (45)
19 : [70, 97, 103, 122, 183, 229, 232, 341, 348, 391, 467, 595] (45)
20 : [98, 109, 156, 200, 205, 248, 259, 367, 373, 403, 447, 482, 548] (46)
21 : [13, 89, 93, 160, 265, 325, 506] (48)
22 : [66, 230, 239, 276, 283, 297, 350, 420, 437, 439, 512, 567] (48)
23 : [154, 220, 264, 293, 334, 496, 520, 528, 561, 586] (49)
24 : [6, 27, 55, 101, 108, 126, 181, 345, 388, 411, 525, 559] (49)
25 : [18, 91, 189, 191, 284, 452, 481, 495] (49)
26 : [115, 287, 329, 361, 384, 418, 498] (50)
27 : [9, 34, 65, 96, 362, 381, 430, 521, 545, 594] (49)
28 : [47, 80, 209, 218, 379, 443, 454, 590] (49)
29 : [119, 159, 214, 250, 258, 340, 347, 565] (51)
30 : [32, 33, 48, 113, 184, 187, 255, 272, 349, 360, 395, 504] (49)
31 : [67, 111, 190, 311, 352, 426, 464, 483, 513, 581, 597] (49)
32 : [12, 71, 105, 235, 304, 306, 320, 321, 364, 375] (50)
33 : [5, 15, 53, 132, 136, 175, 246, 288, 300, 315, 322, 342, 423, 451] (50)
34 : [28, 31, 41, 138, 155, 164, 180, 238, 301, 356, 366, 540] (50)
35 : [62, 77, 140, 221, 279, 292, 389, 410, 446, 458, 533, 535, 596] (52)
36 : [83, 87, 104, 107, 199, 277, 491, 529, 539] (54)
37 : [22, 59, 79, 85, 167, 197, 260, 339, 524, 550, 569] (54)
38 : [20, 75, 194, 228, 233, 409, 448] (55)
39 : [201, 240, 282, 308, 392, 397, 450, 509, 515, 568, 570] (55)
40 : [60, 120, 161, 415, 425, 444, 478, 588] (55)
41 : [81, 128, 153, 162, 208, 476, 511, 582, 599] (55)
42 : [94, 139, 422, 434, 492, 510, 542, 552] (54)
43 : [25, 130, 148, 212, 223, 257, 412, 477, 553, 578, 583] (56)
44 : [40, 51, 150, 186, 253, 280, 290, 294, 385, 398, 474, 547, 549] (56)
45 : [114, 145, 178, 219, 295, 435, 459, 546] (58)
46 : [143, 176, 188, 274, 313, 383, 399, 401, 465, 490, 501, 526] (56)
47 : [35, 78, 151, 207, 378, 394, 436, 485, 530] (57)
48 : [54, 203, 299, 316, 332, 531, 560, 587] (58)
49 : [68, 90, 116, 172, 285, 312, 365, 380, 404, 500, 543] (58)
50 : [36, 163, 211, 224, 236, 252, 303, 305] (57)
51 : [76, 147, 296, 368, 453, 455, 461, 462, 468, 566] (59)
52 : [7, 149, 242, 330, 371, 393, 487, 574] (57)
53 : [23, 26, 44, 146, 179, 227, 261, 298, 307, 355] (58)
54 : [21, 144, 234, 273, 354, 488, 508] (59)
55 : [45, 225, 267, 302, 358, 396, 408, 470, 484] (57)
56 : [10, 17, 95, 171, 216, 245, 249, 266, 275, 314, 419, 557, 575] (57)
57 : [42, 73, 152, 168, 193, 309, 337, 537, 538, 555] (57)
58 : [84, 88, 110, 177, 263, 281, 376, 421, 480, 505, 534, 579] (56)
59 : [38, 39, 157, 206, 244, 278, 372, 466, 479, 502, 516] (56)
60 : [69, 100, 117, 134, 170, 289, 333, 407] (57)
