Name: 600-30-45
Time: 17.80154514312744 
Result: 12
Solution:  9 25 60 44 51 21 38 48 29 57 24 22 8 1 48 46 17 48 18 7 14 12 11 25 44 30 50 32 58 10 32 13 23 1 21 42 3 6 0 20 33 48 26 6 27 37 16 49 56 26 25 55 34 20 33 36 0 14 59 60 46 23 9 15 46 4 7 1 35 11 46 7 29 48 34 29 16 29 11 2 18 6 23 55 38 25 45 53 31 55 53 48 11 19 29 19 20 51 14 7 26 48 17 40 44 31 59 28 27 30 48 28 52 43 45 1 32 42 30 10 46 21 60 31 59 55 7 37 53 42 52 28 18 56 20 59 57 6 41 37 5 57 30 40 1 53 38 38 21 41 14 15 60 46 51 47 27 48 9 2 20 41 59 44 40 16 30 42 5 4 7 43 57 32 31 43 19 51 33 27 34 7 52 56 28 53 59 25 48 47 38 29 54 8 54 27 9 15 32 14 6 16 58 55 26 57 24 28 8 33 33 43 0 15 59 23 36 53 5 53 27 30 12 25 38 35 26 42 19 6 27 30 19 17 16 49 12 12 42 15 52 25 21 47 55 58 22 49 8 1 56 25 16 18 0 14 16 4 35 2 57 18 22 8 11 58 33 39 5 59 23 37 34 28 14 45 13 31 56 7 56 45 23 54 49 10 22 50 16 13 20 55 18 55 12 33 52 17 7 29 8 27 20 50 60 46 42 7 1 14 24 26 11 23 40 35 55 59 52 2 40 27 50 39 3 39 5 40 54 21 59 38 15 50 39 53 10 21 30 2 2 48 40 21 24 41 7 8 49 13 3 14 56 58 19 17 18 39 38 60 47 11 52 38 47 23 39 39 10 10 16 56 45 26 45 13 36 40 45 18 39 58 35 15 21 30 7 15 44 3 10 36 44 14 33 27 25 60 57 45 35 12 41 6 34 36 32 7 47 30 39 52 16 27 1 6 30 31 32 31 23 11 25 6 17 25 51 5 3 23 14 43 52 2 9 59 46 41 49 60 27 42 35 41 9 54 10 22 45 34 41 35 10 48 18 49 25 43 8 7 20 1 47 13 11 11 38 33 18 55 43 22 56 33 26 7 57 40 54 17 58 43 18 36 43 48 59 24 22 8 5 29 3 29 0 35 0 50 16 29 23 1 12 14 37 53 36 42 21 17 51 29 17 8 24 0 60 54 10 3 17 14 8 40 43 40 31 28 53 19 36 24 36 40 10 7 16 39 57 40 1 35 37 6 25 57 42 42 26 45 5 56 20 36 47 26 55 47 9 9 51 4 52 50 33 34 58 49 59 36 32 44 34 5 1 19 23 37 51 32 25 32 22 1 54 50 16 17 1 57 2 34 34 44 6 45 4 43 4 27
0 : [38, 56, 212, 254, 494, 496, 515] (31)
1 : [13, 33, 67, 115, 144, 249, 308, 414, 461, 501, 540, 574, 583, 588] (31)
2 : [79, 159, 259, 319, 339, 340, 433, 590] (31)
3 : [36, 324, 350, 389, 428, 492, 519] (32)
4 : [65, 169, 257, 561, 596, 598] (32)
5 : [140, 168, 218, 268, 326, 427, 490, 550, 573] (32)
6 : [37, 43, 81, 137, 200, 229, 403, 415, 423, 543, 594] (32)
7 : [19, 66, 71, 99, 126, 170, 181, 279, 298, 307, 346, 386, 407, 459, 475, 535] (32)
8 : [12, 193, 208, 248, 263, 300, 347, 458, 489, 513, 522] (32)
9 : [0, 62, 158, 196, 434, 444, 558, 559] (33)
10 : [29, 119, 285, 336, 368, 369, 390, 446, 452, 518, 534] (32)
11 : [22, 69, 78, 92, 264, 312, 361, 421, 464, 465] (34)
12 : [21, 222, 236, 237, 294, 401, 502] (34)
13 : [31, 276, 289, 349, 375, 463] (34)
14 : [20, 57, 98, 150, 199, 255, 274, 309, 351, 393, 430, 503, 521] (34)
15 : [63, 151, 197, 213, 239, 332, 383, 387] (35)
16 : [46, 76, 165, 201, 234, 252, 256, 288, 370, 412, 498, 536, 586] (35)
17 : [16, 102, 233, 297, 355, 424, 479, 509, 512, 520, 587] (34)
18 : [18, 80, 132, 253, 261, 292, 356, 379, 454, 468, 482] (35)
19 : [93, 95, 176, 228, 232, 354, 529, 575] (35)
20 : [39, 53, 96, 134, 160, 290, 302, 460, 552] (35)
21 : [5, 34, 121, 148, 242, 329, 337, 343, 384, 508] (36)
22 : [11, 246, 262, 286, 447, 471, 488, 582] (36)
23 : [32, 61, 82, 215, 270, 282, 313, 365, 420, 429, 500, 576] (36)
24 : [10, 206, 310, 344, 487, 514, 531] (36)
25 : [1, 23, 50, 85, 187, 223, 241, 251, 396, 422, 425, 456, 544, 580] (36)
26 : [42, 49, 100, 204, 226, 311, 373, 474, 548, 555] (37)
27 : [44, 108, 156, 179, 195, 220, 230, 301, 321, 395, 413, 440, 599] (37)
28 : [107, 111, 131, 184, 207, 273, 527] (38)
29 : [8, 72, 75, 77, 94, 191, 299, 491, 493, 499, 511] (36)
30 : [25, 109, 118, 142, 166, 221, 231, 338, 385, 409, 416] (38)
31 : [88, 105, 123, 174, 277, 417, 419, 526] (38)
32 : [27, 30, 116, 173, 198, 406, 418, 570, 579, 581] (37)
33 : [40, 54, 178, 209, 210, 266, 295, 394, 467, 473, 564] (38)
34 : [52, 74, 180, 272, 404, 449, 565, 572, 591, 592] (37)
35 : [68, 225, 258, 315, 382, 400, 442, 451, 495, 541] (37)
36 : [55, 216, 376, 391, 405, 483, 506, 530, 532, 553, 569] (38)
37 : [45, 127, 139, 271, 504, 542, 577] (39)
38 : [6, 84, 146, 147, 190, 224, 331, 358, 363, 466] (38)
39 : [267, 323, 325, 334, 357, 366, 367, 380, 410, 537] (40)
40 : [103, 143, 164, 314, 320, 327, 342, 377, 477, 523, 525, 533, 539] (40)
41 : [138, 149, 161, 345, 402, 437, 443, 450] (40)
42 : [35, 117, 129, 167, 227, 238, 306, 441, 507, 546, 547] (40)
43 : [113, 171, 175, 211, 431, 457, 470, 481, 484, 524, 597] (41)
44 : [3, 24, 104, 163, 388, 392, 571, 593] (41)
45 : [86, 114, 275, 281, 372, 374, 378, 399, 448, 549, 595] (41)
46 : [15, 60, 64, 70, 120, 153, 305, 436] (41)
47 : [155, 189, 243, 360, 364, 408, 462, 554, 557] (41)
48 : [7, 14, 17, 41, 73, 91, 101, 110, 157, 188, 341, 453, 485] (42)
49 : [47, 235, 247, 284, 348, 438, 455, 567] (41)
50 : [26, 287, 303, 322, 333, 497, 563, 585] (42)
51 : [4, 97, 154, 177, 426, 510, 560, 578] (41)
52 : [112, 130, 182, 240, 296, 318, 362, 411, 432, 562] (42)
53 : [87, 90, 128, 145, 185, 217, 219, 335, 505, 528] (42)
54 : [192, 194, 283, 328, 445, 478, 517, 584] (42)
55 : [51, 83, 89, 125, 203, 244, 291, 293, 316, 469, 556] (42)
56 : [48, 133, 183, 250, 278, 280, 352, 371, 472, 551] (42)
57 : [9, 136, 141, 172, 205, 260, 398, 476, 538, 545, 589] (42)
58 : [28, 202, 245, 265, 353, 381, 480, 566] (43)
59 : [58, 106, 124, 135, 162, 186, 214, 269, 317, 330, 435, 486, 568] (43)
60 : [2, 59, 122, 152, 304, 359, 397, 439, 516] (42)
