Name: 600-40-60
Time: 18.292070150375366 
Result: 14
Solution:  11 2 12 11 11 32 23 53 12 28 56 1 30 24 2 33 14 57 30 16 43 60 37 54 4 44 53 25 30 12 16 35 30 28 27 48 50 4 60 60 44 32 53 0 52 59 3 25 29 13 12 44 14 32 49 23 8 13 16 36 39 13 34 12 9 31 23 29 50 57 19 31 10 57 5 40 46 35 45 39 25 37 15 38 58 36 1 36 60 20 50 26 16 24 42 55 28 18 17 11 59 23 20 14 38 30 7 37 22 17 56 29 7 28 42 27 52 58 1 28 39 7 15 17 19 8 24 0 43 6 49 20 33 10 59 13 31 8 34 43 36 3 8 47 51 45 58 49 43 52 44 50 55 41 21 34 20 57 7 29 21 45 43 51 33 13 13 36 56 3 57 58 50 15 14 34 46 57 47 53 33 23 17 15 31 9 47 30 47 26 32 26 2 56 38 7 11 35 10 34 13 43 19 46 11 20 60 47 40 27 12 49 44 1 28 10 59 5 28 44 21 33 1 43 50 56 4 54 39 22 22 2 19 37 54 35 44 13 32 23 39 4 52 9 58 54 32 14 20 55 29 0 50 44 5 31 18 42 29 20 39 57 14 59 23 21 55 56 5 19 8 4 30 55 47 54 18 37 59 36 45 55 37 20 29 51 11 25 32 60 46 8 33 22 42 48 54 21 53 47 35 33 57 50 34 48 28 55 41 55 14 33 49 43 56 33 51 13 14 5 32 32 35 7 6 22 12 4 3 26 52 12 48 60 22 16 15 58 8 37 29 18 29 7 16 23 13 27 20 29 19 18 31 15 54 53 32 0 51 11 32 24 25 19 31 49 31 17 50 6 2 51 54 20 13 35 57 10 45 30 54 31 4 50 25 44 17 12 24 35 6 20 37 52 49 30 56 38 41 46 8 44 2 20 51 14 17 59 59 38 34 25 42 8 10 40 4 2 24 54 25 57 43 34 0 40 30 15 19 16 28 11 6 12 42 42 51 23 9 21 3 12 0 29 40 4 36 23 38 8 41 35 25 49 27 52 1 6 36 46 5 52 45 0 32 46 60 20 49 14 55 19 21 2 46 6 40 42 40 59 58 27 20 27 54 48 1 51 53 12 48 36 40 7 5 25 22 15 25 13 45 46 57 16 26 58 22 6 55 38 45 46 21 33 16 39 58 18 5 0 26 23 4 14 38 22 46 12 23 36 47 48 3 35 58 36 5 53 57 37 34 2 41 50 1 31 47 45 16 44 36 18 46 49 18 58 16 56 9 23 49 28 12 5 8 28 51 22 34 38 38 3 5 3 51 51 13 2 42 56 11 30 39 49 2 2 22 48 40 6 30 4 1 17 28 20 37 31 10 37
0 : [43, 127, 251, 357, 424, 442, 463, 519] (43)
1 : [11, 86, 118, 213, 222, 456, 486, 544, 592] (43)
2 : [1, 14, 192, 231, 370, 402, 417, 473, 541, 577, 584, 585] (43)
3 : [46, 141, 169, 328, 440, 532, 571, 573] (43)
4 : [24, 37, 226, 241, 271, 327, 382, 416, 445, 522, 591] (43)
5 : [74, 217, 254, 268, 319, 460, 494, 518, 536, 563, 572] (43)
6 : [129, 324, 369, 390, 432, 457, 475, 507, 589] (43)
7 : [106, 112, 121, 158, 195, 323, 343, 493] (44)
8 : [56, 125, 137, 142, 270, 291, 338, 400, 413, 449, 564] (44)
9 : [64, 185, 243, 438, 558] (46)
10 : [72, 133, 198, 215, 377, 414, 598] (45)
11 : [0, 3, 4, 99, 196, 204, 286, 359, 431, 580] (45)
12 : [2, 8, 29, 50, 63, 210, 326, 331, 387, 433, 441, 489, 527, 562] (44)
13 : [49, 57, 61, 135, 165, 166, 200, 237, 317, 346, 374, 499, 576] (45)
14 : [16, 52, 103, 174, 247, 262, 310, 318, 405, 469, 523] (46)
15 : [82, 122, 173, 183, 336, 353, 427, 497] (46)
16 : [19, 30, 58, 92, 335, 344, 429, 503, 514, 548, 556] (46)
17 : [98, 109, 123, 182, 367, 386, 406, 593] (46)
18 : [97, 256, 276, 341, 351, 517, 551, 554] (46)
19 : [70, 124, 202, 232, 269, 350, 363, 428, 471] (46)
20 : [89, 102, 131, 156, 205, 248, 259, 283, 348, 373, 391, 403, 467, 482, 595] (46)
21 : [154, 160, 220, 265, 297, 439, 472, 512] (48)
22 : [108, 229, 230, 293, 325, 334, 496, 506, 525, 567, 586] (48)
23 : [6, 55, 66, 101, 181, 239, 264, 345, 437, 447, 521, 528, 559] (49)
24 : [13, 93, 126, 361, 388, 418] (49)
25 : [27, 47, 80, 287, 362, 384, 411, 420, 452, 495, 498] (48)
26 : [91, 189, 191, 329, 504, 520] (48)
27 : [34, 115, 209, 347, 454, 481, 483] (48)
28 : [9, 33, 96, 113, 119, 214, 218, 306, 430, 561, 565, 594] (49)
29 : [48, 67, 111, 159, 250, 258, 284, 340, 342, 349, 443] (50)
30 : [12, 18, 28, 32, 105, 187, 272, 379, 395, 426, 581, 590] (48)
31 : [65, 71, 136, 184, 255, 352, 364, 366, 381, 545, 597] (50)
32 : [5, 41, 53, 190, 238, 246, 288, 320, 321, 356, 360, 464] (50)
33 : [15, 132, 164, 180, 221, 292, 301, 311, 315, 513] (51)
34 : [62, 138, 155, 175, 199, 304, 410, 423, 540, 568] (53)
35 : [31, 77, 197, 235, 300, 322, 375, 389, 451, 533] (52)
36 : [59, 85, 87, 140, 167, 279, 446, 458, 491, 529, 535, 550] (53)
37 : [22, 81, 107, 233, 277, 282, 339, 392, 539, 596, 599] (52)
38 : [83, 104, 194, 397, 409, 448, 509, 524, 569, 570] (55)
39 : [60, 79, 120, 228, 240, 260, 515, 582] (56)
40 : [75, 208, 415, 425, 444, 476, 478, 492, 588] (56)
41 : [153, 308, 398, 450, 542] (57)
42 : [94, 114, 257, 294, 412, 434, 435, 477, 578] (57)
43 : [20, 128, 139, 148, 162, 201, 223, 313, 422] (57)
44 : [25, 40, 51, 150, 212, 219, 236, 253, 385, 401, 549] (57)
45 : [78, 145, 161, 280, 378, 462, 500, 510, 547] (57)
46 : [76, 176, 203, 290, 399, 459, 465, 474, 501, 511, 526, 552] (57)
47 : [143, 178, 186, 188, 207, 274, 299, 530, 546] (56)
48 : [35, 295, 305, 332, 485, 490, 531, 587] (57)
49 : [54, 130, 147, 211, 312, 365, 394, 453, 468, 553, 560, 583] (57)
50 : [36, 68, 90, 151, 172, 224, 252, 303, 368, 383, 543] (57)
51 : [144, 163, 285, 316, 358, 371, 404, 436, 487, 566, 574, 575] (57)
52 : [44, 116, 149, 242, 330, 393, 455, 461] (56)
53 : [7, 26, 42, 179, 298, 355, 488, 537] (57)
54 : [23, 227, 234, 245, 275, 296, 354, 372, 380, 419, 484] (57)
55 : [95, 152, 249, 266, 273, 281, 307, 309, 470, 508] (57)
56 : [10, 110, 168, 193, 225, 267, 314, 396, 557, 579] (57)
57 : [17, 69, 73, 157, 170, 177, 261, 302, 376, 421, 502, 538] (56)
58 : [84, 117, 146, 171, 244, 337, 480, 505, 516, 534, 555] (57)
59 : [45, 100, 134, 216, 263, 278, 407, 408, 479] (57)
60 : [21, 38, 39, 88, 206, 289, 333, 466] (57)
