Name: 600-50-80
Time: 17.920902013778687 
Result: 27
Solution:  56 41 20 8 10 5 11 0 14 7 36 8 19 43 8 41 10 19 55 46 35 27 20 6 58 43 51 24 45 54 21 6 12 23 58 5 42 39 37 54 53 17 33 55 36 3 16 36 56 25 10 41 19 24 32 26 42 1 12 23 55 24 59 22 51 22 52 56 42 49 49 56 46 46 59 35 33 18 36 26 14 40 9 37 4 2 19 43 0 57 43 11 56 41 31 14 54 50 59 38 15 25 44 0 41 31 21 17 25 37 53 13 43 48 10 54 33 33 48 52 40 45 32 8 55 4 12 32 54 51 28 2 16 29 24 18 22 6 35 49 14 0 39 47 20 17 15 9 40 29 58 17 30 38 9 53 21 8 9 13 45 60 54 34 0 0 0 58 29 39 27 45 5 31 4 0 35 4 53 48 20 12 8 36 44 1 46 31 6 39 15 58 51 52 60 57 60 26 56 18 13 53 51 55 29 12 55 55 42 57 45 4 32 24 41 9 28 43 18 39 56 53 27 28 11 29 30 11 48 18 36 0 60 14 33 49 31 44 8 8 39 3 24 21 26 39 14 43 6 38 8 44 21 32 9 23 30 58 13 20 35 49 58 48 44 9 37 43 21 3 2 11 10 38 45 43 12 6 11 1 48 36 27 55 40 48 41 28 10 39 48 27 60 44 6 0 32 43 18 12 53 22 48 48 9 1 23 57 58 23 44 7 33 4 3 60 38 11 21 47 3 42 25 39 50 44 38 0 27 34 33 32 48 42 3 30 50 16 34 40 21 52 22 3 40 42 34 43 23 53 52 58 50 50 58 3 16 2 16 12 10 18 56 15 15 49 7 46 35 59 30 11 31 8 35 42 36 26 7 25 2 47 11 55 16 45 47 5 25 13 21 37 18 18 18 40 40 3 14 4 58 13 59 1 16 40 30 27 11 1 46 6 1 17 57 53 54 36 18 53 59 13 4 57 15 44 53 30 36 46 20 15 52 52 27 22 45 30 28 19 34 14 37 45 8 16 18 0 59 0 59 20 30 49 15 26 11 21 37 14 56 30 40 9 28 22 8 28 53 21 51 18 45 59 10 40 9 54 15 60 8 5 48 15 15 25 19 30 26 39 58 4 46 22 60 21 17 1 18 11 6 24 3 38 59 33 27 28 40 45 4 29 30 52 39 17 52 39 38 2 8 23 10 16 25 14 41 27 25 56 14 34 41 25 26 32 47 5 43 10 29 21 23 38 25 34 55 47 25 2 13 59 24 42 38 7 60 28 4 49 18 27 44 52 40 47 32 57 31 16 49 2 16 8 26 37 29 28 44 30 30 27 28 33 50 36 40 47 38 50 32 52 33 30 29 47 51 45 19 7
0 : [7, 88, 103, 141, 164, 165, 166, 175, 231, 295, 327, 447, 449] (50)
1 : [57, 185, 279, 305, 403, 409, 412, 497] (50)
2 : [85, 131, 270, 357, 380, 519, 549, 571] (50)
3 : [45, 241, 269, 314, 320, 334, 343, 355, 397, 502] (50)
4 : [84, 125, 174, 177, 211, 313, 399, 422, 491, 510, 558] (52)
5 : [5, 35, 172, 387, 481, 537] (57)
6 : [23, 31, 137, 188, 248, 277, 294, 411, 500] (53)
7 : [9, 311, 366, 378, 555, 599] (50)
8 : [3, 11, 14, 123, 157, 182, 238, 239, 250, 373, 444, 466, 480, 520, 573] (52)
9 : [82, 147, 154, 158, 215, 254, 265, 304, 463, 476] (54)
10 : [4, 16, 50, 114, 272, 288, 360, 474, 522, 539] (54)
11 : [6, 91, 224, 227, 271, 278, 317, 371, 382, 408, 456, 499] (51)
12 : [32, 58, 126, 181, 205, 276, 299, 359] (53)
13 : [111, 159, 200, 258, 389, 401, 421, 550] (56)
14 : [8, 80, 95, 140, 233, 246, 398, 441, 459, 525, 530] (57)
15 : [100, 146, 190, 363, 364, 424, 431, 454, 478, 483, 484] (56)
16 : [46, 132, 337, 356, 358, 384, 404, 445, 523, 569, 572] (57)
17 : [41, 107, 145, 151, 413, 496, 515] (64)
18 : [77, 135, 199, 218, 229, 298, 361, 392, 393, 394, 418, 446, 471, 498, 560] (52)
19 : [12, 17, 52, 86, 439, 486, 598] (59)
20 : [2, 22, 144, 180, 259, 430, 451] (61)
21 : [30, 106, 156, 243, 252, 268, 318, 340, 390, 457, 469, 495, 541] (66)
22 : [63, 65, 136, 301, 342, 435, 465, 493] (61)
23 : [33, 59, 255, 306, 309, 348, 521, 542] (62)
24 : [27, 53, 61, 134, 213, 242, 501, 552] (56)
25 : [49, 101, 108, 322, 379, 388, 485, 524, 528, 533, 544, 548] (63)
26 : [55, 79, 197, 244, 377, 455, 488, 534, 574] (62)
27 : [21, 170, 222, 282, 291, 328, 407, 434, 506, 527, 561, 581] (63)
28 : [130, 216, 223, 287, 438, 464, 467, 507, 557, 577, 582] (63)
29 : [133, 149, 168, 204, 225, 511, 540, 576, 594] (63)
30 : [152, 226, 256, 335, 370, 406, 427, 437, 452, 461, 487, 512, 579, 580, 593] (64)
31 : [94, 105, 173, 187, 236, 372, 568] (66)
32 : [54, 122, 127, 212, 253, 296, 331, 535, 566, 590] (67)
33 : [42, 76, 116, 117, 234, 312, 330, 505, 583, 592] (68)
34 : [163, 329, 338, 346, 440, 531, 545] (69)
35 : [20, 75, 138, 176, 260, 368, 374] (69)
36 : [10, 44, 47, 78, 183, 230, 281, 376, 417, 428, 585] (69)
37 : [38, 83, 109, 266, 391, 442, 458, 575] (70)
38 : [99, 153, 249, 273, 316, 326, 503, 518, 543, 554, 588] (69)
39 : [37, 142, 169, 189, 219, 240, 245, 289, 323, 489, 514, 517] (69)
40 : [81, 120, 148, 284, 339, 344, 395, 396, 405, 462, 475, 508, 564, 586] (70)
41 : [1, 15, 51, 93, 104, 214, 286, 526, 532] (70)
42 : [36, 56, 68, 208, 321, 333, 345, 375, 553] (72)
43 : [13, 25, 87, 90, 112, 217, 247, 267, 275, 297, 347, 538] (71)
44 : [102, 184, 237, 251, 264, 293, 310, 325, 425, 562, 578] (73)
45 : [28, 121, 160, 171, 210, 274, 385, 436, 443, 472, 509, 597] (74)
46 : [19, 72, 73, 186, 367, 410, 429, 492] (74)
47 : [143, 319, 381, 386, 536, 547, 565, 587, 595] (75)
48 : [113, 118, 179, 228, 263, 280, 285, 290, 302, 303, 332, 482] (75)
49 : [69, 70, 139, 235, 261, 365, 453, 559, 570] (76)
50 : [97, 324, 336, 352, 353, 584, 589] (77)
51 : [26, 64, 129, 192, 202, 470, 596] (75)
52 : [66, 119, 193, 341, 350, 432, 433, 513, 516, 563, 591] (76)
53 : [40, 110, 155, 178, 201, 221, 300, 349, 415, 419, 426, 468] (76)
54 : [29, 39, 96, 115, 128, 162, 416, 477] (76)
55 : [18, 43, 60, 124, 203, 206, 207, 283, 383, 546] (76)
56 : [0, 48, 67, 71, 92, 198, 220, 362, 460, 529] (75)
57 : [89, 195, 209, 307, 414, 423, 567] (77)
58 : [24, 34, 150, 167, 191, 257, 262, 308, 351, 354, 400, 490] (75)
59 : [62, 74, 98, 369, 402, 420, 448, 450, 473, 504, 551] (74)
60 : [161, 194, 196, 232, 292, 315, 479, 494, 556] (75)
