Name: 600-30-45
Time: 17.96761178970337 
Result: 12
Solution:  9 25 60 43 53 24 37 47 33 56 22 25 8 2 50 46 17 48 20 9 16 10 11 24 46 30 51 29 57 11 30 14 24 0 22 42 3 7 0 19 35 51 25 10 27 38 17 48 58 27 21 55 35 19 30 36 0 15 57 60 44 23 9 14 46 0 5 2 34 11 46 6 29 47 35 29 16 31 11 6 17 5 25 57 39 23 45 55 33 52 51 46 11 18 27 19 20 50 16 8 26 45 16 36 49 32 59 28 27 34 50 28 51 44 44 1 32 39 32 7 46 21 58 32 58 59 8 36 48 42 52 28 19 54 19 60 57 5 37 35 2 56 33 41 0 51 37 38 21 40 14 14 58 47 51 46 29 46 9 0 21 41 60 41 44 17 29 42 6 1 6 45 58 33 34 41 18 51 32 27 32 1 51 55 23 50 57 25 50 45 40 26 54 12 54 31 8 14 34 13 10 20 58 56 25 57 24 29 13 32 29 43 2 14 54 22 35 58 9 57 29 32 12 22 36 31 30 41 15 5 27 29 18 16 16 49 10 10 44 15 50 24 18 47 52 54 24 52 7 0 56 25 12 18 2 13 16 2 34 3 59 19 22 10 12 58 37 35 3 60 23 40 37 30 13 49 15 28 56 7 56 45 24 50 48 6 23 50 16 13 20 56 18 59 14 33 55 16 4 29 10 30 20 49 60 46 45 8 0 15 22 31 11 24 40 35 50 58 53 4 40 31 50 38 1 44 5 40 52 25 58 36 19 49 33 54 11 28 30 2 3 48 41 22 21 44 8 8 49 12 3 17 59 57 19 17 19 42 38 60 45 11 51 39 46 24 37 38 9 13 16 55 45 26 43 18 38 40 45 17 38 59 38 16 23 28 10 15 45 4 9 36 46 12 31 27 25 60 56 43 35 8 39 6 31 38 32 9 43 31 39 56 16 27 0 8 32 34 30 31 24 9 25 7 17 24 53 7 3 22 12 44 52 5 5 60 42 40 52 58 27 44 37 41 13 54 11 24 44 33 40 36 10 47 16 52 25 42 9 6 20 2 48 13 11 11 43 37 18 51 44 22 48 31 27 3 54 39 53 21 56 39 18 36 43 48 60 25 26 7 4 29 2 28 0 38 0 51 17 28 24 2 12 14 37 53 33 41 19 19 50 31 16 9 21 1 60 53 10 3 19 13 8 42 42 42 28 26 55 19 34 20 36 42 10 10 19 39 59 38 3 39 42 5 25 59 43 41 25 43 5 55 24 34 47 24 55 49 10 8 52 1 51 49 35 33 58 48 58 30 34 45 34 4 1 18 27 37 49 35 25 31 24 0 53 50 19 12 5 56 0 35 34 47 6 49 4 47 4 24
0 : [33, 38, 56, 65, 144, 159, 249, 308, 414, 494, 496, 583, 590] (31)
1 : [115, 169, 181, 324, 515, 561, 574] (32)
2 : [13, 67, 140, 212, 254, 257, 339, 461, 492, 501] (31)
3 : [36, 259, 268, 340, 350, 428, 475, 519, 540] (33)
4 : [298, 319, 389, 490, 573, 596, 598] (32)
5 : [66, 81, 137, 229, 326, 433, 434, 543, 550, 588] (32)
6 : [71, 79, 168, 170, 285, 403, 459, 594] (32)
7 : [37, 119, 248, 279, 423, 427, 489] (33)
8 : [12, 99, 126, 196, 307, 346, 347, 401, 415, 522, 559] (33)
9 : [0, 19, 62, 158, 218, 368, 390, 407, 421, 458, 513] (32)
10 : [21, 43, 200, 236, 237, 263, 300, 386, 452, 518, 534, 535, 558] (33)
11 : [22, 29, 69, 78, 92, 312, 336, 361, 446, 464, 465] (33)
12 : [193, 222, 252, 264, 349, 393, 430, 502, 587] (33)
13 : [199, 208, 255, 274, 289, 369, 444, 463, 521] (33)
14 : [31, 63, 150, 151, 197, 213, 294, 503] (33)
15 : [57, 228, 239, 276, 309, 387] (33)
16 : [20, 76, 98, 102, 233, 234, 256, 288, 297, 370, 383, 412, 454, 512] (33)
17 : [16, 46, 80, 165, 351, 355, 379, 424, 498] (33)
18 : [93, 176, 232, 242, 253, 292, 375, 468, 482, 575] (35)
19 : [39, 53, 95, 132, 134, 261, 332, 354, 356, 508, 509, 520, 529, 536, 586] (34)
20 : [18, 96, 201, 290, 302, 460, 531] (37)
21 : [50, 121, 148, 160, 344, 479, 514] (35)
22 : [10, 34, 215, 223, 262, 310, 343, 429, 471] (36)
23 : [61, 85, 184, 270, 286, 384] (36)
24 : [5, 23, 32, 206, 241, 246, 282, 313, 365, 420, 425, 447, 500, 552, 555, 582, 599] (36)
25 : [1, 11, 42, 82, 187, 204, 251, 329, 396, 422, 456, 487, 544, 548, 580] (36)
26 : [100, 191, 373, 488, 527] (37)
27 : [44, 49, 94, 108, 179, 230, 395, 413, 440, 474, 576] (37)
28 : [107, 111, 131, 277, 337, 385, 493, 499, 526] (37)
29 : [27, 72, 75, 156, 166, 207, 210, 220, 231, 299, 491] (38)
30 : [25, 30, 54, 226, 273, 301, 338, 418, 569] (38)
31 : [77, 195, 225, 311, 321, 394, 404, 409, 419, 473, 511, 581] (38)
32 : [105, 116, 118, 123, 178, 180, 209, 221, 406, 416] (38)
33 : [8, 88, 142, 173, 295, 334, 449, 506, 565] (39)
34 : [68, 109, 174, 198, 258, 417, 530, 553, 570, 572, 592] (38)
35 : [40, 52, 74, 139, 216, 267, 315, 400, 564, 579, 591] (38)
36 : [55, 103, 127, 224, 331, 391, 451, 483, 532] (40)
37 : [6, 138, 146, 266, 272, 366, 442, 467, 504, 577] (39)
38 : [45, 147, 323, 358, 367, 376, 380, 382, 405, 495, 539] (39)
39 : [84, 117, 363, 402, 410, 477, 481, 537, 541] (39)
40 : [149, 190, 271, 314, 320, 327, 377, 437, 450] (39)
41 : [143, 161, 163, 175, 227, 342, 443, 507, 547] (41)
42 : [35, 129, 167, 357, 436, 457, 523, 524, 525, 533, 542] (40)
43 : [3, 211, 374, 399, 408, 466, 484, 546, 549] (40)
44 : [60, 113, 114, 164, 238, 325, 345, 431, 441, 448, 470] (39)
45 : [86, 101, 171, 189, 281, 306, 360, 372, 378, 388, 571] (40)
46 : [15, 24, 64, 70, 91, 120, 155, 157, 305, 364, 392] (40)
47 : [7, 73, 153, 243, 453, 554, 593, 597] (41)
48 : [17, 47, 128, 284, 341, 462, 472, 485, 567] (41)
49 : [104, 235, 275, 303, 333, 348, 557, 563, 578, 595] (41)
50 : [14, 97, 110, 185, 188, 240, 283, 287, 316, 322, 510, 585] (41)
51 : [26, 41, 90, 112, 145, 154, 177, 182, 362, 469, 497, 562] (42)
52 : [89, 130, 244, 247, 328, 432, 438, 455, 560] (42)
53 : [4, 318, 426, 478, 505, 517, 584] (43)
54 : [133, 192, 194, 214, 245, 335, 445, 476] (43)
55 : [51, 87, 183, 296, 371, 528, 551, 556] (43)
56 : [9, 141, 203, 250, 278, 280, 291, 398, 411, 480, 589] (43)
57 : [28, 58, 83, 136, 186, 205, 219, 353] (42)
58 : [48, 122, 124, 152, 172, 202, 217, 265, 317, 330, 439, 566, 568] (42)
59 : [106, 125, 260, 293, 352, 381, 538, 545] (43)
60 : [2, 59, 135, 162, 269, 304, 359, 397, 435, 486, 516] (43)
