Name: 600-40-60
Time: 18.210065364837646 
Result: 16
Solution:  11 0 12 10 10 33 23 52 12 30 56 1 29 27 4 31 14 57 23 16 41 57 37 54 6 45 54 24 30 10 16 34 35 30 27 46 55 2 60 60 43 34 52 1 50 59 2 25 29 12 11 44 14 33 48 25 6 9 14 36 39 14 34 11 9 29 21 31 49 58 17 29 11 58 9 40 46 38 46 36 32 37 14 35 58 39 0 36 59 24 50 27 16 28 42 57 28 19 19 13 59 28 20 14 37 32 4 36 23 17 60 30 9 26 41 22 49 58 1 29 39 10 18 14 19 7 24 3 42 6 45 15 34 11 59 13 32 7 34 42 40 1 9 45 52 45 58 46 44 53 44 48 52 48 22 35 20 60 9 30 22 43 43 53 35 15 13 37 59 5 56 58 48 16 14 34 44 56 48 54 32 24 17 17 30 6 43 29 43 25 31 26 2 56 37 7 11 35 10 33 14 41 19 49 12 21 57 47 39 25 10 52 44 5 27 11 56 4 27 38 21 35 4 43 51 55 7 54 39 23 23 7 17 41 54 33 48 17 32 20 39 2 53 8 59 49 32 15 19 57 27 3 50 45 5 30 18 43 29 20 38 56 14 60 22 20 56 55 5 18 10 1 30 55 47 57 17 39 58 34 45 58 37 21 29 49 13 26 32 59 44 6 35 22 44 45 51 22 54 50 33 33 57 50 30 48 28 57 40 57 10 32 50 43 55 31 48 8 20 0 31 32 34 8 6 16 12 3 2 28 55 10 47 60 23 12 13 58 9 36 34 18 29 4 16 24 7 31 20 31 21 19 27 15 54 53 32 4 51 12 28 26 27 18 30 49 33 17 51 4 8 52 59 20 13 34 60 9 44 30 48 28 5 43 28 44 19 15 24 37 6 22 37 55 47 30 56 38 45 45 8 43 0 20 51 16 16 56 59 40 35 26 37 10 3 39 5 2 24 56 22 55 44 36 1 39 30 12 18 16 26 10 5 12 42 42 48 22 13 22 6 12 0 29 40 3 36 25 41 12 38 33 25 53 29 52 1 6 35 46 3 51 47 0 32 46 59 20 49 14 53 20 21 2 43 9 43 42 40 59 57 25 20 29 53 47 1 51 54 13 48 33 38 12 5 29 22 13 25 12 47 49 58 11 27 56 21 7 54 39 40 42 23 29 16 41 60 17 7 1 23 25 7 15 38 21 45 12 28 35 46 47 3 35 58 36 8 56 56 37 34 5 42 50 1 31 45 42 21 44 36 17 41 45 20 60 16 59 8 23 49 26 12 4 7 28 50 23 40 35 39 5 10 3 51 56 17 2 40 55 11 26 41 44 0 2 24 47 40 10 31 2 2 14 26 17 35 28 12 38
0 : [1, 86, 319, 402, 442, 463, 584] (43)
1 : [11, 43, 118, 141, 271, 424, 456, 486, 519, 544] (44)
2 : [37, 46, 192, 241, 328, 417, 473, 577, 585, 591, 592] (44)
3 : [127, 251, 327, 414, 445, 460, 532, 573] (43)
4 : [14, 106, 217, 222, 343, 357, 369, 563] (43)
5 : [169, 213, 254, 268, 382, 416, 432, 494, 541, 571] (44)
6 : [24, 56, 129, 185, 291, 324, 390, 440, 457] (43)
7 : [125, 137, 195, 226, 231, 346, 507, 518, 522, 564] (44)
8 : [243, 317, 323, 370, 400, 536, 558] (44)
9 : [57, 64, 74, 112, 142, 158, 338, 377, 475] (43)
10 : [3, 4, 29, 121, 198, 210, 270, 310, 331, 413, 431, 572, 589] (44)
11 : [0, 50, 63, 72, 133, 196, 215, 503, 580] (44)
12 : [2, 8, 49, 204, 326, 335, 359, 427, 433, 441, 449, 493, 499, 527, 562, 598] (44)
13 : [99, 135, 166, 286, 336, 374, 438, 489, 497] (44)
14 : [16, 52, 58, 61, 82, 103, 123, 174, 200, 262, 469, 593] (45)
15 : [131, 165, 247, 353, 387, 523] (46)
16 : [19, 30, 92, 173, 325, 344, 405, 406, 429, 514, 556] (46)
17 : [70, 109, 182, 183, 232, 237, 276, 367, 517, 551, 576, 595] (46)
18 : [122, 256, 269, 341, 363, 428] (48)
19 : [97, 98, 124, 202, 248, 351, 386] (47)
20 : [102, 156, 239, 259, 265, 318, 348, 373, 403, 467, 471, 482, 554] (46)
21 : [66, 205, 220, 283, 350, 472, 506, 525, 548] (47)
22 : [115, 154, 160, 264, 293, 297, 391, 420, 437, 439, 496] (47)
23 : [6, 18, 108, 229, 230, 334, 512, 520, 559, 567] (48)
24 : [27, 89, 126, 181, 345, 388, 418, 586] (48)
25 : [47, 55, 189, 209, 447, 452, 481, 498, 521] (48)
26 : [113, 191, 287, 361, 411, 430, 561, 581, 594] (49)
27 : [13, 34, 91, 214, 218, 250, 352, 362, 504] (50)
28 : [93, 96, 101, 306, 329, 360, 381, 384, 528, 565, 597] (49)
29 : [12, 48, 65, 71, 119, 187, 258, 284, 342, 443, 454, 483, 495, 513] (49)
30 : [9, 28, 33, 111, 159, 184, 255, 272, 304, 364, 379, 395, 426] (49)
31 : [15, 67, 190, 315, 320, 347, 349, 545, 590] (50)
32 : [80, 105, 136, 180, 238, 246, 288, 311, 321, 356, 464] (51)
33 : [5, 53, 199, 235, 300, 301, 366, 451, 491] (51)
34 : [31, 41, 62, 132, 138, 175, 279, 322, 340, 375, 540] (51)
35 : [32, 83, 155, 164, 197, 221, 292, 410, 458, 529, 533, 569, 596] (53)
36 : [59, 79, 87, 107, 339, 423, 446, 535, 550] (54)
37 : [22, 81, 104, 167, 194, 282, 389, 392, 412, 539] (53)
38 : [77, 219, 260, 397, 450, 492, 524, 599] (55)
39 : [60, 85, 120, 208, 228, 240, 277, 415, 425, 509, 570] (54)
40 : [75, 140, 308, 409, 444, 478, 510, 568, 578, 588] (55)
41 : [20, 114, 201, 233, 448, 515, 552, 582] (55)
42 : [94, 128, 139, 434, 435, 477, 511, 542, 547] (55)
43 : [40, 161, 162, 186, 188, 223, 257, 313, 383, 401, 474, 476] (56)
44 : [51, 148, 150, 176, 212, 290, 294, 378, 385, 422, 549, 583] (55)
45 : [25, 130, 143, 145, 253, 280, 295, 398, 399, 526, 546, 553] (56)
46 : [35, 76, 78, 147, 459, 465, 530] (58)
47 : [207, 274, 332, 394, 462, 485, 500, 531, 587] (57)
48 : [54, 151, 153, 172, 178, 236, 305, 316, 380, 436, 490] (57)
49 : [68, 116, 203, 245, 285, 365, 468, 501, 560] (57)
50 : [44, 90, 252, 299, 303, 312, 543, 566] (58)
51 : [224, 296, 358, 368, 404, 461, 487, 574] (58)
52 : [7, 42, 144, 152, 211, 371, 455] (59)
53 : [149, 163, 242, 355, 453, 470, 484] (58)
54 : [23, 26, 179, 227, 234, 298, 354, 488, 508] (58)
55 : [36, 225, 267, 273, 314, 330, 393, 421, 579] (58)
56 : [10, 170, 177, 193, 216, 261, 266, 396, 407, 419, 505, 537, 538, 575] (57)
57 : [17, 21, 95, 206, 249, 275, 302, 307, 309, 480] (57)
58 : [69, 73, 84, 117, 146, 171, 278, 281, 337, 502, 534] (57)
59 : [45, 88, 100, 134, 168, 244, 289, 372, 408, 466, 479, 557] (57)
60 : [38, 39, 110, 157, 263, 333, 376, 516, 555] (57)
