Name: 600-50-80
Time: 17.148679971694946 
Result: 26
Solution:  55 36 21 12 9 4 14 2 15 8 34 11 18 39 7 41 11 17 53 46 37 31 21 5 57 42 51 20 44 52 22 6 11 23 58 3 39 38 36 54 53 12 34 54 34 1 14 36 56 25 8 34 19 23 32 28 42 1 11 22 58 25 57 20 53 19 56 56 41 49 47 54 46 46 60 33 33 11 37 27 13 35 10 38 3 2 18 41 0 55 42 12 56 39 30 14 55 48 58 34 14 24 44 0 37 32 22 14 26 33 49 13 42 50 11 55 32 27 49 52 40 45 30 9 57 5 13 36 55 50 29 3 16 28 24 14 20 8 33 52 14 0 40 47 19 19 19 9 38 30 53 18 30 33 9 53 21 11 10 14 46 60 54 35 2 0 0 57 27 37 29 45 5 31 4 0 33 4 57 46 20 13 6 36 43 0 51 33 7 36 14 54 54 52 58 57 59 26 53 17 13 53 49 54 29 9 49 51 43 56 44 0 32 26 40 12 26 45 15 39 56 50 24 26 11 28 31 11 46 18 36 1 60 16 37 49 31 43 11 4 39 2 24 20 29 39 14 41 4 38 3 45 21 31 6 23 30 57 12 21 35 49 57 49 45 9 44 42 20 2 1 11 10 38 46 45 10 8 7 0 48 35 28 54 40 47 43 28 12 37 47 29 60 45 7 0 30 43 18 13 52 22 47 48 8 2 24 57 59 23 44 4 34 6 2 59 42 8 21 47 2 42 22 39 50 45 39 1 25 32 33 32 46 43 6 30 51 17 34 38 22 54 22 2 37 42 32 43 23 53 52 58 51 51 58 4 16 2 16 15 10 18 58 15 14 49 8 45 37 58 31 13 27 6 35 41 35 23 8 26 3 47 11 56 16 45 48 6 23 15 17 37 20 18 18 41 41 5 14 4 55 17 59 1 17 39 30 26 14 2 48 5 1 19 59 53 54 35 18 53 59 13 7 60 12 44 54 34 35 46 21 15 51 54 26 24 46 31 29 17 33 12 34 42 7 16 20 2 53 1 60 17 30 51 15 26 11 24 36 14 56 32 41 11 28 20 10 29 53 21 50 18 45 57 9 43 7 56 17 60 11 6 48 15 15 21 18 30 28 40 55 6 43 24 60 25 20 0 18 12 8 23 3 40 58 38 26 24 43 45 2 28 30 52 38 17 51 39 35 1 10 27 11 16 25 15 42 28 25 55 13 34 40 28 25 34 46 5 43 3 26 21 24 38 23 35 54 47 24 2 13 58 26 45 39 7 60 29 5 48 19 25 43 52 42 50 35 57 31 16 49 0 16 9 26 36 32 27 44 28 31 29 23 33 50 38 34 47 38 48 34 52 29 28 29 52 53 46 20 5
0 : [88, 103, 141, 165, 166, 175, 185, 211, 279, 295, 497, 571] (52)
1 : [45, 57, 231, 270, 327, 403, 412, 449, 519] (52)
2 : [7, 85, 164, 241, 269, 305, 314, 320, 343, 357, 409, 447, 510, 549] (52)
3 : [35, 84, 131, 250, 380, 502, 539] (54)
4 : [5, 174, 177, 239, 248, 311, 355, 399] (51)
5 : [23, 125, 172, 397, 411, 537, 558, 599] (53)
6 : [31, 182, 254, 313, 334, 373, 387, 481, 491] (53)
7 : [14, 188, 278, 294, 422, 444, 476, 555] (53)
8 : [9, 50, 137, 277, 304, 317, 366, 378, 500] (54)
9 : [4, 123, 147, 154, 205, 265, 474, 573] (53)
10 : [82, 158, 272, 276, 360, 466, 520] (54)
11 : [11, 16, 32, 58, 77, 114, 157, 224, 227, 238, 271, 382, 456, 463, 480, 522] (51)
12 : [3, 41, 91, 215, 258, 288, 424, 441, 499] (53)
13 : [80, 111, 126, 181, 200, 299, 371, 421, 530, 550] (54)
14 : [6, 46, 95, 100, 107, 135, 140, 159, 190, 246, 364, 398, 408, 459] (54)
15 : [8, 218, 359, 363, 389, 431, 454, 483, 484, 525] (54)
16 : [132, 233, 356, 358, 384, 445, 523, 569, 572] (60)
17 : [17, 199, 337, 390, 401, 404, 439, 451, 478, 515] (59)
18 : [12, 86, 151, 229, 298, 361, 393, 394, 418, 471, 486, 498] (62)
19 : [52, 65, 144, 145, 146, 413, 560] (58)
20 : [27, 63, 136, 180, 243, 268, 392, 446, 465, 496, 598] (60)
21 : [2, 22, 156, 252, 259, 318, 430, 469, 485, 541] (60)
22 : [30, 59, 106, 301, 322, 340, 342] (61)
23 : [33, 53, 255, 309, 348, 377, 388, 501, 544, 582] (62)
24 : [101, 134, 222, 242, 306, 435, 457, 493, 507, 542, 548] (60)
25 : [49, 61, 328, 495, 524, 528, 534, 561] (62)
26 : [108, 197, 213, 216, 223, 379, 407, 434, 455, 506, 540, 552, 574] (63)
27 : [79, 117, 168, 372, 521, 577] (65)
28 : [55, 133, 225, 282, 287, 464, 488, 511, 527, 533, 579, 593] (64)
29 : [130, 170, 204, 244, 291, 438, 467, 557, 581, 592, 594] (64)
30 : [94, 122, 149, 152, 256, 296, 335, 406, 452, 487, 512] (65)
31 : [21, 173, 226, 236, 253, 370, 437, 568, 580] (66)
32 : [54, 105, 116, 212, 329, 331, 346, 461, 576] (67)
33 : [75, 76, 109, 138, 153, 176, 187, 330, 440, 583] (66)
34 : [10, 42, 44, 51, 99, 312, 338, 427, 442, 531, 535, 586, 590] (66)
35 : [81, 163, 260, 281, 374, 376, 417, 428, 518, 545, 566] (68)
36 : [1, 38, 47, 127, 183, 189, 230, 458, 575] (69)
37 : [20, 78, 104, 169, 234, 289, 344, 368, 391] (69)
38 : [37, 83, 148, 249, 273, 339, 505, 514, 543, 585, 588] (70)
39 : [13, 36, 93, 219, 240, 245, 323, 326, 405, 517, 554] (70)
40 : [120, 142, 214, 284, 489, 503, 532] (70)
41 : [15, 68, 87, 247, 375, 395, 396, 462] (71)
42 : [25, 56, 90, 112, 267, 316, 321, 345, 443, 526, 564] (73)
43 : [184, 208, 237, 286, 297, 333, 347, 475, 492, 508, 538, 562] (73)
44 : [28, 102, 210, 266, 310, 425, 578] (73)
45 : [121, 171, 217, 251, 264, 275, 293, 325, 367, 385, 472, 509, 553] (74)
46 : [19, 72, 73, 160, 179, 228, 274, 332, 429, 436, 536, 597] (74)
47 : [70, 143, 285, 290, 302, 319, 381, 547, 587] (75)
48 : [97, 280, 303, 386, 410, 482, 559, 589] (76)
49 : [69, 110, 118, 202, 206, 235, 261, 263, 365, 570] (74)
50 : [113, 129, 221, 324, 470, 565, 584] (74)
51 : [26, 186, 207, 336, 352, 353, 432, 453, 516] (74)
52 : [29, 119, 139, 193, 300, 350, 513, 563, 591, 595] (74)
53 : [18, 40, 64, 150, 155, 198, 201, 349, 415, 419, 448, 468, 596] (75)
54 : [39, 43, 71, 162, 191, 192, 203, 283, 341, 416, 426, 433, 546] (75)
55 : [0, 89, 96, 115, 128, 400, 490, 529] (74)
56 : [48, 66, 67, 92, 209, 220, 383, 460, 477] (76)
57 : [24, 62, 124, 167, 178, 195, 257, 262, 307, 473, 567] (75)
58 : [34, 60, 98, 194, 351, 354, 362, 369, 504, 551] (74)
59 : [196, 308, 315, 402, 414, 420] (75)
60 : [74, 161, 232, 292, 423, 450, 479, 494, 556] (77)
