Name: 600-40-60
Time: 18.219760179519653 
Result: 16
Solution:  10 2 13 14 10 33 24 56 11 27 56 2 30 28 4 30 12 54 25 17 40 60 37 53 6 44 54 25 33 12 16 34 30 27 27 47 51 2 60 60 44 34 51 1 50 60 6 26 29 12 11 44 14 32 48 24 6 12 14 36 39 11 34 12 7 29 22 28 48 60 16 30 12 58 9 41 50 37 45 36 30 37 14 35 59 37 3 36 58 24 50 27 17 26 41 55 26 19 20 10 58 28 19 17 37 32 4 37 22 21 57 29 9 27 42 23 48 58 1 29 41 9 16 17 20 8 24 0 42 4 45 15 33 14 59 14 31 10 34 42 36 0 9 45 51 43 54 51 40 49 44 48 57 47 22 35 21 60 8 32 24 39 45 52 33 14 14 37 58 4 59 58 50 17 14 33 46 55 45 53 32 23 20 15 31 8 48 29 44 25 31 25 0 59 40 13 9 37 9 32 13 39 20 46 11 22 56 49 38 25 8 49 42 3 28 11 58 5 25 44 21 35 4 44 50 55 3 54 38 20 22 2 15 37 53 33 45 13 32 21 39 2 53 11 60 51 32 15 22 57 30 2 49 47 6 32 17 42 29 26 40 58 12 59 21 23 54 56 4 16 8 1 30 53 47 54 21 37 58 34 43 58 37 20 26 51 13 28 33 60 43 9 36 23 42 45 54 21 57 46 35 34 57 50 33 48 27 55 39 55 12 31 52 44 55 31 50 9 15 5 30 32 29 7 5 21 13 2 2 24 53 9 52 60 23 17 16 58 8 38 35 18 31 5 17 23 10 31 18 31 19 18 31 15 54 53 34 1 53 9 32 25 27 19 31 49 30 18 50 8 2 55 57 20 13 34 57 11 47 30 53 28 4 48 26 44 18 14 22 35 6 19 38 52 48 31 53 38 43 46 8 43 0 18 50 18 17 57 55 43 35 22 41 9 5 40 4 0 27 58 22 59 42 36 2 39 31 12 19 16 26 10 9 13 42 43 50 22 13 21 2 9 0 29 41 3 36 22 39 8 38 33 23 53 29 52 1 6 36 46 2 49 52 0 31 46 60 20 51 19 54 18 18 2 47 3 47 43 41 60 57 28 22 30 54 49 3 51 53 12 47 33 41 9 5 28 23 13 26 9 45 46 57 12 27 56 22 9 55 38 40 45 21 29 15 38 59 17 6 0 24 26 6 15 38 24 45 14 23 35 48 48 3 35 59 35 10 54 57 34 35 6 43 50 1 30 46 44 19 44 37 19 44 47 18 59 15 58 7 24 48 27 13 6 6 29 54 23 38 35 38 5 6 1 51 53 15 2 40 56 12 29 39 43 2 2 26 47 42 6 28 7 3 16 27 19 34 28 10 38
0 : [127, 141, 192, 402, 417, 442, 463, 519] (42)
1 : [43, 118, 271, 357, 456, 544, 573] (43)
2 : [1, 11, 37, 231, 241, 251, 327, 328, 370, 424, 440, 460, 473, 577, 584, 585] (42)
3 : [86, 213, 226, 445, 475, 486, 532, 592] (42)
4 : [14, 106, 129, 169, 222, 268, 382, 416] (42)
5 : [217, 319, 324, 343, 414, 494, 571] (42)
6 : [24, 46, 56, 254, 390, 457, 518, 522, 541, 563, 564, 572, 589] (42)
7 : [64, 323, 558, 591] (45)
8 : [125, 158, 185, 210, 270, 338, 369, 400, 449] (42)
9 : [74, 112, 121, 142, 196, 198, 291, 317, 331, 359, 413, 432, 441, 493, 499, 507] (42)
10 : [0, 4, 99, 137, 346, 431, 536, 598] (45)
11 : [8, 50, 61, 204, 215, 243, 377] (44)
12 : [16, 29, 49, 57, 63, 72, 262, 310, 427, 489, 503, 580] (45)
13 : [2, 195, 200, 237, 286, 326, 374, 433, 438, 497, 562] (45)
14 : [3, 52, 58, 82, 133, 135, 165, 166, 174, 387, 527] (45)
15 : [131, 183, 232, 247, 318, 353, 514, 523, 556, 576] (46)
16 : [30, 70, 122, 269, 336, 429, 593] (46)
17 : [19, 92, 103, 123, 173, 256, 335, 344, 406, 517] (46)
18 : [341, 348, 351, 367, 386, 403, 405, 471, 472, 554] (47)
19 : [97, 102, 350, 363, 391, 428, 469, 548, 551, 595] (47)
20 : [98, 124, 182, 202, 229, 283, 373, 467] (47)
21 : [109, 156, 220, 239, 264, 276, 297, 325, 439, 512] (47)
22 : [66, 108, 154, 205, 230, 248, 388, 411, 420, 437, 447, 482, 506] (48)
23 : [115, 181, 265, 293, 334, 345, 452, 496, 528, 567] (48)
24 : [6, 55, 89, 126, 160, 329, 520, 525, 559] (48)
25 : [18, 27, 189, 191, 209, 218, 361] (49)
26 : [47, 93, 96, 259, 284, 384, 430, 498, 521, 586] (49)
27 : [9, 33, 34, 91, 113, 306, 362, 418, 504, 561, 594] (49)
28 : [13, 67, 101, 214, 287, 381, 481, 495, 590, 597] (50)
29 : [48, 65, 111, 119, 187, 258, 322, 443, 454, 513, 565, 581] (50)
30 : [12, 15, 32, 71, 80, 250, 272, 320, 366, 379, 483, 545] (51)
31 : [136, 184, 190, 311, 315, 342, 347, 349, 352, 364, 395, 426, 464] (51)
32 : [53, 105, 159, 180, 199, 238, 246, 255, 321, 360] (51)
33 : [5, 28, 132, 164, 175, 235, 288, 304, 451, 491] (52)
34 : [31, 41, 62, 138, 279, 301, 356, 375, 539, 596] (53)
35 : [83, 155, 221, 300, 340, 389, 410, 529, 533, 535, 540, 569] (53)
36 : [59, 79, 87, 140, 292, 423, 446, 458] (56)
37 : [22, 77, 81, 85, 104, 107, 167, 197, 233, 277, 282, 550] (53)
38 : [208, 228, 339, 392, 397, 450, 509, 515, 524, 568, 570, 599] (54)
39 : [60, 161, 201, 240, 308, 425, 448, 582] (55)
40 : [20, 148, 194, 260, 415, 510, 578] (55)
41 : [75, 94, 120, 412, 444, 478, 492] (56)
42 : [114, 128, 139, 212, 257, 294, 422, 434, 588] (57)
43 : [145, 280, 290, 398, 401, 409, 435, 477, 542, 583] (57)
44 : [25, 40, 51, 150, 188, 219, 223, 313, 385, 547, 549, 552] (56)
45 : [78, 130, 143, 162, 178, 236, 295, 500, 511, 526] (57)
46 : [176, 203, 299, 399, 459, 465, 501, 546] (57)
47 : [35, 153, 253, 274, 378, 474, 476, 490, 553, 587] (56)
48 : [54, 68, 116, 151, 186, 305, 383, 394, 530, 531, 560] (57)
49 : [149, 207, 211, 252, 365, 461, 485] (57)
50 : [44, 76, 90, 172, 224, 303, 316, 368, 404, 436, 543] (57)
51 : [36, 42, 144, 147, 245, 285, 468, 487, 574] (58)
52 : [163, 312, 332, 393, 455, 462] (57)
53 : [23, 179, 234, 242, 273, 330, 355, 358, 380, 396, 453, 488, 575] (57)
54 : [17, 26, 146, 227, 266, 275, 296, 354, 470, 484, 537, 566] (57)
55 : [95, 177, 225, 307, 309, 314, 371, 408, 508] (57)
56 : [7, 10, 206, 267, 505, 579] (55)
57 : [110, 152, 249, 298, 302, 372, 376, 407, 480, 502, 538] (58)
58 : [73, 88, 100, 117, 168, 171, 216, 261, 278, 281, 337, 419, 557] (57)
59 : [84, 134, 170, 193, 263, 421, 516, 534, 555] (57)
60 : [21, 38, 39, 45, 69, 157, 244, 289, 333, 466, 479] (57)
