Name: 600-20-30
Time: 17.272929906845093 
Result: 10
Solution:  41 27 20 20 14 3 55 24 44 12 19 2 37 52 46 49 35 12 19 53 30 14 31 31 24 10 45 15 58 46 26 6 40 55 29 6 31 60 6 23 31 57 22 59 57 59 59 42 24 5 47 43 9 47 7 9 50 36 32 49 22 57 52 47 53 46 31 6 59 59 54 11 44 3 55 31 55 52 52 41 50 12 31 15 32 32 9 42 3 51 5 34 26 35 43 26 12 60 26 21 24 45 39 14 16 57 11 8 29 11 3 15 40 55 23 50 3 13 6 30 6 60 59 60 30 43 15 53 37 46 6 19 4 54 52 30 39 41 45 7 17 22 25 51 45 46 18 0 47 2 31 34 13 25 17 35 60 42 60 37 22 5 49 19 24 4 13 18 32 14 38 20 46 33 46 16 37 43 16 51 47 38 17 9 20 21 3 29 20 39 11 39 26 23 50 18 21 44 1 52 36 6 0 56 58 51 24 4 14 6 19 33 54 42 8 56 7 16 9 43 24 35 33 35 25 6 60 8 10 51 28 31 54 58 0 59 12 19 38 31 55 9 56 46 7 44 36 37 20 19 16 36 0 52 38 51 17 42 51 49 53 36 23 18 5 11 52 12 58 47 32 23 55 13 46 34 35 56 37 8 10 53 25 20 36 60 0 1 7 24 55 0 2 34 47 52 43 50 16 15 33 1 22 4 9 43 43 60 20 41 30 40 28 44 15 38 45 22 21 16 47 18 52 40 8 31 4 53 14 39 21 46 22 27 8 48 11 58 9 23 43 27 32 4 5 6 50 4 60 47 57 41 34 11 9 43 36 21 13 35 29 0 54 11 53 38 12 14 1 19 13 4 25 5 25 7 24 12 12 39 13 37 44 4 31 48 5 16 7 2 29 21 21 60 40 34 37 29 32 2 40 54 45 49 20 7 30 1 29 26 27 23 25 30 29 25 44 18 36 30 35 35 29 53 54 49 32 13 58 55 57 17 24 1 43 44 44 9 24 8 50 30 6 10 26 5 53 18 27 56 15 32 17 24 16 25 21 50 11 33 15 37 24 22 3 45 2 49 48 35 48 41 27 25 48 39 36 42 43 29 30 51 41 17 35 27 13 4 0 17 33 8 18 23 1 26 48 38 10 4 29 28 40 1 41 41 24 58 9 48 33 28 28 22 52 30 13 6 18 57 58 58 58 7 32 51 59 21 57 9 19 0 15 44 42 58 17 34 50 51 59 16 31 32 7 0 47 48 35 19 45 14 48 28 56 57 35 52 11 59 36 49 59 24 40 24 45 3 11 17 56 50 38 54 54 26 40 31 17 41 16 41 17 35 38 17 34 41 40 9 5 25 29 17 0 29 29 43 44 5
0 : [147, 202, 234, 252, 286, 291, 361, 488, 531, 545, 594] (21)
1 : [198, 287, 301, 368, 407, 433, 494, 503] (21)
2 : [11, 149, 292, 389, 399, 466] (22)
3 : [5, 73, 88, 110, 116, 186, 464, 567] (21)
4 : [132, 165, 207, 303, 326, 343, 347, 371, 383, 487, 499] (20)
5 : [49, 90, 161, 264, 344, 373, 386, 445, 590, 599] (20)
6 : [31, 35, 38, 67, 118, 120, 130, 201, 209, 225, 345, 442, 517] (21)
7 : [54, 139, 216, 244, 288, 375, 388, 405, 523, 544] (20)
8 : [107, 214, 227, 279, 324, 334, 439, 491] (20)
9 : [52, 55, 86, 183, 218, 241, 304, 338, 354, 437, 508, 529, 589] (21)
10 : [25, 228, 280, 443, 498] (22)
11 : [71, 106, 109, 190, 265, 336, 353, 363, 458, 558, 568] (22)
12 : [9, 17, 81, 96, 236, 267, 366, 377, 378] (21)
13 : [117, 152, 166, 273, 358, 370, 380, 427, 486, 516] (21)
14 : [4, 21, 103, 169, 208, 328, 367, 551] (22)
15 : [27, 83, 111, 126, 299, 314, 450, 460, 532] (22)
16 : [104, 175, 178, 217, 250, 298, 319, 387, 454, 541, 580] (22)
17 : [140, 154, 182, 256, 431, 452, 483, 489, 536, 569, 578, 582, 585, 593] (22)
18 : [146, 167, 195, 263, 321, 417, 447, 492, 518] (23)
19 : [10, 18, 131, 163, 210, 237, 249, 369, 530, 549] (23)
20 : [2, 3, 171, 184, 188, 248, 283, 308, 404] (23)
21 : [99, 185, 196, 318, 330, 357, 391, 392, 456, 527] (23)
22 : [42, 60, 141, 160, 302, 317, 332, 463, 513] (23)
23 : [39, 114, 193, 262, 271, 339, 411, 493] (24)
24 : [7, 24, 48, 100, 164, 206, 220, 289, 376, 432, 438, 453, 462, 506, 563, 565] (23)
25 : [142, 153, 224, 282, 372, 374, 412, 415, 455, 473, 591] (24)
26 : [30, 92, 95, 98, 192, 409, 444, 495, 575] (25)
27 : [1, 333, 341, 410, 448, 472, 485] (24)
28 : [230, 312, 501, 511, 512, 553] (24)
29 : [34, 108, 187, 360, 390, 397, 408, 414, 422, 479, 500, 592, 595, 596] (24)
30 : [20, 119, 124, 135, 310, 406, 413, 419, 441, 480, 515] (24)
31 : [22, 23, 36, 40, 66, 75, 82, 150, 231, 239, 325, 384, 542, 577] (25)
32 : [58, 84, 85, 168, 270, 342, 398, 426, 451, 524, 543] (26)
33 : [173, 211, 222, 300, 459, 490, 510] (26)
34 : [91, 151, 275, 293, 352, 395, 537, 586] (26)
35 : [16, 93, 155, 221, 223, 276, 359, 420, 421, 469, 484, 548, 556, 583] (26)
36 : [57, 200, 246, 251, 261, 284, 356, 418, 476, 560] (25)
37 : [12, 128, 159, 176, 247, 278, 381, 396, 461] (26)
38 : [170, 181, 238, 254, 315, 365, 497, 572, 584] (26)
39 : [102, 136, 189, 191, 329, 379, 475] (27)
40 : [32, 112, 311, 323, 394, 400, 502, 564, 576, 588] (26)
41 : [0, 79, 137, 309, 351, 471, 482, 504, 505, 579, 581, 587] (27)
42 : [47, 87, 157, 213, 257, 477, 534] (27)
43 : [51, 94, 125, 177, 219, 296, 305, 306, 340, 355, 434, 478, 597] (27)
44 : [8, 72, 197, 245, 313, 382, 416, 435, 436, 533, 598] (27)
45 : [26, 101, 138, 144, 316, 402, 465, 550, 566] (28)
46 : [14, 29, 65, 129, 145, 172, 174, 243, 274, 331] (28)
47 : [50, 53, 63, 148, 180, 269, 294, 320, 349, 546] (28)
48 : [335, 385, 468, 470, 474, 496, 509, 547, 552] (30)
49 : [15, 59, 162, 259, 403, 425, 467, 561] (28)
50 : [56, 80, 115, 194, 297, 346, 440, 457, 538, 571] (29)
51 : [89, 143, 179, 205, 229, 255, 258, 481, 525, 539] (29)
52 : [13, 62, 77, 78, 134, 199, 253, 266, 295, 322, 514, 557] (29)
53 : [19, 64, 127, 260, 281, 327, 364, 423, 446] (29)
54 : [70, 133, 212, 232, 362, 401, 424, 573, 574] (29)
55 : [6, 33, 74, 76, 113, 240, 272, 290, 429] (30)
56 : [203, 215, 242, 277, 449, 554, 570] (30)
57 : [41, 44, 61, 105, 350, 430, 519, 528, 555] (30)
58 : [28, 204, 233, 268, 337, 428, 507, 520, 521, 522, 535] (30)
59 : [43, 45, 46, 68, 69, 122, 235, 526, 540, 559, 562] (30)
60 : [37, 97, 121, 123, 156, 158, 226, 285, 307, 348, 393] (30)
