Name: 600-20-30
Time: 17.174970149993896 
Result: 9
Solution:  42 27 17 20 12 2 55 24 41 10 19 2 37 52 46 49 35 12 18 54 31 12 31 31 24 14 45 15 59 47 28 6 40 55 28 8 29 59 7 23 28 60 24 59 56 54 57 42 23 5 44 44 9 47 6 10 50 38 31 52 18 59 50 48 54 46 32 10 59 59 54 11 42 4 54 28 55 53 51 42 49 14 30 15 32 32 14 40 4 52 5 32 28 36 44 26 12 60 26 19 24 45 39 15 17 56 12 8 30 12 3 15 37 56 23 45 3 13 7 30 5 60 59 60 30 42 14 53 40 46 5 19 1 59 51 30 37 43 48 8 17 19 29 52 45 43 21 0 44 2 31 33 14 25 16 36 57 42 60 39 19 7 51 18 25 5 14 17 34 14 40 21 43 33 46 16 35 41 16 50 47 36 18 9 19 18 1 28 20 38 12 35 26 21 53 19 19 42 2 51 36 8 1 60 56 51 24 5 14 6 18 33 57 42 9 58 5 17 9 43 24 37 34 34 22 6 60 8 6 57 27 31 52 57 1 57 10 19 38 32 55 8 52 47 6 44 34 40 20 20 15 36 0 51 36 51 17 39 50 53 56 34 23 17 5 11 52 14 58 47 31 26 56 12 45 34 38 56 34 10 9 55 29 19 39 59 1 0 7 22 53 1 3 35 47 55 45 48 15 13 32 0 22 4 9 42 43 58 20 40 29 40 28 42 20 39 48 21 21 23 49 22 53 38 9 31 4 53 15 39 21 46 22 27 7 49 12 60 12 23 44 28 32 0 9 8 52 3 60 46 60 41 35 12 5 43 39 20 11 35 28 1 55 10 54 39 8 15 0 19 11 4 25 4 25 9 19 10 13 38 14 37 43 4 30 48 5 15 6 2 29 20 21 59 38 33 37 25 31 4 40 55 47 48 18 8 30 1 27 28 24 23 24 32 22 27 44 16 35 29 41 36 29 53 51 50 34 10 54 53 58 16 20 1 40 44 44 5 25 10 49 27 6 11 27 3 50 21 28 55 13 33 16 25 16 24 22 46 11 37 11 36 24 22 2 45 4 49 48 32 47 39 30 25 48 40 38 43 43 28 30 51 42 19 37 27 14 7 3 16 33 3 18 22 2 26 49 39 7 8 29 25 41 1 41 43 24 55 5 48 33 28 25 22 52 30 13 3 16 60 57 58 56 3 34 51 60 23 60 9 13 0 16 42 44 58 17 33 51 50 55 17 31 33 7 1 46 49 35 21 45 13 46 29 56 54 37 47 11 58 41 46 57 24 41 27 45 7 16 19 58 50 38 53 54 26 37 32 17 38 17 40 17 36 40 23 31 41 41 6 3 26 31 16 0 29 32 41 44 5
0 : [147, 252, 287, 301, 343, 368, 531, 594] (21)
1 : [132, 186, 202, 234, 286, 291, 361, 407, 433, 503, 545] (21)
2 : [5, 11, 149, 198, 389, 464, 494] (21)
3 : [110, 116, 292, 347, 445, 488, 491, 517, 523, 590] (21)
4 : [73, 88, 303, 326, 371, 373, 383, 399, 466] (21)
5 : [49, 90, 120, 130, 165, 207, 216, 264, 354, 386, 437, 508, 599] (21)
6 : [31, 54, 209, 225, 228, 244, 388, 442, 589] (21)
7 : [38, 118, 161, 288, 334, 487, 498, 544, 567] (21)
8 : [35, 107, 139, 201, 227, 241, 345, 366, 405, 499] (21)
9 : [52, 183, 214, 218, 280, 304, 324, 344, 375, 529] (21)
10 : [9, 55, 67, 236, 279, 363, 377, 427, 439] (22)
11 : [71, 265, 358, 370, 443, 458, 460, 558] (22)
12 : [4, 17, 21, 96, 106, 109, 190, 273, 336, 338, 353] (22)
13 : [117, 299, 378, 450, 516, 530, 551] (22)
14 : [25, 81, 86, 126, 152, 166, 169, 208, 267, 380, 486] (22)
15 : [27, 83, 103, 111, 250, 298, 328, 367, 387] (22)
16 : [154, 175, 178, 417, 431, 452, 454, 489, 518, 532, 568, 593] (23)
17 : [2, 104, 140, 167, 217, 256, 263, 536, 541, 578, 580, 582] (22)
18 : [18, 60, 163, 182, 185, 210, 404, 492] (22)
19 : [10, 99, 131, 141, 160, 184, 195, 196, 237, 283, 369, 376, 483, 569] (23)
20 : [3, 188, 248, 249, 308, 314, 357, 391, 432] (22)
21 : [146, 171, 193, 317, 318, 330, 392, 447, 549] (23)
22 : [224, 289, 302, 321, 332, 414, 456, 463, 493, 513] (23)
23 : [39, 48, 114, 262, 319, 339, 411, 527, 585] (23)
24 : [7, 24, 42, 100, 206, 220, 410, 412, 455, 462, 506, 563] (23)
25 : [153, 164, 372, 374, 397, 438, 453, 473, 501, 512] (24)
26 : [95, 98, 192, 271, 495, 575, 591] (24)
27 : [1, 230, 333, 408, 415, 441, 444, 485, 565] (24)
28 : [30, 34, 40, 75, 92, 187, 312, 341, 360, 409, 448, 479, 511] (24)
29 : [36, 142, 282, 310, 390, 419, 422, 500, 553, 595] (24)
30 : [82, 108, 119, 124, 135, 384, 406, 472, 480, 515] (21)
31 : [20, 22, 23, 58, 150, 231, 270, 325, 398, 542, 586, 592] (28)
32 : [66, 84, 85, 91, 239, 300, 342, 413, 469, 577, 596] (25)
33 : [151, 173, 211, 395, 451, 490, 510, 537, 543] (26)
34 : [168, 222, 223, 246, 261, 275, 278, 426, 524] (26)
35 : [16, 176, 191, 293, 352, 359, 418, 548] (26)
36 : [93, 155, 181, 200, 251, 254, 421, 461, 583] (27)
37 : [12, 112, 136, 221, 381, 396, 459, 484, 556, 576] (26)
38 : [57, 189, 238, 276, 323, 379, 394, 476, 572, 579] (27)
39 : [102, 159, 257, 284, 315, 329, 356, 365, 471, 497] (27)
40 : [32, 87, 128, 170, 247, 309, 311, 400, 434, 475, 581, 584] (26)
41 : [8, 177, 351, 420, 502, 504, 560, 564, 587, 588, 597] (27)
42 : [0, 47, 72, 79, 125, 157, 197, 213, 305, 313, 482, 533] (27)
43 : [137, 145, 172, 219, 306, 355, 382, 477, 478, 505] (27)
44 : [50, 51, 94, 148, 245, 340, 416, 435, 436, 534, 598] (27)
45 : [26, 101, 115, 144, 274, 296, 465, 550, 566] (28)
46 : [14, 65, 129, 174, 331, 349, 457, 546, 552, 561] (27)
47 : [29, 53, 180, 243, 269, 294, 402, 470, 557] (28)
48 : [63, 138, 297, 316, 385, 403, 468, 474, 509] (28)
49 : [15, 80, 320, 335, 440, 467, 496, 547] (28)
50 : [56, 62, 179, 258, 425, 446, 539, 571] (29)
51 : [78, 134, 162, 199, 205, 253, 255, 424, 481, 525, 538] (28)
52 : [13, 59, 89, 143, 232, 242, 266, 346, 514] (30)
53 : [77, 127, 194, 259, 290, 322, 327, 423, 429, 573] (29)
54 : [19, 45, 64, 70, 74, 364, 428, 555, 574] (30)
55 : [6, 33, 76, 240, 281, 295, 362, 401, 449, 507, 540] (29)
56 : [44, 105, 113, 204, 260, 272, 277, 522, 554] (30)
57 : [46, 156, 212, 229, 233, 235, 520, 562] (30)
58 : [215, 268, 307, 430, 521, 535, 559, 570] (29)
59 : [28, 37, 43, 61, 68, 69, 122, 133, 285, 393] (30)
60 : [41, 97, 121, 123, 158, 203, 226, 337, 348, 350, 519, 526, 528] (30)
