Name: 600-50-80
Time: 18.62839937210083 
Result: 27
Solution:  58 37 21 12 11 7 8 0 15 5 37 8 17 40 8 44 9 18 56 47 35 28 21 4 56 46 51 21 43 52 21 5 13 23 57 3 44 38 34 55 52 11 33 56 35 3 13 34 54 22 9 36 18 22 33 26 42 1 13 22 53 26 57 20 51 21 53 56 38 48 42 52 49 46 60 33 32 13 38 26 15 36 11 36 4 3 18 39 0 57 41 16 56 37 30 14 53 49 57 36 15 24 45 0 37 31 21 12 27 34 52 10 45 48 13 54 33 29 49 52 40 45 32 7 56 5 10 34 55 51 28 2 14 28 25 15 23 8 33 51 14 3 42 47 23 17 15 9 40 28 55 19 30 37 7 53 19 9 9 13 47 60 57 33 0 2 0 58 25 37 27 47 5 31 6 0 34 4 55 46 20 12 5 36 43 0 46 31 8 35 14 59 56 53 58 59 59 26 55 17 12 55 50 53 30 12 54 53 45 55 48 3 29 30 44 9 27 43 15 39 56 50 22 27 11 26 32 12 47 21 34 0 60 13 35 49 36 44 5 4 39 5 25 21 24 41 15 42 2 35 4 45 20 37 4 23 30 59 13 22 37 49 56 49 44 11 37 42 21 3 2 13 10 39 47 45 14 4 9 2 48 35 27 54 43 47 41 28 9 37 51 27 60 45 9 0 30 44 21 11 52 24 47 48 7 0 24 56 54 24 43 6 37 3 3 60 41 8 19 46 3 41 22 40 50 46 40 1 27 29 37 33 45 48 6 28 51 16 34 40 22 51 22 5 37 42 32 43 26 57 56 59 48 48 60 3 15 2 17 13 10 18 59 13 15 49 7 46 35 59 30 13 29 7 35 42 35 26 8 26 1 47 11 55 16 48 51 6 23 18 21 38 20 18 17 40 41 3 15 4 58 16 59 0 16 40 28 25 15 1 44 5 1 19 58 52 53 36 18 52 57 13 4 60 13 44 54 30 39 47 20 15 52 53 27 19 47 31 31 19 33 11 36 45 8 17 18 0 52 1 59 16 31 49 15 26 12 21 36 10 54 35 41 9 27 20 7 28 49 21 50 17 47 57 5 41 10 57 15 59 11 7 47 18 11 21 19 30 27 39 58 4 43 27 59 20 19 3 17 11 9 24 2 40 58 33 27 23 41 46 3 28 33 54 41 21 51 39 39 3 8 24 12 16 25 15 41 27 28 59 14 34 40 26 25 32 45 6 44 4 29 21 25 42 24 32 51 46 24 2 13 57 25 38 38 10 60 24 4 46 17 20 44 52 41 52 31 58 31 16 49 1 18 9 26 37 32 30 39 28 30 27 24 35 50 36 35 48 36 48 34 55 32 30 29 47 50 45 19 5
0 : [7, 88, 103, 164, 166, 175, 185, 231, 295, 305, 403, 447] (52)
1 : [57, 327, 380, 409, 412, 449, 571] (50)
2 : [131, 165, 248, 270, 279, 357, 502, 549] (50)
3 : [35, 45, 85, 141, 211, 269, 313, 314, 320, 355, 397, 497, 510, 519] (51)
4 : [23, 84, 177, 239, 250, 254, 277, 399, 422, 491, 539, 558] (50)
5 : [9, 31, 125, 172, 182, 238, 241, 343, 411, 474, 599] (54)
6 : [174, 311, 334, 387, 537] (54)
7 : [5, 123, 154, 304, 366, 373, 466, 481] (51)
8 : [6, 11, 14, 137, 188, 317, 378, 444, 520] (55)
9 : [16, 50, 147, 157, 158, 215, 278, 288, 294, 463, 500, 573] (56)
10 : [111, 126, 272, 360, 459, 476, 555] (52)
11 : [4, 41, 82, 224, 265, 299, 382, 441, 480, 484, 499] (50)
12 : [3, 107, 181, 200, 205, 227, 456, 522] (56)
13 : [32, 46, 58, 77, 114, 159, 233, 258, 271, 359, 363, 371, 421, 424, 550] (57)
14 : [95, 132, 140, 190, 276, 530] (55)
15 : [8, 80, 100, 135, 146, 218, 246, 356, 364, 398, 408, 431, 454, 478, 525] (55)
16 : [91, 337, 384, 401, 404, 451, 523, 569] (59)
17 : [12, 145, 199, 358, 394, 445, 471, 498, 560] (60)
18 : [17, 52, 86, 361, 389, 393, 418, 446, 483, 572] (60)
19 : [151, 156, 318, 413, 435, 439, 486, 496, 598] (62)
20 : [63, 180, 252, 392, 430, 465, 495, 561] (61)
21 : [2, 22, 27, 30, 65, 106, 229, 243, 268, 298, 390, 457, 469, 485, 515, 541] (61)
22 : [49, 53, 59, 222, 259, 322, 340, 342] (60)
23 : [33, 136, 144, 255, 388, 507] (65)
24 : [101, 244, 301, 306, 309, 501, 521, 544, 548, 557, 582] (62)
25 : [134, 168, 242, 407, 524, 534, 542, 552] (66)
26 : [55, 61, 79, 197, 225, 348, 377, 379, 455, 533, 574] (66)
27 : [108, 170, 216, 223, 282, 291, 328, 434, 464, 488, 493, 506, 527, 581] (60)
28 : [21, 130, 133, 149, 287, 335, 406, 467, 511, 528, 579] (66)
29 : [117, 212, 329, 372, 540, 594] (68)
30 : [94, 152, 204, 213, 256, 296, 370, 427, 487, 577, 580, 593] (67)
31 : [105, 173, 187, 437, 438, 452, 566, 568] (67)
32 : [76, 122, 226, 346, 535, 545, 576, 592] (67)
33 : [42, 54, 75, 116, 138, 163, 331, 440, 505, 512] (67)
34 : [38, 47, 109, 127, 176, 230, 338, 531, 590] (66)
35 : [20, 44, 189, 234, 249, 281, 368, 374, 376, 461, 583, 586] (67)
36 : [51, 81, 83, 99, 183, 236, 417, 442, 458, 585, 588] (68)
37 : [1, 10, 93, 104, 153, 169, 253, 260, 266, 289, 312, 330, 344, 575] (68)
38 : [37, 68, 78, 391, 553, 554] (70)
39 : [87, 219, 240, 273, 428, 489, 517, 518, 578] (69)
40 : [13, 120, 148, 323, 326, 339, 395, 405, 503, 532] (68)
41 : [90, 245, 286, 316, 321, 396, 462, 475, 508, 514, 526, 564] (68)
42 : [56, 70, 142, 247, 267, 345, 375, 543] (72)
43 : [28, 184, 217, 284, 310, 347, 492] (71)
44 : [15, 36, 214, 237, 264, 297, 410, 425, 538, 562] (71)
45 : [102, 112, 121, 208, 251, 275, 293, 332, 443, 536, 597] (71)
46 : [25, 73, 179, 186, 319, 325, 367, 509, 547, 559] (70)
47 : [19, 143, 160, 171, 228, 274, 285, 302, 381, 429, 436, 472, 482, 595] (71)
48 : [69, 113, 210, 280, 303, 333, 352, 353, 385, 587, 589] (72)
49 : [72, 97, 118, 235, 261, 263, 365, 453, 468, 570] (74)
50 : [202, 221, 324, 470, 584, 596] (76)
51 : [26, 64, 129, 139, 290, 336, 341, 386, 516, 546] (75)
52 : [29, 40, 71, 110, 119, 300, 415, 419, 432, 448, 563, 565] (75)
53 : [60, 66, 96, 155, 193, 203, 207, 416, 433] (77)
54 : [48, 115, 206, 283, 308, 426, 460, 513] (76)
55 : [39, 128, 150, 178, 198, 201, 209, 383, 591] (76)
56 : [18, 24, 43, 67, 92, 124, 192, 220, 262, 307, 350] (76)
57 : [34, 62, 89, 98, 162, 349, 420, 473, 477, 551] (75)
58 : [0, 167, 194, 400, 414, 490, 504, 567] (76)
59 : [191, 195, 196, 257, 351, 362, 369, 402, 450, 479, 494, 529] (75)
60 : [74, 161, 232, 292, 315, 354, 423, 556] (74)
