Name: 600-30-45
Time: 17.9053635597229 
Result: 12
Solution:  9 25 60 44 53 25 37 47 29 53 21 24 8 4 47 48 20 46 19 7 14 13 9 27 40 30 49 30 57 11 31 14 25 5 21 42 3 8 0 20 34 50 26 4 27 39 18 46 59 26 21 56 33 22 34 36 3 14 57 60 43 22 9 14 45 4 7 2 34 11 46 6 29 48 36 27 18 27 8 3 18 8 22 55 37 24 46 56 35 57 52 45 11 18 32 19 20 50 16 7 26 45 13 39 47 33 60 28 26 29 49 28 52 43 45 6 31 40 30 8 48 20 59 31 59 56 5 38 48 42 52 28 18 54 21 58 56 6 38 37 6 54 37 39 3 53 37 38 19 39 12 15 55 48 50 47 25 47 12 2 19 43 59 40 42 16 29 41 5 1 5 45 59 30 33 43 19 51 34 27 32 8 51 55 23 49 57 25 47 47 38 26 54 10 54 30 9 15 33 17 8 16 54 56 29 58 24 28 10 31 32 46 2 14 54 21 28 53 9 52 30 35 11 24 36 31 26 44 15 6 28 30 16 18 15 49 10 11 44 14 50 28 19 47 52 54 23 54 8 2 57 24 12 18 2 14 16 0 34 0 59 17 21 7 8 58 33 35 4 59 23 40 38 28 15 44 13 33 55 9 55 45 22 49 45 7 22 51 16 16 21 55 20 55 12 33 55 17 6 29 8 26 22 53 60 46 42 7 2 14 22 25 10 22 41 36 50 57 51 2 39 28 51 41 0 42 9 40 52 24 59 36 18 52 33 58 10 27 30 2 2 47 40 20 21 41 8 7 49 12 3 18 57 58 19 20 17 39 37 59 48 12 49 40 46 23 35 39 9 12 17 57 44 26 46 13 39 41 45 20 36 59 35 15 23 30 6 15 45 4 10 37 48 18 33 29 25 59 54 43 33 10 43 6 36 36 33 7 49 31 38 53 16 26 0 8 34 31 29 32 22 7 27 7 17 25 49 5 1 18 12 44 52 4 7 59 42 41 50 58 28 43 37 39 8 55 12 21 45 32 41 34 10 47 17 51 25 42 13 6 20 1 48 13 12 12 37 34 18 53 42 22 49 32 26 6 58 40 51 14 58 43 17 37 43 53 59 24 24 10 5 29 4 29 1 34 2 50 14 29 22 1 11 16 37 53 34 45 19 17 50 33 11 8 24 0 60 56 11 3 17 13 7 42 41 42 27 26 52 23 35 25 38 42 11 7 17 39 57 39 3 39 38 6 28 60 44 41 26 45 6 58 22 35 48 23 55 47 9 10 52 5 52 48 38 39 56 48 59 32 34 45 33 4 1 19 27 37 49 35 25 29 24 1 51 49 18 17 2 56 2 35 34 44 6 47 0 45 3 28
0 : [38, 257, 259, 324, 414, 515, 596] (32)
1 : [169, 428, 461, 494, 501, 574, 583] (32)
2 : [67, 159, 212, 249, 254, 308, 319, 339, 340, 496, 588, 590] (31)
3 : [36, 56, 79, 144, 350, 519, 540, 598] (31)
4 : [13, 43, 65, 268, 389, 433, 492, 573] (31)
5 : [33, 126, 168, 170, 427, 490, 561] (31)
6 : [71, 115, 137, 140, 229, 298, 386, 403, 459, 475, 543, 550, 594] (31)
7 : [19, 66, 99, 263, 285, 307, 347, 407, 421, 423, 434, 522, 535] (31)
8 : [12, 37, 78, 81, 119, 181, 200, 248, 264, 300, 346, 415, 444, 513] (32)
9 : [0, 22, 62, 196, 218, 279, 326, 368, 558] (35)
10 : [193, 208, 236, 312, 336, 390, 401, 452, 489, 559] (33)
11 : [29, 69, 92, 222, 237, 502, 512, 518, 534] (33)
12 : [150, 158, 252, 294, 349, 361, 369, 430, 446, 464, 465] (33)
13 : [21, 102, 276, 375, 458, 463, 521] (36)
14 : [20, 31, 57, 63, 213, 239, 255, 309, 479, 498] (35)
15 : [151, 197, 228, 234, 274, 383, 387] (35)
16 : [98, 165, 201, 232, 256, 288, 289, 412, 503] (35)
17 : [199, 261, 297, 356, 370, 424, 454, 482, 509, 520, 536, 587] (34)
18 : [46, 76, 80, 93, 132, 233, 253, 332, 351, 393, 429, 468, 586] (35)
19 : [18, 95, 148, 160, 176, 242, 354, 508, 575] (36)
20 : [16, 39, 96, 121, 292, 343, 355, 379, 460] (36)
21 : [10, 34, 50, 134, 215, 262, 290, 344, 447] (36)
22 : [53, 61, 82, 282, 286, 302, 310, 313, 420, 471, 500, 552] (35)
23 : [184, 246, 270, 365, 384, 529, 555] (36)
24 : [11, 85, 206, 223, 251, 329, 487, 488, 514, 582] (36)
25 : [1, 5, 32, 156, 187, 311, 396, 425, 456, 531, 580] (39)
26 : [42, 49, 100, 108, 191, 226, 301, 373, 413, 474, 527, 548] (41)
27 : [23, 44, 75, 77, 179, 337, 422, 526, 576] (33)
28 : [107, 111, 131, 207, 216, 230, 241, 273, 321, 440, 544, 599] (37)
29 : [8, 72, 109, 166, 204, 299, 395, 418, 491, 493, 499, 581] (34)
30 : [25, 27, 118, 173, 195, 220, 231, 338, 385] (37)
31 : [30, 116, 123, 209, 225, 409, 417] (37)
32 : [94, 180, 210, 419, 449, 473, 569] (37)
33 : [52, 105, 174, 198, 266, 277, 295, 334, 394, 400, 406, 511, 572] (38)
34 : [40, 54, 68, 178, 258, 416, 451, 467, 495, 506, 570, 592] (38)
35 : [88, 221, 267, 366, 382, 530, 553, 579, 591] (38)
36 : [55, 74, 224, 315, 331, 380, 404, 405] (39)
37 : [6, 84, 139, 142, 146, 358, 391, 442, 466, 483, 504, 577] (43)
38 : [127, 138, 147, 190, 272, 410, 532, 542, 564] (38)
39 : [45, 103, 143, 149, 320, 357, 367, 376, 443, 537, 539, 541, 565] (39)
40 : [24, 117, 163, 271, 327, 342, 363, 477] (34)
41 : [167, 314, 323, 345, 377, 437, 450, 524, 547] (39)
42 : [35, 129, 164, 306, 325, 436, 457, 470, 523, 525, 533] (40)
43 : [60, 113, 161, 175, 399, 402, 441, 481, 484] (40)
44 : [3, 227, 238, 275, 372, 431, 546, 593] (41)
45 : [64, 91, 101, 114, 171, 281, 284, 378, 388, 448, 507, 549, 571, 597] (40)
46 : [17, 47, 70, 86, 211, 305, 364, 374] (40)
47 : [7, 14, 104, 155, 157, 188, 189, 243, 341, 453, 557, 595] (40)
48 : [15, 73, 120, 128, 153, 360, 392, 462, 554, 563, 567] (40)
49 : [26, 110, 185, 235, 283, 348, 362, 408, 426, 472, 578, 585] (43)
50 : [41, 97, 154, 240, 316, 438, 497, 510] (42)
51 : [177, 182, 287, 318, 322, 455, 478, 584] (42)
52 : [90, 112, 130, 219, 244, 328, 333, 432, 528, 560, 562] (43)
53 : [4, 9, 145, 217, 303, 411, 469, 485, 505] (43)
54 : [133, 141, 192, 194, 202, 214, 245, 247, 398] (43)
55 : [83, 152, 183, 278, 280, 291, 293, 296, 445, 556] (43)
56 : [51, 87, 125, 136, 203, 517, 566, 589] (42)
57 : [28, 58, 89, 186, 250, 317, 352, 371, 538] (43)
58 : [135, 205, 265, 335, 353, 439, 476, 480, 551] (42)
59 : [48, 122, 124, 162, 172, 260, 269, 330, 359, 381, 397, 435, 486, 568] (43)
60 : [2, 59, 106, 304, 516, 545] (42)
