Name: 600-50-80
Time: 17.339725017547607 
Result: 25
Solution:  56 36 20 12 11 4 12 1 15 9 34 10 18 40 5 45 9 18 54 46 35 31 23 4 57 42 51 22 44 51 26 5 12 23 58 5 44 38 33 56 53 11 35 59 34 0 14 38 55 22 7 34 18 22 31 29 42 1 12 23 56 25 57 19 54 19 53 59 38 47 47 54 46 46 59 32 32 11 38 25 12 38 10 36 4 7 19 41 0 57 43 12 56 39 30 14 55 51 60 35 14 24 44 0 37 32 21 15 25 33 51 11 45 48 10 54 32 32 52 52 40 45 30 9 58 5 12 35 53 50 28 3 16 28 24 14 20 9 33 50 14 3 42 47 21 16 18 9 37 30 53 16 33 32 6 54 19 10 9 14 45 60 59 33 2 1 0 57 28 38 27 46 6 31 6 5 34 4 58 47 20 13 9 36 43 0 47 31 6 36 14 56 53 53 56 55 60 26 55 17 14 53 49 55 29 8 50 52 42 56 44 0 30 22 40 10 26 43 15 41 58 52 25 26 10 28 30 11 48 18 35 1 60 13 33 50 37 44 10 9 40 4 26 22 25 39 14 39 3 35 3 44 20 32 4 21 30 59 12 20 37 50 58 49 45 13 39 43 22 3 2 9 10 40 44 43 7 9 7 2 50 36 27 55 40 47 42 28 10 37 48 27 59 45 9 1 33 43 18 11 55 24 51 53 10 0 23 57 55 24 44 5 38 4 4 60 42 9 21 46 3 41 22 41 50 43 37 0 29 31 34 32 49 48 5 28 52 17 34 40 23 51 20 3 39 42 32 43 24 57 51 60 48 48 58 3 15 1 16 12 11 18 59 14 14 49 10 48 38 60 31 11 30 10 36 41 36 23 8 27 2 47 10 56 17 45 48 6 24 13 21 38 19 19 17 40 41 3 16 9 55 17 58 1 18 40 29 28 11 2 45 6 1 17 59 52 54 35 19 50 58 13 4 57 15 44 54 29 35 46 20 14 51 51 27 21 45 28 25 19 29 11 34 42 9 17 17 0 59 1 59 18 30 49 15 28 12 23 37 12 54 30 40 9 28 22 9 29 49 21 50 19 45 60 8 40 11 51 15 60 10 2 47 13 13 23 19 29 27 41 57 4 46 22 60 21 19 3 18 14 3 24 2 39 59 37 26 26 39 45 3 29 30 54 38 17 52 40 36 3 9 25 11 16 27 14 42 27 26 58 14 34 43 28 25 34 45 8 44 7 24 22 23 39 23 34 54 48 25 2 13 60 23 41 39 6 60 27 4 46 19 26 43 52 40 53 33 57 35 15 49 2 16 8 27 36 33 27 42 29 30 27 24 33 50 37 40 47 36 49 32 52 31 28 29 46 53 43 18 7
0 : [45, 88, 103, 166, 185, 211, 305, 327, 447] (54)
1 : [7, 57, 165, 231, 295, 357, 403, 412, 449] (52)
2 : [164, 270, 279, 380, 409, 481, 502, 549, 571] (52)
3 : [131, 141, 248, 250, 269, 320, 343, 355, 397, 497, 500, 510, 519] (53)
4 : [5, 23, 84, 177, 241, 254, 313, 314, 422, 491, 558] (52)
5 : [14, 31, 35, 125, 175, 311, 334] (52)
6 : [154, 172, 174, 188, 387, 411, 555] (52)
7 : [50, 85, 276, 278, 539, 599] (55)
8 : [205, 378, 474, 537, 573] (58)
9 : [9, 16, 123, 137, 147, 158, 182, 239, 271, 277, 294, 317, 399, 444, 463, 466, 520] (52)
10 : [11, 82, 114, 157, 215, 224, 238, 272, 288, 304, 366, 373, 382, 480] (52)
11 : [4, 41, 77, 111, 227, 299, 360, 371, 408, 441, 476, 522] (54)
12 : [3, 6, 32, 58, 80, 91, 126, 258, 359, 456, 459] (54)
13 : [181, 233, 265, 389, 421, 483, 484, 550] (56)
14 : [46, 95, 100, 135, 140, 159, 190, 200, 246, 363, 364, 431, 499, 525, 530] (57)
15 : [8, 107, 218, 356, 424, 454, 478, 569] (59)
16 : [132, 145, 151, 358, 398, 523, 572] (57)
17 : [199, 337, 384, 394, 401, 413, 445, 446, 515] (58)
18 : [12, 17, 52, 146, 229, 298, 361, 404, 451, 498, 598] (59)
19 : [63, 65, 86, 156, 392, 393, 418, 439, 471, 486, 496, 560] (61)
20 : [2, 136, 180, 252, 259, 342, 430] (61)
21 : [106, 144, 255, 318, 390, 435, 469, 495] (61)
22 : [27, 49, 53, 213, 243, 268, 322, 465, 493, 541] (62)
23 : [22, 33, 59, 306, 340, 377, 457, 485, 542, 544, 552] (61)
24 : [101, 134, 301, 309, 348, 388, 501, 540, 582] (52)
25 : [61, 79, 108, 222, 244, 438, 521, 534, 548] (73)
26 : [30, 197, 216, 223, 242, 506, 507, 528, 561] (63)
27 : [170, 282, 291, 379, 434, 488, 524, 527, 557, 574, 577, 581] (63)
28 : [130, 133, 168, 225, 287, 335, 407, 437, 455, 464, 533, 593] (64)
29 : [55, 204, 328, 406, 427, 440, 467, 487, 511, 579, 594] (63)
30 : [94, 122, 149, 212, 226, 256, 372, 452, 461, 512, 580] (64)
31 : [21, 54, 173, 187, 329, 370, 592] (64)
32 : [75, 76, 105, 116, 117, 153, 253, 331, 346, 590] (65)
33 : [38, 109, 138, 152, 163, 234, 296, 566, 576, 583] (67)
34 : [10, 44, 51, 176, 330, 338, 442, 531, 535, 545] (67)
35 : [20, 42, 99, 127, 230, 249, 417, 428, 568] (66)
36 : [1, 83, 183, 189, 281, 374, 376, 518, 575, 588] (68)
37 : [104, 148, 236, 260, 289, 326, 458, 505, 585] (67)
38 : [37, 47, 68, 78, 81, 169, 312, 368, 391, 514] (68)
39 : [93, 245, 247, 266, 344, 503, 508, 543, 554] (69)
40 : [13, 120, 214, 240, 273, 284, 339, 395, 405, 462, 475, 517, 564, 586] (69)
41 : [87, 219, 321, 323, 375, 396, 489, 553] (69)
42 : [25, 56, 142, 208, 286, 316, 345, 443, 526, 578] (69)
43 : [90, 184, 217, 267, 275, 297, 325, 347, 532, 562, 597] (70)
44 : [28, 36, 102, 210, 237, 251, 274, 310, 425, 538] (72)
45 : [15, 112, 121, 160, 264, 293, 385, 410, 436, 472, 509, 536] (72)
46 : [19, 72, 73, 171, 319, 429, 492, 559, 595] (71)
47 : [69, 70, 143, 179, 186, 285, 381, 482, 587] (73)
48 : [113, 228, 290, 333, 352, 353, 367, 386, 547] (73)
49 : [202, 263, 332, 365, 453, 468, 570, 589] (75)
50 : [129, 139, 206, 235, 261, 280, 324, 419, 470, 584] (74)
51 : [26, 29, 97, 110, 302, 341, 350, 432, 433, 477] (76)
52 : [118, 119, 207, 221, 336, 415, 516, 563, 591] (76)
53 : [40, 66, 128, 150, 192, 193, 201, 303, 565, 596] (77)
54 : [18, 64, 71, 115, 155, 416, 426, 460, 513, 546] (77)
55 : [48, 96, 195, 198, 203, 283, 300, 308, 400] (77)
56 : [0, 39, 60, 92, 191, 194, 209, 383] (76)
57 : [24, 62, 89, 167, 307, 349, 423, 490, 567] (76)
58 : [34, 124, 178, 220, 262, 354, 402, 420, 529] (76)
59 : [43, 67, 74, 162, 257, 292, 362, 414, 448, 450, 504] (77)
60 : [98, 161, 196, 232, 315, 351, 369, 473, 479, 494, 551, 556] (77)
