Name: 600-30-45
Time: 18.012834548950195 
Result: 12
Solution:  9 26 60 43 52 21 38 47 31 58 23 22 8 2 47 46 17 45 22 5 14 12 13 25 44 32 53 29 58 17 29 14 24 0 21 42 2 7 0 22 37 48 24 3 30 36 15 50 59 28 21 56 35 20 30 39 0 14 59 60 45 23 9 16 44 3 7 0 35 11 46 8 28 45 38 27 18 31 8 3 18 7 25 55 39 24 43 54 35 57 51 47 11 18 31 19 20 50 16 8 26 44 14 39 48 36 59 28 27 30 48 29 48 44 47 0 31 39 30 7 46 20 59 32 58 59 2 33 47 42 52 28 18 54 20 58 56 0 38 36 2 57 30 39 0 53 37 38 19 39 12 12 60 48 50 47 30 46 13 1 20 43 60 40 39 14 32 41 5 1 6 43 59 30 34 42 19 51 33 26 34 0 51 55 23 49 59 24 45 45 39 29 53 12 54 27 9 14 32 16 7 17 59 57 25 58 24 29 8 32 32 42 1 16 57 23 35 56 4 51 28 29 9 23 36 33 26 41 15 3 28 27 18 18 17 49 11 10 44 15 52 24 18 48 53 59 28 53 10 0 58 23 16 19 5 16 16 0 35 0 57 17 21 13 10 58 37 36 5 58 23 41 37 27 13 43 13 30 57 6 56 45 24 49 50 6 22 51 16 15 22 55 19 59 11 33 53 17 7 29 8 28 22 50 60 47 44 8 0 16 22 30 12 22 41 39 51 57 51 2 40 29 50 40 2 40 8 39 52 21 59 37 14 51 34 54 10 25 30 0 3 47 41 20 24 43 7 7 49 13 4 15 59 56 19 21 17 42 37 59 47 12 50 38 44 25 40 42 10 14 17 57 47 26 44 14 37 40 44 20 35 60 37 12 21 29 8 15 44 3 12 36 46 17 31 29 24 59 55 45 34 10 42 6 34 38 32 8 49 32 39 55 16 28 1 5 35 31 31 35 22 7 25 7 16 25 52 7 2 23 14 43 52 4 7 60 45 40 51 56 28 42 37 39 9 56 12 21 43 32 40 34 10 47 18 49 20 46 8 5 19 1 48 13 11 13 43 38 18 55 41 20 49 30 29 5 56 38 53 17 60 39 18 40 44 48 57 27 25 8 5 26 4 30 2 34 1 57 14 29 24 2 11 17 37 55 33 41 20 17 49 32 17 8 25 0 60 58 16 3 20 13 8 42 42 42 30 27 55 19 36 21 37 42 11 10 14 39 59 37 4 36 41 10 26 57 43 41 25 45 7 57 20 34 47 26 55 49 14 9 52 6 51 48 37 35 56 49 58 35 34 44 34 4 1 19 26 38 49 34 21 31 22 1 53 49 16 15 1 57 1 33 34 46 6 45 3 47 5 25
0 : [33, 38, 56, 67, 115, 137, 144, 181, 249, 257, 259, 308, 339, 515] (31)
1 : [159, 169, 212, 414, 461, 496, 574, 583, 588, 590] (31)
2 : [13, 36, 126, 140, 319, 324, 428, 494, 501] (31)
3 : [43, 65, 79, 229, 340, 389, 519, 596] (32)
4 : [218, 350, 433, 492, 540, 573] (31)
5 : [19, 168, 254, 268, 415, 459, 475, 490, 598] (32)
6 : [170, 279, 285, 403, 561, 594] (32)
7 : [37, 66, 81, 119, 200, 298, 346, 347, 421, 423, 427, 434, 550] (32)
8 : [12, 71, 78, 99, 208, 300, 307, 326, 386, 407, 458, 489, 513, 522] (33)
9 : [0, 62, 196, 222, 444, 559] (33)
10 : [237, 248, 264, 336, 368, 401, 452, 535, 543] (34)
11 : [69, 92, 236, 294, 464, 502, 534] (34)
12 : [21, 150, 151, 193, 312, 361, 383, 390, 446] (33)
13 : [22, 158, 263, 274, 276, 349, 463, 465, 521] (32)
14 : [20, 31, 57, 102, 165, 197, 332, 369, 375, 430, 498, 536, 558] (36)
15 : [46, 228, 239, 289, 351, 387, 587] (33)
16 : [63, 98, 199, 213, 252, 255, 256, 288, 309, 412, 424, 518, 586] (34)
17 : [16, 29, 201, 234, 261, 297, 356, 370, 393, 479, 503, 509, 512] (33)
18 : [76, 80, 93, 132, 232, 233, 242, 454, 468, 482] (33)
19 : [95, 148, 176, 253, 292, 354, 460, 529, 575] (34)
20 : [53, 96, 121, 134, 160, 343, 379, 456, 471, 508, 520, 552] (34)
21 : [5, 34, 50, 262, 329, 355, 384, 447, 531, 580] (36)
22 : [11, 18, 39, 286, 290, 302, 310, 313, 420, 582] (36)
23 : [10, 61, 184, 215, 223, 251, 270, 429] (37)
24 : [32, 42, 85, 187, 206, 241, 282, 344, 396, 500] (37)
25 : [23, 82, 204, 337, 365, 422, 425, 488, 514, 548, 599] (36)
26 : [1, 100, 179, 226, 373, 491, 544, 555, 576] (36)
27 : [75, 108, 195, 231, 273, 487, 527] (37)
28 : [49, 72, 107, 131, 220, 230, 246, 301, 413, 440] (38)
29 : [27, 30, 111, 191, 207, 221, 299, 321, 385, 395, 474, 499] (38)
30 : [44, 54, 109, 118, 142, 156, 173, 277, 311, 338, 473, 493, 526] (38)
31 : [8, 77, 94, 116, 394, 417, 418, 581] (38)
32 : [25, 123, 166, 198, 209, 210, 406, 409, 449, 511] (39)
33 : [127, 178, 225, 295, 506, 591] (39)
34 : [174, 180, 334, 400, 404, 451, 495, 553, 570, 572, 579, 592] (42)
35 : [52, 68, 88, 216, 258, 380, 416, 419, 565, 569] (38)
36 : [45, 105, 139, 224, 267, 391, 530, 541] (38)
37 : [40, 146, 266, 272, 331, 358, 376, 382, 442, 504, 532, 539, 564] (38)
38 : [6, 74, 138, 147, 363, 405, 467, 477, 577] (35)
39 : [55, 84, 103, 117, 143, 149, 164, 190, 315, 327, 410, 443, 481, 537] (38)
40 : [163, 320, 323, 325, 366, 377, 437, 450, 483] (38)
41 : [167, 227, 271, 314, 342, 470, 507, 542, 547] (41)
42 : [35, 129, 175, 211, 357, 367, 402, 441, 523, 524, 525, 533] (40)
43 : [3, 86, 161, 171, 275, 345, 431, 448, 466, 546] (40)
44 : [24, 64, 101, 113, 238, 306, 364, 374, 378, 388, 484, 571] (40)
45 : [17, 60, 73, 188, 189, 281, 399, 436, 549, 595] (40)
46 : [15, 70, 120, 157, 392, 457, 593] (40)
47 : [7, 14, 91, 114, 128, 155, 305, 341, 360, 372, 453, 554, 597] (38)
48 : [41, 104, 110, 112, 153, 243, 462, 485, 563] (42)
49 : [185, 235, 283, 348, 408, 455, 472, 510, 557, 567, 578, 585] (42)
50 : [47, 97, 154, 284, 303, 322, 362] (42)
51 : [90, 177, 182, 219, 287, 316, 318, 333, 438, 562] (43)
52 : [4, 130, 240, 328, 426, 432, 560] (42)
53 : [26, 145, 192, 244, 247, 296, 478, 584] (43)
54 : [87, 133, 194, 335] (43)
55 : [83, 183, 291, 398, 411, 469, 505, 528, 556] (43)
56 : [51, 136, 217, 280, 353, 439, 445, 476, 566] (43)
57 : [89, 141, 203, 214, 260, 278, 317, 371, 486, 497, 545, 551, 589] (43)
58 : [9, 28, 124, 135, 205, 250, 265, 269, 517, 568] (43)
59 : [48, 58, 106, 122, 125, 172, 186, 202, 245, 293, 330, 352, 359, 397, 538] (43)
60 : [2, 59, 152, 162, 304, 381, 435, 480, 516] (43)
