Name: 600-20-30
Time: 16.9970760345459 
Result: 9
Solution:  41 27 19 21 16 4 54 22 43 10 17 3 39 52 50 48 35 12 19 56 31 10 30 30 25 12 45 15 55 47 25 9 39 56 28 6 32 59 5 27 28 56 23 56 57 59 60 42 25 5 44 42 9 47 6 9 51 37 33 50 21 60 50 45 53 47 32 7 59 59 55 10 43 4 57 29 55 54 56 41 48 12 29 15 34 32 14 39 4 54 5 32 21 36 43 25 14 59 28 20 22 44 38 13 16 56 14 10 28 12 7 13 42 55 23 49 3 13 5 32 4 59 59 59 30 43 16 55 40 49 3 21 4 54 50 30 37 42 50 8 17 18 25 50 45 44 21 0 46 1 31 34 14 28 20 36 58 38 60 35 19 6 49 20 24 6 14 17 33 14 39 22 49 34 46 15 34 42 16 51 47 36 15 10 19 16 0 29 20 39 11 37 26 23 52 21 21 44 1 51 38 5 0 56 55 55 22 4 17 6 19 34 54 41 9 52 4 18 10 42 24 38 35 34 22 7 60 9 6 51 26 32 54 57 2 58 10 19 38 31 55 8 52 48 8 41 34 37 20 19 10 36 2 52 37 52 14 38 49 52 57 34 23 19 4 12 47 13 57 47 31 23 56 14 45 34 36 58 35 8 9 53 29 21 39 59 1 2 5 25 53 2 1 37 49 49 45 46 16 14 32 1 23 2 10 42 44 59 20 42 28 39 28 42 16 37 46 22 22 21 51 18 50 39 9 31 5 53 15 41 24 45 22 30 7 51 10 60 10 24 48 28 32 0 9 7 51 4 59 47 58 45 32 11 6 43 37 17 12 35 28 1 54 11 51 36 9 15 3 21 10 5 26 4 25 7 22 8 11 39 15 36 40 4 31 50 3 13 6 2 29 21 20 58 40 33 40 29 30 2 41 54 44 47 17 8 31 1 29 26 27 24 24 30 24 26 45 20 40 31 41 35 29 53 54 48 32 10 59 53 57 18 23 1 43 43 46 6 21 11 50 31 6 12 26 4 51 18 27 55 14 32 15 24 13 26 24 47 11 34 11 35 24 20 5 46 3 50 49 34 47 45 27 25 49 43 37 44 41 30 32 51 40 18 36 27 14 4 1 17 33 4 19 28 0 27 46 39 14 2 31 24 46 0 40 42 24 55 9 46 33 28 26 22 52 30 13 6 18 57 57 58 59 4 33 51 58 21 60 14 13 0 15 48 42 60 18 30 50 53 56 18 30 32 7 1 49 49 34 18 45 12 44 28 57 56 36 47 11 60 38 51 59 22 42 24 43 8 12 16 58 51 38 53 54 29 42 31 16 38 14 41 16 39 38 18 35 41 44 7 7 25 31 18 0 29 31 40 43 3
0 : [147, 186, 202, 343, 494, 503, 531, 594] (21)
1 : [149, 198, 286, 292, 301, 361, 407, 433, 488, 545] (21)
2 : [234, 252, 287, 291, 303, 389, 399, 499] (21)
3 : [11, 116, 130, 368, 386, 466, 599] (21)
4 : [5, 73, 88, 120, 132, 207, 216, 264, 347, 373, 383, 445, 487, 491, 523] (21)
5 : [38, 49, 90, 118, 201, 288, 326, 371, 464] (22)
6 : [35, 54, 161, 165, 209, 228, 354, 388, 437, 442, 517] (22)
7 : [67, 110, 225, 334, 345, 375, 544, 589, 590] (21)
8 : [139, 241, 244, 279, 377, 405, 567] (22)
9 : [31, 52, 55, 214, 227, 280, 324, 344, 366, 508] (22)
10 : [9, 21, 71, 107, 183, 218, 236, 250, 304, 336, 338, 370, 427] (22)
11 : [190, 353, 363, 378, 439, 458, 460, 558] (22)
12 : [17, 25, 81, 109, 265, 358, 443, 551, 568] (22)
13 : [103, 111, 117, 267, 387, 454, 516, 530] (22)
14 : [86, 96, 106, 152, 166, 169, 256, 273, 299, 450, 486, 498, 529, 580] (22)
15 : [27, 83, 175, 182, 328, 367, 380, 452, 532] (22)
16 : [4, 104, 126, 178, 185, 298, 314, 569, 578, 582] (21)
17 : [10, 140, 167, 208, 357, 404, 489] (21)
18 : [141, 217, 321, 431, 447, 483, 518, 536, 541, 549, 585, 593] (22)
19 : [2, 18, 160, 184, 210, 237, 249, 263, 492] (22)
20 : [99, 154, 163, 188, 248, 308, 392, 417, 463] (22)
21 : [3, 60, 92, 131, 146, 195, 196, 283, 319, 369, 391, 438, 527] (22)
22 : [7, 100, 171, 206, 224, 317, 318, 332, 376, 513, 563] (22)
23 : [42, 114, 193, 262, 271, 302, 432] (22)
24 : [164, 220, 330, 339, 411, 412, 414, 453, 456, 462, 501, 506, 565] (23)
25 : [24, 30, 48, 95, 142, 289, 374, 473, 591] (23)
26 : [192, 230, 372, 409, 415, 444, 455, 512] (23)
27 : [1, 39, 410, 448, 472, 485, 495] (24)
28 : [34, 40, 98, 108, 153, 310, 312, 341, 360, 493, 511, 553] (24)
29 : [75, 82, 187, 282, 390, 397, 408, 422, 575, 595] (24)
30 : [22, 23, 124, 135, 333, 398, 413, 479, 515, 537, 542] (25)
31 : [20, 150, 239, 270, 325, 384, 406, 419, 441, 500, 577, 592, 596] (24)
32 : [36, 66, 85, 91, 119, 231, 300, 342, 352, 426, 451, 480, 543] (24)
33 : [58, 168, 395, 490, 510, 524] (23)
34 : [84, 151, 173, 176, 211, 223, 246, 261, 275, 459, 469, 548] (29)
35 : [16, 159, 222, 278, 359, 421, 461, 586] (26)
36 : [93, 155, 181, 251, 276, 365, 381, 484, 556] (27)
37 : [57, 136, 191, 247, 254, 293, 315, 356, 476] (27)
38 : [102, 157, 200, 221, 238, 257, 560, 572, 579, 584] (27)
39 : [12, 32, 87, 170, 189, 284, 311, 323, 379, 497, 583] (27)
40 : [128, 382, 394, 396, 418, 482, 504, 597] (27)
41 : [0, 79, 213, 245, 329, 400, 420, 478, 581, 587] (27)
42 : [47, 51, 112, 137, 177, 219, 305, 309, 313, 505, 534, 564, 576] (28)
43 : [8, 72, 94, 125, 355, 434, 435, 475, 566, 598] (28)
44 : [50, 101, 145, 197, 306, 402, 477, 552, 588] (28)
45 : [26, 63, 144, 274, 296, 331, 351, 416, 471, 550] (28)
46 : [148, 174, 297, 316, 436, 465, 496, 502, 509] (28)
47 : [29, 53, 65, 180, 266, 269, 349, 403, 457, 470, 557] (28)
48 : [15, 80, 243, 340, 425, 533] (28)
49 : [115, 129, 162, 172, 258, 294, 295, 468, 474, 546, 547] (29)
50 : [14, 59, 62, 134, 138, 143, 322, 385, 440, 467, 538] (28)
51 : [56, 179, 199, 229, 320, 335, 346, 364, 446, 481, 525, 561, 571] (29)
52 : [13, 194, 215, 242, 253, 255, 259, 514] (29)
53 : [64, 281, 290, 327, 423, 429, 539, 573] (29)
54 : [6, 77, 89, 133, 212, 232, 362, 401, 424, 574] (29)
55 : [28, 70, 76, 113, 127, 204, 205, 240, 449, 507] (30)
56 : [19, 33, 41, 43, 78, 105, 203, 272, 540, 555] (30)
57 : [44, 74, 233, 260, 268, 430, 519, 520, 554] (30)
58 : [156, 235, 277, 350, 393, 521, 526, 570] (30)
59 : [37, 45, 68, 69, 97, 121, 122, 123, 285, 307, 348, 428, 522, 562] (29)
60 : [46, 61, 158, 226, 337, 528, 535, 559] (30)
