Name: 600-50-80
Time: 17.185665130615234 
Result: 26
Solution:  57 37 20 8 9 6 13 1 13 5 34 8 19 40 6 41 9 17 52 46 36 28 21 4 56 42 50 22 45 55 21 7 13 23 58 3 43 38 34 54 52 11 34 58 34 3 13 35 56 19 10 40 17 22 31 27 42 1 15 22 58 26 57 22 54 20 56 55 39 48 42 56 46 46 59 32 32 15 37 25 11 35 12 37 4 2 18 43 0 54 43 13 55 38 30 18 53 52 60 35 14 24 44 2 38 30 22 12 27 33 55 10 43 51 12 54 34 32 48 51 40 45 31 7 56 4 14 33 55 51 28 5 18 27 24 17 20 6 35 49 14 0 38 47 24 16 20 9 42 28 54 20 32 32 8 53 20 8 9 14 45 60 55 33 0 0 0 57 26 41 30 47 9 31 5 2 35 4 53 46 20 11 6 36 45 0 48 34 4 36 15 55 54 52 57 59 59 26 52 18 15 53 49 53 31 11 53 51 43 55 44 2 30 30 44 8 30 44 16 41 56 53 22 31 10 27 30 12 48 19 35 0 60 13 33 48 31 46 5 4 40 1 23 21 26 41 15 41 6 35 5 44 21 35 7 21 29 58 12 19 36 49 54 47 44 11 41 43 21 2 1 9 10 37 44 45 7 7 8 1 51 35 26 56 40 47 44 28 13 39 48 30 58 47 8 0 33 43 17 12 55 24 48 48 10 0 23 56 59 23 43 4 33 5 2 60 42 8 19 47 5 41 25 40 50 47 40 0 28 29 35 33 48 41 3 31 50 18 34 38 21 51 24 2 39 42 34 43 23 56 54 60 48 51 60 3 15 1 16 12 10 19 60 13 14 50 7 46 39 57 33 13 27 5 36 39 36 22 9 25 2 47 12 55 18 45 51 6 23 14 17 37 19 21 17 40 40 3 14 5 56 14 59 2 18 40 32 26 12 2 46 5 1 17 57 52 54 35 18 52 57 13 5 60 18 44 53 30 38 47 21 12 52 58 26 21 47 31 28 17 29 10 33 45 5 16 21 1 56 0 60 16 30 52 15 26 12 22 36 12 56 31 40 12 30 22 8 28 54 22 49 18 49 59 9 41 11 56 15 58 8 3 48 16 15 21 18 29 26 39 57 5 44 22 60 19 20 1 17 11 7 23 2 38 58 35 23 25 42 46 2 27 31 53 40 17 51 39 37 1 10 25 12 16 27 15 42 27 28 53 13 34 43 27 26 34 45 6 43 9 28 21 25 39 24 32 51 48 25 2 13 58 27 38 38 7 60 24 5 47 17 20 45 52 41 54 33 57 36 15 49 3 18 10 26 36 32 31 45 30 30 29 23 34 50 36 34 47 36 49 35 52 30 29 29 51 50 43 20 4
0 : [88, 141, 164, 165, 166, 185, 231, 295, 305, 327, 449] (50)
1 : [7, 57, 241, 270, 279, 357, 412, 447, 497, 519] (50)
2 : [85, 103, 175, 211, 269, 314, 343, 380, 403, 409, 502, 510, 549] (50)
3 : [35, 45, 334, 355, 397, 481, 571] (51)
4 : [23, 84, 125, 177, 188, 239, 311, 599] (54)
5 : [9, 131, 174, 238, 250, 313, 320, 373, 399, 411, 422, 444, 491, 558] (52)
6 : [5, 14, 137, 182, 248, 387, 537] (55)
7 : [31, 123, 254, 276, 277, 366, 500, 555] (55)
8 : [3, 11, 154, 157, 215, 278, 294, 317, 466, 480] (56)
9 : [4, 16, 147, 158, 172, 271, 378, 474, 539] (56)
10 : [50, 111, 224, 272, 304, 360, 441, 520, 573] (56)
11 : [41, 80, 181, 205, 265, 476, 499] (57)
12 : [82, 107, 114, 227, 258, 299, 359, 382, 408, 431, 456, 459, 463, 522] (56)
13 : [6, 8, 32, 46, 91, 233, 288, 363, 371, 421, 530, 550] (54)
14 : [100, 126, 140, 159, 364, 389, 398, 401] (57)
15 : [58, 77, 190, 200, 246, 356, 454, 478, 484, 525, 569] (59)
16 : [145, 218, 358, 445, 451, 483, 523] (59)
17 : [17, 52, 135, 298, 390, 394, 413, 439, 498, 515, 560] (58)
18 : [86, 95, 132, 199, 337, 384, 404, 418, 424, 471, 486, 572] (59)
19 : [12, 49, 229, 259, 318, 361, 392, 495] (59)
20 : [2, 65, 136, 146, 151, 156, 180, 496, 561, 598] (59)
21 : [22, 30, 243, 252, 255, 268, 340, 393, 430, 435, 446, 485, 541] (60)
22 : [27, 53, 59, 63, 106, 222, 377, 457, 465, 469, 493] (61)
23 : [33, 242, 306, 309, 348, 388, 501, 506, 582] (62)
24 : [101, 134, 144, 301, 342, 544, 557] (62)
25 : [79, 322, 379, 507, 521, 542, 548] (63)
26 : [61, 168, 197, 244, 282, 407, 434, 455, 488, 534, 574] (63)
27 : [55, 108, 133, 225, 372, 511, 524, 527, 533, 552] (63)
28 : [21, 130, 149, 287, 328, 438, 467, 528, 540] (64)
29 : [256, 329, 440, 487, 581, 593, 594] (67)
30 : [94, 105, 170, 212, 213, 216, 226, 291, 427, 452, 464, 579, 580, 592] (65)
31 : [54, 122, 173, 204, 223, 236, 335, 437, 461, 512, 577] (65)
32 : [75, 76, 117, 152, 153, 406, 545, 576] (65)
33 : [109, 127, 163, 234, 296, 312, 331, 370, 442, 566] (65)
34 : [10, 38, 42, 44, 116, 187, 338, 346, 531, 535, 583, 586] (65)
35 : [47, 81, 99, 138, 176, 230, 249, 253, 281, 330, 417, 505, 590] (66)
36 : [20, 183, 189, 260, 374, 376, 458, 568, 575, 585, 588] (67)
37 : [1, 78, 83, 273, 391, 518] (67)
38 : [37, 93, 104, 142, 339, 428, 503, 553, 554] (67)
39 : [68, 289, 344, 368, 375, 489, 517, 543] (67)
40 : [13, 51, 120, 240, 284, 323, 326, 395, 396, 405, 462, 514] (68)
41 : [15, 169, 219, 245, 247, 266, 321, 333, 475, 564] (69)
42 : [25, 56, 70, 148, 316, 345, 508, 526] (70)
43 : [36, 87, 90, 112, 208, 267, 297, 310, 347, 532, 538, 597] (72)
44 : [102, 210, 214, 217, 251, 264, 274, 286, 425, 492] (73)
45 : [28, 121, 160, 184, 275, 385, 443, 536, 562, 578] (73)
46 : [19, 72, 73, 179, 237, 367, 410, 509] (74)
47 : [143, 171, 263, 285, 293, 319, 325, 381, 429, 436, 559, 587] (74)
48 : [69, 118, 186, 228, 235, 290, 302, 303, 332, 352, 482, 547] (74)
49 : [139, 202, 261, 470, 472, 570, 589] (74)
50 : [26, 324, 336, 365, 584, 596] (76)
51 : [113, 119, 129, 207, 280, 341, 353, 386, 516, 546, 595] (74)
52 : [18, 40, 97, 193, 198, 415, 419, 432, 453, 563, 591] (75)
53 : [96, 155, 178, 201, 203, 206, 221, 426, 513, 529] (76)
54 : [39, 64, 89, 115, 150, 192, 262, 350, 416, 468, 565] (75)
55 : [29, 67, 92, 110, 128, 162, 191, 209, 300, 383] (76)
56 : [24, 48, 66, 71, 124, 220, 283, 307, 349, 400, 448, 460, 477] (76)
57 : [0, 62, 167, 194, 369, 414, 420, 490, 567] (76)
58 : [34, 43, 60, 257, 292, 433, 479, 504, 551] (76)
59 : [74, 195, 196, 308, 402, 473] (76)
60 : [98, 161, 232, 315, 351, 354, 362, 423, 450, 494, 556] (76)
