Name: 600-30-45
Time: 17.81819987297058 
Result: 12
Solution:  10 25 60 45 53 21 37 48 33 54 24 23 9 1 47 46 18 51 21 7 15 10 9 26 42 31 52 33 58 11 30 15 23 5 22 42 4 7 4 22 33 51 25 5 30 38 18 47 58 26 24 56 33 19 30 33 4 14 57 60 43 23 9 14 46 3 4 0 37 11 46 5 30 45 35 31 16 30 8 2 17 7 25 57 36 23 42 56 31 52 52 46 11 19 28 20 20 50 14 7 26 48 13 36 46 31 59 28 27 29 50 30 48 43 48 5 32 39 30 7 44 20 58 35 60 59 3 38 51 43 52 28 18 54 19 59 55 0 40 34 4 53 32 39 1 50 37 38 20 39 16 12 54 47 51 46 26 48 9 1 18 40 60 44 39 16 31 42 3 0 6 45 56 32 37 45 18 52 32 25 33 7 53 55 25 49 56 24 49 47 40 26 53 9 54 28 9 19 33 16 7 17 55 57 29 55 24 31 8 29 33 42 0 14 60 20 31 54 8 52 26 29 9 23 39 31 29 41 19 7 29 27 17 15 16 49 11 14 43 12 49 31 17 50 56 52 22 53 11 0 57 24 14 18 4 13 16 0 34 3 58 17 21 7 12 58 32 37 5 57 23 38 35 27 13 43 14 31 54 6 54 45 24 49 45 7 23 50 16 17 21 55 19 58 12 33 51 18 4 29 8 27 21 53 60 47 46 6 0 14 22 30 13 22 40 36 54 57 53 4 39 28 51 38 2 39 7 44 54 20 58 37 16 50 32 58 13 25 30 1 3 48 40 21 21 44 7 7 49 13 3 13 59 55 21 20 21 39 36 60 48 12 49 40 43 26 34 39 9 9 16 57 44 27 44 15 37 40 44 17 39 59 35 13 23 29 6 15 45 1 10 36 47 12 31 26 24 59 57 44 33 13 41 6 31 37 32 8 47 30 38 56 18 27 0 5 31 34 32 34 24 7 24 6 16 26 50 5 3 19 12 43 52 8 8 59 45 41 52 57 27 43 36 38 8 51 12 22 45 33 41 36 10 48 16 50 24 46 13 5 22 4 47 15 11 12 43 32 18 53 46 21 49 30 26 2 58 44 52 15 59 43 24 37 43 48 56 27 22 6 5 31 3 31 0 35 1 50 16 28 25 2 10 18 38 55 36 47 21 16 49 33 13 8 26 1 60 54 11 3 20 13 8 42 45 40 29 28 58 19 35 23 36 40 10 8 15 39 52 36 4 35 38 10 29 60 44 41 25 42 5 54 25 35 48 25 55 46 12 11 49 2 51 50 33 36 57 48 59 31 34 43 35 5 1 17 26 38 50 36 24 30 22 0 51 49 16 14 1 56 0 34 34 42 6 48 2 45 5 25
0 : [67, 137, 169, 212, 249, 257, 308, 414, 494, 583, 590] (31)
1 : [13, 144, 159, 339, 389, 496, 515, 574, 588] (31)
2 : [79, 324, 475, 501, 561, 596] (31)
3 : [65, 126, 168, 259, 340, 350, 428, 492, 519] (31)
4 : [36, 38, 56, 66, 140, 254, 298, 319, 461, 540] (32)
5 : [33, 43, 71, 115, 268, 415, 427, 459, 490, 550, 573, 598] (31)
6 : [170, 279, 307, 386, 403, 423, 489, 594] (31)
7 : [19, 37, 81, 99, 119, 181, 200, 229, 263, 285, 326, 346, 347, 421] (32)
8 : [78, 208, 218, 300, 407, 433, 434, 444, 513, 522, 535] (32)
9 : [12, 22, 62, 158, 193, 196, 222, 368, 369] (32)
10 : [0, 21, 390, 452, 502, 534, 543] (33)
11 : [29, 69, 92, 236, 248, 464, 518, 559] (33)
12 : [151, 239, 264, 294, 361, 393, 430, 446, 465, 558] (33)
13 : [102, 255, 274, 312, 336, 349, 351, 383, 401, 458, 512, 521] (34)
14 : [57, 63, 98, 213, 237, 252, 276, 309, 587] (35)
15 : [20, 31, 233, 375, 387, 463, 479, 536] (35)
16 : [76, 150, 165, 199, 234, 256, 288, 332, 370, 424, 454, 498, 509, 586] (35)
17 : [80, 201, 232, 242, 261, 289, 379, 575] (36)
18 : [16, 46, 132, 160, 176, 253, 297, 412, 468, 503] (36)
19 : [53, 93, 134, 197, 228, 292, 429, 529] (36)
20 : [95, 96, 121, 148, 215, 329, 355, 520] (36)
21 : [5, 18, 262, 290, 302, 343, 344, 354, 356, 471, 508] (36)
22 : [34, 39, 246, 310, 313, 447, 460, 488, 582] (36)
23 : [11, 32, 61, 85, 223, 270, 286, 384, 531] (37)
24 : [10, 50, 187, 206, 251, 282, 396, 420, 422, 456, 482, 580] (36)
25 : [1, 42, 82, 179, 184, 337, 500, 548, 552, 555, 599] (36)
26 : [23, 49, 100, 156, 191, 220, 365, 395, 425, 474, 514, 576] (37)
27 : [108, 231, 273, 301, 373, 413, 440, 487] (36)
28 : [94, 107, 131, 195, 321, 499, 527] (36)
29 : [109, 204, 209, 221, 226, 230, 299, 385, 526, 544] (36)
30 : [30, 44, 54, 72, 77, 111, 118, 311, 338, 409, 473, 581] (37)
31 : [25, 75, 88, 105, 166, 207, 216, 225, 241, 277, 394, 404, 416, 491, 493, 569] (37)
32 : [116, 142, 173, 178, 266, 334, 406, 418, 467] (37)
33 : [8, 27, 40, 52, 55, 180, 198, 210, 295, 400, 449, 511, 564] (37)
34 : [139, 258, 366, 417, 419, 570, 591, 592] (39)
35 : [74, 123, 272, 382, 495, 530, 541, 553, 572] (38)
36 : [84, 103, 315, 358, 391, 442, 451, 506, 532, 539, 565, 579] (38)
37 : [6, 68, 146, 174, 267, 331, 376, 405, 483] (38)
38 : [45, 127, 147, 271, 323, 410, 443, 504, 542, 577] (40)
39 : [117, 143, 149, 164, 224, 320, 325, 357, 367, 380, 537] (41)
40 : [138, 161, 190, 314, 342, 363, 377, 525, 533] (40)
41 : [227, 402, 437, 450, 547] (40)
42 : [24, 35, 86, 167, 211, 523, 549, 593] (41)
43 : [60, 113, 129, 238, 275, 364, 431, 441, 466, 481, 484, 571] (41)
44 : [120, 163, 327, 345, 372, 374, 378, 399, 477, 546] (41)
45 : [3, 73, 171, 175, 281, 284, 388, 436, 448, 524, 597] (41)
46 : [15, 64, 70, 91, 104, 155, 306, 457, 470, 557] (41)
47 : [14, 47, 153, 189, 305, 392, 408, 462, 507] (40)
48 : [7, 101, 112, 114, 157, 341, 360, 453, 485, 554, 567, 595] (41)
49 : [185, 188, 235, 240, 283, 348, 362, 472, 510, 560, 585] (41)
50 : [97, 110, 145, 243, 287, 333, 426, 455, 497, 563, 578] (42)
51 : [17, 41, 128, 154, 296, 322, 445, 562, 584] (41)
52 : [26, 89, 90, 130, 177, 219, 245, 432, 438, 478, 538] (42)
53 : [4, 141, 182, 192, 247, 303, 318, 469] (42)
54 : [9, 133, 152, 194, 217, 278, 280, 316, 328, 517, 551] (42)
55 : [136, 183, 202, 205, 291, 353, 505, 556] (42)
56 : [51, 87, 172, 186, 244, 411, 486, 589] (42)
57 : [58, 83, 203, 250, 269, 317, 371, 398, 439, 566] (43)
58 : [28, 48, 122, 260, 265, 293, 330, 335, 476, 528] (42)
59 : [106, 125, 135, 352, 381, 397, 435, 480, 568] (42)
60 : [2, 59, 124, 162, 214, 304, 359, 516, 545] (43)
