Name: 600-20-30
Time: 17.077142477035522 
Result: 10
Solution:  41 27 17 21 11 4 54 24 40 10 19 0 36 53 47 48 35 13 18 55 30 14 31 31 23 15 45 13 59 47 26 6 37 55 27 7 30 59 6 25 31 56 22 54 57 56 59 46 23 6 43 42 11 47 6 9 48 37 32 49 19 58 50 46 54 50 30 9 60 55 54 11 46 4 57 32 54 52 51 41 47 12 30 14 32 32 12 41 3 53 5 32 21 35 42 26 12 59 27 18 22 48 38 14 17 57 12 12 29 12 9 17 40 57 25 48 2 12 5 31 1 59 59 58 29 43 13 55 39 47 7 19 3 58 51 30 38 42 48 9 18 18 27 50 45 43 18 0 44 1 31 38 14 29 16 36 58 42 60 36 23 5 49 19 23 4 13 17 34 14 38 22 46 35 44 15 35 40 15 49 48 37 16 8 18 17 2 29 20 38 13 39 26 22 49 21 20 44 3 51 38 8 2 60 54 51 21 0 17 5 19 34 60 42 10 52 5 17 9 43 28 38 33 33 23 6 60 8 8 54 28 31 53 58 1 55 13 19 38 30 54 7 51 47 6 44 36 39 20 18 16 34 2 49 39 50 14 41 49 53 54 36 23 21 5 12 50 11 57 48 31 22 55 12 50 32 35 55 38 9 9 52 30 20 39 58 1 6 5 26 52 1 2 34 48 53 42 51 15 13 36 0 23 3 10 47 43 59 22 41 29 40 26 42 16 37 45 22 21 21 46 19 50 34 10 31 4 52 15 39 21 43 23 29 7 49 12 56 12 29 49 28 33 1 7 6 48 3 60 47 57 44 31 12 5 43 37 20 13 35 29 0 53 11 55 37 12 15 0 18 10 5 27 3 25 7 20 8 11 39 15 37 44 4 31 49 3 16 5 3 29 19 20 60 41 36 36 29 32 1 41 54 46 45 16 12 32 1 26 26 24 24 24 30 22 27 46 20 35 29 40 36 26 53 52 50 34 12 56 56 57 18 21 1 40 44 45 6 21 8 49 31 7 10 27 6 51 23 27 56 14 32 16 25 16 26 21 45 11 35 14 36 24 20 2 46 4 49 55 35 46 39 26 25 49 40 33 45 41 29 34 51 40 17 34 30 14 3 2 17 33 3 24 23 0 26 47 39 10 6 31 24 40 0 41 44 24 56 5 48 33 28 24 21 52 30 13 4 17 55 56 58 59 2 37 51 59 19 56 14 18 0 15 41 43 59 17 33 51 53 59 18 32 34 7 2 46 48 34 19 45 14 45 28 57 56 37 48 11 60 36 48 53 24 42 26 45 4 12 15 58 50 38 54 55 27 36 31 16 42 14 41 20 40 39 21 28 41 43 6 4 25 31 18 0 29 31 42 44 5
0 : [11, 147, 207, 301, 361, 368, 494, 503, 531, 594] (20)
1 : [120, 149, 234, 286, 291, 343, 399, 407, 433] (21)
2 : [116, 186, 202, 252, 292, 464, 488, 523, 545] (20)
3 : [88, 132, 198, 303, 347, 373, 386, 389, 487, 491] (20)
4 : [5, 73, 165, 326, 383, 466, 517, 567, 590] (21)
5 : [90, 118, 161, 209, 216, 264, 288, 354, 371, 388, 508, 599] (21)
6 : [31, 38, 49, 54, 225, 244, 287, 345, 437, 445, 499, 589] (22)
7 : [35, 130, 241, 334, 344, 375, 442, 544] (22)
8 : [183, 201, 227, 228, 377, 439] (20)
9 : [55, 67, 110, 139, 218, 279, 280] (22)
10 : [9, 214, 304, 324, 370, 443, 498] (22)
11 : [4, 52, 71, 267, 363, 378, 458, 558] (22)
12 : [81, 86, 96, 106, 107, 109, 117, 265, 273, 336, 338, 353, 366, 405, 427, 568] (21)
13 : [17, 27, 126, 166, 190, 236, 299, 358, 516] (22)
14 : [21, 83, 103, 152, 169, 256, 450, 460, 486, 529, 551, 580] (21)
15 : [25, 175, 178, 298, 328, 367, 380, 532, 569] (22)
16 : [154, 182, 250, 314, 387, 404, 452, 454, 578] (22)
17 : [2, 104, 111, 167, 185, 208, 217, 483, 489, 518, 536] (22)
18 : [18, 99, 140, 141, 146, 184, 249, 369, 431, 530, 541, 593] (22)
19 : [10, 60, 131, 163, 210, 237, 321, 391, 527, 549] (23)
20 : [188, 196, 248, 283, 357, 376, 392, 417, 463, 582] (23)
21 : [3, 92, 195, 206, 263, 318, 319, 330, 432, 438, 456, 513, 585] (23)
22 : [42, 100, 171, 193, 271, 308, 317, 414] (23)
23 : [24, 48, 160, 164, 224, 262, 302, 332, 447, 493] (23)
24 : [7, 410, 411, 412, 462, 492, 501, 506, 512, 563] (24)
25 : [39, 114, 374, 453, 473, 591] (26)
26 : [30, 95, 192, 289, 312, 408, 409, 422, 455, 472, 495, 565] (24)
27 : [1, 34, 98, 142, 372, 415, 444, 448, 575] (24)
28 : [220, 230, 341, 511, 553, 586] (24)
29 : [108, 124, 153, 187, 310, 333, 339, 360, 390, 397, 419, 479, 595] (24)
30 : [20, 36, 66, 82, 135, 239, 282, 413, 485, 515] (25)
31 : [22, 23, 40, 119, 150, 231, 270, 325, 352, 384, 441, 500, 577, 592, 596] (24)
32 : [58, 75, 84, 85, 91, 275, 398, 406, 451, 542] (24)
33 : [222, 223, 342, 476, 490, 510, 537] (25)
34 : [168, 211, 251, 293, 323, 426, 480, 484, 543, 548] (25)
35 : [16, 93, 173, 176, 276, 359, 418, 459, 469] (26)
36 : [12, 155, 159, 246, 261, 300, 395, 396, 421, 461, 560, 576] (26)
37 : [32, 57, 181, 315, 356, 365, 381, 524, 556] (26)
38 : [102, 136, 151, 170, 189, 200, 221, 238, 278, 572] (27)
39 : [128, 191, 247, 254, 284, 329, 379, 471, 497, 584] (27)
40 : [8, 112, 177, 311, 420, 434, 475, 482, 502, 583] (27)
41 : [0, 79, 87, 257, 309, 394, 400, 478, 504, 533, 581, 587] (28)
42 : [51, 94, 137, 157, 213, 296, 313, 564, 579, 597] (28)
43 : [50, 125, 145, 219, 306, 331, 355, 534, 588] (28)
44 : [148, 174, 197, 245, 351, 382, 435, 505, 598] (27)
45 : [26, 144, 316, 403, 436, 457, 477, 550, 552, 566] (28)
46 : [47, 63, 72, 172, 320, 402, 416, 465, 470, 546] (28)
47 : [14, 29, 53, 80, 129, 243, 305, 349, 496] (28)
48 : [15, 56, 101, 115, 138, 180, 269, 294, 346, 509, 547, 557, 561] (28)
49 : [59, 162, 179, 194, 253, 258, 335, 340, 385, 440, 467, 474] (28)
50 : [62, 65, 143, 255, 266, 274, 322, 425, 571] (28)
51 : [78, 134, 199, 205, 242, 297, 446, 481, 525, 538] (29)
52 : [77, 215, 281, 290, 327, 424, 514] (28)
53 : [13, 89, 232, 259, 295, 362, 423, 539, 562] (29)
54 : [6, 43, 64, 70, 76, 204, 229, 240, 260, 401, 573] (30)
55 : [19, 33, 69, 127, 235, 272, 277, 364, 468, 519, 574] (29)
56 : [41, 45, 337, 428, 429, 449, 507, 520, 528, 555] (30)
57 : [44, 74, 105, 113, 268, 350, 430, 554] (30)
58 : [61, 123, 133, 156, 233, 285, 521, 570] (30)
59 : [28, 37, 46, 97, 121, 122, 307, 522, 526, 535, 540] (30)
60 : [68, 158, 203, 212, 226, 348, 393, 559] (30)
