Name: 600-40-60
Time: 18.138891220092773 
Result: 14
Solution:  10 0 12 11 11 33 24 51 10 27 56 0 33 22 2 30 18 57 25 17 38 55 36 52 3 44 54 24 36 11 15 34 33 27 26 45 52 0 59 59 44 34 56 1 51 58 2 25 29 12 11 44 13 34 49 23 6 10 17 36 39 13 38 12 8 31 23 28 50 60 16 32 10 57 5 42 51 35 47 39 29 37 14 37 55 37 0 36 58 24 51 26 17 21 43 53 28 19 20 12 54 26 17 14 40 31 5 37 22 16 59 30 9 27 44 25 48 58 1 27 38 6 14 17 20 7 24 0 40 4 49 15 33 11 59 13 33 9 34 42 37 4 9 45 51 43 53 50 42 49 44 50 51 41 22 34 22 55 7 31 19 42 42 50 33 13 13 35 58 3 57 56 51 18 16 33 46 58 48 53 33 23 17 15 30 5 46 28 48 25 31 25 0 56 38 9 11 35 9 36 14 39 21 45 12 20 60 50 41 28 7 52 45 3 27 10 58 5 26 39 22 33 2 44 49 57 3 52 37 24 22 3 14 37 54 32 50 13 33 22 39 3 52 8 58 55 34 14 18 57 29 0 49 45 3 27 18 43 29 20 36 52 13 60 23 21 54 55 4 16 12 1 31 55 46 56 17 42 59 34 46 55 41 21 27 51 15 29 33 59 43 12 34 23 42 48 52 21 57 46 35 34 55 53 32 51 27 53 43 52 12 31 52 44 56 31 51 12 14 0 31 33 29 8 5 16 12 2 0 24 53 12 46 59 22 15 15 57 9 37 30 19 29 6 16 23 10 32 18 31 20 18 28 17 54 53 32 3 54 12 28 24 27 18 32 49 31 19 48 6 3 52 59 20 13 35 58 7 43 28 51 25 5 44 25 44 19 15 23 35 6 18 37 52 53 32 54 38 44 47 11 42 2 20 49 13 18 60 59 41 34 23 43 12 4 40 3 2 26 55 28 59 44 34 2 39 30 12 17 16 28 11 6 12 41 43 52 22 12 22 8 11 1 29 40 3 35 25 40 12 39 33 25 50 30 51 1 5 35 46 2 50 45 0 32 47 60 19 52 20 53 16 19 3 46 9 42 41 40 59 57 23 22 28 57 48 1 55 52 10 46 34 38 11 5 26 21 16 26 11 45 47 57 13 29 58 22 7 54 37 45 42 21 33 14 40 60 18 6 0 24 26 6 14 37 20 46 10 25 35 47 48 8 35 60 35 9 56 57 35 39 2 47 50 2 27 45 46 20 45 33 16 42 50 17 60 15 60 9 24 47 27 12 4 6 28 53 23 36 36 42 3 6 1 54 53 13 0 43 54 12 26 41 46 0 2 23 48 42 6 31 7 4 14 27 20 35 30 10 39
0 : [1, 11, 37, 86, 127, 192, 251, 319, 328, 463, 519, 577, 584] (43)
1 : [43, 118, 271, 442, 456, 486, 573] (43)
2 : [14, 46, 222, 327, 402, 417, 424, 460, 541, 544, 585] (43)
3 : [24, 169, 213, 226, 231, 241, 254, 357, 370, 416, 445, 473, 571] (43)
4 : [129, 141, 268, 414, 563, 592] (44)
5 : [74, 106, 185, 217, 324, 382, 457, 494] (44)
6 : [56, 121, 343, 369, 390, 432, 518, 522, 564, 572, 589] (44)
7 : [125, 158, 210, 377, 507, 591] (44)
8 : [64, 243, 323, 440, 532] (44)
9 : [112, 137, 142, 195, 198, 338, 475, 536, 558] (44)
10 : [0, 8, 57, 72, 215, 346, 489, 527, 598] (44)
11 : [3, 4, 29, 50, 133, 196, 400, 431, 441, 493, 499] (44)
12 : [2, 49, 63, 99, 204, 270, 291, 310, 317, 326, 331, 359, 413, 427, 433, 438, 449, 562, 580] (44)
13 : [52, 61, 135, 165, 166, 237, 262, 374, 405, 503, 576] (46)
14 : [82, 103, 122, 200, 232, 247, 318, 514, 523, 593] (46)
15 : [30, 131, 183, 286, 335, 336, 387, 556] (47)
16 : [70, 109, 174, 269, 325, 344, 429, 471, 497, 551] (48)
17 : [19, 58, 92, 102, 123, 182, 276, 353, 428, 554] (47)
18 : [16, 173, 248, 256, 348, 351, 363, 391, 406, 517] (47)
19 : [97, 160, 341, 367, 386, 467, 472] (47)
20 : [98, 124, 205, 259, 350, 373, 403, 469, 525, 548, 595] (49)
21 : [93, 202, 265, 283, 297, 496, 512] (48)
22 : [13, 108, 154, 156, 220, 230, 239, 334, 437, 439, 482, 506] (49)
23 : [55, 66, 181, 264, 293, 345, 388, 411, 481, 567, 586] (48)
24 : [6, 27, 89, 126, 229, 329, 361, 520, 559] (48)
25 : [18, 47, 115, 189, 191, 381, 384, 447, 452, 528] (48)
26 : [34, 91, 101, 218, 418, 495, 498, 521, 581] (48)
27 : [9, 33, 113, 119, 214, 255, 284, 306, 362, 545, 561, 594] (49)
28 : [67, 96, 187, 209, 352, 360, 379, 420, 430, 483, 565] (49)
29 : [48, 80, 250, 258, 287, 322, 342, 443, 504] (50)
30 : [15, 111, 184, 340, 426, 454, 597] (51)
31 : [65, 105, 159, 190, 272, 311, 315, 320, 349, 366, 590] (51)
32 : [71, 235, 304, 347, 356, 364, 395, 464] (52)
33 : [5, 12, 32, 132, 136, 164, 175, 180, 221, 238, 288, 321, 451, 513, 550] (52)
34 : [31, 41, 53, 138, 155, 246, 279, 292, 301, 410, 423, 491] (53)
35 : [77, 167, 197, 300, 375, 389, 446, 458, 529, 533, 535, 539, 596] (57)
36 : [22, 28, 59, 87, 199, 260, 568, 569] (54)
37 : [81, 83, 85, 107, 140, 228, 233, 339, 392, 509, 524] (49)
38 : [20, 62, 120, 194, 397, 492] (54)
39 : [60, 79, 201, 219, 240, 425, 450, 540, 599] (55)
40 : [104, 128, 415, 444, 448, 478, 515] (55)
41 : [153, 208, 282, 409, 434, 477, 582] (55)
42 : [75, 139, 148, 161, 162, 277, 294, 401, 476, 511, 552, 570, 588] (55)
43 : [94, 145, 257, 290, 308, 378, 412, 435, 578] (55)
44 : [25, 40, 51, 114, 150, 223, 313, 383, 385, 398, 422] (56)
45 : [35, 143, 203, 212, 253, 462, 500, 510, 546, 549] (55)
46 : [176, 186, 274, 280, 299, 332, 459, 474, 490, 526, 547, 583] (56)
47 : [78, 399, 465, 501, 530, 542, 560] (57)
48 : [116, 178, 188, 295, 368, 485, 531, 587] (57)
49 : [54, 130, 149, 224, 252, 365, 404] (57)
50 : [68, 147, 151, 163, 207, 236, 453, 461, 543, 553] (56)
51 : [7, 44, 76, 90, 144, 152, 172, 285, 305, 316, 380, 455] (57)
52 : [23, 36, 211, 227, 242, 261, 296, 309, 312, 371, 393, 436, 468, 488] (57)
53 : [95, 146, 179, 303, 307, 330, 355, 394, 470, 566, 575] (57)
54 : [26, 100, 234, 266, 354, 358, 396, 508, 574, 579] (56)
55 : [21, 84, 157, 245, 267, 273, 281, 302, 419, 487] (57)
56 : [10, 42, 171, 193, 275, 314, 537] (56)
57 : [17, 73, 170, 225, 249, 298, 337, 480, 484, 502, 538] (57)
58 : [45, 88, 117, 168, 177, 216, 244, 376, 505] (56)
59 : [38, 39, 110, 134, 278, 289, 333, 372, 408, 421, 479] (55)
60 : [69, 206, 263, 407, 466, 516, 534, 555, 557] (54)
