Name: 600-30-45
Time: 17.853367567062378 
Result: 12
Solution:  9 26 60 43 52 25 38 47 30 57 24 23 9 1 48 46 18 45 18 7 15 13 10 26 39 31 54 26 58 10 31 11 24 5 22 42 2 8 1 21 36 48 25 9 27 38 16 48 59 27 24 59 35 21 31 33 0 14 58 60 43 23 9 14 43 3 7 0 37 11 46 5 28 45 34 29 16 29 9 6 17 6 27 53 38 22 43 53 34 53 53 46 11 19 31 23 19 50 14 7 26 50 16 40 47 35 59 28 26 30 48 32 49 43 47 1 31 42 30 8 44 20 58 33 58 59 5 33 48 42 52 28 19 53 19 59 55 2 37 36 2 56 32 38 3 52 37 38 21 41 12 12 57 49 52 47 26 48 9 0 21 39 60 41 41 13 32 42 3 1 5 44 56 29 37 39 18 51 32 26 32 7 53 55 25 50 59 25 45 47 41 31 54 9 54 29 8 17 34 16 7 17 54 56 26 57 22 27 9 29 31 44 1 14 58 19 32 53 5 52 28 28 11 23 37 33 27 47 19 6 29 30 17 16 19 49 13 10 43 13 49 25 17 48 57 55 24 54 6 0 57 25 12 20 4 14 16 1 35 2 58 17 21 7 8 58 32 39 5 58 23 39 33 30 13 43 15 30 56 9 56 45 24 49 48 10 22 51 16 13 20 55 19 57 12 33 52 15 7 29 9 27 22 50 60 48 43 7 2 14 25 27 14 23 40 35 56 58 50 3 39 30 51 38 2 40 7 41 52 20 58 36 13 50 35 57 12 23 30 0 2 47 41 20 21 42 7 8 49 12 4 16 59 56 21 19 20 41 38 60 45 12 54 40 43 25 39 42 12 14 15 55 47 28 43 15 41 40 45 20 36 60 35 15 23 29 7 15 45 4 12 36 45 12 33 27 25 60 57 44 34 8 40 6 35 36 32 9 42 30 40 55 18 26 0 4 31 32 32 34 24 7 24 6 17 24 51 6 1 18 14 44 52 3 6 59 42 40 51 60 27 44 35 42 10 56 10 24 45 33 41 33 10 47 16 50 25 46 11 5 20 2 47 15 13 12 42 37 18 50 47 21 55 30 27 2 57 38 51 22 58 42 24 36 46 48 57 27 23 10 4 26 2 30 0 35 0 51 16 29 23 1 10 14 38 54 34 42 22 16 49 32 14 9 26 0 60 58 10 3 17 14 7 40 46 41 29 28 52 20 37 22 36 41 11 7 20 39 57 39 3 38 40 7 25 56 44 44 24 44 6 58 25 38 50 24 55 46 12 8 50 3 51 48 33 34 57 50 59 34 32 45 34 4 1 18 24 36 49 32 25 35 23 0 54 49 16 16 5 56 1 35 34 46 7 50 5 47 5 24
0 : [56, 67, 159, 249, 339, 414, 494, 496, 515, 583] (32)
1 : [13, 38, 115, 169, 212, 257, 428, 501, 574, 590] (31)
2 : [36, 137, 140, 259, 308, 324, 340, 461, 475, 492] (32)
3 : [65, 144, 168, 319, 433, 519, 540, 561] (32)
4 : [254, 350, 389, 415, 490, 573] (31)
5 : [33, 71, 126, 170, 218, 268, 459, 588, 596, 598] (31)
6 : [79, 81, 229, 248, 403, 423, 427, 434, 550] (32)
7 : [19, 66, 99, 181, 200, 263, 298, 307, 326, 346, 386, 421, 522, 535, 543, 594] (31)
8 : [37, 119, 196, 264, 347, 401, 559] (34)
9 : [0, 12, 43, 62, 78, 158, 193, 208, 279, 300, 407, 513] (32)
10 : [22, 29, 237, 285, 444, 446, 452, 489, 502, 518] (33)
11 : [31, 69, 92, 222, 458, 534] (33)
12 : [150, 151, 252, 294, 336, 349, 361, 368, 390, 393, 465, 558] (33)
13 : [21, 165, 236, 239, 274, 289, 332, 464] (35)
14 : [57, 63, 98, 213, 255, 309, 312, 369, 430, 503, 512, 521] (34)
15 : [20, 276, 297, 370, 375, 383, 387, 463] (35)
16 : [46, 76, 102, 199, 233, 256, 288, 351, 454, 498, 509, 586, 587] (35)
17 : [80, 197, 201, 232, 242, 261, 424, 520] (34)
18 : [16, 18, 176, 412, 429, 468, 575] (35)
19 : [93, 96, 132, 134, 215, 228, 234, 292, 355] (35)
20 : [121, 253, 290, 329, 343, 356, 379, 460, 529, 536] (35)
21 : [39, 53, 148, 160, 262, 344, 354, 471] (35)
22 : [34, 85, 206, 286, 302, 479, 508, 531] (35)
23 : [11, 61, 95, 223, 270, 313, 337, 384, 488, 500, 582] (36)
24 : [10, 32, 50, 246, 282, 420, 422, 425, 447, 482, 548, 555, 576, 599] (35)
25 : [5, 42, 184, 187, 241, 251, 310, 365, 396, 456, 544, 552, 580] (36)
26 : [1, 23, 27, 100, 108, 156, 179, 204, 413, 491, 514] (36)
27 : [44, 49, 82, 207, 226, 301, 311, 395, 440, 474, 487] (37)
28 : [72, 107, 131, 220, 221, 373, 527] (38)
29 : [75, 77, 173, 195, 209, 230, 299, 385, 499, 526] (38)
30 : [8, 109, 118, 231, 273, 277, 321, 338, 409, 473, 493] (38)
31 : [25, 30, 54, 94, 116, 191, 210, 416] (38)
32 : [111, 142, 166, 178, 180, 216, 266, 406, 417, 418, 511, 570, 579] (38)
33 : [55, 123, 127, 225, 272, 295, 394, 449, 451, 564] (39)
34 : [74, 88, 198, 400, 419, 506, 565, 569, 572, 592] (38)
35 : [52, 105, 258, 315, 334, 382, 404, 442, 495, 581, 591] (39)
36 : [40, 139, 331, 380, 391, 405, 483, 532, 577] (38)
37 : [68, 138, 146, 174, 224, 467, 530] (38)
38 : [6, 45, 84, 143, 147, 323, 358, 477, 504, 541, 553] (39)
39 : [24, 161, 175, 267, 271, 320, 366, 537, 539] (40)
40 : [103, 314, 325, 363, 377, 402, 410, 437, 523, 542] (40)
41 : [149, 163, 164, 190, 327, 342, 357, 376, 450, 525, 533] (40)
42 : [35, 117, 129, 167, 345, 367, 408, 436, 443, 466, 481, 507] (41)
43 : [3, 60, 64, 86, 113, 238, 275, 306, 364, 374] (40)
44 : [120, 171, 211, 399, 431, 441, 546, 547, 549] (40)
45 : [17, 73, 188, 281, 360, 378, 388, 392, 448, 571] (40)
46 : [15, 70, 91, 457, 484, 524, 557, 593] (41)
47 : [7, 104, 114, 155, 189, 227, 341, 372, 453, 462, 470, 597] (41)
48 : [14, 41, 47, 110, 128, 157, 243, 284, 305, 485, 563] (43)
49 : [112, 153, 235, 240, 283, 348, 510, 578, 585] (39)
50 : [97, 101, 185, 303, 318, 333, 455, 469, 554, 560, 567, 595] (41)
51 : [177, 287, 322, 426, 438, 478, 497, 562] (42)
52 : [4, 130, 145, 154, 219, 296, 328, 432, 528] (42)
53 : [83, 87, 89, 90, 133, 182, 217] (42)
54 : [26, 192, 194, 202, 247, 362, 505, 584] (42)
55 : [136, 183, 245, 291, 371, 411, 472, 556] (43)
56 : [141, 172, 203, 278, 280, 316, 353, 445, 545, 589] (42)
57 : [9, 152, 205, 244, 250, 293, 335, 398, 476, 486, 538, 566] (42)
58 : [28, 58, 122, 124, 214, 260, 265, 269, 317, 330, 480, 517, 551] (43)
59 : [48, 51, 106, 125, 135, 186, 352, 435, 568] (42)
60 : [2, 59, 162, 304, 359, 381, 397, 439, 516] (42)
