Name: 600-20-30
Time: 18.972894191741943 
Result: 10
Solution:  44 27 17 20 14 3 56 22 41 11 19 1 37 52 46 49 40 13 18 53 31 9 33 33 24 17 45 13 58 47 26 7 37 55 30 9 30 59 8 22 30 59 27 56 56 54 58 43 22 5 44 42 9 47 6 11 50 36 33 51 19 59 50 48 52 47 32 5 59 55 55 10 42 4 54 30 55 52 52 40 47 11 29 14 32 33 10 38 3 52 5 33 21 36 44 25 12 58 27 18 23 44 38 16 16 59 11 12 29 12 8 13 40 57 22 47 2 12 6 31 3 60 60 60 29 42 16 53 39 47 3 20 3 54 51 30 38 41 45 7 17 18 30 53 45 43 18 0 47 1 31 34 13 26 16 36 57 39 60 37 23 7 49 18 23 3 15 18 31 14 38 22 43 36 46 15 37 41 17 48 49 40 15 7 20 20 0 29 21 37 13 39 26 21 50 19 21 44 1 51 38 6 0 58 57 51 24 0 16 6 18 33 60 42 10 54 6 17 10 40 24 35 35 33 22 6 60 7 4 53 27 31 51 58 0 60 11 19 38 32 55 7 53 49 8 42 36 37 20 18 15 34 1 50 38 51 16 38 49 52 57 34 23 20 3 12 53 12 57 47 31 27 55 9 45 31 40 56 38 8 9 54 28 21 40 58 0 5 6 23 52 2 2 35 47 50 46 49 15 14 33 1 22 3 10 47 41 58 20 44 29 42 25 45 20 38 47 21 23 16 47 22 53 34 8 31 3 50 14 39 23 46 23 30 9 51 10 60 10 23 44 26 32 0 7 10 53 3 60 46 60 43 36 10 7 43 36 21 12 35 30 1 54 9 52 39 10 15 2 20 15 6 26 2 24 9 21 12 11 38 14 37 42 4 33 51 6 14 5 2 29 19 17 59 41 35 36 28 32 5 42 55 44 46 19 10 30 0 29 27 28 25 24 28 29 27 47 16 37 29 41 37 30 53 52 49 32 10 56 55 58 16 21 1 44 45 44 7 23 10 50 26 10 12 26 7 54 19 28 56 13 33 17 25 13 24 24 46 11 35 16 34 24 22 2 50 4 51 48 34 51 39 31 25 48 45 36 43 42 28 30 51 41 16 34 28 14 3 1 16 33 6 25 24 1 25 48 39 8 5 30 27 41 2 41 41 22 56 10 48 32 28 24 23 53 30 13 3 18 57 59 58 58 7 35 51 59 19 56 9 19 0 15 43 43 60 17 33 50 50 58 17 33 32 7 3 48 48 34 20 45 14 43 28 57 57 36 50 11 60 37 50 56 23 41 24 45 4 17 17 56 50 39 56 56 26 37 33 16 39 17 37 17 35 39 18 29 41 40 9 6 25 30 16 0 31 30 40 44 5
0 : [147, 186, 202, 207, 234, 286, 343, 407, 531, 594] (21)
1 : [11, 149, 198, 252, 301, 361, 433, 488, 494] (21)
2 : [116, 291, 292, 368, 373, 389, 464, 503] (21)
3 : [5, 88, 120, 130, 132, 165, 264, 303, 326, 347, 487, 517, 545] (21)
4 : [73, 228, 383, 466, 567] (21)
5 : [49, 67, 90, 287, 388, 399, 499, 599] (21)
6 : [54, 118, 201, 209, 216, 225, 288, 371, 386, 491, 590] (21)
7 : [31, 139, 161, 183, 227, 241, 344, 354, 437, 445, 523, 544] (21)
8 : [38, 110, 244, 279, 324, 498] (21)
9 : [21, 35, 52, 273, 280, 334, 363, 375, 529, 589] (21)
10 : [71, 86, 214, 218, 304, 336, 338, 345, 353, 366, 405, 427, 439, 442, 508] (20)
11 : [9, 55, 81, 106, 236, 378, 458, 558] (21)
12 : [96, 107, 109, 117, 265, 267, 358, 377, 443] (21)
13 : [17, 27, 111, 152, 190, 450, 454, 516] (23)
14 : [4, 83, 169, 299, 328, 380, 387, 486, 551] (22)
15 : [166, 175, 182, 250, 298, 367, 370, 532] (22)
16 : [103, 104, 126, 154, 208, 256, 319, 417, 431, 460, 483, 489, 578, 593] (22)
17 : [2, 25, 140, 178, 217, 392, 452, 536, 541, 568, 569, 580, 582] (22)
18 : [18, 99, 141, 146, 163, 167, 210, 249, 518, 585] (23)
19 : [10, 60, 195, 237, 391, 404, 447, 527, 530] (23)
20 : [3, 131, 184, 185, 248, 263, 308, 314, 369, 549] (23)
21 : [92, 188, 193, 196, 283, 317, 357, 376, 432] (23)
22 : [7, 39, 48, 114, 171, 224, 302, 321, 463, 506] (23)
23 : [100, 160, 164, 262, 289, 318, 330, 332, 339, 438, 513, 563] (23)
24 : [24, 206, 220, 374, 412, 455, 456, 462, 493, 512, 565] (23)
25 : [95, 312, 411, 453, 473, 492, 495, 591] (24)
26 : [30, 153, 192, 341, 372, 441, 444, 575] (23)
27 : [1, 42, 98, 230, 271, 409, 415, 501] (24)
28 : [282, 397, 410, 413, 448, 479, 485, 511, 553] (24)
29 : [82, 108, 124, 187, 310, 390, 408, 414, 419, 586] (23)
30 : [34, 36, 40, 75, 135, 142, 333, 360, 406, 422, 480, 500, 515, 592, 596] (24)
31 : [20, 119, 150, 168, 231, 270, 275, 325, 472, 595] (24)
32 : [66, 84, 239, 342, 398, 426, 510, 543] (25)
33 : [22, 23, 58, 85, 91, 211, 223, 300, 384, 451, 490, 537, 542, 577] (25)
34 : [151, 251, 261, 323, 461, 469, 484, 548] (25)
35 : [221, 222, 293, 359, 395, 459, 524, 583] (26)
36 : [57, 93, 155, 173, 246, 352, 356, 396, 476, 556] (26)
37 : [12, 32, 159, 176, 189, 247, 381, 418, 421, 560, 576, 581] (27)
38 : [87, 102, 136, 170, 200, 238, 254, 257, 278, 315, 379] (27)
39 : [128, 157, 191, 329, 365, 471, 497, 572, 579, 584] (27)
40 : [16, 79, 112, 181, 219, 276, 284, 588, 597] (27)
41 : [8, 137, 177, 306, 394, 420, 482, 502, 504, 505, 564, 587] (27)
42 : [51, 72, 125, 213, 245, 311, 382, 400, 478] (27)
43 : [47, 145, 172, 351, 355, 477, 533, 534, 552] (27)
44 : [0, 50, 94, 101, 197, 309, 340, 402, 434, 436, 598] (28)
45 : [26, 138, 144, 274, 313, 435, 475, 550, 566] (28)
46 : [14, 174, 296, 331, 349, 403, 457] (28)
47 : [29, 53, 65, 80, 115, 129, 148, 269, 294, 305, 316, 320, 416] (28)
48 : [63, 179, 468, 474, 496, 509, 546, 547] (27)
49 : [15, 162, 180, 243, 258, 297, 425] (30)
50 : [56, 62, 194, 253, 295, 327, 440, 465, 538, 539, 557, 561, 571] (30)
51 : [59, 134, 199, 205, 232, 255, 335, 385, 467, 470, 481, 525] (29)
52 : [13, 64, 77, 78, 89, 259, 290, 364, 424] (30)
53 : [19, 127, 143, 229, 242, 266, 322, 346, 423, 514] (30)
54 : [45, 74, 133, 215, 281, 362, 446] (30)
55 : [33, 69, 70, 76, 240, 272, 401, 429] (29)
56 : [6, 43, 44, 277, 428, 449, 507, 528, 562, 570, 573, 574] (30)
57 : [113, 156, 204, 260, 268, 519, 554, 555] (30)
58 : [28, 46, 97, 203, 233, 285, 307, 430, 521, 522, 540] (30)
59 : [37, 41, 61, 68, 105, 393, 520, 526] (30)
60 : [121, 122, 123, 158, 212, 226, 235, 337, 348, 350, 535, 559] (29)
