Name: 600-50-80
Time: 17.24094247817993 
Result: 25
Solution:  57 36 20 11 11 7 14 0 13 5 37 10 18 40 5 41 12 17 56 46 37 31 20 4 56 42 51 21 43 51 21 5 15 24 58 3 42 38 33 54 53 12 31 55 34 1 15 38 56 25 4 37 18 24 31 27 44 1 14 22 53 24 55 21 55 19 55 57 39 48 49 56 46 46 59 32 33 14 39 25 15 35 8 38 3 2 19 41 0 54 41 10 55 36 31 14 56 49 60 34 14 25 44 2 37 32 21 17 27 33 52 12 44 50 11 54 32 29 52 52 40 45 30 8 57 5 8 32 55 50 29 2 18 27 24 14 21 8 35 53 14 0 42 47 22 18 15 9 40 28 54 16 30 37 6 52 21 8 10 14 46 60 56 34 0 2 0 57 32 39 27 45 5 31 7 0 35 4 56 47 20 12 8 37 43 1 48 32 4 36 17 57 55 54 58 57 59 26 52 17 14 55 51 53 29 9 51 54 44 57 46 0 29 29 40 8 27 44 15 40 58 50 22 26 10 28 30 11 46 21 36 0 60 16 33 48 34 43 10 10 41 1 23 20 30 40 15 43 5 39 1 44 20 31 6 19 31 57 12 26 37 50 56 47 45 12 39 42 20 2 1 14 9 40 44 44 13 4 8 2 50 38 27 56 38 48 48 28 10 39 51 28 57 44 6 7 33 43 18 11 56 22 48 48 8 1 23 58 53 23 43 6 38 3 3 59 42 11 22 46 3 41 22 39 50 44 38 0 26 34 33 35 51 46 3 28 47 17 34 38 21 53 20 3 38 42 32 43 23 53 52 57 46 48 58 3 15 2 16 14 11 18 59 13 15 49 12 45 35 56 32 14 32 5 35 42 35 26 10 25 3 47 11 58 17 45 48 8 24 15 17 37 18 21 17 40 40 5 14 3 56 9 59 0 17 38 28 27 14 2 45 5 1 19 60 52 54 37 18 50 59 13 6 60 12 44 54 29 35 50 20 15 51 56 30 21 47 29 27 16 30 10 34 43 9 13 20 2 52 0 59 19 28 51 15 26 13 23 36 11 55 33 41 13 28 24 10 29 51 21 50 20 50 57 7 41 8 51 17 60 7 4 48 17 15 21 19 30 26 41 54 5 45 23 60 23 17 0 16 11 8 23 3 38 60 34 23 26 40 45 3 28 30 52 40 17 52 39 37 2 9 25 13 16 27 17 42 28 26 59 11 36 40 24 26 35 47 6 43 4 24 22 25 43 23 32 55 46 26 2 13 59 23 42 39 6 60 27 5 45 20 20 43 50 42 47 31 58 30 15 49 0 16 7 28 37 31 27 41 28 31 29 25 33 50 36 36 49 36 49 32 57 33 28 29 48 53 44 18 4
0 : [7, 88, 141, 164, 166, 175, 211, 231, 327, 403, 449, 497, 571] (52)
1 : [45, 57, 185, 241, 250, 270, 305, 412] (54)
2 : [85, 103, 131, 165, 269, 279, 357, 409, 447, 519, 549] (53)
3 : [35, 84, 313, 314, 320, 334, 343, 355, 380, 399, 502, 510] (53)
4 : [23, 50, 177, 188, 277, 481, 539, 599] (55)
5 : [9, 14, 31, 125, 172, 248, 373, 397, 411, 491, 558] (54)
6 : [154, 254, 294, 311, 422, 537, 555] (55)
7 : [5, 174, 295, 474, 480, 573] (54)
8 : [82, 123, 126, 137, 157, 182, 215, 278, 304, 387, 476, 500] (54)
9 : [147, 205, 272, 401, 444, 520] (54)
10 : [11, 91, 158, 224, 238, 239, 288, 378, 441, 466] (55)
11 : [3, 4, 114, 227, 299, 317, 360, 382, 459, 499, 530] (55)
12 : [16, 41, 111, 181, 258, 265, 366, 424] (55)
13 : [8, 276, 363, 421, 445, 456, 463, 522, 550] (55)
14 : [6, 58, 77, 95, 100, 135, 140, 159, 200, 271, 359, 371, 398, 408] (55)
15 : [32, 46, 80, 146, 218, 246, 356, 364, 389, 431, 454, 484, 569] (55)
16 : [151, 233, 358, 439, 498, 523, 572] (56)
17 : [17, 107, 190, 199, 337, 384, 390, 394, 404, 478, 483, 496, 515, 525] (56)
18 : [12, 52, 132, 145, 298, 361, 392, 418, 598] (57)
19 : [65, 86, 255, 413, 451, 486] (58)
20 : [2, 22, 180, 243, 252, 268, 342, 430, 446, 471, 560, 561] (57)
21 : [27, 30, 63, 106, 136, 156, 229, 340, 393, 435, 469, 485] (57)
22 : [59, 144, 222, 301, 318, 322, 541] (61)
23 : [242, 306, 309, 348, 457, 493, 495, 501, 506, 544, 552] (61)
24 : [33, 53, 61, 134, 388, 465, 533, 540] (62)
25 : [49, 79, 101, 379, 521, 542, 582] (61)
26 : [197, 223, 259, 328, 377, 455, 488, 507, 528, 534, 548] (62)
27 : [55, 108, 133, 170, 216, 282, 407, 438, 524, 557, 577] (61)
28 : [149, 225, 287, 291, 335, 406, 452, 464, 511, 527, 574, 579, 593] (63)
29 : [117, 130, 204, 212, 213, 427, 437, 467, 581, 594] (63)
30 : [122, 152, 226, 244, 434, 440, 487, 512, 568] (62)
31 : [21, 42, 54, 94, 173, 253, 256, 566, 576, 580] (68)
32 : [75, 105, 116, 127, 168, 187, 346, 370, 372, 545, 590] (67)
33 : [38, 76, 109, 234, 296, 330, 461, 583, 592] (67)
34 : [44, 99, 163, 236, 329, 338, 442, 505] (67)
35 : [81, 138, 176, 331, 368, 374, 376, 428, 535] (75)
36 : [1, 93, 189, 230, 458, 531, 585, 586, 588] (63)
37 : [10, 20, 51, 104, 153, 183, 260, 391, 417, 518, 575] (69)
38 : [37, 47, 83, 281, 284, 312, 326, 339, 344, 405, 503] (70)
39 : [68, 78, 169, 249, 266, 289, 323, 517, 554] (70)
40 : [13, 120, 148, 214, 219, 245, 273, 395, 396, 508, 514, 532] (71)
41 : [15, 87, 90, 240, 321, 462, 475, 489, 578] (70)
42 : [25, 36, 142, 267, 316, 345, 375, 526, 553, 564] (71)
43 : [28, 184, 237, 247, 297, 310, 347, 443, 538, 543, 562] (72)
44 : [56, 102, 112, 208, 217, 251, 274, 275, 293, 325, 425, 597] (73)
45 : [121, 171, 264, 367, 385, 410, 492, 509, 559] (74)
46 : [19, 72, 73, 160, 210, 228, 319, 333, 352, 547] (76)
47 : [143, 179, 263, 336, 381, 436, 536, 565] (75)
48 : [69, 186, 235, 285, 286, 302, 303, 353, 386, 482, 595] (75)
49 : [70, 97, 365, 570, 587, 589] (74)
50 : [113, 129, 221, 261, 280, 324, 419, 429, 470, 472, 563, 584] (74)
51 : [26, 29, 202, 206, 290, 332, 432, 453, 468, 477] (73)
52 : [110, 118, 119, 155, 198, 350, 415, 448, 513, 516] (75)
53 : [40, 60, 139, 203, 308, 341, 349, 596] (74)
54 : [39, 89, 115, 150, 193, 207, 416, 426, 490] (75)
55 : [43, 62, 64, 66, 92, 128, 192, 201, 460, 546] (76)
56 : [18, 24, 48, 71, 96, 162, 178, 262, 283, 300, 369, 400, 433] (75)
57 : [0, 67, 124, 167, 191, 195, 209, 257, 292, 351, 473, 591] (74)
58 : [34, 194, 220, 307, 354, 383, 567] (77)
59 : [74, 196, 315, 362, 402, 420, 450, 529, 551] (77)
60 : [98, 161, 232, 414, 423, 479, 494, 504, 556] (77)
