Name: 600-20-30
Time: 17.102234601974487 
Result: 10
Solution:  41 27 17 20 16 2 57 22 40 12 19 3 36 52 46 48 40 12 20 56 30 14 30 31 24 13 45 13 54 46 27 7 41 55 27 6 29 60 4 24 29 59 22 58 59 54 57 44 27 5 43 42 9 48 6 12 49 36 30 53 18 58 55 47 56 49 33 7 60 59 55 10 45 5 56 29 55 55 53 40 47 11 26 15 34 32 12 40 4 52 5 34 22 35 44 25 13 60 28 18 22 44 39 15 18 56 13 8 26 11 8 13 40 56 23 45 1 12 5 31 4 60 60 60 29 43 14 53 38 49 6 19 4 59 53 30 39 42 50 8 17 20 30 50 45 44 21 0 46 2 33 34 13 30 17 36 58 42 60 39 26 4 51 19 24 4 15 17 33 14 40 21 47 34 46 14 36 42 19 49 47 36 15 7 18 16 1 26 20 37 12 37 26 23 51 18 20 43 1 52 38 5 1 57 55 51 27 6 17 4 18 34 54 42 9 59 6 18 9 42 28 35 32 33 25 5 60 12 3 52 27 31 54 58 4 57 12 19 38 27 55 9 56 49 8 42 34 39 20 21 15 35 2 51 37 50 18 40 51 50 53 34 23 19 4 11 53 11 60 47 31 22 55 12 45 32 36 58 35 10 10 54 29 20 36 57 2 7 7 22 52 2 0 35 46 50 41 50 16 16 33 0 22 4 9 43 39 57 21 40 26 44 26 44 20 37 45 22 21 21 46 21 52 38 9 31 3 52 15 41 21 46 22 28 9 50 13 59 10 28 44 28 34 0 7 7 49 3 60 46 59 41 34 10 5 43 39 21 12 35 30 0 54 10 55 36 11 14 0 18 10 4 25 2 25 8 19 9 13 39 15 38 40 4 30 51 6 14 7 4 29 19 17 58 41 35 35 28 31 8 41 54 47 47 18 7 33 1 29 26 28 23 24 30 24 27 47 16 38 31 41 36 24 53 51 49 32 10 54 53 57 19 25 1 40 44 44 7 21 12 50 28 7 10 26 6 51 19 28 56 15 33 15 22 16 26 25 45 11 37 15 37 24 21 1 49 2 52 48 37 49 41 31 26 48 42 35 46 42 29 31 51 40 21 34 27 14 6 0 18 33 6 23 20 0 27 48 38 11 6 29 25 41 1 41 43 23 58 5 48 32 28 24 24 52 30 14 6 16 54 57 58 59 4 34 51 59 23 59 13 13 0 17 43 44 60 18 30 50 52 55 19 33 32 7 2 46 48 37 18 45 13 45 29 57 54 36 53 11 58 41 47 57 25 42 24 45 3 14 18 56 51 39 53 54 31 41 33 17 43 14 39 19 39 40 19 32 43 43 5 5 25 29 18 0 33 29 43 42 4
0 : [147, 292, 301, 343, 361, 368, 488, 494, 531, 594] (21)
1 : [116, 186, 198, 202, 407, 433, 464, 503] (21)
2 : [5, 149, 252, 286, 291, 373, 466, 545] (20)
3 : [11, 228, 326, 347, 567] (20)
4 : [38, 88, 120, 132, 161, 165, 209, 234, 264, 303, 371, 383, 389, 523, 599] (20)
5 : [49, 73, 90, 118, 201, 225, 354, 508, 589, 590] (20)
6 : [35, 54, 130, 207, 216, 386, 445, 487, 491, 499, 517] (20)
7 : [31, 67, 183, 287, 288, 344, 345, 388, 405, 437, 442, 544] (21)
8 : [107, 110, 139, 244, 375, 399] (20)
9 : [52, 214, 218, 241, 304, 324, 334, 377] (22)
10 : [71, 279, 280, 338, 353, 363, 370, 427, 443] (22)
11 : [81, 109, 265, 267, 366, 458, 498, 558] (22)
12 : [9, 17, 55, 86, 117, 190, 227, 236, 273, 358, 439] (22)
13 : [25, 27, 96, 106, 111, 152, 336, 378, 529, 530, 551] (23)
14 : [21, 126, 169, 175, 367, 387, 486, 516, 568, 580] (22)
15 : [83, 103, 166, 182, 250, 328, 380, 450, 452, 460] (22)
16 : [4, 185, 298, 299, 417, 454, 518] (22)
17 : [2, 140, 154, 167, 208, 392, 532, 578] (22)
18 : [60, 99, 104, 184, 195, 210, 217, 256, 369, 404, 489, 536, 549, 569, 593] (22)
19 : [10, 131, 163, 178, 237, 263, 376, 391, 431, 447, 541, 582, 585] (22)
20 : [3, 18, 141, 188, 196, 248, 283, 314, 493] (23)
21 : [146, 171, 249, 308, 318, 319, 321, 330, 357, 438, 463, 483] (23)
22 : [7, 42, 92, 100, 271, 289, 302, 317, 332, 453] (24)
23 : [114, 193, 262, 411, 492, 506, 527] (23)
24 : [24, 39, 164, 412, 414, 422, 462, 512, 513, 565] (24)
25 : [95, 224, 372, 374, 432, 456, 501, 563, 591] (24)
26 : [82, 108, 160, 187, 192, 310, 312, 409, 444, 455, 473] (24)
27 : [1, 30, 34, 48, 206, 230, 239, 415, 485, 495] (24)
28 : [98, 220, 333, 339, 341, 397, 410, 441, 448, 511] (24)
29 : [36, 40, 75, 124, 282, 390, 408, 479, 500, 553, 592, 596] (24)
30 : [20, 22, 58, 135, 142, 153, 360, 384, 413, 515, 537] (24)
31 : [23, 119, 231, 270, 325, 398, 419, 472, 480, 575] (25)
32 : [85, 222, 275, 426, 510, 543, 586] (25)
33 : [66, 150, 168, 223, 300, 406, 451, 490, 542, 577, 595] (25)
34 : [84, 91, 151, 173, 211, 246, 261, 342, 352, 484, 524] (25)
35 : [93, 221, 251, 278, 293, 359, 395, 396, 476] (27)
36 : [12, 57, 155, 176, 181, 276, 284, 365, 421, 556] (26)
37 : [189, 191, 254, 315, 459, 461, 469, 548] (26)
38 : [128, 200, 238, 323, 381, 418, 497] (27)
39 : [102, 136, 159, 247, 306, 356, 379, 572, 581, 583] (26)
40 : [8, 16, 79, 87, 112, 170, 257, 309, 382, 434, 482, 584] (27)
41 : [0, 32, 296, 329, 351, 394, 400, 420, 471, 502, 504, 560, 576] (26)
42 : [51, 137, 157, 177, 213, 219, 245, 475, 478, 564, 598] (27)
43 : [50, 125, 197, 305, 355, 505, 533, 579, 587, 588, 597] (27)
44 : [47, 94, 101, 145, 311, 313, 340, 435, 436, 534] (27)
45 : [26, 72, 115, 144, 274, 316, 457, 550, 552, 566] (28)
46 : [14, 29, 148, 174, 294, 320, 331, 349, 477, 546] (28)
47 : [63, 80, 172, 180, 269, 402, 403, 416, 561] (28)
48 : [15, 53, 468, 474, 496, 509, 547] (30)
49 : [56, 65, 129, 179, 243, 346, 425, 465, 470] (29)
50 : [138, 143, 255, 259, 295, 297, 335, 440, 538] (29)
51 : [162, 194, 205, 253, 258, 385, 424, 446, 481, 525, 571] (29)
52 : [13, 89, 199, 229, 290, 322, 327, 467, 514, 539] (29)
53 : [59, 78, 127, 134, 260, 266, 423, 429, 557, 573] (29)
54 : [28, 45, 212, 232, 281, 362, 401, 428, 519, 555, 574] (30)
55 : [33, 62, 70, 76, 77, 204, 240, 272, 364, 540] (30)
56 : [19, 64, 74, 105, 113, 242, 449, 570] (30)
57 : [6, 46, 203, 235, 285, 307, 430, 520, 554, 562] (30)
58 : [43, 61, 156, 233, 277, 393, 507, 521, 559] (30)
59 : [41, 44, 69, 133, 215, 337, 350, 522, 526, 528] (30)
60 : [37, 68, 97, 121, 122, 123, 158, 226, 268, 348, 535] (30)
