Name: 600-50-80
Time: 17.507845401763916 
Result: 27
Solution:  59 39 21 10 9 9 11 2 14 4 35 8 18 40 7 41 10 20 56 46 36 30 20 4 58 42 52 21 44 51 21 6 11 24 58 3 38 38 35 55 53 14 31 55 34 0 15 36 55 20 9 37 18 23 33 31 43 1 12 23 56 24 55 21 52 19 54 57 42 49 45 53 49 46 59 32 32 17 40 26 12 35 8 36 3 3 18 42 4 55 41 15 55 37 31 14 56 51 60 34 19 23 45 3 41 30 21 15 27 34 52 12 43 48 10 54 32 27 52 52 40 45 31 8 56 5 8 33 53 53 27 2 17 27 24 14 22 6 36 49 14 3 43 47 19 17 19 9 38 29 54 17 30 32 6 52 20 7 10 14 46 60 56 35 0 0 1 57 28 38 27 45 6 31 5 4 34 4 54 48 20 13 9 36 43 4 46 32 4 35 17 54 51 52 56 58 60 26 56 18 15 54 50 53 29 10 55 53 42 57 45 1 30 24 44 12 26 45 18 39 58 53 22 25 11 27 31 11 46 19 35 2 60 13 38 48 33 43 7 8 39 4 25 19 28 40 15 39 4 35 4 44 20 34 4 21 30 59 12 25 37 49 54 49 44 14 37 43 20 2 1 10 11 40 44 43 10 4 9 1 49 36 29 57 38 46 44 28 9 38 51 28 59 44 5 1 31 43 18 11 53 23 48 48 7 0 23 58 57 24 43 8 34 6 4 59 40 8 20 46 3 42 25 43 50 43 36 1 28 33 34 34 46 48 3 29 49 20 34 41 21 53 22 3 40 42 34 43 24 57 51 59 47 48 60 4 16 2 16 12 11 19 60 14 14 49 5 47 38 57 32 12 28 6 38 42 37 23 8 26 2 47 11 55 16 45 48 6 23 12 18 37 21 18 18 40 41 6 15 4 55 13 59 1 19 41 28 29 12 1 47 7 0 19 58 54 54 35 20 53 60 13 4 57 16 44 53 30 39 46 22 14 50 51 30 21 47 29 28 16 32 12 34 42 6 13 21 2 52 0 59 16 30 51 15 25 11 22 36 11 55 31 41 11 30 20 7 29 49 21 50 19 45 59 9 42 11 52 17 60 7 3 47 15 12 22 19 29 27 41 57 5 46 22 60 23 17 1 18 14 9 24 3 39 59 36 27 28 40 45 3 27 31 54 41 19 50 39 35 7 9 26 10 16 26 14 42 29 24 53 12 35 39 29 26 34 45 7 43 7 25 22 23 40 24 34 51 47 25 2 13 58 25 41 39 6 60 26 7 46 19 20 44 50 41 54 31 58 33 16 49 0 16 10 27 36 32 30 41 28 30 27 23 33 50 35 37 48 37 48 32 53 32 28 29 51 53 46 18 5
0 : [45, 164, 165, 305, 412, 449, 571] (57)
1 : [57, 166, 211, 270, 279, 295, 327, 403, 409, 497] (50)
2 : [7, 131, 231, 269, 357, 380, 447, 549] (50)
3 : [35, 84, 85, 103, 141, 320, 334, 343, 481, 502, 510] (53)
4 : [9, 23, 88, 175, 177, 185, 188, 241, 248, 250, 254, 277, 314, 355, 399, 422] (51)
5 : [125, 174, 294, 366, 491, 599] (50)
6 : [31, 137, 154, 172, 313, 373, 387, 397, 444, 555] (50)
7 : [14, 157, 238, 304, 411, 466, 480, 519, 537, 539, 558] (50)
8 : [11, 82, 123, 126, 239, 311, 317, 378] (53)
9 : [4, 5, 50, 147, 182, 278, 288, 474, 500, 520] (53)
10 : [3, 16, 114, 158, 205, 271, 276, 522, 573] (56)
11 : [6, 32, 224, 227, 272, 299, 360, 382, 456, 459, 463, 476] (56)
12 : [58, 80, 111, 215, 258, 359, 371, 389, 408, 441, 484, 530] (57)
13 : [181, 233, 401, 421, 445, 550] (58)
14 : [8, 41, 95, 135, 140, 159, 265, 363, 364, 431, 499, 525] (57)
15 : [46, 91, 107, 200, 246, 398, 454, 483] (57)
16 : [356, 358, 384, 424, 439, 451, 523, 569, 572] (59)
17 : [77, 132, 145, 151, 190, 478, 496] (57)
18 : [12, 52, 86, 199, 218, 298, 390, 393, 394, 498, 598] (59)
19 : [65, 100, 144, 146, 229, 243, 361, 404, 413, 471, 486, 515, 560] (57)
20 : [17, 22, 49, 156, 180, 252, 268, 318, 337, 418, 465, 561] (59)
21 : [2, 27, 30, 63, 106, 255, 340, 392, 435, 446, 469] (59)
22 : [136, 222, 342, 430, 457, 485, 493, 541] (58)
23 : [53, 59, 101, 301, 306, 377, 388, 495, 542, 582] (62)
24 : [33, 61, 134, 213, 309, 348, 501, 528, 544] (62)
25 : [223, 242, 259, 322, 455, 540, 548, 552] (62)
26 : [79, 197, 216, 379, 521, 524, 534, 557] (64)
27 : [108, 117, 130, 133, 170, 225, 488, 506, 511, 574, 581] (63)
28 : [168, 244, 287, 291, 328, 372, 406, 438, 507, 579, 593] (63)
29 : [149, 204, 282, 335, 407, 437, 467, 487, 527, 533, 594] (62)
30 : [21, 105, 152, 212, 256, 427, 434, 452, 464, 577, 580] (64)
31 : [42, 55, 94, 122, 173, 226, 296, 461, 512, 566] (64)
32 : [75, 76, 116, 153, 187, 370, 440, 576, 590, 592] (65)
33 : [54, 127, 236, 329, 568, 583] (65)
34 : [44, 99, 109, 176, 253, 312, 330, 331, 338, 346, 442, 535, 545] (67)
35 : [10, 38, 81, 163, 189, 230, 249, 417, 518, 531, 585] (68)
36 : [20, 47, 83, 138, 183, 281, 326, 458, 505, 575] (69)
37 : [51, 93, 260, 266, 376, 391, 586, 588] (69)
38 : [36, 37, 148, 169, 234, 284, 289, 368, 374] (70)
39 : [1, 219, 240, 247, 428, 503, 517, 532, 554] (69)
40 : [13, 78, 120, 245, 273, 316, 344, 395, 508, 543] (69)
41 : [15, 90, 104, 339, 396, 405, 462, 489, 514, 553, 564, 578] (69)
42 : [25, 68, 87, 208, 321, 345, 375, 443, 475, 526] (75)
43 : [56, 112, 142, 184, 237, 267, 275, 297, 310, 323, 325, 347, 538] (72)
44 : [28, 214, 251, 264, 274, 286, 293, 425, 562] (72)
45 : [70, 102, 121, 171, 210, 217, 385, 472, 509, 536] (72)
46 : [19, 73, 160, 186, 228, 285, 319, 332, 429, 492, 559, 597] (74)
47 : [143, 352, 367, 381, 410, 436, 482, 547] (75)
48 : [113, 179, 235, 302, 303, 333, 353, 386, 587, 589] (74)
49 : [69, 72, 139, 261, 263, 280, 336, 365, 468, 570] (75)
50 : [202, 324, 432, 470, 516, 563, 584] (75)
51 : [29, 97, 192, 290, 350, 433, 453, 546, 595] (76)
52 : [26, 64, 110, 118, 119, 155, 193, 448, 477] (76)
53 : [40, 71, 128, 129, 203, 207, 221, 300, 341, 419, 426, 529, 591, 596] (76)
54 : [66, 115, 150, 178, 191, 201, 262, 415, 416, 513, 565] (77)
55 : [39, 43, 48, 62, 89, 92, 206, 383, 400, 460] (77)
56 : [18, 60, 96, 124, 162, 194, 198] (77)
57 : [67, 167, 209, 283, 308, 349, 369, 423, 490] (76)
58 : [24, 34, 195, 220, 307, 414, 551, 567] (76)
59 : [0, 74, 257, 292, 315, 351, 402, 450, 473, 504] (76)
60 : [98, 161, 196, 232, 354, 362, 420, 479, 494, 556] (76)
