Name: 600-20-30
Time: 16.93668794631958 
Result: 10
Solution:  41 27 18 22 13 4 54 25 41 11 18 1 36 52 46 49 38 12 18 54 31 13 31 30 25 12 45 13 58 46 25 9 40 58 27 8 29 60 4 27 28 56 24 54 58 58 59 43 25 6 45 43 9 47 7 12 50 36 30 52 22 60 53 46 52 48 33 11 60 55 55 11 44 4 54 31 54 52 53 40 50 15 28 15 34 33 9 40 6 52 5 34 28 35 44 25 11 59 26 22 23 48 40 13 17 56 11 10 26 10 7 17 42 56 25 48 1 12 6 31 1 59 59 59 29 42 17 53 41 46 6 20 0 53 53 30 37 41 45 7 18 23 28 51 45 48 19 0 48 2 31 34 13 25 20 36 57 36 60 35 24 4 51 18 24 6 15 17 33 14 39 20 44 36 45 14 34 39 15 51 47 39 14 10 20 18 1 25 21 37 14 37 26 22 51 18 22 44 2 53 38 7 1 56 56 51 23 4 15 7 19 33 55 40 10 56 6 16 10 43 22 38 32 33 23 7 60 11 3 54 28 33 54 57 0 57 12 19 38 29 55 9 54 46 6 39 35 38 20 20 16 37 1 47 37 50 15 39 49 52 57 37 23 21 4 11 47 14 56 47 32 21 55 9 46 32 35 59 35 8 9 52 25 19 40 58 0 0 5 23 55 1 2 34 53 50 44 49 17 15 34 0 22 4 11 44 44 58 22 44 26 42 27 47 16 37 47 21 21 21 49 21 53 38 8 32 4 51 13 38 24 43 24 30 10 53 10 58 10 23 43 27 34 3 8 6 52 4 58 46 60 41 30 11 9 43 38 19 11 35 30 1 54 10 51 39 10 15 2 18 12 4 25 5 26 9 23 7 14 38 14 37 42 4 31 49 5 17 6 2 29 23 18 60 38 36 35 25 31 3 40 54 46 48 19 9 31 0 28 28 27 23 23 30 24 26 48 17 36 29 41 38 30 53 51 49 35 13 60 55 57 18 24 1 41 43 44 9 24 8 50 31 11 12 26 5 50 20 27 55 15 33 16 24 16 26 24 48 11 36 15 34 24 22 0 45 5 50 48 35 48 40 29 25 49 45 39 45 42 28 34 51 40 16 36 30 13 6 1 16 33 8 20 23 5 25 47 39 7 3 29 24 41 2 41 41 23 56 10 46 33 28 29 21 53 30 13 4 19 55 59 58 56 7 32 51 60 19 57 10 16 0 17 42 41 59 15 32 51 52 59 16 33 32 7 3 53 50 34 20 45 14 48 28 57 57 36 49 11 58 36 47 53 23 40 25 43 8 11 15 58 51 39 53 54 31 39 33 16 42 16 38 17 40 39 17 32 43 42 6 4 26 30 16 0 34 33 41 47 5
0 : [132, 147, 234, 286, 287, 301, 407, 464, 531, 594] (20)
1 : [11, 116, 120, 186, 202, 252, 291, 361, 433, 488] (20)
2 : [149, 198, 292, 368, 389, 503] (23)
3 : [228, 343, 399, 499, 545] (20)
4 : [5, 38, 73, 161, 207, 264, 303, 326, 347, 371, 383, 517, 590] (21)
5 : [90, 288, 373, 386, 445, 466, 494, 599] (21)
6 : [49, 88, 118, 130, 165, 216, 244, 345, 388, 487, 589] (21)
7 : [54, 110, 139, 201, 209, 225, 377, 498, 523, 544] (21)
8 : [35, 279, 324, 344, 439, 491, 567] (20)
9 : [31, 52, 86, 241, 273, 280, 354, 375, 405, 437] (20)
10 : [107, 109, 183, 214, 218, 334, 336, 338, 363, 366, 508, 529] (21)
11 : [9, 67, 71, 96, 106, 227, 265, 304, 353, 358, 442, 458, 558, 568] (21)
12 : [17, 25, 55, 117, 236, 370, 443] (22)
13 : [4, 21, 27, 103, 152, 328, 427, 486, 516] (21)
14 : [169, 175, 182, 190, 267, 378, 380, 551] (21)
15 : [81, 83, 166, 178, 208, 256, 299, 367, 450, 460, 536, 569] (21)
16 : [217, 250, 314, 452, 454, 483, 489, 530, 541, 578, 580, 593] (22)
17 : [104, 111, 126, 167, 298, 387, 417, 532, 582, 585] (22)
18 : [2, 10, 18, 140, 163, 185, 195, 369, 392, 431] (23)
19 : [146, 210, 237, 283, 357, 404, 518, 527] (22)
20 : [131, 154, 171, 184, 248, 249, 447, 492, 549] (23)
21 : [188, 263, 271, 317, 318, 319, 321, 513] (23)
22 : [3, 60, 99, 193, 196, 220, 302, 308, 463] (23)
23 : [100, 141, 206, 224, 262, 289, 339, 376, 391, 411, 412, 493, 506, 563] (23)
24 : [42, 160, 164, 330, 332, 414, 432, 438, 453, 456, 462, 501] (23)
25 : [7, 24, 30, 48, 95, 114, 153, 187, 282, 372, 397, 473, 495, 565] (23)
26 : [98, 108, 192, 310, 374, 415, 444, 455, 591] (24)
27 : [1, 34, 39, 312, 341, 410, 448] (25)
28 : [40, 82, 92, 142, 230, 408, 409, 479, 511, 553] (24)
29 : [36, 124, 239, 390, 419, 472, 500, 512] (25)
30 : [23, 58, 135, 333, 352, 360, 413, 422, 485, 515, 592] (25)
31 : [20, 22, 75, 119, 150, 384, 398, 406, 441, 575] (25)
32 : [222, 270, 275, 325, 524, 537, 543, 586] (26)
33 : [66, 85, 168, 211, 223, 231, 451, 490, 510, 542, 577, 596] (26)
34 : [84, 91, 151, 176, 293, 300, 342, 461, 480, 548, 595] (26)
35 : [93, 159, 246, 276, 278, 359, 396, 426, 469] (26)
36 : [12, 57, 155, 157, 173, 395, 418, 459, 484, 556, 560] (26)
37 : [136, 189, 191, 251, 254, 261, 315, 381] (27)
38 : [16, 200, 221, 238, 247, 323, 329, 356, 379, 394, 421, 581] (27)
39 : [170, 177, 181, 245, 257, 365, 476, 497, 572, 576, 584] (27)
40 : [32, 79, 87, 102, 213, 284, 400, 471, 482, 564, 583] (27)
41 : [0, 8, 128, 137, 351, 420, 434, 502, 504, 505, 534, 597] (27)
42 : [112, 125, 311, 382, 478, 533, 579, 588] (27)
43 : [47, 51, 219, 331, 340, 355, 435, 566, 587] (28)
44 : [72, 94, 172, 197, 296, 305, 306, 309, 436] (27)
45 : [26, 50, 138, 144, 174, 465, 475, 477, 550] (29)
46 : [14, 29, 63, 129, 243, 274, 349, 402, 509] (28)
47 : [53, 180, 253, 266, 269, 313, 316, 496, 561, 598] (28)
48 : [65, 101, 115, 145, 148, 403, 416, 457, 468, 470, 552] (28)
49 : [15, 258, 297, 320, 385, 425, 474, 557] (28)
50 : [56, 80, 255, 295, 440, 446, 467, 547] (28)
51 : [143, 162, 179, 194, 205, 327, 364, 424, 481, 525, 538, 571] (29)
52 : [13, 59, 64, 77, 89, 259, 281, 346, 539] (30)
53 : [62, 78, 127, 133, 134, 199, 294, 322, 335, 423, 514, 546, 562, 573] (30)
54 : [6, 19, 43, 74, 76, 229, 232, 242, 362, 401, 574] (29)
55 : [69, 70, 212, 240, 272, 290, 429, 449, 519] (30)
56 : [41, 105, 113, 203, 204, 215, 268, 507, 522] (30)
57 : [156, 233, 235, 260, 430, 528, 554, 555] (30)
58 : [28, 33, 44, 45, 285, 307, 337, 348, 521, 559, 570] (30)
59 : [46, 97, 121, 122, 123, 277, 520, 535, 540] (29)
60 : [37, 61, 68, 158, 226, 350, 393, 428, 526] (30)
