Name: 600-30-45
Time: 17.968878746032715 
Result: 12
Solution:  10 25 60 44 52 25 38 51 29 56 29 24 9 1 47 47 18 46 21 9 14 10 9 25 39 30 48 27 57 11 30 13 24 1 22 42 4 5 1 20 33 48 25 7 27 36 16 48 59 26 25 57 35 22 30 32 0 15 56 60 41 22 9 14 44 2 7 1 35 11 46 7 29 47 36 28 19 31 11 6 17 9 26 58 37 23 46 56 35 54 51 47 11 18 33 23 19 52 14 4 26 46 16 37 47 31 59 28 26 29 48 30 50 44 46 1 32 39 33 9 45 21 60 31 58 58 7 36 47 43 52 28 18 55 20 59 54 4 37 35 3 53 36 44 1 52 37 41 20 39 16 15 55 48 50 45 27 46 11 2 19 44 59 41 43 17 29 41 6 4 6 44 59 29 33 40 18 52 33 25 34 1 51 54 30 51 57 26 48 47 38 31 53 10 54 33 8 14 32 15 9 18 59 56 26 54 22 27 8 32 32 43 2 15 59 20 29 54 5 51 27 28 9 23 38 31 27 47 15 8 28 27 17 15 16 49 14 12 43 14 53 25 21 47 54 52 24 49 9 2 57 25 13 21 3 14 14 0 32 1 58 18 22 7 8 58 38 35 4 57 23 37 32 30 14 48 13 29 57 10 55 45 24 51 46 7 22 51 16 16 22 55 21 57 12 33 54 15 7 29 11 27 21 53 60 45 42 4 1 13 23 30 13 24 42 38 52 59 52 2 39 27 50 41 2 42 9 44 54 25 58 36 14 51 39 59 11 26 30 0 3 48 42 21 24 45 7 10 49 12 5 13 56 56 20 21 19 39 38 60 48 11 50 40 46 25 40 39 10 12 15 55 45 28 43 17 39 41 45 20 37 58 37 13 23 31 7 15 45 1 10 36 49 14 34 28 25 60 56 44 35 9 43 6 32 36 33 8 42 32 37 53 17 26 0 7 35 32 29 34 24 7 25 7 16 26 50 5 5 17 14 44 52 2 10 60 46 41 53 59 28 43 40 38 8 51 14 23 45 34 41 35 10 47 19 50 26 44 12 5 19 2 48 16 11 11 42 33 18 51 45 21 50 31 26 5 58 39 52 20 57 40 17 36 45 54 60 24 23 6 4 26 3 27 3 40 3 56 13 29 22 1 12 17 37 51 34 47 22 16 51 29 11 9 24 0 60 54 11 3 18 13 8 42 47 44 28 27 53 20 38 21 38 43 12 9 16 39 55 39 3 35 41 6 25 58 43 40 24 46 2 55 24 38 48 23 55 49 9 8 49 7 51 48 37 39 56 52 59 31 34 45 35 5 1 19 22 38 50 35 25 30 23 0 53 49 19 18 1 57 1 34 34 42 7 47 0 43 4 25
0 : [56, 257, 339, 414, 515, 583, 596] (31)
1 : [13, 33, 38, 67, 115, 144, 181, 259, 308, 389, 501, 574, 588, 590] (31)
2 : [65, 159, 212, 249, 319, 324, 433, 461, 550] (31)
3 : [140, 254, 340, 492, 494, 496, 519, 540] (31)
4 : [36, 99, 137, 169, 268, 307, 490, 598] (32)
5 : [37, 218, 350, 427, 428, 459, 475, 573] (31)
6 : [79, 168, 170, 403, 489, 543] (33)
7 : [43, 66, 71, 126, 263, 285, 298, 346, 386, 415, 421, 423, 561, 594] (32)
8 : [196, 208, 229, 264, 407, 444, 522, 559] (31)
9 : [12, 19, 22, 62, 81, 119, 200, 222, 248, 326, 401, 513, 535, 558] (32)
10 : [0, 21, 193, 279, 347, 368, 390, 434, 452] (32)
11 : [29, 69, 78, 92, 158, 300, 336, 361, 464, 465, 512, 518] (32)
12 : [237, 294, 349, 369, 458, 502, 534] (33)
13 : [31, 252, 276, 309, 312, 351, 383, 498, 521] (34)
14 : [20, 63, 98, 197, 236, 239, 255, 256, 274, 332, 393, 430, 446] (33)
15 : [57, 151, 199, 213, 228, 233, 297, 370, 387] (33)
16 : [46, 102, 150, 234, 288, 289, 424, 463, 509, 536] (34)
17 : [80, 165, 232, 375, 412, 429, 482, 503] (34)
18 : [16, 93, 132, 176, 201, 261, 468, 520, 587] (36)
19 : [76, 96, 160, 356, 454, 460, 575, 586] (35)
20 : [39, 134, 148, 215, 354, 379, 479, 529] (35)
21 : [18, 121, 242, 253, 292, 302, 343, 355, 471, 531] (35)
22 : [34, 53, 61, 206, 262, 286, 290, 500, 508, 576] (35)
23 : [85, 95, 223, 270, 310, 384, 447, 488, 555, 582] (36)
24 : [11, 32, 246, 282, 313, 344, 420, 487, 514, 548, 552] (36)
25 : [1, 5, 23, 42, 50, 179, 241, 251, 329, 365, 396, 422, 544, 580, 599] (36)
26 : [49, 82, 100, 108, 187, 204, 337, 413, 425, 456, 474, 491] (36)
27 : [27, 44, 156, 207, 220, 226, 231, 301, 321, 493, 527] (37)
28 : [75, 107, 131, 221, 230, 373, 395, 440, 526] (39)
29 : [8, 10, 72, 109, 166, 173, 216, 277, 299, 418, 499, 511] (37)
30 : [25, 30, 54, 111, 184, 273, 311, 338, 581] (38)
31 : [77, 105, 123, 191, 225, 385, 473, 569] (38)
32 : [55, 116, 198, 209, 210, 258, 272, 404, 409, 417] (39)
33 : [40, 94, 118, 174, 178, 195, 295, 406, 467] (39)
34 : [180, 394, 419, 449, 506, 570, 591, 592] (40)
35 : [52, 68, 88, 139, 267, 400, 416, 451, 541, 572, 579] (40)
36 : [45, 74, 127, 142, 331, 391, 405, 483] (39)
37 : [84, 103, 138, 146, 271, 380, 382, 410, 504, 564] (39)
38 : [6, 190, 224, 266, 315, 358, 443, 530, 532, 553, 577] (39)
39 : [24, 117, 149, 320, 334, 357, 367, 376, 477, 537, 539, 565] (39)
40 : [175, 363, 366, 442, 481, 495, 547] (40)
41 : [60, 147, 163, 167, 323, 377, 437, 450, 542] (39)
42 : [35, 306, 314, 325, 342, 408, 466, 523, 593] (40)
43 : [129, 164, 211, 238, 374, 402, 441, 533, 546, 597] (40)
44 : [3, 64, 113, 143, 161, 171, 327, 399, 431, 457, 525] (40)
45 : [120, 155, 281, 305, 345, 372, 378, 388, 448, 470, 484, 571] (40)
46 : [17, 70, 86, 101, 114, 157, 284, 364, 436, 549] (41)
47 : [14, 15, 73, 91, 104, 128, 189, 227, 243, 453, 507, 524, 595] (41)
48 : [26, 41, 47, 110, 153, 188, 275, 341, 360, 462, 554, 563] (41)
49 : [235, 247, 348, 392, 557, 560, 585] (42)
50 : [112, 154, 322, 362, 426, 455, 472, 578] (41)
51 : [7, 90, 182, 185, 219, 283, 287, 333, 445, 469, 505, 510, 562] (42)
52 : [4, 97, 130, 145, 177, 245, 316, 318, 432, 478, 567] (42)
53 : [141, 192, 240, 303, 411, 438, 528, 584] (43)
54 : [89, 136, 183, 194, 205, 217, 244, 296, 328, 485, 517] (43)
55 : [133, 152, 280, 291, 371, 538, 551, 556] (42)
56 : [9, 58, 87, 203, 352, 353, 398, 497, 566] (43)
57 : [28, 51, 186, 250, 269, 278, 293, 480, 589] (42)
58 : [83, 124, 125, 260, 265, 330, 381, 476, 545] (43)
59 : [48, 106, 135, 162, 172, 202, 214, 317, 335, 439, 568] (43)
60 : [2, 59, 122, 304, 359, 397, 435, 486, 516] (43)
