Name: 800-40-60
Time: 26.00117254257202 
Result: 18
Solution:  45 42 6 69 19 10 44 54 35 39 51 8 20 67 37 15 32 24 68 22 55 1 74 67 9 47 50 63 71 3 31 34 29 28 19 62 76 27 0 8 2 71 10 21 70 53 49 77 27 43 24 67 23 16 23 35 40 45 33 74 66 62 52 37 41 39 73 13 21 21 33 25 13 71 33 15 3 10 73 76 22 52 72 20 9 63 47 13 62 8 45 45 63 14 66 14 51 7 71 4 10 66 17 40 39 0 22 13 63 11 40 16 16 8 20 51 68 37 62 77 53 56 19 29 31 7 33 36 80 68 21 73 59 26 37 21 16 60 26 74 45 71 56 9 55 3 74 40 58 57 69 31 80 42 73 46 34 28 73 11 31 38 31 64 33 47 67 43 40 64 29 78 41 67 60 73 24 35 3 48 54 18 63 72 50 14 59 58 46 79 60 69 72 0 75 6 47 36 45 55 13 62 41 50 0 18 67 12 80 49 19 34 64 6 66 80 40 73 68 35 26 51 15 57 14 30 59 24 70 3 44 26 65 50 50 51 48 72 3 44 22 25 43 41 36 35 7 71 26 0 8 64 45 77 40 64 78 8 48 69 30 53 34 5 66 13 19 65 8 2 75 49 49 76 36 77 22 12 61 52 36 0 20 36 17 27 55 1 26 64 60 57 60 54 38 2 24 70 11 25 5 75 29 44 28 32 27 59 26 38 3 20 44 8 40 22 12 8 31 18 60 41 4 17 57 36 35 13 50 24 54 6 34 76 19 40 35 16 48 77 46 55 11 0 5 67 56 51 30 76 75 16 37 7 17 18 39 18 14 59 4 61 1 37 80 8 47 24 25 12 10 70 42 43 2 25 14 56 32 36 5 57 68 70 4 45 43 25 77 44 21 4 23 32 8 16 56 72 65 6 14 27 55 23 80 63 63 14 2 2 19 5 75 55 11 62 17 1 23 80 54 73 48 69 38 30 19 64 0 71 20 70 5 53 5 43 32 33 70 51 79 5 74 79 46 11 65 76 58 40 17 52 56 44 26 3 28 7 33 55 32 21 61 18 58 42 41 26 38 29 58 15 3 34 22 31 24 63 61 63 34 62 13 27 4 45 13 75 15 18 24 53 28 22 55 20 25 20 76 53 43 62 79 39 33 29 70 61 76 29 33 43 31 79 13 8 65 49 64 36 63 37 13 30 7 28 28 41 16 41 76 7 73 57 2 25 66 61 34 42 69 80 23 74 14 17 51 26 45 57 19 72 79 75 54 30 29 40 21 9 44 28 15 65 32 59 47 47 6 46 35 80 0 33 57 49 10 74 68 35 65 14 63 60 27 42 78 40 14 77 22 50 41 72 32 79 43 10 24 26 24 57 35 2 47 9 49 56 15 38 50 60 9 75 42 58 20 16 61 11 7 69 25 14 36 42 65 46 76 56 2 69 47 57 55 75 58 32 52 35 59 60 0 8 57 68 27 17 72 5 47 73 10 74 72 49 10 37 39 42 56 10 77 67 76 61 18 37 9 25 38 58 68 72 32 30 37 64 65 39 75 76 58 39 7 43 5 24 41 11 9 65 69 40 36 38 36 69 1 73 52 78 51 48 70 74 70 24 55 40 62 67 37 40 52 22 51 73 75 43 2 34 13 26 70 25 62 4 13 46 40 35 66 19 48 53 31 54 64 60 1 18 21 0 51 17 78 26 61 62 68 13 14 50 53 22 80 29 58 63 6 8 14 59 60 28 6 69 45 35 63 37 34 71 10 17 77 50 27 50 62 74 52 37 1 20 67 79 57 14 16 1 64 44 69 3 54 55 48 79
0 : [38, 105, 193, 204, 249, 281, 343, 428, 572, 642, 743] (41)
1 : [21, 287, 362, 417, 698, 740, 784, 791] (41)
2 : [40, 269, 295, 374, 408, 409, 534, 603, 630, 720] (40)
3 : [29, 76, 145, 178, 229, 238, 310, 455, 472, 795] (40)
4 : [99, 322, 360, 384, 391, 484, 727] (41)
5 : [263, 300, 344, 380, 411, 432, 434, 441, 649, 686] (41)
6 : [2, 195, 213, 331, 399, 568, 760, 766] (41)
7 : [97, 125, 246, 353, 457, 524, 531, 620, 684] (41)
8 : [11, 39, 89, 113, 250, 257, 268, 313, 317, 365, 394, 515, 643, 761] (41)
9 : [24, 84, 143, 559, 605, 612, 668, 690] (43)
10 : [5, 42, 77, 100, 370, 576, 597, 652, 656, 661, 774] (43)
11 : [109, 159, 298, 342, 414, 445, 619, 689] (43)
12 : [207, 277, 316, 369] (44)
13 : [67, 72, 87, 107, 200, 265, 327, 482, 486, 514, 522, 722, 728, 751] (44)
14 : [93, 95, 185, 224, 358, 376, 400, 407, 544, 581, 588, 623, 752, 762, 789] (44)
15 : [15, 75, 222, 471, 488, 562, 608] (44)
16 : [53, 111, 112, 136, 337, 351, 395, 528, 617, 790] (44)
17 : [102, 284, 323, 354, 416, 450, 545, 647, 745, 775] (46)
18 : [181, 205, 319, 355, 357, 463, 489, 666, 741] (46)
19 : [4, 34, 122, 210, 266, 334, 410, 426, 550, 733] (47)
20 : [12, 83, 114, 282, 311, 430, 495, 497, 616, 785] (47)
21 : [43, 68, 69, 130, 135, 390, 461, 558, 742] (48)
22 : [19, 80, 106, 240, 276, 315, 474, 493, 590, 715, 755] (48)
23 : [52, 54, 392, 403, 418, 542] (49)
24 : [17, 50, 176, 227, 296, 329, 367, 476, 490, 598, 600, 687, 707] (48)
25 : [71, 241, 299, 368, 375, 387, 496, 535, 622, 669, 725] (48)
26 : [133, 138, 220, 231, 248, 288, 308, 454, 467, 547, 599, 723, 747] (49)
27 : [37, 48, 285, 306, 401, 483, 584, 646, 778] (49)
28 : [33, 157, 304, 456, 492, 525, 526, 561, 765] (47)
29 : [32, 123, 170, 302, 469, 505, 509, 556, 757] (47)
30 : [225, 260, 348, 425, 523, 555, 675] (48)
31 : [30, 124, 151, 160, 162, 318, 475, 512, 736] (47)
32 : [16, 305, 378, 393, 436, 460, 564, 594, 637, 674] (47)
33 : [58, 70, 74, 126, 164, 437, 458, 504, 510, 573] (46)
34 : [31, 156, 211, 262, 332, 473, 480, 538, 721, 772] (46)
35 : [8, 55, 177, 219, 245, 326, 336, 570, 579, 602, 639, 731, 769] (46)
36 : [127, 197, 244, 274, 280, 283, 325, 379, 519, 624, 694, 696] (47)
37 : [14, 63, 117, 134, 352, 363, 521, 657, 667, 676, 712, 771, 783] (47)
38 : [161, 294, 309, 424, 468, 609, 670, 695] (49)
39 : [9, 65, 104, 356, 503, 658, 679, 683] (47)
40 : [56, 103, 110, 147, 168, 216, 254, 314, 335, 449, 557, 587, 693, 709, 713, 730] (47)
41 : [64, 172, 202, 243, 321, 466, 527, 529, 592, 688] (47)
42 : [1, 153, 372, 465, 539, 585, 614, 625, 659] (50)
43 : [49, 167, 242, 373, 386, 435, 500, 511, 596, 685, 719] (52)
44 : [6, 230, 239, 303, 312, 389, 453, 560, 793] (53)
45 : [0, 57, 90, 91, 140, 198, 252, 385, 485, 548, 768] (52)
46 : [155, 188, 340, 444, 569, 627, 729] (54)
47 : [25, 86, 165, 196, 366, 566, 567, 604, 632, 650] (54)
48 : [179, 236, 258, 338, 422, 703, 734, 798] (56)
49 : [46, 209, 271, 272, 517, 575, 606, 655] (55)
50 : [26, 184, 203, 233, 234, 328, 591, 610, 753, 777, 779] (54)
51 : [10, 96, 115, 221, 235, 347, 439, 546, 702, 716, 744] (54)
52 : [62, 81, 279, 451, 638, 700, 714, 782] (54)
53 : [45, 120, 261, 433, 491, 499, 735, 754] (54)
54 : [7, 180, 293, 330, 420, 554, 737, 796] (54)
55 : [20, 144, 199, 286, 341, 402, 413, 459, 494, 634, 708, 797] (54)
56 : [121, 142, 346, 377, 396, 452, 607, 629, 660] (54)
57 : [149, 223, 291, 324, 381, 533, 549, 574, 601, 633, 644, 788] (54)
58 : [148, 187, 448, 464, 470, 615, 636, 671, 682, 758] (54)
59 : [132, 186, 226, 307, 359, 565, 640, 763] (54)
60 : [137, 174, 190, 290, 292, 320, 583, 611, 641, 739, 764] (54)
61 : [278, 361, 462, 478, 507, 537, 618, 665, 748] (54)
62 : [35, 61, 88, 118, 201, 415, 481, 501, 710, 726, 749, 780] (54)
63 : [27, 85, 92, 108, 182, 405, 406, 477, 479, 520, 582, 759, 770] (54)
64 : [163, 169, 212, 251, 255, 289, 427, 518, 677, 738, 792] (54)
65 : [232, 267, 398, 446, 516, 563, 580, 626, 678, 691] (55)
66 : [60, 94, 101, 214, 264, 536, 732] (56)
67 : [13, 23, 51, 166, 173, 206, 345, 663, 711, 786] (57)
68 : [18, 116, 129, 218, 382, 578, 645, 672, 750] (57)
69 : [3, 150, 191, 259, 423, 540, 621, 631, 692, 697, 767, 794] (56)
70 : [44, 228, 297, 371, 383, 431, 438, 506, 704, 706, 724] (57)
71 : [28, 41, 73, 98, 141, 247, 429, 773] (58)
72 : [82, 183, 192, 237, 397, 551, 593, 648, 654, 673] (56)
73 : [66, 78, 131, 154, 158, 175, 217, 421, 532, 651, 699, 717] (57)
74 : [22, 59, 139, 146, 442, 543, 577, 653, 705, 781] (57)
75 : [194, 270, 301, 350, 412, 487, 553, 613, 635, 680, 718] (57)
76 : [36, 79, 273, 333, 349, 447, 498, 508, 530, 628, 664, 681] (57)
77 : [47, 119, 253, 275, 339, 388, 589, 662, 776] (57)
78 : [171, 256, 586, 701, 746] (57)
79 : [189, 440, 443, 502, 513, 552, 595, 787, 799] (58)
80 : [128, 152, 208, 215, 364, 404, 419, 541, 571, 756] (57)
