Name: 800-50-80
Time: 24.40420365333557 
Result: 24
Solution:  2 34 75 66 20 6 66 47 79 44 37 34 39 66 54 48 8 59 0 45 21 43 54 18 63 44 25 6 9 71 16 43 71 7 66 24 64 24 36 12 7 80 33 55 41 2 77 38 11 61 27 1 69 24 17 1 22 50 7 20 3 57 70 57 29 29 78 24 49 20 37 12 41 7 80 38 56 5 57 34 21 15 1 10 39 75 72 56 12 11 71 5 71 41 64 66 37 51 51 65 61 75 29 66 46 22 68 16 8 12 7 78 72 69 67 61 28 6 72 77 67 40 17 47 21 31 8 48 53 39 7 32 33 31 0 69 80 44 55 68 13 35 14 15 46 54 24 4 56 6 59 15 61 0 43 75 23 30 46 21 35 29 2 59 72 6 76 23 74 62 51 61 3 47 78 59 50 42 57 22 44 35 45 20 51 45 25 65 54 1 37 18 14 17 54 47 52 27 55 9 60 60 60 26 75 36 56 13 2 61 65 63 44 29 72 33 42 7 9 55 10 9 16 48 16 50 37 33 25 25 38 58 2 54 20 62 74 42 56 80 9 76 58 49 53 54 42 15 75 30 68 67 12 65 52 30 50 78 71 52 80 70 30 28 40 76 63 71 79 74 65 9 57 46 19 9 63 7 10 14 54 26 50 7 41 73 61 13 39 69 52 63 45 20 35 10 17 47 60 33 28 0 56 62 52 3 43 45 31 24 45 78 19 30 80 20 39 62 56 40 72 16 10 58 57 58 61 72 41 44 79 28 48 79 32 49 26 15 20 35 2 12 55 36 48 49 39 79 46 54 34 42 38 51 32 74 53 68 59 20 43 75 4 61 40 46 3 78 16 11 58 2 41 15 36 10 78 50 78 77 63 11 71 48 47 10 60 66 10 2 12 17 62 77 66 14 80 42 46 33 12 73 7 67 42 55 51 32 19 24 3 45 47 26 60 5 14 2 58 65 80 75 20 36 1 0 2 34 7 72 50 33 29 48 78 28 40 56 33 78 48 60 56 77 36 16 64 20 56 26 14 70 79 50 17 67 13 76 26 65 66 80 51 27 77 37 30 38 31 40 70 12 71 27 31 14 4 64 22 71 43 46 14 66 41 53 16 38 57 3 43 9 23 62 36 27 20 73 44 30 13 17 39 40 43 64 21 70 26 39 67 11 50 70 31 48 53 0 43 6 44 63 19 63 68 58 55 36 66 47 79 21 33 58 39 52 80 18 69 61 21 36 21 78 12 4 19 15 64 67 23 73 69 71 24 66 42 4 68 16 30 60 18 32 62 69 76 9 26 48 68 19 1 26 6 68 15 12 68 74 56 10 41 40 52 79 32 4 65 23 44 31 42 53 68 30 26 10 76 57 48 72 19 46 22 23 18 2 50 64 75 37 3 33 64 0 76 11 46 53 3 39 68 30 10 29 26 23 32 26 5 79 58 34 11 50 62 28 25 19 49 32 21 80 56 31 51 31 36 74 8 77 67 62 13 14 38 34 28 16 44 59 25 12 37 79 36 49 19 36 26 30 64 55 80 15 8 16 27 63 37 9 28 18 49 71 26 8 19 5 20 39 10 1 52 11 11 0 19 36 62 55 4 1 75 42 2 41 25 74 53 64 28 38 21 21 40 0 73 24 28 49 32 3 29 32 66 31 46 22 43 73 19 5 41 34 57 33 4 48 0 67 30 79 5 52 71 16 38 74 29 56 14 14 78 39 17 27 53 34 27 41 27 25 27 60 80 60 73 22 17 7 29 66 9 24 44 9 64 73 30 36 64 38 69 69 15 76 61 60 24 68 63 58 4 50 61 10 59 10
0 : [18, 134, 153, 301, 425, 517, 615, 697, 717, 740] (55)
1 : [51, 55, 82, 189, 424, 572, 693, 703] (53)
2 : [0, 45, 162, 208, 232, 340, 371, 389, 417, 426, 607, 706] (54)
3 : [60, 172, 305, 366, 410, 489, 612, 620, 723] (54)
4 : [147, 362, 476, 545, 557, 587, 702, 738, 794] (55)
5 : [77, 91, 415, 630, 689, 733, 744] (54)
6 : [5, 27, 117, 149, 165, 519, 574] (54)
7 : [33, 40, 58, 73, 110, 130, 217, 277, 283, 402, 428, 771] (54)
8 : [16, 108, 126, 650, 676, 687] (53)
9 : [28, 199, 218, 221, 240, 271, 275, 491, 567, 681, 774, 777] (53)
10 : [83, 220, 278, 295, 322, 375, 385, 388, 581, 597, 624, 692, 797, 799] (53)
11 : [48, 89, 369, 381, 511, 617, 634, 695, 696] (54)
12 : [39, 71, 88, 109, 252, 341, 390, 400, 471, 544, 577, 663] (55)
13 : [140, 207, 287, 456, 500, 654] (54)
14 : [142, 192, 279, 395, 416, 450, 475, 482, 655, 752, 753] (54)
15 : [81, 143, 151, 247, 337, 373, 547, 576, 675, 786] (54)
16 : [30, 107, 222, 224, 321, 368, 445, 486, 559, 659, 677, 747] (56)
17 : [54, 122, 193, 296, 391, 454, 501, 756, 770] (59)
18 : [23, 191, 537, 562, 606, 683] (57)
19 : [274, 312, 408, 522, 546, 571, 602, 639, 668, 688, 698, 732] (58)
20 : [4, 59, 69, 183, 234, 293, 315, 338, 359, 422, 447, 496, 690] (59)
21 : [20, 80, 124, 159, 506, 531, 540, 542, 642, 714, 715] (59)
22 : [56, 105, 179, 478, 604, 729, 769] (60)
23 : [156, 167, 492, 550, 589, 605, 627] (60)
24 : [35, 37, 53, 67, 146, 309, 409, 554, 719, 775, 790] (60)
25 : [26, 186, 228, 229, 638, 662, 708, 763] (61)
26 : [203, 281, 336, 413, 449, 458, 508, 568, 573, 596, 626, 629, 670, 686] (61)
27 : [50, 197, 463, 473, 495, 678, 757, 760, 762, 764] (61)
28 : [116, 263, 300, 331, 435, 637, 658, 682, 712, 720] (61)
29 : [64, 65, 102, 161, 213, 432, 625, 724, 750, 772] (61)
30 : [157, 249, 255, 262, 313, 466, 499, 560, 595, 623, 671, 742, 780] (61)
31 : [125, 133, 308, 468, 474, 514, 591, 645, 647, 727] (64)
32 : [131, 334, 354, 407, 563, 586, 628, 641, 722, 725] (64)
33 : [42, 132, 215, 227, 299, 399, 431, 438, 532, 613, 737] (64)
34 : [1, 11, 79, 350, 427, 633, 657, 735, 759] (64)
35 : [141, 160, 181, 294, 339] (67)
36 : [38, 205, 343, 374, 423, 444, 494, 527, 541, 648, 666, 669, 699, 781] (65)
37 : [10, 70, 96, 190, 226, 465, 611, 664, 680] (67)
38 : [47, 75, 230, 352, 467, 487, 656, 713, 748, 783] (66)
39 : [12, 84, 129, 288, 316, 346, 502, 509, 534, 621, 691, 755] (67)
40 : [121, 264, 319, 364, 436, 469, 503, 583, 716] (66)
41 : [44, 72, 93, 284, 328, 372, 484, 582, 707, 734, 761] (66)
42 : [177, 216, 237, 246, 351, 397, 404, 556, 592, 705] (68)
43 : [21, 31, 154, 306, 360, 480, 490, 504, 518, 730] (68)
44 : [9, 25, 137, 180, 212, 329, 498, 520, 590, 660, 776] (68)
45 : [19, 182, 185, 292, 307, 310, 411] (71)
46 : [104, 144, 158, 273, 348, 365, 398, 481, 603, 618, 728] (68)
47 : [7, 123, 173, 195, 297, 384, 412, 529] (70)
48 : [15, 127, 223, 332, 344, 383, 433, 440, 515, 569, 600, 739] (71)
49 : [68, 243, 335, 345, 640, 667, 684, 721] (71)
50 : [57, 176, 225, 256, 282, 377, 430, 453, 512, 608, 635, 795] (71)
51 : [97, 98, 170, 184, 353, 406, 462, 646] (72)
52 : [196, 254, 259, 290, 304, 535, 584, 694, 745] (72)
53 : [128, 244, 356, 485, 516, 593, 619, 710, 758] (72)
54 : [14, 22, 145, 188, 194, 233, 245, 280, 349] (72)
55 : [43, 138, 198, 219, 342, 405, 526, 673, 701] (71)
56 : [76, 87, 148, 206, 238, 302, 318, 437, 442, 448, 580, 644, 751] (72)
57 : [61, 63, 78, 178, 272, 324, 488, 599, 736] (73)
58 : [231, 242, 323, 325, 370, 418, 525, 533, 632, 793] (72)
59 : [17, 150, 163, 175, 358, 661, 798] (72)
60 : [200, 201, 202, 298, 386, 414, 441, 561, 765, 767, 789] (73)
61 : [49, 100, 115, 152, 171, 209, 286, 326, 363, 539, 788, 796] (73)
62 : [169, 235, 303, 317, 392, 493, 564, 636, 653, 700] (73)
63 : [24, 211, 266, 276, 291, 380, 521, 523, 679, 792] (73)
64 : [36, 94, 446, 477, 505, 548, 609, 614, 672, 711, 778, 782] (74)
65 : [99, 187, 210, 253, 270, 419, 459, 588] (74)
66 : [3, 6, 13, 34, 95, 103, 387, 394, 460, 483, 528, 555, 726, 773] (75)
67 : [114, 120, 251, 403, 455, 510, 549, 652, 741] (75)
68 : [106, 139, 250, 357, 524, 558, 570, 575, 578, 594, 622, 791] (76)
69 : [52, 113, 135, 289, 538, 552, 565, 784, 785] (76)
70 : [62, 261, 451, 470, 507, 513] (77)
71 : [29, 32, 90, 92, 258, 267, 382, 472, 479, 553, 685, 746] (76)
72 : [86, 112, 118, 164, 214, 320, 327, 429, 601] (76)
73 : [285, 401, 497, 551, 718, 731, 768, 779] (76)
74 : [168, 236, 269, 355, 579, 649, 709, 749] (77)
75 : [2, 85, 101, 155, 204, 248, 361, 421, 610, 704] (75)
76 : [166, 241, 265, 457, 566, 598, 616, 787] (77)
77 : [46, 119, 379, 393, 443, 464, 651] (76)
78 : [66, 111, 174, 257, 311, 367, 376, 378, 434, 439, 543, 754] (75)
79 : [8, 268, 330, 333, 347, 452, 530, 585, 631, 665, 743] (75)
80 : [41, 74, 136, 239, 260, 314, 396, 420, 461, 536, 643, 674, 766] (75)
