Name: 800-50-80
Time: 24.19449281692505 
Result: 24
Solution:  5 34 76 67 20 5 67 50 79 44 38 33 40 65 51 48 7 58 0 46 21 46 55 18 63 43 25 4 10 75 17 44 74 4 66 24 64 20 35 13 11 80 33 53 45 0 77 35 14 62 26 4 70 24 18 0 22 47 5 21 3 57 68 57 22 28 80 19 49 22 39 12 42 5 80 40 57 8 56 30 20 14 9 12 36 75 72 56 10 12 71 6 74 41 65 65 42 48 56 63 62 72 24 65 46 24 65 15 7 12 4 74 72 69 67 61 26 7 72 78 65 40 15 50 21 34 10 50 53 36 5 32 39 31 0 70 78 42 55 68 12 35 15 14 45 54 23 2 58 9 57 15 60 1 46 73 22 28 46 24 37 30 2 62 73 7 77 25 73 61 54 60 3 50 80 61 50 46 60 20 42 33 44 20 53 46 26 64 58 1 36 18 13 17 53 48 52 26 55 6 60 60 59 26 77 40 57 13 2 64 66 64 41 30 74 34 46 5 7 51 12 8 16 46 16 49 38 31 24 23 35 56 1 56 20 64 72 42 54 79 9 75 58 47 52 52 41 13 76 32 70 70 12 66 51 28 48 77 71 50 77 67 31 30 42 72 62 71 77 73 61 8 56 43 19 10 64 10 12 12 54 24 53 11 41 69 59 15 36 68 55 63 45 19 34 11 17 47 61 32 32 0 58 62 59 2 40 45 31 24 44 78 18 29 80 20 40 62 56 40 73 19 7 54 57 54 60 69 41 47 75 33 48 80 35 48 26 15 22 34 4 10 52 35 48 49 39 76 46 53 34 42 37 50 31 74 47 70 61 22 48 75 4 60 39 46 4 76 15 12 57 0 41 13 37 12 75 47 76 78 60 11 73 49 44 6 58 65 12 4 11 18 60 77 66 14 79 42 48 30 10 73 7 66 41 56 52 36 19 23 6 46 47 26 62 6 15 2 59 66 77 73 22 36 1 1 7 35 5 66 51 35 26 49 78 31 40 56 32 78 48 59 53 76 35 17 66 18 55 28 16 70 79 51 18 66 11 77 27 65 71 79 51 27 77 41 32 39 31 39 69 12 69 28 30 13 4 64 23 71 43 47 14 66 38 51 16 37 54 3 43 10 21 62 35 28 19 74 47 30 16 22 39 40 43 65 21 71 26 42 67 12 50 73 31 45 53 1 43 5 46 63 19 64 66 55 60 41 67 47 79 21 27 57 39 54 78 17 67 60 21 37 21 78 13 6 19 15 65 65 24 75 71 71 22 64 42 5 67 14 28 62 17 31 62 74 76 7 26 50 67 16 1 23 9 68 12 11 69 74 56 11 38 38 52 79 32 4 67 24 44 32 42 52 67 29 26 12 80 55 51 72 20 46 17 23 14 0 50 64 75 36 2 31 63 0 78 9 45 56 3 38 68 30 8 27 23 22 31 27 2 79 57 33 14 50 61 28 24 21 45 38 19 76 59 34 53 31 36 75 8 76 70 62 10 14 37 32 29 15 43 59 25 13 37 79 37 49 22 35 25 35 65 48 78 16 8 15 22 63 36 10 32 18 48 69 27 9 18 5 19 40 5 1 52 16 11 1 19 38 61 55 6 0 76 46 1 43 29 75 53 67 27 36 20 22 41 2 72 26 28 49 29 3 23 33 63 33 43 22 44 73 21 4 39 35 61 33 6 45 0 68 32 80 3 55 71 19 39 78 26 56 14 16 79 41 13 32 57 34 23 41 29 25 26 57 80 60 74 23 19 7 27 66 9 25 42 10 63 73 30 33 64 40 70 70 14 74 60 58 27 67 59 65 5 47 63 10 59 11
0 : [18, 45, 55, 134, 301, 371, 607, 615, 703, 740] (53)
1 : [153, 189, 232, 424, 425, 517, 572, 693, 697, 706] (53)
2 : [147, 162, 208, 305, 417, 612, 630, 717] (53)
3 : [60, 172, 489, 620, 723, 744] (55)
4 : [27, 33, 51, 110, 340, 362, 366, 389, 476, 587, 733] (55)
5 : [0, 5, 58, 73, 130, 217, 428, 519, 557, 689, 692, 794] (53)
6 : [91, 199, 385, 410, 415, 545, 702, 738] (53)
7 : [16, 108, 117, 165, 218, 322, 402, 426, 567, 771] (54)
8 : [77, 221, 271, 624, 650, 676] (53)
9 : [82, 149, 240, 574, 617, 687, 774] (55)
10 : [28, 88, 126, 275, 277, 341, 400, 491, 654, 681, 777, 797] (54)
11 : [40, 283, 295, 381, 390, 456, 577, 581, 696, 799] (54)
12 : [71, 83, 89, 109, 140, 220, 252, 278, 279, 369, 375, 388, 471, 511, 576, 597] (54)
13 : [39, 192, 207, 247, 373, 475, 544, 663, 756] (54)
14 : [48, 81, 143, 395, 482, 559, 606, 634, 655, 752, 786] (54)
15 : [107, 122, 142, 151, 287, 337, 368, 416, 547, 659, 677] (54)
16 : [222, 224, 450, 486, 500, 571, 675, 695, 753] (57)
17 : [30, 193, 296, 445, 537, 562, 604] (58)
18 : [23, 54, 191, 312, 391, 447, 454, 683, 688] (58)
19 : [67, 274, 293, 321, 408, 496, 522, 546, 642, 690, 698, 747, 770] (64)
20 : [4, 37, 80, 179, 183, 234, 315, 602, 714] (54)
21 : [20, 59, 124, 492, 506, 531, 540, 542, 639, 732] (59)
22 : [56, 64, 69, 156, 338, 359, 422, 501, 554, 627, 668, 678, 715, 729] (59)
23 : [146, 229, 409, 478, 573, 605, 626, 724, 760, 769] (60)
24 : [35, 53, 102, 105, 159, 228, 281, 309, 550, 589, 638] (62)
25 : [26, 167, 662, 670, 763, 775] (64)
26 : [50, 116, 186, 197, 203, 336, 413, 432, 508, 568, 596, 719, 750, 764] (64)
27 : [458, 463, 532, 625, 629, 686, 712, 772, 790] (64)
28 : [65, 157, 255, 449, 473, 495, 560, 637, 720] (64)
29 : [313, 595, 658, 708, 722, 762] (64)
30 : [79, 161, 213, 263, 399, 474, 499, 623, 780] (64)
31 : [133, 227, 262, 308, 354, 435, 468, 514, 563, 613, 628, 647] (65)
32 : [131, 249, 299, 300, 438, 466, 586, 591, 657, 682, 742, 757] (65)
33 : [11, 42, 181, 331, 633, 725, 727, 737, 781] (64)
34 : [1, 125, 215, 294, 339, 350, 645, 759] (65)
35 : [38, 47, 141, 230, 334, 343, 427, 431, 444, 494, 669, 671, 735] (64)
36 : [84, 129, 190, 288, 407, 423, 611, 648, 680, 713] (66)
37 : [160, 352, 374, 487, 541, 656, 664, 666] (65)
38 : [10, 226, 484, 582, 583, 621, 641, 699] (65)
39 : [70, 132, 346, 364, 467, 469, 502, 534, 734, 748] (66)
40 : [12, 75, 121, 205, 306, 316, 319, 436, 503, 691, 783] (66)
41 : [93, 212, 246, 284, 328, 372, 404, 465, 527, 716, 755, 761] (66)
42 : [72, 96, 137, 180, 237, 264, 351, 397, 509, 556, 592, 776] (67)
43 : [25, 273, 480, 490, 504, 518, 660, 707, 728] (66)
44 : [9, 31, 182, 310, 384, 590, 730] (67)
45 : [44, 144, 292, 307, 515, 618, 640, 739] (68)
46 : [19, 21, 104, 154, 158, 177, 185, 216, 223, 348, 365, 411, 520, 603, 705] (67)
47 : [57, 243, 297, 329, 356, 377, 412, 481, 498, 529, 795] (68)
48 : [15, 97, 195, 256, 332, 335, 344, 360, 398, 440, 673, 684] (69)
49 : [68, 225, 345, 383, 433, 667, 721] (71)
50 : [7, 123, 127, 173, 176, 259, 353, 512, 569, 608, 635] (70)
51 : [14, 219, 254, 430, 453, 462, 485, 600] (70)
52 : [196, 244, 245, 342, 406, 584, 593, 694] (71)
53 : [43, 128, 184, 194, 282, 349, 442, 516, 646, 710] (72)
54 : [145, 170, 238, 280, 323, 325, 488, 535] (72)
55 : [22, 138, 198, 290, 448, 525, 599, 701, 745] (71)
56 : [78, 87, 98, 231, 233, 272, 318, 405, 437, 580, 619, 751] (72)
57 : [61, 63, 76, 150, 206, 324, 370, 533, 632, 758, 765] (72)
58 : [17, 148, 188, 242, 302, 386, 789] (73)
59 : [202, 286, 304, 418, 441, 644, 661, 792, 798] (73)
60 : [152, 171, 178, 200, 201, 326, 363, 380, 392, 526, 539, 767, 788] (73)
61 : [115, 169, 175, 270, 298, 358, 636, 700, 736] (74)
62 : [49, 100, 163, 266, 303, 317, 414, 493, 561, 564, 653] (73)
63 : [24, 99, 291, 521, 614, 679, 726, 778, 796] (73)
64 : [36, 187, 209, 211, 235, 276, 477, 523, 555, 609, 782] (74)
65 : [13, 94, 95, 103, 106, 120, 387, 459, 505, 548, 549, 672, 793] (74)
66 : [34, 210, 253, 394, 403, 419, 429, 446, 455, 483, 524, 773] (74)
67 : [3, 6, 114, 261, 510, 528, 538, 558, 570, 588, 594, 711, 791] (75)
68 : [62, 139, 289, 575, 622, 741] (75)
69 : [113, 285, 327, 470, 472, 578, 685] (75)
70 : [52, 135, 250, 251, 357, 451, 652, 784, 785] (75)
71 : [90, 258, 267, 460, 479, 507, 552, 553, 746] (75)
72 : [86, 101, 112, 118, 236, 265, 601, 718] (76)
73 : [155, 164, 168, 269, 320, 382, 401, 421, 513, 731, 779] (76)
74 : [32, 92, 111, 214, 355, 497, 565, 579, 768, 787] (76)
75 : [29, 85, 241, 330, 361, 376, 551, 610, 649, 709] (77)
76 : [2, 248, 347, 367, 378, 443, 566, 643, 651, 704] (76)
77 : [46, 166, 204, 257, 260, 268, 393, 420, 457, 464] (76)
78 : [119, 136, 311, 379, 434, 439, 536, 543, 616, 674, 749] (77)
79 : [8, 239, 396, 452, 461, 530, 585, 631, 665, 754] (76)
80 : [41, 66, 74, 174, 314, 333, 598, 743, 766] (76)
