Name: 800-40-60
Time: 23.93569016456604 
Result: 17
Solution:  44 39 6 75 20 10 44 51 36 39 53 6 20 67 38 16 33 24 65 25 54 1 71 68 6 53 54 61 70 0 31 33 27 31 21 59 75 24 2 8 2 72 11 18 69 51 50 76 26 45 26 68 23 16 23 32 41 44 32 74 65 63 54 35 42 37 76 14 20 22 35 25 14 71 35 15 3 8 75 76 16 52 73 23 10 64 51 13 62 7 44 45 62 14 67 15 52 9 71 10 15 61 20 40 39 1 22 14 62 11 40 14 11 5 18 52 66 37 62 79 53 57 12 27 31 4 29 36 77 68 21 70 59 25 35 21 15 59 29 70 45 73 58 9 55 3 76 41 55 54 73 30 80 38 74 50 34 26 78 12 28 36 30 63 32 49 68 43 39 62 31 78 41 67 59 73 27 35 2 48 56 18 64 74 54 15 57 60 46 80 56 65 71 0 73 7 48 39 44 52 12 64 41 50 0 20 67 7 80 49 17 34 64 9 70 80 42 74 70 34 26 51 16 57 15 30 61 24 70 4 44 24 67 45 49 48 52 72 4 41 22 21 42 39 37 36 7 70 23 0 8 59 48 79 40 63 79 9 51 69 30 52 35 8 66 15 17 64 8 2 80 55 49 78 36 78 19 13 57 53 34 0 19 35 20 24 56 0 28 62 62 58 59 54 40 3 24 70 11 24 4 74 29 46 30 32 28 62 26 40 3 18 42 8 41 24 12 9 29 20 55 40 6 21 56 30 34 16 49 24 55 7 33 74 23 42 36 14 48 76 47 53 9 4 7 66 57 51 31 79 77 15 33 8 17 17 40 22 10 61 3 62 0 35 77 8 42 21 24 13 9 69 43 44 0 25 15 55 37 35 9 57 68 72 6 43 43 25 76 44 22 4 26 31 8 13 57 72 67 7 14 28 55 25 78 63 63 15 1 0 16 3 76 55 9 61 17 0 22 80 54 73 50 74 38 30 17 62 2 70 20 70 7 52 5 44 33 32 67 52 78 8 74 77 45 11 65 79 58 41 12 51 61 38 25 3 29 7 32 55 30 21 61 19 57 44 41 25 36 32 60 17 2 34 24 33 21 64 61 63 37 61 9 28 5 46 14 78 18 19 27 52 28 25 56 19 26 23 80 53 42 60 79 38 37 29 70 66 79 26 33 43 29 79 15 8 68 46 60 36 64 33 15 29 9 27 28 38 18 42 79 7 75 57 1 26 66 63 32 42 71 80 23 77 14 18 49 22 46 57 16 68 79 75 51 33 24 42 18 9 50 29 19 64 33 54 45 47 9 47 35 79 0 33 56 48 10 75 73 35 66 15 64 63 26 40 80 40 15 79 19 51 41 72 32 80 43 8 22 27 24 53 35 1 47 8 49 56 15 40 50 58 10 74 41 59 19 16 62 11 6 67 24 13 39 44 65 47 73 54 4 67 46 58 59 77 54 34 51 35 60 62 1 15 60 66 26 18 71 2 52 72 14 77 76 51 9 38 39 44 56 9 80 69 74 62 20 36 9 27 39 56 68 69 32 30 40 64 67 34 75 77 58 38 7 43 2 24 45 10 13 64 67 41 36 40 37 68 0 80 53 78 54 46 70 74 69 23 58 38 64 69 36 36 51 21 51 71 75 44 1 32 14 25 71 22 64 3 13 46 42 35 65 17 45 53 31 55 63 60 0 18 21 0 50 17 75 28 61 60 68 11 12 50 48 22 79 29 57 64 4 14 14 56 60 34 5 68 45 37 58 38 33 69 11 19 80 49 27 50 63 76 51 42 2 21 68 77 58 14 13 1 64 46 69 5 53 56 48 78
0 : [29, 193, 204, 249, 281, 287, 362, 374, 409, 417, 572, 698, 740, 743] (41)
1 : [21, 105, 408, 534, 603, 642, 720, 791] (42)
2 : [38, 40, 178, 269, 428, 472, 649, 686, 784] (42)
3 : [76, 145, 295, 310, 360, 411, 455, 727] (42)
4 : [125, 229, 238, 300, 343, 391, 630, 760] (42)
5 : [113, 434, 484, 766, 795] (41)
6 : [2, 11, 24, 322, 384, 620] (41)
7 : [89, 195, 207, 246, 331, 344, 399, 432, 457, 531, 684] (41)
8 : [39, 77, 250, 263, 268, 313, 353, 365, 394, 441, 515, 597, 605] (41)
9 : [97, 143, 213, 257, 317, 342, 370, 380, 414, 482, 524, 559, 568, 656, 661, 668] (42)
10 : [5, 84, 99, 358, 576, 612, 689] (42)
11 : [42, 109, 112, 298, 445, 619, 751, 774] (42)
12 : [122, 159, 200, 316, 450, 752] (42)
13 : [87, 277, 369, 395, 623, 690, 728, 790] (43)
14 : [67, 72, 93, 107, 111, 337, 400, 486, 544, 652, 722, 761, 762, 789] (42)
15 : [75, 95, 100, 136, 185, 224, 265, 351, 376, 407, 514, 522, 581, 588, 608, 643] (41)
16 : [15, 53, 80, 222, 327, 410, 550, 617] (44)
17 : [210, 266, 354, 355, 416, 426, 471, 733, 745] (45)
18 : [43, 114, 181, 311, 488, 528, 545, 558, 647, 741] (46)
19 : [276, 282, 463, 489, 495, 562, 590, 616, 775] (46)
20 : [4, 12, 68, 102, 205, 284, 319, 430, 666] (46)
21 : [34, 130, 135, 241, 323, 367, 461, 476, 715, 742, 785] (46)
22 : [69, 106, 240, 357, 390, 418, 547, 598, 725, 755] (46)
23 : [52, 54, 83, 248, 334, 497, 542, 707] (48)
24 : [17, 37, 227, 231, 285, 296, 299, 315, 329, 368, 474, 556, 600, 622, 687] (48)
25 : [19, 71, 133, 375, 387, 403, 454, 467, 493, 723] (48)
26 : [48, 50, 157, 220, 308, 392, 496, 509, 535, 584, 646] (49)
27 : [32, 123, 176, 490, 525, 599, 669, 778] (49)
28 : [160, 288, 306, 401, 483, 492, 526, 747] (49)
29 : [126, 138, 302, 318, 456, 505, 512, 523, 561, 757] (48)
30 : [151, 162, 225, 260, 304, 325, 425, 460, 675] (49)
31 : [30, 33, 124, 170, 348, 393, 736] (48)
32 : [55, 58, 164, 305, 437, 458, 469, 538, 594, 674, 721] (48)
33 : [16, 31, 332, 352, 436, 475, 510, 521, 555, 564, 573, 772] (48)
34 : [156, 211, 219, 280, 326, 473, 637, 679, 765] (48)
35 : [63, 70, 74, 134, 177, 262, 283, 363, 379, 570, 579, 602, 639, 731] (49)
36 : [8, 127, 161, 245, 274, 336, 468, 519, 667, 694, 712, 713] (49)
37 : [65, 117, 244, 378, 480, 504, 696, 769] (51)
38 : [14, 153, 424, 453, 503, 527, 657, 683, 709, 771] (50)
39 : [1, 9, 104, 168, 197, 243, 624, 658, 670] (51)
40 : [103, 110, 254, 294, 309, 321, 356, 585, 587, 609, 676, 695] (50)
41 : [56, 147, 172, 202, 239, 314, 449, 466, 592, 614, 693] (50)
42 : [64, 216, 242, 312, 335, 366, 500, 529, 539, 557, 730, 783] (51)
43 : [167, 372, 385, 386, 511, 596, 685] (52)
44 : [0, 6, 57, 90, 198, 230, 373, 389, 435, 465, 625, 659, 719] (52)
45 : [49, 91, 140, 233, 444, 566, 688, 734, 768] (53)
46 : [188, 303, 485, 517, 548, 632, 703, 729, 793] (52)
47 : [340, 567, 569, 604, 627] (53)
48 : [179, 196, 235, 252, 338, 575, 754, 798] (53)
49 : [165, 209, 234, 272, 328, 546, 606, 777] (53)
50 : [46, 155, 203, 422, 560, 610, 744, 753, 779] (53)
51 : [7, 45, 86, 221, 258, 347, 451, 554, 591, 638, 655, 714, 716, 782] (52)
52 : [81, 96, 115, 199, 236, 261, 433, 439, 491, 650] (52)
53 : [10, 25, 120, 279, 341, 499, 601, 700, 735, 796] (53)
54 : [20, 26, 62, 149, 184, 293, 420, 565, 629, 636, 702] (53)
55 : [144, 148, 271, 320, 330, 377, 402, 413, 459, 737] (52)
56 : [180, 190, 286, 324, 494, 574, 607, 660, 671, 763, 797] (52)
57 : [121, 186, 223, 278, 346, 381, 396, 464, 533, 549, 758] (52)
58 : [142, 291, 448, 611, 633, 682, 708, 770, 788] (53)
59 : [35, 132, 137, 174, 251, 292, 615, 634] (53)
60 : [187, 470, 501, 518, 640, 644, 739, 749, 764] (54)
61 : [27, 101, 226, 359, 415, 452, 462, 478, 481, 748] (56)
62 : [88, 92, 108, 118, 169, 289, 290, 307, 361, 427, 618, 641, 665] (53)
63 : [61, 163, 255, 405, 406, 479, 537, 583, 738, 780] (51)
64 : [85, 182, 201, 212, 267, 477, 520, 563, 582, 677, 691, 710, 726, 759, 792] (54)
65 : [18, 60, 191, 446, 626, 732] (55)
66 : [116, 264, 345, 507, 536, 580, 645] (56)
67 : [13, 94, 173, 206, 232, 398, 438, 621, 631, 678, 692] (56)
68 : [23, 51, 129, 166, 382, 516, 551, 672, 697, 750, 767, 786] (57)
69 : [44, 259, 371, 663, 673, 706, 711, 773, 794] (57)
70 : [28, 131, 139, 214, 218, 228, 247, 297, 429, 431, 506, 704] (57)
71 : [22, 73, 98, 192, 540, 648, 717, 724] (58)
72 : [41, 237, 383, 397, 593, 651] (57)
73 : [82, 141, 150, 175, 194, 421, 578, 628] (58)
74 : [59, 154, 183, 217, 301, 333, 423, 442, 613, 664, 705] (58)
75 : [3, 36, 78, 532, 553, 577, 680, 718, 746] (57)
76 : [47, 66, 79, 146, 339, 388, 412, 654, 781] (58)
77 : [128, 350, 364, 443, 543, 635, 653, 681, 787] (58)
78 : [158, 171, 273, 275, 404, 440, 487, 701, 799] (58)
79 : [119, 253, 256, 349, 447, 502, 508, 513, 530, 552, 571, 589, 756] (58)
80 : [152, 189, 208, 215, 270, 419, 498, 541, 586, 595, 662, 699, 776] (58)
