Name: 800-30-45
Time: 23.958829164505005 
Result: 13
Solution:  34 50 46 19 67 18 71 67 37 2 33 37 42 5 60 18 80 4 4 39 44 2 47 71 65 74 39 6 56 1 42 48 24 64 8 3 56 31 10 56 40 9 80 17 71 76 35 79 48 6 13 42 15 4 15 69 33 71 75 35 55 2 56 13 19 56 2 46 21 73 23 73 30 77 0 14 40 6 68 16 77 36 66 53 46 70 64 32 72 31 18 7 78 80 29 80 66 16 63 11 43 13 10 62 36 6 76 17 60 35 58 37 62 54 63 9 27 33 5 79 38 45 25 62 19 45 17 52 35 13 45 71 6 3 42 7 41 19 16 67 8 66 25 36 47 41 57 23 23 14 78 76 31 63 4 40 28 5 48 52 19 61 73 17 55 46 79 15 29 75 50 48 0 71 55 35 36 19 39 63 6 38 51 18 23 14 69 26 46 31 48 14 67 42 13 14 49 37 43 75 46 63 11 64 60 58 77 28 36 62 15 50 33 77 31 22 74 79 42 51 4 6 79 59 63 52 36 45 4 75 79 63 79 33 64 72 67 3 24 10 75 44 72 57 72 23 57 68 67 78 12 19 10 5 19 78 63 70 18 44 21 40 57 68 27 47 75 30 51 25 55 65 49 12 46 62 9 75 38 32 41 56 34 47 24 22 31 77 47 29 59 31 76 62 16 5 78 59 7 41 59 61 33 43 9 65 78 60 32 22 0 45 54 53 49 30 65 7 55 40 10 6 47 30 18 6 68 21 33 74 23 65 76 18 1 71 46 60 64 29 10 29 25 27 60 24 41 58 9 39 0 38 2 68 35 55 73 61 53 37 44 47 33 51 11 41 6 67 63 50 22 70 53 7 24 11 26 80 74 46 12 68 54 4 80 75 60 66 26 47 61 70 39 37 49 33 61 69 30 33 43 26 70 24 55 52 53 56 38 26 77 22 79 6 43 41 33 23 49 15 17 19 45 72 16 39 39 55 48 76 20 80 75 49 71 46 56 8 23 36 55 17 0 36 71 54 0 0 52 58 34 39 42 22 13 80 57 8 40 57 45 6 3 16 32 71 76 73 73 3 32 55 60 19 32 62 37 61 33 20 53 66 32 1 28 73 31 77 11 11 26 29 58 4 63 38 77 55 15 64 32 51 17 66 59 61 2 19 27 9 28 57 55 14 19 70 5 26 29 36 54 21 1 28 50 4 80 67 46 21 28 13 57 69 34 54 37 25 77 76 34 51 33 38 32 66 78 21 78 16 20 31 25 43 70 11 48 50 31 61 22 46 68 36 6 44 16 46 18 18 70 49 27 29 55 46 12 75 11 41 7 9 39 5 53 35 57 3 40 73 26 34 69 3 23 24 67 70 56 75 49 31 32 5 17 16 35 25 26 35 8 65 77 1 28 42 19 11 14 7 38 19 72 73 18 0 17 61 76 14 54 79 32 49 45 35 79 44 18 74 24 59 52 50 56 0 44 51 55 25 36 2 25 50 78 71 20 64 50 22 26 14 15 26 27 20 66 71 71 53 38 52 41 40 11 48 60 35 64 15 30 34 40 12 4 0 18 3 68 34 31 41 53 74 15 51 51 23 60 53 40 10 16 30 14 69 59 66 53 60 24 71 21 52 28 70 43 34 48 62 69 52 15 7 24 65 68 20 11 18 8 65 42 11 9 70 61 50 0 2 28 59 1 58 63 46 57 72 24 25 70 40 43 9 10 49 43 73 19 25 46 48 43 12 2 0 13 9 65 71 37 40 79 0 19 35 69 0 51 66 60 79 49 26 13 51 61 25 27 5 21 18 16 67 53 4 5 72 59 71
0 : [74, 172, 310, 350, 442, 446, 447, 625, 645, 685, 738, 765, 773, 777] (31)
1 : [29, 334, 483, 522, 613, 742] (32)
2 : [9, 21, 61, 66, 352, 506, 651, 739, 764] (31)
3 : [35, 133, 237, 462, 469, 587, 593, 687] (31)
4 : [17, 18, 53, 154, 220, 228, 383, 493, 525, 684, 795] (31)
5 : [13, 118, 157, 253, 295, 516, 583, 603, 789, 796] (31)
6 : [27, 49, 77, 105, 132, 180, 221, 321, 325, 366, 413, 461, 564] (32)
7 : [91, 135, 298, 317, 373, 580, 619, 723] (33)
8 : [34, 140, 437, 457, 610, 730] (35)
9 : [41, 115, 276, 304, 348, 509, 581, 734, 753, 767] (34)
10 : [38, 102, 239, 252, 320, 340, 701, 754] (34)
11 : [99, 202, 364, 375, 488, 489, 555, 578, 617, 674, 728, 733] (34)
12 : [250, 273, 380, 576, 683, 763] (34)
13 : [50, 63, 101, 129, 194, 454, 531, 766, 784] (34)
14 : [75, 149, 185, 191, 195, 513, 618, 629, 661, 704] (34)
15 : [52, 54, 167, 210, 419, 498, 662, 679, 694, 722] (35)
16 : [79, 97, 138, 294, 424, 463, 549, 566, 605, 702, 792] (35)
17 : [43, 107, 126, 163, 420, 441, 502, 604, 626] (35)
18 : [5, 15, 90, 183, 258, 324, 333, 568, 569, 624, 638, 686, 729, 791] (33)
19 : [3, 64, 124, 137, 160, 177, 251, 254, 421, 473, 507, 514, 616, 621, 758, 774] (33)
20 : [430, 479, 550, 656, 665, 727] (34)
21 : [68, 260, 327, 521, 529, 547, 712, 790] (33)
22 : [215, 285, 309, 370, 411, 453, 560, 659] (33)
23 : [70, 147, 148, 184, 245, 330, 417, 438, 594, 697] (33)
24 : [32, 238, 284, 345, 374, 403, 595, 640, 710, 724, 748] (34)
25 : [122, 142, 269, 342, 537, 552, 607, 649, 652, 749, 759, 787] (35)
26 : [187, 376, 388, 401, 409, 490, 517, 590, 608, 660, 663, 783] (36)
27 : [116, 264, 343, 508, 572, 664, 788] (36)
28 : [156, 207, 484, 510, 523, 530, 614, 714, 740] (36)
29 : [94, 168, 289, 339, 341, 491, 518, 573] (37)
30 : [72, 267, 315, 323, 398, 680, 703] (37)
31 : [37, 89, 152, 189, 214, 286, 291, 486, 551, 558, 601, 690] (37)
32 : [87, 279, 308, 464, 470, 474, 482, 500, 544, 602, 632] (38)
33 : [10, 56, 117, 212, 233, 302, 328, 362, 395, 399, 416, 478, 542] (38)
34 : [0, 282, 450, 534, 540, 591, 681, 689, 717] (38)
35 : [46, 59, 109, 128, 175, 354, 585, 606, 609, 635, 677, 775] (38)
36 : [81, 104, 143, 176, 208, 226, 439, 443, 519, 563, 650] (39)
37 : [8, 11, 111, 197, 359, 393, 476, 536, 770] (40)
38 : [120, 181, 278, 351, 408, 495, 543, 620, 670] (40)
39 : [19, 26, 178, 349, 392, 425, 426, 451, 582] (40)
40 : [40, 76, 155, 261, 319, 458, 588, 673, 682, 700, 751, 771] (41)
41 : [136, 145, 280, 299, 346, 365, 415, 579, 672, 691] (41)
42 : [12, 30, 51, 134, 193, 218, 452, 615, 732] (41)
43 : [100, 198, 303, 400, 414, 553, 716, 752, 756, 762] (42)
44 : [20, 241, 259, 360, 565, 637, 646] (41)
45 : [121, 125, 130, 227, 311, 422, 460, 634] (41)
46 : [2, 67, 84, 165, 188, 200, 274, 336, 379, 435, 528, 561, 567, 575, 745, 760] (40)
47 : [22, 144, 265, 283, 288, 322, 361, 389] (40)
48 : [31, 48, 158, 171, 190, 428, 556, 675, 718, 761] (40)
49 : [196, 272, 314, 394, 418, 433, 571, 600, 633, 755, 782] (40)
50 : [1, 170, 211, 369, 524, 557, 643, 653, 658, 737] (40)
51 : [182, 219, 268, 363, 501, 541, 647, 695, 696, 778, 785] (40)
52 : [127, 159, 225, 405, 448, 642, 671, 713, 721] (41)
53 : [83, 313, 358, 372, 406, 480, 584, 669, 692, 699, 708, 794] (41)
54 : [113, 312, 382, 445, 520, 535, 630] (42)
55 : [60, 164, 174, 270, 318, 355, 404, 427, 440, 471, 497, 512, 574, 648] (42)
56 : [28, 36, 39, 62, 65, 281, 407, 436, 598, 644] (42)
57 : [146, 243, 246, 262, 456, 459, 511, 532, 586, 746] (42)
58 : [110, 205, 347, 449, 492, 743] (42)
59 : [223, 290, 297, 300, 504, 641, 706, 741, 798] (43)
60 : [14, 108, 204, 307, 337, 344, 386, 472, 676, 698, 709, 780] (43)
61 : [161, 301, 357, 390, 396, 477, 505, 559, 627, 736, 786] (43)
62 : [103, 112, 123, 209, 275, 293, 475, 719] (44)
63 : [98, 114, 153, 179, 201, 224, 231, 256, 368, 494, 744] (43)
64 : [33, 86, 203, 234, 338, 499, 657, 678] (44)
65 : [24, 271, 305, 316, 331, 611, 725, 731, 768] (43)
66 : [82, 96, 141, 387, 481, 503, 545, 666, 707, 779] (43)
67 : [4, 7, 139, 192, 236, 248, 367, 527, 596, 793] (44)
68 : [78, 247, 263, 326, 353, 381, 562, 688, 726] (43)
69 : [55, 186, 397, 533, 592, 705, 720, 776] (43)
70 : [85, 257, 371, 391, 402, 515, 554, 570, 597, 715, 735, 750] (43)
71 : [6, 23, 44, 57, 131, 173, 335, 434, 444, 465, 655, 667, 668, 711, 769, 799] (44)
72 : [88, 235, 242, 244, 423, 622, 747, 797] (44)
73 : [69, 71, 162, 356, 467, 468, 485, 589, 623, 757] (44)
74 : [25, 216, 329, 378, 639, 693] (43)
75 : [58, 169, 199, 229, 240, 266, 277, 385, 432, 577, 599] (43)
76 : [45, 106, 151, 292, 332, 429, 466, 539, 628] (44)
77 : [73, 80, 206, 213, 287, 410, 487, 496, 538, 612] (44)
78 : [92, 150, 249, 255, 296, 306, 546, 548, 654] (44)
79 : [47, 119, 166, 217, 222, 230, 232, 412, 631, 636, 772, 781] (43)
80 : [16, 42, 93, 95, 377, 384, 431, 455, 526] (42)
