Name: 800-40-60
Time: 24.140766859054565 
Result: 17
Solution:  45 42 6 72 20 11 46 52 36 39 51 3 19 68 43 16 35 24 68 21 52 1 71 67 10 47 51 62 70 2 31 34 26 30 18 58 74 25 1 10 1 71 9 19 70 52 46 76 27 44 26 68 25 16 23 34 41 47 32 74 67 64 54 37 43 38 73 14 20 22 34 25 13 71 30 16 5 10 74 76 16 52 73 20 10 67 51 14 61 5 44 48 61 13 68 14 51 8 70 7 14 63 18 42 35 0 24 12 58 11 39 18 10 5 22 51 65 41 59 79 54 57 13 28 29 9 26 38 79 69 23 74 57 24 41 21 15 59 26 70 47 72 55 9 55 2 73 40 60 57 69 30 80 38 73 47 33 26 73 14 29 40 30 63 31 49 68 45 39 64 31 78 41 67 59 73 27 33 5 48 55 21 64 71 51 15 56 60 46 79 57 66 71 2 75 8 47 39 47 53 12 63 41 50 1 20 69 7 80 49 20 34 64 8 66 80 39 75 68 35 26 52 13 54 15 30 61 23 73 2 44 28 64 51 49 53 50 72 1 42 22 24 42 40 38 32 6 72 25 2 10 63 44 77 41 64 79 8 50 69 30 53 36 8 66 12 18 64 12 1 72 50 49 75 36 80 22 13 58 50 35 1 19 35 22 22 52 2 28 64 62 60 63 55 40 2 25 68 8 22 3 75 33 45 29 32 27 58 26 38 4 19 44 6 40 22 12 12 32 19 60 41 5 19 56 29 29 16 49 24 55 4 34 74 19 41 34 12 49 76 47 56 10 4 1 67 54 50 31 73 78 11 37 8 19 19 41 18 15 58 1 61 1 34 80 8 43 22 23 11 10 74 39 45 1 25 14 55 35 35 8 57 70 73 1 43 44 23 75 40 22 4 25 28 10 13 60 73 65 8 11 30 51 25 79 65 60 14 2 2 20 5 72 55 12 64 18 0 23 80 54 73 54 69 38 31 19 61 1 70 17 70 7 53 6 46 33 31 67 52 77 5 73 79 45 11 64 77 58 39 14 53 58 37 28 1 29 5 29 56 31 21 60 20 58 45 41 26 36 29 59 15 4 34 21 29 21 63 60 62 37 62 7 28 5 45 13 77 16 19 26 52 28 22 57 19 27 27 76 53 42 60 80 41 36 29 70 62 77 27 33 42 31 77 14 12 68 48 61 36 62 38 14 33 8 28 30 41 19 42 77 9 76 57 4 26 66 62 32 47 69 80 24 77 14 18 48 22 46 58 15 68 78 74 50 31 25 41 15 12 43 28 19 64 31 59 49 46 8 46 35 79 0 35 57 47 9 75 71 33 66 12 61 61 30 44 79 44 13 80 21 52 44 71 31 75 43 11 24 22 26 57 35 3 47 7 50 57 14 40 48 57 11 74 43 59 17 16 60 12 4 66 24 14 41 45 65 45 76 55 3 69 47 59 56 74 59 32 50 32 58 60 0 12 57 65 29 17 72 2 45 72 14 76 75 50 13 39 38 43 54 11 77 70 73 61 17 39 12 26 40 56 66 69 32 30 40 64 65 34 76 80 57 42 8 44 2 23 43 9 11 69 68 40 38 37 36 67 0 76 53 78 53 48 70 77 74 26 57 41 64 67 41 36 53 22 51 72 75 43 2 32 13 26 73 23 66 3 14 45 43 37 65 17 45 52 28 55 68 61 0 18 21 2 50 17 78 25 61 60 67 13 15 50 48 22 77 29 56 63 7 8 14 56 59 33 6 70 49 37 58 38 32 69 10 16 78 51 27 49 63 74 49 38 3 21 67 75 59 14 12 0 63 48 69 4 53 58 48 79
0 : [105, 417, 572, 642, 698, 740, 791] (41)
1 : [21, 38, 40, 204, 238, 269, 281, 344, 360, 362, 374, 384, 428, 455] (41)
2 : [29, 145, 193, 229, 249, 287, 295, 408, 409, 649, 686, 720, 743] (42)
3 : [11, 300, 603, 630, 727, 784] (41)
4 : [310, 331, 343, 391, 472, 534, 620, 795] (41)
5 : [76, 89, 113, 178, 322, 411, 441, 457, 484] (42)
6 : [2, 246, 313, 434, 766] (42)
7 : [99, 207, 432, 482, 605, 760] (41)
8 : [97, 195, 213, 257, 263, 298, 353, 365, 380, 399, 524, 568, 684, 761] (41)
9 : [42, 125, 143, 531, 576, 689] (43)
10 : [24, 39, 77, 84, 112, 250, 342, 370, 394, 774] (42)
11 : [5, 109, 351, 369, 400, 445, 597, 612, 661, 690] (42)
12 : [107, 200, 265, 268, 316, 317, 337, 414, 515, 559, 581, 619, 643, 668, 790] (42)
13 : [72, 93, 122, 222, 277, 395, 486, 588, 656, 722, 751] (43)
14 : [67, 87, 95, 100, 159, 376, 407, 450, 514, 522, 544, 608, 623, 652, 728, 762, 789] (43)
15 : [136, 185, 224, 358, 471, 550, 558, 752] (46)
16 : [15, 53, 75, 80, 327, 488, 617, 775] (44)
17 : [430, 616, 647, 666, 733, 745] (47)
18 : [34, 102, 111, 266, 357, 416, 545, 741] (47)
19 : [12, 43, 282, 311, 319, 323, 334, 354, 355, 426, 489, 495, 528, 562] (47)
20 : [4, 68, 83, 205, 210, 410, 463] (47)
21 : [19, 135, 181, 461, 474, 476, 590, 742, 785] (44)
22 : [69, 114, 240, 276, 284, 285, 299, 315, 367, 390, 493, 547, 599, 715, 755] (46)
23 : [54, 130, 227, 368, 387, 418, 687, 725] (46)
24 : [17, 106, 133, 241, 329, 542, 598, 622] (46)
25 : [37, 52, 71, 248, 296, 375, 392, 403, 556, 747] (48)
26 : [32, 50, 126, 138, 157, 220, 308, 467, 490, 535, 600, 669, 707, 723] (47)
27 : [48, 176, 306, 496, 497, 509, 778] (47)
28 : [123, 231, 288, 393, 454, 483, 492, 525, 561, 736] (46)
29 : [124, 160, 304, 325, 326, 456, 458, 469, 475, 505, 646, 757] (47)
30 : [33, 74, 151, 162, 225, 260, 401, 526, 584, 675] (47)
31 : [30, 164, 170, 348, 425, 437, 460, 512, 555, 564, 594] (47)
32 : [58, 245, 305, 318, 538, 637, 639, 674, 721, 772] (48)
33 : [156, 177, 302, 436, 510, 523, 579, 765] (48)
34 : [31, 55, 70, 211, 332, 336, 363, 473, 679] (49)
35 : [16, 104, 219, 280, 283, 378, 379, 570, 573, 602] (49)
36 : [8, 262, 274, 468, 504, 519, 696, 713] (50)
37 : [63, 352, 453, 480, 695, 731, 769] (51)
38 : [65, 127, 153, 244, 309, 424, 521, 658, 694, 771, 783] (51)
39 : [9, 110, 168, 197, 216, 372, 449, 657, 667] (51)
40 : [147, 161, 243, 294, 314, 389, 609, 670, 676, 693] (50)
41 : [56, 117, 134, 172, 202, 254, 321, 335, 356, 466, 503, 527, 557, 624, 709, 712] (51)
42 : [1, 103, 239, 242, 500, 511, 529, 683] (50)
43 : [14, 64, 366, 385, 560, 596, 614, 659, 688, 719, 730] (51)
44 : [49, 90, 230, 252, 312, 386, 585, 587, 592, 685] (51)
45 : [0, 167, 303, 373, 444, 465, 485, 625, 627, 650, 729, 734] (52)
46 : [6, 46, 188, 435, 548, 567, 569] (51)
47 : [25, 57, 140, 155, 196, 198, 340, 539, 575, 604, 632] (51)
48 : [91, 179, 517, 546, 610, 703, 754, 793, 798] (52)
49 : [165, 209, 234, 272, 328, 338, 566, 768, 779, 782] (52)
50 : [203, 236, 258, 271, 279, 347, 554, 606, 638, 655, 744, 753] (53)
51 : [10, 26, 86, 96, 115, 184, 233, 402, 716, 777] (52)
52 : [7, 20, 45, 81, 221, 286, 439, 491, 591, 735] (53)
53 : [199, 235, 261, 433, 451, 499, 700, 702, 714, 796] (54)
54 : [62, 120, 223, 346, 420, 422, 660] (54)
55 : [142, 144, 180, 293, 330, 377, 413, 629, 737] (54)
56 : [186, 324, 341, 459, 634, 671, 758, 763] (54)
57 : [121, 132, 149, 190, 381, 494, 533, 574, 601, 607, 611, 644, 682, 708] (54)
58 : [35, 108, 278, 307, 359, 448, 452, 464, 549, 640, 770, 797] (55)
59 : [118, 137, 174, 470, 565, 615, 633, 636, 764, 788] (55)
60 : [148, 187, 291, 320, 396, 406, 462, 478, 501, 618, 641, 749] (55)
61 : [88, 92, 226, 361, 427, 518, 582, 583, 665, 739, 748] (55)
62 : [27, 290, 479, 481, 507, 520, 537] (55)
63 : [101, 163, 201, 251, 292, 477, 759, 780, 792] (54)
64 : [61, 169, 182, 212, 232, 255, 267, 289, 415, 446, 563, 677, 710] (55)
65 : [116, 398, 405, 626, 645, 678, 732] (55)
66 : [191, 214, 264, 536, 580, 621, 672, 726] (56)
67 : [23, 60, 85, 173, 345, 438, 697, 711, 750, 786] (56)
68 : [13, 18, 51, 94, 166, 218, 297, 516, 551, 692, 738] (57)
69 : [129, 150, 206, 259, 423, 540, 631, 673, 691, 773, 794] (56)
70 : [28, 44, 98, 139, 382, 429, 431, 506, 663, 704, 767] (57)
71 : [22, 41, 73, 183, 192, 578, 593] (56)
72 : [3, 141, 237, 247, 270, 412, 648, 651, 717] (58)
73 : [66, 82, 146, 154, 158, 175, 228, 349, 383, 397, 421, 442, 664, 724] (57)
74 : [36, 59, 78, 131, 333, 371, 553, 613, 635, 706, 781] (57)
75 : [194, 217, 273, 301, 388, 577, 595, 654, 718, 787] (57)
76 : [47, 79, 339, 498, 532, 628, 653, 680, 699] (57)
77 : [253, 440, 447, 487, 508, 513, 530, 543, 662, 705, 756] (57)
78 : [171, 350, 552, 701, 746, 776] (57)
79 : [119, 128, 189, 256, 404, 443, 571, 586, 799] (57)
80 : [152, 208, 215, 275, 364, 419, 502, 541, 589, 681] (58)
