Name: 800-50-80
Time: 24.06764054298401 
Result: 25
Solution:  2 34 76 66 15 5 67 50 76 46 36 34 39 63 52 48 7 61 0 46 21 46 57 18 62 45 26 5 9 74 17 44 74 3 67 24 64 23 36 12 10 79 35 48 42 3 78 36 11 64 27 8 70 24 18 0 22 51 8 20 3 58 67 56 24 27 80 21 52 20 38 11 41 4 77 38 55 6 57 34 21 15 1 11 40 80 72 56 11 11 70 5 71 43 65 65 42 49 54 67 62 71 24 65 45 23 65 17 8 12 8 76 68 70 71 65 29 5 72 78 65 41 16 50 22 34 8 49 53 39 4 33 34 34 0 69 76 41 55 68 13 36 15 14 45 53 23 1 56 9 58 14 60 2 43 71 22 27 46 20 37 29 2 58 71 6 75 26 73 58 53 64 4 46 79 63 49 43 60 23 43 29 44 20 51 46 25 66 53 1 41 18 13 17 60 46 52 26 55 9 62 59 64 26 79 36 55 13 3 61 63 62 44 31 71 35 44 3 11 50 8 6 16 46 17 51 38 32 27 25 38 57 2 54 21 62 75 47 53 78 8 74 58 47 51 54 41 13 76 28 67 69 15 64 50 31 49 78 71 52 79 68 30 32 43 70 63 75 79 74 62 12 59 47 20 8 64 10 11 15 56 24 52 8 42 70 61 12 35 72 56 66 42 20 33 9 19 51 59 32 30 3 57 64 53 4 47 45 31 22 51 77 17 28 78 21 41 60 55 39 73 19 11 58 52 58 60 69 41 43 78 28 51 79 33 49 24 16 20 33 3 6 54 38 47 49 39 76 46 55 35 42 39 50 32 74 52 68 59 20 43 74 4 63 40 46 3 80 15 9 59 2 44 13 36 14 76 48 76 77 65 11 71 52 48 11 57 65 9 2 12 16 61 77 66 14 80 44 45 32 10 71 9 65 44 55 51 32 21 21 4 46 47 30 63 7 15 3 59 63 80 75 22 36 1 3 7 36 3 71 49 31 27 48 77 29 40 58 33 78 47 55 53 77 34 17 63 18 56 27 14 70 79 50 20 68 14 76 26 65 68 78 46 27 77 40 32 37 30 39 69 12 70 24 31 16 3 67 24 71 43 40 14 66 36 53 17 37 57 2 42 6 22 61 38 28 18 73 48 30 16 20 39 40 43 63 20 69 25 43 67 11 51 71 34 45 53 1 43 4 44 63 20 62 68 56 60 37 66 47 76 17 33 59 40 52 80 13 69 60 21 35 21 75 15 4 18 15 62 65 28 73 68 74 24 66 42 3 67 15 30 59 18 35 64 73 77 10 26 51 70 18 2 24 7 69 12 12 68 73 60 10 40 34 51 76 31 4 67 24 45 31 41 55 67 30 26 14 75 54 51 72 19 45 19 25 16 0 48 62 76 37 1 29 64 0 75 10 46 55 5 38 70 30 9 27 26 21 31 26 3 77 57 36 6 51 61 28 25 19 44 36 21 78 61 33 50 29 40 76 8 75 68 62 13 14 36 32 29 17 43 60 27 12 37 79 37 49 20 38 22 29 64 54 80 18 10 17 24 63 39 9 30 19 47 66 26 10 19 7 20 41 8 5 50 14 8 1 20 38 63 55 7 0 77 42 1 43 30 74 53 66 29 37 20 21 43 2 72 25 30 49 28 5 23 33 65 36 40 23 44 74 21 4 42 34 58 33 4 47 0 66 32 80 0 52 74 19 38 78 26 60 14 15 77 37 14 30 53 37 24 45 31 25 28 57 80 63 73 22 17 7 27 62 9 23 43 11 65 73 30 35 63 40 69 71 17 78 63 59 25 67 60 63 6 52 62 5 54 10
0 : [18, 55, 134, 607, 615, 703, 740, 744] (54)
1 : [82, 147, 189, 424, 517, 612, 697, 706] (53)
2 : [0, 153, 162, 232, 371, 389, 489, 572, 717] (53)
3 : [33, 45, 60, 208, 217, 301, 340, 366, 417, 425, 428, 476, 557, 630] (54)
4 : [73, 130, 172, 305, 362, 410, 519, 545, 587, 733, 738] (53)
5 : [5, 27, 91, 117, 620, 693, 723, 797] (53)
6 : [77, 165, 221, 341, 491, 634, 794] (54)
7 : [16, 415, 426, 574, 689, 702, 771] (53)
8 : [51, 58, 108, 110, 126, 220, 240, 275, 283, 650, 692, 696] (54)
9 : [28, 149, 199, 295, 369, 388, 402, 624, 681, 774] (54)
10 : [40, 277, 400, 567, 581, 617, 676, 687, 799] (54)
11 : [48, 71, 83, 88, 89, 218, 278, 322, 381, 385, 511, 777] (55)
12 : [39, 109, 271, 287, 390, 471, 576, 577, 663] (55)
13 : [140, 192, 207, 247, 373, 537, 654] (58)
14 : [143, 151, 375, 395, 450, 456, 482, 597, 655, 695, 752, 756] (56)
15 : [4, 81, 142, 252, 279, 368, 416, 544, 547, 559, 753] (56)
16 : [122, 222, 337, 391, 475, 500, 606] (57)
17 : [30, 107, 193, 224, 312, 445, 486, 531, 659, 677, 770, 786] (57)
18 : [23, 54, 191, 447, 496, 546, 562, 571, 675] (58)
19 : [296, 321, 602, 604, 639, 683, 688, 747] (60)
20 : [59, 69, 159, 183, 274, 293, 338, 359, 454, 501, 506, 522, 668, 690, 698, 714] (59)
21 : [20, 67, 80, 234, 315, 408, 409, 540, 542, 627, 642, 715, 732] (59)
22 : [56, 124, 156, 309, 422, 492, 670, 769] (59)
23 : [37, 105, 146, 179, 724, 729, 775] (59)
24 : [35, 53, 64, 102, 281, 336, 473, 478, 554, 573, 589, 678, 760] (59)
25 : [186, 229, 508, 605, 638, 719, 763, 790] (61)
26 : [26, 167, 197, 203, 458, 568, 596, 626, 629, 686, 750] (62)
27 : [50, 65, 157, 228, 432, 449, 463, 625, 662, 772] (62)
28 : [249, 313, 331, 495, 550, 637, 722, 764] (62)
29 : [116, 161, 181, 435, 613, 647, 658, 671, 712] (63)
30 : [262, 300, 413, 468, 499, 560, 595, 623, 682, 708, 720, 757, 780] (62)
31 : [213, 255, 308, 431, 474, 586, 591, 628, 762] (64)
32 : [227, 263, 299, 354, 399, 407, 466, 657, 742] (63)
33 : [131, 294, 334, 339, 438, 532, 645, 725, 737] (64)
34 : [1, 11, 79, 125, 132, 133, 444, 514, 583, 735] (64)
35 : [42, 215, 288, 350, 541, 563, 781] (64)
36 : [10, 38, 47, 141, 205, 374, 423, 427, 484, 633, 641, 656, 727] (65)
37 : [160, 467, 487, 527, 611, 664, 666, 713, 755, 759] (66)
38 : [70, 75, 226, 230, 343, 494, 621, 669, 699, 748] (66)
39 : [12, 129, 319, 346, 352, 469, 502, 680] (67)
40 : [84, 364, 436, 465, 481, 503, 534, 582, 648, 728, 783] (66)
41 : [72, 121, 137, 190, 246, 316, 328, 592, 691] (67)
42 : [44, 96, 284, 292, 351, 490, 556, 705, 734] (66)
43 : [93, 154, 177, 180, 264, 329, 360, 480, 504, 509, 518, 660, 707, 716, 776] (67)
44 : [31, 182, 212, 216, 372, 397, 404, 520, 640, 730] (70)
45 : [25, 104, 144, 307, 398, 515, 590, 603, 761] (68)
46 : [9, 19, 21, 158, 173, 185, 195, 223, 348, 365, 411, 462, 618] (68)
47 : [237, 243, 273, 306, 344, 412, 440, 529, 684, 739] (69)
48 : [15, 43, 377, 384, 433, 498, 608] (69)
49 : [97, 127, 176, 256, 335, 345, 430, 667, 721] (69)
50 : [7, 123, 219, 254, 353, 453, 646, 694] (72)
51 : [57, 184, 225, 244, 297, 310, 332, 406, 512, 569, 584, 600, 635] (71)
52 : [14, 68, 196, 259, 282, 324, 356, 383, 535, 745, 795] (72)
53 : [128, 145, 170, 188, 238, 304, 442, 485, 516, 710, 758] (72)
54 : [98, 233, 245, 342, 599, 673, 798] (72)
55 : [76, 138, 198, 206, 318, 349, 405, 441, 593, 619, 701] (72)
56 : [63, 87, 148, 280, 290, 448, 525] (73)
57 : [22, 78, 231, 302, 386, 488, 632, 765] (73)
58 : [61, 150, 163, 169, 242, 323, 325, 437, 736] (72)
59 : [201, 272, 298, 358, 370, 418, 533, 561, 789] (71)
60 : [152, 178, 194, 317, 326, 526, 539, 580, 661, 751, 792] (72)
61 : [17, 209, 286, 392, 493, 636, 644] (73)
62 : [24, 100, 200, 211, 235, 270, 523, 548, 609, 653, 773, 796] (72)
63 : [13, 175, 210, 266, 363, 414, 419, 446, 505, 521, 679, 700, 767, 782, 788, 793] (72)
64 : [36, 49, 171, 202, 253, 276, 303, 564, 614, 672] (72)
65 : [94, 95, 103, 106, 115, 120, 380, 387, 403, 459, 549, 726, 778] (72)
66 : [3, 187, 291, 394, 483, 528, 555, 685, 711, 741] (76)
67 : [6, 34, 62, 99, 250, 477, 510, 558, 588, 594, 791] (75)
68 : [112, 139, 261, 357, 455, 460, 524, 552, 578, 652] (76)
69 : [135, 251, 327, 470, 507, 538, 575, 784] (76)
70 : [52, 90, 113, 265, 285, 451, 472, 570, 622] (77)
71 : [92, 101, 114, 155, 164, 214, 258, 382, 401, 429, 479, 513, 785] (76)
72 : [86, 118, 289, 601, 718] (78)
73 : [168, 320, 497, 551, 565, 579, 768, 779] (76)
74 : [29, 32, 241, 269, 355, 361, 553, 709, 731, 746] (76)
75 : [166, 236, 267, 421, 543, 598, 616, 651] (78)
76 : [2, 8, 111, 136, 248, 347, 376, 378, 457, 530, 585, 610, 649] (77)
77 : [74, 311, 379, 393, 434, 443, 464, 566, 631, 704, 754] (76)
78 : [46, 119, 239, 257, 314, 330, 439, 461, 643, 749, 787] (77)
79 : [41, 174, 204, 260, 268, 333, 452, 665] (75)
80 : [66, 85, 367, 396, 420, 536, 674, 743, 766] (76)
