Name: 800-50-80
Time: 24.353087663650513 
Result: 24
Solution:  2 34 74 66 15 5 69 46 75 38 36 31 39 68 51 51 6 58 0 46 21 44 57 17 63 45 28 7 13 74 18 46 74 3 66 22 64 21 36 13 7 80 34 55 41 2 76 35 11 63 27 4 69 24 15 0 22 50 9 20 0 59 70 53 22 27 78 19 50 20 37 13 41 4 80 37 56 9 56 31 21 13 5 9 36 79 73 55 10 10 72 6 75 42 65 67 39 49 53 63 59 73 25 65 45 23 67 16 8 12 5 77 69 72 69 62 31 5 72 78 65 40 15 47 21 32 10 51 53 39 2 32 35 31 0 70 77 44 54 69 12 37 13 16 47 52 22 4 56 11 57 14 63 1 46 71 23 27 46 20 37 30 2 61 72 7 75 25 74 61 49 61 2 47 80 60 52 42 58 20 43 30 45 20 54 44 29 63 56 0 38 18 18 18 54 48 51 26 55 8 61 62 62 27 76 39 53 13 1 61 68 62 42 28 71 31 43 3 10 49 8 7 18 46 16 52 39 34 25 22 36 55 1 54 20 64 74 47 55 78 8 77 58 50 53 52 42 12 73 27 67 67 13 64 50 28 50 76 71 52 80 68 30 35 40 70 62 71 78 73 60 9 57 45 20 10 64 5 12 12 51 26 55 6 40 68 58 15 36 65 53 64 45 20 31 9 19 47 61 36 29 4 56 63 53 1 43 42 31 24 46 77 18 28 78 21 40 61 55 41 73 19 10 57 53 56 60 71 39 43 77 28 49 77 32 48 26 16 20 34 3 11 52 35 46 49 39 77 47 54 32 43 40 52 34 74 47 69 60 23 45 74 4 60 37 47 3 79 16 10 60 1 43 14 38 10 77 52 77 80 59 11 73 48 44 10 57 68 11 2 13 17 62 77 66 14 78 43 48 35 10 72 9 65 42 55 50 35 18 21 3 46 48 26 61 5 16 1 59 61 80 72 20 35 1 1 2 35 4 68 51 33 26 52 76 31 40 55 33 78 47 56 52 75 38 17 62 16 54 29 14 71 80 52 19 67 12 75 26 65 68 79 51 27 77 38 29 40 35 39 67 13 72 25 32 18 4 68 21 71 43 41 13 66 36 51 18 37 54 1 44 10 21 62 34 28 19 76 44 27 16 18 39 41 43 63 21 70 25 39 69 11 51 70 35 48 55 0 40 7 45 60 18 65 66 57 59 37 66 47 76 18 30 57 40 50 78 15 70 59 20 36 21 75 12 5 19 16 66 67 29 76 73 74 23 64 42 4 66 14 29 62 22 32 63 71 77 7 26 50 66 18 2 25 8 68 12 11 69 73 61 14 40 39 52 76 34 3 65 23 47 33 42 54 67 29 26 10 80 59 48 72 19 46 23 24 17 3 48 60 76 35 5 33 65 0 77 10 45 55 3 39 70 27 8 25 26 21 33 27 2 79 59 33 9 50 57 28 25 21 45 32 20 79 59 33 52 31 36 72 7 75 69 62 12 15 36 34 28 18 45 58 27 13 37 79 37 49 21 35 22 29 63 56 80 17 9 16 22 63 38 11 28 19 47 67 32 8 18 6 18 40 6 6 50 13 9 0 21 36 61 55 5 1 77 46 1 41 25 76 53 66 32 35 21 21 41 2 71 26 28 49 30 3 23 32 63 33 43 23 44 72 19 4 41 34 58 34 4 51 0 67 29 78 5 50 73 16 38 73 28 56 14 14 77 37 14 29 55 38 25 41 29 24 27 58 80 62 74 24 18 7 29 66 8 24 43 10 64 68 30 33 60 40 70 71 18 75 63 64 26 70 63 60 3 48 63 6 59 10
0 : [18, 55, 60, 134, 189, 517, 615, 697, 740] (52)
1 : [153, 208, 232, 305, 371, 417, 424, 425, 489, 703, 706] (52)
2 : [0, 45, 130, 162, 172, 389, 426, 572, 630, 717] (53)
3 : [33, 217, 340, 366, 410, 587, 607, 620, 723, 794] (53)
4 : [51, 73, 147, 301, 362, 428, 476, 557, 733, 738] (53)
5 : [5, 82, 110, 117, 277, 415, 545, 612, 702, 744] (53)
6 : [16, 91, 283, 689, 692, 693, 797] (53)
7 : [27, 40, 165, 221, 519, 567, 650, 771] (54)
8 : [108, 199, 220, 240, 574, 624, 687, 774] (55)
9 : [58, 77, 83, 271, 295, 402, 634, 676, 696] (57)
10 : [88, 89, 126, 218, 275, 322, 369, 375, 385, 400, 491, 597, 617, 777, 799] (55)
11 : [48, 149, 341, 381, 388, 511, 577, 681] (56)
12 : [109, 140, 247, 278, 279, 456, 544, 576, 654] (55)
13 : [28, 39, 71, 81, 142, 207, 252, 390, 471, 482, 663, 695] (56)
14 : [151, 373, 395, 450, 559, 581, 752, 753, 756] (58)
15 : [4, 54, 122, 287, 537, 655] (59)
16 : [107, 143, 224, 337, 368, 416, 447, 500, 547, 677, 747] (55)
17 : [23, 391, 445, 606, 675] (57)
18 : [30, 191, 192, 193, 222, 312, 408, 475, 486, 501, 522, 531, 571, 659, 688, 690, 770, 786] (57)
19 : [67, 296, 321, 454, 496, 546, 602, 683, 732] (60)
20 : [59, 69, 159, 179, 183, 234, 274, 293, 338, 422, 540, 642] (59)
21 : [20, 37, 80, 124, 315, 409, 478, 492, 506, 542, 627, 639, 668, 698, 714, 715] (60)
22 : [35, 56, 64, 146, 229, 562, 670, 678] (60)
23 : [105, 156, 359, 554, 589, 604, 724, 729] (60)
24 : [53, 309, 605, 763, 769, 775] (63)
25 : [102, 167, 228, 473, 508, 573, 625, 638, 708, 760] (61)
26 : [197, 281, 336, 413, 432, 458, 568, 596, 626, 719, 790] (62)
27 : [50, 65, 157, 203, 249, 463, 499, 623, 629, 662, 764] (61)
28 : [26, 213, 255, 313, 331, 495, 637, 658, 682, 720, 750] (62)
29 : [186, 300, 449, 466, 550, 560, 595, 671, 742, 757, 762, 772] (62)
30 : [161, 181, 262, 532, 722, 780] (62)
31 : [11, 79, 116, 133, 215, 294, 308, 435, 647] (66)
32 : [125, 131, 334, 350, 474, 563, 641, 686, 712, 725] (63)
33 : [431, 438, 591, 613, 628, 633, 645, 727, 781] (60)
34 : [1, 42, 227, 339, 354, 494, 586, 657, 735, 737] (64)
35 : [47, 132, 263, 343, 399, 407, 423, 427, 468, 514, 611, 669, 713] (64)
36 : [10, 38, 84, 230, 288, 299, 484, 541, 648, 656, 699] (65)
37 : [70, 75, 141, 160, 364, 487, 527, 664, 666, 755] (66)
38 : [9, 190, 374, 444, 465, 680, 748, 759] (65)
39 : [12, 96, 129, 205, 226, 328, 346, 469, 502, 509, 583, 621] (66)
40 : [121, 264, 284, 316, 352, 436, 467, 518, 534, 582, 691, 783] (65)
41 : [44, 72, 319, 481, 503, 707, 716, 734, 761] (66)
42 : [93, 177, 212, 246, 307, 404, 556, 592] (69)
43 : [180, 216, 306, 329, 351, 372, 397, 480, 504, 728, 776] (69)
44 : [21, 137, 185, 384, 490, 498, 730] (72)
45 : [25, 104, 182, 273, 292, 360, 520, 618, 640, 660] (70)
46 : [7, 19, 31, 154, 158, 223, 310, 344, 411, 603, 705] (70)
47 : [123, 144, 173, 237, 297, 348, 356, 365, 440, 529, 590, 684] (70)
48 : [195, 335, 383, 398, 412, 515, 600, 608, 795] (71)
49 : [97, 170, 219, 332, 345, 667, 721] (71)
50 : [57, 68, 243, 254, 256, 406, 535, 569, 635, 694, 745] (71)
51 : [14, 15, 127, 196, 280, 430, 462, 485, 512, 739] (72)
52 : [145, 176, 225, 245, 259, 342, 353, 377, 433, 442, 453, 584, 646] (72)
53 : [63, 98, 128, 206, 244, 290, 304, 324, 710] (72)
54 : [138, 184, 194, 233, 349, 448, 488, 593] (72)
55 : [43, 87, 198, 231, 238, 282, 318, 405, 437, 516, 619, 701, 758] (72)
56 : [76, 78, 148, 188, 302, 325, 441, 673, 751] (72)
57 : [22, 150, 272, 323, 386, 525, 533, 636] (72)
58 : [17, 178, 242, 286, 661, 736, 765] (75)
59 : [61, 100, 380, 418, 526, 539, 599, 632, 644, 798] (75)
60 : [175, 270, 326, 358, 363, 370, 521, 609, 782, 793] (73)
61 : [163, 169, 171, 200, 209, 298, 317, 414, 419, 580, 700] (72)
62 : [115, 201, 202, 211, 266, 392, 446, 493, 561, 653, 767] (72)
63 : [24, 49, 99, 152, 187, 303, 505, 564, 672, 679, 726, 788, 792, 796] (72)
64 : [36, 235, 253, 276, 291, 555, 778, 789] (75)
65 : [94, 103, 120, 289, 403, 459, 523, 588, 614] (74)
66 : [3, 34, 394, 483, 524, 528, 548, 558, 570, 711, 773] (74)
67 : [95, 106, 250, 251, 455, 470, 549, 594, 685, 741] (74)
68 : [13, 210, 261, 285, 387, 429, 460, 477, 575, 779] (74)
69 : [6, 52, 112, 114, 139, 357, 510, 578, 652] (74)
70 : [62, 135, 265, 507, 513, 538, 622, 784, 791] (73)
71 : [155, 214, 258, 267, 327, 451, 479, 565, 718, 785] (74)
72 : [90, 113, 118, 164, 401, 421, 472, 601, 649, 731] (75)
73 : [86, 101, 248, 269, 320, 382, 552, 579, 746, 749] (76)
74 : [2, 29, 32, 168, 236, 355, 361, 553, 768] (74)
75 : [8, 92, 166, 443, 457, 543, 651, 787] (74)
76 : [46, 204, 257, 434, 497, 530, 551, 585, 610, 709] (76)
77 : [111, 136, 241, 311, 330, 333, 347, 376, 378, 393, 464, 566, 616, 704, 754] (75)
78 : [66, 119, 239, 268, 314, 396, 439, 536, 743] (75)
79 : [85, 367, 461, 631, 643, 665] (75)
80 : [41, 74, 174, 260, 379, 420, 452, 598, 674, 766] (75)
