Name: 800-20-30
Time: 24.067922592163086 
Result: 9
Solution:  40 29 44 19 55 9 20 59 72 26 38 42 12 60 38 60 24 46 0 46 19 47 40 79 72 62 22 60 36 28 62 58 28 80 71 74 39 0 54 18 61 4 49 69 38 43 1 72 77 70 16 55 64 74 1 18 42 22 52 26 19 57 31 37 63 40 37 10 25 13 63 33 13 60 50 39 0 49 59 56 46 29 5 22 32 51 14 75 24 34 37 42 2 18 15 73 35 54 39 33 32 30 9 5 59 19 42 28 53 52 18 33 35 3 73 57 18 38 56 66 42 18 9 72 52 45 47 43 59 56 53 63 28 22 56 23 17 49 68 0 8 71 9 12 6 62 19 0 53 60 54 62 28 61 41 56 25 33 73 69 35 64 58 42 12 59 70 61 33 11 69 23 24 80 43 29 40 19 4 67 27 53 77 60 48 6 52 34 41 80 51 8 32 26 77 17 5 72 4 42 32 62 27 58 29 5 77 77 53 78 58 25 5 61 11 63 67 46 58 29 4 75 57 1 23 10 21 60 65 34 69 56 74 47 32 75 53 54 33 65 22 4 70 6 15 79 76 22 59 78 36 59 57 72 30 42 53 80 61 34 14 78 27 65 15 63 6 56 72 67 59 55 12 28 70 48 14 48 21 64 57 0 64 23 76 78 32 17 78 39 34 77 40 15 61 24 79 52 70 13 69 19 43 79 2 65 7 66 0 78 51 72 45 36 77 11 63 1 14 7 32 22 75 20 68 55 5 13 74 40 15 35 34 70 25 74 2 62 74 3 15 80 30 45 25 1 8 44 78 38 7 12 64 4 61 48 75 31 30 47 49 67 61 17 35 2 47 52 39 55 15 31 45 17 22 50 41 56 14 43 1 10 68 15 54 28 64 0 72 8 12 52 1 40 21 46 9 30 34 50 45 25 5 16 20 41 58 55 20 59 25 40 50 28 11 39 80 73 10 20 26 4 78 73 3 63 69 67 72 8 2 10 47 32 43 56 56 75 50 60 51 15 59 76 69 46 37 19 49 27 24 16 78 68 21 19 76 25 26 30 20 14 68 29 66 35 68 48 50 44 80 12 37 32 74 43 4 34 68 40 33 2 13 4 21 13 50 57 23 46 11 13 31 76 7 44 63 17 2 21 41 22 5 57 79 15 21 71 2 43 63 52 3 55 67 39 18 28 71 65 78 35 62 78 68 76 41 24 57 20 48 29 29 35 13 74 52 75 65 70 17 78 9 26 49 31 33 74 7 51 0 36 48 27 14 30 78 7 72 76 46 75 13 19 55 76 37 68 36 41 48 56 19 18 62 62 29 51 20 52 58 79 17 12 67 53 51 70 70 13 36 28 12 54 46 73 23 73 44 13 24 42 36 10 45 5 34 33 0 77 66 5 31 18 74 38 7 55 55 45 8 70 71 4 52 51 70 71 15 69 20 3 25 49 48 54 0 47 17 41 8 64 1 30 3 10 24 28 63 79 24 26 40 19 15 70 71 50 12 31 41 43 37 27 27 53 30 33 3 65 65 69 4 29 51 10 52 34 23 16 73 79 52 64 25 9 68 45 41 21 71 74 52 2 33 30 31 62 14 44 3 75 66 46 46 43 60 42 43 17 79 76 79 54 2 70 59 9 14 28 26 16 66 43 26 45 49 20 39 37 25 24 47 29 71 31 37 34 32 58 47 63 9 47 57 55 70 9 38 42 40 8 29 58 14 7 51 27 4 42 53 36 3 52 11 28 45 68 58 45 14 56 1 64 17 64 79 29 35 32 20 67 63 17 50 44 3 27 8 67 66 13 9 20 61 27 38 39 80 16
0 : [18, 37, 76, 139, 147, 281, 308, 387, 550, 608, 636] (20)
1 : [46, 54, 223, 317, 345, 380, 392, 642, 772] (20)
2 : [92, 304, 336, 365, 430, 481, 498, 508, 693, 714] (20)
3 : [113, 339, 424, 512, 631, 644, 668, 700, 762, 786] (20)
4 : [41, 178, 198, 220, 241, 353, 421, 476, 483, 623, 672, 758] (21)
5 : [82, 103, 196, 205, 212, 326, 402, 502, 605, 611] (20)
6 : [144, 185, 243, 266] (20)
7 : [306, 319, 350, 494, 548, 557, 616, 755] (22)
8 : [140, 191, 346, 389, 429, 620, 640, 751, 788] (21)
9 : [5, 102, 122, 142, 396, 542, 685, 717, 742, 747, 792] (20)
10 : [67, 225, 381, 418, 431, 603, 645, 675] (22)
11 : [169, 214, 315, 414, 490, 764] (21)
12 : [12, 143, 164, 272, 351, 390, 471, 583, 592, 658] (22)
13 : [69, 72, 299, 327, 482, 485, 491, 534, 562, 589, 599, 791] (21)
14 : [86, 260, 276, 318, 378, 461, 554, 698, 718, 754, 770] (21)
15 : [94, 244, 264, 293, 330, 340, 370, 383, 441, 505, 628, 654] (22)
16 : [50, 403, 451, 679, 721, 799] (21)
17 : [136, 195, 287, 363, 373, 497, 540, 582, 638, 709, 774, 783] (21)
18 : [39, 55, 93, 110, 116, 121, 516, 573, 613] (21)
19 : [3, 20, 60, 105, 146, 177, 301, 447, 455, 563, 572, 653] (22)
20 : [6, 323, 404, 408, 419, 460, 529, 578, 630, 727, 780, 793] (22)
21 : [226, 278, 394, 454, 484, 499, 506, 689] (22)
22 : [26, 57, 83, 133, 240, 247, 321, 374, 501] (23)
23 : [135, 171, 224, 283, 488, 596, 678] (23)
24 : [16, 88, 172, 295, 450, 527, 600, 646, 650, 731] (23)
25 : [68, 156, 211, 334, 344, 401, 410, 457, 632, 684, 730] (23)
26 : [9, 59, 193, 420, 458, 543, 651, 720, 724] (23)
27 : [180, 202, 262, 449, 553, 663, 664, 757, 787, 795] (24)
28 : [29, 32, 107, 132, 152, 273, 385, 413, 517, 591, 647, 719, 765] (24)
29 : [1, 81, 175, 204, 219, 463, 531, 532, 576, 673, 733, 752, 777] (23)
30 : [101, 254, 342, 358, 397, 459, 555, 643, 666, 695] (24)
31 : [62, 357, 371, 492, 545, 612, 659, 696, 735] (24)
32 : [84, 100, 192, 200, 234, 286, 320, 433, 473, 738, 779] (24)
33 : [71, 99, 111, 157, 168, 238, 480, 546, 607, 667, 694] (24)
34 : [89, 187, 229, 259, 290, 332, 398, 477, 606, 677, 737] (25)
35 : [96, 112, 160, 331, 364, 465, 521, 533, 778] (24)
36 : [28, 250, 313, 551, 568, 590, 602, 761] (25)
37 : [63, 66, 90, 446, 472, 566, 662, 729, 736] (25)
38 : [10, 14, 44, 117, 349, 615, 748, 796] (24)
39 : [36, 75, 98, 289, 368, 415, 515, 728, 797] (24)
40 : [0, 22, 65, 176, 292, 329, 393, 411, 479, 652, 750] (24)
41 : [154, 188, 376, 405, 500, 526, 569, 639, 660, 688] (24)
42 : [11, 56, 91, 106, 120, 163, 199, 255, 601, 707, 749, 759] (24)
43 : [45, 127, 174, 302, 379, 434, 475, 509, 661, 705, 708, 723] (25)
44 : [2, 347, 469, 495, 598, 699, 785] (25)
45 : [125, 312, 343, 372, 400, 604, 619, 687, 725, 766, 769] (26)
46 : [17, 19, 80, 217, 395, 445, 489, 560, 594, 703, 704] (25)
47 : [21, 126, 233, 359, 366, 432, 637, 732, 740, 743] (26)
48 : [184, 275, 277, 355, 467, 530, 552, 570, 634] (25)
49 : [42, 77, 137, 360, 448, 544, 633, 726] (26)
50 : [74, 375, 399, 412, 438, 468, 486, 657, 784] (26)
51 : [85, 190, 310, 440, 549, 577, 586, 625, 674, 756] (26)
52 : [58, 109, 124, 186, 297, 367, 391, 511, 536, 579, 624, 676, 682, 692, 763] (26)
53 : [108, 130, 148, 181, 208, 236, 256, 585, 665, 760] (26)
54 : [38, 97, 150, 237, 384, 593, 635, 713] (27)
55 : [4, 51, 271, 325, 369, 407, 513, 564, 617, 618, 745] (27)
56 : [79, 118, 129, 134, 155, 231, 267, 377, 435, 436, 571, 771] (27)
57 : [61, 115, 222, 252, 280, 487, 503, 528, 744] (27)
58 : [31, 162, 203, 210, 218, 406, 580, 739, 753, 768] (27)
59 : [7, 78, 104, 128, 165, 248, 251, 270, 409, 442, 716] (27)
60 : [13, 15, 27, 73, 149, 183, 227, 439, 706] (27)
61 : [40, 153, 167, 213, 258, 294, 354, 362, 794] (27)
62 : [25, 30, 145, 151, 201, 337, 522, 574, 575, 697] (28)
63 : [64, 70, 131, 215, 265, 316, 425, 496, 510, 648, 741, 782] (27)
64 : [52, 161, 279, 282, 352, 386, 641, 683, 773, 775] (27)
65 : [228, 239, 263, 305, 519, 538, 669, 670] (27)
66 : [119, 307, 464, 610, 702, 722, 790] (28)
67 : [179, 216, 269, 361, 427, 514, 584, 781, 789] (28)
68 : [138, 324, 382, 453, 462, 466, 478, 524, 567, 686, 767] (28)
69 : [43, 159, 170, 230, 300, 426, 444, 629, 671] (28)
70 : [49, 166, 242, 274, 298, 333, 539, 587, 588, 621, 626, 655, 715, 746] (28)
71 : [34, 141, 507, 518, 622, 627, 656, 690, 734] (29)
72 : [8, 24, 47, 123, 197, 253, 268, 311, 388, 428, 558] (29)
73 : [95, 114, 158, 417, 423, 595, 597, 680] (29)
74 : [35, 53, 232, 328, 335, 338, 474, 535, 547, 614, 691] (29)
75 : [87, 221, 235, 322, 356, 437, 537, 561, 701] (28)
76 : [246, 284, 443, 456, 493, 525, 559, 565, 711] (29)
77 : [48, 182, 194, 206, 207, 291, 314, 609] (29)
78 : [209, 249, 261, 285, 288, 309, 348, 422, 452, 520, 523, 541, 556] (29)
79 : [23, 245, 296, 303, 504, 581, 649, 681, 710, 712, 776] (29)
80 : [33, 173, 189, 257, 341, 416, 470, 798] (29)
