Name: 800-50-80
Time: 24.089155912399292 
Result: 24
Solution:  6 34 76 72 17 5 67 46 79 43 36 31 40 63 54 48 6 59 0 47 21 44 57 18 61 44 29 5 13 71 19 46 72 4 66 23 64 21 35 13 8 78 35 52 42 3 78 37 15 62 29 3 68 23 18 0 22 47 7 20 3 56 69 56 28 29 79 19 50 23 40 13 41 5 80 38 56 9 58 33 22 13 2 10 41 79 72 55 9 12 72 6 75 41 64 65 38 51 52 64 55 72 27 67 45 23 67 17 7 12 3 76 68 69 66 61 26 4 72 78 65 40 17 47 20 31 10 52 53 39 4 31 33 31 0 70 80 45 55 68 11 36 17 14 45 55 25 3 57 6 59 14 63 1 43 74 22 31 45 19 36 29 2 63 72 7 74 22 75 64 53 60 4 47 78 60 48 49 58 21 40 35 44 20 51 46 25 65 52 1 37 19 13 18 54 49 52 26 57 8 56 61 64 27 80 37 53 13 3 60 63 62 44 30 75 36 43 5 10 50 13 9 16 49 16 53 38 31 30 22 36 55 1 56 20 62 74 46 55 80 8 76 58 47 53 54 42 15 73 31 67 67 13 66 53 31 49 78 71 54 80 69 31 33 44 77 62 72 79 73 62 10 56 43 19 10 64 4 10 15 55 26 55 5 41 70 58 12 37 65 53 63 42 19 34 9 17 46 59 33 30 2 56 62 53 4 41 44 31 23 48 78 18 30 78 20 40 57 56 40 73 17 11 56 53 54 61 69 38 46 75 28 49 78 32 48 26 15 22 34 4 7 55 38 46 49 39 77 46 54 33 42 36 51 31 74 47 72 59 20 43 75 4 62 41 44 9 76 15 9 57 2 46 12 38 10 77 47 78 77 63 11 73 49 47 10 60 66 9 4 11 16 61 77 66 14 79 45 48 31 12 72 10 64 45 55 51 32 20 21 5 49 48 27 60 5 15 1 58 61 80 73 21 35 0 3 3 33 4 67 53 33 27 53 77 34 41 58 33 80 48 54 56 75 38 16 62 18 56 28 15 70 80 52 20 69 14 76 26 65 70 80 47 27 77 38 32 37 33 39 68 15 72 24 30 15 3 68 25 70 43 41 14 66 36 50 16 36 57 2 43 10 21 62 36 27 21 76 50 27 16 19 41 40 43 64 21 69 25 43 72 13 51 71 31 48 55 1 41 4 48 60 18 62 66 57 60 38 67 50 79 24 26 57 37 50 80 13 70 59 21 35 21 76 12 5 19 15 62 67 22 74 72 75 25 64 42 4 67 17 29 61 16 32 62 71 77 10 26 56 66 19 2 23 7 68 15 12 68 75 61 12 41 37 51 78 32 5 65 23 44 32 41 51 67 30 26 10 75 56 50 71 19 45 19 24 18 2 48 61 75 37 5 33 66 0 73 9 47 56 2 38 71 27 9 29 25 23 31 26 3 77 58 33 10 52 60 28 24 21 48 32 20 79 57 32 52 30 40 74 7 76 70 62 11 15 37 30 28 15 43 58 29 12 35 80 37 49 20 37 25 30 65 54 80 14 8 15 27 63 39 9 28 18 47 73 27 8 18 4 19 39 6 3 51 13 12 0 20 36 60 54 6 0 77 43 1 45 26 76 53 66 29 33 20 22 41 0 71 25 29 50 28 4 27 32 65 35 39 23 42 73 19 4 39 34 58 35 8 45 0 68 32 80 1 51 72 20 39 77 27 60 14 14 80 38 14 29 52 38 23 42 30 25 25 59 80 60 73 24 19 7 28 62 9 25 42 10 65 71 31 34 65 38 69 69 15 78 59 58 27 67 61 63 5 47 60 7 56 10
0 : [18, 55, 134, 424, 615, 697, 703, 717, 740] (53)
1 : [153, 189, 232, 417, 517, 706, 744] (55)
2 : [82, 162, 301, 371, 489, 572, 607, 620] (54)
3 : [45, 51, 60, 110, 147, 208, 425, 426, 476, 630, 693] (54)
4 : [33, 117, 130, 172, 277, 305, 340, 362, 389, 428, 519, 557, 689, 723, 733] (54)
5 : [5, 27, 73, 217, 283, 410, 415, 545, 587, 612, 794] (54)
6 : [0, 16, 91, 149, 692, 702] (54)
7 : [58, 108, 165, 341, 574, 650, 771, 797] (53)
8 : [40, 199, 240, 676, 687, 738] (54)
9 : [77, 88, 221, 295, 366, 369, 388, 617, 624, 681, 774] (54)
10 : [83, 126, 218, 271, 275, 278, 375, 385, 402, 491, 567, 597, 634, 777, 799] (53)
11 : [140, 322, 381, 390, 654] (54)
12 : [89, 109, 287, 373, 400, 544, 577, 581, 663, 696] (55)
13 : [28, 39, 71, 81, 192, 207, 220, 252, 511, 537, 695] (54)
14 : [143, 151, 395, 456, 482, 675, 752, 753, 756] (55)
15 : [48, 247, 279, 337, 368, 416, 450, 471, 475, 547, 576, 655, 659, 677, 786] (54)
16 : [222, 224, 391, 445, 486, 500, 562] (57)
17 : [4, 107, 122, 142, 296, 321, 559] (58)
18 : [23, 54, 193, 312, 447, 522, 606, 683, 688] (58)
19 : [30, 67, 159, 191, 274, 293, 501, 546, 571, 602, 604, 690, 732, 770] (63)
20 : [59, 124, 183, 234, 315, 359, 408, 454, 642, 668, 698, 714, 747] (60)
21 : [20, 37, 179, 409, 422, 492, 496, 506, 540, 542, 639] (60)
22 : [56, 80, 156, 167, 229, 338, 550, 715] (60)
23 : [35, 53, 69, 105, 309, 573, 589, 627, 729, 760] (57)
24 : [473, 531, 605, 638, 769] (62)
25 : [146, 186, 478, 508, 554, 626, 670, 719, 763, 764, 775] (61)
26 : [116, 197, 281, 336, 458, 532, 568, 596, 629, 708] (62)
27 : [102, 203, 413, 432, 463, 495, 499, 623, 678, 686, 724, 750, 790] (62)
28 : [64, 331, 449, 637, 658, 682, 722, 772] (61)
29 : [26, 50, 65, 161, 560, 625, 662, 712, 720, 757] (62)
30 : [213, 228, 300, 313, 474, 595, 647, 657, 671, 762] (62)
31 : [11, 125, 131, 133, 157, 227, 249, 255, 262, 308, 354, 399, 514, 628, 780] (63)
32 : [334, 407, 466, 563, 586, 591, 641, 645, 725, 742] (64)
33 : [79, 132, 263, 299, 350, 427, 431, 438, 468, 613, 633, 713] (66)
34 : [1, 294, 339, 435, 735, 781] (68)
35 : [38, 42, 181, 423, 541, 664, 727, 737] (66)
36 : [10, 141, 160, 215, 230, 352, 484, 487, 494, 699] (66)
37 : [47, 190, 205, 288, 467, 534, 583, 611, 656, 666, 669] (66)
38 : [75, 96, 226, 328, 343, 374, 444, 465, 527, 621, 755, 759, 783] (66)
39 : [129, 346, 469, 680, 691, 728, 734, 748] (69)
40 : [12, 70, 121, 180, 316, 319, 503, 648] (68)
41 : [72, 84, 93, 284, 306, 364, 436, 481, 502, 518, 582, 592, 716] (68)
42 : [44, 246, 292, 351, 556, 730, 761, 776] (69)
43 : [9, 154, 216, 273, 360, 480, 490, 504, 509, 660, 705] (68)
44 : [21, 25, 182, 212, 264, 307, 365, 590] (70)
45 : [104, 137, 144, 158, 397, 404, 603, 707, 739] (69)
46 : [7, 31, 185, 237, 297, 329, 344, 348, 372] (70)
47 : [19, 57, 123, 173, 243, 356, 377, 384, 462, 618, 684, 795] (70)
48 : [15, 176, 310, 335, 398, 412, 440, 515, 520, 608, 640] (70)
49 : [177, 195, 223, 256, 332, 345, 383, 411, 667] (70)
50 : [68, 219, 485, 498, 529, 535, 600, 721] (70)
51 : [97, 184, 353, 406, 512, 584, 593, 694, 745] (71)
52 : [43, 98, 127, 188, 196, 453, 635, 646, 758] (70)
53 : [128, 170, 206, 225, 244, 254, 290, 304, 324, 430, 433, 710] (70)
54 : [14, 194, 245, 259, 325, 349, 441, 673, 701] (71)
55 : [87, 100, 138, 145, 231, 238, 280, 282, 342, 405, 516] (70)
56 : [61, 63, 76, 200, 233, 272, 302, 318, 323, 442, 448, 569, 599, 619, 798] (70)
57 : [22, 148, 198, 317, 370, 488, 525, 533, 644] (70)
58 : [78, 178, 242, 286, 418, 437, 632, 661, 736, 789] (70)
59 : [17, 150, 298, 358, 539, 765, 788] (70)
60 : [171, 175, 209, 386, 414, 521, 526, 636, 700, 751, 767, 796] (71)
61 : [24, 115, 201, 326, 392, 419, 561, 580, 609, 792] (71)
62 : [49, 211, 235, 266, 270, 303, 363, 446, 493, 523, 548, 564, 653, 773] (74)
63 : [13, 152, 163, 210, 291, 380, 679, 793] (75)
64 : [36, 94, 99, 169, 202, 276, 403, 505, 555] (73)
65 : [95, 120, 187, 289, 459, 588, 672, 726, 778, 782] (73)
66 : [34, 114, 253, 387, 394, 483, 524, 570, 614, 711] (74)
67 : [6, 103, 106, 250, 251, 429, 528, 549, 558, 594, 791] (74)
68 : [52, 112, 139, 470, 477, 575, 578, 741] (75)
69 : [62, 113, 261, 327, 455, 507, 784, 785] (77)
70 : [135, 285, 451, 460, 479, 538, 652] (75)
71 : [29, 258, 513, 565, 601, 622, 718, 779] (77)
72 : [3, 32, 86, 90, 101, 118, 164, 267, 357, 401, 472, 510, 552, 746] (75)
73 : [248, 269, 320, 382, 421, 616, 685, 731, 768] (76)
74 : [155, 166, 236, 355, 551, 649] (77)
75 : [92, 168, 214, 330, 361, 443, 553, 579, 598, 610] (76)
76 : [2, 111, 241, 367, 457, 497, 543, 651, 709] (76)
77 : [265, 347, 376, 379, 393, 434, 464, 566, 631, 704, 749] (76)
78 : [41, 46, 119, 174, 257, 311, 314, 333, 378, 585, 787] (76)
79 : [8, 66, 85, 268, 396, 530, 643] (76)
80 : [74, 136, 204, 239, 260, 420, 439, 452, 461, 536, 665, 674, 743, 754, 766] (74)
