Name: 800-40-60
Time: 24.104215145111084 
Result: 18
Solution:  45 39 5 73 20 10 46 53 34 42 51 5 20 66 42 16 35 24 67 24 54 1 75 67 6 47 49 61 71 2 32 34 26 28 20 58 77 27 1 8 2 71 8 21 69 54 51 80 26 47 22 65 22 17 23 31 40 45 33 75 66 64 52 34 41 36 76 13 19 23 35 25 14 71 34 15 4 10 72 72 21 56 74 20 11 63 51 13 62 2 44 47 63 13 66 12 53 11 70 8 9 63 18 45 35 1 23 15 60 11 39 17 13 6 17 53 67 39 61 78 53 56 14 29 31 6 27 38 77 68 19 73 55 24 36 19 15 60 27 74 49 73 59 9 54 2 74 40 56 54 67 31 80 41 73 47 35 27 71 16 29 36 28 65 31 47 69 43 39 62 26 78 41 66 61 73 25 35 2 48 56 21 63 73 52 15 59 59 46 80 58 68 74 0 76 7 47 40 45 55 13 64 40 50 0 20 71 10 80 49 19 34 64 10 67 80 40 75 72 36 27 51 12 54 12 30 62 23 73 2 45 24 66 45 49 49 51 73 0 44 22 21 42 41 38 32 7 71 29 2 9 63 50 77 37 61 79 8 48 70 30 51 35 7 66 14 18 64 11 2 76 54 49 77 35 80 22 12 62 54 34 2 21 35 21 22 55 3 27 63 62 61 58 56 41 2 25 68 10 24 6 73 30 47 28 32 28 57 26 40 4 21 43 8 40 26 13 11 32 17 57 40 6 21 59 32 32 11 50 23 50 5 37 73 21 40 33 14 48 76 47 54 9 4 2 64 55 51 33 75 75 15 34 9 18 21 40 21 13 60 0 61 2 34 77 9 43 22 25 14 9 69 43 46 2 27 15 54 37 37 7 57 70 72 2 42 44 24 78 41 21 4 28 32 9 13 58 72 67 8 14 29 53 25 76 64 61 14 3 2 19 3 72 55 11 62 18 0 22 79 55 73 49 70 38 29 16 64 3 71 20 71 4 52 5 46 33 34 67 52 76 7 74 79 45 11 64 77 58 41 14 51 56 39 26 3 29 7 34 57 31 21 60 16 59 44 45 24 36 29 56 17 4 34 21 32 23 63 61 59 39 62 12 27 6 45 15 75 15 19 25 52 28 23 55 21 27 20 77 52 42 60 78 38 33 29 70 65 77 28 33 43 30 77 14 8 70 48 60 36 62 37 14 32 7 29 29 38 16 44 77 8 76 57 2 28 69 61 34 45 70 80 24 74 14 18 50 22 45 55 15 71 79 73 54 32 26 40 22 15 45 27 16 64 31 54 44 46 10 46 35 80 0 35 56 47 9 75 69 34 65 15 64 60 29 40 78 40 15 78 22 49 45 70 30 78 47 10 23 25 24 56 38 1 46 7 51 57 15 38 48 62 9 76 41 58 17 17 62 11 5 67 24 15 40 42 69 45 73 55 3 68 47 57 55 77 54 31 52 32 60 60 1 10 59 65 29 18 72 2 46 72 14 76 75 49 12 38 38 42 55 9 80 68 74 59 18 37 9 26 42 59 69 71 32 30 40 64 65 36 75 75 58 38 7 44 4 22 41 8 12 64 71 41 36 36 37 68 0 80 51 78 52 48 70 78 71 26 57 40 62 68 36 37 54 21 55 70 74 43 0 31 15 25 71 25 64 1 14 46 41 37 65 21 47 53 30 57 66 60 0 18 22 3 51 17 74 28 60 62 68 12 13 50 53 22 80 29 56 64 7 7 13 55 60 33 5 68 50 39 59 37 32 69 11 17 79 50 26 48 61 75 52 42 3 20 68 79 59 15 12 1 62 47 67 3 53 56 48 77
0 : [193, 204, 238, 360, 417, 572, 698, 720, 740] (41)
1 : [21, 38, 105, 603, 642, 727, 791] (40)
2 : [29, 40, 89, 145, 178, 229, 249, 269, 281, 295, 344, 362, 374, 384, 409, 534, 649] (41)
3 : [287, 408, 411, 428, 455, 630, 743, 784, 795] (41)
4 : [76, 310, 343, 391, 432, 472, 686] (40)
5 : [2, 11, 331, 434, 620, 766] (43)
6 : [24, 113, 125, 300, 322, 484] (43)
7 : [195, 246, 263, 380, 441, 457, 524, 605, 684, 760, 761] (42)
8 : [39, 42, 99, 257, 313, 399, 515, 531, 689] (40)
9 : [100, 143, 250, 342, 353, 365, 370, 394, 576, 612, 661, 668] (44)
10 : [5, 77, 207, 213, 298, 568, 597, 643] (43)
11 : [84, 97, 109, 268, 317, 327, 414, 445, 619, 774] (42)
12 : [95, 222, 224, 277, 482, 656, 690, 751, 790] (43)
13 : [67, 87, 93, 112, 200, 316, 358, 395, 752, 762] (44)
14 : [72, 122, 265, 337, 369, 400, 407, 450, 514, 522, 544, 652, 728] (44)
15 : [75, 107, 136, 185, 351, 376, 486, 488, 550, 559, 581, 588, 608, 623, 722, 789] (44)
16 : [15, 159, 426, 463, 528, 562] (46)
17 : [53, 111, 114, 319, 471, 616, 617, 745, 775] (45)
18 : [102, 266, 354, 416, 545, 647, 666, 741] (46)
19 : [68, 130, 135, 210, 410, 489] (47)
20 : [4, 12, 34, 83, 205, 430, 497, 785] (46)
21 : [43, 80, 181, 241, 282, 284, 311, 323, 334, 355, 357, 390, 461, 474, 495, 715, 733] (46)
22 : [50, 52, 240, 276, 285, 367, 418, 547, 558, 590, 687, 742, 755] (46)
23 : [54, 69, 106, 227, 329, 476, 493, 598] (46)
24 : [17, 19, 133, 231, 299, 387, 467, 542, 600, 622] (46)
25 : [71, 176, 296, 368, 403, 490, 599, 723, 725] (47)
26 : [32, 48, 170, 308, 315, 454, 556, 669, 707, 778] (46)
27 : [37, 126, 138, 157, 220, 288, 375, 483, 496, 561] (46)
28 : [33, 162, 304, 306, 392, 492, 509, 535, 747] (47)
29 : [123, 160, 248, 401, 425, 456, 469, 505, 525, 526, 584, 646, 757] (48)
30 : [225, 260, 302, 512, 594, 675, 736] (47)
31 : [55, 124, 151, 164, 460, 564, 637, 721] (47)
32 : [30, 245, 305, 318, 325, 326, 393, 475, 523, 555, 639, 674, 772] (47)
33 : [58, 336, 348, 436, 504, 510, 765] (48)
34 : [8, 31, 63, 74, 211, 280, 352, 363, 437, 458, 473, 538, 579] (47)
35 : [16, 70, 104, 156, 177, 262, 274, 283, 570, 573] (48)
36 : [65, 134, 161, 219, 468, 519, 679, 694, 695, 712] (48)
37 : [254, 332, 378, 379, 521, 667, 696, 713, 731, 771] (49)
38 : [127, 244, 424, 503, 527, 602, 609, 657, 658, 683] (49)
39 : [1, 110, 117, 168, 453, 480, 769] (50)
40 : [56, 147, 197, 202, 216, 309, 314, 321, 335, 356, 557, 585, 587, 624, 676, 709] (50)
41 : [64, 153, 172, 243, 294, 389, 449, 614, 688, 693, 730] (51)
42 : [9, 14, 242, 385, 500, 625, 659, 670, 783] (51)
43 : [167, 312, 366, 372, 511, 719] (54)
44 : [90, 239, 386, 465, 529, 566, 685] (51)
45 : [0, 57, 103, 198, 230, 233, 444, 466, 485, 539, 548, 560, 592, 627] (51)
46 : [6, 188, 373, 435, 567, 569, 604, 650, 729] (52)
47 : [25, 49, 91, 155, 165, 196, 303, 340, 575, 596, 632, 734, 793] (51)
48 : [179, 258, 338, 517, 610, 703, 779, 798] (52)
49 : [26, 140, 209, 234, 235, 272, 422, 591, 655] (53)
50 : [203, 252, 328, 330, 546, 753, 768, 777] (52)
51 : [10, 46, 86, 221, 236, 261, 347, 451, 606, 700, 744] (52)
52 : [62, 184, 433, 439, 491, 499, 638, 702, 782] (53)
53 : [7, 96, 115, 120, 402, 735, 754, 796] (53)
54 : [20, 45, 144, 149, 223, 271, 279, 341, 377, 554, 565, 636, 714] (54)
55 : [132, 199, 286, 346, 413, 420, 494, 549, 629, 634, 660, 716, 763] (53)
56 : [81, 121, 148, 180, 293, 452, 470, 574, 601, 758, 797] (54)
57 : [307, 320, 381, 459, 533, 607, 633, 708, 737] (54)
58 : [35, 190, 292, 396, 448, 615, 682] (54)
59 : [142, 186, 187, 324, 464, 479, 644, 665, 671, 770, 788] (54)
60 : [108, 137, 359, 462, 501, 518, 583, 640, 641, 739, 748, 764] (55)
61 : [27, 118, 174, 255, 291, 361, 406, 478, 537, 780] (54)
62 : [88, 169, 226, 278, 290, 415, 481, 520, 611, 618, 710, 749, 792] (55)
63 : [85, 92, 101, 182, 251, 289, 477] (56)
64 : [61, 201, 212, 267, 345, 405, 427, 446, 563, 582, 677, 691, 726, 759] (56)
65 : [51, 163, 507, 580, 645, 678, 732] (57)
66 : [13, 60, 94, 173, 232, 264, 738] (57)
67 : [18, 23, 116, 150, 214, 398, 438, 621, 794] (56)
68 : [129, 191, 297, 631, 663, 697, 711, 750, 767, 786] (57)
69 : [44, 166, 371, 536, 578, 626, 672, 773] (57)
70 : [98, 259, 382, 423, 506, 516, 540, 593, 704, 717] (58)
71 : [28, 41, 73, 158, 206, 247, 429, 431, 551, 673, 692, 706, 724] (56)
72 : [78, 79, 218, 383, 397, 412, 648, 651] (57)
73 : [3, 131, 141, 154, 175, 183, 228, 237, 301, 333, 421, 553, 628] (57)
74 : [82, 139, 146, 192, 442, 543, 664, 718, 746] (57)
75 : [22, 59, 217, 349, 350, 487, 577, 654, 680, 681, 781] (57)
76 : [66, 194, 270, 339, 404, 440, 532, 613, 653] (58)
77 : [36, 128, 253, 273, 364, 447, 498, 508, 513, 530, 635, 799] (58)
78 : [119, 171, 388, 502, 586, 589, 595, 701, 705] (58)
79 : [256, 419, 443, 552, 776, 787] (58)
80 : [47, 152, 189, 208, 215, 275, 541, 571, 662, 699, 756] (58)
