Name: 800-30-45
Time: 24.064030170440674 
Result: 14
Solution:  33 49 45 20 65 18 71 68 37 1 34 39 40 5 60 22 77 6 4 36 44 1 46 74 67 78 37 6 54 2 43 45 26 62 9 4 56 27 11 54 42 6 79 17 70 78 37 78 48 6 10 40 13 1 14 68 32 73 74 32 53 4 57 13 21 59 2 48 26 75 21 74 30 76 3 15 38 7 69 23 77 36 65 53 47 69 64 31 66 27 18 10 77 80 29 80 63 10 60 6 45 13 9 65 36 6 76 17 60 37 58 38 61 55 60 9 26 35 5 77 38 44 26 64 19 48 16 52 36 14 47 71 4 1 42 7 41 18 14 69 8 65 23 36 43 44 60 24 20 17 77 76 32 65 5 40 30 7 51 51 19 65 70 17 63 49 80 17 32 77 51 48 0 70 52 37 37 20 39 62 4 43 49 18 26 11 73 29 49 31 50 16 63 44 13 11 48 37 45 76 46 63 13 64 59 58 74 27 37 63 8 49 30 77 33 22 72 80 43 52 3 4 78 60 64 53 36 44 4 71 78 64 79 32 62 73 68 3 21 9 76 44 72 60 72 28 64 67 67 79 13 23 12 5 18 79 61 72 14 44 16 43 57 68 28 47 75 29 49 27 55 66 49 8 46 61 9 79 38 32 42 58 36 44 26 25 32 80 50 25 59 30 74 68 14 7 74 60 6 41 56 57 37 43 6 65 77 61 30 24 1 47 53 50 46 30 66 7 55 39 8 9 46 29 23 7 69 20 34 74 22 67 77 21 2 70 49 62 66 30 11 35 24 26 60 19 41 58 7 35 1 33 3 69 31 55 75 64 51 36 47 45 29 51 12 41 8 69 64 50 22 71 52 8 25 13 21 80 76 48 12 68 54 4 80 75 61 66 28 49 56 70 39 38 50 31 61 68 31 31 45 29 69 26 54 52 53 56 38 26 74 19 78 4 41 39 30 23 49 14 15 19 48 71 16 35 39 53 46 73 20 80 76 47 72 49 54 8 27 35 56 17 0 36 71 56 0 1 52 59 37 39 43 23 14 80 55 10 40 57 42 11 8 13 30 69 76 74 70 5 32 54 60 19 31 62 40 64 34 23 52 66 33 4 28 71 33 78 11 10 25 29 58 4 64 38 76 55 17 63 34 51 20 67 59 60 2 19 25 10 28 57 54 15 19 70 5 25 29 33 53 20 2 28 51 4 80 70 51 20 29 12 58 70 35 54 41 24 80 77 37 53 34 38 35 66 79 21 77 14 20 33 28 47 66 10 50 47 31 62 23 42 68 33 3 39 15 48 18 15 64 48 27 28 52 45 14 72 10 41 5 8 41 6 52 35 55 3 43 73 24 34 67 1 23 24 66 69 57 76 49 29 30 3 15 18 36 24 25 32 11 69 75 0 23 42 19 13 15 11 38 18 73 74 19 0 16 62 78 14 57 78 32 43 46 35 79 45 16 75 24 54 52 49 56 2 43 50 54 24 35 1 24 46 79 66 19 65 51 21 26 12 16 27 27 19 68 72 73 52 38 52 41 40 15 44 59 35 66 17 28 34 39 15 4 0 17 1 71 37 28 43 55 73 17 54 51 22 63 53 39 9 18 27 11 67 63 65 55 59 21 70 24 53 28 75 45 34 47 66 70 54 15 10 30 62 69 18 14 17 7 65 42 10 9 70 59 50 1 3 28 61 2 59 63 45 58 74 22 26 72 40 44 7 9 50 43 70 18 26 45 49 46 11 2 3 13 11 65 69 37 40 78 2 23 36 70 0 51 65 56 77 50 26 12 51 61 25 28 5 21 18 16 67 58 0 6 77 57 73
0 : [172, 442, 446, 613, 625, 685, 777, 795] (31)
1 : [9, 21, 53, 133, 310, 350, 447, 593, 651, 687, 738] (31)
2 : [29, 66, 334, 506, 522, 645, 742, 764, 773] (31)
3 : [74, 220, 237, 352, 564, 587, 603, 739, 765] (33)
4 : [18, 35, 61, 132, 180, 221, 228, 383, 413, 483, 493, 525, 684] (31)
5 : [13, 118, 154, 253, 469, 516, 580, 789] (32)
6 : [17, 27, 41, 49, 99, 105, 298, 304, 583, 796] (33)
7 : [77, 135, 157, 295, 317, 325, 348, 730, 753] (34)
8 : [140, 210, 273, 320, 366, 373, 437, 462, 581] (33)
9 : [34, 102, 115, 239, 276, 321, 701, 734, 754] (35)
10 : [50, 91, 97, 457, 489, 509, 555, 578, 723, 733] (35)
11 : [38, 185, 195, 340, 461, 488, 610, 619, 704, 763, 767] (35)
12 : [252, 364, 380, 531, 661, 784] (36)
13 : [52, 63, 101, 194, 202, 250, 375, 463, 617, 766] (34)
14 : [54, 129, 138, 258, 294, 419, 454, 549, 576, 629, 728] (35)
15 : [75, 420, 513, 566, 569, 604, 618, 674, 683, 722] (35)
16 : [126, 191, 260, 424, 626, 638, 662, 792] (35)
17 : [43, 107, 149, 163, 167, 441, 498, 679, 686, 694, 729] (35)
18 : [5, 90, 137, 183, 254, 568, 605, 621, 702, 727, 758, 791] (34)
19 : [124, 160, 345, 411, 421, 473, 507, 514, 616, 624, 656, 665] (34)
20 : [3, 148, 177, 327, 430, 502, 521, 529, 550] (34)
21 : [64, 70, 238, 333, 376, 547, 659, 710, 790] (34)
22 : [15, 215, 330, 370, 697, 748] (34)
23 : [79, 142, 251, 324, 417, 453, 479, 560, 594, 614, 774] (34)
24 : [147, 309, 342, 537, 590, 595, 607, 640, 649, 652, 712] (35)
25 : [285, 289, 374, 490, 508, 517, 608, 787] (34)
26 : [32, 68, 116, 122, 184, 284, 343, 403, 409, 660, 749, 759, 783] (35)
27 : [37, 89, 207, 269, 438, 572, 663, 664, 703] (35)
28 : [245, 264, 388, 484, 510, 523, 552, 573, 680, 690, 714, 740, 788] (35)
29 : [94, 187, 267, 323, 362, 401, 491, 518, 530, 601] (35)
30 : [72, 156, 212, 291, 308, 315, 339, 416, 464, 602, 724] (36)
31 : [87, 189, 354, 395, 398, 399, 474, 558] (37)
32 : [56, 59, 152, 168, 233, 279, 286, 470, 609, 632] (38)
33 : [0, 214, 351, 482, 486, 519, 551, 563] (37)
34 : [10, 328, 478, 500, 542, 591, 681, 717] (38)
35 : [117, 341, 349, 425, 439, 534, 544, 585, 635, 650, 677] (38)
36 : [19, 81, 104, 128, 143, 226, 282, 359, 443, 606, 775] (38)
37 : [8, 26, 46, 109, 175, 176, 197, 208, 302, 450, 540, 689, 770] (38)
38 : [76, 111, 120, 278, 393, 408, 495, 543, 620, 670] (38)
39 : [11, 178, 319, 392, 415, 426, 451, 565, 682, 700] (40)
40 : [12, 51, 155, 458, 476, 673, 751, 771] (41)
41 : [136, 299, 346, 365, 414, 536, 579, 582, 672] (41)
42 : [40, 134, 280, 460, 561, 615, 732] (40)
43 : [30, 144, 181, 218, 261, 303, 452, 588, 633, 646, 691, 756] (40)
44 : [20, 121, 145, 193, 227, 241, 259, 283, 675, 752] (40)
45 : [2, 31, 100, 198, 361, 400, 575, 637, 716, 745, 760] (40)
46 : [22, 200, 274, 314, 322, 428, 634, 653, 762] (41)
47 : [84, 130, 265, 311, 360, 433, 553, 557, 718] (40)
48 : [48, 67, 125, 171, 196, 379, 422, 567, 571] (41)
49 : [1, 165, 182, 188, 211, 268, 272, 336, 389, 418, 435, 600, 643, 761] (41)
50 : [190, 288, 313, 369, 394, 556, 647, 737, 755, 782] (40)
51 : [158, 159, 170, 358, 363, 501, 524, 528, 658, 696, 778, 785] (40)
52 : [127, 174, 219, 372, 405, 448, 480, 574, 584, 642, 669, 671] (41)
53 : [60, 83, 225, 312, 406, 427, 520, 541, 699, 713] (41)
54 : [28, 39, 382, 404, 436, 471, 512, 535, 641, 648, 695, 721] (41)
55 : [113, 270, 318, 355, 456, 497, 586, 692, 708] (41)
56 : [36, 300, 390, 407, 440, 445, 644, 780] (41)
57 : [62, 262, 301, 459, 511, 598, 630, 798] (41)
58 : [110, 205, 281, 347, 492, 532, 746, 794] (41)
59 : [65, 204, 290, 449, 504, 676, 709, 736, 743] (42)
60 : [14, 98, 108, 114, 146, 223, 243, 297, 344, 472, 505] (42)
61 : [112, 256, 275, 307, 386, 396, 741, 786] (43)
62 : [33, 179, 234, 337, 475, 559, 627, 725] (42)
63 : [96, 164, 192, 201, 209, 499, 698, 706, 744] (43)
64 : [86, 123, 203, 224, 231, 246, 357, 368, 477, 494, 570] (44)
65 : [4, 82, 103, 141, 153, 161, 305, 657, 707, 731, 768, 779] (43)
66 : [88, 271, 316, 338, 387, 481, 545, 554, 596, 655, 678, 719] (44)
67 : [24, 247, 248, 331, 503, 592, 705, 793] (43)
68 : [7, 55, 236, 263, 293, 381, 397, 562, 666] (43)
69 : [78, 85, 139, 326, 353, 367, 402, 465, 597, 611, 726, 769] (42)
70 : [44, 162, 173, 335, 391, 468, 515, 527, 533, 711, 720, 735, 757, 776] (43)
71 : [6, 131, 229, 371, 423, 444, 485, 688] (44)
72 : [216, 242, 244, 257, 434, 577, 667, 750] (45)
73 : [57, 186, 235, 429, 589, 622, 668, 693, 799] (45)
74 : [23, 58, 71, 206, 292, 296, 329, 410, 467, 623, 747] (44)
75 : [69, 266, 356, 385, 612, 639, 715] (45)
76 : [73, 106, 151, 199, 240, 378, 432, 466, 496, 599] (44)
77 : [16, 80, 92, 119, 150, 169, 213, 306, 332, 539, 548, 781, 797] (44)
78 : [25, 45, 47, 222, 230, 412, 487, 628, 631, 772] (45)
79 : [42, 232, 249, 255, 277, 546, 636, 654] (45)
80 : [93, 95, 166, 217, 287, 377, 384, 431, 455, 526, 538] (45)
