Name: 800-30-45
Time: 23.99276900291443 
Result: 14
Solution:  34 50 45 19 64 18 74 66 39 7 33 36 42 5 61 19 76 4 4 36 46 3 46 74 71 77 39 6 56 0 45 48 24 63 8 3 59 29 10 53 39 6 79 15 70 77 37 79 47 6 12 40 13 2 13 71 29 73 74 35 56 4 56 12 19 62 0 49 22 73 22 74 33 76 4 14 39 6 68 17 78 36 64 54 48 69 65 32 70 31 16 7 79 80 31 80 61 15 60 11 45 10 9 65 35 7 79 17 60 39 53 38 61 55 60 8 30 31 6 77 39 44 25 65 20 52 16 52 37 13 45 71 4 5 43 7 41 19 16 68 8 68 25 38 40 43 56 23 21 14 78 76 31 62 4 40 31 5 49 52 19 62 72 14 59 46 77 17 28 76 49 48 0 69 55 36 36 18 42 64 4 38 49 16 20 14 69 27 48 31 48 14 62 40 14 15 46 37 44 74 46 59 14 65 60 59 74 28 37 63 8 47 33 74 34 21 75 80 42 50 0 4 79 60 63 55 37 45 1 70 79 65 80 33 63 73 67 3 23 9 77 43 72 57 75 26 62 72 67 76 11 20 10 5 19 78 59 73 19 45 18 43 58 66 28 48 75 32 46 28 56 67 50 8 44 57 9 77 38 34 41 61 37 45 24 24 32 79 47 24 60 32 78 64 14 5 74 58 6 41 61 59 37 42 6 63 77 61 30 26 4 49 54 51 46 30 69 7 60 39 9 11 47 30 20 6 71 19 33 77 22 64 78 23 0 70 49 57 67 30 10 31 23 26 61 21 41 58 7 38 1 32 2 67 31 55 77 64 51 36 44 48 32 50 12 41 5 67 64 50 22 70 52 7 24 13 25 79 74 49 12 67 52 5 80 74 63 65 27 50 61 70 39 38 49 32 62 66 25 33 44 28 72 22 53 50 52 53 38 28 75 22 80 4 42 40 33 24 51 14 15 19 46 71 16 35 39 51 45 74 19 80 76 48 71 47 55 8 23 35 58 18 0 34 73 54 1 1 51 57 36 34 44 22 13 80 54 11 40 55 44 6 3 15 31 70 76 74 69 3 31 52 62 19 30 62 37 62 33 20 53 67 32 4 28 71 32 72 14 9 24 29 58 4 59 38 78 55 16 67 31 52 17 68 60 60 1 21 26 9 28 57 55 16 19 70 7 25 29 33 59 22 2 28 49 4 80 64 49 21 28 13 60 69 35 54 42 26 77 72 34 53 37 38 29 66 80 20 75 14 20 29 23 45 68 12 50 46 33 63 23 43 68 35 3 43 21 47 16 17 68 48 29 27 53 47 16 73 9 41 5 9 38 5 54 34 57 5 44 72 26 35 68 7 23 22 67 69 58 73 49 32 33 3 17 17 40 24 25 33 9 66 78 1 26 42 24 12 15 7 37 22 71 73 18 0 18 62 76 12 56 79 32 43 41 34 80 46 17 73 23 57 52 51 53 1 43 51 56 22 40 3 27 47 78 69 21 66 47 17 27 12 16 27 27 21 68 73 72 51 37 58 42 40 13 45 59 35 67 15 32 34 42 16 3 1 19 2 67 32 32 44 55 71 15 50 51 21 62 52 39 12 21 27 14 66 59 65 55 59 25 70 21 52 28 72 43 34 47 66 65 54 17 10 24 63 70 18 10 23 10 61 39 11 10 70 56 51 4 4 27 60 2 58 63 44 57 72 23 25 70 40 49 8 9 51 43 70 19 25 44 51 45 13 2 0 13 12 65 70 37 42 79 1 19 35 69 1 51 64 60 75 52 26 14 52 63 25 29 6 20 17 15 67 54 2 5 74 56 73
0 : [29, 66, 172, 220, 334, 442, 625, 765] (32)
1 : [228, 350, 446, 447, 506, 613, 645, 685, 773, 777] (31)
2 : [53, 352, 522, 687, 742, 764, 795] (32)
3 : [21, 35, 237, 462, 469, 564, 603, 651, 684] (34)
4 : [17, 18, 61, 74, 132, 154, 180, 221, 310, 413, 483, 493, 525, 738, 739] (31)
5 : [13, 133, 157, 253, 295, 366, 383, 580, 583, 587, 796] (31)
6 : [27, 41, 49, 77, 118, 298, 304, 325, 461, 789] (31)
7 : [9, 91, 105, 135, 317, 348, 373, 516, 593, 619] (32)
8 : [34, 115, 140, 210, 273, 437, 753] (35)
9 : [102, 239, 276, 320, 489, 509, 578, 581, 610, 754] (34)
10 : [38, 101, 252, 340, 723, 728, 730, 734] (35)
11 : [99, 250, 321, 457, 733] (35)
12 : [50, 63, 364, 380, 555, 617, 629, 661, 701, 767] (34)
13 : [52, 54, 129, 375, 454, 531, 674, 763, 766] (35)
14 : [75, 149, 163, 185, 191, 194, 202, 294, 419, 488, 549, 704, 784] (35)
15 : [43, 97, 195, 420, 463, 618, 679, 694, 792] (34)
16 : [90, 126, 138, 183, 424, 498, 513, 568, 576, 662, 683] (35)
17 : [79, 107, 167, 502, 569, 604, 605, 638, 659, 722, 791] (35)
18 : [5, 177, 260, 441, 624, 626, 727] (34)
19 : [3, 15, 64, 137, 160, 254, 258, 327, 421, 430, 473, 514, 686, 758, 774] (34)
20 : [124, 184, 251, 324, 479, 547, 550, 790] (34)
21 : [148, 215, 345, 507, 529, 566, 656, 665, 697, 702, 712] (35)
22 : [68, 70, 330, 370, 403, 411, 453, 521, 595, 621, 649] (34)
23 : [147, 238, 333, 342, 438, 552, 560, 594, 640, 729, 748] (35)
24 : [32, 284, 285, 289, 374, 417, 490, 607, 616, 724] (34)
25 : [122, 142, 376, 398, 517, 608, 710, 749, 759, 787] (35)
26 : [245, 309, 343, 508, 537, 590, 614, 783] (36)
27 : [187, 388, 573, 652, 660, 663, 664, 703, 740] (36)
28 : [168, 207, 264, 269, 401, 409, 484, 510, 523, 530, 714] (37)
29 : [37, 56, 491, 518, 544, 551, 572, 788] (36)
30 : [116, 308, 315, 323, 339, 474] (36)
31 : [89, 94, 117, 152, 156, 189, 341, 354, 464, 470, 500] (37)
32 : [87, 267, 286, 291, 351, 362, 395, 482, 486, 601, 632, 680, 689, 690] (37)
33 : [10, 72, 212, 233, 328, 399, 416, 478, 519, 558, 602, 609] (38)
34 : [0, 214, 279, 443, 451, 540, 585, 635, 681, 717] (38)
35 : [59, 104, 425, 439, 534, 563, 591, 677, 775] (38)
36 : [11, 19, 81, 175, 176, 359, 450] (38)
37 : [46, 128, 197, 208, 226, 282, 302, 476, 542, 620, 670, 770] (38)
38 : [111, 143, 181, 278, 349, 393, 408, 495, 543, 582] (40)
39 : [8, 26, 40, 76, 109, 120, 319, 392, 426, 700, 732] (40)
40 : [51, 144, 155, 193, 415, 458, 606, 650, 673, 751] (42)
41 : [136, 280, 299, 346, 365, 579, 634] (41)
42 : [12, 178, 218, 303, 414, 536, 615, 672, 682, 771] (40)
43 : [134, 145, 241, 261, 561, 565, 633, 646, 716, 756] (41)
44 : [121, 198, 274, 360, 400, 452, 460, 588, 691, 745, 760] (40)
45 : [2, 30, 100, 130, 227, 259, 283, 428, 553, 675, 762] (40)
46 : [20, 22, 165, 196, 200, 268, 314, 422, 557, 637] (40)
47 : [48, 211, 288, 322, 435, 567, 575, 653, 658, 718] (40)
48 : [31, 84, 171, 188, 190, 265, 361, 433, 571] (40)
49 : [67, 158, 170, 182, 311, 336, 379, 394, 524, 528, 600, 752] (41)
50 : [1, 219, 272, 363, 369, 389, 405, 556, 695] (40)
51 : [313, 358, 418, 427, 448, 643, 647, 669, 696, 737, 755, 761, 778] (41)
52 : [125, 127, 159, 372, 382, 406, 471, 501, 642, 699, 713, 782, 785] (41)
53 : [39, 110, 404, 407, 480, 541, 574, 644] (41)
54 : [83, 312, 445, 456, 535, 584, 721, 794] (41)
55 : [113, 174, 225, 355, 436, 459, 497, 512, 692, 708] (41)
56 : [28, 60, 62, 146, 270, 630, 648, 736, 798] (42)
57 : [243, 275, 337, 449, 511, 586, 641, 746] (41)
58 : [262, 297, 347, 440, 492, 598, 671, 743] (42)
59 : [36, 164, 201, 205, 256, 301, 494, 520, 676, 706, 709] (41)
60 : [98, 108, 114, 204, 223, 290, 318, 504, 505, 532, 741, 780] (41)
61 : [14, 96, 112, 281, 300, 307, 344, 390, 731] (42)
62 : [65, 153, 161, 192, 246, 396, 472, 475, 477, 627, 698] (42)
63 : [33, 209, 224, 234, 305, 386, 559, 725, 744, 786] (42)
64 : [4, 82, 179, 293, 331, 357, 368, 527, 779] (43)
65 : [86, 103, 123, 203, 231, 387, 707, 720, 768] (42)
66 : [7, 263, 397, 545, 611, 657, 705, 719] (44)
67 : [236, 248, 271, 338, 353, 367, 381, 481, 499, 596, 678, 688, 793] (44)
68 : [78, 139, 141, 503, 554, 562, 570, 592, 666] (43)
69 : [85, 173, 186, 316, 468, 533, 597, 655, 776] (44)
70 : [44, 88, 229, 335, 371, 391, 465, 515, 711, 726, 735, 750, 757, 769] (43)
71 : [24, 55, 131, 326, 423, 434, 485, 622, 693] (43)
72 : [162, 242, 247, 402, 487, 539, 589, 668, 715, 747] (44)
73 : [57, 69, 235, 257, 444, 577, 599, 623, 639, 667, 799] (44)
74 : [6, 23, 58, 71, 199, 206, 213, 296, 378, 385, 429, 467, 797] (43)
75 : [216, 244, 266, 410, 548, 781] (45)
76 : [16, 73, 151, 169, 249, 432, 466, 628] (43)
77 : [25, 45, 119, 166, 240, 277, 306, 329, 356, 538] (45)
78 : [80, 150, 255, 292, 332, 496, 612, 654] (45)
79 : [42, 47, 92, 106, 222, 230, 287, 377, 631, 772] (44)
80 : [93, 95, 217, 232, 384, 412, 431, 455, 526, 546, 636] (44)
