Name: 800-30-45
Time: 24.300586938858032 
Result: 14
Solution:  33 50 48 23 61 17 71 66 37 3 34 36 40 3 60 22 78 4 4 37 46 3 50 71 67 77 38 6 54 1 41 48 24 64 8 4 56 27 9 55 40 9 80 15 71 76 38 76 44 6 11 42 12 3 14 68 33 71 73 36 54 5 56 12 24 60 0 46 26 76 23 73 34 77 3 15 39 6 71 19 77 35 66 53 48 68 65 31 69 27 18 11 79 79 30 79 61 15 63 8 45 9 9 63 37 6 79 17 60 38 55 37 62 55 64 7 29 32 5 77 39 49 25 63 19 50 17 51 36 13 45 70 4 4 39 7 41 17 12 69 8 65 23 36 42 41 57 24 23 15 77 76 31 65 3 40 28 5 49 52 20 65 71 15 59 46 80 14 30 75 49 48 0 69 52 34 37 18 38 64 5 38 51 18 24 12 71 26 49 31 48 15 61 43 15 10 47 40 46 74 46 59 12 68 59 57 73 27 36 60 13 47 30 73 32 22 73 80 42 51 2 2 78 60 66 54 36 46 3 71 79 65 79 32 63 72 67 3 20 10 75 42 72 59 73 25 62 69 67 79 11 23 9 5 14 78 60 70 17 48 19 42 59 68 27 47 74 28 50 26 56 67 50 9 47 60 10 77 38 32 43 60 37 46 26 21 31 79 49 25 59 30 76 69 14 4 75 58 8 41 56 59 33 44 6 65 77 63 31 23 5 45 53 50 47 30 67 7 60 40 11 6 43 30 23 6 70 21 34 74 22 67 75 21 1 71 47 62 64 29 14 32 24 27 60 24 41 58 7 34 0 36 2 68 35 55 77 61 50 33 43 44 30 50 12 41 5 69 62 50 22 70 52 5 24 11 22 79 74 46 13 68 55 5 80 75 63 65 27 49 61 70 39 39 52 34 62 68 31 31 44 27 70 23 52 50 52 53 38 26 75 17 78 5 45 38 33 25 49 15 16 20 45 71 15 36 40 54 46 75 19 80 76 48 69 46 54 7 22 36 55 17 2 37 71 56 2 1 52 58 37 38 44 24 13 80 55 10 39 55 44 6 6 11 30 71 76 72 74 1 32 58 60 21 25 62 37 63 34 20 52 66 31 4 27 73 32 75 12 11 24 29 58 4 59 39 78 57 15 64 34 51 22 67 61 60 3 23 28 12 28 57 55 13 19 67 5 26 30 33 53 20 2 27 51 4 80 68 49 21 29 18 61 70 37 54 42 26 80 72 34 53 38 40 30 66 78 21 75 18 20 31 26 43 67 11 51 47 33 61 23 46 69 35 6 42 18 48 16 16 65 49 29 28 54 47 14 73 10 41 6 8 38 7 56 34 56 4 43 73 25 35 69 7 23 24 66 69 54 76 49 32 32 3 15 16 39 25 26 33 12 69 77 0 23 42 23 13 17 12 40 24 70 76 17 2 18 61 75 12 56 79 34 43 44 32 79 47 16 74 24 55 59 50 52 1 42 49 55 25 41 2 28 45 80 66 21 66 49 22 28 12 16 26 27 16 66 74 73 51 36 53 41 35 16 46 59 35 68 16 28 32 41 13 4 3 16 1 72 31 32 43 53 74 14 48 55 21 63 52 41 13 17 26 11 66 59 65 51 58 25 70 24 52 27 75 45 34 48 62 66 48 16 8 26 61 70 19 9 17 9 67 39 10 13 70 61 51 3 4 28 59 1 58 63 47 57 76 24 26 72 40 47 10 10 48 43 69 15 26 47 52 44 14 2 2 13 12 65 68 41 40 78 2 19 37 72 0 53 64 60 78 49 26 14 51 63 25 28 7 21 17 15 67 54 1 5 72 57 69
0 : [66, 172, 350, 613, 777] (31)
1 : [29, 334, 447, 469, 645, 687, 742, 795] (32)
2 : [220, 221, 352, 442, 446, 522, 625, 651, 764, 765, 773] (32)
3 : [9, 13, 21, 53, 74, 154, 228, 237, 506, 603, 685, 738] (31)
4 : [17, 18, 35, 132, 133, 295, 483, 493, 525, 587, 684, 739] (31)
5 : [61, 118, 157, 180, 253, 310, 366, 373, 383, 413, 516, 796] (32)
6 : [27, 49, 77, 105, 304, 321, 325, 461, 462, 564, 580] (33)
7 : [115, 135, 317, 348, 437, 583, 593, 789] (33)
8 : [34, 99, 140, 298, 581, 723] (33)
9 : [38, 41, 101, 102, 252, 273, 728, 730] (33)
10 : [195, 239, 276, 457, 578, 733, 753, 754] (34)
11 : [50, 91, 250, 320, 375, 463, 489, 555, 704] (34)
12 : [52, 63, 138, 185, 202, 364, 488, 509, 610, 619, 629, 661, 767] (33)
13 : [129, 210, 380, 454, 513, 617, 683, 701, 734, 766] (34)
14 : [54, 167, 254, 294, 340, 576, 694, 763, 784] (34)
15 : [43, 75, 97, 149, 163, 191, 194, 419, 424, 498, 604, 758, 792] (35)
16 : [420, 568, 569, 605, 638, 662, 665, 674, 679, 686, 722] (35)
17 : [5, 107, 126, 137, 258, 411, 441, 618, 624, 702, 729, 791] (35)
18 : [90, 177, 183, 531, 549, 566, 626] (35)
19 : [79, 124, 260, 430, 514, 727, 774] (36)
20 : [160, 238, 421, 479, 521, 550] (36)
21 : [285, 327, 333, 473, 529, 547, 656, 697, 790] (36)
22 : [15, 215, 330, 370, 376, 438, 502, 659] (35)
23 : [3, 70, 142, 148, 251, 309, 324, 403, 507, 560, 594, 614, 616] (35)
24 : [32, 64, 147, 184, 342, 345, 374, 453, 490, 595, 621, 640, 712, 748] (35)
25 : [122, 245, 289, 417, 474, 590, 607, 649, 710, 787] (35)
26 : [68, 187, 269, 284, 409, 517, 537, 552, 608, 663, 703, 724, 749, 759, 783] (35)
27 : [37, 89, 207, 264, 343, 388, 401, 484, 523, 664, 714] (35)
28 : [156, 267, 508, 510, 573, 652, 660, 680, 740, 788] (35)
29 : [116, 339, 491, 530, 572] (36)
30 : [94, 168, 212, 291, 315, 323, 362, 464, 518, 544] (37)
31 : [87, 152, 189, 286, 308, 398, 399, 482, 551, 689] (37)
32 : [117, 214, 233, 279, 341, 470, 486, 601, 602, 635, 681, 690] (38)
33 : [0, 56, 302, 359, 416, 519, 558, 609] (38)
34 : [10, 72, 175, 328, 349, 395, 478, 500, 540, 585, 632, 717] (38)
35 : [81, 354, 563, 591, 673, 677] (39)
36 : [11, 59, 128, 143, 208, 226, 351, 425, 439, 670] (39)
37 : [8, 19, 104, 111, 176, 282, 443, 450, 476, 534, 775] (39)
38 : [26, 46, 109, 178, 181, 278, 408, 415, 451, 542, 582] (40)
39 : [76, 120, 134, 392, 393, 458, 495, 606, 732] (40)
40 : [12, 40, 155, 197, 319, 426, 543, 620, 751, 771] (40)
41 : [30, 136, 145, 299, 346, 365, 579, 650, 672, 682, 700, 770] (40)
42 : [51, 144, 218, 241, 261, 536, 565, 615, 646] (40)
43 : [193, 280, 322, 360, 553, 588, 633, 691, 756] (40)
44 : [48, 303, 361, 400, 452, 460, 634, 762] (40)
45 : [100, 130, 311, 414, 422, 653, 716] (40)
46 : [20, 67, 165, 198, 200, 227, 283, 379, 428, 435, 561, 675] (40)
47 : [196, 211, 265, 274, 314, 336, 557, 575, 637, 745, 752, 760] (40)
48 : [2, 31, 84, 171, 190, 259, 433, 567, 695, 718, 721, 755] (40)
49 : [121, 158, 170, 188, 288, 389, 418, 528, 571, 600, 647, 658, 782] (40)
50 : [1, 22, 125, 268, 272, 313, 358, 363, 369, 405, 643] (41)
51 : [127, 182, 219, 501, 524, 556, 669, 708, 737, 785] (42)
52 : [159, 174, 372, 394, 404, 406, 448, 480, 644, 699, 713, 761] (40)
53 : [83, 312, 407, 520, 541, 671, 692, 778] (41)
54 : [28, 60, 225, 427, 436, 535, 574, 598, 794] (42)
55 : [39, 110, 113, 355, 382, 440, 456, 459, 512, 641, 648, 696] (41)
56 : [36, 62, 270, 300, 445, 584, 586, 630] (42)
57 : [146, 205, 497, 511, 746, 798] (41)
58 : [297, 347, 449, 471, 492, 709, 743] (41)
59 : [164, 201, 204, 243, 262, 290, 301, 494, 642, 676, 706, 741] (42)
60 : [14, 65, 108, 209, 223, 256, 275, 281, 318, 344, 472, 505, 780] (42)
61 : [4, 96, 192, 357, 390, 504, 532, 559, 627, 725, 736] (42)
62 : [112, 246, 337, 368, 396, 475, 719] (42)
63 : [98, 103, 123, 234, 307, 386, 477, 698, 744, 786] (43)
64 : [33, 114, 179, 338, 499, 779] (42)
65 : [86, 141, 153, 161, 231, 305, 387, 570, 707, 768] (42)
66 : [7, 82, 224, 481, 545, 596, 655, 657, 666, 705, 720] (43)
67 : [24, 236, 248, 271, 316, 331, 503, 515, 554, 731, 793] (42)
68 : [55, 85, 203, 263, 353, 381, 397, 527, 678, 769] (42)
69 : [88, 139, 173, 247, 293, 367, 434, 562, 592, 597, 611, 757, 799] (43)
70 : [131, 257, 326, 371, 391, 402, 533, 622, 711, 726, 735] (43)
71 : [6, 23, 44, 57, 78, 162, 186, 229, 335, 423, 444, 465] (43)
72 : [235, 242, 467, 539, 688, 750, 776, 797] (45)
73 : [58, 71, 206, 213, 216, 244, 485, 577, 589, 668] (43)
74 : [199, 266, 329, 378, 468, 639, 667, 693] (44)
75 : [169, 240, 296, 332, 385, 410, 429, 487, 548, 628, 715] (44)
76 : [45, 47, 69, 151, 292, 432, 466, 599, 623, 747] (45)
77 : [25, 73, 80, 119, 150, 277, 306, 356, 612] (45)
78 : [16, 222, 255, 412, 496, 546, 772, 781] (45)
79 : [92, 93, 95, 106, 230, 232, 249, 287, 377, 631, 636] (45)
80 : [42, 166, 217, 384, 431, 455, 526, 538, 654] (45)
