Name: 800-20-30
Time: 24.3187997341156 
Result: 9
Solution:  43 29 46 17 53 6 20 59 72 26 38 40 11 59 40 61 24 46 0 48 16 46 39 80 70 62 21 58 36 26 61 57 27 76 72 76 40 2 51 18 61 1 49 70 42 43 1 72 78 67 17 54 64 72 0 18 41 24 51 26 22 56 29 38 63 40 37 10 26 9 64 38 14 60 52 37 1 50 59 57 41 26 1 20 28 51 15 76 23 33 40 41 1 17 15 71 36 52 39 35 34 31 7 6 58 20 43 29 52 47 19 35 33 5 73 56 14 37 57 64 42 17 8 72 49 45 47 43 60 56 49 63 30 27 57 25 15 47 65 4 7 72 11 7 5 64 19 3 52 62 55 63 27 61 41 57 24 34 73 67 39 63 58 40 12 58 70 62 34 11 70 22 23 80 43 27 40 16 4 67 28 56 76 63 49 6 50 34 44 80 53 9 36 26 77 18 4 72 8 42 31 63 23 58 30 4 75 78 51 79 53 24 5 61 11 66 66 46 58 28 1 72 60 2 23 11 18 60 67 38 69 56 77 45 31 73 54 55 31 64 22 4 69 4 14 78 77 20 58 73 38 59 57 76 30 46 54 79 62 34 13 77 24 66 15 68 6 55 74 68 59 52 20 27 69 48 13 50 22 63 56 0 66 21 76 78 33 16 78 35 34 77 40 13 62 30 74 54 72 13 68 20 44 80 3 64 10 65 0 78 51 73 44 36 77 12 62 2 14 4 30 23 73 19 69 55 5 13 74 42 15 35 35 70 23 77 1 62 71 8 15 80 28 45 29 1 5 45 75 37 8 8 62 5 61 47 75 33 33 45 52 68 61 19 36 3 47 49 43 54 13 32 47 15 23 47 41 57 10 43 1 10 70 13 53 27 65 0 72 8 12 54 3 41 21 47 10 32 33 53 42 25 4 16 18 39 62 54 19 58 23 39 49 28 12 37 77 74 10 21 25 4 78 77 5 65 71 67 73 10 2 10 49 32 43 56 53 75 50 60 54 15 58 75 67 47 37 15 49 25 25 16 74 67 21 17 77 25 24 30 23 13 67 30 66 36 67 49 48 44 80 12 37 32 74 43 1 34 64 40 33 2 14 5 21 14 50 61 24 46 9 13 31 78 7 44 65 18 1 20 41 23 4 62 78 17 17 68 2 46 66 52 4 54 66 34 20 28 71 65 76 35 59 78 70 75 43 23 55 21 48 30 27 36 13 70 52 74 60 70 17 77 10 26 48 31 34 76 8 53 3 39 47 27 13 28 78 8 74 75 45 71 14 20 55 74 33 67 33 41 51 56 18 19 64 58 28 50 18 51 59 80 14 13 72 56 52 70 71 13 35 29 12 56 48 76 25 73 44 12 23 41 33 15 48 6 37 36 1 80 71 4 30 19 77 38 7 53 55 45 12 70 69 4 55 50 66 71 14 69 19 2 19 45 51 55 0 46 14 42 13 65 1 31 3 11 25 23 63 79 23 27 42 19 14 68 69 51 13 31 41 39 36 26 23 54 32 35 5 66 63 69 8 30 49 7 51 33 22 21 73 79 52 60 25 8 68 45 40 22 70 76 53 2 38 29 31 58 15 42 5 75 64 47 41 43 61 42 39 16 79 76 79 60 3 73 59 8 14 27 28 17 68 44 29 41 48 20 38 39 26 21 46 29 66 25 36 31 33 57 46 63 9 48 60 55 71 7 42 41 44 7 29 62 13 7 49 29 7 44 57 35 2 53 9 29 44 68 56 43 16 57 2 67 18 65 79 32 34 33 19 70 63 14 48 44 0 32 9 62 64 12 9 20 59 27 32 39 79 16
0 : [18, 54, 281, 308, 387, 636, 786] (20)
1 : [41, 46, 76, 82, 92, 220, 336, 345, 380, 476, 498, 608, 642] (20)
2 : [37, 223, 317, 430, 481, 508, 631, 693, 762, 772] (20)
3 : [147, 304, 365, 392, 550, 644, 714] (20)
4 : [139, 178, 196, 205, 241, 243, 319, 402, 421, 502, 512, 611, 623] (20)
5 : [113, 144, 212, 326, 346, 353, 424, 483, 668, 700] (21)
6 : [5, 103, 185, 266, 605] (21)
7 : [102, 140, 143, 494, 616, 675, 747, 751, 755, 758] (21)
8 : [122, 198, 339, 350, 351, 389, 548, 557, 672, 685, 717] (21)
9 : [69, 191, 490, 742, 764, 788, 792] (21)
10 : [67, 306, 378, 381, 396, 418, 429, 431, 542] (20)
11 : [12, 142, 169, 214, 225, 645] (22)
12 : [164, 315, 390, 414, 471, 592, 599, 620, 791] (21)
13 : [260, 276, 293, 299, 327, 370, 383, 461, 491, 534, 554, 583, 589, 640, 658, 754] (22)
14 : [72, 116, 244, 318, 482, 485, 562, 582, 628, 638, 654, 718, 783] (21)
15 : [86, 94, 136, 264, 330, 340, 373, 441, 447, 603, 698] (22)
16 : [20, 177, 287, 403, 451, 709, 770, 799] (22)
17 : [3, 50, 93, 121, 455, 505, 506, 540, 721] (22)
18 : [39, 55, 195, 226, 404, 497, 572, 578, 774] (22)
19 : [110, 146, 323, 363, 408, 573, 613, 630, 632, 653, 780] (22)
20 : [6, 83, 105, 247, 272, 301, 499, 516, 563, 727, 793] (22)
21 : [26, 283, 394, 419, 454, 484, 529, 679, 731] (22)
22 : [60, 171, 240, 278, 678, 689] (22)
23 : [88, 172, 202, 224, 321, 334, 374, 410, 460, 501, 527, 600, 647, 650, 664] (23)
24 : [16, 57, 156, 211, 262, 458, 488] (22)
25 : [135, 401, 420, 449, 450, 457, 596, 646, 684, 735] (23)
26 : [9, 29, 59, 68, 81, 193, 543, 663, 730] (23)
27 : [32, 133, 152, 175, 273, 385, 532, 553, 651, 719, 795] (24)
28 : [84, 180, 219, 342, 413, 517, 555, 576, 720] (24)
29 : [1, 62, 107, 344, 591, 695, 724, 733, 752, 757, 765] (24)
30 : [132, 204, 254, 295, 320, 459, 463, 531, 612, 673] (23)
31 : [101, 200, 234, 238, 492, 545, 643, 659, 696, 737] (23)
32 : [371, 397, 433, 473, 666, 777, 787, 796] (24)
33 : [89, 112, 286, 357, 358, 398, 480, 566, 568, 602, 677, 738, 779] (24)
34 : [100, 157, 168, 187, 259, 290, 477, 515, 546, 778] (24)
35 : [99, 111, 289, 331, 332, 521, 590, 667, 761] (24)
36 : [28, 96, 192, 313, 364, 465, 533, 607, 662, 736] (24)
37 : [66, 75, 117, 349, 415, 446, 472, 606] (24)
38 : [10, 63, 71, 229, 250, 615, 694, 728] (24)
39 : [22, 98, 160, 405, 411, 551, 661, 708, 729, 797] (24)
40 : [11, 14, 36, 65, 90, 163, 176, 292, 479, 688] (24)
41 : [56, 80, 91, 154, 376, 393, 500, 569, 601, 660, 704, 725, 749] (25)
42 : [44, 120, 199, 329, 400, 639, 652, 699, 707, 748] (24)
43 : [0, 45, 106, 127, 174, 368, 379, 434, 475, 526, 705, 769] (25)
44 : [188, 302, 312, 469, 495, 598, 723, 750, 759, 766, 785] (25)
45 : [125, 233, 343, 347, 359, 560, 619, 633, 687] (25)
46 : [2, 17, 21, 217, 255, 489, 509, 637, 732, 740] (26)
47 : [109, 126, 137, 355, 366, 372, 375, 395, 445, 552, 703] (25)
48 : [19, 275, 468, 530, 544, 594, 604, 726, 743, 784] (26)
49 : [42, 124, 130, 184, 367, 412, 432, 448, 467, 674, 756] (26)
50 : [77, 186, 277, 438, 486, 577, 625] (26)
51 : [38, 58, 85, 208, 310, 570, 579, 634, 657, 676] (26)
52 : [74, 97, 108, 148, 271, 360, 511, 536, 586, 682] (26)
53 : [4, 190, 210, 384, 399, 436, 549, 617, 692, 763] (27)
54 : [51, 236, 256, 297, 369, 391, 407, 440, 513, 665] (27)
55 : [150, 237, 267, 325, 528, 564, 618, 624, 635, 745] (27)
56 : [61, 115, 129, 181, 231, 280, 435, 571, 585, 593, 768] (27)
57 : [31, 79, 118, 134, 155, 252, 377, 739, 760, 771] (27)
58 : [27, 104, 162, 165, 203, 218, 248, 409, 442, 575, 697] (27)
59 : [7, 13, 78, 251, 270, 522, 580, 716, 794] (27)
60 : [73, 128, 222, 227, 439, 538, 683, 713, 744] (27)
61 : [15, 30, 40, 153, 213, 354, 362, 487, 706] (28)
62 : [25, 149, 167, 258, 294, 316, 337, 352, 406, 503, 753, 789] (27)
63 : [64, 131, 151, 161, 183, 201, 279, 648, 670, 741, 782] (27)
64 : [52, 70, 119, 145, 239, 305, 478, 574, 702, 790] (29)
65 : [138, 307, 386, 425, 496, 519, 641, 775] (28)
66 : [215, 216, 263, 282, 464, 510, 514, 626, 669, 734] (28)
67 : [49, 159, 179, 228, 427, 444, 453, 462, 466, 567, 773] (28)
68 : [265, 269, 300, 361, 507, 655, 686, 722, 767] (28)
69 : [230, 242, 274, 324, 622, 629, 656, 671] (28)
70 : [24, 43, 166, 170, 333, 382, 524, 535, 539, 587, 621, 690, 781] (29)
71 : [95, 338, 426, 518, 561, 588, 610, 627, 746] (28)
72 : [8, 34, 47, 53, 123, 141, 197, 221, 298, 388, 584] (29)
73 : [114, 158, 235, 249, 311, 322, 428, 597, 680, 715] (28)
74 : [268, 296, 328, 417, 452, 474, 537, 558, 565] (28)
75 : [206, 348, 356, 437, 443, 525, 559, 701] (29)
76 : [33, 35, 87, 182, 253, 284, 520, 547, 595, 691, 711] (29)
77 : [194, 232, 246, 261, 291, 314, 335, 416, 423, 456, 541, 614] (29)
78 : [48, 207, 245, 285, 288, 309, 422, 493, 504, 523, 556] (29)
79 : [209, 257, 649, 681, 710, 712, 776, 798] (28)
80 : [23, 173, 189, 303, 341, 470, 581, 609] (29)
