Name: 800-20-30
Time: 24.041720390319824 
Result: 9
Solution:  40 29 46 20 53 7 20 59 72 31 36 41 13 61 38 60 23 45 0 48 15 47 39 78 70 65 17 59 36 25 57 56 26 79 71 77 39 3 54 18 62 1 51 71 39 46 1 69 78 70 13 57 70 73 0 22 41 22 50 21 18 56 28 37 63 40 37 10 24 13 64 37 14 62 50 44 0 52 59 59 41 30 4 25 30 51 12 75 29 37 38 39 1 18 14 71 35 53 39 33 32 30 11 2 60 20 42 29 52 47 18 36 33 4 74 59 16 38 54 67 39 19 11 74 53 43 46 43 60 55 45 63 30 27 57 25 16 48 65 3 9 71 11 11 7 64 21 1 54 61 54 60 27 60 43 55 24 34 73 68 39 66 59 40 10 59 67 62 34 13 66 23 21 80 43 26 40 16 6 67 29 53 73 61 46 5 52 34 41 80 52 8 33 29 78 20 4 75 7 42 33 63 27 62 26 4 76 79 48 80 55 24 9 61 8 62 66 46 59 27 2 75 57 0 21 9 19 61 64 34 73 56 74 47 34 75 53 54 30 68 22 4 69 4 14 79 78 19 59 79 35 58 55 73 30 45 50 80 63 33 14 77 22 65 14 63 6 52 72 68 58 53 17 28 63 49 16 49 21 63 57 0 65 22 76 80 30 10 78 36 37 77 39 15 60 27 76 53 70 12 69 19 43 79 3 65 7 67 0 79 49 72 45 37 78 11 62 1 16 4 30 21 75 19 68 54 5 16 78 40 14 35 36 70 23 77 4 62 70 2 14 80 32 46 25 1 7 44 74 37 8 11 60 6 61 47 76 31 31 46 50 67 60 18 34 3 47 49 39 55 11 29 47 16 22 49 39 58 12 43 4 10 70 18 56 27 65 2 74 11 12 50 0 40 21 47 10 28 33 56 45 27 7 15 21 42 60 57 20 58 24 41 49 28 8 40 79 76 10 21 26 4 79 77 1 65 68 65 74 10 1 7 49 28 43 55 53 73 53 64 54 17 58 75 65 46 32 18 50 25 26 16 77 68 16 17 77 24 24 29 20 15 72 26 66 36 69 48 48 44 80 9 37 35 74 43 1 34 65 39 35 2 14 6 22 13 50 58 27 48 9 18 37 80 6 44 63 17 3 22 39 22 4 60 77 13 19 69 2 43 66 52 3 51 62 38 18 28 72 66 75 36 61 78 65 73 43 24 58 27 48 30 33 40 15 71 51 72 62 69 18 76 8 25 49 33 33 70 10 57 5 36 46 27 14 26 79 8 79 71 45 71 15 18 55 72 37 65 33 41 48 54 21 17 64 60 29 51 20 49 57 78 15 12 67 55 51 69 72 14 35 28 12 57 46 71 26 77 44 12 24 46 34 16 46 5 38 35 1 78 70 4 29 23 73 42 5 56 54 46 13 66 72 3 55 51 67 74 9 69 20 5 22 47 50 56 0 47 15 41 9 63 2 32 1 11 24 22 63 79 22 28 41 19 14 67 69 52 16 31 41 38 39 23 30 50 26 34 3 69 67 68 8 31 50 10 53 35 23 20 73 80 52 63 25 7 70 45 42 17 70 73 52 0 33 29 32 59 14 42 3 75 64 45 42 42 61 42 40 20 76 77 80 58 3 71 59 11 16 31 26 17 68 41 29 40 52 21 39 38 24 19 47 29 71 25 38 28 33 56 48 62 9 47 57 55 71 7 38 40 39 7 30 57 14 6 50 25 5 41 54 39 2 52 12 30 47 66 58 45 18 55 2 64 21 64 76 32 31 32 22 68 63 15 48 44 3 31 9 66 66 10 11 20 55 26 37 36 77 15
0 : [18, 54, 76, 223, 281, 308, 392, 636, 693] (20)
1 : [41, 46, 92, 147, 317, 345, 424, 430, 476, 608, 644] (20)
2 : [103, 220, 339, 387, 481, 508, 642, 762, 772] (20)
3 : [37, 139, 304, 365, 498, 512, 623, 668, 700, 714, 786] (20)
4 : [82, 113, 196, 205, 241, 243, 319, 336, 380, 421, 502, 611] (20)
5 : [185, 326, 550, 605, 616, 631, 758] (21)
6 : [178, 266, 353, 483, 494, 755] (21)
7 : [5, 144, 198, 306, 346, 402, 431, 685, 747, 751] (21)
8 : [191, 214, 350, 414, 542, 557, 672] (21)
9 : [140, 212, 225, 471, 490, 628, 640, 742, 788] (21)
10 : [67, 164, 287, 381, 396, 418, 429, 548, 675, 791] (22)
11 : [102, 122, 142, 143, 315, 351, 370, 389, 645, 717, 792] (21)
12 : [86, 299, 378, 390, 583, 592, 599, 764] (22)
13 : [12, 50, 69, 169, 485, 505, 620] (22)
14 : [72, 94, 244, 260, 264, 330, 340, 482, 554, 589, 654, 698, 754] (22)
15 : [20, 293, 403, 461, 534, 562, 582, 638, 783, 799] (22)
16 : [116, 136, 177, 276, 318, 327, 373, 451, 454, 603, 658, 718] (21)
17 : [26, 272, 441, 455, 497, 573, 689, 721] (22)
18 : [39, 60, 93, 110, 363, 383, 447, 491, 516, 540, 563, 770] (21)
19 : [121, 226, 247, 301, 323, 506, 653, 731] (22)
20 : [3, 6, 105, 195, 408, 460, 578, 630, 679, 709, 793] (22)
21 : [59, 146, 172, 224, 278, 321, 394, 404, 419, 572, 727, 774] (22)
22 : [55, 57, 240, 262, 283, 374, 484, 499, 501, 632, 647, 650, 780] (22)
23 : [16, 171, 334, 613, 663, 678] (23)
24 : [68, 156, 211, 410, 457, 458, 527, 600, 646, 730] (23)
25 : [29, 83, 135, 344, 449, 543, 684, 735, 757] (23)
26 : [32, 175, 204, 420, 450, 463, 555, 596, 666, 720, 795] (24)
27 : [133, 152, 202, 219, 295, 385, 401, 488, 529, 553] (23)
28 : [62, 273, 397, 413, 433, 517, 591, 651, 737] (23)
29 : [1, 88, 107, 180, 193, 371, 459, 576, 612, 695, 724, 733] (23)
30 : [81, 84, 101, 132, 238, 254, 286, 320, 531, 664, 752, 765] (23)
31 : [9, 357, 358, 659, 673, 719, 778, 787] (23)
32 : [100, 342, 446, 643, 696, 777, 779] (24)
33 : [99, 112, 192, 200, 259, 398, 532, 545, 546, 568, 694, 738] (25)
34 : [157, 168, 187, 229, 234, 364, 477, 602, 667] (24)
35 : [96, 250, 331, 473, 480, 590, 607, 677] (24)
36 : [10, 28, 111, 289, 332, 465, 521, 551, 797] (24)
37 : [63, 66, 71, 89, 290, 313, 349, 472, 492, 566, 796] (23)
38 : [14, 90, 117, 515, 606, 661, 729, 736, 748] (23)
39 : [22, 36, 44, 91, 98, 120, 160, 292, 368, 376, 479, 500, 662, 728, 750, 761] (24)
40 : [0, 65, 163, 176, 329, 393, 415, 533, 708, 725, 749] (24)
41 : [11, 56, 80, 188, 411, 569, 639, 652, 660, 723, 759] (24)
42 : [106, 199, 405, 615, 688, 699, 704, 705, 707] (24)
43 : [125, 127, 154, 174, 302, 379, 434, 475, 509, 526] (25)
44 : [75, 347, 469, 495, 598, 785] (24)
45 : [17, 130, 255, 312, 400, 560, 687, 703, 769] (24)
46 : [2, 45, 126, 184, 217, 343, 359, 445, 552, 594, 601, 604, 619] (24)
47 : [21, 109, 233, 355, 366, 372, 395, 633, 637, 732, 743, 766] (26)
48 : [19, 137, 208, 467, 468, 489, 530, 570, 740, 784] (25)
49 : [275, 277, 310, 367, 375, 412, 432, 544, 579] (26)
50 : [58, 74, 256, 360, 391, 448, 486, 634, 665, 674, 756] (26)
51 : [42, 85, 513, 536, 577, 586, 625] (27)
52 : [77, 108, 186, 190, 267, 511, 657, 682, 692, 726, 763] (27)
53 : [4, 97, 124, 181, 236, 271, 297, 436, 438, 676] (27)
54 : [38, 118, 148, 150, 237, 325, 440, 571, 618, 760] (27)
55 : [129, 155, 210, 252, 369, 435, 564, 585, 624, 745, 771, 794] (27)
56 : [31, 61, 231, 384, 399, 617, 635, 739] (27)
57 : [30, 51, 134, 222, 280, 407, 549, 580, 593, 744, 753] (28)
58 : [251, 270, 377, 409, 442, 487, 528, 713, 768] (29)
59 : [7, 27, 78, 79, 115, 162, 165, 218, 248, 697, 716] (27)
60 : [15, 104, 128, 151, 153, 294, 352, 362, 406, 503, 575] (28)
61 : [13, 149, 183, 213, 227, 354, 522, 706] (27)
62 : [40, 73, 167, 203, 215, 316, 337, 514, 538, 741] (28)
63 : [64, 131, 201, 258, 265, 274, 279, 496, 641, 648, 683, 782] (28)
64 : [70, 145, 228, 439, 574, 702, 773, 775] (28)
65 : [25, 138, 263, 282, 305, 386, 425, 427, 444, 478, 524, 567] (28)
66 : [161, 170, 216, 464, 510, 519, 621, 767, 789, 790] (28)
67 : [119, 166, 179, 307, 361, 584, 626, 655, 670] (28)
68 : [159, 239, 269, 324, 426, 453, 671, 722, 781] (28)
69 : [47, 242, 300, 466, 507, 539, 587, 629, 656, 669] (28)
70 : [24, 49, 52, 298, 333, 338, 382, 547, 610, 686, 690] (28)
71 : [34, 43, 95, 141, 535, 559, 561, 595, 715, 734, 746] (29)
72 : [8, 268, 311, 462, 518, 537, 565, 588, 622] (29)
73 : [53, 158, 182, 230, 253, 437, 525, 614, 680, 691] (29)
74 : [114, 123, 232, 348, 388, 428, 474, 627] (29)
75 : [87, 197, 221, 235, 322, 443, 520, 701] (29)
76 : [206, 284, 296, 356, 417, 541, 710, 776] (29)
77 : [35, 261, 291, 335, 423, 452, 456, 504, 597, 711, 798] (28)
78 : [23, 48, 194, 246, 288, 314, 328, 523, 581, 609] (29)
79 : [33, 207, 245, 249, 303, 309, 416, 422, 556, 558, 649] (28)
80 : [173, 189, 209, 257, 285, 341, 470, 493, 681, 712] (28)
