Name: 800-20-30
Time: 24.091663360595703 
Result: 9
Solution:  40 30 45 19 57 7 20 59 71 26 38 41 9 60 35 62 24 47 0 49 17 46 39 80 71 64 23 61 38 27 56 60 28 79 70 72 36 0 53 18 62 1 48 70 42 43 1 72 79 68 13 50 64 73 0 18 42 23 49 21 19 56 27 37 57 40 35 10 25 11 64 37 10 60 54 41 0 49 59 57 42 29 2 20 27 51 14 78 27 35 38 42 2 21 15 73 35 54 39 35 32 31 10 5 58 20 42 28 52 49 17 34 35 4 74 55 15 36 54 67 42 19 10 72 51 47 49 44 60 55 49 63 28 23 56 23 16 47 65 0 7 71 11 9 6 62 19 3 53 61 55 62 33 61 40 55 25 34 73 68 39 63 57 39 13 60 69 62 33 12 65 23 22 80 43 30 42 16 4 66 28 52 71 62 48 5 52 33 43 80 51 9 32 27 79 14 6 74 4 42 32 62 29 58 27 4 76 77 51 78 53 24 8 61 11 63 67 49 57 28 4 74 60 1 21 11 20 58 64 35 71 56 75 47 33 71 53 54 33 67 26 5 68 7 18 79 80 19 59 77 36 58 55 75 29 42 50 80 63 33 8 78 25 65 14 66 6 53 72 67 58 51 20 26 70 49 8 48 21 67 56 0 65 17 75 78 31 13 79 37 36 76 39 15 64 25 78 52 71 12 69 20 43 79 4 65 8 69 0 79 50 71 44 36 73 11 65 1 16 4 31 21 76 21 68 53 5 15 75 41 16 38 34 71 24 76 2 63 69 4 14 80 28 46 24 1 8 45 78 37 8 8 63 6 61 48 75 35 33 47 51 65 59 18 36 2 47 50 41 56 14 30 46 15 23 46 36 58 11 44 1 10 69 16 56 27 64 2 73 8 12 52 3 41 24 46 10 31 34 56 41 29 4 16 18 42 58 58 23 58 25 40 49 28 11 39 80 73 12 21 25 4 79 73 1 65 69 69 73 10 2 7 52 32 43 56 57 73 57 61 51 15 59 76 67 47 34 17 49 23 22 16 79 68 15 18 77 21 26 30 26 15 68 30 68 32 68 49 51 44 80 9 36 33 74 43 1 34 64 40 32 1 15 4 21 12 51 60 25 48 12 16 30 76 9 45 64 17 0 20 38 22 2 65 78 18 18 72 2 43 64 52 6 50 66 38 18 29 72 66 77 36 63 77 65 77 41 22 57 26 48 29 28 37 17 71 55 72 65 69 16 77 8 24 47 33 32 70 7 53 3 36 47 27 21 30 80 7 80 73 45 71 13 21 55 74 35 68 32 37 49 56 20 19 61 62 26 50 15 49 57 78 15 14 72 54 54 71 72 15 34 29 13 54 45 73 25 78 44 12 22 41 33 13 48 6 35 36 1 79 67 4 30 19 77 39 5 54 55 45 9 68 70 2 55 50 69 74 14 70 21 6 23 48 45 55 0 46 14 43 8 64 0 31 1 10 22 28 63 79 27 27 40 17 13 67 70 50 15 30 41 37 35 22 23 55 32 34 4 63 66 69 2 31 52 8 53 34 22 18 73 80 52 60 26 7 71 43 40 17 70 74 51 2 34 28 36 57 14 46 5 75 66 47 44 44 62 42 37 18 77 76 79 59 3 71 59 8 15 33 27 16 66 41 27 44 48 21 40 40 24 24 46 29 69 25 35 29 32 58 44 62 10 50 58 56 70 7 37 42 39 5 29 58 14 5 52 26 8 42 54 39 2 59 7 29 46 67 59 43 18 55 2 65 20 65 77 31 31 32 21 70 63 14 48 44 3 30 9 66 66 10 9 20 59 26 32 36 78 16
0 : [18, 37, 54, 76, 139, 281, 308, 498, 636, 642] (20)
1 : [41, 46, 223, 317, 345, 380, 424, 476, 481, 608, 644] (20)
2 : [82, 92, 336, 365, 387, 430, 502, 508, 623, 672, 693, 762, 772] (21)
3 : [147, 392, 550, 714, 786] (22)
4 : [113, 178, 198, 205, 220, 304, 319, 339, 402, 421, 483, 611, 668] (20)
5 : [103, 185, 241, 326, 616, 700, 751, 755] (20)
6 : [144, 196, 266, 353, 512, 605, 631] (21)
7 : [5, 140, 243, 431, 548, 557, 685, 747, 764] (21)
8 : [212, 260, 276, 306, 346, 350, 351, 389, 542, 640, 675, 717, 758] (21)
9 : [12, 143, 191, 471, 494, 620, 788, 792] (22)
10 : [67, 72, 102, 122, 381, 396, 429, 645, 742, 791] (21)
11 : [69, 142, 214, 225, 315, 378, 414] (21)
12 : [169, 299, 390, 418, 485, 490, 599] (22)
13 : [50, 164, 287, 562, 592, 603, 654] (23)
14 : [86, 195, 264, 340, 370, 583, 628, 638, 698, 754, 783] (22)
15 : [94, 116, 293, 327, 373, 441, 454, 461, 482, 578, 582, 589, 658, 718] (21)
16 : [136, 177, 318, 330, 383, 403, 451, 491, 540, 721, 799] (22)
17 : [20, 110, 283, 447, 497, 534, 653, 689] (22)
18 : [39, 55, 244, 363, 404, 455, 505, 506, 516, 679, 709, 770] (22)
19 : [3, 60, 121, 146, 247, 573, 613] (22)
20 : [6, 83, 105, 226, 272, 301, 499, 572, 774, 793] (22)
21 : [59, 93, 224, 278, 321, 323, 419, 457, 484, 554, 563, 630, 727, 780] (22)
22 : [172, 450, 501, 527, 600, 646, 663, 678] (23)
23 : [26, 57, 133, 135, 171, 374, 408, 449, 632, 664] (23)
24 : [16, 211, 334, 344, 394, 543, 730, 731] (24)
25 : [68, 156, 262, 295, 410, 420, 488, 596, 735] (23)
26 : [9, 240, 273, 458, 460, 529, 576, 684, 757, 795] (24)
27 : [29, 62, 84, 88, 193, 204, 385, 553, 650, 651, 720, 724] (23)
28 : [32, 107, 132, 180, 219, 342, 413, 532, 647, 695] (23)
29 : [81, 202, 254, 401, 517, 531, 591, 733, 737, 752, 765] (23)
30 : [1, 175, 371, 459, 463, 492, 555, 612, 659, 787] (24)
31 : [101, 286, 320, 397, 643, 673, 777, 778] (23)
32 : [100, 192, 200, 433, 465, 480, 546, 568, 666, 738, 779, 796] (23)
33 : [152, 168, 187, 234, 238, 259, 358, 473, 545, 602, 719] (24)
34 : [111, 157, 332, 398, 446, 477, 590, 667, 677, 694] (24)
35 : [14, 66, 89, 96, 99, 112, 229, 357, 566, 606, 662, 736] (23)
36 : [36, 117, 250, 290, 313, 364, 376, 472, 521, 551, 607, 696, 797] (24)
37 : [63, 71, 289, 349, 533, 569, 661, 708, 748] (23)
38 : [10, 28, 90, 331, 500, 515] (24)
39 : [22, 98, 160, 163, 292, 415, 615, 750, 761] (24)
40 : [0, 65, 154, 411, 479, 652, 688, 728, 729] (23)
41 : [11, 75, 329, 368, 393, 400, 526, 601, 660, 723] (24)
42 : [44, 56, 80, 91, 106, 120, 176, 199, 255, 405, 707, 749, 759] (24)
43 : [45, 174, 188, 302, 434, 475, 509, 639, 687, 769] (25)
44 : [127, 312, 379, 469, 598, 704, 705, 725, 740, 785] (25)
45 : [2, 347, 495, 560, 594, 619, 634] (25)
46 : [21, 343, 372, 375, 395, 637, 699, 732, 766] (25)
47 : [17, 125, 137, 233, 359, 366, 445, 544, 552, 703] (25)
48 : [42, 184, 277, 355, 489, 530, 604, 633, 726, 784] (25)
49 : [19, 58, 77, 109, 126, 130, 217, 275, 412, 448, 467, 570, 579] (26)
50 : [51, 256, 310, 367, 513, 577, 625, 657, 743] (26)
51 : [85, 124, 190, 208, 271, 360, 440, 468, 486, 692] (26)
52 : [108, 181, 186, 297, 391, 432, 511, 674, 682, 756] (26)
53 : [38, 148, 210, 236, 267, 325, 549, 676] (27)
54 : [74, 97, 118, 237, 585, 586, 593, 617, 760] (27)
55 : [115, 129, 150, 155, 252, 536, 564, 618, 624, 635, 665, 771] (27)
56 : [30, 61, 134, 231, 280, 369, 384, 399, 435, 571, 745] (26)
57 : [4, 64, 79, 162, 218, 436, 438, 528, 580, 697] (26)
58 : [104, 203, 227, 251, 270, 377, 406, 407, 409, 739, 744, 753] (27)
59 : [7, 78, 248, 362, 442, 713, 716, 763, 768, 794] (27)
60 : [13, 31, 73, 128, 165, 222, 487, 683] (28)
61 : [27, 149, 153, 213, 354, 439, 574] (27)
62 : [15, 40, 145, 151, 167, 183, 201, 575, 706, 741] (28)
63 : [131, 161, 215, 258, 337, 352, 522, 648, 669, 782] (28)
64 : [25, 52, 70, 228, 294, 386, 478, 496, 510, 641] (28)
65 : [138, 170, 263, 282, 305, 316, 361, 425, 503, 524, 538, 773, 775] (28)
66 : [179, 265, 514, 519, 670, 702, 722, 789, 790] (28)
67 : [119, 216, 239, 269, 279, 444, 610, 655, 767] (28)
68 : [49, 159, 242, 324, 453, 462, 464, 466, 567, 621] (28)
69 : [166, 300, 307, 338, 382, 426, 427, 539, 626, 671, 734] (28)
70 : [34, 43, 274, 547, 622, 629, 656, 690, 746, 781] (28)
71 : [8, 24, 141, 182, 230, 235, 298, 311, 333, 535, 561, 587, 686, 715] (29)
72 : [35, 47, 123, 268, 507, 518, 537, 584, 588] (29)
73 : [53, 95, 158, 314, 388, 417, 423, 428, 437, 559, 595, 680] (29)
74 : [114, 197, 221, 474, 565, 627, 691] (28)
75 : [232, 253, 284, 328, 356, 701] (29)
76 : [206, 291, 322, 335, 443, 493, 711] (29)
77 : [207, 249, 456, 520, 523, 525, 541, 614, 710, 776] (29)
78 : [87, 209, 261, 285, 296, 348, 504, 581, 597, 798] (29)
79 : [33, 48, 194, 245, 288, 303, 309, 422, 452, 609, 649, 712] (29)
80 : [23, 173, 189, 246, 257, 341, 416, 470, 556, 558, 681] (28)
