Name: 800-20-30
Time: 24.364577293395996 
Result: 9
Solution:  40 29 46 23 53 6 20 59 72 26 40 39 12 57 40 62 24 48 0 48 18 48 37 78 69 62 17 58 38 28 61 57 26 77 71 78 37 0 54 17 64 0 49 71 42 47 0 71 80 72 14 54 64 72 1 25 40 20 55 25 21 57 27 38 58 40 32 10 26 9 64 39 12 62 51 43 0 48 59 57 42 29 1 25 28 49 15 75 25 37 37 41 2 18 14 75 35 54 39 35 30 31 11 3 59 22 42 29 54 47 17 37 36 8 74 62 16 35 55 66 41 19 11 72 50 44 46 44 60 55 51 62 29 21 56 25 17 49 67 0 8 73 10 7 5 63 21 5 53 62 58 61 27 61 40 55 24 34 73 68 39 65 58 41 13 58 67 63 36 11 65 23 20 80 43 26 41 16 7 67 31 53 77 60 45 5 51 34 42 80 51 9 36 29 79 18 4 74 6 42 34 63 23 58 27 4 73 78 55 79 59 25 5 63 11 62 66 44 57 28 4 75 60 0 22 13 19 59 63 37 69 56 74 45 32 72 54 55 30 64 23 4 69 5 16 77 76 20 61 79 37 58 56 77 30 46 50 79 61 33 16 78 23 66 14 64 6 51 72 65 59 51 20 28 68 48 16 47 22 62 57 0 64 19 76 79 30 15 79 35 38 76 40 17 64 23 79 52 71 13 68 20 43 80 1 65 7 68 0 79 50 71 44 37 77 12 61 1 16 4 30 21 76 21 68 55 5 16 78 41 18 35 34 72 23 77 2 62 71 2 14 79 31 46 29 0 8 45 77 38 8 12 64 4 61 47 75 31 31 45 49 67 60 18 36 1 48 51 42 57 12 34 45 18 23 47 39 57 10 44 0 10 69 16 56 27 66 0 74 12 12 52 2 40 22 46 7 29 32 52 42 29 6 15 17 39 60 58 21 58 23 38 49 28 8 37 77 75 13 20 24 4 79 76 7 65 66 67 72 9 1 10 51 32 44 55 53 74 53 60 50 15 56 74 68 45 33 17 50 25 23 16 73 69 17 19 73 20 24 30 23 9 67 26 70 36 68 48 50 44 80 9 36 33 73 43 7 34 68 40 36 2 13 7 21 12 50 60 24 47 11 18 30 80 3 44 65 19 1 22 38 22 4 58 77 15 17 70 2 44 63 52 3 52 68 35 18 27 72 66 78 34 59 78 70 77 42 22 55 21 48 31 30 36 15 73 54 76 62 70 16 78 8 26 49 31 34 74 9 55 1 38 47 27 16 27 78 6 73 72 47 72 14 18 54 72 36 68 32 38 53 56 21 18 62 62 28 49 20 46 57 79 17 13 69 53 53 68 70 13 36 28 12 53 44 74 25 78 43 12 22 42 34 10 47 6 38 37 0 77 71 4 26 18 74 39 7 53 51 44 8 70 72 5 54 50 63 71 9 69 20 3 25 44 46 56 0 46 16 41 14 64 3 26 1 11 25 23 63 79 25 25 43 17 13 67 71 50 12 29 41 40 40 24 24 54 29 33 4 66 63 69 2 32 48 8 52 33 22 20 73 79 55 63 25 8 71 45 42 19 70 75 51 0 38 28 36 63 14 42 4 75 61 47 41 43 62 42 42 16 77 76 80 57 2 72 59 8 14 27 26 16 66 42 29 41 52 21 38 39 26 19 51 29 69 30 37 28 33 56 47 64 9 50 57 55 70 9 39 41 42 9 30 62 14 7 49 31 4 41 56 35 3 56 10 31 45 68 59 43 13 56 0 66 16 63 75 28 34 33 22 68 63 14 49 46 3 27 9 63 65 12 12 23 60 27 32 36 76 15
0 : [18, 37, 41, 46, 76, 139, 223, 281, 308, 345, 380, 387, 608, 636, 693, 772] (20)
1 : [54, 82, 304, 317, 365, 430, 498, 550, 644] (20)
2 : [92, 336, 339, 392, 481, 508, 672, 714] (20)
3 : [103, 494, 512, 631, 642, 762, 786] (20)
4 : [196, 205, 220, 241, 319, 353, 421, 502, 611, 668, 700, 758] (20)
5 : [144, 147, 185, 212, 243, 326, 623] (21)
6 : [5, 198, 266, 402, 557, 605] (21)
7 : [143, 178, 306, 396, 424, 476, 483, 616, 755] (21)
8 : [113, 140, 346, 350, 414, 542, 620, 675, 685, 717] (22)
9 : [69, 191, 429, 461, 471, 548, 628, 742, 747, 751, 788] (22)
10 : [67, 142, 378, 381, 431, 603, 764] (23)
11 : [102, 122, 169, 214, 490, 645] (22)
12 : [12, 72, 315, 351, 370, 389, 390, 485, 592, 599, 658, 791, 792] (22)
13 : [164, 225, 299, 418, 482, 583, 589, 654, 770] (22)
14 : [50, 94, 264, 340, 562, 640, 698, 718, 754, 783] (21)
15 : [86, 287, 403, 441, 505, 534, 799] (21)
16 : [116, 177, 244, 260, 276, 318, 327, 383, 451, 540, 554, 638, 709, 721, 774] (22)
17 : [26, 39, 110, 136, 293, 404, 447, 454, 506, 582, 653] (20)
18 : [20, 93, 195, 330, 363, 373, 491, 516, 563, 573, 613] (21)
19 : [121, 226, 283, 455, 497, 689, 731] (25)
20 : [6, 57, 172, 247, 272, 301, 419, 457, 578, 630, 679] (23)
21 : [60, 133, 146, 321, 323, 408, 484, 529, 572, 727] (22)
22 : [105, 224, 278, 394, 499, 501, 527, 600, 678, 780] (23)
23 : [3, 171, 202, 240, 262, 295, 334, 374, 410, 450, 460, 647, 793] (22)
24 : [16, 156, 420, 458, 488, 663, 664] (22)
25 : [55, 59, 83, 88, 135, 211, 449, 596, 632, 646, 650, 651, 684] (22)
26 : [9, 32, 68, 175, 463, 543, 612, 643, 720, 730] (25)
27 : [62, 152, 204, 385, 517, 553, 555, 719, 787, 795] (27)
28 : [29, 84, 219, 273, 413, 576, 591, 695, 737, 777] (21)
29 : [1, 81, 107, 132, 193, 344, 397, 401, 659, 666, 724, 733] (23)
30 : [100, 238, 254, 286, 320, 459, 492, 532, 735, 752] (23)
31 : [101, 180, 342, 357, 358, 531, 545, 757, 765] (24)
32 : [66, 234, 398, 433, 568, 673, 796] (20)
33 : [259, 446, 473, 667, 677, 738, 779] (24)
34 : [157, 187, 200, 332, 371, 477, 521, 546, 602, 778] (24)
35 : [96, 99, 117, 289, 331, 515, 761] (24)
36 : [112, 168, 192, 364, 465, 472, 480, 533, 566, 590, 696, 797] (23)
37 : [22, 36, 89, 90, 111, 229, 250, 313, 415, 607, 736] (24)
38 : [28, 63, 290, 349, 411, 500, 551, 569, 606, 694, 728] (24)
39 : [11, 71, 98, 160, 376, 405, 615, 729, 748] (24)
40 : [0, 10, 14, 56, 65, 154, 292, 393, 479, 661, 662] (24)
41 : [91, 120, 163, 176, 329, 639, 660, 704, 725, 749, 759] (24)
42 : [44, 80, 106, 188, 199, 368, 400, 526, 601, 688, 699, 707, 708, 723, 750] (25)
43 : [75, 174, 302, 475, 598, 652, 705, 769] (25)
44 : [125, 127, 217, 312, 379, 434, 469, 495, 509, 594, 619, 633] (25)
45 : [184, 233, 347, 359, 372, 445, 687, 766] (26)
46 : [2, 126, 255, 343, 395, 579, 634, 637, 785] (26)
47 : [45, 109, 277, 355, 375, 489, 552, 560, 604, 703, 740] (26)
48 : [17, 19, 21, 77, 275, 366, 467, 530, 674] (26)
49 : [42, 85, 137, 360, 412, 544, 577, 756, 784] (26)
50 : [124, 256, 310, 440, 448, 468, 486, 625, 657, 743] (26)
51 : [74, 130, 186, 190, 267, 271, 367, 432, 618, 692, 732] (26)
52 : [297, 391, 399, 511, 513, 676, 726] (26)
53 : [4, 148, 181, 436, 438, 570, 585, 586, 593, 617] (27)
54 : [38, 51, 97, 108, 236, 536, 564, 624, 665] (26)
55 : [58, 118, 129, 155, 208, 237, 325, 435, 528, 549, 682, 745] (26)
56 : [134, 231, 252, 384, 442, 571, 635, 739, 760, 763, 771] (27)
57 : [13, 31, 61, 79, 218, 280, 369, 377, 580, 713, 744] (26)
58 : [27, 64, 150, 162, 165, 203, 251, 407, 409, 503] (27)
59 : [7, 78, 104, 210, 227, 270, 522, 716, 768] (27)
60 : [128, 183, 222, 362, 406, 439, 487, 794] (27)
61 : [30, 151, 153, 248, 258, 316, 354, 702] (27)
62 : [15, 25, 73, 115, 131, 149, 215, 279, 337, 538, 574, 575, 706, 753] (27)
63 : [145, 167, 201, 213, 228, 510, 626, 648, 670, 683, 697, 775, 782, 789] (28)
64 : [40, 52, 70, 239, 265, 282, 294, 352, 641, 741] (28)
65 : [161, 170, 269, 305, 425, 496, 790] (28)
66 : [119, 216, 263, 386, 426, 519, 669, 722, 773] (28)
67 : [138, 166, 179, 361, 427, 462, 655] (29)
68 : [159, 274, 300, 307, 324, 444, 466, 478, 514, 567, 587, 767, 781] (28)
69 : [24, 230, 242, 382, 453, 584, 629, 671, 734] (28)
70 : [464, 507, 524, 539, 588, 621, 690, 746] (28)
71 : [34, 43, 47, 298, 311, 338, 610, 627, 656, 686] (29)
72 : [8, 49, 53, 123, 235, 268, 333, 428, 518, 559, 561, 565, 622, 715] (29)
73 : [141, 158, 206, 452, 456, 474, 535, 558, 680] (29)
74 : [114, 197, 232, 388, 437, 443, 547, 595, 614] (28)
75 : [87, 95, 221, 356, 417, 691, 701, 776] (28)
76 : [246, 284, 291, 322, 423, 537, 711, 798] (28)
77 : [33, 182, 245, 253, 314, 335, 348, 416, 504, 525, 609, 710] (29)
78 : [23, 35, 207, 261, 328, 520, 523, 541, 556, 597] (29)
79 : [194, 209, 249, 257, 285, 288, 296, 309, 341, 422, 581, 649, 681] (29)
80 : [48, 173, 189, 303, 470, 493, 712] (28)
