Name: 800-40-60
Time: 24.19225573539734 
Result: 18
Solution:  44 41 5 71 19 13 44 56 34 40 52 4 24 66 41 16 33 24 68 22 55 1 73 68 9 47 49 62 71 0 32 33 26 31 19 60 77 24 0 10 2 71 11 18 70 53 48 76 27 46 26 68 24 16 23 35 41 45 33 74 68 63 51 34 45 36 71 10 19 24 33 25 14 71 31 15 3 8 74 72 17 55 71 20 8 63 52 12 61 3 44 48 62 14 66 13 53 10 72 7 12 64 18 45 39 0 22 15 58 11 40 16 16 6 17 53 64 38 58 80 53 55 14 27 30 5 26 35 80 70 23 69 55 25 38 21 15 60 27 74 45 72 56 9 55 2 75 42 56 54 70 31 80 39 74 47 34 28 78 12 29 35 29 64 30 47 68 44 45 63 31 78 44 67 61 73 26 34 4 48 54 21 64 75 50 14 57 58 48 79 57 65 71 0 77 7 49 41 47 54 13 64 41 50 1 21 70 9 80 50 18 34 66 5 67 79 44 72 69 35 26 52 17 53 11 30 62 24 71 4 44 27 64 46 50 52 51 73 0 41 21 24 46 36 37 32 8 70 25 0 9 60 45 77 44 63 79 9 50 70 30 52 36 7 66 12 17 65 10 3 80 49 50 76 35 79 20 13 59 51 34 0 23 34 20 25 53 1 26 61 61 61 63 58 38 3 24 69 10 22 5 75 30 45 27 32 27 62 26 38 4 18 41 5 40 26 12 13 32 17 56 40 4 21 60 29 28 11 49 23 51 5 37 75 23 43 33 17 50 77 46 54 10 2 0 65 56 49 33 73 77 13 34 9 18 16 40 20 12 57 4 63 0 34 80 8 42 24 24 15 9 69 40 45 0 25 16 54 32 35 12 54 70 73 3 42 44 25 75 39 24 4 26 29 10 15 56 72 69 7 13 26 54 23 80 67 60 13 2 3 18 4 72 55 11 59 18 0 23 79 54 75 51 71 38 29 16 62 2 69 21 71 5 53 6 45 33 32 69 48 76 7 74 78 47 11 65 76 58 42 14 52 59 36 26 0 29 7 31 55 29 23 60 20 58 42 43 25 37 31 57 17 3 34 25 31 20 65 60 59 37 62 8 28 5 42 13 76 14 20 25 52 28 25 55 21 25 21 79 51 42 64 78 42 36 29 70 66 76 29 33 42 29 76 13 13 66 46 61 37 61 35 15 32 7 31 28 39 16 43 80 10 74 57 5 26 66 63 34 43 68 80 22 76 13 15 52 22 45 57 15 75 78 74 53 31 28 42 15 13 45 29 19 65 31 58 44 46 7 47 36 79 0 35 56 49 6 74 69 33 66 13 62 61 28 43 79 42 13 77 20 49 40 70 32 76 45 9 24 22 27 55 39 2 49 8 54 57 14 39 48 58 8 75 45 58 19 16 60 9 7 66 24 15 43 43 65 47 75 54 2 68 47 57 59 75 54 28 50 31 59 61 1 10 55 65 27 18 72 2 48 72 13 76 76 50 13 37 38 48 56 12 79 67 75 60 19 36 10 25 40 59 68 70 34 30 39 65 64 38 77 75 58 38 7 43 3 24 43 10 11 66 71 39 38 36 38 67 1 73 51 78 52 47 70 77 75 28 58 45 62 67 36 37 53 22 55 73 77 44 3 35 12 27 74 25 61 0 12 45 43 37 65 17 45 53 32 57 63 60 3 18 20 0 51 17 73 29 61 60 67 13 14 50 48 22 79 28 59 64 6 13 15 56 59 31 6 68 50 38 59 38 34 69 10 19 77 49 27 50 64 76 53 43 1 20 68 73 58 15 13 2 63 46 68 7 53 58 48 79
0 : [29, 38, 105, 193, 238, 249, 281, 344, 362, 374, 417, 455, 572, 727, 743] (40)
1 : [21, 204, 287, 642, 698, 784] (40)
2 : [40, 145, 343, 408, 428, 603, 630, 649, 791] (42)
3 : [76, 89, 269, 295, 384, 409, 472, 686, 720, 740] (40)
4 : [11, 178, 229, 310, 322, 360, 391, 411] (40)
5 : [2, 125, 213, 300, 313, 331, 432, 484, 534] (40)
6 : [113, 434, 576, 760, 766] (44)
7 : [99, 195, 263, 399, 441, 457, 524, 568, 620, 684, 795] (43)
8 : [77, 84, 246, 365, 482, 605, 612] (46)
9 : [24, 143, 207, 250, 257, 353, 370, 597, 619] (44)
10 : [39, 67, 97, 268, 298, 342, 394, 531, 643, 668, 689, 774] (43)
11 : [42, 109, 224, 327, 414, 445, 690] (42)
12 : [87, 100, 159, 265, 316, 358, 380, 661, 722, 728] (43)
13 : [5, 95, 200, 277, 317, 351, 400, 407, 486, 514, 515, 544, 559, 581, 588, 652, 656, 751, 761, 790] (43)
14 : [72, 93, 122, 185, 450, 488, 608, 752] (43)
15 : [75, 107, 136, 369, 395, 522, 545, 550, 558, 623, 762, 789] (43)
16 : [15, 53, 111, 112, 355, 376, 426, 528, 617] (43)
17 : [80, 114, 222, 266, 319, 337, 471, 733, 745] (45)
18 : [43, 102, 210, 311, 354, 410, 416, 647, 741] (46)
19 : [4, 34, 68, 562, 616, 666, 775] (46)
20 : [83, 276, 284, 357, 463, 476, 489, 590, 742, 785] (45)
21 : [135, 181, 205, 240, 323, 430, 495, 497] (46)
22 : [19, 106, 299, 542, 547, 599, 715, 755] (45)
23 : [54, 130, 282, 329, 334, 403, 418, 461] (46)
24 : [12, 17, 37, 52, 69, 227, 241, 296, 367, 368, 390, 598, 622, 687] (46)
25 : [71, 133, 248, 285, 375, 387, 467, 474, 490, 493, 496, 669, 725] (47)
26 : [32, 50, 126, 176, 220, 288, 308, 315, 392, 401, 454, 535] (47)
27 : [48, 123, 138, 231, 304, 306, 600, 646, 723, 778] (47)
28 : [157, 326, 483, 492, 526, 556, 584, 637, 707, 757] (47)
29 : [160, 162, 325, 393, 425, 456, 460, 505, 509, 512, 561, 747] (48)
30 : [124, 164, 225, 260, 302, 675] (49)
31 : [33, 74, 151, 170, 458, 469, 475, 525, 555, 564, 639, 765] (48)
32 : [30, 245, 305, 318, 378, 437, 523, 594, 736] (49)
33 : [16, 31, 58, 70, 336, 348, 436, 510, 579] (49)
34 : [8, 63, 156, 177, 211, 280, 283, 352, 363, 473, 538, 674, 772] (50)
35 : [55, 127, 161, 219, 274, 379, 521, 573, 721] (50)
36 : [65, 243, 262, 453, 504, 570, 667, 695, 712] (51)
37 : [244, 332, 468, 480, 519, 657, 713, 731] (51)
38 : [117, 134, 294, 309, 424, 658, 679, 683, 694, 696, 769, 771] (52)
39 : [104, 153, 389, 527, 602, 609, 676, 693] (51)
40 : [9, 110, 314, 321, 356, 372, 592, 670] (51)
41 : [1, 14, 56, 197, 202, 239, 312] (52)
42 : [147, 366, 385, 449, 465, 485, 500, 503, 511, 557, 587] (51)
43 : [335, 466, 529, 539, 585, 624, 625, 685, 688, 730, 783] (50)
44 : [0, 6, 90, 167, 172, 216, 230, 254, 386, 566, 719] (51)
45 : [57, 64, 103, 140, 168, 252, 303, 373, 435, 548, 560, 596, 614, 709, 729, 734] (50)
46 : [49, 233, 242, 340, 517, 567, 793] (50)
47 : [25, 155, 165, 198, 444, 569, 627, 632, 703] (50)
48 : [46, 91, 179, 188, 439, 610, 650, 659, 754, 798] (51)
49 : [26, 196, 271, 328, 347, 575, 591, 604, 777] (51)
50 : [184, 203, 209, 234, 258, 272, 338, 638, 655, 753, 768, 779] (52)
51 : [62, 236, 279, 330, 422, 499, 700, 744] (52)
52 : [10, 86, 221, 235, 261, 451, 491, 546, 702] (51)
53 : [45, 96, 115, 120, 223, 286, 433, 554, 714, 735, 782, 796] (52)
54 : [149, 180, 199, 341, 377, 381, 402, 420, 606, 629, 636] (54)
55 : [20, 81, 121, 132, 144, 413, 459, 494, 601, 644, 716] (53)
56 : [7, 142, 148, 320, 346, 396, 574, 660, 763] (54)
57 : [186, 190, 359, 470, 533, 549, 607, 633, 737] (54)
58 : [108, 118, 187, 293, 448, 464, 565, 611, 615, 682, 708, 788, 797] (55)
59 : [278, 415, 452, 479, 634, 640, 671, 758, 764, 770] (56)
60 : [35, 137, 251, 324, 406, 462, 478, 618, 665, 739, 749] (55)
61 : [88, 174, 289, 290, 291, 518, 520, 583, 641, 726, 748] (56)
62 : [27, 92, 226, 307, 427, 481, 582, 710] (56)
63 : [61, 85, 169, 255, 292, 361, 537, 738, 792] (56)
64 : [101, 116, 163, 182, 201, 232, 501, 678, 759, 780] (55)
65 : [191, 267, 345, 446, 477, 563, 626, 645, 677, 732] (56)
66 : [13, 94, 212, 264, 507, 516, 536, 580, 621, 691] (55)
67 : [173, 214, 405, 663, 697, 711, 750] (56)
68 : [18, 23, 51, 60, 166, 540, 631, 672, 767, 786, 794] (57)
69 : [131, 218, 297, 371, 398, 429, 438, 578, 773] (56)
70 : [44, 129, 150, 206, 247, 259, 382, 506, 593, 673, 704] (56)
71 : [3, 28, 41, 66, 73, 82, 192, 228, 423, 431, 692] (56)
72 : [79, 98, 141, 217, 397, 412, 648, 651] (57)
73 : [22, 175, 237, 349, 383, 699, 717, 746, 787] (57)
74 : [59, 78, 139, 154, 442, 532, 553, 577, 724] (58)
75 : [146, 183, 301, 333, 388, 421, 551, 613, 628, 635, 664, 681, 706] (57)
76 : [47, 273, 440, 447, 487, 508, 513, 543, 595, 653, 654, 781] (57)
77 : [36, 194, 253, 339, 350, 589, 680, 705, 718, 776] (57)
78 : [158, 171, 443, 502, 552, 701] (57)
79 : [189, 215, 256, 275, 419, 498, 571, 586, 662, 756, 799] (57)
80 : [119, 128, 152, 208, 270, 364, 404, 530, 541] (57)
