Name: 800-40-60
Time: 24.19580340385437 
Result: 17
Solution:  44 39 5 68 19 14 45 51 34 42 51 9 19 66 40 15 32 24 65 22 52 1 75 66 5 49 49 62 71 5 33 34 28 30 19 60 74 24 0 8 3 71 8 18 70 52 47 77 27 43 22 68 24 16 23 36 40 44 34 74 67 63 54 34 41 36 78 10 21 22 34 25 15 71 30 16 3 11 74 75 16 52 72 22 7 64 48 12 63 2 45 47 62 14 68 12 53 7 71 7 13 64 19 40 37 0 22 12 59 12 40 16 11 8 17 53 64 41 60 79 54 55 15 28 29 7 32 35 79 69 19 71 55 26 39 20 14 59 30 74 45 73 57 9 53 2 74 41 59 53 67 32 80 38 76 47 33 26 72 13 32 40 31 63 30 48 65 44 41 63 27 78 41 66 60 73 29 32 3 48 51 17 62 73 50 15 57 60 46 80 57 65 71 1 73 6 47 39 44 54 12 64 43 50 2 20 72 4 80 49 19 35 67 6 69 79 41 71 69 33 26 51 13 56 16 30 64 24 73 7 44 25 64 48 50 49 48 72 4 43 22 21 41 39 38 31 6 70 30 3 10 63 44 80 38 65 80 8 48 70 31 52 35 8 66 14 18 65 8 3 76 54 49 77 38 79 20 13 59 52 33 0 20 37 20 25 55 3 26 63 63 60 61 55 39 2 26 67 10 25 3 73 29 44 28 32 27 59 26 41 2 22 46 6 40 22 12 8 28 20 58 41 4 17 59 31 30 14 50 24 57 6 37 75 21 41 38 13 49 77 44 53 9 2 6 64 54 55 33 80 79 14 34 6 17 16 40 21 13 60 1 61 0 36 76 8 47 21 24 11 9 73 40 44 1 25 14 54 36 37 9 56 70 69 3 45 42 28 74 37 22 4 26 31 9 16 57 71 68 8 12 31 53 23 75 67 62 12 2 3 19 4 74 55 9 64 17 1 25 79 55 72 54 71 38 30 16 63 5 69 21 73 6 53 6 43 32 31 69 52 76 8 74 78 46 11 65 80 58 38 18 51 59 43 26 0 29 6 30 55 31 22 61 18 59 42 42 27 38 33 59 16 2 34 24 30 20 65 61 62 34 61 9 27 5 45 14 78 15 20 24 53 28 21 57 20 30 25 79 52 42 64 79 39 36 29 70 61 77 24 33 42 28 80 14 8 67 49 61 37 63 39 14 32 8 30 30 39 17 41 80 10 76 58 3 28 66 62 32 42 70 80 23 75 14 17 50 26 47 57 16 73 76 75 50 30 24 39 20 9 43 28 17 66 32 59 46 47 6 46 35 80 0 33 56 48 10 74 67 35 67 15 62 62 30 44 79 38 12 79 21 49 39 72 31 78 45 11 25 26 25 55 36 0 49 10 56 55 15 39 49 58 9 72 41 59 17 17 62 11 5 68 23 12 40 42 68 47 73 55 4 67 47 58 55 77 52 33 50 31 58 61 1 8 57 68 27 19 75 7 45 72 14 72 75 50 9 36 38 42 56 12 78 67 74 60 18 38 9 24 42 56 69 71 32 30 40 66 66 36 75 79 58 38 7 43 4 22 41 10 11 65 67 40 38 41 37 68 0 80 53 78 53 48 70 77 73 31 56 39 62 68 37 35 51 21 55 73 77 44 1 34 12 27 70 23 63 2 14 46 41 37 66 18 44 52 29 56 65 60 3 18 22 3 50 17 76 24 60 60 68 12 15 50 51 23 77 28 58 63 6 14 14 56 59 31 7 68 45 35 63 38 32 69 11 19 78 51 26 50 61 77 50 42 0 21 67 73 59 14 12 0 63 47 69 3 53 56 48 80
0 : [38, 105, 281, 362, 455, 572, 603, 698, 784, 791] (42)
1 : [21, 193, 360, 374, 417, 642, 720] (41)
2 : [89, 145, 204, 295, 310, 343, 408, 472, 727] (41)
3 : [40, 76, 178, 249, 269, 287, 300, 384, 409, 534, 740, 743, 795] (41)
4 : [207, 238, 322, 391, 411, 630, 686] (41)
5 : [2, 24, 29, 428, 484, 620] (41)
6 : [195, 213, 246, 313, 331, 344, 353, 432, 434, 457, 568, 760] (41)
7 : [84, 97, 99, 125, 229, 649, 684, 766] (42)
8 : [39, 42, 113, 257, 263, 268, 317, 365, 399, 441, 515, 524, 643] (43)
9 : [11, 143, 342, 370, 380, 394, 414, 482, 559, 612, 656, 668] (42)
10 : [67, 250, 298, 531, 576, 605, 689] (42)
11 : [77, 112, 369, 445, 597, 619, 690, 774] (44)
12 : [87, 95, 107, 109, 200, 316, 400, 407, 588, 623, 661, 722, 751, 790] (42)
13 : [100, 159, 222, 277, 337, 358] (45)
14 : [5, 93, 136, 265, 327, 351, 376, 486, 514, 522, 544, 652, 728, 761, 762, 789] (43)
15 : [15, 72, 122, 185, 488, 581, 608, 752] (43)
16 : [53, 75, 80, 111, 224, 355, 395, 426, 471, 550] (45)
17 : [114, 181, 323, 354, 416, 528, 545, 562, 616, 617, 745] (45)
18 : [43, 266, 450, 463, 666, 733, 741] (47)
19 : [4, 12, 34, 102, 130, 210, 410, 647, 775] (47)
20 : [135, 205, 276, 282, 284, 319, 476, 489, 495, 558] (47)
21 : [68, 241, 334, 357, 367, 430, 493, 590, 715, 785] (47)
22 : [19, 50, 69, 83, 106, 240, 311, 315, 390, 461, 687, 742] (47)
23 : [54, 403, 542, 622, 725, 755] (47)
24 : [17, 37, 52, 227, 329, 368, 474, 490, 509, 556, 669, 747] (48)
25 : [71, 231, 285, 299, 375, 418, 497, 598, 600] (48)
26 : [133, 157, 220, 288, 296, 308, 392, 454, 547, 599, 778] (47)
27 : [48, 170, 306, 467, 483, 646, 723] (46)
28 : [32, 123, 304, 318, 387, 492, 512, 535, 561, 757] (47)
29 : [124, 176, 302, 456, 505, 736] (49)
30 : [33, 74, 138, 164, 225, 248, 326, 425, 458, 475, 496, 525, 526, 555, 584, 675] (46)
31 : [162, 245, 260, 325, 393, 401, 437, 460, 594, 639, 707, 765] (46)
32 : [16, 126, 151, 160, 177, 305, 436, 523, 538, 564, 674, 772] (47)
33 : [30, 156, 219, 280, 348, 469, 510, 573, 637] (50)
34 : [8, 31, 58, 63, 70, 352, 473, 480, 721] (48)
35 : [127, 211, 262, 570, 579, 713, 769] (49)
36 : [55, 65, 363, 378, 504, 602, 657, 679] (48)
37 : [104, 283, 332, 379, 389, 519, 696, 712, 731] (48)
38 : [153, 244, 254, 274, 336, 424, 449, 468, 587, 658, 667, 683, 694, 771] (49)
39 : [1, 134, 197, 243, 294, 503, 521, 527, 557, 592, 609, 709] (50)
40 : [14, 56, 103, 110, 161, 314, 356, 372, 624, 676, 693] (50)
41 : [64, 117, 147, 168, 172, 216, 242, 309, 321, 335, 529, 614, 688, 695, 730] (50)
42 : [9, 386, 465, 466, 500, 511, 539, 625, 659, 670, 783] (51)
43 : [49, 202, 239, 435, 453, 560, 685] (51)
44 : [0, 57, 167, 198, 230, 252, 303, 340, 373, 585, 719, 734] (51)
45 : [6, 90, 140, 385, 485, 596, 650, 768] (52)
46 : [188, 312, 444, 566, 569, 729] (52)
47 : [46, 91, 155, 196, 366, 548, 567, 627, 632, 793] (52)
48 : [86, 165, 179, 233, 236, 258, 575, 703, 798] (54)
49 : [25, 26, 209, 235, 272, 338, 517, 591, 604, 610] (54)
50 : [184, 203, 234, 328, 546, 554, 638, 655, 744, 753, 779, 782] (52)
51 : [7, 10, 180, 221, 451, 714, 754, 777] (53)
52 : [20, 45, 81, 261, 279, 439, 499, 636, 735] (53)
53 : [96, 115, 144, 149, 341, 402, 433, 491, 700, 702, 796] (53)
54 : [62, 120, 199, 271, 346, 377, 422] (53)
55 : [121, 132, 286, 293, 347, 413, 420, 459, 601, 607, 629, 634, 716] (54)
56 : [223, 381, 574, 606, 660, 671, 708, 737, 763, 797] (54)
57 : [142, 186, 190, 330, 396, 494, 549, 644] (54)
58 : [320, 448, 533, 611, 633, 640, 682, 758] (54)
59 : [108, 137, 148, 278, 307, 324, 452, 464, 470, 565, 615, 764, 788] (54)
60 : [35, 118, 174, 187, 291, 359, 665, 739, 748, 749] (55)
61 : [292, 361, 462, 478, 481, 507, 518, 641, 780] (55)
62 : [27, 92, 182, 406, 479, 537, 582, 583, 618, 710] (55)
63 : [61, 88, 163, 169, 251, 289, 290, 427, 520, 726, 759, 770, 792] (55)
64 : [85, 101, 116, 201, 226, 232, 345, 415, 501] (56)
65 : [18, 166, 191, 255, 267, 446, 477, 691, 738] (56)
66 : [13, 23, 173, 264, 536, 563, 677, 678, 732] (57)
67 : [60, 150, 212, 297, 405, 516, 578, 580, 631, 663, 692, 786] (56)
68 : [3, 51, 94, 398, 621, 626, 645, 697, 711, 750, 767] (56)
69 : [129, 214, 218, 383, 429, 438, 672, 773, 794] (56)
70 : [44, 247, 259, 382, 506, 540, 704, 724] (57)
71 : [28, 41, 73, 98, 131, 192, 217, 397, 423, 673] (56)
72 : [82, 158, 206, 237, 421, 593, 613, 651, 653] (57)
73 : [141, 175, 183, 194, 228, 301, 371, 431, 551, 628, 706, 717, 787] (57)
74 : [36, 59, 78, 139, 146, 388, 412, 442, 577, 664] (58)
75 : [22, 79, 333, 404, 543, 553, 648, 654, 680] (58)
76 : [154, 270, 364, 440, 532, 552, 746] (56)
77 : [47, 273, 339, 508, 635, 705, 718, 756, 781] (56)
78 : [66, 171, 443, 487, 595, 662, 701, 776] (57)
79 : [119, 128, 215, 275, 350, 419, 498, 502, 586, 589, 681] (56)
80 : [152, 189, 208, 253, 256, 349, 447, 513, 530, 541, 571, 699, 799] (56)
