Name: 800-40-60
Time: 23.86822485923767 
Result: 18
Solution:  44 42 6 69 18 13 45 55 36 40 51 2 19 66 41 15 34 24 67 20 52 1 75 66 9 47 49 62 71 0 33 33 27 29 21 59 75 25 0 9 3 72 7 18 69 49 50 76 27 47 24 67 24 16 23 36 39 44 34 75 65 62 54 34 45 36 77 9 24 22 34 25 17 71 33 17 5 8 75 74 16 55 74 19 7 63 48 17 62 6 45 45 62 14 66 14 51 11 74 4 13 64 18 41 38 1 25 17 61 12 39 18 10 7 17 52 66 39 59 80 54 57 13 29 30 4 26 35 80 69 19 71 60 25 37 21 14 59 27 71 45 73 57 9 53 3 75 41 56 53 67 33 80 38 72 46 33 26 71 11 32 40 32 63 32 47 67 43 41 62 31 78 46 68 60 73 25 36 1 48 56 17 62 69 50 15 55 59 47 79 56 65 71 2 74 6 48 37 46 54 14 62 41 50 0 22 67 8 80 49 17 35 65 8 68 80 45 75 69 33 26 51 15 53 16 30 61 25 71 5 46 23 66 51 49 52 48 72 0 41 22 22 44 35 37 32 8 70 24 3 11 63 48 77 39 65 79 11 49 72 30 53 35 6 65 14 19 65 12 2 80 48 49 78 36 80 22 12 61 53 32 0 20 36 17 22 55 0 26 61 60 58 59 54 39 2 26 70 10 22 3 77 31 44 29 32 27 60 26 41 3 22 43 7 41 25 13 14 28 19 55 40 5 17 59 32 32 14 48 24 50 4 37 73 21 44 33 12 51 76 44 53 9 4 0 64 55 53 30 79 78 14 37 9 17 16 39 19 10 56 3 63 0 37 77 9 43 20 24 11 10 69 42 45 0 26 16 55 36 39 8 54 69 73 2 43 44 24 79 38 22 4 24 32 9 16 58 73 64 8 13 27 55 23 76 65 61 14 1 0 16 6 72 55 9 60 18 0 23 79 55 75 49 71 38 31 17 60 4 69 21 71 4 52 5 44 33 32 67 50 76 7 74 78 46 12 64 77 58 40 12 53 57 42 26 0 28 6 31 57 29 21 60 20 57 42 41 26 36 32 60 15 4 34 24 30 20 63 60 59 31 62 8 27 6 46 17 78 15 19 24 53 28 24 57 19 29 20 79 51 42 61 80 39 33 29 70 63 77 24 33 42 29 77 14 7 66 47 62 37 64 34 14 32 11 32 30 41 16 42 77 10 74 58 4 26 68 63 34 46 68 80 23 77 13 16 48 22 45 56 15 75 79 80 52 33 28 41 18 13 44 28 17 65 31 55 47 46 9 47 35 77 0 34 57 51 10 75 69 34 66 13 64 61 31 40 79 37 13 80 18 49 45 70 30 80 44 10 25 28 27 56 36 1 46 7 50 58 17 40 50 60 11 72 44 58 21 17 60 9 8 67 22 14 37 44 67 45 73 56 2 67 46 57 56 75 52 28 51 32 61 62 1 11 55 68 27 20 71 7 47 73 14 73 72 49 13 39 39 47 54 11 79 67 74 61 20 36 12 28 39 59 67 71 32 30 40 65 66 37 76 79 58 39 7 43 5 22 44 11 13 66 71 41 37 37 38 67 1 77 53 78 53 48 70 76 69 31 56 39 66 68 36 35 51 22 56 72 76 43 2 34 13 26 71 25 66 0 13 45 42 35 65 16 46 53 27 57 64 61 3 18 22 0 52 17 73 29 60 59 68 13 12 51 50 23 80 29 57 62 6 13 14 56 59 31 5 69 47 38 58 37 32 70 11 19 78 49 26 52 61 77 50 40 2 21 69 74 58 17 14 2 64 45 70 3 53 55 48 77
0 : [29, 38, 204, 238, 281, 287, 344, 362, 374, 409, 417, 455, 572, 727, 743] (40)
1 : [21, 105, 178, 408, 603, 642, 698] (41)
2 : [11, 193, 269, 295, 384, 630, 720, 784, 791] (40)
3 : [40, 145, 249, 300, 310, 360, 740, 795] (40)
4 : [99, 125, 331, 343, 391, 428, 432, 472, 534] (42)
5 : [76, 229, 322, 434, 686, 766] (41)
6 : [2, 89, 195, 263, 411, 457, 484, 760] (43)
7 : [42, 84, 113, 313, 441, 515, 605, 649, 684] (42)
8 : [77, 207, 213, 246, 380, 399, 482, 620] (44)
9 : [24, 39, 67, 143, 342, 353, 365, 394, 414, 568, 619] (43)
10 : [112, 298, 358, 370, 531, 576, 597] (44)
11 : [97, 159, 250, 257, 369, 524, 612, 643, 661, 689, 774] (44)
12 : [109, 268, 277, 337, 445, 450, 668, 752] (44)
13 : [5, 100, 122, 316, 400, 544, 559, 581, 588, 656, 690, 722, 728, 751, 761] (43)
14 : [93, 95, 136, 200, 265, 317, 327, 351, 407, 514, 522, 623, 652, 762, 790] (43)
15 : [15, 185, 222, 471, 488, 550] (44)
16 : [53, 80, 224, 355, 376, 395, 410, 528, 545, 733] (44)
17 : [72, 75, 87, 107, 114, 181, 210, 284, 323, 354, 426, 486, 562, 608, 617, 745, 789] (43)
18 : [4, 43, 102, 111, 416, 558, 590, 741] (45)
19 : [12, 83, 130, 266, 319, 357, 489, 495, 775] (45)
20 : [19, 282, 367, 463, 476, 497, 647, 666] (46)
21 : [34, 135, 334, 430, 461, 616, 785] (46)
22 : [69, 205, 240, 241, 276, 285, 299, 311, 390, 547, 622, 687, 715, 742] (47)
23 : [54, 231, 403, 418, 542, 755] (48)
24 : [17, 50, 52, 68, 248, 329, 368, 387, 392, 474, 490, 493, 509] (47)
25 : [37, 71, 106, 133, 176, 227, 315, 598, 725] (48)
26 : [126, 157, 220, 288, 296, 308, 375, 454, 467, 535, 723, 778] (47)
27 : [32, 48, 138, 306, 401, 483, 600, 646, 736] (48)
28 : [318, 456, 492, 556, 561, 599, 637, 669] (47)
29 : [33, 123, 304, 460, 496, 505, 512, 747, 757] (48)
30 : [124, 225, 260, 348, 475, 526, 594, 675] (48)
31 : [170, 302, 425, 458, 480, 564, 584, 707, 765] (48)
32 : [160, 162, 164, 245, 280, 305, 325, 326, 393, 437, 469, 523, 525, 639, 674, 772] (48)
33 : [30, 31, 74, 151, 156, 219, 336, 436, 504, 510, 555] (48)
34 : [16, 58, 63, 70, 473, 521, 538, 573, 579, 721] (49)
35 : [127, 211, 243, 262, 570, 713, 731] (48)
36 : [8, 55, 65, 177, 274, 283, 378, 468, 602, 667, 712] (48)
37 : [134, 197, 244, 332, 352, 363, 519, 587, 624, 679, 694, 695, 771] (49)
38 : [104, 153, 389, 424, 696, 769] (51)
39 : [56, 110, 117, 254, 294, 356, 379, 503, 657, 658, 670, 683, 709] (50)
40 : [9, 161, 321, 449, 585, 609, 676, 783] (50)
41 : [14, 103, 147, 168, 202, 239, 309, 314, 466, 527, 557, 693] (51)
42 : [1, 372, 453, 465, 500, 511, 529, 730] (51)
43 : [167, 312, 366, 385, 685, 719] (51)
44 : [0, 57, 242, 303, 335, 340, 386, 435, 560, 596, 614, 625, 688] (50)
45 : [6, 64, 90, 91, 140, 216, 373, 548, 592, 627, 729, 793] (51)
46 : [155, 172, 198, 230, 444, 485, 539, 567, 604, 632, 734] (51)
47 : [25, 49, 165, 188, 517, 566, 569, 650, 659, 768] (51)
48 : [86, 179, 196, 236, 252, 271, 328, 546, 703, 798] (51)
49 : [26, 45, 209, 234, 258, 272, 422, 591, 655, 777] (54)
50 : [46, 184, 203, 330, 439, 606, 610, 754, 782] (52)
51 : [10, 96, 221, 233, 338, 499, 575, 638, 714, 753] (52)
52 : [20, 115, 235, 433, 554, 636, 744, 779] (54)
53 : [144, 149, 223, 261, 279, 341, 347, 451, 491, 700, 702, 735, 796] (53)
54 : [62, 120, 199, 293, 381, 660] (55)
55 : [7, 81, 186, 286, 320, 346, 377, 402, 413, 420, 565, 644, 797] (54)
56 : [148, 180, 190, 359, 549, 601, 629, 634, 708, 716, 763] (55)
57 : [121, 142, 452, 459, 464, 494, 574, 633, 737, 758] (54)
58 : [291, 396, 448, 533, 607, 615, 682, 770, 788] (54)
59 : [35, 118, 137, 187, 292, 324, 479, 671, 749, 764] (54)
60 : [132, 174, 290, 307, 415, 427, 462, 470, 478, 611, 618, 748] (53)
61 : [108, 226, 278, 289, 406, 501, 583, 640, 665, 739, 780] (54)
62 : [27, 61, 88, 92, 169, 182, 201, 481, 518, 641, 759] (55)
63 : [85, 163, 251, 361, 477, 507, 537] (56)
64 : [101, 345, 398, 446, 520, 582, 738, 792] (55)
65 : [60, 191, 212, 255, 264, 267, 405, 563, 677, 732] (56)
66 : [13, 23, 94, 116, 232, 516, 580, 678, 691, 710, 726] (56)
67 : [18, 51, 150, 166, 206, 438, 621, 626, 631, 663, 672, 697] (56)
68 : [173, 214, 536, 540, 645, 711, 750] (57)
69 : [3, 44, 129, 183, 218, 371, 382, 429, 578, 706, 767, 786] (57)
70 : [247, 297, 506, 593, 704, 773, 794] (57)
71 : [28, 73, 131, 139, 158, 192, 228, 423, 431, 648, 673, 692, 724] (57)
72 : [41, 154, 237, 259, 412, 613, 654, 717] (57)
73 : [141, 175, 333, 383, 397, 628, 651, 653, 746] (58)
74 : [79, 82, 98, 194, 442, 532, 664, 787] (57)
75 : [22, 36, 59, 78, 146, 217, 421, 551, 577, 635] (57)
76 : [47, 339, 404, 440, 680, 705, 718] (58)
77 : [66, 253, 301, 364, 447, 508, 513, 530, 543, 571, 699, 781, 799] (57)
78 : [171, 273, 350, 443, 487, 701, 776] (56)
79 : [189, 256, 349, 388, 419, 498, 552, 586, 662, 681] (57)
80 : [119, 128, 152, 208, 215, 270, 275, 502, 541, 553, 589, 595, 756] (56)
