Name: 800-30-45
Time: 23.873487949371338 
Result: 13
Solution:  34 49 45 19 61 18 73 68 37 3 36 39 41 8 62 18 80 5 3 39 42 1 47 73 67 75 37 6 56 0 42 46 24 63 8 0 59 31 11 56 40 6 79 16 72 76 36 79 48 6 11 40 11 2 15 71 31 71 73 35 55 4 59 12 24 62 1 49 21 78 22 73 29 74 3 14 39 7 69 19 78 36 65 56 45 69 66 31 64 30 15 8 78 79 29 76 62 9 64 10 44 13 10 65 36 6 79 17 60 38 57 38 60 55 61 7 26 33 6 77 39 46 25 69 21 50 16 51 35 13 46 71 4 1 43 7 41 18 13 69 10 65 23 35 44 44 56 24 21 13 76 76 35 62 3 40 30 6 48 49 23 59 70 14 61 47 79 14 32 77 50 48 0 71 53 36 36 18 38 64 6 42 51 20 23 14 70 26 47 31 48 14 64 39 15 14 45 37 45 74 50 63 11 66 61 57 74 29 38 59 10 47 30 77 33 21 72 79 43 50 4 6 79 60 66 54 36 45 4 70 77 64 80 32 62 73 68 2 22 8 75 44 72 60 73 26 57 65 67 78 12 21 12 5 15 79 60 70 16 46 19 42 58 68 27 47 77 28 50 28 56 64 49 14 45 61 11 76 38 32 45 59 34 46 25 20 33 78 51 29 58 32 78 65 14 5 75 60 6 41 58 59 34 42 11 62 77 63 30 25 4 45 53 51 46 30 69 7 56 39 13 7 47 29 20 6 70 21 33 75 22 66 76 23 2 72 47 60 65 29 11 31 25 28 60 19 41 58 7 37 1 38 2 69 34 55 73 61 56 33 44 46 31 53 11 41 7 66 63 50 22 67 55 5 24 11 24 79 71 49 12 67 54 4 80 75 64 63 26 47 59 65 39 39 49 32 61 69 25 32 45 26 69 26 53 50 52 54 38 26 76 17 80 4 44 38 30 26 50 14 16 20 46 71 17 37 39 51 44 75 20 80 76 49 69 49 55 8 21 36 57 17 0 35 73 52 0 0 52 59 37 34 43 23 13 80 59 10 39 55 44 11 5 15 33 72 76 70 74 2 31 52 60 19 31 62 39 62 34 23 56 66 30 4 27 74 36 73 14 9 24 29 58 4 66 42 77 57 15 64 32 51 21 63 57 61 3 20 25 7 28 57 55 15 20 66 7 27 30 36 59 22 3 27 49 4 79 67 47 22 27 16 59 70 34 54 37 26 80 77 34 51 36 40 35 66 77 20 75 14 20 31 24 48 65 11 48 51 32 63 22 45 66 34 5 38 18 47 22 18 65 53 28 27 57 46 11 73 9 41 5 9 40 6 54 34 53 4 43 74 25 33 68 2 23 23 68 75 55 73 48 30 32 4 15 15 38 24 27 33 10 68 78 3 24 42 23 11 15 11 40 18 74 75 19 0 17 64 77 12 54 78 33 44 41 32 78 47 16 74 24 58 58 49 53 2 43 51 54 25 40 1 26 49 80 67 19 64 51 24 26 16 13 26 30 19 67 73 71 52 38 58 42 35 9 43 59 36 65 18 32 33 42 13 4 0 16 1 73 33 31 42 55 72 15 52 53 21 63 51 39 13 16 28 10 68 61 66 53 57 24 72 24 56 27 74 43 34 47 62 64 51 17 10 25 62 70 18 11 18 9 64 43 11 11 70 60 51 3 3 27 60 2 54 63 47 58 76 22 26 72 40 43 8 9 48 42 73 15 26 44 48 46 14 2 1 13 11 66 75 37 40 77 0 21 35 70 0 52 66 59 75 50 26 17 52 63 25 27 8 19 17 16 67 55 0 11 75 57 71
0 : [29, 35, 172, 442, 446, 447, 625, 685, 773, 777, 795] (31)
1 : [21, 66, 133, 350, 651, 687, 765] (31)
2 : [53, 237, 334, 352, 469, 593, 645, 742, 764] (31)
3 : [9, 18, 74, 154, 506, 522, 613, 738, 739] (31)
4 : [61, 132, 220, 228, 310, 383, 413, 483, 493, 525, 587, 603, 684] (31)
5 : [17, 253, 295, 373, 462, 564, 580] (32)
6 : [27, 41, 49, 105, 118, 157, 180, 221, 298, 325, 583] (32)
7 : [77, 115, 135, 317, 321, 348, 366, 509, 516] (33)
8 : [13, 34, 91, 239, 437, 753, 789] (33)
9 : [97, 489, 578, 581, 674, 730, 754] (33)
10 : [99, 102, 140, 210, 457, 610, 704, 723] (33)
11 : [38, 50, 52, 202, 276, 304, 340, 364, 375, 461, 555, 576, 617, 619, 728, 733, 734, 767, 796] (33)
12 : [63, 250, 252, 380, 629] (35)
13 : [101, 129, 138, 149, 320, 454, 662, 683, 701, 766] (34)
14 : [75, 163, 167, 185, 191, 195, 273, 294, 419, 488, 549, 763] (35)
15 : [54, 90, 194, 254, 463, 498, 513, 604, 605, 618, 694, 758] (35)
16 : [43, 126, 258, 420, 531, 638, 661, 686, 702, 792] (35)
17 : [107, 411, 424, 441, 626, 722, 784, 791] (35)
18 : [5, 15, 137, 177, 566, 569, 621, 679, 727, 729] (35)
19 : [3, 79, 260, 345, 473, 624, 656, 665, 790] (35)
20 : [183, 285, 324, 421, 430, 507, 514, 547, 550] (35)
21 : [68, 124, 148, 215, 251, 327, 438, 502, 697, 774] (35)
22 : [70, 238, 330, 370, 521, 529, 560, 568, 748] (35)
23 : [142, 160, 184, 333, 453, 479, 594, 595, 616] (36)
24 : [32, 64, 147, 374, 376, 490, 552, 607, 614, 640, 659, 710, 712] (35)
25 : [122, 284, 309, 342, 398, 508, 590, 649, 724, 787] (36)
26 : [116, 187, 245, 388, 401, 403, 409, 417, 537, 652, 660, 663, 749, 759, 783] (36)
27 : [264, 484, 517, 523, 530, 573, 608, 714, 740, 788] (36)
28 : [267, 269, 343, 510, 572, 703] (37)
29 : [72, 94, 207, 289, 323, 339, 491] (36)
30 : [89, 156, 212, 308, 315, 416, 482, 518, 601, 664] (36)
31 : [37, 56, 87, 189, 341, 362, 470, 474, 551, 690] (37)
32 : [168, 233, 279, 291, 395, 399, 500, 558, 602, 635, 680] (37)
33 : [117, 214, 286, 328, 359, 464, 591, 609, 632, 681, 689] (37)
34 : [0, 282, 302, 354, 451, 478, 534, 540, 563, 585, 717] (38)
35 : [59, 128, 143, 152, 443, 544, 673, 775] (38)
36 : [10, 46, 81, 104, 175, 176, 226, 439, 486, 519, 542, 677] (38)
37 : [8, 26, 197, 349, 425, 450, 536, 770] (39)
38 : [109, 111, 178, 208, 278, 351, 408, 415, 565, 606, 670] (39)
39 : [11, 19, 76, 120, 193, 319, 392, 393, 426, 458, 476, 700] (39)
40 : [40, 51, 155, 543, 582, 620, 650, 751, 771] (40)
41 : [12, 136, 299, 346, 365, 579, 634] (42)
42 : [20, 30, 181, 261, 303, 495, 615, 672, 682, 691, 756] (40)
43 : [134, 218, 452, 588, 646, 675, 716, 732, 752] (40)
44 : [100, 144, 145, 241, 360, 414, 428, 460, 633, 760] (40)
45 : [2, 84, 196, 198, 227, 274, 280, 311, 400, 561] (41)
46 : [31, 121, 130, 259, 283, 314, 361, 422, 575, 762] (40)
47 : [22, 165, 188, 211, 265, 322, 336, 389, 528, 567, 637, 718, 745] (41)
48 : [48, 158, 171, 190, 553, 556, 600, 755, 761] (41)
49 : [1, 67, 159, 272, 379, 394, 433, 435, 524, 643, 653] (41)
50 : [125, 170, 200, 219, 268, 369, 405, 418, 782] (41)
51 : [127, 182, 288, 313, 427, 501, 541, 557, 647, 658, 699, 721, 737] (41)
52 : [406, 445, 448, 471, 669, 695, 778, 785] (41)
53 : [174, 312, 363, 404, 571, 586, 644, 696, 708] (41)
54 : [225, 382, 407, 535, 584, 630, 648, 743] (42)
55 : [60, 113, 355, 372, 436, 459, 512, 598, 692, 794] (42)
56 : [28, 39, 83, 146, 270, 318, 358, 480, 713] (42)
57 : [110, 205, 246, 440, 497, 504, 511, 574, 709, 798] (42)
58 : [262, 290, 300, 347, 492, 641, 642, 671, 746] (41)
59 : [36, 62, 161, 209, 281, 301, 390, 449, 456, 520, 532, 676, 780] (42)
60 : [108, 112, 223, 243, 256, 297, 337, 344, 472, 736, 741] (42)
61 : [4, 114, 164, 204, 275, 357, 396, 505, 706] (43)
62 : [14, 65, 96, 153, 234, 305, 475, 477, 719, 725] (42)
63 : [33, 201, 307, 368, 387, 503, 559, 698, 744, 786] (42)
64 : [88, 98, 179, 192, 231, 271, 386, 499, 627, 657, 720, 731] (42)
65 : [82, 103, 141, 247, 293, 338, 391, 554, 570, 678] (42)
66 : [86, 203, 224, 331, 367, 481, 494, 515, 545, 562, 707, 768, 779] (43)
67 : [24, 248, 371, 381, 527, 655, 666, 793] (43)
68 : [7, 236, 263, 592, 596, 611, 705] (43)
69 : [78, 85, 123, 139, 316, 353, 397, 402, 434] (43)
70 : [162, 186, 229, 257, 326, 467, 533, 726, 735, 776] (44)
71 : [55, 57, 131, 173, 378, 423, 668, 799] (44)
72 : [44, 216, 242, 335, 465, 693, 711, 750] (44)
73 : [6, 23, 58, 71, 235, 244, 356, 444, 487, 577, 599, 667, 688, 757] (44)
74 : [73, 199, 206, 468, 485, 589, 622, 639, 715] (44)
75 : [25, 240, 296, 329, 385, 429, 548, 597, 623, 769, 781, 797] (43)
76 : [45, 95, 150, 151, 277, 332, 410, 432, 466, 747] (44)
77 : [119, 169, 213, 230, 266, 306, 496, 539, 546, 628, 772] (44)
78 : [69, 80, 92, 249, 287, 292, 612, 631, 636] (44)
79 : [42, 47, 93, 106, 166, 217, 222, 255, 377, 526] (44)
80 : [16, 232, 384, 412, 431, 455, 538, 654] (44)
