Name: 800-30-45
Time: 24.13454794883728 
Result: 14
Solution:  34 49 45 19 60 18 72 66 37 0 34 36 41 8 61 18 80 5 3 37 46 1 47 74 70 79 37 6 52 1 45 48 24 61 11 0 57 28 10 55 42 7 79 16 69 77 38 77 46 6 11 40 14 2 11 68 29 71 75 33 57 5 59 13 17 62 3 47 20 77 22 73 31 75 0 14 38 9 69 22 78 37 66 56 44 70 66 31 66 28 16 7 79 79 30 80 64 13 63 10 44 10 9 62 38 10 79 17 60 37 57 37 62 54 65 7 26 31 4 78 38 47 25 66 21 50 16 52 36 13 44 70 3 5 39 8 41 20 16 69 9 65 25 38 42 40 58 23 20 15 77 76 35 63 3 40 28 5 49 49 22 64 70 16 55 47 80 17 32 75 49 48 0 69 52 38 36 19 39 61 4 43 52 16 21 14 67 26 46 31 50 14 65 43 13 12 44 38 48 75 49 60 11 64 59 58 72 29 39 59 13 47 33 75 31 21 72 80 42 51 4 3 78 60 63 55 36 45 1 70 78 65 76 33 62 73 68 3 23 8 78 43 72 59 73 24 64 65 67 76 10 19 9 5 15 80 66 73 14 48 17 40 60 67 29 48 75 33 50 24 55 64 49 11 43 59 9 78 38 32 44 56 36 45 23 21 32 79 47 25 59 30 74 69 15 7 75 60 5 41 56 58 35 43 9 64 76 60 31 27 0 44 54 52 46 30 68 6 56 39 14 6 46 30 18 11 73 19 31 71 23 66 76 21 0 72 46 62 64 29 12 32 23 28 64 19 41 58 9 34 1 33 3 69 31 57 74 61 52 35 44 41 30 50 11 41 5 69 63 50 22 73 53 6 25 12 26 80 71 48 12 68 52 5 80 75 63 64 29 49 60 64 39 37 51 32 63 68 25 32 43 26 69 22 53 52 53 54 38 25 74 18 78 5 43 38 30 23 49 14 14 20 45 71 16 38 39 54 45 78 20 79 76 45 69 48 56 7 25 35 55 18 0 36 73 53 1 0 51 58 34 35 43 24 13 80 57 9 39 56 43 11 6 15 31 72 76 71 74 1 33 56 63 19 28 62 40 61 30 21 57 68 33 0 28 73 36 75 14 8 21 29 58 0 59 39 78 55 17 64 31 51 18 63 61 59 2 20 26 12 28 57 55 15 20 68 7 26 30 33 53 22 1 28 49 4 80 64 46 23 27 14 59 68 35 54 40 24 80 74 37 53 37 38 36 66 79 19 77 14 20 30 26 43 65 11 47 49 31 62 22 43 65 36 5 39 21 46 16 17 68 51 29 28 56 46 17 75 8 41 4 8 39 5 55 34 57 4 45 76 24 34 67 2 23 24 68 70 56 75 49 32 32 3 15 18 39 23 24 32 11 67 77 2 24 42 23 12 14 13 40 24 75 76 18 1 20 62 77 15 55 78 33 47 42 31 78 49 17 72 23 53 53 51 54 0 47 51 55 21 37 1 24 48 79 69 19 64 47 17 26 15 13 28 28 16 67 74 71 51 36 54 42 35 10 46 61 35 69 19 30 32 40 12 3 4 16 3 69 32 32 43 52 70 16 56 53 22 63 51 39 12 16 27 13 67 59 65 51 57 20 72 24 52 28 71 45 34 47 63 68 50 20 8 26 62 69 18 9 20 7 63 42 10 11 70 61 50 0 2 27 61 2 56 63 48 57 77 23 24 71 40 44 8 9 51 43 70 16 25 45 48 42 11 2 1 13 11 66 75 37 41 77 0 19 38 70 0 51 64 59 78 51 28 13 52 62 25 27 6 18 16 17 67 53 4 5 74 59 73
0 : [9, 35, 74, 172, 310, 334, 442, 447, 483, 493, 645, 738, 773, 777] (31)
1 : [21, 29, 228, 350, 446, 469, 522, 625, 651, 765] (32)
2 : [53, 506, 593, 613, 739, 742, 764] (32)
3 : [18, 66, 132, 154, 221, 237, 352, 603, 684, 687] (33)
4 : [118, 180, 220, 525, 580, 587, 685, 795] (32)
5 : [17, 61, 133, 157, 253, 298, 366, 383, 413, 564, 583, 796] (32)
6 : [27, 49, 317, 321, 373, 462, 789] (34)
7 : [41, 91, 115, 295, 437, 516, 730] (34)
8 : [13, 135, 239, 489, 578, 581, 723, 753] (35)
9 : [77, 102, 140, 252, 276, 304, 348, 457, 728, 754] (34)
10 : [38, 99, 101, 105, 250, 674, 733] (35)
11 : [34, 50, 54, 202, 273, 325, 364, 461, 555, 610, 734, 763, 767] (34)
12 : [195, 340, 375, 380, 509, 617, 683, 701] (34)
13 : [63, 97, 129, 194, 210, 454, 619, 662, 704, 766, 784] (34)
14 : [52, 75, 185, 191, 258, 320, 419, 420, 488, 531, 549, 618] (34)
15 : [149, 254, 294, 463, 513, 604, 629, 661] (34)
16 : [43, 90, 126, 138, 163, 183, 424, 568, 665, 686, 694, 702, 758, 791] (34)
17 : [64, 107, 167, 260, 498, 569, 576, 638, 659, 792] (34)
18 : [5, 15, 324, 411, 441, 502, 605, 624, 727, 790] (34)
19 : [3, 177, 251, 327, 345, 473, 547, 656, 679, 774] (34)
20 : [68, 137, 148, 421, 430, 507, 514, 550, 626, 710, 722, 729] (35)
21 : [124, 184, 215, 285, 333, 479, 490, 566, 649] (35)
22 : [70, 79, 160, 370, 403, 521, 560, 697] (35)
23 : [147, 238, 284, 330, 342, 417, 529, 594, 607, 616, 640, 748] (35)
24 : [32, 245, 269, 453, 537, 590, 595, 608, 614, 621, 652, 712, 749] (36)
25 : [122, 142, 289, 374, 398, 409, 438, 759, 787] (36)
26 : [116, 187, 376, 401, 508, 517, 552, 660, 724] (36)
27 : [309, 530, 703, 740, 788] (38)
28 : [37, 89, 156, 343, 474, 484, 510, 523, 573, 663, 664, 714, 783] (37)
29 : [56, 207, 264, 339, 388, 491, 572] (37)
30 : [94, 291, 315, 323, 362, 416, 478, 518, 551, 680] (37)
31 : [72, 87, 117, 189, 214, 308, 328, 354, 464, 500, 558, 635] (38)
32 : [168, 279, 286, 341, 395, 399, 601, 602, 609, 681, 689, 690] (37)
33 : [59, 212, 233, 267, 351, 470, 482, 519, 632] (37)
34 : [0, 10, 349, 450, 585, 591, 717] (38)
35 : [152, 302, 359, 439, 451, 534, 673, 677] (37)
36 : [11, 128, 176, 226, 282, 443, 486, 544, 563, 670] (38)
37 : [8, 19, 26, 81, 109, 111, 393, 540, 542, 650, 770] (38)
38 : [46, 76, 104, 120, 143, 175, 197, 278, 408, 415, 425, 543, 775] (38)
39 : [134, 178, 208, 319, 392, 426, 458, 495, 565, 582, 606, 700] (39)
40 : [51, 145, 155, 261, 476, 536, 620, 682, 751] (40)
41 : [12, 136, 299, 346, 361, 365, 579, 771] (40)
42 : [40, 144, 218, 615, 634, 672, 732, 762] (40)
43 : [181, 193, 241, 274, 303, 400, 414, 452, 460, 553, 561, 691, 756] (41)
44 : [84, 100, 130, 196, 280, 311, 360, 752] (41)
45 : [2, 30, 227, 283, 422, 428, 433, 588, 716, 760] (40)
46 : [20, 48, 188, 314, 322, 336, 528, 567, 575, 675] (40)
47 : [22, 67, 121, 165, 211, 288, 556, 633, 646, 658, 718] (40)
48 : [31, 171, 198, 259, 265, 379, 435, 653, 745, 761] (40)
49 : [1, 158, 159, 170, 200, 272, 389, 418, 524, 557, 600, 637] (41)
50 : [125, 190, 268, 363, 369, 721, 737] (41)
51 : [219, 394, 448, 501, 571, 643, 647, 669, 699, 708, 755, 778, 782] (40)
52 : [28, 127, 174, 182, 313, 358, 382, 405, 692, 713, 785] (40)
53 : [372, 404, 406, 445, 520, 541, 641, 642, 696, 794] (40)
54 : [113, 312, 407, 427, 535, 644, 671] (40)
55 : [39, 164, 225, 270, 440, 497, 512, 584, 630, 648] (43)
56 : [83, 281, 300, 318, 436, 459, 471, 574, 598, 695, 743] (41)
57 : [36, 60, 110, 355, 456, 480, 511, 586, 709, 746] (40)
58 : [146, 205, 301, 347, 449, 492] (41)
59 : [62, 204, 209, 243, 275, 290, 494, 505, 532, 706, 780, 798] (41)
60 : [4, 108, 201, 223, 262, 297, 307, 390] (41)
61 : [14, 33, 179, 357, 477, 504, 676, 736, 741] (42)
62 : [65, 103, 112, 234, 337, 475, 559, 627, 725, 786] (41)
63 : [98, 153, 224, 368, 386, 396, 472, 503, 698, 719, 731, 744] (42)
64 : [96, 161, 203, 246, 271, 305, 338, 344, 387, 391, 499, 527, 657, 779] (42)
65 : [114, 141, 192, 231, 247, 554, 562, 707] (42)
66 : [7, 82, 86, 88, 123, 256, 331, 545, 768] (44)
67 : [186, 248, 263, 592, 611, 666, 705, 793] (44)
68 : [55, 236, 316, 381, 397, 481, 515, 533, 570, 596, 720] (43)
69 : [44, 78, 139, 173, 293, 353, 367, 402, 434, 655, 678, 688, 726] (44)
70 : [24, 85, 131, 162, 229, 597, 693, 735, 757, 776] (44)
71 : [57, 329, 378, 423, 467, 668, 715, 750] (44)
72 : [6, 206, 216, 242, 335, 465, 639, 711] (44)
73 : [71, 235, 244, 257, 326, 371, 444, 485, 799] (45)
74 : [23, 292, 356, 410, 468, 539, 667, 797] (44)
75 : [58, 73, 169, 199, 213, 266, 296, 385, 487, 577, 599, 622, 769] (44)
76 : [151, 232, 249, 306, 332, 432, 466, 589, 623] (44)
77 : [45, 47, 69, 150, 548, 612, 628, 747, 772] (45)
78 : [80, 119, 222, 230, 240, 277, 412, 429, 496, 631, 636, 781] (44)
79 : [25, 42, 92, 93, 106, 287, 431, 546, 654] (44)
80 : [16, 95, 166, 217, 255, 377, 384, 455, 526, 538] (43)
