Name: 800-40-60
Time: 23.95142364501953 
Result: 18
Solution:  43 40 6 72 19 14 44 52 34 42 53 4 19 66 41 17 32 24 68 25 54 1 72 66 9 48 54 63 71 4 30 33 26 28 22 64 73 26 0 10 3 71 10 18 69 51 49 79 26 44 23 68 22 19 23 35 40 44 35 75 65 63 54 34 42 39 71 10 23 21 33 25 15 71 32 15 4 11 75 76 21 56 73 20 7 64 51 12 63 4 46 45 62 14 68 13 53 7 73 7 14 60 19 42 39 0 24 14 63 11 40 16 10 5 19 53 67 41 62 77 54 55 17 29 29 4 31 35 77 68 20 69 60 23 34 21 15 60 26 72 49 72 56 9 54 2 75 41 58 57 73 31 80 39 76 47 33 26 77 14 29 39 30 63 33 47 68 45 39 61 27 78 43 66 59 73 28 34 1 48 53 19 64 76 51 15 59 60 47 79 57 65 71 0 77 9 47 40 44 53 15 64 43 50 0 18 72 11 80 50 21 32 64 7 66 79 42 72 68 33 27 51 14 54 13 30 60 23 72 2 45 28 63 50 50 50 51 72 4 43 22 22 42 37 36 33 7 71 24 1 10 58 44 77 37 64 78 9 52 69 31 53 36 7 67 15 19 64 10 4 80 49 49 76 35 78 19 12 62 51 34 2 20 36 22 22 54 2 28 63 62 61 60 53 38 1 23 69 8 26 3 74 31 44 28 33 27 60 26 38 3 19 46 8 41 23 13 7 29 20 55 41 5 20 59 35 35 13 48 23 56 4 37 75 22 40 37 15 51 76 47 55 10 2 0 68 57 51 34 75 75 12 34 9 19 20 40 16 12 57 0 65 2 34 79 8 45 22 23 10 10 69 37 44 0 25 14 55 37 38 8 56 68 70 4 45 42 26 75 39 21 4 27 29 8 15 57 71 69 8 11 26 54 25 77 64 63 15 2 4 18 4 76 54 12 62 18 1 25 80 55 74 50 68 38 29 19 64 3 73 17 72 4 52 5 43 32 31 67 52 79 7 75 80 47 13 66 80 58 41 18 53 57 38 26 3 28 7 34 58 32 21 61 17 57 44 43 23 36 32 61 16 5 34 22 32 22 65 61 63 33 62 8 27 6 42 15 75 14 19 27 53 28 23 56 20 28 20 79 51 43 60 80 39 35 29 74 65 77 29 33 42 31 77 12 12 67 48 61 37 63 36 12 31 8 29 29 41 16 41 76 11 76 58 1 27 67 62 36 44 71 80 24 76 14 15 52 22 45 56 19 68 77 75 51 30 28 39 16 12 44 30 17 64 31 54 45 46 6 47 36 78 0 33 56 52 8 75 70 35 67 14 61 63 31 44 79 39 12 78 22 49 40 70 32 77 44 11 24 25 25 56 43 2 49 9 55 55 15 40 48 57 11 72 44 58 21 16 62 12 4 66 22 12 43 45 70 46 74 54 3 67 46 59 55 76 52 34 51 32 61 61 1 10 55 66 30 19 72 4 46 73 9 77 76 53 13 38 38 42 56 10 80 69 75 61 20 40 9 27 42 58 66 69 32 30 40 65 64 35 75 78 57 38 8 41 2 22 44 12 9 64 67 40 36 41 38 69 0 76 52 78 50 46 70 74 69 28 55 40 66 70 36 36 51 22 55 71 74 43 2 31 15 27 70 22 63 5 10 45 41 36 65 18 47 53 30 58 64 61 0 18 19 0 52 17 73 24 60 59 67 13 13 50 52 22 78 28 56 63 6 7 15 57 59 33 6 68 49 37 62 37 32 70 10 16 79 48 26 48 62 74 51 44 3 21 68 74 59 14 14 0 65 45 67 5 54 55 48 78
0 : [38, 105, 193, 204, 344, 360, 374, 572, 698, 740, 743, 791] (41)
1 : [21, 178, 249, 295, 417, 534, 642] (42)
2 : [145, 229, 281, 287, 343, 362, 408, 603, 686, 720] (41)
3 : [40, 300, 310, 428, 455, 630, 784] (43)
4 : [11, 29, 76, 89, 125, 238, 269, 331, 384, 391, 409, 411, 432, 620, 649] (41)
5 : [113, 322, 434, 472, 727, 795] (43)
6 : [2, 484, 568, 760, 766] (42)
7 : [84, 97, 99, 213, 246, 263, 317, 441, 457, 761] (40)
8 : [298, 313, 365, 380, 394, 399, 482, 524, 576, 684] (40)
9 : [24, 143, 195, 257, 353, 605, 652, 668, 690] (40)
10 : [39, 42, 67, 112, 250, 268, 342, 369, 370, 643, 661, 728, 774] (43)
11 : [77, 109, 207, 400, 531, 597, 612] (43)
12 : [87, 277, 351, 358, 414, 514, 515, 522, 559, 588, 619, 623, 689] (43)
13 : [95, 224, 316, 327, 445, 656, 751, 752] (43)
14 : [5, 93, 100, 107, 159, 222, 376, 488, 544, 581, 789, 790] (44)
15 : [72, 75, 136, 185, 200, 265, 337, 395, 407, 486, 545, 608, 722, 762] (43)
16 : [111, 357, 471, 528, 558, 617, 775] (45)
17 : [15, 122, 430, 463, 562, 745] (46)
18 : [43, 205, 410, 416, 450, 733, 741] (46)
19 : [4, 12, 53, 102, 114, 181, 266, 276, 311, 354, 426, 489, 550, 647, 742] (45)
20 : [83, 130, 282, 319, 323, 355, 495, 497, 666] (45)
21 : [69, 80, 135, 210, 390, 461, 616, 785] (46)
22 : [34, 52, 240, 241, 284, 285, 334, 367, 474, 476, 547, 590, 622, 687, 715, 725, 755] (45)
23 : [50, 54, 68, 133, 227, 296, 315, 329, 368, 467, 493] (48)
24 : [17, 106, 248, 542, 598, 747] (48)
25 : [19, 71, 375, 403, 418, 599, 600] (47)
26 : [32, 37, 48, 138, 157, 299, 308, 387, 401, 454, 778] (48)
27 : [170, 220, 306, 392, 483, 490, 535, 669, 723] (48)
28 : [33, 176, 231, 288, 304, 456, 492, 496, 556, 707, 757] (48)
29 : [123, 124, 160, 318, 393, 425, 505, 509, 525, 526] (48)
30 : [30, 162, 225, 555, 561, 646, 675, 736] (49)
31 : [126, 151, 260, 302, 437, 512, 523, 564, 584, 721] (48)
32 : [16, 74, 211, 436, 460, 469, 475, 594, 639, 674, 772] (48)
33 : [31, 70, 156, 164, 219, 245, 305, 480, 510, 573, 765] (48)
34 : [8, 63, 134, 177, 280, 348, 352, 363, 458, 473, 637] (48)
35 : [55, 58, 127, 274, 325, 326, 504, 579, 679] (48)
36 : [244, 262, 283, 468, 521, 538, 570, 694, 712, 713, 731] (48)
37 : [243, 254, 332, 336, 372, 378, 519, 769, 771] (49)
38 : [294, 309, 379, 424, 453, 657, 658, 683, 696] (49)
39 : [65, 104, 153, 161, 168, 389, 503, 557, 587] (49)
40 : [1, 56, 110, 197, 335, 356, 592, 609, 667, 676, 693, 709] (49)
41 : [14, 117, 147, 314, 321, 449, 527, 529, 685, 695, 730] (50)
42 : [9, 64, 103, 216, 242, 386, 485, 511, 659, 670] (49)
43 : [0, 172, 202, 239, 435, 466, 500, 602, 624, 719] (50)
44 : [6, 49, 57, 198, 252, 303, 373, 465, 539, 560, 585, 596, 614, 688, 783] (50)
45 : [91, 167, 230, 366, 385, 548, 566, 625, 729, 793] (51)
46 : [90, 312, 567, 627, 632, 650, 703] (50)
47 : [155, 165, 188, 196, 340, 444, 569, 734] (51)
48 : [25, 179, 328, 517, 610, 777, 779, 798] (53)
49 : [46, 140, 271, 272, 591, 604, 768] (53)
50 : [203, 209, 233, 234, 235, 422, 702, 753] (53)
51 : [45, 86, 184, 221, 236, 279, 338, 347, 499, 554, 638, 714, 782] (54)
52 : [7, 258, 433, 439, 546, 575, 636, 700, 744, 754] (55)
53 : [10, 96, 115, 180, 199, 261, 293, 451, 491, 655, 735] (54)
54 : [20, 26, 62, 120, 144, 223, 286, 402, 413, 565, 629, 796] (54)
55 : [121, 320, 341, 377, 420, 606, 607, 634, 644, 708, 716, 797] (54)
56 : [81, 142, 330, 381, 494, 549, 574, 601, 660, 758] (54)
57 : [149, 190, 346, 359, 396, 452, 464, 611, 682, 763] (55)
58 : [148, 251, 448, 459, 533, 615, 671, 737] (56)
59 : [174, 186, 324, 633, 749, 764, 788] (55)
60 : [101, 132, 137, 187, 226, 292, 307, 501, 748] (54)
61 : [169, 291, 462, 470, 478, 518, 582, 640, 641, 665, 739] (54)
62 : [92, 118, 278, 290, 415, 481, 537, 618, 770, 780] (55)
63 : [27, 61, 88, 108, 163, 232, 289, 406, 479, 520, 583, 726, 759] (54)
64 : [35, 85, 182, 201, 212, 255, 267, 405, 427, 563, 678, 691, 738] (54)
65 : [60, 191, 361, 477, 507, 677, 732, 792] (55)
66 : [13, 23, 173, 214, 446, 621, 645, 672, 710] (55)
67 : [116, 264, 438, 516, 536, 580, 631, 692, 750, 794] (56)
68 : [18, 51, 94, 129, 166, 218, 345, 382, 423, 551, 767, 786] (56)
69 : [44, 131, 259, 297, 371, 398, 663, 673, 697, 706] (57)
70 : [383, 578, 593, 626, 704, 711, 724, 773] (57)
71 : [28, 41, 66, 73, 192, 247, 397, 540, 717] (57)
72 : [3, 22, 139, 141, 206, 217, 228, 237, 431, 613, 648] (58)
73 : [36, 82, 98, 150, 175, 429, 651, 746] (58)
74 : [301, 421, 506, 628, 705, 718, 781, 787] (58)
75 : [59, 78, 146, 333, 349, 350, 388, 442, 487, 553, 577, 664, 680] (58)
76 : [79, 154, 183, 273, 339, 412, 530, 532, 543, 635, 654, 699] (58)
77 : [119, 128, 158, 194, 253, 404, 508, 513, 552, 595, 653] (58)
78 : [171, 256, 275, 571, 589, 681, 701, 756, 799] (57)
79 : [47, 189, 215, 364, 440, 498, 586, 776] (58)
80 : [152, 208, 270, 419, 443, 447, 502, 541, 662] (58)
