Name: 200-30-45
Time: 4.517345428466797 
Result: 14
Solution:  22 18 5 16 25 11 27 21 22 18 5 31 24 0 6 12 30 28 18 7 34 17 18 31 34 1 17 23 4 25 27 11 12 5 29 24 9 24 1 33 27 6 31 4 3 8 34 29 33 14 31 28 28 13 22 26 8 25 14 3 27 34 26 14 7 20 1 35 20 34 21 11 17 5 19 4 28 14 7 2 13 8 17 15 32 1 35 15 18 1 21 10 32 23 11 19 2 1 26 14 19 2 32 19 20 8 2 1 29 19 25 27 8 32 33 29 15 21 35 9 25 23 16 0 30 20 16 24 21 14 10 2 3 16 24 21 18 9 31 3 20 20 31 1 0 17 17 4 2 35 13 29 13 13 20 16 22 9 15 23 12 10 26 20 14 27 19 10 0 34 9 28 26 9 10 32 1 25 33 23 33 5 30 16 34 12 30 6 27 7 35 26 26 33 28 17 11 16 30 33
0 : [13, 123, 144, 168] (33)
1 : [25, 38, 66, 85, 89, 97, 107, 143, 176] (30)
2 : [79, 96, 101, 106, 131, 148] (30)
3 : [44, 59, 132, 139] (33)
4 : [28, 43, 75, 147] (32)
5 : [2, 10, 33, 73, 181] (38)
6 : [14, 41, 187] (35)
7 : [19, 64, 78, 189] (36)
8 : [45, 56, 81, 105, 112] (36)
9 : [36, 119, 137, 157, 170, 173] (35)
10 : [91, 130, 161, 167, 174] (37)
11 : [5, 31, 71, 94, 196] (35)
12 : [15, 32, 160, 185] (37)
13 : [53, 80, 150, 152, 153] (36)
14 : [49, 58, 63, 77, 99, 129, 164] (37)
15 : [83, 87, 116, 158] (37)
16 : [3, 122, 126, 133, 155, 183, 197] (38)
17 : [21, 26, 72, 82, 145, 146, 195] (37)
18 : [1, 9, 18, 22, 88, 136] (37)
19 : [74, 95, 100, 103, 109, 166] (39)
20 : [65, 68, 104, 125, 140, 141, 154, 163] (39)
21 : [7, 70, 90, 117, 128, 135] (41)
22 : [0, 8, 54, 156] (41)
23 : [27, 93, 121, 159, 179] (41)
24 : [12, 35, 37, 127, 134] (41)
25 : [4, 29, 57, 110, 120, 177] (41)
26 : [55, 62, 98, 162, 172, 191, 192] (41)
27 : [6, 30, 40, 60, 111, 165, 188] (41)
28 : [17, 51, 52, 76, 171, 194] (42)
29 : [34, 47, 108, 115, 151] (43)
30 : [16, 124, 182, 186, 198] (44)
31 : [11, 23, 42, 50, 138, 142] (41)
32 : [84, 92, 102, 113, 175] (42)
33 : [39, 48, 114, 178, 180, 193, 199] (44)
34 : [20, 24, 46, 61, 69, 169, 184] (40)
35 : [67, 86, 118, 149, 190] (43)
