Name: 200-30-45
Time: 4.501475811004639 
Result: 13
Solution:  21 18 5 16 25 11 30 21 23 18 4 30 23 0 7 12 34 27 18 6 34 12 20 33 34 0 16 27 5 22 22 12 11 6 27 28 6 24 0 33 24 7 27 1 1 7 34 31 35 13 28 27 29 14 22 26 6 22 17 3 27 34 24 14 8 18 1 35 19 34 21 12 15 6 19 4 28 14 7 4 13 10 17 13 32 0 34 15 19 1 20 9 30 23 12 20 3 1 27 14 20 1 32 18 20 9 2 0 33 19 25 25 8 32 32 29 15 21 35 12 22 26 17 2 30 21 14 23 20 14 10 3 4 16 24 22 19 8 31 3 21 18 28 3 0 17 15 4 3 35 14 28 10 10 19 17 23 9 16 25 13 8 26 18 15 25 21 9 2 35 10 29 26 9 11 32 0 24 29 22 33 5 30 16 33 10 30 6 23 8 35 25 26 33 25 17 11 16 31 33
0 : [13, 25, 38, 85, 107, 144, 176] (32)
1 : [43, 44, 66, 89, 97, 101] (32)
2 : [106, 123, 168] (32)
3 : [59, 96, 131, 139, 143, 148] (32)
4 : [10, 75, 79, 132, 147] (32)
5 : [2, 28, 181] (33)
6 : [19, 33, 36, 56, 73, 187] (34)
7 : [14, 41, 45, 78] (36)
8 : [64, 112, 137, 161, 189] (36)
9 : [91, 105, 157, 167, 173] (35)
10 : [81, 130, 152, 153, 170, 185] (37)
11 : [5, 32, 174, 196] (37)
12 : [15, 21, 31, 71, 94, 119] (37)
13 : [49, 80, 83, 160] (36)
14 : [53, 63, 77, 99, 126, 129, 150] (38)
15 : [72, 87, 116, 146, 164] (39)
16 : [3, 26, 133, 158, 183, 197] (38)
17 : [58, 82, 122, 145, 155, 195] (36)
18 : [1, 9, 18, 65, 103, 141, 163] (39)
19 : [68, 74, 88, 109, 136, 154] (39)
20 : [22, 90, 95, 100, 104, 128] (39)
21 : [0, 7, 70, 117, 125, 140, 166] (34)
22 : [29, 30, 54, 57, 120, 135, 179] (42)
23 : [8, 12, 93, 127, 156, 188] (40)
24 : [37, 40, 62, 134, 177] (40)
25 : [4, 110, 111, 159, 165, 191, 194] (42)
26 : [55, 121, 162, 172, 192] (42)
27 : [17, 27, 34, 42, 51, 60, 98] (44)
28 : [35, 50, 76, 142, 151] (43)
29 : [52, 115, 171, 178] (45)
30 : [6, 11, 92, 124, 182, 186] (44)
31 : [47, 138, 198] (44)
32 : [84, 102, 113, 114, 175] (40)
33 : [23, 39, 108, 180, 184, 193, 199] (42)
34 : [16, 20, 24, 46, 61, 69, 86] (41)
35 : [48, 67, 118, 149, 169, 190] (41)
