Name: 200-20-30
Time: 4.780041933059692 
Result: 10
Solution:  31 26 0 5 28 13 42 20 18 21 38 18 4 2 25 28 26 32 10 11 14 41 20 20 28 33 37 30 34 9 43 11 39 27 43 8 18 1 29 11 4 8 5 16 7 35 8 13 15 2 37 40 42 9 24 38 13 19 43 39 9 13 43 10 30 5 42 24 8 32 24 42 30 25 8 27 32 34 26 30 3 39 5 6 31 36 35 42 3 6 0 12 31 21 12 28 1 21 32 18 40 22 22 29 7 25 37 34 2 17 17 32 35 32 25 31 41 21 37 3 21 19 24 43 25 29 3 6 21 39 41 18 14 22 8 11 13 29 13 12 25 29 35 15 17 19 37 21 4 0 34 33 21 6 38 1 40 29 24 36 16 41 10 3 29 27 16 23 36 36 38 38 19 23 1 10 23 30 34 0 15 40 2 1 39 38 22 33 17 19 1 35 25 7 30 40 28 21 14 26
0 : [2, 90, 149, 179] (26)
1 : [37, 96, 155, 174, 183, 190] (21)
2 : [13, 49, 108, 182] (20)
3 : [80, 88, 119, 126, 163] (21)
4 : [12, 40, 148] (23)
5 : [3, 42, 65, 82] (22)
6 : [83, 89, 127, 153] (21)
7 : [44, 104, 193] (20)
8 : [35, 41, 46, 68, 74, 134] (20)
9 : [29, 53, 60] (21)
10 : [18, 63, 162, 175] (23)
11 : [19, 31, 39, 135] (22)
12 : [91, 94, 139] (22)
13 : [5, 47, 56, 61, 136, 138] (20)
14 : [20, 132, 198] (21)
15 : [48, 143, 180] (22)
16 : [43, 160, 166] (23)
17 : [109, 110, 144, 188] (24)
18 : [8, 11, 36, 99, 131] (24)
19 : [57, 121, 145, 172, 189] (23)
20 : [7, 22, 23] (25)
21 : [9, 93, 97, 117, 120, 128, 147, 152, 197] (26)
22 : [101, 102, 133, 186] (26)
23 : [167, 173, 176] (27)
24 : [54, 67, 70, 122, 158] (27)
25 : [14, 73, 105, 114, 124, 140, 192] (27)
26 : [1, 16, 78, 199] (28)
27 : [33, 75, 165] (29)
28 : [4, 15, 24, 95, 196] (26)
29 : [38, 103, 125, 137, 141, 157, 164] (27)
30 : [27, 64, 72, 79, 177, 194] (24)
31 : [0, 84, 92, 115] (25)
32 : [17, 69, 76, 98, 111, 113] (26)
33 : [25, 151, 187] (26)
34 : [28, 77, 107, 150, 178] (29)
35 : [45, 86, 112, 142, 191] (29)
36 : [85, 159, 168, 169] (29)
37 : [26, 50, 106, 118, 146] (30)
38 : [10, 55, 154, 170, 171, 185] (29)
39 : [32, 59, 81, 129, 184] (29)
40 : [51, 100, 156, 181, 195] (29)
41 : [21, 116, 130, 161] (29)
42 : [6, 52, 66, 71, 87] (29)
43 : [30, 34, 58, 62, 123] (30)
