Name: 200-20-30
Time: 4.7896568775177 
Result: 10
Solution:  31 28 2 8 29 13 43 17 19 20 38 18 4 3 25 28 24 32 8 16 13 42 22 19 28 34 37 30 37 8 40 11 38 27 42 9 15 1 26 12 4 6 5 19 11 36 9 13 18 2 32 40 42 10 24 39 11 18 41 39 7 13 43 10 31 3 43 25 6 33 24 43 29 25 13 26 30 34 27 31 1 40 5 5 31 34 35 39 4 7 2 12 28 20 16 29 0 22 32 19 41 20 23 28 7 26 33 37 3 17 17 34 35 32 25 31 43 20 38 6 20 18 25 40 25 26 6 6 21 39 40 16 15 22 9 10 13 30 9 14 24 29 35 15 17 21 38 20 6 1 34 33 25 5 34 0 39 30 25 36 13 42 9 3 30 27 14 23 36 35 36 38 14 21 1 10 24 30 33 0 15 41 3 0 41 37 23 32 18 18 0 36 21 6 28 38 31 21 12 26
0 : [96, 155, 179, 183, 190] (20)
1 : [37, 80, 149, 174] (25)
2 : [2, 49, 90] (21)
3 : [13, 65, 108, 163, 182] (22)
4 : [12, 40, 88] (20)
5 : [42, 82, 83, 153] (21)
6 : [41, 68, 119, 126, 127, 148, 193] (21)
7 : [60, 89, 104] (21)
8 : [3, 18, 29] (24)
9 : [35, 46, 134, 138, 162] (21)
10 : [53, 63, 135, 175] (22)
11 : [31, 44, 56] (21)
12 : [39, 91, 198] (24)
13 : [5, 20, 47, 61, 74, 136, 160] (23)
14 : [139, 166, 172] (22)
15 : [36, 132, 143, 180] (22)
16 : [19, 94, 131] (20)
17 : [7, 109, 110, 144] (22)
18 : [11, 48, 57, 121, 188, 189] (27)
19 : [8, 23, 43, 99] (22)
20 : [9, 93, 101, 117, 120, 147] (24)
21 : [128, 145, 173, 192, 197] (25)
22 : [22, 97, 133] (29)
23 : [102, 167, 186] (27)
24 : [16, 54, 70, 140, 176] (22)
25 : [14, 67, 73, 114, 122, 124, 152, 158] (27)
26 : [38, 75, 105, 125, 199] (30)
27 : [33, 78, 165] (27)
28 : [1, 15, 24, 92, 103, 194] (30)
29 : [4, 72, 95, 141] (26)
30 : [27, 76, 137, 157, 164, 177] (23)
31 : [0, 64, 79, 84, 115, 196] (27)
32 : [17, 50, 98, 113, 187] (26)
33 : [69, 106, 151, 178] (28)
34 : [25, 77, 85, 111, 150, 154] (30)
35 : [86, 112, 142, 169] (29)
36 : [45, 159, 168, 170, 191] (28)
37 : [26, 28, 107, 185] (29)
38 : [10, 32, 118, 146, 171, 195] (28)
39 : [55, 59, 87, 129, 156] (26)
40 : [30, 51, 81, 123, 130] (29)
41 : [58, 100, 181, 184] (30)
42 : [21, 34, 52, 161] (29)
43 : [6, 62, 66, 71, 116] (30)
