Name: 200-50-80
Time: 4.098350524902344 
Result: 5035
Solution:  48 47 5 10 22 21 12 4 35 44 40 22 0 23 1 29 33 48 45 9 21 36 24 28 21 47 15 44 14 44 27 4 39 25 1 34 30 25 9 43 31 19 34 32 3 47 5 39 39 48 26 36 26 43 28 31 17 1 45 11 26 32 40 29 28 35 49 5 6 23 25 33 7 40 31 25 35 27 49 37 5 20 7 33 4 38 34 32 12 45 3 38 29 39 48 18 32 12 12 6 16 35 46 38 15 46 33 0 3 9 0 19 8 13 14 40 42 29 30 20 7 1 20 16 25 14 34 10 43 45 24 25 7 18 39 1 13 41 43 40 30 7 18 22 26 18 23 11 24 12 40 3 16 18 23 48 36 15 41 24 4 20 2 2 11 9 18 9 10 8 18 24 1 42 35 14 11 49 46 6 49 32 13 18 41 11 6 18 13 30 17 30 2 5 47 46 37 36 37 26
0 : [12, 107, 110] (53)
1 : [14, 34, 57, 121, 135, 172] (47)
2 : [162, 163, 192] (52)
3 : [44, 90, 108, 151] (51)
4 : [7, 31, 84, 160] (52)
5 : [2, 46, 67, 80, 193] (55)
6 : [68, 99, 179, 186] (57)
7 : [72, 82, 120, 132, 141] (51)
8 : [112, 169] (62)
9 : [19, 38, 109, 165, 167] (56)
10 : [3, 127, 168] (68)
11 : [59, 147, 164, 176, 185] (56)
12 : [6, 88, 97, 98, 149] (60)
13 : [113, 136, 182, 188] (54)
14 : [28, 114, 125, 175] (59)
15 : [26, 104, 157] (60)
16 : [100, 123, 152] (62)
17 : [56, 190] (68)
18 : [95, 133, 142, 145, 153, 166, 170, 183, 187] (80)
19 : [41, 111] (66)
20 : [81, 119, 122, 161] (51)
21 : [5, 20, 24] (69)
22 : [4, 11, 143] (68)
23 : [13, 69, 146, 154] (66)
24 : [22, 130, 148, 159, 171] (68)
25 : [33, 37, 70, 75, 124, 131] (68)
26 : [50, 52, 60, 144, 199] (66)
27 : [30, 77] (76)
28 : [23, 54, 64] (76)
29 : [15, 63, 92, 117] (77)
30 : [36, 118, 140, 189, 191] (70)
31 : [40, 55, 74] (71)
32 : [43, 61, 87, 96, 181] (78)
33 : [16, 71, 83, 106] (69)
34 : [35, 42, 86, 126] (69)
35 : [8, 65, 76, 101, 174] (72)
36 : [21, 51, 156, 197] (69)
37 : [79, 196, 198] (73)
38 : [85, 91, 103] (77)
39 : [32, 47, 48, 93, 134] (77)
40 : [10, 62, 73, 115, 139, 150] (64)
41 : [137, 158, 184] (78)
42 : [116, 173] (72)
43 : [39, 53, 128, 138] (75)
44 : [9, 27, 29] (82)
45 : [18, 58, 89, 129] (73)
46 : [102, 105, 178, 195] (74)
47 : [1, 25, 45, 194] (77)
48 : [0, 17, 49, 94, 155] (80)
49 : [66, 78, 177, 180] (80)
