Name: 200-50-80
Time: 4.0891313552856445 
Result: 6035
Solution:  48 47 5 10 21 21 15 3 35 46 41 24 1 19 1 29 33 47 46 9 21 36 23 28 22 47 16 44 15 44 27 2 37 27 1 33 34 23 12 43 32 20 33 32 4 46 5 40 38 47 30 37 27 48 29 34 17 3 45 11 26 27 40 30 28 35 49 3 6 25 25 33 9 40 31 24 36 26 49 37 5 17 7 31 4 36 35 29 11 45 3 41 29 39 48 18 31 11 12 6 16 35 45 37 18 49 34 0 4 9 0 19 8 11 14 40 42 30 30 23 7 2 21 15 27 13 36 11 43 43 24 25 5 17 40 3 13 41 43 40 30 9 15 22 28 17 25 14 22 12 38 3 18 18 23 44 39 17 41 23 2 20 2 1 10 9 18 7 12 8 19 25 1 42 34 15 14 49 44 4 48 30 15 17 39 7 6 18 13 31 14 33 0 5 46 43 39 36 38 26
0 : [107, 110, 192] (58)
1 : [12, 14, 34, 163, 172] (54)
2 : [31, 121, 160, 162] (53)
3 : [7, 57, 67, 90, 135, 151] (48)
4 : [44, 84, 108, 179] (51)
5 : [2, 46, 80, 132, 193] (50)
6 : [68, 99, 186] (54)
7 : [82, 120, 167, 185] (57)
8 : [112, 169] (62)
9 : [19, 72, 109, 141, 165] (51)
10 : [3, 164] (56)
11 : [59, 88, 97, 113, 127] (57)
12 : [38, 98, 149, 168] (67)
13 : [125, 136, 188] (59)
14 : [114, 147, 176, 190] (58)
15 : [6, 28, 123, 142, 175, 182] (57)
16 : [26, 100] (68)
17 : [56, 81, 133, 145, 157, 183] (58)
18 : [95, 104, 152, 153, 166, 187] (57)
19 : [13, 111, 170] (58)
20 : [41, 161] (60)
21 : [4, 5, 20, 122] (59)
22 : [24, 143, 148] (66)
23 : [22, 37, 119, 154, 159] (65)
24 : [11, 75, 130] (70)
25 : [69, 70, 131, 146, 171] (72)
26 : [60, 77, 199] (83)
27 : [30, 33, 52, 61, 124] (70)
28 : [23, 64, 144] (75)
29 : [15, 54, 87, 92] (76)
30 : [50, 63, 117, 118, 140, 181] (72)
31 : [74, 83, 96, 189] (73)
32 : [40, 43] (73)
33 : [16, 35, 42, 71, 191] (78)
34 : [36, 55, 106, 174] (73)
35 : [8, 65, 86, 101] (73)
36 : [21, 76, 85, 126, 197] (77)
37 : [32, 51, 79, 103] (80)
38 : [48, 150, 198] (76)
39 : [93, 156, 184, 196] (75)
40 : [47, 62, 73, 115, 134, 139] (71)
41 : [10, 91, 137, 158] (71)
42 : [116, 173] (72)
43 : [39, 128, 129, 138, 195] (72)
44 : [27, 29, 155, 178] (76)
45 : [58, 89, 102] (75)
46 : [9, 18, 45, 194] (80)
47 : [1, 17, 25, 49] (81)
48 : [0, 53, 94, 180] (77)
49 : [66, 78, 105, 177] (80)
