Name: 200-30-45
Time: 4.524174690246582 
Result: 13
Solution:  21 20 6 16 24 8 29 22 23 18 5 31 24 1 3 12 31 27 20 8 34 14 18 31 35 0 16 23 4 23 27 12 15 6 27 26 6 26 1 31 24 7 30 3 0 10 34 27 33 13 28 28 29 12 21 26 5 22 16 5 30 34 26 14 7 19 4 35 22 34 19 11 16 6 19 4 28 14 8 4 13 10 19 13 32 2 34 15 19 2 20 7 33 26 11 23 2 2 28 18 19 1 32 19 20 14 2 2 29 19 25 27 6 32 32 28 12 21 35 9 25 24 20 1 30 22 14 24 20 11 10 4 7 15 26 22 17 11 31 3 20 21 29 2 0 17 17 4 0 35 14 27 12 11 18 14 22 9 16 21 13 8 25 20 14 28 19 10 1 34 10 25 26 6 11 32 0 28 33 23 33 5 31 17 35 9 30 6 23 9 34 25 27 33 27 15 11 13 30 32
0 : [25, 44, 144, 148, 176] (31)
1 : [13, 38, 101, 123, 168] (31)
2 : [85, 89, 96, 97, 106, 107, 143] (31)
3 : [14, 43, 139] (35)
4 : [28, 66, 75, 79, 131, 147] (31)
5 : [10, 56, 59, 181] (37)
6 : [2, 33, 36, 73, 112, 173, 187] (34)
7 : [41, 64, 91, 132] (34)
8 : [5, 19, 78, 161] (34)
9 : [119, 157, 185, 189] (36)
10 : [45, 81, 130, 167, 170] (33)
11 : [71, 94, 129, 137, 153, 174, 196] (34)
12 : [15, 31, 53, 116, 152] (37)
13 : [49, 80, 83, 160, 197] (39)
14 : [21, 63, 77, 105, 126, 150, 155, 164] (33)
15 : [32, 87, 133, 195] (38)
16 : [3, 26, 58, 72, 158] (39)
17 : [136, 145, 146, 183] (41)
18 : [9, 22, 99, 154] (43)
19 : [65, 70, 74, 82, 88, 100, 103, 109, 166] (39)
20 : [1, 18, 90, 104, 122, 128, 140, 163] (40)
21 : [0, 54, 117, 141, 159] (40)
22 : [7, 57, 68, 125, 135, 156] (41)
23 : [8, 27, 29, 95, 179, 188] (43)
24 : [4, 12, 40, 121, 127] (41)
25 : [110, 120, 162, 171, 191] (41)
26 : [35, 37, 55, 62, 93, 134, 172] (41)
27 : [17, 30, 34, 47, 111, 151, 192, 194] (41)
28 : [50, 51, 76, 98, 115, 165, 177] (42)
29 : [6, 52, 108, 142] (43)
30 : [42, 60, 124, 186, 198] (44)
31 : [11, 16, 23, 39, 138, 182] (41)
32 : [84, 102, 113, 114, 175, 199] (42)
33 : [48, 92, 178, 180, 193] (40)
34 : [20, 46, 61, 69, 86, 169, 190] (42)
35 : [24, 67, 118, 149, 184] (41)
