Name: 200-20-30
Time: 4.82724404335022 
Result: 10
Solution:  29 31 2 8 28 15 43 18 18 20 38 19 4 1 24 25 25 32 12 10 14 42 19 20 28 33 37 30 34 7 39 11 41 26 41 8 15 1 25 14 3 9 5 18 6 35 10 12 14 2 36 40 43 7 23 39 11 22 42 41 8 13 43 10 31 3 43 25 9 34 23 43 32 25 9 27 31 34 26 28 4 40 5 5 32 33 35 42 3 6 0 13 28 22 16 27 1 21 31 17 36 20 25 30 9 27 37 35 2 19 17 31 32 32 25 29 42 23 38 3 20 19 25 41 28 29 6 7 21 39 40 20 14 22 9 10 13 28 12 17 23 29 33 12 19 21 38 20 5 0 36 32 24 7 38 2 39 30 24 37 15 40 9 2 30 26 16 21 35 37 35 36 16 24 1 11 24 32 34 0 15 42 8 1 41 38 23 31 16 18 0 36 25 6 30 40 30 22 13 27
0 : [90, 149, 179, 190] (20)
1 : [13, 37, 96, 174, 183] (21)
2 : [2, 49, 108, 155, 163] (22)
3 : [40, 65, 88, 119] (20)
4 : [12, 80] (20)
5 : [42, 82, 83, 148] (22)
6 : [44, 89, 126, 193] (21)
7 : [29, 53, 127, 153] (24)
8 : [3, 35, 60, 182] (20)
9 : [41, 68, 74, 104, 134, 162] (20)
10 : [19, 46, 63, 135] (23)
11 : [31, 56, 175] (20)
12 : [18, 47, 138, 143] (22)
13 : [61, 91, 136, 198] (21)
14 : [20, 39, 48, 132] (22)
15 : [5, 36, 160, 180] (21)
16 : [94, 166, 172, 188] (22)
17 : [99, 110, 139] (25)
18 : [7, 8, 43, 189] (21)
19 : [11, 22, 109, 121, 144] (30)
20 : [9, 23, 101, 120, 131, 147] (28)
21 : [97, 128, 145, 167] (27)
22 : [57, 93, 133, 197] (27)
23 : [54, 70, 117, 140, 186] (27)
24 : [14, 152, 158, 173, 176] (26)
25 : [15, 16, 38, 67, 73, 102, 114, 122, 192] (27)
26 : [33, 78, 165] (27)
27 : [75, 95, 105, 199] (26)
28 : [4, 24, 79, 92, 124, 137] (27)
29 : [0, 115, 125, 141] (28)
30 : [27, 103, 157, 164, 194, 196] (26)
31 : [1, 64, 76, 98, 111, 187] (26)
32 : [17, 72, 84, 112, 113, 151, 177] (26)
33 : [25, 85, 142] (28)
34 : [28, 69, 77, 178] (26)
35 : [45, 86, 107, 168, 170] (27)
36 : [50, 100, 150, 171, 191] (28)
37 : [26, 106, 159, 169] (30)
38 : [10, 118, 146, 154, 185] (29)
39 : [30, 55, 129, 156] (30)
40 : [51, 81, 130, 161, 195] (29)
41 : [32, 34, 59, 123, 184] (28)
42 : [21, 58, 87, 116, 181] (30)
43 : [6, 52, 62, 66, 71] (30)
