Name: 200-50-80
Time: 4.063771963119507 
Result: 6035
Solution:  47 48 4 10 23 19 13 3 35 46 40 22 1 19 0 28 34 47 45 10 24 36 24 28 21 47 16 43 15 44 27 2 37 25 0 33 31 24 9 45 32 18 34 35 3 45 7 42 39 47 29 35 26 43 30 34 17 0 44 9 26 30 40 32 28 35 49 3 6 23 24 33 8 40 31 25 35 27 49 37 5 19 8 33 4 37 38 30 14 44 3 38 29 40 49 18 30 11 12 2 16 34 46 39 15 46 32 1 4 11 0 20 7 12 15 39 42 31 29 22 7 2 20 17 25 14 37 10 44 43 24 26 9 19 40 3 12 41 43 37 33 10 15 21 26 19 25 11 20 12 38 3 17 18 23 46 37 15 41 23 6 19 3 0 9 8 17 8 11 5 20 26 2 42 34 14 11 49 48 8 48 32 14 17 41 8 6 21 14 28 13 32 1 4 48 45 36 37 36 29
0 : [14, 34, 57, 110, 163] (53)
1 : [12, 107, 192] (62)
2 : [31, 99, 121, 172] (51)
3 : [7, 44, 67, 90, 135, 151, 162] (56)
4 : [2, 84, 108, 193] (51)
5 : [80, 169] (57)
6 : [68, 160, 186] (55)
7 : [46, 112, 120] (54)
8 : [72, 82, 165, 167, 179, 185] (52)
9 : [38, 59, 132, 164] (52)
10 : [3, 19, 127, 141] (56)
11 : [97, 109, 147, 168, 176] (64)
12 : [98, 113, 136, 149] (63)
13 : [6, 190] (72)
14 : [88, 125, 175, 182, 188] (63)
15 : [28, 104, 114, 142, 157] (63)
16 : [26, 100] (68)
17 : [56, 123, 152, 166, 183] (59)
18 : [41, 95, 153] (60)
19 : [5, 13, 81, 133, 145, 161] (57)
20 : [111, 122, 148, 170] (59)
21 : [24, 143, 187] (58)
22 : [11, 119] (62)
23 : [4, 69, 154, 159] (64)
24 : [20, 22, 37, 70, 130] (64)
25 : [33, 75, 124, 146] (61)
26 : [52, 60, 131, 144, 171] (66)
27 : [30, 77] (76)
28 : [15, 23, 64, 189] (69)
29 : [50, 92, 118, 199] (71)
30 : [54, 61, 87, 96] (69)
31 : [36, 74, 117] (72)
32 : [40, 63, 106, 181, 191] (74)
33 : [35, 71, 83, 140] (74)
34 : [16, 42, 55, 101, 174] (75)
35 : [8, 43, 51, 65, 76] (68)
36 : [21, 196, 198] (86)
37 : [32, 79, 85, 126, 139, 156, 197] (73)
38 : [86, 91, 150] (77)
39 : [48, 103, 115] (78)
40 : [10, 62, 73, 93, 134] (76)
41 : [137, 158, 184] (78)
42 : [47, 116, 173] (75)
43 : [27, 53, 129, 138] (78)
44 : [29, 58, 89, 128] (73)
45 : [18, 39, 45, 195] (80)
46 : [9, 102, 105, 155] (80)
47 : [0, 17, 25, 49] (77)
48 : [1, 178, 180, 194] (79)
49 : [66, 78, 94, 177] (74)
