Name: 200-20-30
Time: 4.747773885726929 
Result: 10
Solution:  30 26 4 7 29 15 42 18 19 24 37 18 7 2 24 23 24 34 8 13 12 42 22 19 29 34 37 30 34 9 41 11 40 27 42 8 15 1 28 11 3 8 6 17 10 35 11 13 15 1 33 39 42 6 23 38 15 21 43 41 9 13 43 10 31 3 42 25 9 31 25 43 29 25 12 28 33 34 27 28 2 41 5 5 32 35 35 40 5 7 0 12 31 20 12 28 1 21 32 17 37 20 23 33 6 27 36 35 3 18 18 34 32 34 25 28 43 22 37 4 20 19 24 40 23 28 3 6 21 39 41 16 15 23 8 10 11 30 9 13 24 30 36 14 19 19 38 20 4 0 33 32 21 5 36 1 40 33 24 38 16 40 12 2 29 26 16 21 35 37 36 38 14 23 3 10 25 32 33 0 17 39 4 0 40 39 22 31 18 20 1 36 25 8 28 38 30 21 14 27
0 : [90, 149, 179, 183] (22)
1 : [37, 49, 96, 155, 190] (22)
2 : [13, 80, 163] (21)
3 : [40, 65, 108, 126, 174] (21)
4 : [2, 119, 148, 182] (21)
5 : [82, 83, 88, 153] (21)
6 : [42, 53, 104, 127] (20)
7 : [3, 12, 89] (20)
8 : [18, 35, 41, 134, 193] (21)
9 : [29, 60, 68, 138] (22)
10 : [44, 63, 135, 175] (23)
11 : [31, 39, 46, 136] (21)
12 : [20, 74, 91, 94, 162] (23)
13 : [19, 47, 61, 139] (22)
14 : [143, 172, 198] (22)
15 : [5, 36, 48, 56, 132] (22)
16 : [131, 160, 166] (23)
17 : [43, 99, 180] (24)
18 : [7, 11, 109, 110, 188] (25)
19 : [8, 23, 121, 144, 145] (25)
20 : [93, 101, 120, 147, 189] (24)
21 : [57, 97, 128, 152, 167, 197] (26)
22 : [22, 117, 186] (26)
23 : [15, 54, 102, 124, 133, 173] (26)
24 : [9, 14, 16, 122, 140, 158] (26)
25 : [67, 70, 73, 114, 176, 192] (28)
26 : [1, 165] (25)
27 : [33, 78, 105, 199] (28)
28 : [38, 75, 79, 95, 115, 125, 194] (29)
29 : [4, 24, 72, 164] (29)
30 : [0, 27, 137, 141, 196] (28)
31 : [64, 69, 92, 187] (27)
32 : [84, 98, 112, 151, 177] (26)
33 : [50, 76, 103, 150, 157, 178] (27)
34 : [17, 25, 28, 77, 111, 113] (27)
35 : [45, 85, 86, 107, 168] (28)
36 : [106, 142, 154, 170, 191] (29)
37 : [10, 26, 100, 118, 169] (30)
38 : [55, 146, 159, 171, 195] (29)
39 : [51, 129, 181, 185] (28)
40 : [32, 87, 123, 156, 161, 184] (28)
41 : [30, 59, 81, 130] (28)
42 : [6, 21, 34, 52, 66] (29)
43 : [58, 62, 71, 116] (28)
