Name: 200-30-45
Time: 4.499297857284546 
Result: 13
Solution:  21 21 6 16 24 9 27 21 22 18 4 29 23 0 5 13 34 28 20 12 34 15 20 32 35 0 13 26 5 23 22 11 14 6 27 24 7 23 4 31 27 8 28 3 1 7 33 29 33 13 29 31 28 15 24 29 5 23 17 4 31 35 25 13 11 18 2 35 19 32 19 10 17 6 19 6 27 15 6 2 8 7 17 13 32 0 33 14 19 1 20 10 31 23 12 19 4 1 26 17 21 2 32 19 20 9 2 3 33 19 25 26 7 32 35 29 14 21 34 10 22 24 20 0 30 21 16 24 22 11 9 5 4 16 26 23 18 9 31 3 21 21 28 1 0 17 16 4 3 35 15 29 10 11 18 15 22 8 16 22 12 7 25 20 15 25 19 10 1 35 10 25 26 7 11 32 2 26 34 21 33 6 30 16 34 13 30 6 25 9 34 30 27 33 28 15 11 15 30 33
0 : [13, 25, 85, 123, 144] (32)
1 : [44, 89, 97, 143, 168] (31)
2 : [66, 79, 101, 106, 176] (31)
3 : [43, 107, 139, 148] (31)
4 : [10, 38, 59, 96, 132, 147] (31)
5 : [14, 28, 56, 131] (33)
6 : [2, 33, 73, 75, 78, 181, 187] (32)
7 : [36, 45, 81, 112, 161, 173] (36)
8 : [41, 80, 157] (37)
9 : [5, 105, 130, 137, 189] (35)
10 : [71, 91, 119, 152, 167, 170] (35)
11 : [31, 64, 129, 153, 174, 196] (36)
12 : [19, 94, 160] (38)
13 : [15, 26, 49, 63, 83, 185] (37)
14 : [32, 87, 116] (38)
15 : [21, 53, 77, 150, 155, 164, 195, 197] (37)
16 : [3, 126, 133, 146, 158, 183] (38)
17 : [58, 72, 82, 99, 145] (39)
18 : [9, 65, 136, 154] (40)
19 : [68, 70, 74, 88, 95, 103, 109, 166] (39)
20 : [18, 22, 90, 104, 122, 163] (38)
21 : [0, 1, 7, 100, 117, 125, 140, 141, 179] (38)
22 : [8, 30, 120, 128, 156, 159] (39)
23 : [12, 29, 37, 57, 93, 135] (42)
24 : [4, 35, 54, 121, 127] (43)
25 : [62, 110, 162, 165, 171, 188] (42)
26 : [27, 98, 111, 134, 172, 177] (42)
27 : [6, 34, 40, 76, 192] (42)
28 : [17, 42, 52, 142, 194] (43)
29 : [11, 47, 50, 55, 115, 151] (42)
30 : [124, 182, 186, 191, 198] (43)
31 : [39, 51, 60, 92, 138] (42)
32 : [23, 69, 84, 102, 113, 175] (43)
33 : [46, 48, 86, 108, 180, 193, 199] (44)
34 : [16, 20, 118, 178, 184, 190] (42)
35 : [24, 61, 67, 114, 149, 169] (42)
