Name: 200-40-60
Time: 4.102896213531494 
Result: 1021
Solution:  10 0 22 13 16 2 19 5 10 6 0 15 22 12 23 0 6 8 15 13 5 8 27 28 8 24 26 26 6 14 2 2 22 18 10 16 26 3 28 17 21 14 12 26 17 2 10 19 0 21 8 12 29 27 11 24 7 10 25 19 0 21 25 4 22 18 29 19 19 4 16 13 6 0 17 26 20 27 22 23 13 7 11 17 7 28 15 9 27 19 10 20 14 18 19 14 28 13 27 20 4 15 19 1 13 24 13 13 16 25 1 29 27 7 7 28 9 9 5 20 4 6 18 16 18 21 14 2 26 28 2 4 7 11 29 26 22 24 29 18 22 23 14 3 10 4 14 20 10 16 20 2 8 24 17 16 20 6 2 9 24 19 17 2 0 25 8 25 17 28 26 3 22 9 21 16 1 9 13 15 1 7 4 26 11 25 9 21 5 12 22 2 4 12 26 11 10 23 13 26
0 : [1, 10, 15, 48, 60, 73, 164] (41)
1 : [103, 110, 176, 180] (40)
2 : [5, 30, 31, 45, 127, 130, 151, 158, 163, 191] (41)
3 : [37, 143, 171] (40)
4 : [63, 69, 100, 120, 131, 145, 182, 192] (42)
5 : [7, 20, 118, 188] (41)
6 : [9, 16, 28, 72, 121, 157] (44)
7 : [56, 81, 84, 113, 114, 132, 181] (44)
8 : [17, 21, 24, 50, 152, 166] (44)
9 : [87, 116, 117, 159, 173, 177, 186] (44)
10 : [0, 8, 34, 46, 57, 90, 144, 148, 196] (46)
11 : [54, 82, 133, 184, 195] (45)
12 : [13, 42, 51, 189, 193] (49)
13 : [3, 19, 71, 80, 97, 104, 106, 107, 178, 198] (47)
14 : [29, 41, 92, 95, 126, 142, 146] (51)
15 : [11, 18, 86, 101, 179] (50)
16 : [4, 35, 70, 108, 123, 149, 155, 175] (51)
17 : [39, 44, 74, 83, 154, 162, 168] (51)
18 : [33, 65, 93, 122, 124, 139] (50)
19 : [6, 47, 59, 67, 68, 89, 94, 102, 161] (53)
20 : [76, 91, 99, 119, 147, 150, 156] (57)
21 : [40, 49, 61, 125, 174, 187] (57)
22 : [2, 12, 32, 64, 78, 136, 140, 172, 190] (58)
23 : [14, 79, 141, 197] (57)
24 : [25, 55, 105, 137, 153, 160] (56)
25 : [58, 62, 109, 165, 167, 185] (58)
26 : [26, 27, 36, 43, 75, 128, 135, 170, 183, 194, 199] (58)
27 : [22, 53, 77, 88, 98, 112] (58)
28 : [23, 38, 85, 96, 115, 129, 169] (61)
29 : [52, 66, 111, 134, 138] (60)
