Name: 200-50-80
Time: 4.058223724365234 
Result: 7033
Solution:  47 48 5 10 21 20 13 3 35 46 41 23 1 19 2 29 35 48 46 9 24 36 23 28 22 47 16 45 13 44 27 3 39 25 1 34 30 25 9 43 31 17 34 33 3 45 5 41 40 48 27 37 27 49 33 34 17 2 44 9 26 32 41 30 28 35 49 8 6 23 26 32 7 41 31 24 39 26 47 35 5 21 7 31 4 36 35 30 12 44 3 40 29 39 48 18 30 12 12 3 16 34 46 38 18 45 33 1 2 8 0 19 7 12 13 39 43 29 32 22 8 2 21 18 25 14 39 12 43 45 24 25 8 20 39 4 14 40 43 40 32 8 20 21 28 21 25 12 20 11 39 7 21 18 23 44 36 15 41 22 4 20 1 0 10 8 19 9 11 6 19 27 2 42 34 13 14 48 45 7 47 32 12 18 37 9 5 18 13 27 15 33 0 5 49 43 37 38 36 27
0 : [110, 163, 192] (57)
1 : [12, 34, 107, 162] (52)
2 : [14, 57, 108, 121, 172] (53)
3 : [7, 31, 44, 90, 99] (59)
4 : [84, 135, 160] (57)
5 : [2, 46, 80, 186, 193] (57)
6 : [68, 169] (61)
7 : [72, 82, 112, 151, 179] (53)
8 : [67, 109, 120, 132, 141, 165] (54)
9 : [19, 38, 59, 167, 185] (57)
10 : [3, 164] (56)
11 : [149, 168] (54)
12 : [88, 97, 98, 113, 127, 147, 182] (54)
13 : [6, 28, 114, 175, 188] (54)
14 : [125, 136, 176] (55)
15 : [157, 190] (57)
16 : [26, 100] (68)
17 : [41, 56] (71)
18 : [95, 104, 123, 153, 183, 187] (60)
19 : [13, 111, 166, 170] (63)
20 : [5, 133, 142, 148, 161] (61)
21 : [4, 81, 122, 143, 145, 152] (60)
22 : [24, 119, 159] (74)
23 : [11, 22, 69, 154] (66)
24 : [20, 75, 130] (66)
25 : [33, 37, 124, 131, 146] (66)
26 : [60, 70, 77] (70)
27 : [30, 50, 52, 171, 189, 199] (68)
28 : [23, 64, 144] (75)
29 : [15, 92, 117] (70)
30 : [36, 63, 87, 96] (73)
31 : [40, 74, 83] (85)
32 : [61, 71, 118, 140, 181] (70)
33 : [43, 54, 106, 191] (69)
34 : [35, 42, 55, 101, 174] (78)
35 : [8, 16, 65, 79, 86] (78)
36 : [21, 85, 156, 198] (71)
37 : [51, 184, 196] (72)
38 : [103, 197] (75)
39 : [32, 76, 93, 115, 126, 134, 150] (79)
40 : [48, 91, 137, 139] (79)
41 : [10, 47, 62, 73, 158] (64)
42 : [173] (68)
43 : [39, 116, 128, 138, 195] (71)
44 : [29, 58, 89, 155] (80)
45 : [27, 45, 105, 129, 178] (76)
46 : [9, 18, 102] (79)
47 : [0, 25, 78, 180] (78)
48 : [1, 17, 49, 94, 177] (82)
49 : [53, 66, 194] (79)
