Name: 200-40-60
Time: 4.162436485290527 
Result: 19
Solution:  9 2 22 10 16 3 20 9 13 7 1 13 21 11 22 1 6 7 18 9 4 7 26 28 8 21 26 24 6 15 1 5 22 17 10 18 26 2 29 17 19 12 9 27 17 2 12 20 0 20 6 11 29 26 11 24 6 12 23 16 3 20 23 6 23 18 29 19 19 5 15 12 8 1 17 24 21 27 23 25 11 7 12 17 10 26 14 9 28 19 10 24 14 17 16 15 28 13 28 17 4 14 18 0 15 25 13 14 16 26 0 27 27 7 9 29 9 11 4 20 6 6 18 15 18 21 12 3 24 28 2 4 3 14 29 26 24 24 27 19 26 25 15 0 10 5 16 20 10 15 20 2 5 22 17 14 21 3 2 9 25 19 20 2 2 24 10 26 19 29 26 3 22 9 22 16 1 9 12 15 2 7 4 27 12 25 8 21 5 13 21 3 5 11 27 13 7 24 13 26
0 : [48, 103, 110, 143] (43)
1 : [10, 15, 30, 73, 176] (46)
2 : [1, 37, 45, 130, 151, 158, 163, 164, 180] (41)
3 : [5, 60, 127, 132, 157, 171, 191] (42)
4 : [20, 100, 118, 131, 182] (42)
5 : [31, 69, 145, 152, 188, 192] (41)
6 : [16, 28, 50, 56, 63, 120, 121] (41)
7 : [9, 17, 21, 81, 113, 181, 196] (42)
8 : [24, 72, 186] (46)
9 : [0, 7, 19, 42, 87, 114, 116, 159, 173, 177] (43)
10 : [3, 34, 84, 90, 144, 148, 166] (44)
11 : [13, 51, 54, 80, 117, 193] (47)
12 : [41, 46, 57, 71, 82, 126, 178, 184] (47)
13 : [8, 11, 97, 106, 189, 195, 198] (48)
14 : [86, 92, 101, 107, 133, 155] (50)
15 : [29, 70, 95, 104, 123, 142, 149, 179] (52)
16 : [4, 59, 94, 108, 146, 175] (53)
17 : [33, 39, 44, 74, 83, 93, 99, 154] (53)
18 : [18, 35, 65, 102, 122, 124] (54)
19 : [40, 67, 68, 89, 139, 161, 168] (52)
20 : [6, 47, 49, 61, 119, 147, 150, 162] (52)
21 : [12, 25, 76, 125, 156, 187, 190] (55)
22 : [2, 14, 32, 153, 172, 174] (54)
23 : [58, 62, 64, 78] (58)
24 : [27, 55, 75, 91, 128, 136, 137, 165, 197] (59)
25 : [79, 105, 141, 160, 185] (59)
26 : [22, 26, 36, 53, 85, 109, 135, 140, 167, 170, 199] (53)
27 : [43, 77, 111, 112, 138, 183, 194] (58)
28 : [23, 88, 96, 98, 129] (59)
29 : [38, 52, 66, 115, 134, 169] (60)
