Name: 200-50-80
Time: 4.016644239425659 
Result: 8033
Solution:  48 47 5 10 21 19 12 3 35 45 39 22 1 20 1 29 35 47 45 9 24 36 23 28 22 46 12 44 14 44 27 4 38 27 1 34 33 23 12 44 31 17 34 32 4 47 8 41 40 49 27 36 27 46 29 32 18 2 45 10 26 29 41 32 28 38 49 3 6 25 25 32 8 39 31 23 37 26 48 35 5 19 7 31 4 36 35 30 11 43 3 41 29 40 49 18 33 14 15 3 16 34 46 38 18 46 34 1 4 9 0 22 7 11 14 39 42 30 30 23 7 2 21 15 25 14 39 12 43 45 24 25 5 19 39 5 11 41 43 39 33 8 19 20 28 19 21 13 20 10 38 2 20 18 23 45 37 16 41 25 2 19 3 0 9 8 19 8 13 6 21 24 1 42 34 13 11 48 48 5 49 29 13 17 40 8 5 21 13 27 15 33 0 5 49 43 37 36 37 26
0 : [110, 163, 192] (57)
1 : [12, 14, 34, 107, 172] (55)
2 : [57, 121, 151, 160] (52)
3 : [7, 67, 90, 99, 162] (53)
4 : [31, 44, 84, 108] (56)
5 : [2, 80, 132, 135, 179, 186, 193] (55)
6 : [68, 169] (61)
7 : [82, 112, 120] (56)
8 : [46, 72, 141, 165, 167, 185] (58)
9 : [19, 109, 164] (64)
10 : [3, 59, 149] (56)
11 : [88, 113, 136, 176] (56)
12 : [6, 26, 38, 127] (61)
13 : [147, 168, 175, 182, 188] (54)
14 : [28, 97, 114, 125] (58)
15 : [98, 123, 190] (55)
16 : [100, 157] (56)
17 : [41, 183] (64)
18 : [56, 95, 104, 153] (59)
19 : [5, 81, 133, 142, 145, 161, 166] (58)
20 : [13, 143, 148, 152] (66)
21 : [4, 122, 146, 170, 187] (61)
22 : [11, 24, 111] (66)
23 : [22, 37, 75, 119, 154] (64)
24 : [20, 130, 171] (63)
25 : [69, 70, 124, 131, 159] (64)
26 : [60, 77, 199] (83)
27 : [30, 33, 50, 52, 189] (72)
28 : [23, 64, 144] (75)
29 : [15, 54, 61, 92, 181] (74)
30 : [87, 117, 118] (62)
31 : [40, 74, 83] (85)
32 : [43, 55, 63, 71] (80)
33 : [36, 96, 140, 191] (73)
34 : [35, 42, 101, 106, 174] (71)
35 : [8, 16, 79, 86] (75)
36 : [21, 51, 85, 197] (79)
37 : [76, 156, 196, 198] (71)
38 : [32, 65, 103, 150] (72)
39 : [10, 73, 115, 126, 134, 139] (73)
40 : [48, 93, 184] (74)
41 : [47, 62, 91, 137, 158] (74)
42 : [116, 173] (72)
43 : [89, 128, 138, 195] (78)
44 : [27, 29, 39] (77)
45 : [9, 18, 58, 129, 155] (76)
46 : [25, 53, 102, 105] (77)
47 : [1, 17, 45] (78)
48 : [0, 78, 177, 178] (78)
49 : [49, 66, 94, 180, 194] (77)
