Name: 200-40-60
Time: 4.1868321895599365 
Result: 60
Solution:  10 0 23 10 16 0 20 6 12 6 0 13 22 11 22 0 6 7 16 9 2 8 25 28 11 21 25 25 9 14 4 2 25 18 11 16 26 2 29 17 21 12 13 27 17 2 12 18 0 20 8 12 29 25 10 23 7 10 24 19 2 20 26 5 22 19 29 18 18 4 15 12 7 0 20 25 20 27 23 25 10 6 11 18 9 26 17 9 28 19 10 21 14 18 18 17 28 13 27 20 5 14 19 1 15 24 15 14 15 24 1 27 28 7 8 28 9 11 5 20 4 6 19 15 17 21 13 0 24 28 1 7 5 14 29 26 24 25 28 18 21 23 14 2 10 5 14 16 10 17 20 0 7 23 19 15 22 4 0 9 25 16 18 0 0 25 10 26 18 28 29 6 22 8 23 16 2 6 12 15 1 12 5 26 11 25 8 21 4 13 21 1 5 9 24 8 7 23 13 26
0 : [1, 5, 10, 15, 48, 73, 127, 151, 158, 163, 164] (52)
1 : [103, 110, 130, 180, 191] (43)
2 : [20, 31, 37, 45, 60, 143, 176] (51)
3 : [] (0)
4 : [30, 69, 120, 157, 188] (45)
5 : [63, 100, 118, 132, 145, 182, 192] (41)
6 : [7, 9, 16, 81, 121, 171, 177] (45)
7 : [17, 56, 72, 113, 131, 152, 196] (46)
8 : [21, 50, 114, 173, 186, 195] (46)
9 : [19, 28, 84, 87, 116, 159, 193] (46)
10 : [0, 3, 54, 57, 80, 90, 144, 148, 166] (49)
11 : [13, 24, 34, 82, 117, 184] (48)
12 : [8, 41, 46, 51, 71, 178, 181] (50)
13 : [11, 42, 97, 126, 189, 198] (50)
14 : [29, 92, 101, 107, 133, 142, 146] (50)
15 : [70, 104, 106, 108, 123, 155, 179] (50)
16 : [4, 18, 35, 147, 161, 175] (51)
17 : [39, 44, 86, 95, 124, 149] (51)
18 : [33, 47, 67, 68, 83, 93, 94, 139, 162, 168] (52)
19 : [59, 65, 89, 102, 122, 154] (51)
20 : [6, 49, 61, 74, 76, 99, 119, 150] (52)
21 : [25, 40, 91, 125, 140, 187, 190] (57)
22 : [12, 14, 64, 156, 172] (58)
23 : [2, 55, 78, 141, 153, 174, 197] (57)
24 : [58, 105, 109, 128, 136, 194] (59)
25 : [22, 26, 27, 32, 53, 75, 79, 137, 160, 165, 185] (59)
26 : [36, 62, 85, 135, 167, 183, 199] (57)
27 : [43, 77, 98, 111] (60)
28 : [23, 88, 96, 112, 115, 129, 138, 169] (60)
29 : [38, 52, 66, 134, 170] (58)
