Name: 200-40-60
Time: 4.215052604675293 
Result: 17
Solution:  10 2 23 8 14 2 19 7 10 6 1 13 22 11 23 0 6 7 16 10 2 8 26 28 12 21 26 24 9 14 1 2 23 19 9 16 28 1 29 17 19 12 9 26 17 2 10 18 0 20 7 11 29 26 10 25 6 13 23 18 2 20 24 6 22 19 29 17 18 6 15 13 6 1 20 24 21 26 22 24 11 5 13 19 7 27 16 9 27 20 10 21 14 17 17 14 28 13 27 17 3 15 18 1 13 25 13 14 15 22 0 27 28 7 8 29 9 11 6 20 4 5 19 15 16 21 14 2 25 29 3 5 3 12 29 26 22 24 26 17 21 25 14 2 10 3 15 18 9 19 21 2 6 21 19 18 20 4 2 9 28 15 20 2 2 25 9 24 18 28 26 5 22 8 23 16 4 6 13 16 3 11 5 29 11 25 8 22 4 13 21 3 4 12 23 10 7 24 11 26
0 : [15, 48, 110] (43)
1 : [10, 30, 37, 73, 103] (43)
2 : [1, 5, 20, 31, 45, 60, 127, 143, 151, 158, 163, 164] (44)
3 : [100, 130, 132, 145, 180, 191] (41)
4 : [120, 157, 176, 188, 192] (41)
5 : [81, 121, 131, 171, 182] (42)
6 : [9, 16, 56, 63, 69, 72, 118, 152, 177] (43)
7 : [7, 17, 50, 84, 113, 196] (45)
8 : [3, 21, 114, 173, 186] (44)
9 : [28, 34, 42, 87, 116, 148, 159, 166] (49)
10 : [0, 8, 19, 46, 54, 90, 144, 195] (49)
11 : [13, 51, 80, 117, 181, 184, 198] (51)
12 : [24, 41, 133, 193] (48)
13 : [11, 57, 71, 82, 97, 104, 106, 178, 189] (44)
14 : [4, 29, 92, 95, 107, 126, 142] (49)
15 : [70, 101, 108, 123, 146, 161] (51)
16 : [18, 35, 86, 124, 175, 179] (51)
17 : [39, 44, 67, 93, 94, 99, 139] (52)
18 : [47, 59, 68, 102, 147, 155, 168] (50)
19 : [6, 33, 40, 65, 83, 122, 149, 154] (52)
20 : [49, 61, 74, 89, 119, 156, 162] (55)
21 : [25, 76, 91, 125, 140, 150, 153, 190] (53)
22 : [12, 64, 78, 109, 136, 172, 187] (53)
23 : [2, 14, 32, 58, 174, 194] (57)
24 : [27, 62, 75, 79, 137, 167, 197] (55)
25 : [55, 105, 128, 141, 165, 185] (58)
26 : [22, 26, 43, 53, 77, 135, 138, 170, 199] (58)
27 : [85, 88, 98, 111] (58)
28 : [23, 36, 96, 112, 160, 169] (58)
29 : [38, 52, 66, 115, 129, 134, 183] (57)
