Name: 200-40-60
Time: 4.216871738433838 
Result: 20
Solution:  9 3 22 12 15 1 20 5 13 6 1 14 21 11 24 0 6 7 16 8 3 7 25 28 10 21 25 25 7 16 1 1 25 17 10 17 26 0 29 17 20 15 10 27 18 3 10 18 0 22 8 11 29 25 10 23 6 11 23 18 2 21 26 6 23 19 29 20 18 4 15 14 8 1 18 24 20 27 22 24 11 5 11 18 12 26 18 9 28 21 11 24 13 17 19 14 28 14 27 16 4 14 19 1 13 26 13 14 16 24 2 27 28 7 7 29 9 8 6 20 4 5 19 15 19 21 12 1 25 28 1 4 3 13 29 28 22 25 28 18 25 20 15 3 10 4 13 19 9 17 21 0 8 22 17 17 21 4 3 8 23 15 17 3 2 24 7 25 18 29 26 6 22 8 21 16 3 6 13 16 2 6 7 26 11 25 9 21 5 14 22 2 4 12 24 12 9 23 11 26
0 : [15, 37, 48, 151] (40)
1 : [5, 10, 30, 31, 73, 103, 127, 130] (40)
2 : [60, 110, 164, 180, 191] (41)
3 : [1, 20, 45, 132, 143, 158, 163, 176] (40)
4 : [69, 100, 120, 131, 145, 157, 192] (42)
5 : [7, 81, 121, 188] (45)
6 : [9, 16, 56, 63, 118, 171, 177, 181] (42)
7 : [17, 21, 28, 113, 114, 166, 182] (42)
8 : [19, 50, 72, 117, 152, 159, 173] (44)
9 : [0, 87, 116, 148, 186, 196] (44)
10 : [24, 34, 42, 46, 54, 144] (46)
11 : [13, 51, 57, 80, 82, 90, 184, 198] (47)
12 : [3, 84, 126, 193, 195] (50)
13 : [8, 92, 104, 106, 133, 146, 178] (50)
14 : [11, 71, 95, 97, 101, 107, 189] (51)
15 : [4, 41, 70, 123, 142, 161] (51)
16 : [18, 29, 99, 108, 175, 179] (51)
17 : [33, 35, 39, 93, 149, 154, 155, 162] (53)
18 : [44, 47, 59, 68, 74, 83, 86, 139, 168] (53)
19 : [65, 94, 102, 122, 124, 147] (55)
20 : [6, 40, 67, 76, 119, 141] (52)
21 : [12, 25, 61, 89, 125, 150, 156, 174, 187] (53)
22 : [2, 49, 78, 136, 153, 172, 190] (52)
23 : [55, 58, 64, 160, 197] (57)
24 : [14, 75, 79, 91, 109, 165, 194] (60)
25 : [22, 26, 27, 32, 53, 128, 137, 140, 167, 185] (53)
26 : [36, 62, 85, 105, 170, 183, 199] (60)
27 : [43, 77, 98, 111] (60)
28 : [23, 88, 96, 112, 129, 135, 138] (60)
29 : [38, 52, 66, 115, 134, 169] (60)
