Name: 200-50-80
Time: 4.019301414489746 
Result: 10037
Solution:  48 47 4 10 22 21 12 3 35 46 41 24 0 23 1 29 34 47 48 9 24 36 24 28 22 46 15 44 14 44 27 5 39 25 1 34 30 24 12 43 32 19 35 34 2 45 7 40 39 47 26 36 27 45 32 32 17 1 45 9 26 27 41 31 28 36 49 3 6 22 25 33 9 38 31 25 38 26 49 38 5 21 5 31 4 39 33 29 14 44 3 40 29 41 48 18 30 12 12 6 18 35 46 37 16 45 33 0 3 9 0 20 8 13 13 40 43 31 29 20 7 1 21 16 25 14 38 13 43 45 23 25 10 17 39 2 11 41 43 40 29 7 16 21 28 21 19 13 23 12 38 2 16 17 23 45 39 16 41 24 4 20 3 2 10 11 19 9 11 8 17 27 1 42 34 13 13 49 48 4 47 30 13 18 40 7 5 21 13 27 15 30 1 6 49 43 37 36 35 27
0 : [12, 107, 110] (53)
1 : [14, 34, 57, 121, 172, 192] (51)
2 : [44, 135, 151, 163] (57)
3 : [7, 67, 90, 108, 162] (51)
4 : [2, 84, 160, 179] (52)
5 : [31, 80, 82, 186] (54)
6 : [68, 99, 193] (51)
7 : [46, 120, 141, 185] (57)
8 : [112, 169] (62)
9 : [19, 59, 72, 109, 167] (59)
10 : [3, 132, 164] (57)
11 : [136, 165, 168] (57)
12 : [6, 38, 97, 98, 149] (58)
13 : [113, 114, 127, 147, 175, 176, 182, 188] (57)
14 : [28, 88, 125] (57)
15 : [26, 190] (69)
16 : [104, 123, 142, 152, 157] (62)
17 : [56, 133, 153, 170] (65)
18 : [95, 100, 183] (64)
19 : [41, 146, 166] (69)
20 : [111, 119, 161] (65)
21 : [5, 81, 122, 143, 145, 187] (63)
22 : [4, 24, 69] (65)
23 : [13, 130, 148, 154] (66)
24 : [11, 20, 22, 37, 159] (64)
25 : [33, 70, 75, 124, 131] (65)
26 : [50, 60, 77] (70)
27 : [30, 52, 61, 171, 189, 199] (68)
28 : [23, 64, 144] (75)
29 : [15, 87, 92, 118, 140] (77)
30 : [36, 96, 181, 191] (73)
31 : [63, 74, 83, 117] (77)
32 : [40, 54, 55] (79)
33 : [71, 86, 106] (80)
34 : [16, 35, 43, 174] (79)
35 : [8, 42, 101, 198] (76)
36 : [21, 51, 65, 197] (71)
37 : [103, 196] (71)
38 : [73, 76, 79, 126, 150] (72)
39 : [32, 48, 85, 134, 156] (70)
40 : [47, 91, 115, 139, 184] (66)
41 : [10, 62, 93, 137, 158] (67)
42 : [173] (68)
43 : [39, 116, 128, 138, 195] (71)
44 : [27, 29, 89] (88)
45 : [45, 53, 58, 105, 129, 155] (77)
46 : [9, 25, 102] (71)
47 : [1, 17, 49, 180] (81)
48 : [0, 18, 94, 178] (76)
49 : [66, 78, 177, 194] (81)
