Name: 200-50-80
Time: 4.040435552597046 
Result: 5035
Solution:  48 47 4 10 24 21 11 3 35 45 40 23 0 20 0 29 34 47 45 9 24 36 22 28 22 46 12 43 16 44 27 5 38 24 0 34 30 22 9 43 31 17 34 34 3 45 8 39 39 49 30 35 27 46 27 33 18 2 47 7 26 27 41 30 28 35 49 8 6 21 26 33 8 38 31 24 34 25 48 35 6 21 6 32 4 39 32 28 11 44 3 39 29 41 49 18 30 11 12 2 18 34 46 37 16 45 33 1 4 9 0 20 7 12 13 41 42 29 33 22 7 1 20 15 27 13 33 10 44 43 23 25 8 16 40 2 14 41 43 40 28 7 17 20 26 17 19 11 21 11 39 2 16 16 23 46 38 15 41 22 3 19 4 0 10 8 17 8 14 5 19 26 1 42 36 13 12 48 48 8 49 30 14 19 40 9 6 18 13 27 15 32 1 4 49 44 38 37 35 26
0 : [12, 14, 34, 110, 163] (60)
1 : [107, 121, 172, 192] (62)
2 : [57, 99, 135, 151] (57)
3 : [7, 44, 90, 160] (52)
4 : [2, 84, 108, 162, 193] (57)
5 : [31, 169] (51)
6 : [68, 80, 82, 186] (64)
7 : [59, 112, 120, 141] (56)
8 : [46, 67, 72, 132, 165, 167, 179] (46)
9 : [19, 38, 109, 185] (55)
10 : [3, 127, 164] (59)
11 : [6, 88, 97, 147, 149] (57)
12 : [26, 98, 113, 176] (56)
13 : [114, 125, 175, 188] (56)
14 : [136, 168, 182] (59)
15 : [123, 157, 190] (62)
16 : [28, 104, 133, 152, 153] (61)
17 : [41, 142, 145, 166] (64)
18 : [56, 95, 100, 187] (74)
19 : [146, 161, 170, 183] (70)
20 : [13, 111, 122, 143] (62)
21 : [5, 69, 81, 148] (65)
22 : [22, 24, 37, 119, 159] (79)
23 : [11, 130, 154] (68)
24 : [4, 20, 33, 75] (76)
25 : [77, 131] (61)
26 : [60, 70, 144, 171, 199] (73)
27 : [30, 52, 54, 61, 124, 189] (68)
28 : [23, 64, 87, 140] (69)
29 : [15, 92, 117] (70)
30 : [36, 50, 63, 96, 181] (71)
31 : [40, 74] (61)
32 : [83, 86, 191] (80)
33 : [55, 71, 106, 118, 126] (73)
34 : [16, 35, 42, 43, 76, 101] (76)
35 : [8, 51, 65, 79, 198] (79)
36 : [21, 174] (57)
37 : [103, 197] (75)
38 : [32, 73, 156, 196] (77)
39 : [47, 48, 85, 91, 150] (76)
40 : [10, 134, 139, 184] (55)
41 : [62, 93, 115, 137, 158] (72)
42 : [116, 173] (72)
43 : [27, 39, 129, 138] (79)
44 : [29, 89, 128, 195] (81)
45 : [9, 18, 45, 105] (79)
46 : [25, 53, 102, 155] (74)
47 : [1, 17, 58] (73)
48 : [0, 78, 177, 178] (78)
49 : [49, 66, 94, 180, 194] (77)
