Name: 400-50-80
Time: 9.028282880783081 
Result: 30
Solution:  3 27 65 30 20 15 47 62 9 10 20 19 21 57 6 63 0 34 56 30 15 20 22 30 67 7 35 23 29 47 3 21 70 67 68 16 44 32 60 39 63 64 28 66 45 35 50 54 49 49 33 46 38 59 61 53 33 33 47 54 52 38 42 2 3 54 61 28 51 9 53 26 29 48 59 36 65 66 59 34 61 2 38 59 63 65 35 40 0 48 1 21 41 68 6 16 55 33 27 18 52 18 9 28 3 21 0 61 51 47 3 28 51 22 58 63 16 36 9 65 47 25 12 52 24 22 30 46 36 42 39 28 47 42 43 70 37 44 68 31 17 19 49 17 41 22 35 19 20 27 56 6 13 40 58 37 15 46 58 23 33 13 39 1 8 17 6 57 12 28 41 32 9 64 19 4 32 46 66 36 48 52 18 64 53 55 51 69 33 16 0 68 50 25 64 41 67 31 61 70 24 69 17 44 39 31 31 3 55 43 55 55 27 17 62 25 16 43 57 46 10 4 30 5 11 39 57 67 50 25 53 37 3 31 31 39 13 13 15 37 55 10 22 2 37 63 21 33 40 55 32 12 54 60 58 29 44 24 63 67 14 4 64 25 62 56 43 62 46 30 27 38 26 17 16 54 60 36 42 50 24 7 53 24 47 10 47 21 50 14 0 9 5 6 32 37 66 52 58 8 43 48 50 9 15 64 54 14 38 42 3 44 34 4 2 56 62 51 11 54 41 36 26 64 69 23 19 36 15 45 49 29 7 45 65 34 34 39 45 9 14 59 26 39 47 24 58 46 57 32 43 27 12 27 60 59 57 9 67 53 10 7 6 35 14 64 68 70 50 44 44 69 61 2 60 11 56 35 41 6 41 37 13 20 68 56 11 69 69 66 22 1 1 64 8 6 49 34 41 70
0 : [16, 88, 106, 190, 290] (51)
1 : [90, 163, 391, 392] (50)
2 : [63, 81, 243, 314, 373] (52)
3 : [0, 30, 64, 104, 110, 207, 232, 310] (51)
4 : [175, 221, 261, 313] (51)
5 : [223, 292] (54)
6 : [14, 94, 151, 166, 293, 362, 379, 395] (53)
7 : [25, 281, 332, 361] (53)
8 : [164, 299, 394] (55)
9 : [8, 69, 102, 118, 172, 291, 303, 339, 357] (53)
10 : [9, 220, 241, 285, 360] (60)
11 : [224, 318, 375, 386] (54)
12 : [122, 168, 251, 352] (58)
13 : [152, 161, 236, 237, 382] (52)
14 : [260, 289, 307, 340, 364] (53)
15 : [5, 20, 156, 238, 304, 328] (51)
16 : [35, 95, 116, 189, 216, 274] (54)
17 : [140, 143, 165, 202, 213, 273] (52)
18 : [99, 101, 182] (60)
19 : [11, 141, 147, 174, 326] (56)
20 : [4, 10, 21, 148, 383] (60)
21 : [12, 31, 91, 105, 246, 287] (59)
22 : [22, 113, 125, 145, 242, 390] (59)
23 : [27, 159, 325] (59)
24 : [124, 200, 257, 280, 283, 345] (60)
25 : [121, 193, 215, 229, 263] (63)
26 : [71, 272, 322, 342] (64)
27 : [1, 98, 149, 212, 270, 351, 353] (63)
28 : [42, 67, 103, 111, 131, 169] (63)
29 : [28, 72, 255, 331] (64)
30 : [3, 19, 23, 126, 222, 269] (65)
31 : [139, 197, 205, 206, 233, 234] (66)
32 : [37, 171, 176, 250, 294, 349] (65)
33 : [50, 56, 57, 97, 160, 188, 247] (63)
34 : [17, 79, 312, 335, 336, 397] (62)
35 : [26, 45, 86, 146, 363, 377] (62)
36 : [75, 117, 128, 179, 277, 321, 327] (61)
37 : [136, 155, 231, 239, 244, 295, 381] (62)
38 : [52, 61, 82, 271, 308] (63)
39 : [39, 130, 162, 204, 225, 235, 337, 343] (64)
40 : [87, 153, 248] (63)
41 : [92, 144, 170, 195, 320, 378, 380, 398] (62)
42 : [62, 129, 133, 278, 309] (67)
43 : [134, 209, 217, 266, 300, 350] (64)
44 : [36, 137, 203, 256, 311, 369, 370] (66)
45 : [44, 329, 333, 338] (67)
46 : [51, 127, 157, 177, 219, 268, 347] (69)
47 : [6, 29, 58, 109, 120, 132, 284, 286, 344] (68)
48 : [73, 89, 180, 301] (72)
49 : [48, 49, 142, 330, 396] (73)
50 : [46, 192, 228, 279, 288, 302, 368] (73)
51 : [68, 108, 112, 186, 317] (74)
52 : [60, 100, 123, 181, 297] (74)
53 : [55, 70, 184, 230, 282, 359] (73)
54 : [47, 59, 65, 252, 275, 306, 319] (74)
55 : [96, 185, 208, 210, 211, 240, 249] (74)
56 : [18, 150, 265, 315, 376, 385] (75)
57 : [13, 167, 218, 226, 348, 356] (80)
58 : [114, 154, 158, 254, 298, 346] (79)
59 : [53, 74, 78, 83, 341, 355] (79)
60 : [38, 253, 276, 354, 374] (79)
61 : [54, 66, 80, 107, 198, 372] (78)
62 : [7, 214, 264, 267, 316] (77)
63 : [15, 40, 84, 115, 245, 258] (79)
64 : [41, 173, 183, 194, 262, 305, 323, 365, 393] (75)
65 : [2, 76, 85, 119, 334] (74)
66 : [43, 77, 178, 296, 389] (75)
67 : [24, 33, 196, 227, 259, 358] (77)
68 : [34, 93, 138, 191, 366, 384] (76)
69 : [187, 201, 324, 371, 387, 388] (73)
70 : [32, 135, 199, 367, 399] (76)
