Name: 400-20-30
Time: 9.211719036102295 
Result: 10
Solution:  44 3 0 47 61 55 21 18 33 23 42 0 24 6 19 15 40 42 50 37 21 39 27 31 50 40 31 5 10 57 27 18 35 47 57 0 19 61 24 51 15 25 30 28 42 44 33 6 12 45 4 36 15 47 12 7 36 22 58 33 4 54 39 35 55 22 31 25 44 45 35 28 4 3 22 57 30 11 46 27 38 42 42 8 47 4 43 40 49 41 37 30 16 18 52 57 32 10 46 9 38 30 29 0 15 10 2 53 18 54 28 13 41 13 58 14 43 12 38 36 0 36 33 41 3 18 20 48 57 50 23 44 38 17 14 7 26 49 1 59 30 43 29 53 14 8 14 52 45 49 50 13 25 0 11 52 35 61 13 53 48 24 20 25 48 35 58 50 52 5 9 24 53 21 50 1 13 14 43 12 46 10 16 7 17 45 20 47 53 43 40 31 39 39 31 34 48 37 33 7 30 16 53 8 40 61 17 5 45 6 17 45 19 2 18 54 42 4 49 34 13 41 60 43 51 26 61 53 28 20 52 35 4 12 18 23 60 59 60 34 46 28 49 36 41 32 8 22 40 11 61 56 9 13 44 35 34 20 56 53 49 40 35 39 14 53 60 60 27 51 33 51 51 50 27 25 59 30 46 10 1 9 49 38 21 50 30 13 26 4 16 2 14 7 37 9 19 0 6 13 53 32 61 59 54 22 23 23 6 54 0 6 24 45 29 42 3 1 18 32 33 11 55 36 55 48 57 44 7 50 40 32 61 56 56 19 58 12 52 39 59 6 6 48 36 17 11 29 42 48 56 1 57 27 9 45 30 51 36 35 22 24 21 52 20 47 59 55 31 58 56 26 13 36 20 10 5 18 59 7 21 15 25 3 2 54 55 46 36 53 42 20 29 50 58 38 32 44 37 1
0 : [2, 11, 35, 103, 120, 153, 297, 310] (20)
1 : [138, 175, 280, 317, 351, 399] (21)
2 : [106, 213, 291, 384] (21)
3 : [1, 73, 124, 316, 383] (21)
4 : [50, 60, 72, 85, 217, 232, 289] (20)
5 : [27, 169, 207, 376] (22)
6 : [13, 47, 209, 298, 308, 311, 341, 342] (21)
7 : [55, 135, 183, 199, 293, 328, 379] (22)
8 : [83, 145, 203, 246] (23)
9 : [99, 170, 252, 281, 295, 354] (22)
10 : [28, 97, 105, 181, 279, 375] (21)
11 : [77, 154, 249, 321, 346] (21)
12 : [48, 54, 117, 179, 233, 337] (21)
13 : [111, 113, 151, 158, 176, 220, 253, 287, 299, 372] (21)
14 : [115, 134, 144, 146, 177, 264, 292] (21)
15 : [15, 40, 52, 104, 381] (21)
16 : [92, 182, 201, 290] (26)
17 : [133, 184, 206, 210, 345] (22)
18 : [7, 31, 93, 108, 125, 214, 234, 318, 377] (22)
19 : [14, 36, 212, 296, 335] (23)
20 : [126, 162, 186, 229, 257, 364, 374, 391] (22)
21 : [6, 20, 173, 284, 362, 380] (25)
22 : [57, 65, 74, 247, 305, 360] (25)
23 : [9, 130, 235, 306, 307] (24)
24 : [12, 38, 161, 171, 312, 361] (25)
25 : [41, 67, 152, 163, 275, 382] (26)
26 : [136, 225, 288, 371] (25)
27 : [22, 30, 79, 268, 274, 353] (26)
28 : [43, 71, 110, 228, 241] (24)
29 : [102, 142, 314, 347, 392] (24)
30 : [42, 76, 91, 101, 140, 200, 277, 286, 356] (25)
31 : [23, 26, 66, 191, 194, 368] (25)
32 : [96, 245, 301, 319, 331, 396] (26)
33 : [8, 46, 59, 122, 198, 270, 320] (25)
34 : [195, 219, 239, 256] (25)
35 : [32, 63, 70, 156, 165, 231, 255, 262, 359] (25)
36 : [51, 56, 119, 121, 243, 323, 344, 358, 373, 388] (26)
37 : [19, 90, 197, 294, 398] (29)
38 : [80, 100, 118, 132, 283, 395] (27)
39 : [21, 62, 192, 193, 263, 339] (28)
40 : [16, 25, 87, 190, 204, 248, 261, 330] (27)
41 : [89, 112, 123, 221, 244] (28)
42 : [10, 17, 44, 81, 82, 216, 315, 348, 390] (30)
43 : [86, 116, 141, 178, 189, 223] (27)
44 : [0, 45, 68, 131, 254, 327, 397] (29)
45 : [49, 69, 148, 185, 208, 211, 313, 355] (29)
46 : [78, 98, 180, 240, 278, 387] (29)
47 : [3, 33, 53, 84, 187, 365] (30)
48 : [127, 160, 164, 196, 325, 343, 349] (30)
49 : [88, 137, 149, 218, 242, 260, 282] (29)
50 : [18, 24, 129, 150, 167, 174, 273, 285, 329, 393] (28)
51 : [39, 224, 269, 271, 272, 357] (28)
52 : [94, 147, 155, 168, 230, 338, 363] (30)
53 : [107, 143, 159, 172, 188, 202, 227, 259, 265, 300, 389] (29)
54 : [61, 109, 215, 304, 309, 385] (28)
55 : [5, 64, 322, 324, 367, 386] (29)
56 : [251, 258, 333, 334, 350, 370] (29)
57 : [29, 34, 75, 95, 128, 326, 352] (30)
58 : [58, 114, 166, 336, 369, 394] (30)
59 : [139, 237, 276, 303, 340, 366, 378] (30)
60 : [222, 236, 238, 266, 267] (29)
61 : [4, 37, 157, 205, 226, 250, 302, 332] (30)
