Name: 400-30-45
Time: 9.030533790588379 
Result: 45
Solution:  41 45 33 44 26 39 29 79 55 79 56 75 68 49 24 30 42 69 31 74 69 5 23 42 27 34 34 5 19 58 12 32 28 24 38 34 68 39 56 72 67 13 76 18 38 77 16 61 50 25 19 66 73 10 81 6 37 32 16 13 70 5 22 4 29 34 1 27 75 12 73 6 75 28 66 77 36 80 38 17 77 81 8 55 46 56 46 30 41 9 65 55 28 39 62 15 23 9 65 25 26 61 14 56 58 82 32 67 71 40 61 78 61 53 20 64 63 17 19 63 67 64 52 43 58 12 41 50 46 23 8 3 19 27 33 78 56 21 47 57 6 50 39 51 82 72 13 36 14 44 1 72 59 61 47 2 52 36 3 29 4 31 70 20 65 80 5 18 21 73 81 61 40 69 46 83 62 66 50 14 11 40 37 60 60 53 0 83 49 44 11 52 69 33 48 48 83 0 16 60 38 27 4 50 10 83 76 28 0 61 3 76 72 1 15 28 23 78 71 73 38 51 3 76 81 15 48 58 59 39 49 31 57 78 33 28 59 45 14 15 41 22 22 24 37 35 80 68 50 75 71 70 12 69 22 29 40 19 66 9 73 62 43 51 57 52 22 26 23 47 63 12 66 33 77 75 3 2 63 49 36 54 56 10 68 53 26 39 2 47 0 17 20 22 31 4 30 46 22 5 29 72 33 83 62 76 32 78 53 63 46 36 74 49 59 35 55 59 43 52 79 35 66 24 67 77 31 30 26 12 78 54 1 45 48 77 18 39 45 54 45 64 79 72 54 82 66 41 53 16 60 51 23 51 38 42 76 67 10 66 21 8 53 35 38 21 78 67 8 17 70 25 34 82 11 44 9 60 24 43 41 5 74 26 6 28 45 55 0 64 27 4 18 77 65 83 39 71 62 57
0 : [186, 197, 208, 290, 388] (31)
1 : [66, 150, 213, 332] (32)
2 : [155, 277, 288] (36)
3 : [131, 158, 210, 222, 276] (32)
4 : [63, 160, 202, 295, 391] (42)
5 : [21, 27, 61, 166, 299, 381] (33)
6 : [55, 71, 140, 384] (34)
7 : [] (0)
8 : [82, 130, 361, 368] (32)
9 : [89, 97, 259, 376] (32)
10 : [53, 204, 283, 358] (31)
11 : [180, 190, 374] (32)
12 : [30, 69, 125, 252, 271, 329] (31)
13 : [41, 59, 146] (32)
14 : [102, 148, 179, 238] (34)
15 : [95, 214, 225, 239] (31)
16 : [46, 58, 198, 349] (33)
17 : [79, 117, 291, 369] (33)
18 : [43, 167, 336, 392] (33)
19 : [28, 50, 118, 132, 257] (35)
20 : [114, 163, 292] (34)
21 : [137, 168, 360, 365] (36)
22 : [62, 241, 242, 254, 266, 293, 298] (36)
23 : [22, 96, 129, 216, 268, 352] (36)
24 : [14, 33, 243, 323, 378] (40)
25 : [49, 99, 371] (38)
26 : [4, 100, 267, 286, 328, 383] (36)
27 : [24, 67, 133, 201, 390] (35)
28 : [32, 73, 92, 207, 215, 235, 385] (34)
29 : [6, 64, 159, 255, 300] (35)
30 : [15, 87, 296, 327] (37)
31 : [18, 161, 231, 294, 326] (37)
32 : [31, 57, 106, 306] (37)
33 : [2, 134, 193, 234, 273, 302] (32)
34 : [25, 26, 35, 65, 372] (33)
35 : [245, 315, 321, 363] (36)
36 : [76, 147, 157, 280, 311] (39)
37 : [56, 182, 244] (35)
38 : [34, 44, 78, 200, 220, 354, 364] (34)
39 : [5, 37, 93, 142, 229, 287, 337, 396] (35)
40 : [109, 172, 181, 256] (38)
41 : [0, 88, 126, 240, 347, 380] (36)
42 : [16, 23, 355] (35)
43 : [123, 262, 318, 379] (39)
44 : [3, 149, 189, 375] (38)
45 : [1, 237, 333, 338, 340, 386] (38)
46 : [84, 86, 128, 174, 297, 310] (37)
47 : [138, 154, 269, 289] (40)
48 : [194, 195, 226, 334] (39)
49 : [13, 188, 230, 279, 313] (40)
50 : [48, 127, 141, 178, 203, 248] (39)
51 : [143, 221, 263, 351, 353] (40)
52 : [122, 156, 191, 265, 319] (39)
53 : [113, 185, 285, 308, 348, 362] (41)
54 : [281, 331, 339, 344] (41)
55 : [8, 83, 91, 316, 387] (42)
56 : [10, 38, 85, 103, 136, 282] (40)
57 : [139, 232, 264, 399] (40)
58 : [29, 104, 124, 227] (40)
59 : [152, 228, 236, 314, 317] (40)
60 : [183, 184, 199, 350, 377] (40)
61 : [47, 101, 110, 112, 153, 171, 209] (40)
62 : [94, 176, 261, 304, 398] (40)
63 : [116, 119, 270, 278, 309] (43)
64 : [115, 121, 341, 389] (44)
65 : [90, 98, 164, 394] (43)
66 : [51, 74, 177, 258, 272, 322, 346, 359] (42)
67 : [40, 107, 120, 324, 357, 367] (43)
68 : [12, 36, 247, 284] (45)
69 : [17, 20, 173, 192, 253] (45)
70 : [60, 162, 251, 370] (44)
71 : [108, 218, 250, 397] (45)
72 : [39, 145, 151, 212, 301, 343] (44)
73 : [52, 70, 169, 219, 260] (42)
74 : [19, 312, 382] (43)
75 : [11, 68, 72, 249, 275] (42)
76 : [42, 206, 211, 223, 305, 356] (42)
77 : [45, 75, 80, 274, 325, 335, 393] (38)
78 : [111, 135, 217, 233, 307, 330, 366] (44)
79 : [7, 9, 320, 342] (43)
80 : [77, 165, 246] (43)
81 : [54, 81, 170, 224] (43)
82 : [105, 144, 345, 373] (44)
83 : [175, 187, 196, 205, 303, 395] (43)
