Name: 400-40-60
Time: 9.077712774276733 
Result: 17064
Solution:  71 82 56 59 5 84 43 21 16 82 70 6 34 12 73 56 79 49 25 6 96 36 15 92 50 46 38 77 57 43 1 45 93 84 86 3 50 84 14 72 67 62 75 13 78 22 77 68 28 67 27 28 60 77 54 82 21 86 10 9 65 87 31 50 20 67 31 19 63 20 87 90 65 81 63 92 73 39 30 70 9 68 64 85 89 95 39 61 38 19 80 70 57 60 27 79 42 77 68 60 0 94 39 0 80 34 71 76 35 40 25 45 3 7 21 59 33 22 14 57 66 32 52 45 76 69 68 15 1 15 26 97 31 10 18 20 68 21 29 88 53 51 59 51 53 64 14 26 6 13 98 14 91 29 56 63 16 4 47 37 35 58 42 91 94 50 87 11 79 43 52 27 23 69 23 83 85 22 49 40 33 56 98 78 55 47 48 50 34 61 96 25 5 9 88 36 97 86 81 16 82 62 92 69 2 1 91 28 41 62 52 19 52 67 57 2 5 88 51 44 74 35 83 1 46 65 0 22 72 95 49 89 37 58 26 49 97 94 74 7 23 33 83 6 4 89 96 58 93 72 37 10 82 56 1 5 10 26 13 12 72 54 68 93 23 17 30 9 86 70 64 11 83 66 74 13 39 14 30 37 7 41 50 93 42 71 22 76 24 58 55 82 24 53 44 78 63 84 34 60 87 48 86 19 18 32 44 94 22 76 38 79 74 26 42 3 75 85 48 10 63 81 7 47 45 41 66 90 73 56 59 53 24 89 28 34 17 1 15 1 52 33 36 28 9 4 3 97 17 96 71 98 63 42 82 37 92 61 30 89 67 28 31 15 91 45 77 9 41 52 29 12 93 98 47 81 1 45 95 9 34 41 41 35 10 56 90 17 77 94 64 75 95 66 65 22 17 18 15 94
0 : [100, 103, 226] (47)
1 : [30, 128, 205, 223, 254, 337, 339, 376] (37)
2 : [204, 215] (39)
3 : [35, 112, 315, 346] (40)
4 : [157, 244, 345] (41)
5 : [4, 192, 216, 255] (39)
6 : [11, 19, 148, 243] (39)
7 : [113, 239, 280, 322] (42)
8 : [] (0)
9 : [59, 80, 193, 267, 344, 367, 379] (60)
10 : [58, 133, 251, 256, 319, 384] (40)
11 : [167, 271] (43)
12 : [13, 259, 371] (45)
13 : [43, 149, 258, 275] (51)
14 : [38, 118, 146, 151, 277] (43)
15 : [22, 127, 129, 338, 363, 398] (41)
16 : [8, 156, 199] (46)
17 : [265, 336, 348, 387, 396] (46)
18 : [134, 304, 397] (51)
19 : [67, 89, 211, 303] (47)
20 : [64, 69, 135] (47)
21 : [7, 56, 114, 137] (49)
22 : [45, 117, 177, 227, 286, 308, 395] (42)
23 : [172, 174, 240, 264] (45)
24 : [288, 292, 332] (41)
25 : [18, 110, 191] (41)
26 : [130, 147, 234, 257, 313] (42)
27 : [50, 94, 171] (42)
28 : [48, 51, 207, 334, 343, 361] (40)
29 : [138, 153, 370] (52)
30 : [78, 266, 278, 358] (49)
31 : [62, 66, 132, 362] (45)
32 : [121, 305] (53)
33 : [116, 180, 241, 341] (50)
34 : [12, 105, 188, 298, 335, 380] (47)
35 : [108, 160, 221, 383] (46)
36 : [21, 195, 342] (51)
37 : [159, 232, 250, 279, 355] (45)
38 : [26, 88, 310] (44)
39 : [77, 86, 102, 276] (40)
40 : [109, 179] (51)
41 : [208, 281, 325, 368, 381, 382] (51)
42 : [96, 162, 284, 314, 353] (49)
43 : [6, 29, 169] (55)
44 : [219, 294, 306] (44)
45 : [31, 111, 123, 324, 365, 377] (46)
46 : [25, 224] (47)
47 : [158, 185, 323, 374] (56)
48 : [186, 301, 318] (51)
49 : [17, 178, 230, 235] (44)
50 : [24, 36, 63, 165, 187, 282] (48)
51 : [141, 143, 218] (47)
52 : [122, 170, 210, 212, 340, 369] (60)
53 : [140, 144, 293, 331] (60)
54 : [54, 261] (53)
55 : [184, 290] (42)
56 : [2, 15, 154, 181, 253, 329, 385] (55)
57 : [28, 92, 119, 214] (57)
58 : [161, 233, 247, 289] (59)
59 : [3, 115, 142, 330] (58)
60 : [52, 93, 99, 299] (60)
61 : [87, 189, 357] (60)
62 : [41, 201, 209] (53)
63 : [68, 74, 155, 296, 320, 352] (47)
64 : [82, 145, 270, 390] (52)
65 : [60, 72, 225, 394] (58)
66 : [120, 273, 326, 393] (57)
67 : [40, 49, 65, 213, 360] (55)
68 : [47, 81, 98, 126, 136, 262] (60)
69 : [125, 173, 203] (59)
70 : [10, 79, 91, 269] (53)
71 : [0, 106, 285, 350] (55)
72 : [39, 228, 249, 260] (58)
73 : [14, 76, 328] (62)
74 : [220, 238, 274, 312] (57)
75 : [42, 316, 391] (59)
76 : [107, 124, 287, 309] (60)
77 : [27, 46, 53, 97, 366, 388] (56)
78 : [44, 183, 295] (58)
79 : [16, 95, 168, 311] (64)
80 : [90, 104] (60)
81 : [73, 198, 321, 375] (58)
82 : [1, 9, 55, 200, 252, 291, 354] (55)
83 : [175, 222, 242, 272] (56)
84 : [5, 33, 37, 297] (60)
85 : [83, 176, 317] (63)
86 : [34, 57, 197, 268, 302] (53)
87 : [61, 70, 166, 300] (55)
88 : [139, 194, 217] (55)
89 : [84, 231, 245, 333, 359] (54)
90 : [71, 327, 386] (56)
91 : [152, 163, 206, 364] (57)
92 : [23, 75, 202, 356] (55)
93 : [32, 248, 263, 283, 372] (56)
94 : [101, 164, 237, 307, 389, 399] (58)
95 : [85, 229, 378, 392] (60)
96 : [20, 190, 246, 349] (62)
97 : [131, 196, 236, 347] (59)
98 : [150, 182, 351, 373] (58)
