Name: 400-50-80
Time: 9.020370960235596 
Result: 30
Solution:  3 27 66 31 19 15 45 59 8 10 20 17 21 58 4 63 1 35 56 33 16 19 21 30 68 8 38 23 30 45 4 22 70 67 67 16 45 31 60 39 60 64 24 65 45 36 47 51 50 51 34 49 40 62 64 53 35 33 50 54 52 37 44 1 2 55 61 28 53 9 51 26 29 47 57 36 64 68 59 36 61 3 36 59 63 63 36 41 1 48 0 21 40 68 5 16 54 34 25 18 50 15 10 28 3 23 1 61 51 48 4 27 51 24 59 61 16 39 9 64 47 24 13 52 22 21 28 45 34 43 39 24 48 42 42 69 36 46 70 34 18 19 50 17 41 22 31 18 19 27 56 6 13 41 57 37 16 46 58 26 32 16 38 2 5 17 6 57 9 27 38 33 9 65 19 4 32 46 69 36 48 52 20 66 51 53 49 70 34 17 1 67 51 28 65 39 67 29 61 69 25 70 17 44 39 31 32 3 55 44 54 57 25 16 63 29 17 43 57 46 8 4 32 5 13 38 59 66 50 25 54 37 3 33 30 37 13 12 14 40 55 9 21 4 39 64 21 31 41 56 33 12 56 62 58 25 45 28 62 67 12 2 65 25 64 55 40 60 46 30 30 38 27 15 16 52 59 37 41 49 24 7 52 26 47 10 49 21 49 15 0 9 6 10 31 36 62 53 58 12 43 49 54 10 17 63 55 16 40 42 3 44 35 3 3 56 63 53 11 53 43 36 27 62 69 23 18 36 16 46 48 28 7 47 65 34 34 40 44 9 14 60 22 40 48 26 56 46 57 31 43 27 11 29 62 60 58 9 65 52 10 7 6 35 14 66 68 68 50 45 42 69 63 2 60 11 61 35 39 9 40 37 10 20 68 55 11 70 69 66 21 0 0 63 7 5 49 35 42 69
0 : [90, 290, 391, 392] (51)
1 : [16, 63, 88, 106, 190] (53)
2 : [64, 163, 261, 373] (52)
3 : [0, 81, 104, 207, 232, 310, 313, 314] (54)
4 : [14, 30, 110, 175, 221, 243] (50)
5 : [94, 164, 223, 395] (58)
6 : [151, 166, 292, 362] (55)
7 : [281, 332, 361, 394] (58)
8 : [8, 25, 220] (59)
9 : [69, 118, 168, 172, 241, 291, 339, 357, 379] (50)
10 : [9, 102, 285, 293, 303, 360, 382] (51)
11 : [318, 352, 375, 386] (50)
12 : [237, 251, 260, 299] (53)
13 : [122, 152, 224, 236] (56)
14 : [238, 340, 364] (50)
15 : [5, 101, 273, 289] (53)
16 : [20, 35, 95, 116, 156, 161, 213, 274, 307, 328] (53)
17 : [11, 143, 165, 189, 202, 216, 304] (55)
18 : [99, 140, 147, 326] (56)
19 : [4, 21, 141, 148, 174] (57)
20 : [10, 182, 383] (59)
21 : [12, 22, 91, 125, 242, 246, 287, 390] (57)
22 : [31, 124, 145, 342] (57)
23 : [27, 105, 325] (57)
24 : [42, 113, 121, 131, 280] (61)
25 : [98, 200, 212, 229, 255, 263] (58)
26 : [71, 159, 283, 345] (57)
27 : [1, 111, 149, 169, 272, 322, 351] (60)
28 : [67, 103, 126, 193, 257, 331] (62)
29 : [72, 197, 215, 353] (59)
30 : [23, 28, 234, 269, 270] (61)
31 : [3, 37, 146, 205, 247, 294, 349] (68)
32 : [160, 176, 206, 222] (63)
33 : [19, 57, 171, 233, 250] (62)
34 : [50, 97, 128, 139, 188, 335, 336] (60)
35 : [17, 56, 312, 363, 377, 397] (63)
36 : [45, 75, 79, 82, 86, 136, 179, 295, 321, 327] (62)
37 : [61, 155, 231, 235, 277, 381] (61)
38 : [26, 162, 170, 225, 271] (66)
39 : [39, 117, 130, 195, 204, 244, 378] (62)
40 : [52, 92, 239, 266, 308, 337, 343, 380] (62)
41 : [87, 144, 153, 248, 278] (72)
42 : [133, 134, 309, 370, 398] (74)
43 : [129, 217, 300, 320, 350] (69)
44 : [62, 203, 209, 311, 338] (74)
45 : [6, 29, 36, 44, 127, 256, 369] (71)
46 : [137, 157, 177, 219, 268, 329, 347] (70)
47 : [46, 73, 120, 284, 333] (73)
48 : [89, 109, 132, 180, 330, 344] (72)
49 : [51, 186, 279, 286, 288, 301, 396] (71)
50 : [48, 58, 100, 142, 228, 368] (70)
51 : [47, 49, 70, 108, 112, 184, 192] (71)
52 : [60, 123, 181, 275, 282, 359] (72)
53 : [55, 68, 185, 297, 317, 319] (74)
54 : [59, 96, 210, 230, 302] (75)
55 : [65, 208, 240, 265, 306, 385] (76)
56 : [18, 150, 249, 252, 315, 346] (75)
57 : [74, 154, 167, 211, 218, 348] (78)
58 : [13, 158, 254, 298, 356] (80)
59 : [7, 78, 83, 114, 226, 276] (75)
60 : [38, 40, 267, 341, 355, 374] (78)
61 : [66, 80, 107, 115, 198, 376] (76)
62 : [53, 253, 258, 296, 323, 354] (76)
63 : [15, 84, 85, 214, 305, 316, 372, 393] (76)
64 : [41, 54, 76, 119, 245, 264] (76)
65 : [43, 173, 194, 262, 334, 358] (75)
66 : [2, 183, 227, 365, 389] (75)
67 : [33, 34, 191, 196, 259] (79)
68 : [24, 77, 93, 366, 367, 384] (80)
69 : [135, 178, 199, 324, 371, 388, 399] (77)
70 : [32, 138, 187, 201, 387] (74)
