Name: 400-20-30
Time: 9.248164653778076 
Result: 10
Solution:  41 3 1 46 60 57 22 18 32 23 42 0 26 10 18 15 41 43 49 35 21 39 28 34 52 43 32 4 9 56 25 18 35 44 60 0 19 60 24 50 14 26 32 27 43 40 33 7 16 44 2 36 16 43 10 8 36 22 57 36 7 52 39 35 55 24 30 27 42 45 35 29 3 3 24 58 28 11 47 26 40 42 42 11 48 3 42 42 51 42 37 29 19 16 47 59 32 9 47 9 38 34 30 0 13 10 2 53 16 55 28 11 39 13 57 16 43 12 36 39 4 35 33 40 1 16 15 49 61 50 23 46 38 21 13 9 26 49 3 61 27 44 29 55 15 9 12 53 45 47 46 10 23 1 11 50 35 61 13 53 49 24 20 25 45 34 58 52 49 5 14 23 52 21 50 0 13 13 41 12 45 10 15 8 18 47 20 46 53 46 34 35 38 39 29 33 47 37 33 6 30 16 53 5 40 60 19 6 44 8 17 44 19 0 16 54 42 6 46 33 14 40 60 45 51 26 61 53 31 18 53 34 4 12 17 20 60 59 59 34 48 27 49 36 43 35 8 20 41 8 58 57 4 13 44 34 34 20 57 50 47 40 35 40 14 50 60 61 28 53 33 53 51 50 26 24 59 31 46 10 3 9 50 38 22 51 29 12 24 3 18 2 14 8 37 7 21 0 4 13 55 31 61 60 54 22 21 23 6 56 1 4 25 45 27 45 1 1 22 34 32 6 54 36 52 47 57 46 5 47 38 31 60 55 59 17 55 10 52 41 56 6 6 48 34 17 10 29 41 49 56 4 56 27 10 45 30 48 37 35 24 22 21 51 20 48 61 55 31 58 58 28 10 35 18 10 7 18 61 4 22 16 25 2 0 54 56 47 36 54 42 20 30 50 54 40 32 43 37 1
0 : [11, 35, 103, 175, 213, 297, 384] (22)
1 : [2, 124, 153, 310, 316, 317, 399] (22)
2 : [50, 106, 291, 383] (21)
3 : [1, 72, 73, 85, 138, 280, 289] (21)
4 : [27, 120, 232, 252, 298, 311, 351, 379] (22)
5 : [169, 203, 328] (22)
6 : [199, 207, 217, 308, 321, 341, 342] (21)
7 : [47, 60, 295, 376] (21)
8 : [55, 183, 209, 246, 249, 293] (21)
9 : [28, 97, 99, 135, 145, 281] (22)
10 : [13, 54, 105, 151, 181, 279, 337, 346, 354, 372, 375] (21)
11 : [77, 83, 111, 154] (20)
12 : [117, 146, 179, 233, 287] (22)
13 : [104, 113, 134, 158, 176, 177, 253, 299] (21)
14 : [40, 170, 220, 264, 292] (20)
15 : [15, 126, 144, 182] (20)
16 : [48, 52, 93, 108, 115, 125, 201, 214, 381] (20)
17 : [210, 234, 335, 345] (22)
18 : [7, 14, 31, 184, 229, 290, 374, 377] (22)
19 : [36, 92, 206, 212] (23)
20 : [162, 186, 235, 247, 257, 364, 391] (22)
21 : [20, 133, 173, 296, 306, 362] (25)
22 : [6, 57, 284, 305, 318, 361, 380] (26)
23 : [9, 130, 152, 171, 307] (27)
24 : [38, 65, 74, 161, 275, 288, 360] (25)
25 : [30, 163, 312, 382] (25)
26 : [12, 41, 79, 136, 225, 274] (25)
27 : [43, 67, 140, 241, 314, 353] (25)
28 : [22, 76, 110, 268, 371] (26)
29 : [71, 91, 142, 194, 286, 347] (25)
30 : [66, 102, 200, 356, 392] (26)
31 : [228, 277, 301, 331, 368] (26)
32 : [8, 26, 42, 96, 320, 396] (26)
33 : [46, 122, 195, 198, 219, 270] (26)
34 : [23, 101, 165, 190, 231, 239, 255, 256, 319, 344] (26)
35 : [19, 32, 63, 70, 121, 156, 191, 245, 262, 359, 373] (26)
36 : [51, 56, 59, 118, 243, 323, 388] (27)
37 : [90, 197, 294, 358, 398] (30)
38 : [100, 132, 192, 283, 330] (28)
39 : [21, 62, 112, 119, 193] (28)
40 : [45, 80, 123, 204, 221, 261, 263, 395] (28)
41 : [0, 16, 178, 248, 339, 348] (27)
42 : [10, 68, 81, 82, 86, 87, 89, 216, 390] (27)
43 : [17, 25, 44, 53, 116, 244, 397] (29)
44 : [33, 49, 141, 208, 211, 254] (27)
45 : [69, 148, 164, 180, 223, 313, 315, 355] (28)
46 : [3, 131, 150, 187, 189, 218, 278, 327] (28)
47 : [78, 94, 98, 149, 185, 196, 260, 325, 329, 387] (28)
48 : [84, 240, 343, 357, 365] (29)
49 : [18, 127, 137, 160, 168, 242, 349] (28)
50 : [39, 129, 155, 174, 259, 265, 273, 282, 393] (30)
51 : [88, 224, 272, 285, 363] (29)
52 : [24, 61, 167, 172, 324, 338] (28)
53 : [107, 147, 159, 188, 202, 227, 230, 269, 271] (29)
54 : [215, 304, 322, 385, 389, 394] (30)
55 : [64, 109, 143, 300, 333, 336, 367] (28)
56 : [29, 309, 340, 350, 352, 386] (30)
57 : [5, 58, 114, 251, 258, 326] (30)
58 : [75, 166, 250, 369, 370] (30)
59 : [95, 237, 238, 276, 334] (29)
60 : [4, 34, 37, 205, 222, 236, 266, 303, 332] (29)
61 : [128, 139, 157, 226, 267, 302, 366, 378] (30)
