Name: 400-50-80
Time: 9.070783376693726 
Result: 30
Solution:  1 27 66 28 20 15 45 62 9 11 20 17 21 61 8 64 0 37 56 34 16 22 22 30 68 8 40 23 32 44 3 21 70 68 67 16 44 33 61 38 60 65 25 65 46 35 50 52 48 51 33 45 39 59 62 51 32 35 52 54 51 36 45 3 4 54 61 29 52 9 51 26 29 47 58 37 67 69 59 39 60 0 38 58 65 65 37 41 0 48 2 21 40 67 8 17 55 32 25 21 50 18 10 28 3 18 0 61 51 49 4 28 51 23 59 63 16 38 7 64 47 27 13 52 23 22 28 48 33 42 39 28 49 41 43 70 35 46 69 31 17 19 50 15 42 24 35 16 18 27 56 7 13 39 57 39 14 46 58 25 32 14 38 1 7 17 6 56 10 28 37 32 8 64 24 4 30 46 65 35 48 52 20 64 53 52 50 69 31 17 1 68 50 24 64 39 65 31 61 69 24 69 17 44 40 31 30 3 55 43 54 54 26 17 63 25 18 44 57 46 10 4 32 6 12 40 58 66 50 26 54 36 3 33 31 37 15 13 16 39 55 10 20 0 40 63 24 29 42 57 31 11 54 63 59 29 46 23 62 67 15 0 64 23 62 56 40 60 46 29 27 37 25 17 14 53 60 37 42 49 24 8 52 26 47 12 46 23 52 13 1 9 5 10 34 35 64 53 58 11 41 48 55 12 16 66 53 13 38 43 4 46 33 3 0 55 63 55 12 53 42 34 27 62 70 22 19 36 17 47 49 31 5 47 68 33 34 41 44 8 14 57 25 40 49 26 57 45 57 31 43 27 11 31 62 57 54 8 66 52 12 7 6 35 14 64 68 70 50 45 43 70 63 2 59 9 58 34 38 10 40 38 13 19 69 56 11 67 70 66 22 2 0 66 7 6 49 36 45 68
0 : [16, 81, 88, 106, 243, 261, 314, 392] (51)
1 : [0, 163, 190, 290] (50)
2 : [90, 373, 391] (54)
3 : [30, 63, 104, 207, 232, 313] (50)
4 : [64, 110, 175, 221, 310] (50)
5 : [292, 332] (52)
6 : [166, 223, 362, 395] (55)
7 : [118, 151, 164, 361, 394] (53)
8 : [14, 25, 94, 172, 281, 339, 357] (50)
9 : [8, 69, 291, 375] (50)
10 : [102, 168, 220, 241, 293, 379] (50)
11 : [9, 251, 299, 352, 386] (54)
12 : [224, 285, 303, 318, 360] (57)
13 : [122, 152, 237, 289, 307, 382] (51)
14 : [156, 161, 274, 340, 364] (52)
15 : [5, 143, 236, 260] (59)
16 : [20, 35, 116, 147, 238, 304] (58)
17 : [11, 95, 140, 165, 189, 202, 213, 273, 328] (53)
18 : [101, 105, 148, 216] (55)
19 : [141, 326, 383] (63)
20 : [4, 10, 182, 242] (68)
21 : [12, 31, 91, 99] (57)
22 : [21, 22, 125, 325, 390] (61)
23 : [27, 113, 124, 257, 263, 287] (58)
24 : [145, 174, 193, 200, 246, 280] (57)
25 : [42, 98, 159, 215, 272, 342] (59)
26 : [71, 212, 229, 283, 345] (58)
27 : [1, 121, 149, 270, 322, 351] (61)
28 : [3, 103, 111, 126, 131, 169] (59)
29 : [67, 72, 247, 255, 269] (60)
30 : [23, 176, 206] (63)
31 : [139, 188, 197, 205, 234, 250, 331, 349, 353] (62)
32 : [28, 56, 97, 160, 171, 222] (62)
33 : [37, 50, 128, 233, 312, 335] (61)
34 : [19, 294, 321, 336, 377] (63)
35 : [45, 57, 136, 146, 179, 295, 363] (62)
36 : [61, 231, 327, 397] (62)
37 : [17, 75, 86, 170, 235, 271, 277] (62)
38 : [39, 82, 117, 162, 308, 378, 381] (61)
39 : [52, 79, 130, 153, 155, 195, 239] (63)
40 : [26, 92, 204, 225, 244, 266, 343, 380] (64)
41 : [87, 133, 300, 337] (65)
42 : [129, 144, 248, 278, 320] (68)
43 : [134, 209, 309, 350, 370] (75)
44 : [29, 36, 203, 217, 338] (70)
45 : [6, 51, 62, 347, 369, 398] (70)
46 : [44, 137, 157, 177, 219, 256, 268, 286, 311] (72)
47 : [73, 120, 284, 329, 333] (74)
48 : [48, 89, 127, 180, 301] (75)
49 : [109, 132, 279, 330, 344, 396] (74)
50 : [46, 100, 142, 186, 192, 228, 368] (74)
51 : [49, 55, 60, 70, 108, 112] (72)
52 : [47, 58, 68, 123, 181, 185, 282, 288, 359] (71)
53 : [184, 275, 297, 306, 319] (74)
54 : [59, 65, 210, 211, 230, 252, 356] (80)
55 : [96, 208, 240, 302, 315, 317] (73)
56 : [18, 150, 167, 265, 385] (79)
57 : [154, 218, 249, 341, 346, 348, 355] (73)
58 : [74, 83, 158, 226, 298, 376] (74)
59 : [53, 78, 114, 254, 374] (78)
60 : [40, 80, 267, 276] (75)
61 : [13, 38, 66, 107, 198] (74)
62 : [7, 54, 258, 264, 323, 354] (79)
63 : [115, 214, 245, 253, 316, 372] (75)
64 : [15, 119, 173, 183, 194, 262, 296, 365] (76)
65 : [41, 43, 84, 85, 178, 196] (79)
66 : [2, 227, 305, 358, 389, 393] (75)
67 : [34, 76, 93, 259, 387] (75)
68 : [24, 33, 191, 334, 366, 399] (80)
69 : [77, 138, 187, 199, 201, 384] (79)
70 : [32, 135, 324, 367, 371, 388] (77)
