Name: 400-30-45
Time: 9.117892265319824 
Result: 45
Solution:  41 43 33 46 25 36 29 76 54 79 59 74 69 49 24 33 44 70 31 74 69 5 27 42 27 32 32 5 19 61 12 32 29 25 38 34 65 40 58 72 67 13 78 18 37 77 16 60 53 26 18 67 73 11 82 6 36 32 16 11 68 3 22 4 28 35 1 25 75 12 72 6 75 24 67 74 35 79 39 15 76 83 9 55 47 56 46 30 39 9 67 55 31 40 66 16 23 9 65 26 27 61 13 59 58 83 35 70 72 39 62 78 61 54 20 63 61 17 19 64 65 62 50 43 57 11 41 48 46 25 7 5 18 29 33 78 55 21 52 53 5 47 39 53 81 72 15 38 14 44 1 71 61 59 45 0 49 38 1 30 4 30 74 21 63 80 5 19 20 73 82 60 40 71 46 80 64 66 49 15 9 41 37 58 59 52 0 83 50 44 11 52 69 34 46 49 81 1 18 60 38 28 1 48 11 83 79 25 3 62 3 76 72 2 17 27 22 73 71 75 37 51 1 74 82 15 48 57 59 40 48 30 56 79 33 29 59 45 13 14 38 20 21 26 41 35 81 66 51 75 65 68 14 70 22 29 41 19 66 7 73 63 43 55 54 51 20 28 23 47 62 9 67 33 77 74 3 4 58 47 36 54 58 9 71 52 26 37 2 50 1 15 23 22 29 6 31 46 22 6 26 69 35 79 64 77 30 80 53 63 47 35 74 51 60 36 56 60 43 52 80 34 64 24 68 76 33 30 26 9 78 57 2 45 49 76 17 40 43 53 46 64 80 73 52 82 63 41 53 17 57 51 24 50 40 43 78 67 10 67 20 4 51 36 37 24 78 68 9 17 69 23 35 80 10 42 12 58 21 42 40 2 77 23 7 28 45 55 0 62 25 5 18 77 65 83 40 70 64 56
0 : [155, 186, 388] (32)
1 : [66, 150, 158, 197, 202, 222, 290] (32)
2 : [213, 288, 332, 381] (36)
3 : [61, 208, 210, 276] (32)
4 : [63, 160, 277, 361] (43)
5 : [21, 27, 131, 140, 166, 391] (31)
6 : [55, 71, 295, 299] (35)
7 : [130, 259, 384] (30)
8 : [] (0)
9 : [82, 89, 97, 180, 271, 283, 329, 368] (31)
10 : [358, 374] (33)
11 : [53, 59, 125, 190, 204] (30)
12 : [30, 69, 376] (36)
13 : [41, 102, 238] (34)
14 : [148, 239, 252] (31)
15 : [79, 146, 179, 225, 291] (33)
16 : [46, 58, 95] (30)
17 : [117, 214, 336, 349, 369] (34)
18 : [43, 50, 132, 198, 392] (33)
19 : [28, 118, 167, 257] (33)
20 : [114, 168, 241, 266, 360] (37)
21 : [137, 163, 242, 378] (33)
22 : [62, 216, 254, 293, 298] (31)
23 : [96, 268, 292, 371, 383] (35)
24 : [14, 73, 323, 352, 365] (36)
25 : [4, 33, 67, 129, 207, 390] (36)
26 : [49, 99, 243, 286, 300, 328] (38)
27 : [22, 24, 100, 215] (41)
28 : [64, 201, 267, 385] (35)
29 : [6, 32, 133, 235, 255, 294] (33)
30 : [87, 159, 161, 231, 306, 327] (39)
31 : [18, 92, 296] (43)
32 : [25, 26, 31, 57] (32)
33 : [2, 15, 134, 234, 273, 326] (32)
34 : [35, 193, 321] (37)
35 : [65, 76, 106, 245, 302, 311, 372] (33)
36 : [5, 56, 280, 315, 363] (34)
37 : [44, 182, 220, 287, 364] (35)
38 : [34, 147, 157, 200, 240] (36)
39 : [78, 88, 109, 142] (41)
40 : [37, 93, 172, 229, 337, 354, 380, 396] (36)
41 : [0, 126, 181, 244, 256, 347] (36)
42 : [23, 375, 379] (32)
43 : [1, 123, 262, 318, 338, 355] (42)
44 : [16, 149, 189] (44)
45 : [154, 237, 333, 386] (37)
46 : [3, 86, 128, 174, 194, 297, 340] (37)
47 : [84, 141, 269, 279, 310] (39)
48 : [127, 203, 226, 230] (41)
49 : [13, 156, 178, 195, 334] (40)
50 : [122, 188, 289, 353] (41)
51 : [221, 248, 265, 313, 351, 362] (42)
52 : [138, 185, 191, 285, 319, 344] (41)
53 : [48, 139, 143, 308, 339, 348] (39)
54 : [8, 113, 264, 281] (42)
55 : [83, 91, 136, 263, 387] (42)
56 : [85, 232, 316, 399] (41)
57 : [124, 227, 331, 350] (40)
58 : [38, 104, 183, 278, 282, 377] (39)
59 : [10, 103, 153, 184, 228, 236] (41)
60 : [47, 171, 199, 314, 317] (40)
61 : [29, 101, 112, 116, 152] (41)
62 : [110, 121, 209, 270, 389] (43)
63 : [115, 164, 261, 309, 346] (40)
64 : [119, 176, 304, 322, 341, 398] (45)
65 : [36, 98, 120, 250, 394] (41)
66 : [94, 177, 247, 258] (42)
67 : [40, 51, 74, 90, 272, 357, 359] (42)
68 : [60, 251, 324, 367] (43)
69 : [12, 20, 192, 301, 370] (40)
70 : [17, 107, 253, 397] (41)
71 : [151, 173, 218, 284] (40)
72 : [39, 70, 108, 145, 212] (41)
73 : [52, 169, 217, 260, 343] (44)
74 : [11, 19, 75, 162, 223, 275, 312] (41)
75 : [68, 72, 219, 249] (42)
76 : [7, 80, 211, 325, 335] (43)
77 : [45, 274, 305, 382, 393] (40)
78 : [42, 111, 135, 330, 356, 366] (42)
79 : [9, 77, 206, 233, 303] (45)
80 : [165, 175, 307, 320, 342, 373] (45)
81 : [144, 196, 246] (45)
82 : [54, 170, 224, 345] (42)
83 : [81, 105, 187, 205, 395] (45)
