Name: 400-50-80
Time: 9.008702039718628 
Result: 30
Solution:  1 27 65 31 19 14 47 59 7 11 19 17 20 61 7 63 2 35 56 30 15 18 25 27 68 7 40 23 32 45 3 19 70 67 68 16 42 34 60 38 60 66 28 66 44 35 51 53 48 50 33 46 39 57 62 53 33 36 47 57 52 37 46 4 2 53 61 32 53 9 51 25 29 46 58 35 64 68 59 35 62 0 36 59 65 62 35 40 0 48 1 21 41 69 6 18 54 30 26 21 51 16 12 28 0 20 2 60 51 47 4 28 50 24 59 63 15 36 8 62 47 26 13 53 24 24 29 44 35 42 38 24 48 42 43 69 34 44 70 31 17 16 47 18 41 22 35 17 18 28 56 6 12 41 56 38 15 47 58 23 32 14 39 3 5 18 5 56 9 27 38 33 9 63 24 6 31 46 67 34 48 49 21 64 54 57 50 70 33 17 2 68 51 25 62 40 65 29 61 70 26 69 19 44 38 32 30 2 55 42 54 55 26 14 61 31 17 45 57 47 9 5 30 5 13 39 60 67 50 26 54 37 4 31 29 40 15 13 15 37 55 8 22 1 39 66 25 29 41 52 30 12 53 63 58 28 44 25 63 67 11 0 64 24 65 56 40 60 45 29 29 39 26 18 14 52 59 36 42 50 23 8 52 24 48 10 47 20 52 12 1 11 3 9 34 36 63 52 58 11 43 49 55 9 17 63 54 16 38 41 3 44 34 2 1 55 62 53 11 53 43 36 26 62 70 22 20 35 16 46 49 32 6 43 66 33 33 38 45 9 12 57 21 40 46 27 56 45 57 32 43 27 12 27 60 58 57 9 67 53 10 7 5 36 14 62 68 69 50 45 44 69 63 4 64 10 59 34 39 10 40 34 12 20 69 55 11 67 69 66 22 0 1 63 8 4 49 37 45 68
0 : [81, 88, 104, 261, 391] (54)
1 : [0, 90, 243, 290, 314, 392] (54)
2 : [16, 64, 106, 190, 207, 313] (56)
3 : [30, 163, 292, 310] (55)
4 : [63, 110, 232, 373, 395] (55)
5 : [164, 166, 221, 223, 362] (54)
6 : [94, 151, 175, 332] (57)
7 : [8, 14, 25, 361] (55)
8 : [118, 241, 281, 394] (51)
9 : [69, 168, 172, 220, 293, 303, 339, 357] (53)
10 : [285, 360, 375, 379] (52)
11 : [9, 260, 291, 299, 318, 386] (50)
12 : [102, 152, 251, 289, 340, 352, 382] (50)
13 : [122, 224, 237] (52)
14 : [5, 161, 213, 274, 364] (51)
15 : [20, 116, 156, 236, 238] (54)
16 : [35, 101, 141, 307, 328] (56)
17 : [11, 140, 147, 189, 216, 304] (57)
18 : [21, 95, 143, 148, 165, 273] (56)
19 : [4, 10, 31, 202] (57)
20 : [12, 105, 287, 326, 383] (60)
21 : [91, 99, 182, 342] (65)
22 : [145, 242, 325, 390] (64)
23 : [27, 159, 280] (59)
24 : [113, 124, 125, 131, 174, 263, 283] (58)
25 : [22, 71, 193, 246, 257] (53)
26 : [98, 121, 200, 212, 229, 272, 322] (53)
27 : [1, 23, 169, 345, 351, 353] (57)
28 : [42, 103, 111, 149, 255] (61)
29 : [72, 126, 197, 234, 247, 269, 270] (56)
30 : [19, 97, 206, 222, 250] (61)
31 : [3, 139, 176, 215, 233] (62)
32 : [28, 67, 160, 205, 331, 349] (60)
33 : [50, 56, 171, 188, 335, 336] (64)
34 : [37, 136, 179, 294, 312, 377, 381] (63)
35 : [17, 45, 75, 79, 86, 128, 146, 327] (62)
36 : [57, 82, 117, 277, 295, 321, 363] (63)
37 : [61, 231, 239, 397] (68)
38 : [39, 130, 155, 170, 204, 308, 337] (65)
39 : [52, 162, 225, 244, 271, 378] (68)
40 : [26, 87, 195, 235, 266, 343, 380] (67)
41 : [92, 144, 153, 248, 309] (68)
42 : [36, 129, 133, 209, 278] (68)
43 : [134, 300, 320, 333, 350] (71)
44 : [44, 127, 137, 203, 256, 311, 370] (72)
45 : [29, 217, 268, 338, 347, 369, 398] (72)
46 : [51, 62, 73, 177, 329, 344] (72)
47 : [6, 58, 109, 120, 142, 157, 219, 286] (72)
48 : [48, 89, 132, 180, 284] (77)
49 : [181, 301, 330, 396] (77)
50 : [49, 112, 186, 228, 279, 368] (72)
51 : [46, 70, 100, 108, 192] (73)
52 : [60, 249, 275, 282, 288, 297] (72)
53 : [47, 55, 65, 68, 123, 252, 317, 319, 359] (73)
54 : [96, 184, 210, 230, 306] (75)
55 : [208, 211, 240, 302, 315, 385] (76)
56 : [18, 150, 154, 167, 265, 346] (69)
57 : [53, 59, 185, 218, 341, 348, 356] (71)
58 : [74, 158, 254, 298, 355] (76)
59 : [7, 78, 83, 114, 276, 376] (70)
60 : [38, 40, 107, 226, 267, 354] (70)
61 : [13, 66, 198, 214] (73)
62 : [54, 80, 85, 119, 194, 316, 323, 365] (80)
63 : [15, 115, 173, 253, 258, 296, 305, 372, 393] (74)
64 : [76, 183, 262, 374] (78)
65 : [2, 84, 196, 264] (76)
66 : [41, 43, 245, 334, 389] (80)
67 : [33, 178, 227, 259, 358, 387] (75)
68 : [24, 34, 77, 191, 366, 399] (79)
69 : [93, 135, 201, 367, 371, 384, 388] (77)
70 : [32, 138, 187, 199, 324] (79)
