Name: 400-40-60
Time: 9.054681539535522 
Result: 14065
Solution:  71 83 56 59 4 86 40 22 14 83 70 6 35 12 72 53 80 48 25 5 96 34 13 94 49 46 34 79 55 48 3 46 91 84 88 5 49 84 13 73 63 61 77 14 76 24 77 68 28 70 28 28 61 75 52 83 21 84 10 9 66 90 29 49 16 66 30 21 62 20 88 91 67 82 63 92 76 39 31 68 8 69 65 87 89 97 37 61 39 20 81 71 54 62 26 78 40 74 67 60 0 94 40 0 80 33 73 79 33 38 26 47 3 9 21 59 33 19 13 58 65 34 49 47 77 68 72 13 4 17 23 97 30 11 18 19 64 21 28 89 57 53 59 52 53 64 11 23 5 12 95 11 92 29 51 64 19 4 47 37 36 57 43 91 93 51 89 8 78 40 54 30 23 69 23 83 85 22 50 41 36 56 98 76 56 47 48 50 32 62 96 25 5 7 84 35 96 88 81 17 83 59 93 70 2 2 90 29 42 62 50 17 52 69 58 0 4 86 49 44 74 36 82 0 45 65 2 22 71 95 47 89 36 58 24 51 98 97 73 7 23 33 85 7 6 87 96 60 92 74 39 7 82 56 0 5 12 22 16 12 72 55 67 93 24 20 30 7 87 74 66 11 82 67 75 13 37 14 31 37 6 43 49 93 44 70 23 75 25 57 56 82 26 55 42 78 63 82 33 60 85 51 88 16 18 32 44 94 22 78 37 79 72 24 40 2 75 86 46 10 64 78 5 43 45 40 69 90 70 58 58 54 22 88 28 33 18 2 16 3 52 33 38 30 10 5 5 98 19 97 71 98 64 41 79 35 92 60 31 92 64 29 32 16 94 48 75 12 42 53 28 9 92 98 45 80 2 44 95 10 33 43 42 38 10 56 90 17 77 98 64 73 95 66 65 22 17 19 16 93
0 : [100, 103, 215, 223, 254] (58)
1 : [] (0)
2 : [204, 205, 226, 315, 337, 376] (54)
3 : [30, 112, 339] (42)
4 : [4, 128, 157, 216] (41)
5 : [19, 35, 148, 192, 255, 322, 345, 346] (40)
6 : [11, 244, 280] (52)
7 : [193, 239, 243, 251, 267] (43)
8 : [80, 167] (42)
9 : [59, 113, 371] (40)
10 : [58, 319, 344, 379, 384] (44)
11 : [133, 146, 151, 271] (41)
12 : [13, 149, 256, 259, 367] (42)
13 : [22, 38, 118, 127, 275] (40)
14 : [8, 43, 277] (44)
15 : [] (0)
16 : [64, 258, 303, 338, 363, 398] (58)
17 : [129, 199, 211, 387, 396] (49)
18 : [134, 304, 336] (43)
19 : [117, 135, 156, 348, 397] (48)
20 : [69, 89, 265] (46)
21 : [56, 67, 114, 137] (48)
22 : [7, 177, 227, 257, 308, 332, 395] (48)
23 : [130, 147, 172, 174, 240, 286] (50)
24 : [45, 234, 264, 313] (56)
25 : [18, 191, 288] (52)
26 : [94, 110, 292] (48)
27 : [] (0)
28 : [48, 50, 51, 138, 334, 370] (57)
29 : [62, 153, 207, 361] (41)
30 : [66, 132, 171, 266, 343] (42)
31 : [78, 278, 358] (48)
32 : [188, 305, 362] (47)
33 : [105, 108, 116, 241, 298, 335, 341, 380] (49)
34 : [21, 26, 121] (48)
35 : [12, 195, 355] (50)
36 : [160, 180, 221, 232] (51)
37 : [86, 159, 276, 279, 310] (50)
38 : [109, 342, 383] (50)
39 : [77, 88, 250] (53)
40 : [6, 96, 102, 169, 314, 325] (52)
41 : [179, 353] (62)
42 : [208, 294, 368, 382] (51)
43 : [162, 281, 323, 381] (52)
44 : [219, 284, 306, 377] (53)
45 : [224, 324, 374] (49)
46 : [25, 31, 318] (51)
47 : [111, 123, 158, 185, 230] (42)
48 : [17, 29, 186, 365] (42)
49 : [24, 36, 63, 122, 218, 282] (41)
50 : [178, 187, 210] (44)
51 : [154, 165, 235, 301] (45)
52 : [54, 143, 212, 340] (53)
53 : [15, 141, 144, 369] (56)
54 : [92, 170, 331] (53)
55 : [28, 261, 293] (58)
56 : [2, 181, 184, 253, 290, 385] (56)
57 : [140, 161, 289] (58)
58 : [119, 214, 233, 329, 330] (60)
59 : [3, 115, 142, 201] (61)
60 : [99, 247, 299, 357] (52)
61 : [41, 52, 87] (56)
62 : [68, 93, 189, 209] (53)
63 : [40, 74, 296] (56)
64 : [136, 145, 155, 320, 352, 360, 390] (55)
65 : [82, 120, 225, 394] (55)
66 : [60, 65, 270, 393] (52)
67 : [72, 98, 262, 273] (55)
68 : [47, 79, 125] (59)
69 : [81, 173, 213, 326] (57)
70 : [10, 49, 203, 285, 328] (53)
71 : [0, 91, 228, 350] (54)
72 : [14, 126, 260, 312] (53)
73 : [39, 106, 238, 391] (60)
74 : [97, 220, 249, 269] (59)
75 : [53, 274, 287, 316, 366] (56)
76 : [44, 76, 183] (58)
77 : [42, 46, 124, 388] (56)
78 : [95, 168, 295, 309, 321] (58)
79 : [27, 107, 311, 354] (54)
80 : [16, 104, 375] (55)
81 : [90, 198] (65)
82 : [73, 222, 252, 272, 291, 297] (60)
83 : [1, 9, 55, 175, 200] (57)
84 : [33, 37, 57, 194] (60)
85 : [176, 242, 300] (59)
86 : [5, 217, 317] (57)
87 : [83, 245, 268] (55)
88 : [34, 70, 197, 302, 333] (56)
89 : [84, 139, 166, 231] (55)
90 : [61, 206, 327, 386] (54)
91 : [32, 71, 163] (60)
92 : [75, 152, 248, 356, 359, 372] (55)
93 : [164, 202, 263, 283, 399] (58)
94 : [23, 101, 307, 364] (59)
95 : [150, 229, 378, 392] (64)
96 : [20, 190, 196, 246] (62)
97 : [85, 131, 237, 349] (59)
98 : [182, 236, 347, 351, 373, 389] (59)
