Name: 400-50-80
Time: 9.038549900054932 
Result: 29
Solution:  1 28 67 30 21 14 45 59 10 11 19 22 20 60 6 64 0 36 56 31 16 22 21 28 67 7 38 23 31 47 3 20 70 68 67 21 43 34 60 40 63 66 25 65 45 35 46 51 49 52 35 45 38 59 64 52 35 33 53 57 53 37 45 4 4 53 60 28 52 6 53 26 29 46 57 36 64 68 59 35 61 3 36 57 63 63 34 41 0 48 0 21 40 67 6 16 54 32 26 18 51 14 9 27 1 17 0 61 51 47 4 29 50 23 58 62 16 39 6 62 47 24 13 53 22 23 28 46 32 42 37 25 49 40 43 70 34 44 69 33 17 17 47 15 43 24 35 19 19 27 56 5 13 40 58 37 15 47 58 26 31 14 39 2 5 18 5 57 9 28 37 32 9 63 21 6 30 46 65 36 48 50 19 64 52 51 51 70 33 16 2 67 50 27 61 40 68 29 61 69 24 69 17 44 38 32 32 2 55 43 54 56 25 15 63 25 18 44 55 48 9 4 31 8 12 40 59 66 50 26 54 37 2 30 31 38 12 11 16 40 55 9 21 3 38 66 22 29 42 51 33 13 57 63 58 28 46 25 62 66 15 1 65 24 62 55 40 61 46 30 30 39 25 15 15 54 59 36 41 48 22 7 53 24 48 10 48 22 50 13 0 10 3 7 34 36 64 52 58 8 41 49 52 9 16 64 53 16 39 43 5 45 33 4 1 56 62 55 12 57 43 34 27 64 68 23 18 36 15 45 48 31 7 44 66 34 35 39 44 10 11 60 25 40 50 24 58 47 57 32 41 27 11 29 61 55 56 9 65 52 12 7 6 36 14 65 68 69 50 44 42 69 63 4 62 13 56 34 42 10 40 35 10 20 69 56 11 70 70 66 22 1 2 64 8 5 49 33 41 70
0 : [16, 88, 90, 106, 290] (51)
1 : [0, 104, 261, 314, 391] (50)
2 : [163, 190, 207, 232, 392] (50)
3 : [30, 81, 243, 292] (52)
4 : [63, 64, 110, 221, 313, 373] (50)
5 : [151, 164, 166, 310, 395] (53)
6 : [14, 69, 94, 118, 175, 362] (55)
7 : [25, 281, 293, 332, 361] (54)
8 : [223, 299, 394] (58)
9 : [102, 168, 172, 220, 241, 303, 357] (56)
10 : [8, 285, 291, 339, 379, 382] (54)
11 : [9, 237, 340, 352, 386] (60)
12 : [224, 236, 318, 360] (55)
13 : [122, 152, 251, 289, 375] (57)
14 : [5, 101, 161, 364] (60)
15 : [143, 156, 213, 260, 273, 274, 328] (55)
16 : [20, 95, 116, 189, 238, 304, 307] (56)
17 : [105, 140, 141, 202] (56)
18 : [99, 165, 216, 326] (55)
19 : [10, 147, 148, 182] (56)
20 : [12, 31, 383] (55)
21 : [4, 22, 35, 91, 174, 242] (54)
22 : [11, 21, 124, 246, 280, 287, 390] (55)
23 : [27, 113, 125, 325] (60)
24 : [121, 145, 200, 263, 283, 345] (55)
25 : [42, 131, 212, 215, 257, 272, 342] (57)
26 : [71, 98, 159, 229] (58)
27 : [103, 149, 193, 322, 351] (62)
28 : [1, 23, 67, 126, 169, 255] (64)
29 : [72, 111, 197, 247, 353] (59)
30 : [3, 176, 233, 269, 270] (62)
31 : [19, 28, 160, 222, 234, 331] (61)
32 : [97, 128, 171, 205, 206, 349] (60)
33 : [57, 139, 188, 250, 312, 397] (62)
34 : [37, 86, 136, 294, 321, 335, 377] (62)
35 : [45, 50, 56, 79, 146, 336, 381] (62)
36 : [17, 75, 82, 179, 277, 295, 327, 363] (62)
37 : [61, 130, 155, 170, 231] (65)
38 : [26, 52, 204, 235, 244] (64)
39 : [117, 162, 271, 308, 337] (71)
40 : [39, 92, 133, 153, 195, 225, 239, 266, 343, 380] (66)
41 : [87, 278, 300, 350, 398] (73)
42 : [129, 248, 370, 378] (74)
43 : [36, 134, 144, 209, 309, 320] (72)
44 : [137, 203, 217, 333, 338, 369] (69)
45 : [6, 44, 51, 62, 311, 329] (70)
46 : [46, 73, 127, 177, 256, 268] (70)
47 : [29, 109, 120, 142, 157, 347] (70)
48 : [89, 180, 219, 279, 284, 286, 330] (70)
49 : [48, 132, 301, 396] (73)
50 : [112, 181, 192, 228, 288, 344, 368] (70)
51 : [47, 100, 108, 185, 186, 249] (70)
52 : [49, 55, 68, 184, 297, 302, 359] (70)
53 : [58, 60, 65, 70, 123, 282, 306] (71)
54 : [96, 210, 230, 275] (75)
55 : [208, 218, 240, 265, 317, 355] (77)
56 : [18, 150, 211, 315, 356, 376, 385] (74)
57 : [59, 74, 83, 167, 252, 319, 348] (75)
58 : [114, 154, 158, 254, 298, 346] (79)
59 : [7, 53, 78, 226, 276] (75)
60 : [13, 38, 66, 341] (75)
61 : [80, 107, 194, 198, 267, 354] (73)
62 : [115, 119, 258, 264, 316, 374] (75)
63 : [40, 84, 85, 173, 214, 253, 372] (75)
64 : [15, 54, 76, 183, 296, 305, 323, 393] (76)
65 : [43, 178, 262, 358, 365] (74)
66 : [41, 227, 245, 259, 334, 389] (78)
67 : [2, 24, 34, 93, 191] (78)
68 : [33, 77, 196, 324, 366] (79)
69 : [138, 199, 201, 367, 371, 384] (77)
70 : [32, 135, 187, 387, 388, 399] (79)
