Name: 400-40-60
Time: 8.906046152114868 
Result: 12067
Solution:  69 83 57 59 5 84 43 22 13 82 71 6 36 10 73 57 76 48 25 7 96 36 15 96 51 46 35 78 57 48 3 41 92 84 88 7 48 85 15 76 63 62 80 14 78 24 77 67 28 67 28 27 62 78 52 82 17 87 9 9 66 89 32 49 18 66 30 21 63 20 87 91 66 82 64 92 75 39 30 70 9 68 69 85 88 96 35 59 38 20 81 67 53 61 27 79 43 77 68 61 0 94 41 0 80 34 71 77 34 40 22 45 4 8 19 58 33 21 14 57 65 33 51 43 79 70 71 13 1 16 26 97 29 10 18 20 68 21 28 89 53 54 60 53 53 66 12 26 7 14 95 12 93 29 52 63 19 4 47 39 37 58 44 90 94 52 89 10 79 42 56 26 23 69 24 85 84 22 48 40 34 57 98 74 57 46 49 50 32 61 95 23 3 7 87 36 97 86 81 18 83 60 93 69 1 1 90 27 43 62 51 19 52 69 58 0 6 86 50 44 76 35 82 1 47 65 1 22 75 95 47 89 35 59 26 50 98 98 74 7 21 32 84 8 5 87 96 58 92 75 37 7 82 54 3 4 12 26 14 12 75 55 67 93 26 18 29 8 88 73 64 11 83 67 72 13 39 15 31 35 6 42 48 93 43 71 23 75 24 56 55 82 26 54 44 78 63 83 31 59 86 49 87 16 17 32 44 91 22 77 38 79 73 25 42 3 74 86 49 9 63 82 7 46 43 41 67 90 72 58 58 50 25 88 29 31 17 3 15 3 52 31 37 29 10 3 3 97 17 96 71 98 63 41 79 39 94 59 29 93 65 30 33 15 91 47 78 11 43 51 28 7 92 98 45 81 0 45 95 9 34 41 41 35 11 57 90 17 78 98 64 72 94 65 66 21 16 19 14 93
0 : [100, 103, 215, 376] (59)
1 : [128, 204, 205, 223, 226] (48)
2 : [] (0)
3 : [30, 192, 254, 315, 337, 339, 345, 346] (43)
4 : [112, 157, 255] (41)
5 : [4, 244] (41)
6 : [11, 216, 280] (42)
7 : [19, 35, 148, 193, 239, 251, 322, 371] (45)
8 : [113, 243, 267] (43)
9 : [58, 59, 80, 319, 379] (43)
10 : [13, 133, 167, 344] (41)
11 : [271, 367, 384] (45)
12 : [146, 151, 256, 259] (40)
13 : [8, 127, 275] (43)
14 : [43, 118, 149, 258, 398] (41)
15 : [22, 38, 277, 338, 363] (41)
16 : [129, 303, 396] (43)
17 : [56, 304, 336, 348, 387] (48)
18 : [64, 134, 199, 265] (48)
19 : [114, 156, 211, 397] (47)
20 : [69, 89, 135] (42)
21 : [67, 117, 137, 240, 395] (44)
22 : [7, 110, 177, 227, 308] (44)
23 : [172, 191, 286] (47)
24 : [45, 174, 288] (49)
25 : [18, 313, 332] (46)
26 : [130, 147, 171, 234, 257, 264, 292] (43)
27 : [51, 94, 207] (53)
28 : [48, 50, 138, 370] (41)
29 : [132, 153, 266, 334, 343, 358] (42)
30 : [66, 78, 361] (44)
31 : [278, 298, 335, 341] (43)
32 : [62, 188, 241, 305] (41)
33 : [116, 121, 362] (48)
34 : [105, 108, 180, 380] (44)
35 : [26, 86, 221, 232, 279, 383] (44)
36 : [12, 21, 195] (51)
37 : [160, 250, 342] (48)
38 : [88, 310] (41)
39 : [77, 159, 276, 355] (45)
40 : [109, 179] (51)
41 : [31, 102, 325, 353, 381, 382] (46)
42 : [169, 281, 314] (46)
43 : [6, 96, 123, 208, 284, 324, 368] (47)
44 : [162, 219, 294, 306] (59)
45 : [111, 374, 377] (49)
46 : [25, 185, 323] (50)
47 : [158, 224, 230, 365] (50)
48 : [17, 29, 36, 178, 282] (52)
49 : [63, 186, 301, 318] (52)
50 : [187, 218, 235, 331] (56)
51 : [24, 122, 210, 369] (53)
52 : [54, 154, 165, 212, 340] (55)
53 : [92, 140, 143, 144] (58)
54 : [141, 253, 293] (57)
55 : [261, 290] (61)
56 : [170, 289] (50)
57 : [2, 15, 28, 119, 181, 184, 385] (50)
58 : [115, 161, 214, 247, 329, 330] (49)
59 : [3, 87, 233, 299, 357] (57)
60 : [142, 201] (51)
61 : [93, 99, 189] (52)
62 : [41, 52, 209] (61)
63 : [40, 68, 155, 296, 320, 352] (50)
64 : [74, 270, 390] (56)
65 : [120, 225, 360, 393] (52)
66 : [60, 65, 72, 145, 394] (53)
67 : [47, 49, 91, 262, 273, 326] (53)
68 : [81, 98, 136] (52)
69 : [0, 82, 173, 203, 213] (55)
70 : [79, 125] (54)
71 : [10, 106, 126, 285, 350] (51)
72 : [274, 328, 391] (60)
73 : [14, 269, 312] (58)
74 : [183, 238, 316] (57)
75 : [76, 228, 249, 260, 287] (59)
76 : [16, 39, 220] (57)
77 : [46, 97, 107, 309] (56)
78 : [27, 44, 53, 295, 366, 388] (57)
79 : [95, 124, 168, 311, 354] (55)
80 : [42, 104] (61)
81 : [90, 198, 375] (67)
82 : [9, 55, 73, 222, 252, 291, 321] (59)
83 : [1, 200, 272, 297] (59)
84 : [5, 33, 176, 242] (62)
85 : [37, 83, 175] (59)
86 : [197, 217, 300, 317] (60)
87 : [57, 70, 194, 245, 302] (60)
88 : [34, 84, 268, 333] (58)
89 : [61, 139, 166, 231] (58)
90 : [163, 206, 327, 386] (57)
91 : [71, 307, 364] (60)
92 : [32, 75, 248, 372] (60)
93 : [152, 202, 263, 283, 359, 399] (57)
94 : [101, 164, 356, 392] (56)
95 : [150, 190, 229, 378] (59)
96 : [20, 23, 85, 246, 349] (59)
97 : [131, 196, 347] (57)
98 : [182, 236, 237, 351, 373, 389] (57)
