Name: 400-30-45
Time: 9.052831411361694 
Result: 45
Solution:  41 42 33 46 28 39 29 79 56 81 57 74 70 49 24 33 45 70 31 71 69 6 23 42 27 34 32 0 20 60 11 32 27 25 38 34 67 41 59 72 71 13 78 18 38 78 16 60 51 26 19 68 74 12 81 6 38 31 16 12 70 5 22 4 28 33 1 27 73 11 75 10 74 25 68 75 36 79 38 15 76 81 4 55 45 56 46 31 39 9 65 54 29 36 64 15 21 9 65 25 29 62 13 56 58 82 33 69 71 42 61 78 61 54 19 65 63 17 21 64 66 62 49 43 58 10 41 48 48 23 8 2 18 29 33 78 55 21 47 55 6 50 40 54 80 72 14 36 14 44 1 72 61 61 47 4 50 37 0 29 5 30 71 22 64 82 5 19 17 75 82 58 40 69 44 83 62 66 50 14 11 40 37 60 60 52 2 83 50 44 12 53 67 32 47 49 82 1 19 56 38 31 1 49 10 83 76 26 3 63 2 76 71 0 14 28 23 73 72 73 37 54 1 76 83 13 46 57 59 41 48 27 57 78 34 28 59 44 16 15 40 22 22 26 39 34 80 66 50 77 69 68 13 70 19 28 40 18 65 8 73 63 43 51 56 52 21 25 22 51 61 13 68 35 77 75 2 5 58 48 36 54 55 10 69 54 24 37 3 48 0 15 21 21 31 4 30 44 21 6 27 68 33 82 62 75 32 78 54 63 46 35 74 47 59 35 55 59 42 52 79 35 67 24 67 77 33 30 26 11 81 56 3 43 49 75 17 40 44 53 46 66 80 71 52 83 63 41 52 17 58 51 24 49 38 43 78 68 10 68 20 6 53 36 38 24 78 67 8 17 73 26 34 81 9 41 12 57 23 43 40 2 77 23 8 31 45 53 1 64 25 1 18 76 65 82 41 69 63 59
0 : [27, 158, 213, 290] (35)
1 : [66, 150, 197, 202, 222, 388, 391] (32)
2 : [131, 186, 210, 276, 381] (34)
3 : [208, 288, 332] (33)
4 : [63, 82, 155, 295] (45)
5 : [61, 160, 166, 277] (32)
6 : [21, 55, 140, 299, 361] (31)
7 : [] (0)
8 : [130, 259, 368, 384] (31)
9 : [89, 97, 374] (32)
10 : [71, 125, 204, 283, 358] (31)
11 : [30, 69, 180, 329] (31)
12 : [53, 59, 190, 376] (32)
13 : [41, 102, 225, 252, 271] (30)
14 : [146, 148, 179, 214] (34)
15 : [79, 95, 239, 291] (39)
16 : [46, 58, 238] (34)
17 : [117, 168, 336, 349, 369] (34)
18 : [43, 132, 257, 392] (36)
19 : [50, 114, 167, 198, 254] (34)
20 : [28, 360] (32)
21 : [96, 118, 137, 266, 292, 293, 298] (32)
22 : [62, 163, 241, 242, 268] (33)
23 : [22, 129, 216, 378, 383] (36)
24 : [14, 286, 323, 352, 365] (36)
25 : [33, 73, 99, 267, 390] (36)
26 : [49, 207, 243, 328, 371] (36)
27 : [24, 32, 67, 231, 300] (36)
28 : [4, 64, 215, 235, 255] (38)
29 : [6, 92, 100, 133, 159] (36)
30 : [161, 296, 327] (35)
31 : [18, 57, 87, 201, 294, 385] (36)
32 : [26, 31, 193, 306] (35)
33 : [2, 15, 65, 106, 134, 302, 326] (32)
34 : [25, 35, 234, 245, 372] (33)
35 : [273, 311, 315, 321] (37)
36 : [76, 93, 147, 280, 363] (38)
37 : [157, 182, 220, 287] (34)
38 : [34, 44, 56, 78, 200, 354, 364] (36)
39 : [5, 88, 244] (34)
40 : [142, 172, 181, 240, 256, 337, 380] (34)
41 : [0, 37, 126, 229, 347, 375, 396] (34)
42 : [1, 23, 109, 318] (42)
43 : [123, 262, 333, 355, 379] (39)
44 : [149, 174, 189, 237, 297, 338] (41)
45 : [16, 84, 386] (40)
46 : [3, 86, 226, 310, 340] (42)
47 : [138, 154, 194, 313] (40)
48 : [127, 128, 230, 279, 289] (40)
49 : [13, 122, 195, 203, 334, 353] (42)
50 : [141, 156, 178, 188, 248] (43)
51 : [48, 263, 269, 351] (38)
52 : [185, 265, 319, 344, 348] (39)
53 : [191, 339, 362, 387] (43)
54 : [91, 113, 143, 221, 281, 285, 308] (38)
55 : [83, 136, 139, 282, 316] (42)
56 : [8, 85, 103, 199, 264, 331] (41)
57 : [10, 227, 232, 377] (39)
58 : [104, 124, 171, 278, 350] (39)
59 : [38, 228, 236, 314, 317, 399] (40)
60 : [29, 47, 183, 184] (39)
61 : [110, 112, 152, 153, 270] (39)
62 : [101, 121, 176, 304] (39)
63 : [116, 209, 261, 309, 346, 398] (42)
64 : [94, 119, 164, 389] (41)
65 : [90, 98, 115, 258, 394] (41)
66 : [120, 177, 247, 341] (45)
67 : [36, 192, 322, 324, 367] (42)
68 : [51, 74, 251, 272, 301, 357, 359] (42)
69 : [20, 107, 173, 250, 284, 397] (41)
70 : [12, 17, 60, 253] (44)
71 : [19, 40, 108, 162, 212, 343] (42)
72 : [39, 145, 151, 218] (41)
73 : [68, 217, 219, 260, 370] (44)
74 : [11, 52, 72, 312] (43)
75 : [70, 75, 169, 275, 305, 335] (42)
76 : [80, 206, 211, 223, 393] (41)
77 : [249, 274, 325, 382] (42)
78 : [42, 45, 111, 135, 233, 307, 356, 366] (43)
79 : [7, 77, 320] (45)
80 : [144, 246, 342] (44)
81 : [9, 54, 81, 330, 373] (44)
82 : [105, 165, 170, 196, 303, 395] (44)
83 : [175, 187, 205, 224, 345] (44)
