Name: 400-40-60
Time: 9.00711464881897 
Result: 4063
Solution:  70 82 58 59 3 85 42 20 13 83 70 6 37 10 72 57 80 49 24 6 94 33 16 93 51 46 34 78 55 44 2 44 91 84 89 2 49 85 14 75 66 62 76 13 77 22 77 68 28 69 28 27 63 77 52 85 19 84 10 12 65 86 32 49 21 66 32 21 64 22 87 95 67 79 63 91 75 39 31 70 11 71 64 88 88 97 36 60 38 19 82 70 51 62 30 78 40 77 66 60 0 93 39 0 80 34 71 78 35 38 27 47 4 7 20 58 33 21 14 58 64 34 48 46 77 69 72 13 0 14 25 97 30 10 18 20 64 16 27 87 53 55 59 50 54 61 14 23 6 14 96 12 92 29 53 60 19 4 47 39 37 58 45 90 93 51 89 10 79 43 57 28 23 69 24 84 85 22 49 40 35 57 98 73 58 48 48 49 35 61 95 23 4 9 84 33 96 88 81 17 83 57 92 71 2 3 90 29 44 62 50 19 54 67 58 0 6 87 52 46 76 35 83 0 47 65 2 25 71 95 50 89 36 56 25 48 98 94 74 7 20 32 81 8 6 90 96 58 92 73 37 9 82 56 3 3 14 25 16 12 75 55 68 91 23 19 30 8 88 68 65 11 83 66 74 12 40 13 30 35 7 42 50 93 42 68 23 76 24 54 56 83 24 53 43 79 63 84 33 61 86 49 87 21 18 31 44 95 22 77 38 79 73 25 43 2 76 86 45 10 64 81 7 42 45 40 70 92 72 57 59 51 24 89 28 34 17 2 16 3 54 31 36 30 9 4 2 98 17 97 72 98 61 41 78 39 92 60 28 94 66 28 32 16 93 45 75 8 41 52 29 11 92 98 46 80 2 44 96 9 34 43 41 36 9 57 90 17 77 98 63 74 94 67 65 20 17 18 16 94
0 : [100, 103, 128, 215, 223] (59)
1 : [] (0)
2 : [30, 35, 204, 226, 315, 337, 346, 376] (53)
3 : [4, 205, 254, 255, 339] (46)
4 : [112, 157, 192, 345] (57)
5 : [] (0)
6 : [11, 19, 148, 216, 244] (40)
7 : [113, 239, 280, 322] (42)
8 : [243, 267, 367] (44)
9 : [193, 251, 344, 379, 384] (43)
10 : [13, 58, 133, 167, 319] (45)
11 : [80, 271, 371] (54)
12 : [59, 151, 259, 275] (52)
13 : [8, 43, 127, 277] (50)
14 : [38, 118, 129, 146, 149, 256] (43)
15 : [] (0)
16 : [22, 137, 258, 338, 363, 398] (46)
17 : [199, 336, 348, 387, 396] (46)
18 : [134, 304, 397] (51)
19 : [56, 89, 156, 211, 265] (52)
20 : [7, 114, 135, 240, 395] (49)
21 : [64, 67, 117, 303] (50)
22 : [45, 69, 177, 308] (47)
23 : [147, 172, 191, 264, 286] (57)
24 : [18, 174, 288, 292, 332] (58)
25 : [130, 227, 234, 257, 313] (43)
26 : [] (0)
27 : [51, 110, 138] (45)
28 : [48, 50, 171, 334, 358, 361] (46)
29 : [153, 207, 370] (52)
30 : [94, 132, 266, 278, 343] (45)
31 : [78, 305, 341] (50)
32 : [62, 66, 241, 362] (49)
33 : [21, 116, 195, 298] (47)
34 : [26, 105, 121, 335, 380] (50)
35 : [108, 180, 188, 221, 279] (49)
36 : [86, 232, 342, 383] (48)
37 : [12, 160, 250] (48)
38 : [88, 109, 310] (54)
39 : [77, 102, 159, 355] (42)
40 : [96, 179, 276, 325] (50)
41 : [353, 368, 382] (57)
42 : [6, 281, 284, 323] (51)
43 : [169, 294, 314, 381] (50)
44 : [29, 31, 208, 306, 377] (52)
45 : [162, 318, 324, 365] (51)
46 : [25, 123, 219, 374] (49)
47 : [111, 158, 224] (54)
48 : [122, 185, 186, 235] (53)
49 : [17, 36, 63, 178, 187, 301] (53)
50 : [143, 210, 230, 282] (52)
51 : [24, 92, 165, 331] (57)
52 : [54, 218, 369] (53)
53 : [140, 154, 293] (50)
54 : [144, 212, 289, 340] (49)
55 : [28, 141, 261] (54)
56 : [233, 253, 290] (56)
57 : [15, 170, 181, 201, 329, 385] (57)
58 : [2, 115, 119, 161, 184, 214, 247] (46)
59 : [3, 142, 330] (49)
60 : [87, 99, 155, 357] (54)
61 : [145, 189, 299, 352] (47)
62 : [41, 93, 209] (53)
63 : [52, 74, 296, 390] (60)
64 : [68, 82, 120, 136, 320] (59)
65 : [60, 225, 270, 394] (59)
66 : [40, 65, 98, 273, 360] (60)
67 : [72, 213, 393] (60)
68 : [47, 262, 269, 285] (55)
69 : [49, 125, 173] (55)
70 : [0, 10, 79, 91, 326] (55)
71 : [81, 106, 203, 228] (58)
72 : [14, 126, 328, 350] (53)
73 : [183, 249, 312] (52)
74 : [238, 274, 391] (57)
75 : [39, 76, 260, 366] (58)
76 : [42, 220, 287, 316] (58)
77 : [44, 46, 53, 97, 124, 309, 388] (53)
78 : [27, 95, 107, 354] (56)
79 : [73, 168, 295, 311] (58)
80 : [16, 104, 375] (55)
81 : [198, 242, 321] (60)
82 : [1, 90, 252] (57)
83 : [9, 200, 222, 272, 291] (57)
84 : [33, 57, 175, 194, 297] (60)
85 : [5, 37, 55, 176] (56)
86 : [61, 300, 317] (56)
87 : [70, 139, 217, 302] (58)
88 : [83, 84, 197, 268] (57)
89 : [34, 166, 231, 333] (56)
90 : [163, 206, 245, 386] (60)
91 : [32, 75, 263] (56)
92 : [152, 202, 248, 327, 356, 372] (56)
93 : [23, 101, 164, 283, 364] (58)
94 : [20, 237, 359, 392, 399] (57)
95 : [71, 190, 229, 307] (61)
96 : [150, 196, 246, 378] (63)
97 : [85, 131, 349] (57)
98 : [182, 236, 347, 351, 373, 389] (59)
