Name: 400-30-45
Time: 9.170108795166016 
Result: 15
Solution:  42 43 36 46 25 37 27 77 56 79 57 76 70 49 26 32 43 67 31 72 70 6 23 42 28 33 33 0 18 60 12 32 27 24 37 34 68 39 60 72 68 14 75 18 37 78 18 60 50 23 21 66 74 11 83 6 36 32 15 12 69 3 23 7 29 33 2 27 76 12 72 10 75 24 67 76 35 79 38 13 76 82 7 55 46 56 47 31 42 9 67 54 28 37 62 15 22 9 65 26 28 61 14 58 57 82 35 67 75 40 62 80 63 53 19 63 61 17 24 64 71 63 52 41 57 12 41 48 47 22 8 5 19 30 33 78 56 21 48 54 6 47 40 51 81 73 15 38 13 44 1 69 59 60 46 4 49 36 1 29 5 31 71 21 65 80 5 20 17 75 82 62 39 70 44 80 64 66 50 16 10 41 39 60 58 53 1 83 51 44 11 53 71 33 45 50 81 2 19 55 38 31 0 50 10 83 79 23 2 60 3 76 71 0 15 25 22 76 70 75 37 51 3 74 83 13 48 57 58 38 49 30 55 78 35 27 59 45 14 16 38 19 20 24 40 35 81 66 50 77 69 72 13 69 19 29 42 16 68 8 73 62 44 52 51 53 21 24 22 47 61 11 67 35 77 73 3 5 61 47 36 55 55 11 68 53 25 37 4 46 0 17 22 22 32 7 30 43 21 6 27 68 33 83 64 77 31 78 54 63 47 36 74 51 59 36 56 57 45 51 80 34 64 24 64 78 29 29 26 13 78 54 2 43 50 77 16 40 44 54 45 64 79 73 52 82 63 43 52 17 59 49 24 48 37 44 78 65 10 67 20 6 53 34 36 24 78 68 7 17 71 25 33 80 9 41 11 61 25 42 40 4 74 23 8 31 45 54 1 62 27 3 18 73 65 82 40 69 61 58
0 : [27, 202, 213, 290] (31)
1 : [150, 158, 186, 388] (30)
2 : [66, 197, 208, 332] (30)
3 : [61, 210, 222, 276, 391] (31)
4 : [155, 288, 381] (30)
5 : [131, 160, 166, 277] (30)
6 : [21, 55, 140, 299, 361] (31)
7 : [63, 82, 295, 368] (30)
8 : [130, 259, 384] (30)
9 : [89, 97, 374] (32)
10 : [71, 180, 204, 358] (34)
11 : [53, 190, 271, 283, 376] (30)
12 : [30, 59, 69, 125] (31)
13 : [79, 148, 225, 252, 329] (30)
14 : [41, 102, 238] (34)
15 : [58, 95, 146, 214] (37)
16 : [179, 239, 257, 336] (32)
17 : [117, 168, 291, 349, 369] (38)
18 : [28, 43, 46, 392] (38)
19 : [114, 132, 198, 241, 254] (34)
20 : [167, 242, 360] (34)
21 : [50, 137, 163, 266, 298] (33)
22 : [96, 129, 216, 268, 292, 293] (36)
23 : [22, 49, 62, 207, 383] (34)
24 : [33, 73, 118, 243, 267, 323, 352, 365] (35)
25 : [4, 215, 286, 371, 378] (33)
26 : [14, 99, 328] (39)
27 : [6, 32, 67, 235, 300, 390] (33)
28 : [24, 92, 100] (34)
29 : [64, 159, 255, 326, 327] (36)
30 : [133, 231, 296] (35)
31 : [18, 87, 161, 201, 306, 385] (33)
32 : [15, 31, 57, 294] (34)
33 : [25, 26, 65, 134, 193, 302, 372] (34)
34 : [35, 321, 363] (35)
35 : [76, 106, 234, 245, 273] (36)
36 : [2, 56, 157, 280, 311, 315, 364] (34)
37 : [5, 34, 44, 93, 220, 287, 354] (34)
38 : [78, 147, 200, 229, 240] (38)
39 : [37, 172, 182] (38)
40 : [109, 142, 244, 337, 380, 396] (39)
41 : [123, 126, 181, 375] (41)
42 : [0, 23, 88, 256, 379] (40)
43 : [1, 16, 297, 333, 347] (40)
44 : [149, 174, 189, 262, 338, 355] (41)
45 : [194, 237, 318, 340, 386] (40)
46 : [3, 84, 154, 289] (39)
47 : [86, 128, 141, 269, 279, 310] (38)
48 : [127, 138, 226, 353] (38)
49 : [13, 156, 230, 351] (43)
50 : [48, 178, 195, 203, 248, 334] (37)
51 : [143, 188, 221, 264, 313, 319] (37)
52 : [122, 263, 344, 348] (39)
53 : [113, 185, 191, 265, 285, 362] (39)
54 : [91, 139, 308, 331, 339, 387] (42)
55 : [83, 199, 232, 281, 282] (45)
56 : [8, 85, 136, 316] (40)
57 : [10, 104, 124, 227, 317] (40)
58 : [103, 184, 228, 399] (40)
59 : [152, 236, 314, 350] (41)
60 : [29, 38, 47, 153, 183, 209] (40)
61 : [101, 116, 270, 278, 377, 398] (42)
62 : [94, 110, 171, 261, 389] (42)
63 : [112, 115, 121, 309, 346] (43)
64 : [119, 176, 304, 322, 324, 341] (43)
65 : [98, 164, 357, 394] (42)
66 : [51, 177, 247] (42)
67 : [17, 74, 90, 107, 272, 359] (39)
68 : [36, 40, 258, 284, 301, 367] (39)
69 : [60, 151, 250, 253, 397] (39)
70 : [12, 20, 173, 218] (41)
71 : [120, 162, 192, 212, 370] (40)
72 : [19, 39, 70, 251] (41)
73 : [145, 260, 275, 343, 393] (41)
74 : [52, 223, 312, 382] (43)
75 : [42, 72, 108, 169, 219] (43)
76 : [11, 68, 75, 80, 211, 217] (44)
77 : [7, 249, 274, 305, 335] (43)
78 : [45, 135, 233, 307, 325, 330, 356, 366] (44)
79 : [9, 77, 206, 342] (43)
80 : [111, 165, 175, 320, 373] (44)
81 : [144, 196, 246] (45)
82 : [81, 105, 170, 345, 395] (44)
83 : [54, 187, 205, 224, 303] (44)
