Name: 400-50-80
Time: 8.98520803451538 
Result: 30
Solution:  3 28 66 28 20 14 45 60 8 10 20 17 21 61 4 63 2 36 56 32 15 18 22 29 70 7 35 23 32 44 2 22 70 68 67 21 44 31 60 40 63 65 25 65 45 35 50 51 49 51 35 45 39 61 64 51 33 34 50 55 52 38 44 4 3 53 60 29 52 9 51 26 29 48 57 36 64 69 59 35 62 2 37 59 63 65 37 41 0 47 1 21 41 67 6 20 54 34 26 19 52 15 9 28 0 21 0 60 51 49 3 28 51 22 57 62 15 36 9 64 47 24 12 52 22 22 27 45 31 42 37 23 47 42 43 70 37 44 68 34 17 16 49 17 42 23 34 15 18 27 56 5 13 39 58 37 15 47 58 25 30 14 39 0 6 18 6 58 9 27 39 31 9 64 20 4 32 46 67 35 49 53 18 65 52 57 50 70 32 16 2 67 50 24 64 39 66 31 61 69 28 70 18 44 41 31 30 3 55 42 55 57 31 15 61 26 17 44 56 46 9 4 30 5 13 42 60 67 48 26 54 38 3 31 33 39 12 11 16 37 55 10 21 2 37 64 22 33 40 52 30 13 55 63 59 27 44 26 63 67 11 0 65 25 63 56 41 62 45 30 29 38 25 19 14 53 59 36 42 50 24 7 53 25 46 10 46 20 50 15 1 9 5 10 34 34 64 52 58 8 41 48 55 13 17 67 54 15 39 40 3 43 33 2 1 56 62 54 12 53 43 36 27 64 68 23 19 35 15 45 49 30 8 46 67 34 33 37 46 9 13 60 24 38 50 25 58 46 58 32 43 27 12 28 61 55 56 9 66 53 11 7 6 36 14 68 68 69 50 44 43 69 62 3 59 10 60 32 41 9 41 35 13 20 69 57 11 68 70 66 21 1 2 65 7 6 48 33 40 69
0 : [88, 104, 106, 163, 261] (52)
1 : [90, 290, 314, 391] (54)
2 : [16, 30, 81, 190, 243, 313, 392] (50)
3 : [0, 64, 110, 207, 232, 310, 373] (50)
4 : [14, 63, 175, 221] (54)
5 : [151, 223, 292] (57)
6 : [94, 164, 166, 362, 395] (56)
7 : [25, 281, 361, 394] (62)
8 : [8, 299, 332] (54)
9 : [69, 102, 118, 168, 172, 220, 291, 339, 357, 379] (55)
10 : [9, 241, 285, 293, 375] (54)
11 : [237, 260, 360, 386] (54)
12 : [122, 236, 318, 352] (56)
13 : [152, 224, 251, 303, 340, 382] (55)
14 : [5, 161, 274, 364] (50)
15 : [20, 101, 116, 147, 156, 213, 289, 307, 328] (53)
16 : [141, 189, 238] (50)
17 : [11, 140, 143, 216, 304] (54)
18 : [21, 148, 165, 182, 202] (51)
19 : [99, 273, 326] (52)
20 : [4, 10, 95, 174, 287, 383] (56)
21 : [12, 35, 91, 105, 242, 390] (58)
22 : [22, 31, 113, 124, 125, 246] (57)
23 : [27, 131, 145, 325] (61)
24 : [121, 193, 280, 342] (63)
25 : [42, 159, 263, 272, 283, 345] (65)
26 : [71, 98, 215, 229, 257] (62)
27 : [126, 149, 169, 255, 322, 351] (68)
28 : [1, 3, 103, 111, 200, 353] (65)
29 : [23, 67, 72, 270] (68)
30 : [160, 206, 222, 250, 269, 331] (63)
31 : [37, 128, 171, 197, 205, 212, 233] (63)
32 : [19, 28, 176, 188, 349, 377] (64)
33 : [56, 234, 247, 312, 336, 397] (62)
34 : [57, 97, 139, 146, 294, 295, 335] (62)
35 : [26, 45, 50, 79, 179, 327, 381] (61)
36 : [17, 75, 117, 277, 321, 363] (62)
37 : [82, 86, 130, 136, 155, 239, 244, 337] (63)
38 : [61, 231, 271, 343] (67)
39 : [52, 153, 162, 170, 195, 235, 308] (62)
40 : [39, 248, 309, 398] (64)
41 : [87, 92, 204, 266, 300, 378, 380] (64)
42 : [129, 133, 144, 209, 225, 278] (64)
43 : [134, 311, 320, 350, 370] (65)
44 : [29, 36, 62, 137, 203, 217, 256, 369] (66)
45 : [6, 44, 51, 127, 268, 329] (65)
46 : [177, 219, 284, 286, 333, 338, 347] (69)
47 : [89, 120, 132, 157] (73)
48 : [73, 228, 301, 396] (69)
49 : [48, 109, 142, 180, 330] (68)
50 : [46, 58, 186, 192, 279, 288, 344, 368] (69)
51 : [47, 49, 55, 70, 108, 112] (68)
52 : [60, 68, 100, 123, 184, 249, 297] (70)
53 : [65, 181, 275, 282, 319, 359] (71)
54 : [96, 230, 306, 317] (74)
55 : [59, 208, 210, 240, 252, 302, 355] (76)
56 : [18, 150, 218, 265, 315, 356] (77)
57 : [74, 114, 185, 211, 385] (76)
58 : [154, 158, 167, 298, 346, 348] (76)
59 : [78, 83, 254, 276, 374] (76)
60 : [7, 38, 66, 107, 226, 341, 376] (76)
61 : [13, 53, 198, 214, 354] (79)
62 : [80, 115, 267, 316, 372] (78)
63 : [15, 40, 84, 253, 258, 264] (78)
64 : [54, 76, 119, 173, 194, 245, 296, 323] (79)
65 : [41, 43, 85, 183, 262, 393] (78)
66 : [2, 196, 358, 389] (80)
67 : [34, 93, 178, 191, 227, 259, 305, 334] (79)
68 : [33, 138, 324, 365, 366, 387] (78)
69 : [77, 199, 367, 371, 384, 399] (77)
70 : [24, 32, 135, 187, 201, 388] (78)
