Name: 400-20-30
Time: 9.237066268920898 
Result: 10
Solution:  42 3 1 46 60 56 21 17 30 23 43 2 24 11 17 15 40 44 50 37 21 40 26 35 52 42 32 4 8 55 26 18 35 44 57 2 17 58 23 50 14 25 31 27 42 41 33 6 15 44 4 36 18 45 9 8 37 22 57 34 4 54 39 35 59 25 27 24 42 46 34 30 4 2 25 61 27 10 48 26 40 42 42 10 47 4 43 41 49 42 37 28 17 18 49 59 34 11 46 10 38 31 31 2 15 9 1 53 17 54 28 11 39 13 56 17 43 12 38 41 1 35 31 41 3 16 15 49 59 50 24 47 38 17 15 9 26 48 1 61 30 45 26 54 13 8 13 57 45 45 49 11 20 2 12 50 35 61 13 53 48 24 19 25 48 34 58 51 53 5 9 24 53 21 49 1 13 15 41 12 45 11 18 7 19 43 20 47 54 45 37 30 38 39 29 33 47 37 35 7 29 16 52 5 40 61 18 6 44 8 16 45 19 0 16 53 40 6 46 33 14 41 60 43 53 26 60 52 30 19 52 36 4 12 19 23 59 59 59 34 48 25 47 38 42 34 7 21 39 9 60 56 9 11 43 37 32 20 61 50 47 41 33 39 10 53 60 61 27 51 31 52 51 50 27 22 58 33 46 8 3 9 50 36 23 52 28 13 26 3 16 1 14 8 37 7 18 0 6 19 55 32 61 59 54 22 24 23 6 55 0 4 22 45 27 42 0 1 20 36 31 11 55 36 55 48 58 44 8 50 38 29 60 54 56 14 57 11 51 40 54 6 8 49 36 15 12 28 42 46 56 4 57 27 9 45 29 51 36 36 25 23 25 52 20 46 60 55 29 58 58 28 10 37 20 10 5 19 56 6 21 14 28 2 0 53 54 49 35 53 42 20 32 52 57 38 30 44 35 0
0 : [213, 297, 310, 316, 384, 399] (20)
1 : [2, 106, 120, 138, 175, 291, 317] (21)
2 : [11, 35, 73, 103, 153, 383] (21)
3 : [1, 124, 280, 289] (21)
4 : [27, 50, 60, 72, 85, 232, 311, 351] (22)
5 : [169, 203, 376] (24)
6 : [47, 207, 217, 298, 308, 341, 379] (21)
7 : [183, 199, 246, 295] (21)
8 : [28, 55, 145, 209, 279, 293, 328, 342] (22)
9 : [54, 105, 135, 170, 249, 252, 281, 354] (22)
10 : [77, 83, 99, 264, 372, 375] (21)
11 : [13, 97, 111, 151, 181, 253, 321, 337] (22)
12 : [117, 154, 179, 233, 346] (24)
13 : [113, 144, 146, 158, 176, 287] (23)
14 : [40, 220, 292, 335, 381] (22)
15 : [15, 48, 104, 126, 134, 177, 345] (22)
16 : [125, 201, 210, 214, 290] (21)
17 : [7, 14, 36, 92, 108, 115, 133] (22)
18 : [31, 52, 93, 182, 206, 296] (21)
19 : [162, 184, 212, 229, 234, 299, 377] (22)
20 : [152, 186, 257, 318, 364, 374, 391] (24)
21 : [6, 20, 173, 247, 380] (23)
22 : [57, 275, 305, 312] (25)
23 : [9, 38, 235, 284, 307, 361] (25)
24 : [12, 67, 130, 161, 171, 306] (24)
25 : [41, 65, 74, 163, 241, 360, 362] (24)
26 : [22, 30, 79, 136, 142, 225, 288] (25)
27 : [43, 66, 76, 268, 274, 314, 353] (25)
28 : [91, 110, 286, 347, 371, 382] (29)
29 : [194, 200, 331, 356, 368] (26)
30 : [8, 71, 140, 191, 228, 396] (23)
31 : [42, 101, 102, 122, 270, 320] (26)
32 : [26, 256, 301, 392] (27)
33 : [46, 195, 219, 262, 277] (27)
34 : [59, 70, 96, 165, 239, 245] (27)
35 : [23, 32, 63, 121, 156, 198, 388, 398] (27)
36 : [51, 231, 283, 319, 323, 344, 358, 359] (26)
37 : [19, 56, 90, 190, 197, 255, 294, 373] (26)
38 : [100, 118, 132, 192, 243, 330, 395] (27)
39 : [62, 112, 193, 248, 263] (28)
40 : [16, 21, 80, 204, 216, 339] (27)
41 : [45, 87, 119, 123, 178, 221, 261] (26)
42 : [0, 25, 44, 68, 81, 82, 89, 244, 315, 348, 390] (27)
43 : [10, 86, 116, 185, 223, 254] (26)
44 : [17, 33, 49, 208, 327, 397] (28)
45 : [53, 141, 148, 149, 180, 189, 211, 313, 355] (28)
46 : [3, 69, 98, 218, 278, 349, 365] (29)
47 : [84, 131, 187, 196, 242, 260] (29)
48 : [78, 137, 160, 164, 240, 325] (30)
49 : [88, 94, 127, 150, 174, 343, 387] (29)
50 : [18, 39, 129, 155, 259, 273, 282, 329] (29)
51 : [167, 269, 272, 338, 357] (28)
52 : [24, 202, 227, 230, 271, 285, 363, 393] (29)
53 : [107, 159, 168, 172, 215, 224, 265, 385, 389] (29)
54 : [61, 109, 143, 188, 304, 333, 340, 386] (29)
55 : [29, 300, 309, 322, 324, 367] (29)
56 : [5, 114, 251, 334, 350, 378] (30)
57 : [34, 58, 147, 336, 352, 394] (28)
58 : [37, 166, 276, 326, 369, 370] (28)
59 : [64, 95, 128, 236, 237, 238, 303] (30)
60 : [4, 222, 226, 250, 266, 332, 366] (30)
61 : [75, 139, 157, 205, 258, 267, 302] (30)
