Name: 400-50-80
Time: 9.051566123962402 
Result: 28
Solution:  3 27 66 27 21 14 45 62 7 11 19 22 20 57 4 63 1 36 56 32 15 18 24 30 67 7 37 22 29 44 1 19 70 69 67 17 43 31 60 43 62 65 26 65 44 34 46 52 49 50 35 45 38 60 62 52 35 35 50 57 50 37 45 4 1 53 60 33 53 9 52 25 29 48 58 36 64 69 59 35 61 3 38 59 63 65 34 40 1 48 2 21 44 67 6 16 55 34 26 21 53 15 9 27 0 17 1 60 51 47 3 27 51 22 60 61 16 36 9 63 47 24 13 53 23 24 27 44 31 42 38 23 47 43 42 70 35 46 70 33 17 18 50 18 43 24 33 18 20 28 56 7 12 39 57 37 14 46 58 26 33 14 39 1 6 18 6 57 12 28 37 31 9 63 24 4 32 46 67 36 49 51 20 64 53 52 50 70 33 16 0 67 50 27 63 39 67 31 61 70 24 69 17 44 41 31 30 3 55 43 55 57 25 14 63 30 17 44 54 46 9 5 30 5 13 38 59 66 48 25 54 40 1 31 32 37 12 11 15 38 56 10 21 1 37 64 23 33 41 53 34 11 55 61 58 29 45 26 62 65 15 2 64 24 65 56 40 61 46 29 28 39 26 16 15 54 59 36 41 50 23 8 52 25 46 11 46 23 50 14 2 9 5 9 33 34 66 53 58 10 41 49 51 9 16 68 55 16 38 40 3 45 34 2 3 58 63 52 11 56 42 34 26 62 69 22 19 35 16 45 49 32 8 43 66 34 32 39 47 9 12 59 21 41 46 25 57 47 57 32 42 27 10 28 62 57 54 8 65 53 10 7 6 36 14 68 68 68 50 44 41 69 62 3 59 13 60 34 38 9 41 34 9 20 68 56 11 70 69 66 23 0 1 67 8 6 48 34 44 68
0 : [104, 190, 391] (50)
1 : [16, 30, 64, 88, 106, 163, 232, 243, 392] (52)
2 : [90, 261, 290, 313] (51)
3 : [0, 81, 110, 207, 310, 314, 373] (53)
4 : [14, 63, 175] (52)
5 : [221, 223, 292] (56)
6 : [94, 164, 166, 362, 395] (56)
7 : [8, 25, 151, 361] (53)
8 : [281, 332, 357, 394] (55)
9 : [69, 102, 118, 172, 220, 291, 293, 303, 339, 379, 382] (51)
10 : [241, 299, 352, 360] (51)
11 : [9, 237, 251, 285, 318, 386] (65)
12 : [152, 168, 236, 340] (50)
13 : [122, 224, 375] (56)
14 : [5, 156, 161, 213, 289, 364] (53)
15 : [20, 101, 238, 260, 274] (56)
16 : [95, 116, 189, 273, 304, 307, 328] (53)
17 : [35, 105, 140, 202, 216] (57)
18 : [21, 141, 143, 147, 165] (60)
19 : [10, 31, 326] (59)
20 : [12, 148, 182, 383] (60)
21 : [4, 91, 99, 242, 342] (67)
22 : [11, 27, 113, 325] (54)
23 : [124, 131, 246, 280, 287, 390] (53)
24 : [22, 121, 125, 145, 174, 200, 263] (55)
25 : [71, 212, 229, 283, 345] (58)
26 : [42, 98, 159, 257, 272, 322] (60)
27 : [1, 3, 103, 111, 126, 193, 351] (60)
28 : [149, 169, 270, 353] (61)
29 : [28, 72, 255, 269] (62)
30 : [23, 206, 215, 222] (68)
31 : [37, 128, 171, 197, 205, 233] (62)
32 : [19, 176, 234, 331, 336, 349] (61)
33 : [67, 139, 146, 160, 188, 247, 294] (60)
34 : [45, 86, 97, 250, 295, 312, 321, 335, 377, 381, 397] (58)
35 : [50, 56, 57, 79, 136, 327] (60)
36 : [17, 75, 117, 179, 277, 363] (64)
37 : [26, 61, 155, 170, 235, 244] (68)
38 : [52, 82, 130, 225, 239, 308, 378] (68)
39 : [153, 162, 195, 271, 337] (68)
40 : [87, 231, 266, 309] (68)
41 : [204, 248, 278, 300, 343, 370, 380] (69)
42 : [129, 134, 320, 350] (66)
43 : [36, 39, 133, 144, 209, 333] (65)
44 : [29, 44, 92, 127, 203, 217, 369, 398] (70)
45 : [6, 51, 62, 256, 311, 329] (68)
46 : [46, 137, 157, 177, 219, 268, 284, 286, 344] (66)
47 : [109, 120, 132, 338, 347] (70)
48 : [73, 89, 228, 396] (71)
49 : [48, 180, 301, 330] (72)
50 : [49, 58, 60, 142, 186, 192, 279, 288, 368] (69)
51 : [108, 112, 181, 302] (76)
52 : [47, 55, 70, 185, 282, 317] (73)
53 : [65, 68, 100, 123, 184, 249, 297, 359] (72)
54 : [218, 230, 275, 356] (77)
55 : [96, 208, 210, 252, 306] (76)
56 : [18, 150, 240, 265, 319, 385] (77)
57 : [13, 59, 154, 167, 211, 346, 348, 355] (76)
58 : [74, 158, 254, 298, 315] (78)
59 : [78, 83, 226, 276, 341, 374] (76)
60 : [38, 53, 66, 107, 114, 376] (75)
61 : [80, 115, 198, 253, 267] (77)
62 : [7, 40, 54, 258, 323, 354, 372] (78)
63 : [15, 84, 119, 173, 194, 214, 316] (76)
64 : [76, 183, 245, 262] (77)
65 : [41, 43, 85, 259, 264, 358] (75)
66 : [2, 227, 296, 334, 389] (76)
67 : [24, 34, 93, 178, 191, 196, 393] (76)
68 : [305, 365, 366, 367, 384, 399] (74)
69 : [33, 77, 201, 324, 371, 388] (75)
70 : [32, 135, 138, 187, 199, 387] (75)
