Name: 400-40-60
Time: 11.034379720687866 
Result: 6063
Solution:  70 82 58 59 3 86 41 21 15 81 71 6 36 13 72 54 76 48 24 8 95 34 16 91 49 46 35 79 55 43 3 43 93 84 89 3 48 83 15 76 63 60 77 13 78 23 78 68 27 70 27 28 62 74 51 85 16 84 8 11 67 87 29 51 18 66 30 22 64 20 88 94 65 83 61 88 75 39 31 71 8 71 65 90 88 96 35 61 37 19 80 71 54 58 28 79 43 74 68 60 0 93 41 0 80 34 72 79 36 39 26 47 2 8 20 58 33 22 14 58 66 33 48 42 76 69 70 14 4 14 27 97 30 10 18 19 67 21 27 87 52 55 59 51 54 64 11 26 4 13 98 11 92 29 54 63 16 4 47 36 35 57 43 91 93 50 87 10 78 42 57 25 23 69 24 86 84 22 46 40 34 56 98 73 59 48 49 50 32 61 95 25 3 8 86 36 96 85 81 17 83 58 92 71 1 1 91 27 43 62 52 19 52 67 59 1 6 87 50 46 77 37 82 0 45 64 0 21 75 95 48 88 35 55 27 50 98 96 73 7 21 32 85 6 4 86 96 60 91 72 38 7 81 53 4 4 10 26 14 12 74 53 68 92 26 17 30 7 89 70 64 12 81 66 74 12 40 15 30 37 7 42 47 93 43 68 22 75 24 57 56 82 26 53 45 78 63 81 32 60 85 50 86 20 18 31 44 94 23 77 38 79 73 25 42 4 75 84 49 8 67 82 7 47 43 41 66 90 70 56 59 55 21 89 27 35 17 3 19 3 52 33 39 29 8 3 2 97 19 97 70 98 63 41 82 35 92 62 32 89 66 28 31 16 94 47 78 8 44 52 29 13 93 98 46 81 2 44 96 10 34 42 41 37 11 57 90 17 76 97 63 75 95 65 65 22 17 19 14 92
0 : [100, 103, 223, 226] (49)
1 : [204, 205, 215] (48)
2 : [112, 346, 376] (40)
3 : [4, 30, 35, 192, 337, 339, 345] (57)
4 : [128, 148, 157, 244, 254, 255, 315] (42)
5 : [] (0)
6 : [11, 216, 243] (43)
7 : [239, 251, 267, 280, 322] (44)
8 : [19, 58, 80, 113, 193, 319, 344, 367] (55)
9 : [] (0)
10 : [133, 167, 256, 379] (46)
11 : [59, 146, 151, 384] (46)
12 : [259, 271, 275] (51)
13 : [13, 43, 149, 371] (44)
14 : [118, 127, 129, 258, 398] (41)
15 : [8, 38, 277] (44)
16 : [22, 56, 156, 363] (44)
17 : [199, 265, 336, 387, 396] (48)
18 : [64, 134, 304] (49)
19 : [89, 135, 211, 338, 348, 397] (45)
20 : [69, 114, 303] (48)
21 : [7, 137, 227, 240, 332] (43)
22 : [67, 117, 177, 286, 395] (44)
23 : [45, 172, 308] (42)
24 : [18, 174, 288] (45)
25 : [171, 191, 313] (52)
26 : [110, 147, 257, 264, 292] (40)
27 : [48, 50, 130, 138, 207, 234, 334] (43)
28 : [51, 94, 361] (45)
29 : [62, 153, 343, 370] (44)
30 : [66, 132, 266, 278] (43)
31 : [78, 305, 362] (49)
32 : [188, 241, 298, 358] (43)
33 : [116, 121, 341] (49)
34 : [21, 105, 180, 380] (53)
35 : [26, 86, 160, 232, 335, 355] (46)
36 : [12, 108, 159, 195] (47)
37 : [88, 221, 279, 383] (46)
38 : [250, 310] (43)
39 : [77, 109, 342] (45)
40 : [179, 276] (47)
41 : [6, 102, 325, 353, 382] (48)
42 : [123, 169, 281, 314, 381] (48)
43 : [29, 31, 96, 162, 208, 284, 324] (47)
44 : [306, 368, 377] (54)
45 : [224, 294] (48)
46 : [25, 178, 219, 374] (56)
47 : [111, 158, 282, 323, 365] (51)
48 : [17, 36, 122, 185, 230] (53)
49 : [24, 186, 318] (53)
50 : [165, 187, 218, 235, 301] (50)
51 : [54, 63, 143] (50)
52 : [140, 210, 212, 340, 369] (54)
53 : [253, 261, 293] (56)
54 : [15, 92, 144, 154] (55)
55 : [28, 141, 233, 331] (60)
56 : [181, 290, 329] (59)
57 : [161, 170, 289, 385] (59)
58 : [2, 93, 115, 119, 201] (58)
59 : [3, 142, 184, 214, 330] (56)
60 : [41, 99, 247, 299] (52)
61 : [74, 87, 189] (55)
62 : [52, 209, 357] (61)
63 : [40, 155, 296, 352, 390] (51)
64 : [68, 145, 225, 270] (52)
65 : [72, 82, 393, 394] (58)
66 : [65, 120, 273, 326, 360] (52)
67 : [60, 136, 213, 320] (56)
68 : [47, 98, 262, 285] (50)
69 : [125, 173] (54)
70 : [0, 49, 126, 269, 328, 350] (48)
71 : [10, 79, 81, 91, 203] (52)
72 : [14, 106, 249] (59)
73 : [183, 238, 312] (56)
74 : [53, 97, 260, 274] (60)
75 : [76, 228, 287, 316, 391] (60)
76 : [16, 39, 124, 388] (60)
77 : [42, 220, 309] (60)
78 : [44, 46, 168, 295, 366] (59)
79 : [27, 95, 107, 311] (61)
80 : [90, 104] (60)
81 : [9, 198, 252, 272, 297, 375] (54)
82 : [1, 222, 291, 321, 354] (55)
83 : [37, 73, 200] (58)
84 : [33, 57, 176, 317] (57)
85 : [55, 197, 242, 300] (54)
86 : [5, 175, 194, 245, 302] (56)
87 : [61, 139, 166, 217] (54)
88 : [70, 75, 84, 231] (56)
89 : [34, 268, 333, 359] (54)
90 : [83, 327, 386] (56)
91 : [23, 163, 206, 248] (59)
92 : [152, 202, 263, 356, 399] (58)
93 : [32, 101, 164, 283, 372] (55)
94 : [71, 307, 364] (60)
95 : [20, 190, 229, 392] (63)
96 : [85, 196, 237, 246, 378] (61)
97 : [131, 347, 349, 389] (60)
98 : [150, 182, 236, 351, 373] (60)
