Name: 600-20-30
Time: 13.75018858909607 
Result: 2031
Solution:  104 0 36 53 28 61 77 47 80 35 49 65 56 86 115 4 54 43 122 90 15 21 107 16 41 102 91 101 34 42 103 46 97 78 32 101 83 84 46 122 62 99 72 15 89 40 85 97 90 60 20 53 85 89 87 65 35 50 61 12 67 80 57 44 36 101 90 21 14 110 113 75 14 62 48 111 47 69 101 8 69 66 105 14 17 9 51 62 46 43 91 92 4 22 116 104 41 5 39 36 59 51 82 30 10 77 87 76 68 100 49 91 106 18 43 55 81 43 101 16 117 35 10 86 22 110 20 106 104 12 63 96 3 53 2 50 47 55 65 29 66 14 64 71 77 120 44 29 98 37 42 15 84 92 34 54 99 21 87 59 37 105 25 111 82 88 20 9 39 89 74 60 82 83 49 72 120 57 93 45 49 32 103 20 31 75 119 78 75 110 68 30 111 71 19 33 92 16 24 96 5 47 69 46 25 51 38 76 103 5 39 106 113 102 43 28 37 31 28 44 32 22 84 117 120 72 29 57 45 93 2 1 95 63 79 101 54 100 3 7 8 53 9 113 85 70 1 73 4 58 76 60 109 118 116 98 9 5 73 33 37 114 78 60 121 52 118 81 45 12 113 19 115 22 67 71 27 82 23 108 66 107 104 79 57 30 83 117 31 123 59 113 1 55 60 105 89 117 108 6 65 120 17 82 14 116 116 74 52 21 3 52 74 10 17 66 54 73 94 49 70 96 25 23 90 46 40 91 33 24 25 120 8 112 60 100 99 40 16 107 75 121 55 38 79 106 31 86 49 99 58 57 95 40 94 56 93 79 35 48 15 63 88 86 104 63 54 113 83 80 107 23 23 97 20 13 24 35 81 70 122 78 118 113 123 80 96 119 9 109 29 119 81 102 110 37 18 78 114 90 96 105 56 98 95 71 35 33 48 123 92 9 63 65 111 84 106 85 116 98 73 99 82 9 5 58 37 103 121 115 79 65 123 49 94 13 38 109 12 79 18 74 118 25 110 119 38 15 122 49 95 123 62 64 87 62 6 16 9 59 84 18 4 38 42 50 29 24 3 75 82 33 121 72 114 49 108 30 63 42 22 57 67 95 70 112 74 23 2 112 2 97 114 7 61 80 73 77 28 73 97 46 50 74 42 21 54 0 64 105 87 63 30 45 64 13 69 34 35 59 122 13 64 1 19 91 116 80 116 21 90 71 33 19 53 9 100 40 94 21 27 100 109 111 121 41 123 32 102 89 74 9 71 87 30 89 61 52 86 40 27 66 102 48 28 67 95 110 0 77 42 39 99 89 9 38 44 52 27 27 112 58 31 108 88 68 47 30 3 118 53 55 109 100 24 107 68 74 22 4
0 : [1, 507, 568] (22)
1 : [231, 246, 292, 523] (21)
2 : [134, 230, 488, 490] (21)
3 : [132, 238, 310, 468, 588] (20)
4 : [15, 92, 248, 462, 599] (20)
5 : [97, 200, 209, 257, 424] (20)
6 : [299, 456] (22)
7 : [239, 493] (20)
8 : [79, 240, 332] (22)
9 : [85, 167, 242, 256, 388, 411, 423, 458, 535, 551, 574] (28)
10 : [104, 122, 313] (20)
11 : [] (0)
12 : [59, 129, 269, 438] (20)
13 : [375, 435, 515, 521] (22)
14 : [68, 72, 83, 141, 304] (23)
15 : [20, 43, 151, 360, 447] (22)
16 : [23, 119, 197, 338, 457] (24)
17 : [84, 302, 314] (22)
18 : [113, 396, 440, 461] (24)
19 : [194, 271, 524, 533] (26)
20 : [50, 126, 166, 183, 374] (20)
21 : [21, 67, 157, 309, 505, 529, 539] (20)
22 : [93, 124, 221, 273, 480, 598] (24)
23 : [278, 323, 371, 372, 487] (21)
24 : [198, 329, 376, 467, 594] (21)
25 : [162, 204, 322, 330, 443] (20)
26 : [] (0)
27 : [276, 540, 560, 578, 579] (28)
28 : [4, 215, 218, 498, 564] (23)
29 : [139, 147, 226, 390, 466] (23)
30 : [103, 191, 285, 477, 512, 554, 587] (22)
31 : [184, 217, 288, 346, 582] (23)
32 : [34, 181, 220, 547] (23)
33 : [195, 259, 328, 407, 471, 532] (23)
34 : [28, 154, 517] (23)
35 : [9, 56, 121, 358, 377, 406, 518] (24)
36 : [2, 64, 99] (23)
37 : [149, 160, 216, 260, 395, 426] (23)
38 : [206, 343, 436, 446, 463, 575] (23)
39 : [98, 168, 210, 571] (25)
40 : [45, 326, 337, 353, 537, 559] (22)
41 : [24, 96, 545] (23)
42 : [29, 150, 464, 479, 504, 570] (24)
43 : [17, 89, 114, 117, 214] (23)
44 : [63, 146, 219, 576] (24)
45 : [179, 228, 268, 513] (25)
46 : [31, 38, 88, 203, 325, 501] (23)
47 : [7, 76, 136, 201, 586] (22)
48 : [74, 359, 408, 563] (23)
49 : [10, 110, 174, 180, 319, 348, 433, 449, 475] (20)
50 : [57, 135, 465, 502] (25)
51 : [86, 101, 205] (23)
52 : [265, 308, 311, 557, 577] (22)
53 : [3, 51, 133, 241, 534, 590] (23)
54 : [16, 155, 236, 316, 366, 506] (23)
55 : [115, 137, 293, 342, 591] (23)
56 : [12, 355, 402] (23)
57 : [62, 177, 227, 284, 351, 481] (26)
58 : [249, 350, 425, 581] (26)
59 : [100, 159, 290, 459, 519] (26)
60 : [49, 171, 251, 263, 294, 334] (28)
61 : [5, 58, 494, 556] (26)
62 : [40, 73, 87, 452, 455] (26)
63 : [130, 233, 361, 365, 412, 478, 511] (27)
64 : [142, 453, 508, 514, 522] (27)
65 : [11, 55, 138, 300, 413, 431] (26)
66 : [81, 140, 280, 315, 561] (27)
67 : [60, 274, 482, 565] (28)
68 : [108, 190, 585, 596] (29)
69 : [77, 80, 202, 516] (27)
70 : [245, 320, 379, 484] (26)
71 : [143, 193, 275, 405, 531, 552] (27)
72 : [42, 175, 225, 473] (26)
73 : [247, 258, 317, 420, 496, 499] (27)
74 : [170, 307, 312, 441, 486, 503, 550, 597] (27)
75 : [71, 185, 188, 340, 469] (28)
76 : [107, 207, 250] (27)
77 : [6, 105, 144, 497, 569] (27)
78 : [33, 187, 262, 381, 397] (27)
79 : [234, 283, 344, 357, 430, 439] (27)
80 : [8, 61, 369, 385, 495, 527] (28)
81 : [116, 267, 378, 392] (27)
82 : [102, 164, 172, 277, 303, 422, 470] (27)
83 : [36, 173, 286, 368] (28)
84 : [37, 152, 222, 415, 460] (26)
85 : [46, 52, 244, 417] (26)
86 : [13, 123, 347, 363, 558] (27)
87 : [54, 106, 158, 454, 510, 553] (26)
88 : [165, 362, 584] (30)
89 : [44, 53, 169, 296, 549, 555, 573] (27)
90 : [19, 48, 66, 324, 399, 530] (26)
91 : [26, 90, 111, 327, 525] (26)
92 : [91, 153, 196, 410] (27)
93 : [178, 229, 356] (28)
94 : [318, 354, 434, 538] (30)
95 : [232, 352, 404, 450, 483, 566] (29)
96 : [131, 199, 321, 386, 400] (27)
97 : [32, 47, 373, 491, 500] (27)
98 : [148, 255, 403, 419] (28)
99 : [41, 156, 336, 349, 421, 572] (28)
100 : [109, 237, 335, 536, 541, 593] (27)
101 : [27, 35, 65, 78, 118, 235] (28)
102 : [25, 213, 393, 548, 562] (30)
103 : [30, 182, 208, 427] (30)
104 : [0, 95, 128, 282, 364] (29)
105 : [82, 161, 295, 401, 509] (28)
106 : [112, 127, 211, 345, 416] (31)
107 : [22, 281, 339, 370, 595] (29)
108 : [279, 298, 476, 583] (28)
109 : [252, 389, 437, 542, 592] (29)
110 : [69, 125, 189, 394, 444, 567] (29)
111 : [75, 163, 192, 414, 543] (30)
112 : [333, 485, 489, 580] (28)
113 : [70, 212, 243, 270, 291, 367, 383] (30)
114 : [261, 398, 474, 492] (29)
115 : [14, 272, 429] (31)
116 : [94, 254, 305, 306, 418, 526, 528] (29)
117 : [120, 223, 287, 297] (28)
118 : [253, 266, 382, 442, 589] (30)
119 : [186, 387, 391, 445] (30)
120 : [145, 176, 224, 301, 331] (30)
121 : [264, 341, 428, 472, 544] (30)
122 : [18, 39, 380, 448, 520] (30)
123 : [289, 384, 409, 432, 451, 546] (29)
