Name: 600-50-80
Time: 13.383055210113525 
Result: 7082
Solution:  45 14 103 20 64 62 3 9 75 97 76 69 65 4 96 55 24 55 20 34 21 44 14 101 5 71 81 87 30 95 56 84 98 36 14 0 57 78 98 79 44 50 70 36 26 1 86 32 90 36 18 15 83 94 53 82 31 30 58 1 103 2 93 82 8 85 67 66 94 45 67 3 72 45 26 82 82 49 107 40 15 39 56 78 79 3 59 61 83 55 66 39 25 3 31 63 77 3 49 70 97 98 106 73 26 95 12 92 94 33 105 4 89 74 101 77 27 81 66 72 11 69 100 86 92 35 8 54 50 31 64 8 30 47 3 62 50 10 66 25 35 99 7 17 69 76 63 110 42 43 93 67 21 37 1 32 41 46 60 63 42 24 11 90 34 27 87 31 104 91 20 56 37 64 72 77 50 76 96 96 80 59 12 48 67 78 99 13 79 33 72 54 92 81 91 88 94 85 78 101 104 28 52 102 54 83 13 47 51 53 85 29 93 81 24 37 63 15 61 49 2 25 95 19 41 46 16 55 105 76 56 15 102 89 23 70 37 58 104 28 63 21 58 106 10 5 83 44 72 74 1 61 71 98 43 72 59 75 103 41 87 47 55 93 38 39 3 29 99 80 105 58 71 41 71 74 30 63 108 63 92 78 29 19 107 80 59 105 83 110 54 100 73 28 69 3 97 41 46 31 72 110 100 100 99 22 86 12 108 87 68 73 74 57 15 26 12 109 19 27 85 20 68 107 79 2 31 71 46 3 95 94 94 42 43 79 11 70 7 78 53 41 17 87 49 63 80 43 13 1 96 86 22 29 89 78 8 106 43 88 98 94 68 48 63 50 86 37 65 107 91 102 53 96 45 84 9 100 23 8 30 37 91 3 7 2 83 110 81 42 27 61 109 2 44 66 5 79 109 31 53 90 110 8 7 107 73 80 57 91 8 43 100 9 67 22 23 10 24 92 101 84 105 1 100 57 100 87 81 17 16 4 54 14 25 109 103 47 13 108 100 52 37 106 84 24 90 59 60 22 106 60 70 77 17 69 90 52 91 87 40 106 81 85 40 74 37 18 54 76 31 28 104 57 40 88 105 11 106 15 86 76 27 64 65 17 31 10 38 46 63 17 51 35 35 5 32 43 107 48 17 38 52 46 96 82 52 91 18 109 21 75 104 20 106 3 17 69 89 17 80 48 84 35 81 27 63 104 97 108 59 91 70 64 72 16 35 107 77 87 73 105 33 51 40 42 7 0 18 25 104 73 75 97 76 35 57 67 106 34 20 79 20 87 97 40 60 89 16 56 8 93 24 94 62 100 95 74 35 27 20 101 69 25 37 74 50 54 51 106 14 110 47 9 89 0 102 8 8 11
0 : [35, 547, 595] (55)
1 : [45, 59, 154, 250, 349, 423] (54)
2 : [61, 220, 325, 385, 393] (58)
3 : [6, 71, 85, 93, 97, 134, 266, 295, 329, 383, 515] (54)
4 : [13, 111, 431] (55)
5 : [24, 245, 396, 495] (50)
6 : [] (0)
7 : [142, 338, 384, 404, 546] (64)
8 : [64, 126, 131, 356, 379, 403, 410, 570, 597, 598] (51)
9 : [7, 376, 413, 593] (59)
10 : [137, 244, 417, 487] (56)
11 : [120, 162, 336, 477, 599] (56)
12 : [106, 182, 307, 316] (57)
13 : [187, 206, 348, 438] (58)
14 : [1, 22, 34, 433, 590] (50)
15 : [51, 80, 217, 231, 314, 479] (51)
16 : [226, 430, 535, 568] (51)
17 : [143, 342, 429, 454, 485, 491, 500, 516, 519] (48)
18 : [50, 467, 508, 548] (53)
19 : [223, 283, 318] (55)
20 : [3, 18, 170, 321, 513, 560, 562, 580] (54)
21 : [20, 152, 241, 510] (57)
22 : [305, 352, 415, 449] (59)
23 : [234, 378, 416] (61)
24 : [16, 161, 214, 418, 445, 572] (59)
25 : [92, 139, 221, 434, 549, 583] (59)
26 : [44, 74, 104, 315] (54)
27 : [116, 165, 319, 390, 482, 525, 579] (57)
28 : [201, 239, 293, 471] (57)
29 : [211, 267, 282, 353] (61)
30 : [28, 57, 132, 276, 380] (58)
31 : [56, 94, 129, 167, 299, 326, 399, 470, 486] (55)
32 : [47, 155, 496] (72)
33 : [109, 189, 542] (56)
34 : [19, 164, 559] (56)
35 : [125, 140, 493, 494, 523, 536, 555, 578] (53)
36 : [33, 43, 49] (62)
37 : [153, 172, 215, 236, 367, 381, 442, 466, 584] (54)
38 : [264, 488, 501] (64)
39 : [81, 91, 265] (62)
40 : [79, 460, 464, 474, 544, 565] (61)
41 : [156, 224, 259, 273, 297, 341] (61)
42 : [148, 160, 333, 389, 545] (60)
43 : [149, 254, 334, 347, 358, 411, 497] (68)
44 : [21, 40, 247, 394] (63)
45 : [0, 69, 73, 374] (62)
46 : [157, 225, 298, 328, 489, 503] (63)
47 : [133, 207, 261, 437, 592] (63)
48 : [183, 363, 499, 521] (68)
49 : [77, 98, 219, 344] (62)
50 : [41, 128, 136, 176, 365, 586] (63)
51 : [208, 492, 543, 588] (63)
52 : [202, 441, 457, 502, 506] (65)
53 : [54, 209, 340, 372, 400] (60)
54 : [127, 191, 204, 290, 432, 468, 587] (59)
55 : [15, 17, 89, 227, 262] (75)
56 : [30, 82, 171, 230, 569] (76)
57 : [36, 313, 408, 425, 473, 556] (64)
58 : [58, 237, 242, 271] (64)
59 : [86, 181, 256, 286, 447, 530] (64)
60 : [158, 448, 451, 566] (66)
61 : [87, 218, 251, 391] (69)
62 : [5, 135, 574] (65)
63 : [95, 146, 159, 216, 240, 277, 279, 345, 364, 490, 526] (62)
64 : [4, 130, 173, 483, 533] (66)
65 : [12, 368, 484] (66)
66 : [67, 90, 118, 138, 395] (69)
67 : [66, 70, 151, 184, 414, 557] (68)
68 : [310, 322, 362] (69)
69 : [11, 121, 144, 294, 455, 517, 582] (67)
70 : [42, 99, 235, 337, 452, 532] (71)
71 : [25, 252, 272, 274, 327] (70)
72 : [72, 119, 174, 190, 248, 255, 300, 534] (68)
73 : [103, 292, 311, 406, 540, 551] (74)
74 : [113, 249, 275, 312, 465, 577, 585] (70)
75 : [8, 257, 511, 552] (70)
76 : [10, 145, 177, 229, 469, 481, 554] (71)
77 : [96, 115, 175, 453, 538] (69)
78 : [37, 83, 185, 198, 281, 339, 355] (77)
79 : [39, 84, 188, 324, 335, 397, 561] (78)
80 : [180, 269, 285, 346, 407, 520] (76)
81 : [26, 117, 193, 213, 388, 428, 462, 524] (74)
82 : [55, 63, 75, 76, 505] (72)
83 : [52, 88, 205, 246, 288, 386] (77)
84 : [31, 375, 421, 444, 522] (72)
85 : [65, 197, 210, 320, 463] (72)
86 : [46, 123, 306, 351, 366, 480] (75)
87 : [27, 166, 260, 309, 343, 427, 459, 539, 563] (79)
88 : [195, 359, 475] (74)
89 : [112, 233, 354, 518, 567, 594] (70)
90 : [48, 163, 401, 446, 456] (78)
91 : [169, 194, 370, 382, 409, 458, 507, 531] (76)
92 : [107, 124, 192, 280, 419] (77)
93 : [62, 150, 212, 263, 571] (76)
94 : [53, 68, 108, 196, 331, 332, 361, 573] (77)
95 : [29, 105, 222, 330, 576] (80)
96 : [14, 178, 179, 350, 373, 504] (81)
97 : [9, 100, 296, 528, 553, 564] (80)
98 : [32, 38, 101, 253, 360] (80)
99 : [141, 186, 268, 304] (81)
100 : [122, 291, 302, 303, 377, 412, 424, 426, 440, 575] (77)
101 : [23, 114, 199, 420, 581] (78)
102 : [203, 232, 371, 596] (80)
103 : [2, 60, 258, 436] (80)
104 : [168, 200, 238, 472, 512, 527, 550] (79)
105 : [110, 228, 270, 287, 422, 476, 541] (73)
106 : [102, 243, 357, 443, 450, 461, 478, 514, 558, 589] (80)
107 : [78, 284, 323, 369, 405, 498, 537] (80)
108 : [278, 308, 439, 529] (80)
109 : [317, 392, 398, 435, 509] (81)
110 : [147, 289, 301, 387, 402, 591] (82)
