Name: 600-50-80
Time: 13.490777015686035 
Result: 7034
Solution:  45 15 102 20 65 62 3 10 71 98 76 73 65 4 96 55 24 54 20 34 21 41 13 101 5 68 83 89 30 94 55 84 98 36 14 0 59 76 97 81 42 48 70 36 26 1 86 32 90 35 18 14 81 96 52 82 32 27 58 0 104 2 96 85 8 86 69 67 96 44 66 3 72 44 26 83 82 48 107 42 15 42 56 78 78 4 59 61 84 54 64 39 26 3 31 63 79 2 50 71 97 100 105 74 27 94 13 92 94 31 105 6 86 77 100 78 27 82 68 70 10 68 101 85 91 34 6 52 52 30 64 7 25 47 1 62 51 9 66 24 36 99 9 18 67 77 62 110 40 43 91 68 23 35 1 31 41 46 60 62 41 24 11 87 34 30 87 29 106 91 20 55 37 65 72 72 48 76 96 95 79 56 12 47 67 78 97 13 79 33 72 55 93 80 94 87 94 87 78 101 104 28 49 103 52 82 12 48 51 52 84 33 93 80 26 36 63 15 60 50 3 25 95 17 42 46 11 55 106 76 57 15 103 89 22 70 37 57 104 28 63 23 56 106 10 3 84 45 73 75 0 61 72 97 41 72 58 74 103 41 85 48 56 93 40 37 6 28 99 80 105 57 71 42 71 74 29 63 107 63 92 74 29 19 106 81 59 105 83 110 54 100 73 30 66 0 99 38 43 32 72 107 101 101 99 25 83 11 108 88 66 74 72 60 15 27 15 109 21 24 85 18 71 109 80 2 33 69 46 6 92 93 92 43 47 80 12 70 6 78 52 40 17 86 50 60 82 47 13 3 100 89 21 28 89 83 8 104 42 88 95 94 68 45 62 48 83 35 60 109 94 100 54 98 45 84 7 100 29 6 30 39 93 3 8 2 83 109 80 43 26 62 110 6 44 70 5 77 108 33 53 92 110 8 10 109 73 80 57 91 6 40 103 9 67 22 22 10 23 90 99 82 105 0 101 58 96 87 79 20 17 5 54 14 24 110 102 47 14 109 101 52 38 110 86 25 90 58 61 21 108 64 72 77 16 64 89 52 92 88 42 104 81 85 39 73 37 19 54 77 33 27 101 56 41 88 105 7 107 18 84 76 27 66 65 15 32 6 38 46 63 17 51 33 35 4 32 44 108 49 16 38 52 46 95 83 49 91 17 109 19 75 102 21 104 3 17 66 91 18 82 53 84 36 83 28 64 102 98 108 60 90 70 64 73 16 36 108 76 88 77 101 35 49 39 43 6 2 16 27 103 74 75 97 76 36 55 63 104 34 20 79 20 88 97 38 61 87 18 56 8 91 24 94 64 101 95 74 36 26 20 101 69 25 39 75 50 56 51 105 14 110 45 11 91 1 102 8 7 10
0 : [35, 59, 250, 295, 423] (58)
1 : [45, 134, 154, 595] (53)
2 : [61, 97, 325, 385, 547] (53)
3 : [6, 71, 93, 220, 245, 349, 383, 515] (51)
4 : [13, 85, 495] (52)
5 : [24, 396, 431] (52)
6 : [111, 126, 266, 329, 338, 379, 393, 410, 487, 546] (50)
7 : [131, 376, 477, 598] (50)
8 : [64, 356, 384, 403, 570, 597] (49)
9 : [137, 142, 413] (54)
10 : [7, 120, 244, 404, 417, 599] (49)
11 : [162, 226, 307, 593] (50)
12 : [182, 206, 336] (50)
13 : [22, 106, 187, 348] (50)
14 : [34, 51, 433, 438, 590] (51)
15 : [1, 80, 217, 231, 314, 316, 485] (48)
16 : [454, 500, 535, 548] (52)
17 : [223, 342, 430, 491, 508, 516] (51)
18 : [50, 143, 321, 479, 519, 568] (54)
19 : [283, 467, 510] (55)
20 : [3, 18, 170, 429, 560, 562, 580] (55)
21 : [20, 318, 352, 449, 513] (59)
22 : [234, 415, 416] (62)
23 : [152, 241, 418] (57)
24 : [16, 139, 161, 319, 434, 572] (58)
25 : [132, 221, 305, 445, 583] (58)
26 : [44, 74, 92, 214, 390, 579] (57)
27 : [57, 104, 116, 315, 471, 482, 549] (58)
28 : [201, 239, 267, 353, 525] (60)
29 : [167, 276, 282, 378] (60)
30 : [28, 129, 165, 293, 380] (61)
31 : [94, 109, 155] (62)
32 : [47, 56, 299, 486, 496] (61)
33 : [189, 211, 326, 399, 470, 493] (61)
34 : [19, 125, 164, 559] (60)
35 : [49, 153, 367, 494, 542] (58)
36 : [33, 43, 140, 215, 523, 536, 555, 578] (57)
37 : [172, 236, 265, 466] (57)
38 : [297, 442, 488, 501, 565] (59)
39 : [91, 381, 464, 544, 584] (60)
40 : [148, 264, 341, 411] (60)
41 : [21, 156, 160, 254, 259, 474] (60)
42 : [40, 79, 81, 224, 273, 358, 460] (59)
43 : [149, 298, 333, 389, 545] (60)
44 : [69, 73, 394, 497] (68)
45 : [0, 247, 363, 374, 592] (62)
46 : [157, 225, 328, 489, 503] (62)
47 : [133, 183, 334, 347, 437] (65)
48 : [41, 77, 176, 207, 261, 365] (66)
49 : [202, 499, 506, 543] (66)
50 : [98, 219, 344, 586] (64)
51 : [136, 208, 492, 588] (66)
52 : [54, 127, 128, 204, 209, 340, 441, 457, 502] (62)
53 : [400, 521] (62)
54 : [17, 89, 290, 372, 432, 468] (63)
55 : [15, 30, 171, 191, 227, 556] (62)
56 : [82, 181, 242, 262, 473, 569, 587] (65)
57 : [230, 237, 271, 408] (65)
58 : [58, 256, 425, 447] (66)
59 : [36, 86, 286] (67)
60 : [158, 218, 313, 345, 368, 530] (65)
61 : [87, 251, 448, 566] (70)
62 : [5, 135, 146, 159, 364, 391] (66)
63 : [95, 216, 240, 277, 279, 490, 557] (66)
64 : [90, 130, 451, 455, 526, 533, 574] (66)
65 : [4, 12, 173, 484] (67)
66 : [70, 138, 294, 310, 483, 517] (69)
67 : [67, 144, 184, 414] (67)
68 : [25, 118, 121, 151, 362] (68)
69 : [66, 327, 582] (72)
70 : [42, 119, 235, 337, 395, 532] (71)
71 : [8, 99, 272, 274, 322] (67)
72 : [72, 174, 175, 190, 252, 255, 300, 312, 452] (69)
73 : [11, 248, 292, 406, 465, 534] (72)
74 : [103, 257, 275, 281, 311, 551, 577] (70)
75 : [249, 511, 552, 585] (75)
76 : [10, 37, 177, 229, 481, 538, 554] (69)
77 : [113, 145, 397, 453, 469, 540] (70)
78 : [83, 84, 115, 185, 198, 339] (77)
79 : [96, 180, 188, 428, 561] (78)
80 : [193, 213, 269, 324, 335, 388, 407] (76)
81 : [39, 52, 285, 462] (76)
82 : [55, 76, 117, 205, 346, 421, 520] (75)
83 : [26, 75, 288, 306, 355, 366, 386, 505, 524] (74)
84 : [31, 88, 210, 246, 375, 480, 522] (76)
85 : [63, 123, 260, 320, 463] (72)
86 : [46, 65, 112, 343, 444] (72)
87 : [163, 166, 195, 197, 427, 567] (75)
88 : [309, 359, 459, 475, 539, 563] (75)
89 : [27, 233, 351, 354, 456] (79)
90 : [48, 419, 446, 531] (79)
91 : [124, 150, 169, 409, 507, 518, 571, 594] (78)
92 : [107, 280, 330, 332, 401, 458] (82)
93 : [192, 212, 263, 331, 382] (78)
94 : [29, 105, 108, 194, 196, 361, 370, 573] (78)
95 : [179, 222, 360, 504, 576] (79)
96 : [14, 53, 62, 68, 178, 426] (80)
97 : [38, 100, 186, 253, 553, 564] (81)
98 : [9, 32, 373, 528] (80)
99 : [141, 268, 296, 304, 420] (79)
100 : [101, 114, 291, 350, 371, 377] (77)
101 : [23, 122, 199, 302, 303, 424, 440, 472, 541, 575, 581] (77)
102 : [2, 436, 512, 527, 596] (79)
103 : [203, 232, 258, 412, 550] (78)
104 : [60, 200, 238, 357, 461, 514, 558] (77)
105 : [102, 110, 270, 287, 422, 476, 589] (77)
106 : [168, 228, 243, 284] (76)
107 : [78, 278, 301, 478] (77)
108 : [308, 398, 450, 498, 529, 537] (76)
109 : [317, 323, 369, 387, 405, 439, 509] (78)
110 : [147, 289, 392, 402, 435, 443, 591] (79)
