Name: 600-50-80
Time: 13.358198165893555 
Result: 4034
Solution:  46 15 103 19 64 62 3 12 74 97 77 73 65 4 94 55 21 57 20 39 21 41 13 99 6 71 80 88 29 95 56 86 98 36 13 0 58 76 98 82 43 48 70 36 27 2 86 32 90 34 17 15 82 96 52 85 30 31 57 1 105 1 94 84 7 86 69 66 95 44 67 2 74 39 26 84 82 48 107 42 15 42 56 78 75 3 59 62 81 55 64 40 25 3 31 62 79 2 50 71 96 99 106 72 27 94 13 92 94 33 105 7 88 74 99 77 28 86 66 70 10 68 98 85 91 35 7 52 52 31 64 7 28 47 2 60 50 9 66 25 35 101 9 18 71 74 63 110 42 44 92 65 20 34 1 33 41 46 62 63 43 24 11 86 36 28 88 28 105 91 19 56 34 66 73 75 48 77 98 96 80 60 14 48 67 78 97 11 79 32 72 54 93 81 92 87 93 85 78 103 104 27 51 99 52 81 12 49 54 52 83 28 93 78 25 40 63 14 61 49 3 26 95 20 43 45 15 55 105 74 56 15 101 89 24 71 37 57 100 28 63 23 57 103 11 3 82 45 72 75 1 61 72 97 41 72 58 74 103 37 88 47 56 93 41 37 3 31 99 80 107 57 71 42 71 74 30 63 108 63 92 76 29 18 106 80 59 104 84 110 55 100 70 29 66 0 99 38 45 31 72 107 102 102 101 21 86 13 108 88 68 73 72 60 15 27 13 106 19 24 85 18 69 109 78 2 31 69 46 4 94 93 92 43 45 80 10 70 10 78 52 38 17 85 49 63 83 47 15 3 100 89 22 28 89 83 12 104 42 88 95 94 68 45 63 48 84 36 60 109 92 102 55 96 45 84 7 100 26 7 30 37 91 3 8 5 83 109 80 42 26 63 110 7 44 65 5 79 109 31 53 90 110 8 6 109 73 80 57 94 8 40 102 9 68 23 22 10 22 90 100 84 109 1 100 58 100 88 81 20 14 5 54 16 25 110 104 49 12 108 97 51 38 110 87 23 91 58 61 21 105 62 71 77 20 64 90 52 91 88 42 104 81 83 39 73 37 17 52 78 32 27 103 60 41 87 103 10 106 15 87 76 23 67 64 16 31 6 39 45 63 16 50 35 32 4 32 44 108 50 18 38 52 46 96 81 51 91 17 109 19 77 102 21 105 2 12 65 91 18 79 53 85 35 81 28 63 106 98 110 60 89 70 64 72 16 36 109 74 87 76 105 34 51 40 43 6 1 17 24 106 73 75 96 76 35 58 65 103 35 24 79 20 88 97 39 61 91 18 59 7 92 21 95 64 101 95 72 35 25 23 102 67 25 38 74 49 53 51 103 14 110 47 8 91 0 102 8 7 12
0 : [35, 295, 595] (52)
1 : [59, 61, 154, 250, 423, 547] (52)
2 : [45, 71, 97, 134, 325, 515] (50)
3 : [6, 85, 93, 220, 245, 266, 349, 383] (50)
4 : [13, 329, 495] (50)
5 : [385, 396, 431] (51)
6 : [24, 404, 487, 546] (54)
7 : [64, 111, 126, 131, 376, 379, 393, 570, 598] (51)
8 : [384, 403, 410, 593, 597] (51)
9 : [137, 142, 413] (54)
10 : [120, 336, 338, 417, 477] (51)
11 : [162, 187, 244] (56)
12 : [7, 206, 356, 438, 516, 599] (53)
13 : [22, 34, 106, 307, 316] (54)
14 : [182, 217, 430, 590] (55)
15 : [1, 51, 80, 226, 231, 314, 348, 479] (52)
16 : [433, 485, 491, 535] (53)
17 : [50, 342, 467, 508, 548] (54)
18 : [143, 283, 321, 500, 519, 568] (54)
19 : [3, 170, 318, 510] (59)
20 : [18, 152, 223, 429, 454, 562] (56)
21 : [16, 20, 305, 449, 513, 572] (56)
22 : [352, 416, 418] (65)
23 : [241, 415, 445, 482, 580] (52)
24 : [161, 234, 319, 549, 560] (56)
25 : [92, 139, 214, 434, 579, 583] (54)
26 : [74, 221, 378, 390] (54)
27 : [44, 104, 201, 315, 471] (50)
28 : [116, 132, 165, 167, 211, 239, 353, 525] (52)
29 : [28, 282, 293] (58)
30 : [56, 276, 380] (55)
31 : [57, 94, 129, 267, 299, 326, 399, 486] (59)
32 : [47, 189, 470, 494, 496] (62)
33 : [109, 155] (59)
34 : [49, 153, 172, 542] (62)
35 : [125, 140, 493, 523, 555, 559, 578] (61)
36 : [33, 43, 164, 367, 536] (63)
37 : [236, 259, 265, 381, 466] (63)
38 : [297, 341, 442, 501, 584] (61)
39 : [19, 73, 464, 488, 565] (62)
40 : [91, 215, 411, 544] (62)
41 : [21, 156, 254, 264, 474] (60)
42 : [79, 81, 148, 273, 358, 389, 460] (60)
43 : [40, 160, 224, 333, 545] (59)
44 : [69, 149, 394, 497] (61)
45 : [225, 247, 298, 334, 363, 374, 489] (56)
46 : [0, 157, 328, 503] (56)
47 : [133, 261, 347, 592] (65)
48 : [41, 77, 176, 183, 365] (61)
49 : [207, 219, 344, 437, 586] (58)
50 : [98, 136, 492, 499] (59)
51 : [202, 441, 506, 543, 588] (60)
52 : [54, 127, 128, 204, 209, 340, 457, 468, 502] (61)
53 : [400, 521, 587] (74)
54 : [191, 208, 432] (73)
55 : [15, 89, 227, 290, 372] (68)
56 : [30, 82, 171, 230, 262] (67)
57 : [17, 58, 237, 242, 271, 408] (68)
58 : [36, 256, 425, 447, 556] (67)
59 : [86, 286, 569] (66)
60 : [135, 181, 313, 368, 473, 530] (66)
61 : [218, 251, 448, 566] (72)
62 : [5, 87, 95, 158, 451] (69)
63 : [146, 159, 216, 240, 277, 279, 345, 364, 391, 490, 526] (62)
64 : [4, 90, 130, 455, 484, 533, 574] (62)
65 : [12, 151, 395, 517, 557] (65)
66 : [67, 118, 138, 173, 294] (78)
67 : [70, 184, 483, 582] (77)
68 : [121, 310, 362, 414] (79)
69 : [66, 322, 327] (77)
70 : [42, 119, 292, 337, 532] (75)
71 : [25, 99, 144, 235, 272, 274, 452] (69)
72 : [103, 190, 248, 252, 255, 300, 312, 534, 577] (66)
73 : [11, 174, 311, 406, 465, 551] (68)
74 : [8, 72, 113, 145, 229, 257, 275, 538, 585] (69)
75 : [84, 175, 249, 552] (67)
76 : [37, 281, 481, 540, 554] (67)
77 : [10, 115, 177, 453, 511] (69)
78 : [83, 185, 198, 213, 324, 339, 469] (69)
79 : [96, 188, 397, 520, 561] (69)
80 : [26, 180, 269, 285, 335, 388, 407] (70)
81 : [88, 193, 205, 428, 462, 505, 524] (73)
82 : [39, 52, 76, 246] (72)
83 : [210, 346, 355, 386, 463] (74)
84 : [63, 75, 288, 366, 375, 421] (76)
85 : [55, 123, 197, 320, 343, 522] (74)
86 : [31, 46, 65, 117, 163, 306] (77)
87 : [195, 444, 475, 480, 539] (76)
88 : [27, 112, 166, 260, 309, 359, 427, 459, 563] (74)
89 : [233, 351, 354, 531] (74)
90 : [48, 401, 419, 456] (78)
91 : [124, 169, 382, 446, 458, 507, 518, 567, 594] (79)
92 : [107, 150, 194, 280, 332, 370, 571] (80)
93 : [192, 196, 212, 263, 331] (78)
94 : [14, 62, 105, 108, 330, 361, 409] (78)
95 : [29, 68, 222, 360, 573, 576] (77)
96 : [53, 100, 179, 373, 504, 553] (76)
97 : [9, 186, 253, 440, 564] (80)
98 : [32, 38, 122, 178, 528] (80)
99 : [23, 101, 114, 203, 268, 296] (80)
100 : [238, 291, 350, 377, 420, 424, 426] (78)
101 : [141, 232, 304, 575] (77)
102 : [302, 303, 371, 412, 512, 581, 596] (78)
103 : [2, 199, 243, 258, 472, 476, 558, 589] (78)
104 : [200, 287, 357, 436, 461] (79)
105 : [60, 110, 168, 228, 450, 514, 541] (79)
106 : [102, 284, 317, 478, 527, 550] (80)
107 : [78, 270, 301] (80)
108 : [278, 308, 439, 498] (84)
109 : [323, 369, 387, 398, 405, 422, 509, 537] (80)
110 : [147, 289, 392, 402, 435, 443, 529, 591] (80)
