Name: 600-40-60
Time: 15.244389057159424 
Result: 13063
Solution:  133 1 80 53 67 0 134 23 62 84 27 12 82 70 29 110 3 11 139 82 84 52 16 98 62 70 133 10 121 97 93 44 74 96 124 76 120 76 73 117 7 140 104 87 68 101 143 9 95 49 140 25 116 7 52 52 94 134 129 135 123 1 85 82 10 98 64 143 49 41 108 75 86 105 35 14 96 37 34 132 43 106 128 105 64 53 71 118 61 130 120 15 1 85 128 116 8 61 0 143 89 36 141 116 103 135 30 13 111 46 29 33 5 126 68 9 141 79 37 31 123 115 125 60 2 119 5 136 74 113 8 132 92 105 31 22 123 123 92 138 114 6 16 107 100 73 30 48 120 39 75 125 130 128 85 107 117 66 121 93 63 60 40 134 54 139 13 88 72 92 55 34 59 99 67 62 110 27 81 14 65 84 102 128 102 28 112 32 48 96 39 35 73 119 17 98 42 68 102 78 79 129 110 91 9 63 134 44 104 65 56 82 127 93 109 46 8 142 28 103 36 23 101 99 56 34 32 40 50 53 69 43 112 107 60 84 29 54 28 23 129 90 20 135 121 10 42 26 76 111 139 75 124 89 122 33 53 74 49 57 130 22 103 50 19 66 94 86 131 134 99 42 17 119 44 140 120 57 100 25 37 62 57 123 25 18 26 83 71 3 101 124 138 121 38 127 75 137 33 15 80 110 25 114 141 125 7 101 137 59 47 85 132 16 99 5 86 109 26 125 39 58 52 69 42 18 100 133 62 37 65 17 66 123 7 134 22 99 22 115 47 143 77 110 19 14 42 83 94 95 43 112 94 13 126 139 62 55 114 7 81 3 142 90 115 90 132 76 135 15 108 136 111 36 65 55 119 12 91 39 141 64 143 101 41 122 34 8 82 113 89 19 97 0 128 77 58 114 16 45 32 2 86 8 136 45 27 29 49 72 128 48 35 107 58 90 75 36 16 80 127 142 47 51 24 14 33 99 67 70 35 79 32 16 56 133 140 86 15 109 54 7 78 64 38 135 101 130 90 123 44 90 133 106 0 138 128 124 78 118 51 43 48 28 56 114 116 19 55 138 127 83 130 0 72 52 79 12 137 13 119 143 75 23 88 131 44 54 13 51 139 97 36 18 133 87 22 133 117 62 42 22 47 141 87 61 39 95 25 102 36 10 25 109 116 73 117 73 41 137 33 62 85 141 100 59 87 69 0 136 108 11 123 58 102 48 112 124 104 2 128 50 134 87 71 91 60 97 24 71 31 129 81 11 122 30 12 40 6 64 126 112 57 81 51 138 11 23 6 0 19 1 109 6 81 106 47 27 8 103 92 139 0 109 89 20 71 131 120 17 96 67 67 25 8 118 113 115 74 46
0 : [5, 98, 393, 454, 473, 528, 569, 582] (49)
1 : [1, 61, 92, 571] (47)
2 : [124, 401, 539] (45)
3 : [16, 289, 361] (44)
4 : [] (0)
5 : [112, 126, 315] (55)
6 : [141, 558, 568, 573] (50)
7 : [40, 53, 306, 334, 359, 441] (44)
8 : [96, 130, 216, 387, 403, 578, 594] (41)
9 : [47, 115, 204] (44)
10 : [27, 64, 245, 511] (47)
11 : [17, 531, 553, 566] (40)
12 : [11, 377, 477, 556] (46)
13 : [107, 166, 353, 479, 488] (42)
14 : [75, 179, 345, 425] (46)
15 : [91, 299, 369, 438] (41)
16 : [22, 142, 313, 398, 418, 433] (44)
17 : [194, 272, 331, 589] (55)
18 : [285, 325, 493] (44)
19 : [264, 344, 391, 467, 570] (48)
20 : [242, 585] (41)
21 : [] (0)
22 : [135, 261, 336, 338, 496, 501] (45)
23 : [7, 221, 239, 483, 567] (41)
24 : [424, 548] (42)
25 : [51, 279, 284, 302, 508, 512, 593] (41)
26 : [247, 286, 318] (44)
27 : [10, 177, 406, 577] (46)
28 : [185, 218, 238, 463] (47)
29 : [14, 110, 236, 407] (48)
30 : [106, 146, 555] (49)
31 : [119, 134, 550] (44)
32 : [187, 226, 400, 432] (48)
33 : [111, 255, 298, 426, 520] (44)
34 : [78, 171, 225, 386] (48)
35 : [74, 191, 412, 430] (54)
36 : [101, 220, 373, 417, 492, 510] (42)
37 : [77, 118, 280, 329] (41)
38 : [294, 444] (48)
39 : [149, 190, 320, 379, 506] (43)
40 : [162, 227, 557] (43)
41 : [69, 384, 518] (48)
42 : [196, 246, 271, 324, 346, 500] (42)
43 : [80, 231, 350, 461] (45)
44 : [31, 207, 274, 450, 486] (42)
45 : [399, 405] (45)
46 : [109, 215, 599] (42)
47 : [310, 340, 422, 502, 576] (49)
48 : [147, 188, 411, 462, 535] (48)
49 : [49, 68, 258, 408] (46)
50 : [228, 263, 541] (49)
51 : [423, 460, 489, 564] (49)
52 : [21, 54, 55, 322, 475] (56)
53 : [3, 85, 229, 256] (53)
54 : [164, 237, 440, 487] (56)
55 : [170, 357, 375, 468] (48)
56 : [210, 224, 434, 464] (46)
57 : [259, 277, 282, 562] (57)
58 : [321, 396, 414, 533] (48)
59 : [172, 309, 525] (52)
60 : [123, 161, 234, 546] (52)
61 : [88, 97, 505] (58)
62 : [8, 24, 175, 281, 328, 356, 499, 521] (40)
63 : [160, 205] (48)
64 : [66, 84, 381, 443, 559] (41)
65 : [180, 209, 330, 374] (44)
66 : [157, 265, 332] (47)
67 : [4, 174, 428, 591, 592] (42)
68 : [44, 114, 197] (48)
69 : [230, 323, 527] (49)
70 : [13, 25, 429] (47)
71 : [86, 288, 544, 549, 586] (54)
72 : [168, 409, 474] (47)
73 : [38, 145, 192, 515, 517] (47)
74 : [32, 128, 257, 598] (51)
75 : [71, 150, 251, 296, 416, 482] (53)
76 : [35, 37, 248, 367] (51)
77 : [342, 395] (53)
78 : [199, 442, 458] (52)
79 : [117, 200, 431, 476] (54)
80 : [2, 300, 419] (54)
81 : [178, 360, 552, 563, 574] (56)
82 : [12, 19, 63, 211, 388] (58)
83 : [287, 347, 471] (57)
84 : [9, 20, 181, 235] (56)
85 : [62, 93, 154, 311, 522] (55)
86 : [72, 267, 316, 402, 437] (52)
87 : [43, 495, 504, 526, 543] (50)
88 : [167, 484] (45)
89 : [100, 253, 390, 584] (44)
90 : [241, 363, 365, 415, 448, 451] (43)
91 : [203, 378, 545] (48)
92 : [132, 138, 169, 580] (49)
93 : [30, 159, 213] (62)
94 : [56, 266, 348, 352] (53)
95 : [48, 349, 507] (56)
96 : [33, 76, 189, 590] (57)
97 : [29, 392, 491, 547] (58)
98 : [23, 65, 195] (55)
99 : [173, 223, 270, 314, 337, 427] (58)
100 : [144, 278, 326, 524] (62)
101 : [45, 222, 290, 307, 383, 446] (60)
102 : [182, 184, 198, 509, 534] (57)
103 : [104, 219, 262, 579] (56)
104 : [42, 208, 538] (59)
105 : [73, 83, 133] (63)
106 : [81, 453, 575] (57)
107 : [143, 155, 233, 413] (58)
108 : [70, 370, 530] (57)
109 : [214, 317, 439, 513, 572, 583] (54)
110 : [15, 176, 202, 301, 343] (53)
111 : [108, 249, 372] (57)
112 : [186, 232, 351, 536, 561] (53)
113 : [129, 389, 596] (54)
114 : [140, 303, 358, 397, 465] (54)
115 : [121, 339, 364, 597] (58)
116 : [52, 95, 103, 466, 514] (60)
117 : [39, 156, 498, 516] (48)
118 : [87, 459, 595] (47)
119 : [125, 193, 273, 376, 480] (55)
120 : [36, 90, 148, 276, 588] (56)
121 : [28, 158, 244, 293] (61)
122 : [254, 385, 554] (58)
123 : [60, 120, 136, 137, 283, 333, 449, 532] (56)
124 : [34, 252, 291, 457, 537] (57)
125 : [122, 151, 305, 319] (57)
126 : [113, 354, 560] (59)
127 : [212, 295, 420, 470] (60)
128 : [82, 94, 153, 183, 394, 410, 456, 540] (56)
129 : [58, 201, 240, 551] (58)
130 : [89, 152, 260, 447, 472] (57)
131 : [268, 485, 587] (58)
132 : [79, 131, 312, 366] (57)
133 : [0, 26, 327, 435, 452, 494, 497] (57)
134 : [6, 57, 163, 206, 269, 335, 542] (55)
135 : [59, 105, 243, 368, 445] (56)
136 : [127, 371, 404, 529] (56)
137 : [297, 308, 478, 519] (61)
138 : [139, 292, 455, 469, 565] (60)
139 : [18, 165, 250, 355, 490, 581] (57)
140 : [41, 50, 275, 436] (61)
141 : [102, 116, 304, 380, 503, 523] (63)
142 : [217, 362, 421] (59)
143 : [46, 67, 99, 341, 382, 481] (58)
