Name: 600-40-60
Time: 13.236398220062256 
Result: 24064
Solution:  131 1 80 57 69 0 134 23 62 85 29 11 82 70 28 110 3 11 141 81 84 51 15 96 61 70 133 10 121 96 93 42 72 95 123 76 126 75 73 118 9 141 106 87 70 101 141 9 95 52 140 25 116 8 52 56 93 134 129 135 126 3 82 83 10 99 61 143 47 41 104 77 85 108 36 16 97 37 36 132 43 108 131 105 64 55 71 119 62 130 117 15 1 84 128 116 8 60 1 143 89 36 143 114 103 138 30 12 116 46 29 32 4 126 64 7 141 78 37 33 122 113 125 61 2 120 4 136 71 110 6 131 91 105 31 21 123 122 92 140 114 6 14 108 101 74 31 47 119 38 76 125 131 128 85 107 118 66 121 94 61 61 38 132 51 139 12 90 74 91 54 34 57 97 68 60 110 27 80 13 66 85 102 128 100 26 114 30 47 95 40 36 73 124 17 98 42 68 107 77 79 127 110 90 7 65 129 44 106 65 53 82 128 94 110 45 8 142 28 104 35 22 101 98 55 32 30 40 50 53 69 44 112 109 62 82 27 52 29 22 130 85 18 136 123 10 40 25 75 112 139 71 127 89 125 34 56 75 49 57 129 21 102 50 20 67 96 87 130 134 99 42 19 118 44 140 122 54 100 25 35 60 58 126 26 18 24 84 74 3 102 127 138 120 38 126 78 137 29 17 81 111 25 114 140 125 9 102 137 59 47 84 132 16 102 6 89 109 21 126 37 58 52 69 42 18 100 133 61 39 67 20 66 121 6 131 24 98 17 115 47 142 78 110 21 14 42 83 93 95 43 112 95 13 128 138 59 52 115 8 77 4 142 92 115 91 132 75 139 15 106 133 111 35 65 53 118 13 92 40 140 64 142 100 40 123 37 11 82 113 89 20 97 6 127 77 59 114 16 43 33 0 86 6 133 45 24 28 49 76 129 49 35 107 58 90 77 34 16 79 124 141 48 53 26 15 35 97 65 68 39 76 32 15 53 131 137 86 14 109 54 6 79 66 39 136 101 131 89 122 44 88 137 104 0 138 129 124 78 118 50 43 47 28 55 117 119 19 52 138 128 83 128 2 72 51 76 11 135 13 120 143 75 24 88 134 44 56 16 51 138 97 33 22 133 87 22 132 117 62 42 22 47 143 86 59 37 93 25 101 37 9 27 107 118 73 122 73 41 139 34 64 86 143 100 60 87 69 0 136 111 12 122 58 105 48 111 127 103 2 127 50 135 87 71 91 60 96 25 71 30 129 81 11 121 31 12 41 7 62 126 111 56 78 48 140 14 24 10 0 21 1 109 4 81 103 46 28 6 104 95 140 1 109 90 19 73 134 120 17 99 66 67 26 12 119 113 115 75 46
0 : [5, 401, 454, 528, 569] (41)
1 : [1, 92, 98, 571, 582] (43)
2 : [124, 473, 539] (47)
3 : [16, 61, 289] (44)
4 : [112, 126, 361, 573] (42)
5 : [] (0)
6 : [130, 141, 315, 334, 393, 403, 441, 578] (60)
7 : [115, 204, 558] (45)
8 : [53, 96, 216, 359] (43)
9 : [40, 47, 306, 511] (46)
10 : [27, 64, 245, 568] (49)
11 : [11, 17, 387, 477, 553] (41)
12 : [107, 166, 531, 556, 594] (37)
13 : [179, 353, 377, 479] (45)
14 : [142, 345, 438, 566] (43)
15 : [22, 91, 369, 425, 433] (41)
16 : [75, 313, 398, 418, 488] (39)
17 : [194, 299, 338, 589] (40)
18 : [242, 285, 325] (57)
19 : [272, 467, 585] (50)
20 : [264, 331, 391] (49)
21 : [135, 261, 318, 344, 570] (50)
22 : [221, 239, 493, 496, 501] (52)
23 : [7] (6)
24 : [286, 336, 406, 483, 567] (41)
25 : [51, 247, 279, 302, 508, 548] (47)
26 : [185, 284, 424, 593] (47)
27 : [177, 236, 512] (42)
28 : [14, 218, 407, 463, 577] (40)
29 : [10, 110, 238, 298] (46)
30 : [106, 187, 226, 550] (46)
31 : [134, 146, 555] (53)
32 : [111, 225, 432] (44)
33 : [119, 400, 492] (51)
34 : [171, 255, 417, 520] (44)
35 : [220, 280, 373, 412, 426] (44)
36 : [74, 78, 101, 191] (45)
37 : [77, 118, 320, 386, 506, 510] (43)
38 : [149, 162, 294] (43)
39 : [329, 430, 444] (43)
40 : [190, 227, 246, 379, 384] (43)
41 : [69, 518, 557] (56)
42 : [31, 196, 271, 324, 346, 500] (40)
43 : [80, 350, 399, 461] (50)
44 : [207, 231, 274, 450, 486] (41)
45 : [215, 405] (40)
46 : [109, 576, 599] (44)
47 : [68, 147, 188, 310, 340, 462, 502] (44)
48 : [422, 535, 564] (50)
49 : [258, 408, 411] (51)
50 : [228, 263, 460, 541] (59)
51 : [21, 164, 475, 489] (54)
52 : [49, 54, 237, 322, 357, 468] (59)
53 : [210, 229, 375, 423, 434] (58)
54 : [170, 277, 440] (48)
55 : [85, 224, 464] (40)
56 : [55, 256, 487, 562] (46)
57 : [3, 172, 259] (50)
58 : [282, 321, 414, 533] (46)
59 : [309, 356, 396, 505] (45)
60 : [97, 175, 281, 525, 546] (52)
61 : [24, 66, 123, 160, 161, 328] (54)
62 : [8, 88, 234, 499, 559] (44)
63 : [] (0)
64 : [84, 114, 381, 521] (42)
65 : [205, 209, 374, 428] (59)
66 : [157, 180, 332, 443, 591] (55)
67 : [265, 330, 592] (54)
68 : [174, 197, 429] (54)
69 : [4, 230, 323, 527] (50)
70 : [13, 25, 44] (51)
71 : [86, 128, 251, 544, 549] (52)
72 : [32, 474] (51)
73 : [38, 192, 515, 517, 586] (52)
74 : [145, 168, 288] (52)
75 : [37, 248, 257, 367, 482, 598] (52)
76 : [35, 150, 409, 431, 476] (50)
77 : [71, 199, 360, 395, 416] (52)
78 : [117, 296, 342, 458, 563] (57)
79 : [200, 419, 442] (59)
80 : [2, 178] (60)
81 : [19, 300, 552, 574] (51)
82 : [12, 62, 211, 235, 388] (51)
83 : [63, 347, 471] (52)
84 : [20, 93, 287, 311] (52)
85 : [9, 72, 154, 181, 241] (56)
86 : [402, 437, 504, 522] (43)
87 : [43, 267, 495, 526, 543] (47)
88 : [451, 484] (42)
89 : [100, 253, 316, 390, 448] (53)
90 : [167, 203, 415, 584] (49)
91 : [132, 169, 365, 545] (42)
92 : [138, 363, 378] (52)
93 : [30, 56, 348, 507] (54)
94 : [159, 213] (52)
95 : [33, 48, 189, 349, 352, 580] (53)
96 : [23, 29, 266, 547] (53)
97 : [76, 173, 392, 427, 491] (60)
98 : [195, 223, 337] (50)
99 : [65, 270, 590] (56)
100 : [184, 278, 326, 383, 524] (59)
101 : [45, 144, 222, 446, 509] (58)
102 : [182, 262, 290, 307, 314] (59)
103 : [104, 538, 575] (64)
104 : [70, 219, 453, 579] (58)
105 : [83, 133, 534] (60)
106 : [42, 208, 370] (60)
107 : [155, 198, 413, 513] (54)
108 : [73, 81, 143] (54)
109 : [233, 317, 439, 572, 583] (55)
110 : [15, 129, 176, 202, 214, 343] (48)
111 : [301, 372, 530, 536, 561] (52)
112 : [232, 249, 351] (58)
113 : [121, 389, 596] (60)
114 : [103, 140, 186, 303, 397] (56)
115 : [339, 358, 364, 597] (60)
116 : [52, 95, 108] (54)
117 : [90, 465, 498] (57)
118 : [39, 156, 273, 376, 459, 514] (54)
119 : [87, 148, 466, 595] (58)
120 : [125, 293, 480, 588] (47)
121 : [28, 158, 333, 554] (60)
122 : [120, 137, 276, 449, 516, 532] (58)
123 : [34, 136, 244, 385] (62)
124 : [193, 420, 457] (60)
125 : [122, 151, 254, 305] (59)
126 : [36, 60, 113, 283, 295, 319, 560] (56)
127 : [201, 252, 291, 394, 537, 540] (55)
128 : [94, 153, 183, 212, 354, 470, 472] (58)
129 : [58, 206, 260, 410, 456, 551] (56)
130 : [89, 240, 268] (64)
131 : [0, 82, 131, 152, 335, 435, 447] (60)
132 : [79, 163, 312, 366, 497] (55)
133 : [26, 327, 371, 404, 494] (60)
134 : [6, 57, 269, 485, 587] (54)
135 : [59, 478, 542] (61)
136 : [127, 243, 445, 529] (60)
137 : [297, 308, 436, 452] (61)
138 : [105, 292, 355, 455, 469, 490] (60)
139 : [165, 250, 368, 519] (60)
140 : [50, 139, 275, 304, 380, 565, 581] (61)
141 : [18, 41, 46, 116, 421] (55)
142 : [217, 341, 362, 382] (61)
143 : [67, 99, 102, 481, 503, 523] (57)
