Name: 600-20-30
Time: 13.637955665588379 
Result: 5032
Solution:  107 2 34 51 28 60 78 46 82 35 49 65 55 87 115 4 54 45 122 89 15 19 110 14 41 103 95 101 34 42 102 46 95 79 32 102 85 84 42 118 60 99 74 16 87 40 84 96 91 60 24 52 82 88 87 63 33 50 62 14 66 81 57 44 35 100 94 18 13 111 114 74 15 62 48 110 46 67 98 5 70 64 104 16 17 8 52 62 42 38 91 93 2 22 120 104 41 10 39 38 61 51 83 29 9 77 87 75 69 100 49 92 105 17 42 54 81 43 102 15 118 34 6 86 22 109 20 106 108 12 60 94 4 54 5 54 45 57 67 30 68 16 65 70 76 117 46 28 98 32 42 16 84 91 36 52 96 19 87 59 37 106 25 112 81 89 22 8 40 89 71 58 82 82 49 70 120 56 90 45 49 33 103 19 31 75 119 76 75 111 67 30 112 72 19 34 93 16 24 95 3 47 68 48 26 51 38 77 103 3 39 107 113 102 48 29 37 29 28 44 33 19 86 117 123 71 25 62 43 92 3 2 94 63 78 101 54 100 2 9 8 53 10 114 85 70 0 73 3 56 77 58 110 118 116 99 9 4 72 33 37 115 76 59 120 52 117 81 43 8 115 19 115 20 67 68 29 82 22 109 66 105 104 80 57 30 82 117 32 123 61 111 3 54 60 106 90 116 106 6 68 120 15 81 13 114 115 75 52 23 2 53 74 10 18 69 55 72 94 49 70 96 26 24 88 46 42 96 33 24 24 121 6 113 61 101 97 38 16 107 77 121 55 38 80 108 32 89 49 98 61 57 96 39 92 56 93 76 31 46 14 65 88 86 104 64 54 115 83 80 108 23 23 99 19 12 23 36 83 73 122 79 119 116 122 79 95 119 9 110 29 118 78 105 112 34 18 76 114 86 96 105 57 100 95 68 35 31 46 120 94 8 63 63 110 84 105 86 116 97 70 101 78 10 5 58 34 101 121 113 80 65 123 49 97 12 39 109 10 83 18 75 118 25 108 119 40 15 121 49 92 123 63 64 87 63 7 15 8 59 83 20 6 36 40 50 29 25 2 76 86 38 121 74 116 49 106 30 64 42 20 57 66 95 73 113 73 24 0 112 2 96 109 7 61 80 71 78 28 69 98 46 50 73 40 22 50 0 64 105 89 62 30 47 64 13 69 35 36 58 122 13 64 2 17 92 117 79 115 25 93 71 33 18 53 8 99 40 93 20 26 97 107 111 120 41 123 37 102 90 75 7 71 90 30 88 61 53 85 43 27 65 103 45 32 67 95 107 0 81 40 36 94 87 10 38 44 52 27 27 111 58 31 105 88 68 47 26 4 121 53 55 109 102 27 108 72 74 24 5
0 : [246, 488, 507, 568] (21)
1 : [] (0)
2 : [1, 92, 231, 238, 310, 468, 490, 523] (29)
3 : [200, 209, 230, 248, 292] (21)
4 : [15, 132, 257, 588] (23)
5 : [79, 134, 424, 599] (21)
6 : [122, 299, 332, 462] (23)
7 : [456, 493, 551] (23)
8 : [85, 167, 240, 269, 411, 458, 535] (25)
9 : [104, 239, 256, 388] (30)
10 : [97, 242, 313, 423, 438, 574] (26)
11 : [] (0)
12 : [129, 375, 435] (21)
13 : [68, 304, 515, 521] (21)
14 : [23, 59, 360] (23)
15 : [20, 72, 119, 302, 447, 457] (21)
16 : [43, 83, 141, 151, 197, 338] (21)
17 : [84, 113, 524] (22)
18 : [67, 314, 396, 440, 533] (28)
19 : [21, 157, 183, 194, 221, 271, 374] (27)
20 : [126, 273, 461, 480, 539] (20)
21 : [] (0)
22 : [93, 124, 166, 278, 505] (23)
23 : [309, 371, 372, 376] (21)
24 : [50, 198, 323, 329, 330, 487, 598] (20)
25 : [162, 226, 443, 467, 529] (21)
26 : [204, 322, 540, 587] (21)
27 : [560, 578, 579, 594] (23)
28 : [4, 147, 218, 498] (21)
29 : [103, 215, 217, 276, 390, 466] (21)
30 : [139, 191, 285, 477, 512, 554] (22)
31 : [184, 358, 407, 582] (23)
32 : [34, 149, 288, 346, 564] (24)
33 : [56, 181, 220, 259, 328, 532] (25)
34 : [2, 28, 121, 195, 395, 426] (26)
35 : [9, 64, 406, 517] (24)
36 : [154, 377, 463, 518, 571] (24)
37 : [160, 216, 260, 547] (24)
38 : [89, 99, 206, 337, 343, 471, 575] (23)
39 : [98, 210, 353, 436] (24)
40 : [45, 168, 446, 464, 504, 537, 570] (23)
41 : [24, 96, 545] (23)
42 : [29, 38, 88, 114, 150, 326, 479] (20)
43 : [117, 228, 268, 559] (22)
44 : [63, 219, 576] (23)
45 : [17, 136, 179, 563] (23)
46 : [7, 31, 76, 146, 325, 359, 408, 501] (23)
47 : [201, 513, 586] (23)
48 : [74, 203, 214] (24)
49 : [10, 110, 174, 180, 319, 348, 433, 449, 475] (20)
50 : [57, 465, 502, 506] (24)
51 : [3, 101, 205] (24)
52 : [51, 86, 155, 265, 308, 577] (22)
53 : [241, 311, 534, 557, 590] (23)
54 : [16, 115, 133, 135, 236, 293, 366] (23)
55 : [12, 316, 342, 591] (27)
56 : [177, 249, 355] (26)
57 : [62, 137, 284, 351, 402, 481] (25)
58 : [171, 251, 425, 519, 581] (25)
59 : [159, 263, 459] (26)
60 : [5, 40, 49, 130, 294] (26)
61 : [100, 290, 334, 350, 494, 556] (27)
62 : [58, 73, 87, 227, 511] (26)
63 : [55, 233, 412, 413, 452, 455] (25)
64 : [81, 365, 453, 478, 508, 514, 522] (26)
65 : [11, 142, 361, 431, 561] (25)
66 : [60, 280, 482] (26)
67 : [77, 138, 190, 274, 565] (29)
68 : [140, 202, 275, 300, 405, 585] (26)
69 : [108, 315, 499, 516] (26)
70 : [80, 143, 175, 245, 320, 420] (26)
71 : [170, 225, 496, 531, 552] (26)
72 : [193, 258, 317, 596] (26)
73 : [247, 379, 484, 486, 503] (26)
74 : [42, 71, 312, 473, 597] (26)
75 : [107, 185, 188, 307, 441, 550] (27)
76 : [144, 187, 262, 357, 397, 469] (26)
77 : [105, 207, 250, 340] (28)
78 : [6, 234, 392, 422, 497] (27)
79 : [33, 381, 385, 527] (29)
80 : [283, 344, 369, 430, 495] (28)
81 : [61, 116, 164, 267, 303, 569] (27)
82 : [8, 52, 172, 173, 277, 286] (28)
83 : [102, 368, 378, 439, 460] (28)
84 : [37, 46, 152, 415] (30)
85 : [36, 244, 558] (31)
86 : [123, 222, 363, 399, 417, 470] (25)
87 : [13, 44, 54, 106, 158, 454, 573] (26)
88 : [53, 324, 362, 555, 584] (25)
89 : [19, 165, 169, 347, 510] (25)
90 : [178, 296, 549, 553] (26)
91 : [48, 90, 153] (27)
92 : [111, 229, 354, 450, 525] (28)
93 : [91, 196, 356, 530, 538] (27)
94 : [66, 131, 232, 318, 410, 572] (28)
95 : [26, 32, 199, 386, 404, 483, 566] (28)
96 : [47, 156, 321, 327, 352, 400, 491] (27)
97 : [336, 419, 434, 541] (28)
98 : [78, 148, 349, 500] (30)
99 : [41, 255, 373, 536] (30)
100 : [65, 109, 237, 403] (27)
101 : [27, 235, 335, 421, 427] (28)
102 : [30, 35, 118, 213, 548, 593] (29)
103 : [25, 182, 208, 562] (30)
104 : [82, 95, 282, 364] (28)
105 : [112, 281, 393, 401, 416, 509, 583] (30)
106 : [127, 161, 295, 298, 476] (31)
107 : [0, 211, 339, 542, 567] (30)
108 : [128, 345, 370, 444, 595] (31)
109 : [125, 279, 437, 492, 592] (30)
110 : [22, 75, 252, 389, 414] (29)
111 : [69, 189, 291, 543, 580] (29)
112 : [163, 192, 394, 489] (28)
113 : [212, 333, 429, 485] (30)
114 : [70, 243, 305, 398] (29)
115 : [14, 261, 270, 272, 306, 367, 528] (28)
116 : [254, 297, 383, 418, 474] (28)
117 : [145, 223, 266, 287, 526] (30)
118 : [39, 120, 253, 391, 442] (30)
119 : [186, 382, 387, 445] (30)
120 : [94, 176, 264, 301, 409, 544] (29)
121 : [331, 341, 428, 448, 472, 589] (29)
122 : [18, 380, 384, 520] (32)
123 : [224, 289, 432, 451, 546] (29)
