Name: 600-30-45
Time: 13.196674823760986 
Result: 14050
Solution:  109 38 84 98 20 89 103 63 84 99 103 72 59 5 50 33 109 68 36 59 97 89 14 45 78 99 70 63 94 78 104 26 8 57 20 120 22 103 64 119 75 104 55 116 34 114 67 51 63 112 43 92 107 85 102 105 119 113 31 61 56 0 9 101 88 14 0 89 70 41 6 117 73 74 68 37 117 114 74 10 39 80 1 27 83 76 8 15 19 40 50 81 91 1 107 31 42 115 32 67 14 102 74 10 31 103 19 86 88 9 102 69 117 75 21 119 83 35 82 54 76 0 58 4 96 31 70 37 44 107 44 101 87 47 59 86 118 7 95 95 26 50 111 5 6 60 82 61 60 119 46 73 59 6 10 2 25 97 81 30 56 79 116 60 18 68 80 41 12 111 19 38 11 99 28 14 35 46 18 13 83 32 56 39 82 54 37 36 6 45 66 46 58 42 97 103 53 65 1 12 112 98 26 49 88 0 102 89 71 117 72 54 37 89 66 37 107 77 9 43 105 30 80 92 13 91 33 11 96 108 30 60 66 19 100 63 94 29 18 15 22 52 45 110 100 4 41 18 94 70 113 75 112 95 98 44 100 59 85 110 74 96 24 90 34 58 111 91 48 27 58 76 55 63 38 55 92 41 70 22 89 95 112 35 52 81 93 95 105 15 46 49 84 58 32 98 5 78 10 50 34 62 15 37 66 55 25 63 14 15 78 96 52 47 104 47 84 27 40 109 120 90 25 76 2 86 33 115 61 88 10 46 53 12 57 73 69 103 85 11 20 97 66 79 118 22 51 101 120 22 75 92 106 57 18 24 28 38 117 21 47 30 84 98 34 73 114 21 54 69 104 11 2 79 65 5 45 37 15 81 116 113 120 8 107 23 83 26 40 54 99 118 110 69 115 28 66 43 56 65 75 108 65 15 24 83 104 88 76 82 57 112 19 94 77 69 31 52 30 23 99 18 51 92 25 13 23 79 40 74 112 8 29 35 38 7 93 114 85 36 102 110 94 87 37 49 84 91 0 10 32 89 0 9 1 93 97 5 6 77 39 1 71 24 43 116 42 31 57 41 52 108 62 90 49 105 83 62 7 24 107 61 69 108 89 68 28 103 115 49 16 46 21 28 53 110 32 87 109 25 84 8 7 72 113 27 13 15 68 80 119 28 16 32 106 81 100 86 16 110 48 118 77 108 14 49 32 88 25 90 74 18 67 46 113 73 102 12 18 26 46 82 106 106 53 48 90 23 64 9 29 2 101 100 12 42 119 29 52 62 50 48 8 18 64 59 57 116 65 4 22 58 66 23 80 67 60 118 78 107 7 43 46 63 7 75 51 44 7 25 75 104 98 114 36 71 47 32 77 32
0 : [61, 66, 121, 205, 448, 452] (30)
1 : [82, 93, 198, 454, 461] (33)
2 : [155, 324, 372, 551] (34)
3 : [] (0)
4 : [123, 245, 569] (32)
5 : [13, 143, 296, 375, 457] (34)
6 : [70, 144, 153, 188, 458] (34)
7 : [137, 435, 478, 502, 580, 584, 588] (33)
8 : [32, 86, 383, 431, 501, 562] (34)
9 : [62, 109, 218, 453, 549] (34)
10 : [79, 103, 154, 298, 330, 449] (34)
11 : [172, 227, 339, 371] (34)
12 : [168, 199, 333, 537, 554] (35)
13 : [179, 224, 425, 506] (33)
14 : [22, 65, 100, 175, 308, 524] (34)
15 : [87, 239, 289, 302, 309, 378, 403, 507] (33)
16 : [490, 512, 518] (32)
17 : [] (0)
18 : [164, 178, 238, 247, 354, 421, 531, 538, 563] (35)
19 : [88, 106, 170, 233, 412] (33)
20 : [4, 34, 340] (31)
21 : [114, 359, 367, 492] (31)
22 : [36, 240, 279, 345, 349, 570] (32)
23 : [385, 419, 426, 547, 573] (32)
24 : [262, 355, 404, 463, 479] (33)
25 : [156, 306, 322, 424, 499, 528, 589] (32)
26 : [31, 140, 202, 387, 539] (34)
27 : [83, 269, 317, 505] (37)
28 : [174, 356, 395, 486, 493, 511] (34)
29 : [237, 432, 550, 557] (35)
30 : [159, 221, 230, 361, 418] (37)
31 : [58, 95, 104, 125, 416, 467] (35)
32 : [98, 181, 294, 450, 496, 513, 526, 597, 599] (36)
33 : [15, 226, 326] (35)
34 : [44, 264, 300, 364] (36)
35 : [117, 176, 283, 433] (35)
36 : [18, 187, 439, 594] (34)
37 : [75, 127, 186, 212, 215, 303, 377, 444] (32)
38 : [1, 171, 274, 357, 434] (31)
39 : [80, 183, 460] (37)
40 : [89, 318, 388, 428] (30)
41 : [69, 167, 246, 277, 469] (36)
42 : [96, 193, 466, 555] (36)
43 : [50, 219, 397, 464, 581] (38)
44 : [128, 130, 255, 587] (32)
45 : [23, 189, 242, 376] (31)
46 : [150, 177, 191, 290, 331, 491, 533, 540, 582] (32)
47 : [133, 313, 315, 360, 596] (31)
48 : [268, 520, 545, 561] (31)
49 : [203, 291, 445, 474, 489, 525] (30)
50 : [14, 90, 141, 299, 560] (35)
51 : [47, 346, 422, 586] (36)
52 : [241, 284, 312, 417, 470, 558] (36)
53 : [196, 332, 494, 544] (36)
54 : [119, 185, 211, 368, 389] (39)
55 : [42, 272, 275, 305] (36)
56 : [60, 160, 182, 398] (36)
57 : [33, 334, 353, 410, 468, 566] (37)
58 : [122, 192, 265, 270, 293, 571] (36)
59 : [12, 19, 134, 152, 257, 565] (36)
60 : [145, 148, 163, 231, 576] (36)
61 : [59, 147, 328, 481] (34)
62 : [301, 472, 477, 559] (35)
63 : [7, 27, 48, 235, 273, 307, 583] (35)
64 : [38, 548, 564] (34)
65 : [197, 374, 399, 402, 568] (35)
66 : [190, 214, 232, 304, 342, 396, 572] (37)
67 : [46, 99, 532, 575] (38)
68 : [17, 74, 165, 485, 508] (38)
69 : [111, 336, 369, 393, 415, 482] (37)
70 : [26, 68, 126, 249, 278] (38)
71 : [208, 462, 595] (38)
72 : [11, 210, 503] (40)
73 : [72, 151, 335, 365, 535] (36)
74 : [73, 78, 102, 260, 429, 530] (36)
75 : [40, 113, 251, 350, 400, 585, 590] (37)
76 : [85, 120, 271, 323, 408] (36)
77 : [217, 414, 459, 522, 598] (36)
78 : [24, 29, 297, 310, 578] (37)
79 : [161, 343, 373, 427] (42)
80 : [81, 166, 222, 509, 574] (42)
81 : [91, 158, 285, 379, 515] (43)
82 : [118, 146, 184, 409, 541] (44)
83 : [84, 116, 180, 386, 405, 476] (40)
84 : [2, 8, 292, 316, 362, 446, 500] (42)
85 : [53, 258, 338, 438] (45)
86 : [107, 135, 325, 517] (43)
87 : [132, 443, 497] (43)
88 : [64, 108, 204, 329, 407, 527] (39)
89 : [5, 21, 67, 207, 213, 280, 451, 484] (40)
90 : [263, 321, 473, 529, 546] (39)
91 : [92, 225, 267, 447] (43)
92 : [51, 223, 276, 351, 423] (40)
93 : [286, 436, 455] (41)
94 : [28, 236, 248, 413, 442] (40)
95 : [138, 139, 253, 281, 287] (42)
96 : [124, 228, 261, 311] (42)
97 : [20, 157, 194, 341, 456] (41)
98 : [3, 201, 254, 295, 363, 592] (42)
99 : [9, 25, 173, 390, 420] (42)
100 : [234, 244, 256, 516, 553] (41)
101 : [63, 131, 347, 552] (40)
102 : [54, 101, 110, 206, 440, 536] (42)
103 : [6, 10, 37, 105, 195, 337, 487] (42)
104 : [30, 41, 314, 370, 406, 591] (41)
105 : [55, 220, 288, 475] (44)
106 : [352, 514, 542, 543] (45)
107 : [52, 94, 129, 216, 384, 480, 579] (46)
108 : [229, 401, 471, 483, 523] (45)
109 : [0, 16, 319, 498] (45)
110 : [243, 259, 392, 441, 495, 519] (46)
111 : [142, 169, 266] (50)
112 : [49, 200, 252, 282, 411, 430] (50)
113 : [57, 250, 381, 504, 534] (45)
114 : [45, 77, 366, 437, 593] (45)
115 : [97, 327, 394, 488] (46)
116 : [43, 162, 380, 465, 567] (46)
117 : [71, 76, 112, 209, 358] (40)
118 : [136, 344, 391, 521, 577] (40)
119 : [39, 56, 115, 149, 510, 556] (38)
120 : [35, 320, 348, 382] (40)
