Name: 600-30-45
Time: 13.40634036064148 
Result: 5017
Solution:  108 38 83 99 19 89 102 63 81 100 103 70 56 4 52 31 109 66 37 59 95 88 18 44 78 96 71 63 96 78 104 26 4 56 17 118 21 103 65 119 75 102 52 116 34 113 68 51 64 112 44 93 110 84 100 101 118 113 29 61 56 0 7 102 88 14 0 86 70 41 4 117 73 74 69 38 114 115 77 10 38 81 3 25 83 77 8 16 17 39 50 80 91 1 109 30 42 117 33 66 14 101 74 10 34 102 21 86 85 9 103 72 118 76 21 118 84 32 85 55 75 0 59 3 99 34 73 40 45 108 44 105 89 47 57 88 116 8 93 94 31 49 111 5 6 60 82 61 60 120 43 72 56 6 9 4 26 98 81 31 59 79 115 63 20 70 78 41 13 112 20 42 14 98 29 14 36 43 20 15 83 28 56 39 82 54 37 37 5 46 67 48 57 41 97 101 55 66 0 14 112 98 26 47 89 0 98 90 71 120 72 52 34 89 67 36 107 74 9 44 105 30 82 92 12 92 34 7 96 108 33 62 67 21 99 63 91 29 18 16 22 57 44 111 96 4 41 19 93 72 113 75 111 94 97 43 102 60 83 112 77 99 24 90 35 61 111 92 50 24 58 73 53 63 38 55 92 40 67 19 90 95 113 36 52 81 93 95 107 15 49 48 84 58 32 98 6 75 8 51 34 62 13 37 65 56 23 64 13 13 78 97 48 49 107 45 83 27 42 110 120 90 24 76 2 88 32 118 61 86 10 45 53 11 57 68 69 103 87 11 21 97 66 80 119 21 51 101 119 21 78 90 106 57 16 25 28 37 116 21 47 33 84 98 38 72 114 18 54 72 104 13 2 79 64 5 47 35 13 79 116 110 119 8 107 25 80 22 39 53 100 118 108 68 117 29 66 46 60 64 72 109 65 12 23 80 102 90 76 80 59 108 16 94 78 69 32 55 29 23 100 19 50 92 25 18 23 81 40 74 113 7 29 35 36 12 94 113 85 39 103 110 94 87 37 50 85 91 0 11 32 90 1 9 1 91 98 7 6 77 39 1 73 22 42 117 43 30 56 40 52 106 60 90 49 105 83 63 7 27 110 58 70 109 90 68 26 103 115 49 13 46 20 29 54 110 31 88 109 24 84 10 6 71 114 27 12 16 68 80 120 28 15 32 106 82 97 86 16 109 48 120 77 107 17 48 31 88 22 92 73 19 67 46 114 73 102 10 19 26 44 80 107 104 54 49 87 24 64 10 27 2 95 96 11 43 119 28 52 62 51 48 11 18 62 58 56 114 64 3 22 61 67 21 80 68 60 117 76 106 3 43 46 62 8 73 50 43 6 26 77 104 94 115 36 69 49 31 77 33
0 : [61, 66, 121, 198, 205, 448] (29)
1 : [93, 452, 454, 461] (30)
2 : [324, 372, 551] (33)
3 : [82, 123, 569, 580] (31)
4 : [13, 32, 70, 155, 245] (29)
5 : [143, 188, 375] (29)
6 : [144, 153, 296, 458, 502, 588] (32)
7 : [62, 227, 431, 457, 478] (30)
8 : [86, 137, 298, 383, 584] (30)
9 : [109, 154, 218, 453] (30)
10 : [79, 103, 330, 501, 537, 549] (31)
11 : [333, 339, 449, 554, 562] (31)
12 : [224, 403, 435, 506] (30)
13 : [168, 302, 308, 309, 371, 378, 490] (30)
14 : [65, 100, 172, 175, 199] (32)
15 : [179, 289, 512] (35)
16 : [87, 239, 354, 412, 507, 518] (30)
17 : [34, 88, 524] (38)
18 : [22, 238, 367, 425, 563] (31)
19 : [4, 247, 279, 421, 531, 538] (31)
20 : [164, 170, 178, 492] (31)
21 : [36, 106, 114, 233, 340, 345, 349, 359, 573] (29)
22 : [240, 387, 463, 528, 570] (37)
23 : [306, 404, 419, 426] (30)
24 : [262, 269, 322, 499, 547] (35)
25 : [83, 355, 385, 424] (31)
26 : [31, 156, 202, 486, 539, 589] (34)
27 : [317, 479, 505, 550] (34)
28 : [181, 356, 511, 557] (33)
29 : [58, 174, 237, 395, 418, 432, 493] (33)
30 : [95, 221, 467] (34)
31 : [15, 140, 159, 496, 526, 597] (33)
32 : [117, 294, 326, 416, 450, 513] (33)
33 : [98, 230, 361, 599] (30)
34 : [44, 104, 125, 212, 226, 300] (31)
35 : [264, 377, 433] (30)
36 : [176, 215, 283, 434, 594] (32)
37 : [18, 186, 187, 303, 357, 444] (32)
38 : [1, 75, 80, 274, 364] (33)
39 : [89, 183, 388, 439, 460] (33)
40 : [127, 277, 428, 469] (33)
41 : [69, 167, 193, 246] (35)
42 : [96, 171, 318, 464] (36)
43 : [150, 177, 255, 466, 555, 581, 587] (34)
44 : [23, 50, 130, 219, 242, 540] (35)
45 : [128, 315, 331] (34)
46 : [189, 397, 491, 533, 582] (34)
47 : [133, 203, 360, 376] (35)
48 : [191, 291, 312, 520, 525, 561] (33)
49 : [141, 290, 313, 474, 489, 545, 596] (31)
50 : [90, 268, 422, 445, 586] (35)
51 : [47, 299, 346, 560] (34)
52 : [14, 42, 211, 284, 470, 558] (35)
53 : [272, 332, 389] (35)
54 : [185, 368, 494, 544] (34)
55 : [119, 196, 275, 417] (36)
56 : [12, 33, 60, 152, 182, 305, 468, 566] (34)
57 : [134, 192, 241, 334, 353] (34)
58 : [270, 293, 481, 565] (36)
59 : [19, 122, 160, 410] (37)
60 : [145, 148, 257, 398, 472, 576] (37)
61 : [59, 147, 265, 328, 571] (35)
62 : [231, 301, 559, 564, 583] (36)
63 : [7, 27, 163, 235, 273, 477] (36)
64 : [48, 307, 374, 399, 548, 568] (35)
65 : [38, 304, 402] (38)
66 : [17, 99, 197, 342, 396] (38)
67 : [190, 214, 232, 278, 532, 572] (36)
68 : [46, 335, 393, 485, 508, 575] (39)
69 : [74, 336, 415, 595] (44)
70 : [11, 68, 165, 482] (44)
71 : [26, 208, 503] (40)
72 : [111, 151, 210, 249, 365, 369, 400] (39)
73 : [72, 126, 271, 462, 530, 535, 585] (37)
74 : [73, 102, 217, 429] (39)
75 : [40, 120, 251, 297] (37)
76 : [113, 323, 408, 578] (37)
77 : [78, 85, 260, 459, 522, 590, 598] (36)
78 : [24, 29, 166, 310, 350, 414] (34)
79 : [161, 373, 379] (39)
80 : [91, 343, 386, 405, 409, 509, 541, 574] (42)
81 : [8, 81, 158, 285, 427] (40)
82 : [146, 184, 222, 515] (40)
83 : [2, 84, 180, 258, 316, 476] (41)
84 : [53, 116, 292, 362, 500] (41)
85 : [108, 118, 438, 446] (45)
86 : [67, 107, 329, 517] (42)
87 : [338, 443, 546] (39)
88 : [21, 64, 135, 325, 497, 527] (39)
89 : [5, 132, 204, 213] (42)
90 : [207, 263, 280, 321, 351, 407, 451, 473, 484] (40)
91 : [92, 236, 447, 455] (40)
92 : [223, 225, 267, 276, 423, 529] (40)
93 : [51, 138, 248, 286] (41)
94 : [139, 253, 413, 436, 442, 592] (39)
95 : [20, 281, 287, 552] (40)
96 : [25, 28, 228, 244, 553] (40)
97 : [194, 254, 311, 341, 516] (40)
98 : [157, 173, 201, 206, 295, 363, 456] (42)
99 : [3, 124, 234, 261] (44)
100 : [9, 54, 390, 420] (42)
101 : [55, 101, 195, 347] (42)
102 : [6, 41, 63, 105, 256, 406, 536] (45)
103 : [10, 37, 110, 337, 440, 487] (45)
104 : [30, 370, 543, 591] (45)
105 : [131, 220, 475] (44)
106 : [352, 471, 514, 579] (44)
107 : [216, 288, 314, 384, 523, 542] (43)
108 : [0, 129, 229, 392, 411] (45)
109 : [16, 94, 401, 483, 498, 519] (44)
110 : [52, 319, 381, 441, 480, 495] (43)
111 : [142, 243, 252, 266] (44)
112 : [49, 169, 200, 259] (46)
113 : [45, 57, 250, 282, 430, 437] (44)
114 : [76, 366, 504, 534, 567] (45)
115 : [77, 162, 488, 593] (43)
116 : [43, 136, 358, 380] (44)
117 : [71, 97, 394, 465, 577] (43)
118 : [35, 56, 112, 115, 327, 391] (44)
119 : [39, 344, 348, 382, 556] (42)
120 : [149, 209, 320, 510, 521] (45)
