Name: 600-50-80
Time: 13.329084396362305 
Result: 80
Solution:  45 15 102 18 65 59 0 10 72 100 76 73 65 4 92 55 18 54 19 37 22 44 12 98 4 68 82 87 29 95 55 85 98 36 14 0 60 75 97 84 42 48 70 34 28 1 86 32 90 36 17 15 82 94 52 81 33 30 58 1 104 2 96 84 9 85 68 67 96 45 67 3 75 41 25 82 81 50 107 38 14 42 59 78 78 2 60 61 83 55 64 40 25 3 32 62 79 4 50 70 99 97 105 74 27 94 11 92 94 31 104 7 88 76 103 77 25 83 66 71 9 68 98 86 90 35 5 53 53 30 65 8 30 49 2 62 51 10 66 24 35 99 7 19 70 77 64 110 42 43 93 65 21 37 1 31 41 50 59 63 40 24 11 88 34 27 87 29 105 91 21 56 37 66 69 77 51 77 98 93 79 58 13 45 67 78 99 11 79 32 72 54 92 81 91 87 93 87 79 101 104 27 47 102 54 83 12 48 51 52 83 33 92 82 24 37 62 16 60 50 3 26 95 20 42 44 15 55 106 77 58 14 103 89 23 70 39 58 102 28 63 22 57 107 11 3 86 44 72 74 0 61 72 97 42 74 59 76 102 37 84 48 56 93 40 40 3 28 98 80 105 57 71 40 71 73 29 63 107 63 89 75 29 19 106 80 56 104 84 110 54 100 73 30 68 2 97 41 43 33 71 109 101 102 101 21 87 12 108 86 69 74 70 58 15 27 15 109 18 24 84 18 69 110 80 0 33 70 46 3 94 95 94 43 47 80 13 71 7 78 52 38 18 85 49 65 85 47 13 3 96 86 22 28 89 81 9 104 42 88 96 95 68 45 63 51 84 37 63 107 93 100 54 97 45 85 9 100 27 5 33 39 91 0 7 2 83 108 80 42 24 61 110 7 44 65 5 77 108 33 53 90 109 8 7 109 74 80 57 95 5 39 102 9 67 26 20 12 23 91 100 83 108 0 99 57 96 87 81 19 17 5 54 13 24 110 103 46 12 106 97 52 37 110 88 25 90 59 61 23 105 64 72 79 17 64 89 52 92 86 41 107 80 84 39 73 37 19 52 76 33 28 102 57 39 87 104 8 106 15 88 76 24 66 65 16 30 9 39 46 63 16 54 35 35 5 32 43 108 50 16 38 52 46 95 81 52 91 17 109 20 77 104 22 104 2 15 65 89 21 83 49 86 35 83 27 63 101 98 109 62 90 70 64 73 16 35 109 75 89 76 103 35 48 41 43 8 2 15 25 104 72 75 98 76 37 58 63 103 34 24 78 21 87 97 39 59 91 18 56 3 93 22 93 64 98 96 73 36 24 21 102 69 26 40 74 49 53 49 104 14 110 48 10 90 1 101 5 8 10
0 : [6, 35, 250, 325, 383, 423] (53)
1 : [45, 59, 154, 595] (58)
2 : [61, 85, 134, 295, 385, 515, 547] (57)
3 : [71, 93, 220, 245, 266, 329, 349, 570] (60)
4 : [13, 24, 97] (58)
5 : [126, 379, 396, 410, 431, 495, 597] (66)
6 : [] (0)
7 : [111, 142, 338, 384, 393, 404] (58)
8 : [131, 403, 477, 546, 598] (51)
9 : [64, 120, 356, 376, 413, 487] (55)
10 : [7, 137, 593, 599] (56)
11 : [106, 162, 187, 244] (63)
12 : [22, 206, 307, 417, 438] (51)
13 : [182, 336, 348, 433] (50)
14 : [34, 80, 231, 590] (52)
15 : [1, 51, 226, 314, 316, 479, 516, 548] (54)
16 : [217, 485, 491, 500, 535] (50)
17 : [50, 430, 454, 508] (53)
18 : [3, 16, 318, 321, 342, 568] (52)
19 : [18, 143, 283, 429, 467] (54)
20 : [223, 416, 510] (59)
21 : [152, 170, 305, 519, 562, 580] (55)
22 : [20, 241, 352, 513, 572] (55)
23 : [234, 418, 449] (57)
24 : [139, 161, 214, 319, 390, 434, 482, 560, 579] (55)
25 : [74, 92, 116, 445, 549] (58)
26 : [221, 415, 583] (58)
27 : [104, 165, 201, 315, 378, 525] (55)
28 : [44, 239, 267, 353, 471] (55)
29 : [28, 167, 276, 282] (56)
30 : [57, 129, 132, 293, 486] (57)
31 : [109, 155] (59)
32 : [47, 94, 189, 496] (57)
33 : [56, 211, 299, 326, 380, 399, 470] (52)
34 : [43, 164, 559] (61)
35 : [125, 140, 493, 494, 523, 536, 542] (59)
36 : [33, 49, 578] (53)
37 : [19, 153, 172, 215, 259, 367, 442, 466, 555] (63)
38 : [79, 341, 501] (59)
39 : [236, 381, 411, 464, 474, 488, 565] (59)
40 : [91, 160, 264, 265, 273, 584] (62)
41 : [73, 156, 297, 460, 544] (69)
42 : [40, 81, 148, 224, 254, 358, 389] (62)
43 : [149, 298, 333, 497, 545] (69)
44 : [21, 225, 247, 394] (74)
45 : [0, 69, 183, 363, 374] (65)
46 : [328, 437, 489, 503] (57)
47 : [202, 334, 347] (71)
48 : [41, 207, 261, 543, 592] (67)
49 : [133, 344, 521, 586, 588] (65)
50 : [77, 98, 157, 219, 499] (63)
51 : [136, 176, 208, 365] (67)
52 : [54, 209, 340, 441, 457, 468, 502, 506] (52)
53 : [127, 128, 400, 587] (57)
54 : [17, 191, 204, 290, 372, 432, 492] (54)
55 : [15, 30, 89, 227] (66)
56 : [171, 262, 286, 569] (66)
57 : [242, 271, 408, 425, 473] (65)
58 : [58, 181, 230, 237, 313, 556] (66)
59 : [5, 82, 158, 256, 447, 566] (67)
60 : [36, 86, 218] (65)
61 : [87, 251, 391, 448] (70)
62 : [95, 135, 216, 530] (65)
63 : [159, 240, 277, 279, 364, 368, 490, 526, 557] (65)
64 : [90, 146, 451, 455, 533, 574] (65)
65 : [4, 12, 130, 151, 345, 395, 484, 517] (66)
66 : [118, 138, 173, 483] (70)
67 : [67, 70, 184, 414] (69)
68 : [25, 66, 121, 294, 362] (70)
69 : [174, 310, 322, 582] (74)
70 : [42, 99, 144, 235, 312, 327, 532] (70)
71 : [119, 272, 274, 300, 337] (71)
72 : [8, 190, 248, 252, 452, 551] (71)
73 : [11, 275, 292, 465, 534, 577] (70)
74 : [103, 249, 255, 311, 406, 585] (70)
75 : [37, 72, 281, 538, 552] (67)
76 : [10, 113, 257, 469, 481, 540, 554] (67)
77 : [115, 145, 175, 177, 229, 397, 511] (66)
78 : [83, 84, 185, 339, 561] (78)
79 : [96, 180, 188, 198, 453] (78)
80 : [269, 285, 324, 335, 388, 407, 462] (73)
81 : [55, 76, 193, 355, 428, 505] (76)
82 : [26, 52, 75, 213] (78)
83 : [88, 117, 205, 210, 386, 421, 520, 524] (80)
84 : [39, 63, 260, 288, 320, 366, 463] (75)
85 : [31, 65, 343, 346, 375] (77)
86 : [46, 123, 246, 309, 351, 459, 522] (76)
87 : [27, 166, 195, 197, 306, 427, 475, 563] (76)
88 : [112, 163, 359, 444, 480] (77)
89 : [233, 280, 354, 456, 518, 539] (79)
90 : [48, 124, 401, 446, 531, 594] (77)
91 : [169, 194, 382, 419, 507, 567] (76)
92 : [14, 107, 192, 212, 458] (78)
93 : [150, 179, 196, 263, 370, 571, 573] (76)
94 : [53, 105, 108, 330, 332] (79)
95 : [29, 222, 331, 361, 409, 504] (76)
96 : [62, 68, 350, 360, 426, 576] (77)
97 : [38, 101, 253, 296, 373, 440, 564] (78)
98 : [23, 32, 122, 178, 268, 528, 553, 575] (77)
99 : [100, 141, 186, 424] (78)
100 : [9, 291, 371, 377, 420] (79)
101 : [199, 302, 304, 527, 596] (77)
102 : [2, 203, 238, 258, 303, 412, 472, 581] (78)
103 : [114, 232, 436, 541, 558] (79)
104 : [60, 110, 200, 287, 357, 476, 512, 514, 550, 589] (80)
105 : [102, 168, 270, 450] (80)
106 : [228, 284, 439, 478] (80)
107 : [78, 243, 278, 369, 461] (80)
108 : [308, 387, 398, 422, 498] (79)
109 : [301, 317, 402, 405, 509, 529, 537] (78)
110 : [147, 289, 323, 392, 435, 443, 591] (78)
