Name: 600-30-45
Time: 13.351297855377197 
Result: 6047
Solution:  109 38 83 99 19 85 103 63 82 100 103 71 58 5 50 31 108 69 35 59 96 89 14 44 78 98 72 63 98 76 103 26 8 56 20 119 22 101 66 119 74 105 53 115 35 113 68 49 62 111 43 93 111 84 103 104 120 114 30 61 56 2 7 104 89 14 0 86 68 42 4 116 75 74 68 38 118 116 74 10 37 80 5 25 83 78 5 15 19 39 51 81 90 2 107 30 40 115 34 67 13 103 74 10 34 103 20 87 85 9 101 70 118 75 22 118 84 33 86 56 75 2 57 4 97 34 74 38 46 108 46 100 91 47 57 84 118 8 95 94 29 51 111 7 6 59 81 60 59 119 43 72 61 3 10 2 25 94 81 31 58 79 116 59 19 71 78 42 18 112 21 40 12 98 29 14 38 44 21 14 82 29 55 39 81 54 37 38 5 43 69 49 58 41 96 102 54 66 0 14 112 97 26 47 89 0 101 89 71 120 72 53 38 88 67 36 107 77 9 44 105 32 81 92 13 90 32 11 95 105 32 60 65 20 104 63 91 28 19 17 22 55 43 114 97 6 41 19 92 72 112 73 113 94 96 43 100 59 83 110 77 97 23 90 34 60 113 91 50 26 57 76 55 62 39 56 92 39 67 22 89 94 112 33 52 80 95 94 105 15 44 48 87 59 34 98 8 75 10 51 33 62 13 38 65 53 24 62 13 10 78 95 48 49 104 44 83 27 41 110 120 90 25 76 2 88 36 114 61 88 11 46 52 11 57 72 69 103 85 13 20 96 67 79 118 21 52 105 120 22 78 93 107 59 17 25 30 37 117 18 47 31 84 99 33 72 113 18 54 72 104 9 2 79 64 4 49 37 15 80 116 110 119 3 107 23 83 26 39 54 98 117 110 68 117 28 67 45 56 64 75 108 65 12 24 82 104 89 76 82 55 109 20 92 78 69 29 52 32 23 99 17 51 92 25 14 23 79 40 71 113 7 29 35 36 10 93 115 86 36 104 107 96 87 39 50 85 92 0 10 29 89 4 13 0 93 98 5 6 77 40 1 70 22 42 114 45 30 58 41 53 106 61 89 49 102 83 63 7 27 106 61 69 109 89 66 27 105 116 51 15 44 24 28 53 110 29 88 110 24 81 8 7 73 111 27 13 15 70 80 117 28 15 32 108 80 101 86 17 108 47 120 75 109 17 51 31 87 21 90 74 20 67 45 114 74 102 12 18 27 44 82 106 106 53 48 88 23 64 8 29 3 101 97 11 45 119 28 52 64 51 47 8 18 64 60 58 115 64 3 22 58 63 21 82 70 62 118 76 105 8 41 43 65 9 75 48 41 7 27 77 105 94 114 36 70 50 31 77 34
0 : [66, 198, 205, 448, 454] (31)
1 : [461] (3)
2 : [61, 93, 121, 155, 324, 372] (32)
3 : [153, 383, 551, 569] (32)
4 : [70, 123, 375, 452] (33)
5 : [13, 82, 86, 188, 457] (32)
6 : [144, 245, 458] (34)
7 : [62, 143, 431, 478, 502, 588] (35)
8 : [32, 137, 296, 501, 549, 562, 580] (33)
9 : [109, 218, 371, 584] (32)
10 : [79, 103, 154, 298, 309, 435, 449] (32)
11 : [227, 330, 333, 554] (35)
12 : [172, 403, 537] (31)
13 : [100, 224, 302, 308, 339, 453, 506] (34)
14 : [22, 65, 175, 179, 199, 425] (34)
15 : [87, 289, 378, 490, 507, 512] (33)
16 : [] (0)
17 : [239, 354, 421, 518, 524] (35)
18 : [168, 359, 367, 538, 563] (34)
19 : [4, 88, 164, 238, 247] (34)
20 : [34, 106, 233, 340, 412, 531] (31)
21 : [170, 178, 345, 528, 573] (32)
22 : [36, 114, 240, 279, 349, 463, 570] (31)
23 : [262, 385, 419, 426, 547] (34)
24 : [306, 404, 492, 499] (34)
25 : [83, 156, 322, 355, 424] (35)
26 : [31, 202, 269, 387] (35)
27 : [317, 479, 486, 505, 539, 589] (36)
28 : [237, 395, 493, 511, 557] (35)
29 : [140, 174, 181, 416, 432, 450, 496, 550] (36)
30 : [58, 95, 356, 467] (37)
31 : [15, 159, 361, 526, 597] (35)
32 : [221, 226, 230, 418, 513] (35)
33 : [117, 283, 300, 364] (35)
34 : [98, 104, 125, 264, 294, 599] (35)
35 : [18, 44, 433] (35)
36 : [215, 326, 434, 439, 594] (34)
37 : [80, 186, 357, 377] (33)
38 : [1, 75, 127, 176, 187, 212, 303] (33)
39 : [89, 183, 274, 277, 388, 444] (32)
40 : [96, 171, 428, 460] (36)
41 : [193, 246, 318, 469, 581, 587] (30)
42 : [69, 167, 464] (32)
43 : [50, 150, 189, 242, 255, 582] (31)
44 : [23, 177, 219, 290, 315, 491, 540] (30)
45 : [397, 466, 533, 555] (33)
46 : [128, 130, 331] (38)
47 : [133, 203, 360, 520, 561] (37)
48 : [291, 312, 545, 586] (35)
49 : [47, 191, 313, 376, 474] (34)
50 : [14, 268, 445, 596] (33)
51 : [90, 141, 299, 422, 489, 525, 560] (33)
52 : [284, 332, 346, 417, 558] (33)
53 : [42, 211, 305, 470, 494, 544] (33)
54 : [185, 196, 368, 389] (33)
55 : [182, 241, 272, 410] (34)
56 : [33, 60, 119, 275, 398] (35)
57 : [122, 134, 270, 334] (36)
58 : [12, 160, 192, 468, 566, 571] (33)
59 : [19, 145, 148, 163, 257, 293, 353] (34)
60 : [147, 231, 265, 565] (36)
61 : [59, 152, 328, 472, 481] (34)
62 : [48, 273, 301, 307, 576] (36)
63 : [7, 27, 235, 477, 572] (35)
64 : [374, 399, 548, 559, 564, 568] (37)
65 : [232, 304, 402, 583] (40)
66 : [38, 197, 485] (39)
67 : [99, 214, 278, 342, 396, 532] (41)
68 : [46, 68, 74, 393] (40)
69 : [17, 190, 336, 415, 482] (40)
70 : [111, 462, 508, 575, 595] (39)
71 : [11, 165, 208, 429] (38)
72 : [26, 151, 210, 249, 335, 365, 369] (40)
73 : [251, 503] (38)
74 : [40, 73, 78, 102, 126, 530, 535] (38)
75 : [72, 113, 120, 297, 400, 522, 585] (38)
76 : [29, 271, 323, 408, 578] (38)
77 : [217, 260, 459, 590, 598] (37)
78 : [24, 85, 166, 310, 350, 414] (38)
79 : [161, 343, 373, 427] (42)
80 : [81, 285, 379, 509, 515] (42)
81 : [91, 146, 158, 184, 222, 500] (39)
82 : [8, 180, 405, 409, 541, 574] (39)
83 : [2, 84, 258, 316, 386, 476] (42)
84 : [53, 116, 135, 362] (41)
85 : [5, 108, 338, 446] (40)
86 : [67, 118, 438, 517] (37)
87 : [107, 292, 443, 527] (40)
88 : [213, 325, 329, 497, 546] (41)
89 : [21, 64, 204, 207, 280, 407, 451, 473, 484] (39)
90 : [92, 225, 263, 321, 529] (40)
91 : [132, 236, 267] (43)
92 : [223, 248, 276, 413, 423, 447] (40)
93 : [51, 351, 436, 455] (40)
94 : [139, 157, 253, 281, 287, 592] (41)
95 : [138, 228, 286, 311] (40)
96 : [20, 194, 254, 341, 442] (43)
97 : [124, 201, 244, 261, 553] (45)
98 : [25, 28, 173, 295, 390, 456] (44)
99 : [3, 363, 420] (45)
100 : [9, 131, 256] (43)
101 : [37, 110, 206, 516, 552] (41)
102 : [195, 475, 536] (44)
103 : [6, 10, 30, 54, 101, 105, 337] (42)
104 : [55, 63, 234, 314, 370, 406, 440] (43)
105 : [41, 220, 229, 288, 347, 487, 579, 591] (43)
106 : [471, 480, 542, 543] (45)
107 : [94, 216, 352, 384, 441] (43)
108 : [16, 129, 401, 514, 519] (45)
109 : [0, 411, 483, 523] (45)
110 : [259, 319, 381, 392, 495, 498] (44)
111 : [49, 52, 142, 504] (44)
112 : [169, 200, 250, 282] (43)
113 : [45, 252, 266, 366, 430] (45)
114 : [57, 243, 327, 465, 534, 593] (47)
115 : [43, 97, 437, 567] (44)
116 : [71, 77, 162, 380, 488] (46)
117 : [358, 391, 394, 510] (44)
118 : [76, 112, 115, 136, 344, 577] (42)
119 : [35, 39, 149, 382, 556] (42)
120 : [56, 209, 320, 348, 521] (40)
