Name: 600-40-60
Time: 13.012026309967041 
Result: 20065
Solution:  130 1 80 53 69 1 134 23 63 84 29 11 82 70 28 110 4 9 141 81 83 54 16 97 62 69 133 10 121 96 93 42 71 96 125 76 123 79 74 117 7 141 108 87 68 101 143 12 93 49 143 24 121 8 51 52 92 134 129 135 126 2 81 82 10 99 63 143 47 41 105 75 85 108 36 17 96 38 35 136 43 109 129 105 66 55 71 119 61 130 117 15 4 86 128 117 6 61 1 141 89 36 141 116 102 135 30 12 116 49 28 33 5 126 67 8 141 78 35 32 122 116 125 62 2 122 4 136 72 109 5 131 91 103 33 24 122 119 92 139 119 6 17 107 99 70 31 47 118 40 75 125 130 130 84 106 115 66 121 93 62 60 39 134 54 140 14 89 73 91 56 34 60 97 65 61 111 26 81 15 65 82 106 126 101 28 112 32 47 96 40 39 74 124 19 98 40 69 106 78 79 130 110 95 9 64 133 44 105 64 53 80 128 94 108 46 8 142 28 106 38 23 101 97 56 30 32 40 52 51 68 45 112 106 60 87 30 51 27 22 128 88 20 137 121 10 40 24 75 113 137 72 128 89 122 34 53 74 47 57 130 24 104 50 21 67 92 84 131 134 96 42 19 120 44 140 123 57 100 24 35 63 58 126 27 19 24 85 71 1 103 126 135 119 37 126 76 137 31 16 81 111 29 112 140 125 8 104 137 57 45 84 132 21 100 7 88 109 26 126 36 59 55 68 42 17 100 133 61 38 66 20 66 123 7 134 22 98 17 115 49 141 77 111 23 14 41 83 95 95 46 112 95 13 127 138 63 51 114 5 80 5 140 90 115 91 129 76 135 17 107 133 113 36 65 53 120 12 90 41 138 65 143 100 40 123 38 8 83 113 89 22 96 0 127 77 56 113 13 44 33 0 85 8 133 45 25 31 50 72 128 48 35 107 58 90 75 35 15 79 124 142 48 52 27 15 34 98 65 70 33 75 32 15 54 135 139 88 13 108 55 8 78 66 37 134 101 131 89 125 44 88 134 104 0 138 128 124 79 118 50 42 49 29 56 114 118 19 54 137 131 83 130 0 72 53 76 14 135 11 120 143 75 21 86 132 44 55 14 50 139 97 36 21 134 87 19 131 117 62 42 23 49 143 87 59 38 94 28 103 34 11 24 108 116 73 118 74 41 138 34 63 84 142 99 59 88 70 0 136 109 12 123 58 101 48 111 127 103 2 129 52 136 88 73 91 58 96 25 72 29 129 83 12 122 31 16 43 6 63 126 112 57 79 49 139 13 24 10 2 21 1 110 5 81 106 47 28 6 102 93 140 1 111 91 21 74 134 120 20 95 66 68 27 8 118 114 115 75 46
0 : [393, 401, 454, 473, 528] (54)
1 : [1, 5, 98, 289, 571, 582] (56)
2 : [61, 124, 539, 569] (41)
3 : [] (0)
4 : [16, 92, 126] (43)
5 : [112, 130, 359, 361, 573] (44)
6 : [96, 141, 558, 578] (41)
7 : [40, 315, 334] (40)
8 : [53, 115, 216, 306, 387, 403, 441, 594] (40)
9 : [17, 204] (40)
10 : [27, 64, 245, 568] (49)
11 : [11, 479, 511] (43)
12 : [47, 107, 377, 531, 553] (42)
13 : [353, 398, 438, 566] (42)
14 : [166, 345, 477, 488] (42)
15 : [91, 179, 418, 425, 433] (40)
16 : [22, 299, 556] (50)
17 : [75, 142, 325, 338, 369] (51)
18 : [] (0)
19 : [194, 272, 285, 467, 496] (54)
20 : [242, 331, 589] (44)
21 : [264, 313, 483, 493, 570, 585] (40)
22 : [239, 336, 391] (42)
23 : [7, 221, 344, 501] (45)
24 : [51, 135, 247, 261, 279, 286, 512, 567] (42)
25 : [406, 548] (46)
26 : [177, 318] (49)
27 : [238, 284, 424, 593] (47)
28 : [14, 110, 185, 218, 508, 577] (47)
29 : [10, 302, 463, 550] (47)
30 : [106, 225, 236] (54)
31 : [146, 298, 407, 555] (47)
32 : [119, 187, 226, 432] (48)
33 : [111, 134, 400, 430] (48)
34 : [171, 255, 426, 510, 520] (47)
35 : [78, 118, 280, 412, 417] (46)
36 : [74, 101, 320, 373, 492] (41)
37 : [294, 444] (48)
38 : [77, 220, 329, 386, 506] (43)
39 : [162, 191] (42)
40 : [149, 190, 196, 227, 246, 384] (41)
41 : [69, 346, 379, 518] (43)
42 : [31, 271, 324, 461, 500] (42)
43 : [80, 557] (40)
44 : [207, 274, 399, 450, 486] (46)
45 : [231, 310, 405] (46)
46 : [215, 350, 599] (51)
47 : [68, 147, 188, 258, 576] (51)
48 : [411, 422, 535] (47)
49 : [49, 109, 340, 462, 502, 564] (45)
50 : [263, 408, 460, 489] (53)
51 : [54, 229, 237, 357] (55)
52 : [55, 228, 423, 541] (51)
53 : [3, 210, 256, 375, 475] (56)
54 : [21, 164, 434, 468] (52)
55 : [85, 322, 440, 487] (50)
56 : [170, 224, 396, 464] (56)
57 : [259, 277, 309, 562] (53)
58 : [282, 414, 533, 546] (47)
59 : [321, 505, 525] (48)
60 : [161, 172, 234] (44)
61 : [88, 97, 175, 328] (41)
62 : [24, 123, 160, 499] (41)
63 : [8, 66, 281, 356, 521, 559] (41)
64 : [205, 209] (51)
65 : [174, 180, 374, 381, 428] (51)
66 : [84, 157, 330, 332, 443, 591] (50)
67 : [114, 265] (53)
68 : [44, 230, 323, 592] (56)
69 : [4, 25, 197] (48)
70 : [13, 145, 429, 527] (41)
71 : [32, 86, 288] (52)
72 : [128, 251, 409, 474, 549] (50)
73 : [168, 515, 544] (51)
74 : [38, 192, 257, 517, 586] (54)
75 : [71, 150, 248, 416, 431, 482, 598] (51)
76 : [35, 296, 367, 476] (52)
77 : [342, 395] (53)
78 : [117, 199, 442] (53)
79 : [37, 200, 419, 458, 563] (49)
80 : [2, 211, 360] (49)
81 : [19, 62, 178, 300, 574] (53)
82 : [12, 63, 181] (51)
83 : [20, 347, 388, 471, 552] (53)
84 : [9, 154, 267, 311, 522] (52)
85 : [72, 287, 402] (53)
86 : [93, 484] (54)
87 : [43, 235, 495, 504] (59)
88 : [241, 316, 437, 451, 526, 543] (49)
89 : [100, 167, 253, 390, 448] (50)
90 : [363, 378, 415] (56)
91 : [132, 169, 365, 545, 584] (54)
92 : [56, 138, 266] (63)
93 : [30, 48, 159, 580] (57)
94 : [213, 507] (56)
95 : [203, 348, 349, 352, 590] (54)
96 : [29, 33, 76, 189, 270, 392, 547] (49)
97 : [23, 173, 223, 491] (52)
98 : [195, 337, 427] (52)
99 : [65, 144, 524] (56)
100 : [278, 314, 326, 383] (58)
101 : [45, 184, 222, 446, 534] (55)
102 : [104, 579] (53)
103 : [133, 290, 509, 538] (56)
104 : [262, 307, 453] (50)
105 : [70, 83, 208] (52)
106 : [155, 182, 198, 219, 233, 575] (51)
107 : [143, 370, 413] (50)
108 : [42, 73, 214, 439, 513] (50)
109 : [81, 129, 317, 530] (51)
110 : [15, 202, 572] (50)
111 : [176, 301, 343, 536, 583] (52)
112 : [186, 232, 303, 351, 561] (52)
113 : [249, 372, 389, 397] (55)
114 : [358, 465, 596] (55)
115 : [156, 339, 364, 597] (54)
116 : [103, 108, 121, 514] (57)
117 : [39, 90, 95, 498] (58)
118 : [148, 459, 466, 516, 595] (65)
119 : [87, 137, 140, 293] (61)
120 : [273, 376, 480, 588] (60)
121 : [28, 52, 158, 244] (62)
122 : [120, 125, 136, 254, 554] (62)
123 : [36, 276, 333, 385, 532] (62)
124 : [193, 420, 457] (60)
125 : [34, 122, 151, 305, 449] (59)
126 : [60, 113, 183, 283, 291, 295, 319, 560] (57)
127 : [354, 394, 537] (59)
128 : [94, 212, 240, 252, 410, 456] (58)
129 : [58, 82, 366, 540, 551] (60)
130 : [0, 89, 152, 153, 201, 260, 472] (58)
131 : [131, 268, 447, 470, 497] (56)
132 : [312, 485] (65)
133 : [26, 206, 327, 371, 404] (57)
134 : [6, 57, 163, 269, 335, 445, 452, 494, 587] (59)
135 : [59, 105, 292, 368, 435, 478] (56)
136 : [79, 127, 529, 542] (56)
137 : [243, 250, 297, 308, 469] (59)
138 : [355, 380, 455, 519] (57)
139 : [139, 436, 490, 565] (57)
140 : [165, 275, 304, 362, 581] (60)
141 : [18, 41, 99, 102, 116, 341] (59)
142 : [217, 421, 523] (59)
143 : [46, 50, 67, 382, 481, 503] (57)
