Name: 600-50-80
Time: 13.3765869140625 
Result: 6082
Solution:  45 15 104 22 64 62 3 12 74 97 79 70 65 4 92 55 19 57 19 37 22 42 13 102 7 68 79 89 29 94 56 84 98 36 13 1 57 79 98 84 42 49 70 34 27 0 86 32 90 36 18 13 81 95 54 83 30 31 58 0 103 2 96 81 11 85 68 66 97 45 67 3 74 39 27 84 82 50 108 42 15 41 60 79 78 2 59 62 83 54 64 40 25 3 32 62 77 4 51 71 97 98 106 76 27 94 13 92 93 32 107 4 86 75 100 77 24 86 67 69 10 68 97 85 91 33 5 52 52 30 64 7 25 48 3 60 51 10 66 24 32 100 9 16 68 77 63 108 42 44 91 65 22 34 1 31 41 46 59 63 43 24 11 88 35 28 88 28 104 91 19 55 35 66 70 73 51 74 99 93 80 56 14 47 67 78 99 11 79 33 72 55 92 79 94 90 93 87 80 101 105 26 48 102 51 83 12 47 50 52 86 28 92 83 26 36 62 15 59 49 2 26 95 19 42 46 13 55 106 74 57 12 103 89 21 71 37 58 104 28 62 20 56 106 11 3 82 45 73 74 0 61 71 97 43 73 59 75 102 37 85 47 55 93 38 38 3 29 98 80 105 58 71 40 71 73 30 63 107 63 90 78 29 17 107 80 56 105 84 110 54 100 73 28 68 2 99 41 46 33 72 109 101 101 99 23 87 13 108 87 68 73 74 57 15 25 15 108 19 23 86 18 71 107 79 0 33 72 46 3 94 93 95 43 47 81 10 71 7 78 52 41 17 86 50 63 84 44 15 3 97 85 23 28 89 82 13 106 43 88 95 98 69 45 62 51 89 33 60 109 91 101 58 97 45 87 8 100 26 5 30 37 90 2 9 5 83 110 79 42 27 64 108 7 44 65 4 76 110 33 53 91 110 9 8 107 72 80 59 93 5 42 105 9 67 26 21 12 23 91 100 82 107 0 99 56 96 88 82 19 16 5 54 14 20 110 103 48 12 106 97 51 37 110 84 24 87 59 61 24 106 63 70 77 20 64 90 52 92 87 40 102 81 83 39 73 37 18 52 76 33 27 104 56 39 87 103 10 106 18 85 76 24 67 64 15 32 7 39 44 64 17 52 34 33 5 32 44 107 49 16 38 52 46 97 82 49 91 17 107 22 75 101 20 104 2 17 65 88 20 80 53 84 33 85 29 63 105 96 107 61 89 70 64 72 16 36 109 77 87 74 105 35 49 40 43 8 1 15 27 105 74 75 97 76 37 56 65 105 34 22 79 20 89 97 39 61 87 18 57 3 94 21 94 63 98 96 73 33 25 20 102 69 25 37 75 51 53 50 105 14 109 47 8 88 1 102 7 7 12
0 : [45, 59, 250, 325, 423] (51)
1 : [35, 154, 547, 595] (60)
2 : [61, 85, 220, 295, 383, 515] (51)
3 : [6, 71, 93, 134, 245, 266, 329, 349, 570] (50)
4 : [13, 97, 111, 396] (55)
5 : [126, 379, 385, 410, 431, 495] (66)
6 : [] (0)
7 : [24, 131, 338, 393, 487, 597, 598] (56)
8 : [376, 404, 546, 593] (55)
9 : [142, 384, 403, 413] (60)
10 : [120, 137, 336, 477] (54)
11 : [64, 162, 187, 244] (57)
12 : [7, 206, 231, 417, 438, 599] (54)
13 : [22, 34, 51, 106, 226, 307, 356] (55)
14 : [182, 433, 590] (52)
15 : [1, 80, 217, 314, 316, 348, 485, 548] (53)
16 : [143, 430, 500, 535] (55)
17 : [283, 342, 491, 508, 516] (54)
18 : [50, 321, 467, 479, 568] (54)
19 : [16, 18, 170, 223, 318, 429] (56)
20 : [241, 434, 454, 513, 519, 562, 580] (55)
21 : [234, 416, 572] (59)
22 : [3, 20, 152, 510, 560] (57)
23 : [305, 319, 352, 418] (59)
24 : [116, 139, 161, 445, 449, 482] (59)
25 : [92, 132, 315, 579, 583] (60)
26 : [201, 214, 221, 378, 415] (59)
27 : [44, 74, 104, 390, 471, 549] (58)
28 : [165, 167, 211, 239, 293, 353] (59)
29 : [28, 267, 282, 525] (61)
30 : [56, 129, 276, 380] (58)
31 : [57, 155] (60)
32 : [47, 94, 109, 140, 486, 496] (60)
33 : [125, 189, 299, 326, 367, 399, 470, 494, 523, 578] (54)
34 : [43, 153, 493, 559] (55)
35 : [164, 172, 542] (56)
36 : [33, 49, 215, 536] (57)
37 : [19, 236, 259, 381, 442, 466, 555, 584] (57)
38 : [264, 265, 501] (60)
39 : [73, 464, 474, 488, 565] (60)
40 : [91, 273, 460, 544] (62)
41 : [81, 156, 297, 341] (61)
42 : [21, 40, 79, 148, 224, 389, 411] (62)
43 : [160, 254, 333, 358, 545] (61)
44 : [149, 347, 394, 489, 497] (61)
45 : [0, 69, 247, 363, 374] (64)
46 : [157, 225, 298, 328, 503] (61)
47 : [183, 207, 261, 334, 592] (62)
48 : [133, 202, 437] (67)
49 : [41, 219, 499, 506, 543] (64)
50 : [77, 208, 344, 588] (64)
51 : [98, 136, 176, 204, 365, 441, 586] (64)
52 : [127, 128, 209, 340, 457, 468, 492, 502] (62)
53 : [400, 521, 587] (74)
54 : [54, 89, 290, 432] (65)
55 : [15, 171, 191, 227, 262] (69)
56 : [30, 181, 242, 286, 425, 473, 556] (65)
57 : [17, 36, 230, 313, 569] (65)
58 : [58, 237, 271, 372] (64)
59 : [86, 158, 218, 256, 408, 447] (64)
60 : [82, 135, 368] (68)
61 : [251, 448, 530, 566] (62)
62 : [5, 87, 95, 216, 240, 364] (62)
63 : [146, 159, 277, 279, 345, 451, 526, 574] (63)
64 : [4, 90, 130, 391, 455, 484, 490, 533] (61)
65 : [12, 151, 395, 517, 557] (65)
66 : [67, 138, 173] (69)
67 : [70, 118, 184, 414, 483] (70)
68 : [25, 66, 121, 144, 294, 310] (70)
69 : [119, 362, 582] (72)
70 : [11, 42, 174, 452, 532] (73)
71 : [99, 235, 252, 272, 274, 322, 337] (69)
72 : [190, 300, 327, 406, 534] (69)
73 : [175, 248, 255, 275, 292, 311, 465, 577] (70)
74 : [8, 72, 177, 229, 249, 312, 540, 551] (71)
75 : [113, 257, 511, 552, 585] (72)
76 : [103, 397, 469, 481, 554] (72)
77 : [96, 115, 145, 453, 538] (71)
78 : [84, 185, 281, 339] (74)
79 : [10, 26, 37, 83, 188, 193, 324, 388, 561] (74)
80 : [180, 198, 269, 285, 407, 520] (76)
81 : [52, 63, 335, 462] (76)
82 : [76, 246, 355, 421, 428, 505] (76)
83 : [55, 88, 205, 213, 386, 463] (78)
84 : [31, 39, 75, 288, 346, 444, 522] (77)
85 : [65, 123, 260, 351, 480, 524] (77)
86 : [46, 112, 117, 210, 320, 343] (74)
87 : [197, 306, 309, 375, 446, 459, 475, 539, 567] (75)
88 : [163, 166, 359, 427, 518, 594] (73)
89 : [27, 233, 354, 366, 531, 563] (77)
90 : [48, 195, 280, 382, 456] (76)
91 : [124, 150, 169, 370, 401, 419, 507] (76)
92 : [14, 107, 192, 212, 458] (78)
93 : [108, 179, 196, 263, 331, 409] (76)
94 : [29, 105, 194, 330, 571, 573] (80)
95 : [53, 222, 332, 360] (78)
96 : [62, 426, 528, 576] (76)
97 : [9, 68, 100, 122, 253, 350, 373, 440, 504, 553, 564] (78)
98 : [32, 38, 101, 268, 361, 575] (80)
99 : [178, 186, 296, 304, 424] (82)
100 : [114, 141, 291, 377, 420] (82)
101 : [199, 302, 303, 371, 512] (82)
102 : [23, 203, 258, 461, 581, 596] (80)
103 : [60, 232, 436, 476] (78)
104 : [2, 168, 238, 472, 514] (77)
105 : [200, 270, 287, 412, 527, 541, 550, 558, 589] (77)
106 : [102, 228, 243, 357, 439, 450, 478] (76)
107 : [110, 278, 284, 323, 405, 422, 498, 509, 529] (77)
108 : [78, 147, 308, 317, 392] (78)
109 : [301, 369, 537, 591] (80)
110 : [289, 387, 398, 402, 435, 443] (76)
