Name: 600-20-30
Time: 13.71952199935913 
Result: 5032
Solution:  105 2 34 50 27 60 78 46 81 33 49 64 61 89 115 4 54 42 122 91 17 20 109 17 45 102 93 103 33 43 104 46 96 80 33 101 87 83 42 122 61 103 71 14 86 40 85 96 91 59 20 52 83 86 86 64 31 50 64 12 67 79 57 43 34 101 90 18 13 111 112 74 14 62 48 107 47 65 97 5 70 63 108 17 16 8 51 63 42 39 91 92 1 22 116 104 41 4 39 40 59 51 83 29 9 77 86 76 71 100 49 91 106 17 42 54 82 43 103 15 117 33 6 86 25 110 19 106 105 12 61 95 3 52 2 53 44 54 65 31 69 15 65 71 76 116 44 28 99 33 41 15 87 92 36 52 97 21 86 59 38 105 26 112 82 89 22 8 40 87 73 60 82 84 49 72 121 57 94 44 49 34 100 20 30 76 119 77 73 110 66 31 113 73 19 35 93 15 24 96 8 48 68 50 26 49 37 77 103 6 39 104 115 104 47 29 36 29 28 45 32 20 84 117 123 72 29 62 44 93 3 0 94 62 78 101 54 99 3 7 11 55 11 113 85 68 1 73 4 56 79 58 108 118 117 100 9 6 72 33 37 114 76 59 121 51 119 81 44 12 114 21 114 22 68 71 28 80 23 107 66 104 102 75 57 30 81 117 32 120 61 110 1 56 60 106 91 115 107 5 69 121 17 83 14 114 116 74 52 22 1 52 74 12 19 66 55 76 95 49 70 96 23 24 90 46 40 96 35 26 24 120 8 112 58 103 100 38 16 107 75 121 56 38 80 109 32 87 47 98 60 57 96 38 92 54 92 77 31 44 14 68 88 84 102 63 55 114 83 82 106 23 23 97 20 13 25 35 81 70 121 79 119 113 122 83 93 119 9 108 28 120 79 105 111 36 18 76 115 84 96 105 56 102 95 67 34 30 47 119 94 8 62 63 110 84 107 84 114 98 73 99 78 11 5 58 35 101 120 113 80 65 122 49 98 11 36 108 15 82 20 74 119 26 111 118 39 16 120 49 95 123 62 63 89 62 6 15 9 58 83 18 6 36 43 47 29 26 3 75 86 38 121 74 112 49 106 29 64 42 19 57 67 95 72 112 73 24 1 116 5 96 114 7 61 80 70 78 28 71 97 46 50 73 42 24 51 0 64 105 87 63 29 46 64 13 69 35 36 56 123 14 62 2 16 90 116 78 116 21 90 71 35 18 53 8 99 38 94 20 25 97 111 111 120 41 123 37 102 89 75 7 72 90 30 88 60 53 88 40 27 67 103 45 31 66 94 108 0 79 41 39 94 87 8 39 44 52 27 27 110 58 31 108 85 68 48 26 3 118 53 55 109 100 24 109 69 71 26 1
0 : [231, 507, 568] (23)
1 : [92, 246, 292, 310, 488, 599] (19)
2 : [1, 134, 523] (22)
3 : [132, 230, 238, 468, 588] (20)
4 : [15, 97, 248] (21)
5 : [79, 299, 424, 490] (23)
6 : [122, 209, 257, 456, 462] (23)
7 : [239, 493, 551] (22)
8 : [85, 167, 200, 332, 411, 535, 574] (21)
9 : [104, 256, 388, 458] (22)
10 : [] (0)
11 : [240, 242, 423, 435] (21)
12 : [59, 129, 269, 313] (20)
13 : [68, 375, 515] (24)
14 : [43, 72, 304, 360, 521] (25)
15 : [119, 141, 151, 197, 438, 457] (22)
16 : [84, 338, 447, 524] (22)
17 : [20, 23, 83, 113, 302] (21)
18 : [67, 396, 461, 533] (22)
19 : [126, 194, 314, 480] (21)
20 : [21, 50, 183, 221, 374, 440, 539] (21)
21 : [157, 271, 529] (20)
22 : [93, 166, 273, 309] (21)
23 : [278, 322, 371, 372] (20)
24 : [198, 323, 330, 487, 505, 594] (20)
25 : [124, 376, 540] (20)
26 : [162, 204, 329, 443, 467, 587, 598] (21)
27 : [4, 560, 578, 579] (23)
28 : [147, 218, 276, 390, 498] (21)
29 : [103, 215, 217, 226, 466, 477, 512] (21)
30 : [184, 285, 407, 554] (24)
31 : [56, 139, 191, 358, 564, 582] (23)
32 : [220, 288, 346] (23)
33 : [9, 28, 34, 121, 149, 259] (22)
34 : [2, 64, 181, 406] (24)
35 : [195, 328, 377, 426, 517, 532] (23)
36 : [154, 216, 395, 436, 463, 518] (24)
37 : [206, 260, 547] (25)
38 : [160, 337, 343, 353, 471, 537] (22)
39 : [89, 98, 210, 446, 571, 575] (22)
40 : [45, 99, 168, 326, 559] (23)
41 : [96, 150, 545, 570] (22)
42 : [17, 38, 88, 114, 479, 504] (21)
43 : [29, 63, 117, 464] (24)
44 : [136, 146, 179, 228, 268, 359, 576] (24)
45 : [24, 219, 563] (25)
46 : [7, 31, 325, 501, 513] (25)
47 : [76, 214, 348, 408, 465] (25)
48 : [74, 201, 586] (26)
49 : [10, 110, 174, 180, 205, 319, 433, 449, 475] (20)
50 : [3, 57, 203, 502] (22)
51 : [86, 101, 265, 506] (23)
52 : [51, 133, 155, 308, 311, 577] (22)
53 : [135, 534, 557, 590] (22)
54 : [16, 115, 137, 236, 355] (24)
55 : [241, 316, 366, 591] (24)
56 : [249, 293, 342, 402, 519] (23)
57 : [62, 177, 284, 351, 481] (24)
58 : [251, 334, 425, 459, 581] (26)
59 : [49, 100, 159, 263] (27)
60 : [5, 171, 294, 350, 556] (26)
61 : [12, 40, 130, 290, 494] (26)
62 : [73, 227, 233, 412, 452, 455, 522] (26)
63 : [81, 87, 365, 413, 453, 511] (26)
64 : [11, 55, 58, 478, 508, 514] (28)
65 : [77, 138, 142, 431] (26)
66 : [190, 280, 315, 565] (27)
67 : [60, 405, 482, 561] (29)
68 : [202, 245, 274, 361, 585] (26)
69 : [140, 300, 516, 596] (26)
70 : [80, 320, 379, 496] (27)
71 : [42, 108, 143, 275, 499, 531, 597] (25)
72 : [175, 225, 258, 484, 552] (25)
73 : [170, 188, 193, 247, 420, 486, 503] (25)
74 : [71, 307, 312, 441, 473] (26)
75 : [283, 340, 469, 550] (26)
76 : [107, 144, 185, 262, 317, 397] (27)
77 : [105, 187, 207, 357] (27)
78 : [6, 234, 422, 497, 527] (27)
79 : [61, 250, 381, 392, 569] (27)
80 : [33, 277, 344, 430, 495] (27)
81 : [8, 267, 286, 378] (28)
82 : [116, 164, 172, 369, 439] (28)
83 : [37, 52, 102, 303, 368, 385, 460] (27)
84 : [173, 222, 363, 399, 415, 417] (27)
85 : [46, 244, 584] (26)
86 : [44, 53, 54, 106, 123, 158, 470] (25)
87 : [36, 152, 169, 347, 510, 573] (25)
88 : [362, 555, 558] (26)
89 : [13, 165, 454, 549] (27)
90 : [66, 324, 525, 530, 553] (28)
91 : [19, 48, 90, 111, 296] (27)
92 : [91, 153, 354, 356] (28)
93 : [26, 196, 229, 386] (28)
94 : [178, 232, 410, 538, 566, 572] (28)
95 : [131, 318, 404, 450, 483] (28)
96 : [32, 47, 199, 321, 327, 352, 400, 491] (28)
97 : [78, 156, 373, 500, 541] (28)
98 : [349, 419, 434] (29)
99 : [148, 237, 421, 536] (31)
100 : [109, 182, 255, 336, 593] (31)
101 : [35, 65, 235, 427] (30)
102 : [25, 282, 364, 403, 548] (32)
103 : [27, 41, 118, 208, 335, 562] (30)
104 : [30, 95, 211, 213, 281] (29)
105 : [0, 128, 161, 393, 401, 509] (29)
106 : [112, 127, 295, 370, 476] (30)
107 : [75, 279, 298, 339, 416] (30)
108 : [82, 252, 389, 437, 567, 583] (30)
109 : [22, 345, 592, 595] (29)
110 : [125, 189, 291, 414, 580] (29)
111 : [69, 394, 444, 542, 543] (30)
112 : [70, 163, 333, 474, 485] (30)
113 : [192, 243, 383, 429] (29)
114 : [261, 270, 272, 305, 367, 418, 492] (30)
115 : [14, 212, 297, 398] (29)
116 : [94, 145, 306, 489, 526, 528] (27)
117 : [120, 223, 254, 287] (30)
118 : [253, 445, 589] (29)
119 : [186, 266, 382, 387, 409, 442] (28)
120 : [289, 331, 391, 428, 448, 544] (28)
121 : [176, 264, 301, 341, 380, 472] (29)
122 : [18, 39, 384, 432] (30)
123 : [224, 451, 520, 546] (29)
