Name: 600-40-60
Time: 13.028358221054077 
Result: 22065
Solution:  132 1 81 54 68 0 132 23 63 84 27 11 82 72 28 111 2 10 141 81 84 52 15 95 62 70 133 10 121 95 93 42 73 94 123 76 120 79 74 117 8 140 108 86 69 99 143 11 94 50 140 22 122 10 51 54 95 134 129 136 123 0 84 82 10 100 63 143 50 41 106 75 87 108 34 15 96 37 36 136 43 107 128 104 65 55 71 118 62 130 120 15 1 85 127 116 5 60 0 140 89 37 141 116 101 135 30 13 116 47 28 32 4 126 65 5 141 79 38 33 122 114 124 63 4 120 4 136 71 111 9 131 92 103 32 21 122 120 93 138 113 6 17 107 99 73 33 48 119 39 76 125 131 128 84 105 117 66 119 93 64 61 39 134 53 141 9 88 72 92 56 34 59 100 68 63 111 26 80 16 66 85 105 128 101 28 113 31 46 96 39 35 71 119 18 97 42 67 107 80 77 130 110 92 9 64 134 46 102 65 54 79 127 96 110 46 9 142 28 105 37 22 102 98 55 31 31 39 51 52 69 45 112 108 62 83 29 53 30 23 129 87 19 136 123 10 42 25 75 114 139 75 128 89 125 34 55 75 47 57 129 22 105 50 22 67 91 87 131 134 94 42 19 118 45 140 120 57 100 25 36 63 58 127 25 19 27 85 75 2 101 127 135 121 37 127 75 137 29 14 78 109 25 115 142 125 8 103 137 59 47 84 132 16 100 8 88 109 26 125 39 58 52 69 42 17 101 133 62 38 65 18 66 121 6 134 21 99 17 113 48 143 78 109 18 13 41 83 94 95 44 112 94 13 126 139 63 52 117 6 80 2 140 94 115 91 128 74 137 16 107 135 113 37 65 53 119 13 90 39 138 65 143 102 40 123 38 11 83 112 89 20 96 5 127 77 56 113 15 45 35 1 86 5 135 44 27 29 49 73 128 49 39 106 58 90 76 37 15 79 124 142 49 49 27 13 34 99 68 68 36 78 32 16 54 135 138 88 14 109 59 7 79 66 40 134 101 130 89 122 45 89 134 106 0 139 127 124 80 118 50 41 46 29 55 115 119 19 54 137 128 83 130 0 72 51 76 12 137 14 120 143 76 20 87 131 45 56 16 51 138 97 33 22 133 86 20 132 117 62 42 22 48 141 87 61 38 93 25 102 37 11 25 109 119 73 117 75 41 139 34 61 84 143 98 60 88 70 0 136 109 9 122 57 104 48 111 127 103 5 127 53 133 88 71 91 60 95 23 71 32 130 82 12 122 30 12 43 7 63 126 111 57 79 50 140 12 25 7 0 21 2 110 6 79 104 47 27 6 105 92 140 0 111 91 21 71 134 118 18 98 69 68 25 6 121 114 115 79 46
0 : [5, 61, 98, 454, 473, 528, 569, 582] (55)
1 : [1, 92, 401] (46)
2 : [16, 289, 361, 571] (53)
3 : [] (0)
4 : [112, 124, 126] (40)
5 : [96, 115, 393, 403, 539] (44)
6 : [141, 334, 359, 573, 578, 594] (41)
7 : [441, 558, 568] (42)
8 : [40, 306, 315] (46)
9 : [130, 166, 204, 216, 531] (42)
10 : [17, 27, 53, 64, 245] (48)
11 : [11, 47, 387, 511] (42)
12 : [477, 553, 556, 566] (46)
13 : [107, 345, 353, 377, 425] (45)
14 : [299, 438, 479] (44)
15 : [22, 75, 91, 398, 418] (42)
16 : [179, 313, 369, 433, 488] (43)
17 : [142, 325, 338] (42)
18 : [194, 331, 344, 589] (46)
19 : [242, 272, 285, 467] (45)
20 : [391, 483, 496] (48)
21 : [135, 336, 570, 585] (41)
22 : [51, 221, 261, 264, 493, 501] (45)
23 : [7, 239, 548] (46)
24 : [] (0)
25 : [247, 279, 284, 302, 508, 512, 567, 593] (46)
26 : [177, 318] (49)
27 : [10, 286, 406, 424, 577] (45)
28 : [14, 110, 185, 218] (42)
29 : [236, 298, 407, 463] (46)
30 : [106, 238, 555] (49)
31 : [187, 225, 226] (46)
32 : [111, 134, 432, 550] (48)
33 : [119, 146, 492] (50)
34 : [74, 171, 255, 426, 520] (47)
35 : [191, 400] (45)
36 : [78, 280, 430] (45)
37 : [77, 101, 220, 294, 373, 417, 510] (49)
38 : [118, 329, 386, 506] (43)
39 : [149, 162, 190, 227, 320, 379, 412] (40)
40 : [384, 444] (41)
41 : [69, 346, 461, 518] (47)
42 : [31, 196, 246, 271, 324, 500] (41)
43 : [80, 557] (40)
44 : [350, 405] (50)
45 : [231, 274, 399, 450, 486] (47)
46 : [188, 207, 215, 462, 599] (52)
47 : [109, 258, 310, 576] (52)
48 : [147, 340, 502, 535] (49)
49 : [408, 411, 422, 423] (51)
50 : [49, 68, 263, 460, 564] (44)
51 : [54, 228, 475, 489] (50)
52 : [21, 229, 322, 357] (49)
53 : [164, 237, 375, 541] (48)
54 : [3, 55, 210, 434, 468] (52)
55 : [85, 224, 256, 464] (52)
56 : [170, 396, 487] (48)
57 : [259, 277, 533, 562] (45)
58 : [282, 321, 414] (45)
59 : [172, 309, 440] (47)
60 : [97, 525, 546] (47)
61 : [161, 505, 521] (48)
62 : [24, 88, 234, 328, 499] (45)
63 : [8, 66, 123, 175, 281, 356, 559] (41)
64 : [160, 205] (48)
65 : [84, 114, 209, 330, 374, 381] (48)
66 : [157, 180, 332, 443] (52)
67 : [197, 265] (53)
68 : [4, 174, 428, 429, 592] (51)
69 : [44, 230, 323, 591] (50)
70 : [25, 527] (49)
71 : [86, 128, 192, 544, 549, 586] (54)
72 : [13, 168, 474] (49)
73 : [32, 145, 409, 515] (49)
74 : [38, 367] (49)
75 : [71, 248, 251, 257, 288, 296, 517] (57)
76 : [35, 150, 416, 476, 482] (51)
77 : [200, 395] (52)
78 : [300, 342, 431] (52)
79 : [37, 117, 211, 419, 442, 563, 574, 598] (50)
80 : [178, 199, 360, 458] (51)
81 : [2, 19] (59)
82 : [12, 63, 552] (60)
83 : [235, 347, 388, 471] (57)
84 : [9, 20, 62, 154, 311, 522] (55)
85 : [93, 181, 287] (57)
86 : [43, 402, 495] (52)
87 : [72, 241, 267, 484, 504] (49)
88 : [167, 316, 437, 526, 543] (49)
89 : [100, 253, 390, 448, 451] (47)
90 : [378, 415] (49)
91 : [266, 365, 545, 584] (47)
92 : [132, 169, 203, 580] (47)
93 : [30, 138, 159, 507] (58)
94 : [33, 48, 270, 348, 352, 363] (54)
95 : [23, 29, 56, 349, 547] (55)
96 : [76, 189, 213, 392] (52)
97 : [195, 491] (65)
98 : [223, 524, 590] (53)
99 : [45, 144, 337, 427] (54)
100 : [65, 173, 278, 314] (59)
101 : [104, 184, 290, 326, 446] (60)
102 : [208, 222, 383, 509] (58)
103 : [133, 307, 538] (56)
104 : [83, 534, 575] (55)
105 : [155, 182, 219, 262, 579] (56)
106 : [70, 413, 453] (59)
107 : [81, 143, 198, 370] (51)
108 : [42, 73, 233] (50)
109 : [301, 317, 343, 439, 513, 530] (49)
110 : [202, 214, 572] (48)
111 : [15, 129, 176, 536, 561, 583] (43)
112 : [232, 351, 389] (60)
113 : [140, 186, 339, 372, 397] (56)
114 : [121, 249, 596] (58)
115 : [303, 364, 465, 597] (55)
116 : [95, 103, 108] (56)
117 : [39, 156, 358, 498, 516] (58)
118 : [87, 273, 459, 588] (61)
119 : [148, 158, 193, 376, 466, 514] (60)
120 : [36, 90, 125, 137, 276, 480] (61)
121 : [28, 293, 333, 595] (62)
122 : [52, 120, 136, 449, 532, 554] (60)
123 : [34, 60, 244, 385] (59)
124 : [122, 420, 457] (65)
125 : [151, 254, 305, 319] (65)
126 : [113, 354, 560] (59)
127 : [94, 212, 283, 291, 295, 394, 456, 537, 540] (60)
128 : [82, 153, 183, 252, 366, 410, 470] (58)
129 : [58, 240, 260] (57)
130 : [89, 201, 447, 472, 551] (57)
131 : [131, 152, 268, 485] (58)
132 : [0, 6, 312, 497] (54)
133 : [26, 327, 494, 542] (53)
134 : [57, 163, 206, 269, 335, 445, 452, 587] (51)
135 : [105, 292, 371, 404, 435] (54)
136 : [59, 79, 127, 243, 529] (55)
137 : [297, 308, 368, 469, 478] (60)
138 : [139, 380, 436, 490] (60)
139 : [250, 355, 455, 519] (60)
140 : [41, 50, 99, 275, 362, 565, 581] (61)
141 : [18, 102, 116, 165, 503] (62)
142 : [217, 304, 421] (59)
143 : [46, 67, 341, 382, 481, 523] (56)
