Name: 600-50-80
Time: 13.347171306610107 
Result: 4083
Solution:  45 14 102 20 64 62 2 12 74 98 77 72 65 4 94 55 19 57 19 35 22 44 12 102 5 70 83 88 30 95 55 84 98 36 13 0 57 76 99 80 45 49 71 36 23 2 85 32 90 35 17 13 78 95 52 83 34 28 59 0 105 2 96 84 12 85 69 66 95 45 67 3 72 43 27 82 81 50 107 38 15 41 60 79 79 3 61 62 83 55 65 40 26 3 30 62 77 4 50 70 96 97 105 73 27 94 12 92 94 31 106 4 87 76 102 77 23 82 66 69 10 68 102 83 90 34 5 52 51 30 65 10 26 49 3 60 51 9 66 24 30 101 9 19 70 74 63 110 39 43 90 65 21 37 1 33 41 51 59 64 41 24 11 87 36 27 87 31 105 92 22 56 35 66 72 72 50 74 97 92 80 57 14 48 67 81 99 11 79 32 70 54 93 81 94 88 94 86 79 103 106 28 47 100 51 83 13 48 54 52 86 28 93 81 25 37 63 15 61 49 1 25 95 19 42 46 12 55 106 73 58 15 101 89 21 67 37 58 103 29 62 24 57 103 12 3 83 44 72 74 1 61 72 97 42 70 59 76 104 39 87 48 56 93 41 37 5 29 98 80 106 58 71 40 71 74 31 63 108 63 92 76 29 18 106 80 56 104 84 110 53 100 73 30 67 1 97 39 45 31 71 108 100 102 99 24 84 13 108 86 68 73 69 58 16 25 15 109 20 28 85 19 71 110 80 1 32 70 46 3 94 94 91 42 43 78 10 70 8 78 52 38 19 87 51 63 84 43 11 4 96 86 21 29 89 82 11 104 43 88 95 96 69 45 63 51 86 37 60 109 91 100 53 97 45 85 7 100 26 5 31 39 91 1 8 3 83 110 81 42 26 63 109 2 44 65 4 76 109 31 53 91 110 8 7 108 73 80 58 94 10 41 103 9 67 26 23 12 22 90 104 83 107 1 100 57 96 88 81 18 16 5 54 14 22 110 101 50 12 107 100 51 40 110 84 22 90 59 61 26 106 63 72 79 20 64 89 53 92 86 41 103 81 82 40 74 37 17 52 76 31 27 102 57 41 87 100 8 106 18 85 77 22 67 65 17 30 7 39 45 63 18 52 34 32 5 32 44 107 49 16 38 52 46 98 85 51 91 17 110 19 75 104 22 105 4 15 65 91 19 80 48 84 35 85 27 63 103 98 110 62 91 70 64 73 16 35 109 77 89 77 102 34 51 40 42 7 2 17 27 103 71 75 98 75 38 57 64 102 33 20 78 20 87 97 39 59 89 16 56 3 92 24 94 64 100 96 75 36 22 23 102 68 25 37 74 50 53 51 103 14 110 47 10 86 0 99 5 7 10
0 : [35, 59, 595] (55)
1 : [154, 220, 250, 295, 325, 383, 423] (56)
2 : [6, 45, 61, 393, 547] (58)
3 : [71, 85, 93, 134, 245, 329, 385, 570] (57)
4 : [13, 97, 111, 349, 396, 515] (57)
5 : [24, 126, 266, 379, 431, 495, 597] (69)
6 : [] (0)
7 : [376, 404, 487, 546, 598] (56)
8 : [338, 384, 403, 477] (52)
9 : [137, 142, 413] (54)
10 : [120, 131, 336, 410, 593, 599] (53)
11 : [162, 187, 348, 356] (50)
12 : [7, 22, 64, 106, 226, 244, 417, 438] (50)
13 : [34, 51, 206, 307] (53)
14 : [1, 182, 433, 590] (53)
15 : [80, 217, 231, 316, 516] (52)
16 : [314, 430, 500, 535, 568] (57)
17 : [50, 467, 485, 508, 548] (54)
18 : [283, 429, 479, 491] (54)
19 : [16, 18, 143, 223, 321, 342, 510, 519] (54)
20 : [3, 318, 454, 560, 562] (50)
21 : [152, 234, 352] (53)
22 : [20, 170, 418, 434, 445, 482, 513, 579] (57)
23 : [44, 116, 416, 580] (60)
24 : [139, 161, 241, 305, 572] (50)
25 : [214, 221, 315, 583] (58)
26 : [92, 132, 378, 390, 415, 449] (57)
27 : [74, 104, 165, 471, 525, 549] (56)
28 : [57, 201, 211, 319] (59)
29 : [239, 267, 282, 353] (60)
30 : [28, 94, 129, 140, 293, 486] (59)
31 : [109, 167, 276, 299, 380, 399, 470] (59)
32 : [47, 189, 326, 494, 496] (60)
33 : [155, 559] (62)
34 : [56, 125, 493, 542] (64)
35 : [19, 49, 172, 523, 536] (61)
36 : [33, 43, 164, 578] (64)
37 : [153, 215, 236, 265, 367, 466, 584] (60)
38 : [79, 341, 501, 555] (62)
39 : [148, 259, 297, 381, 488, 565] (63)
40 : [91, 273, 442, 464, 544] (61)
41 : [81, 156, 160, 264, 411, 460, 474] (61)
42 : [224, 254, 333, 389, 545] (61)
43 : [73, 149, 334, 347, 358] (63)
44 : [21, 247, 394, 497] (66)
45 : [0, 40, 69, 298, 363, 374, 489] (60)
46 : [225, 328, 503] (59)
47 : [202, 592] (64)
48 : [183, 207, 261, 521] (67)
49 : [41, 133, 219, 499] (65)
50 : [77, 98, 176, 437, 586] (61)
51 : [128, 136, 157, 204, 344, 365, 441, 506, 543, 588] (56)
52 : [54, 127, 209, 340, 468, 492, 502] (53)
53 : [290, 372, 400, 457, 587] (58)
54 : [191, 208, 432] (73)
55 : [15, 30, 89, 227] (66)
56 : [171, 262, 286, 569] (66)
57 : [17, 36, 181, 242, 425, 473, 556] (66)
58 : [230, 237, 271, 313, 408] (66)
59 : [58, 158, 256, 447, 566] (68)
60 : [82, 135, 368] (68)
61 : [86, 218, 251, 448] (70)
62 : [5, 87, 95, 240, 530] (64)
63 : [146, 216, 277, 279, 345, 364, 391, 451, 490, 526] (64)
64 : [4, 159, 455, 533, 557, 574] (64)
65 : [12, 90, 130, 151, 395, 484, 517] (65)
66 : [67, 118, 138, 173] (76)
67 : [70, 184, 235, 294, 414, 483] (70)
68 : [121, 310, 582] (70)
69 : [66, 119, 312, 362] (71)
70 : [25, 99, 144, 190, 255, 327, 337, 532] (67)
71 : [42, 272, 274, 300, 322, 551] (72)
72 : [11, 72, 174, 175, 248, 252, 452] (71)
73 : [103, 229, 292, 311, 406, 534] (76)
74 : [8, 145, 177, 249, 275, 465, 585] (73)
75 : [511, 552, 554, 577] (76)
76 : [37, 113, 257, 281, 397, 469] (74)
77 : [10, 96, 115, 481, 538, 540] (73)
78 : [52, 335, 339, 561] (75)
79 : [83, 84, 188, 198, 453] (77)
80 : [39, 180, 269, 285, 324, 407, 520] (75)
81 : [76, 185, 193, 213, 388, 428, 462] (75)
82 : [75, 117, 355, 463] (75)
83 : [26, 55, 88, 123, 205, 246, 386, 421] (74)
84 : [31, 63, 288, 306, 346, 444, 522] (75)
85 : [46, 65, 320, 375, 480, 505, 524] (71)
86 : [197, 210, 309, 351, 366, 459, 594] (76)
87 : [112, 163, 166, 260, 343, 475, 563] (74)
88 : [27, 195, 359, 427] (75)
89 : [233, 354, 456, 539, 567] (74)
90 : [48, 124, 150, 419, 446] (74)
91 : [332, 370, 382, 401, 507, 518, 531] (75)
92 : [107, 169, 179, 280, 458, 571] (80)
93 : [192, 212, 263] (76)
94 : [14, 105, 108, 194, 196, 330, 331, 409, 573] (76)
95 : [29, 53, 68, 222, 360] (77)
96 : [62, 100, 350, 361, 426, 576] (79)
97 : [101, 178, 253, 296, 373, 564] (79)
98 : [9, 32, 268, 504, 528, 553] (77)
99 : [38, 186, 304, 596] (79)
100 : [203, 291, 302, 371, 377, 424, 440, 476, 575] (78)
101 : [141, 232, 436] (78)
102 : [2, 23, 114, 122, 303, 472, 541, 558, 581] (76)
103 : [199, 238, 243, 412, 461, 527, 550, 589] (76)
104 : [258, 287, 357, 420, 512] (79)
105 : [60, 102, 168, 514] (77)
106 : [110, 200, 228, 270, 284, 450, 478] (77)
107 : [78, 422, 439, 498] (81)
108 : [278, 301, 308, 405] (79)
109 : [317, 369, 392, 398, 537] (83)
110 : [147, 289, 323, 387, 402, 435, 443, 509, 529, 591] (77)
