Name: 600-20-30
Time: 13.67073655128479 
Result: 2031
Solution:  107 2 31 51 28 60 78 46 80 35 49 66 56 89 115 4 54 42 122 91 15 19 109 14 46 105 95 102 33 42 105 46 98 79 32 100 83 84 42 120 60 99 71 13 87 41 85 97 90 59 19 52 85 87 88 64 34 50 63 13 67 80 57 43 36 99 90 22 14 110 112 75 15 63 48 110 46 65 97 8 70 68 104 15 17 6 51 63 42 40 91 93 2 22 116 104 41 8 39 36 59 53 83 29 9 77 88 76 69 97 50 91 106 17 42 54 81 44 102 15 120 33 6 86 26 108 20 106 104 11 62 94 5 52 4 51 46 57 67 30 66 15 65 69 77 117 45 30 98 37 41 18 84 91 36 52 100 21 88 59 38 104 26 111 80 89 21 9 40 88 74 61 82 82 50 70 119 56 95 44 50 34 101 20 31 77 118 74 75 109 67 29 113 70 19 32 93 16 22 92 7 47 68 50 26 49 38 77 103 6 39 105 115 104 45 29 35 29 28 44 32 20 83 117 123 69 25 61 44 92 2 0 95 59 78 102 55 98 6 7 11 53 12 113 85 70 0 73 3 57 76 58 113 118 117 100 9 6 72 32 37 115 76 60 120 51 118 81 45 12 114 20 114 21 67 66 26 82 21 108 66 104 104 75 56 30 82 117 32 121 61 112 2 57 60 105 89 116 106 5 67 121 15 81 13 114 116 76 51 24 2 51 73 10 19 69 54 76 94 49 70 96 25 24 90 47 42 93 35 24 24 123 7 112 59 102 100 40 16 106 73 122 55 38 79 108 31 86 49 97 61 57 95 39 94 54 93 78 35 48 16 67 88 86 103 62 55 113 83 80 108 23 23 99 20 13 23 33 84 72 120 79 121 116 122 81 95 119 10 111 28 119 81 103 110 34 16 76 116 87 96 109 56 101 94 71 37 34 47 119 95 8 66 65 111 85 107 86 116 98 68 103 82 10 5 58 33 102 121 114 79 65 122 51 96 12 37 109 12 85 20 75 120 24 107 118 40 15 121 49 92 122 59 63 89 62 10 16 10 58 83 18 4 37 43 47 29 26 2 75 84 39 120 74 112 49 107 29 64 43 22 56 62 95 73 113 72 25 2 116 3 94 109 6 61 80 72 78 28 73 99 46 50 74 42 23 52 0 64 106 87 61 30 47 64 12 69 33 35 58 123 13 64 2 17 92 115 78 116 22 92 71 35 18 57 7 98 41 93 24 27 101 110 111 121 41 123 34 102 91 76 7 73 90 30 87 61 52 88 40 27 68 101 45 29 66 97 107 0 80 42 38 98 86 8 40 45 52 27 27 111 58 32 105 86 68 48 26 3 119 53 55 110 101 25 109 71 72 26 5
0 : [231, 246, 507, 568] (24)
1 : [] (0)
2 : [1, 92, 230, 292, 310, 468, 488, 523] (30)
3 : [248, 490, 588] (20)
4 : [15, 134, 462] (20)
5 : [132, 299, 424, 599] (22)
6 : [85, 122, 209, 238, 257, 493] (20)
7 : [200, 239, 332, 535, 551] (22)
8 : [79, 97, 411, 574] (21)
9 : [104, 167, 256] (23)
10 : [313, 388, 423, 456, 458] (20)
11 : [129, 240] (21)
12 : [242, 269, 435, 438, 515] (21)
13 : [43, 59, 304, 375, 521] (23)
14 : [23, 68] (20)
15 : [20, 72, 83, 119, 141, 302, 447] (20)
16 : [197, 338, 360, 396, 457] (22)
17 : [84, 113, 524] (22)
18 : [151, 461, 533] (20)
19 : [21, 50, 194, 314] (22)
20 : [126, 183, 221, 271, 374, 440] (22)
21 : [157, 166, 273, 278] (20)
22 : [67, 93, 198, 480, 529] (22)
23 : [371, 372, 376, 505] (20)
24 : [309, 323, 329, 330, 443, 539] (20)
25 : [226, 322, 487, 594] (20)
26 : [124, 162, 204, 276, 467, 587, 598] (20)
27 : [540, 560, 578, 579] (23)
28 : [4, 218, 390, 498] (21)
29 : [103, 191, 215, 217, 466, 477, 564] (21)
30 : [139, 147, 285, 512, 554] (21)
31 : [2, 184, 346] (23)
32 : [34, 195, 220, 259, 288, 582] (24)
33 : [28, 121, 377, 426, 517] (24)
34 : [56, 181, 395, 407, 547] (23)
35 : [9, 216, 328, 358, 518, 532] (22)
36 : [64, 99, 154] (24)
37 : [149, 260, 406, 436, 463] (23)
38 : [160, 206, 343, 571] (22)
39 : [98, 210, 353, 471] (22)
40 : [89, 168, 337, 446, 559, 575] (21)
41 : [45, 96, 150, 537, 545] (22)
42 : [17, 29, 38, 88, 114, 326, 504, 570] (22)
43 : [63, 464, 479] (25)
44 : [117, 179, 219, 228] (26)
45 : [146, 214, 268, 563, 576] (24)
46 : [7, 24, 31, 76, 136, 501] (24)
47 : [201, 325, 408, 465, 513] (24)
48 : [74, 359, 586] (23)
49 : [10, 205, 319, 348, 449, 475] (22)
50 : [57, 110, 174, 180, 203, 502] (23)
51 : [3, 86, 135, 265, 308, 311, 433] (22)
52 : [51, 133, 155, 506, 557, 577] (24)
53 : [101, 241, 590] (23)
54 : [16, 115, 316, 355] (24)
55 : [236, 342, 366, 591] (26)
56 : [12, 177, 284, 402, 481] (25)
57 : [62, 137, 249, 293, 351, 534] (24)
58 : [251, 425, 459, 519, 581] (26)
59 : [49, 100, 159, 233, 334, 452] (27)
60 : [5, 40, 263, 294] (27)
61 : [171, 227, 290, 350, 494, 511, 556] (26)
62 : [130, 365, 455, 482] (26)
63 : [58, 73, 87, 453] (25)
64 : [55, 478, 508, 514, 522] (25)
65 : [77, 142, 413, 431] (25)
66 : [11, 140, 275, 280, 412, 565] (25)
67 : [60, 138, 190, 274, 300, 361] (25)
68 : [81, 202, 420, 561, 585] (25)
69 : [108, 143, 225, 315, 516] (25)
70 : [80, 175, 193, 245, 320] (26)
71 : [42, 405, 531, 596] (30)
72 : [258, 379, 486, 496, 597] (27)
73 : [247, 312, 340, 484, 499, 552] (28)
74 : [170, 187, 473, 503] (28)
75 : [71, 188, 283, 441, 469] (26)
76 : [107, 250, 262, 307, 317, 397, 550] (27)
77 : [105, 144, 185, 207] (27)
78 : [6, 234, 357, 497, 527] (26)
79 : [33, 344, 381, 430] (28)
80 : [8, 61, 164, 369, 495, 569] (27)
81 : [116, 267, 303, 385, 392] (27)
82 : [172, 173, 277, 286, 422] (28)
83 : [36, 102, 222, 368, 460] (26)
84 : [37, 152, 378, 470] (26)
85 : [46, 52, 244, 415, 439] (26)
86 : [123, 347, 363, 417, 573, 584] (26)
87 : [44, 53, 399, 510, 555] (26)
88 : [54, 106, 158, 169, 362, 558] (27)
89 : [13, 165, 296, 454] (27)
90 : [48, 66, 324, 553] (28)
91 : [19, 90, 111, 153, 549] (28)
92 : [199, 229, 450, 525, 530] (28)
93 : [91, 196, 327, 356, 538] (29)
94 : [131, 318, 354, 404, 491] (30)
95 : [26, 178, 232, 352, 386, 410, 483] (28)
96 : [321, 400, 434] (29)
97 : [47, 78, 109, 349, 566] (28)
98 : [32, 148, 237, 419, 536, 572] (29)
99 : [41, 65, 373, 500] (29)
100 : [35, 156, 255, 336] (28)
101 : [182, 403, 541, 562, 593] (28)
102 : [27, 118, 235, 335, 427, 548] (28)
103 : [208, 364, 393, 421] (29)
104 : [82, 95, 128, 161, 213, 281, 282] (29)
105 : [25, 30, 211, 295, 583] (28)
106 : [112, 127, 298, 339, 509] (29)
107 : [0, 416, 444, 476, 567] (28)
108 : [125, 279, 345, 370] (29)
109 : [22, 189, 401, 437, 492, 595] (30)
110 : [69, 75, 394, 542, 592] (30)
111 : [163, 389, 414, 543, 580] (30)
112 : [70, 291, 333, 474] (29)
113 : [192, 243, 252, 367, 485] (30)
114 : [270, 272, 305, 429] (31)
115 : [14, 212, 261, 526] (30)
116 : [94, 297, 306, 383, 398, 418, 489, 528] (29)
117 : [145, 223, 254, 287] (29)
118 : [186, 253, 266, 445] (29)
119 : [176, 387, 391, 409, 589] (30)
120 : [39, 120, 264, 380, 442, 472] (30)
121 : [289, 301, 382, 428, 448, 544] (30)
122 : [18, 341, 384, 432, 451] (31)
123 : [224, 331, 520, 546] (30)
