Name: 600-20-30
Time: 13.755911111831665 
Result: 3032
Solution:  106 0 31 52 28 60 79 47 80 35 49 65 58 89 115 2 54 43 122 89 17 22 107 15 42 103 94 101 33 45 106 46 96 83 33 100 85 83 42 120 62 100 71 13 86 40 84 95 90 60 25 53 83 86 89 65 30 50 62 12 66 79 56 43 36 101 92 21 14 110 115 75 14 62 48 107 47 66 101 8 70 65 105 16 17 6 51 64 43 39 89 93 2 21 117 104 41 10 39 38 60 55 84 30 9 77 89 76 70 97 50 93 105 17 43 54 82 44 103 16 121 36 6 86 27 109 24 106 107 12 60 94 3 52 5 51 44 54 64 29 67 15 63 69 78 117 44 29 98 31 42 18 85 91 34 52 96 20 86 59 38 105 26 112 80 87 20 9 38 87 75 61 82 84 49 70 119 57 91 45 50 35 101 20 31 75 118 74 74 111 66 29 111 71 19 38 91 16 23 93 5 47 68 46 25 49 37 77 103 6 39 103 112 104 46 28 36 30 28 45 32 21 83 120 123 69 25 61 44 92 2 0 96 65 79 100 57 98 5 7 11 52 12 114 85 70 0 73 3 58 78 60 110 118 115 100 9 6 72 31 37 116 78 61 123 52 117 81 45 11 114 18 115 24 68 68 27 82 23 109 66 107 102 79 57 30 84 116 32 123 61 109 3 54 60 104 93 113 107 6 65 121 16 81 13 116 115 78 52 21 4 51 72 10 19 69 53 75 93 49 70 96 26 24 90 47 40 94 32 25 25 119 8 113 59 99 99 39 16 107 77 120 55 38 79 108 32 87 49 99 58 57 95 40 94 54 93 76 35 45 14 63 88 85 104 62 53 113 83 80 108 22 23 96 20 15 23 34 82 73 121 78 121 116 122 82 93 119 10 111 29 121 81 105 112 33 16 78 117 86 96 105 56 98 95 69 36 34 47 118 92 10 64 63 113 84 106 87 117 97 72 102 78 10 5 59 33 101 120 114 80 65 122 52 97 12 36 108 13 79 20 73 118 24 110 118 41 16 120 49 92 123 63 64 88 62 8 17 10 58 83 18 4 37 42 50 31 25 2 75 84 39 123 72 113 48 106 30 63 42 22 56 67 95 74 111 73 26 2 112 4 95 109 7 61 80 71 76 27 73 99 46 50 74 40 25 51 0 65 104 89 62 29 44 64 13 69 35 35 59 122 13 62 2 19 92 116 81 116 21 91 71 33 19 55 7 98 39 94 21 26 99 109 111 119 41 123 34 102 91 77 8 71 90 30 87 58 52 88 41 27 67 102 47 29 67 95 110 0 79 40 39 99 86 11 40 45 51 28 27 110 57 31 105 89 68 48 26 4 117 53 56 111 100 23 108 74 72 24 5
0 : [1, 231, 246, 507, 568] (29)
1 : [] (0)
2 : [15, 92, 230, 468, 488, 523] (20)
3 : [132, 248, 292] (20)
4 : [310, 462, 490, 588] (20)
5 : [134, 200, 238, 424, 599] (20)
6 : [85, 122, 209, 257, 299] (20)
7 : [239, 493, 535] (22)
8 : [79, 332, 456, 551] (23)
9 : [104, 167, 256] (23)
10 : [97, 313, 388, 411, 423, 458] (20)
11 : [240, 269, 574] (20)
12 : [59, 129, 242, 435] (20)
13 : [43, 304, 438, 515, 521] (22)
14 : [68, 72, 360] (22)
15 : [23, 141, 375] (22)
16 : [83, 119, 197, 302, 338, 396, 447] (22)
17 : [20, 84, 113, 457] (21)
18 : [151, 271, 461] (25)
19 : [194, 314, 524, 533] (23)
20 : [157, 166, 183, 374, 440] (20)
21 : [67, 93, 221, 309, 529, 539] (21)
22 : [21, 371, 480] (20)
23 : [198, 278, 372, 376, 594] (22)
24 : [126, 273, 323, 443, 598] (20)
25 : [50, 204, 226, 329, 330, 467, 505] (20)
26 : [162, 322, 487, 540, 587] (20)
27 : [124, 276, 498, 560, 579] (22)
28 : [4, 215, 218, 578] (20)
29 : [139, 147, 191, 390, 512, 564] (21)
30 : [56, 103, 217, 285, 477, 554] (20)
31 : [2, 149, 184, 259, 466, 582] (23)
32 : [220, 288, 328, 346] (27)
33 : [28, 34, 395, 426, 532] (23)
34 : [154, 377, 407, 547] (25)
35 : [9, 181, 358, 517, 518] (21)
36 : [64, 121, 216, 406, 436] (24)
37 : [206, 260, 463] (24)
38 : [99, 160, 168, 195, 343] (25)
39 : [89, 98, 210, 337, 471, 537, 571] (23)
40 : [45, 326, 353, 504, 570, 575] (22)
41 : [96, 446, 545, 559] (22)
42 : [24, 38, 150, 464, 479] (23)
43 : [17, 63, 88, 114] (22)
44 : [117, 136, 146, 228, 513] (22)
45 : [29, 179, 219, 268, 359, 576] (24)
46 : [31, 203, 214, 501] (25)
47 : [7, 76, 201, 325, 408, 563] (24)
48 : [74, 475, 586] (23)
49 : [10, 174, 205, 319, 348, 449] (22)
50 : [57, 110, 180, 465, 502] (22)
51 : [86, 135, 311, 506, 577] (23)
52 : [3, 133, 155, 241, 265, 308, 433, 557] (22)
53 : [51, 316, 366, 590] (23)
54 : [16, 115, 137, 293, 355] (22)
55 : [101, 342, 534] (24)
56 : [62, 402, 481, 591] (29)
57 : [177, 236, 284, 351, 581] (22)
58 : [12, 249, 350, 459, 556] (29)
59 : [159, 334, 425, 519] (26)
60 : [5, 49, 100, 130, 251, 294] (27)
61 : [171, 227, 263, 290, 494] (24)
62 : [40, 58, 73, 365, 455, 511, 522] (29)
63 : [142, 361, 413, 452, 478] (30)
64 : [87, 138, 412, 453, 514] (25)
65 : [11, 55, 81, 233, 300, 431, 508] (21)
66 : [60, 77, 190, 280] (25)
67 : [140, 482, 561, 565] (25)
68 : [202, 274, 275, 585] (22)
69 : [143, 225, 315, 405, 516] (26)
70 : [80, 108, 175, 245, 320] (29)
71 : [42, 193, 496, 531, 552] (28)
72 : [258, 312, 420, 473, 597] (27)
73 : [247, 379, 441, 486, 499] (26)
74 : [187, 188, 484, 503, 596] (28)
75 : [71, 170, 185, 317, 469] (28)
76 : [107, 357, 497] (27)
77 : [105, 207, 340, 550] (29)
78 : [144, 250, 262, 307, 381, 397, 422] (27)
79 : [6, 61, 234, 283, 344, 439, 569] (25)
80 : [8, 164, 369, 430, 495] (27)
81 : [267, 303, 392, 527] (25)
82 : [116, 172, 277, 378, 385] (27)
83 : [33, 37, 52, 222, 368, 460] (27)
84 : [46, 102, 173, 286, 415, 470] (28)
85 : [36, 152, 244, 363] (28)
86 : [44, 53, 123, 158, 399, 573] (29)
87 : [165, 169, 347, 417, 555] (29)
88 : [362, 454, 558] (30)
89 : [13, 19, 54, 90, 106, 510, 584] (30)
90 : [48, 324, 553] (26)
91 : [153, 178, 196, 530, 549] (27)
92 : [66, 229, 410, 450, 525] (27)
93 : [91, 111, 199, 296, 318, 356, 386] (27)
94 : [26, 131, 327, 354, 538] (28)
95 : [47, 352, 404, 483, 491, 566] (27)
96 : [32, 156, 232, 321, 373, 400] (28)
97 : [109, 419, 434] (28)
98 : [148, 237, 403, 536] (29)
99 : [335, 336, 349, 500, 541, 572] (28)
100 : [35, 41, 235, 255, 593] (30)
101 : [27, 65, 78, 182, 427] (30)
102 : [282, 421, 548, 562] (28)
103 : [25, 118, 208, 211] (28)
104 : [95, 213, 295, 364, 509] (30)
105 : [82, 112, 161, 393, 401, 583] (28)
106 : [0, 30, 127, 416, 476] (31)
107 : [22, 75, 128, 281, 298, 339] (30)
108 : [345, 370, 437, 595] (28)
109 : [125, 279, 291, 492, 542] (29)
110 : [69, 252, 444, 567, 580] (29)
111 : [189, 192, 389, 485, 543, 592] (29)
112 : [163, 212, 394, 489] (29)
113 : [297, 333, 367, 414, 474] (30)
114 : [243, 270, 429] (29)
115 : [14, 70, 254, 272, 306] (29)
116 : [261, 287, 305, 383, 526, 528] (29)
117 : [94, 145, 266, 398, 418, 589] (29)
118 : [186, 253, 409, 442, 445] (29)
119 : [176, 331, 387, 544] (30)
120 : [39, 223, 341, 428, 448] (28)
121 : [120, 301, 380, 382, 391] (29)
122 : [18, 384, 432, 520] (32)
123 : [224, 264, 289, 451, 472, 546] (28)
