Name: 600-50-80
Time: 13.314452171325684 
Result: 7082
Solution:  47 14 103 22 65 58 3 9 74 100 76 73 65 4 94 55 20 55 19 37 21 43 13 98 7 72 80 87 30 95 55 84 98 36 13 0 60 76 97 81 45 48 70 36 23 1 86 32 90 34 18 15 83 95 54 85 34 30 57 0 103 1 93 87 7 86 69 67 94 45 67 2 75 45 24 83 82 50 107 38 15 41 59 79 79 2 60 62 81 55 64 40 26 3 30 63 78 4 49 71 98 98 105 74 26 94 13 92 94 31 108 7 86 76 100 77 26 85 68 68 11 69 98 85 94 35 5 54 51 30 65 8 30 47 2 61 51 10 66 22 32 99 7 18 66 77 63 110 41 43 93 66 20 37 1 31 41 47 62 63 41 24 11 91 35 27 88 28 105 91 19 56 36 65 70 73 50 77 96 91 78 59 14 45 67 80 99 12 79 33 70 54 92 81 92 89 95 86 81 102 104 28 52 101 51 81 12 48 50 52 84 32 93 82 26 40 63 15 59 49 2 25 95 17 41 43 13 55 106 74 57 13 102 89 23 71 39 58 103 29 63 23 56 105 10 5 82 44 73 75 0 61 72 97 42 73 58 75 101 37 84 48 56 93 41 40 3 30 98 81 106 57 71 40 71 73 29 60 108 63 89 77 29 19 106 81 56 104 83 110 54 100 68 28 66 1 98 38 46 32 73 108 100 101 99 22 85 11 108 88 66 74 72 59 16 25 14 109 20 27 85 18 70 109 80 2 30 72 46 3 96 94 94 42 46 80 13 70 7 78 52 37 16 87 51 63 80 44 11 3 97 85 23 28 89 79 13 106 43 88 97 94 69 46 63 48 84 34 64 109 94 102 54 98 48 84 8 100 26 5 29 39 94 2 8 3 83 110 81 43 25 61 109 2 44 65 4 76 109 30 53 92 110 11 11 109 73 80 59 95 5 39 103 9 69 22 21 11 24 90 101 82 106 1 100 58 96 88 82 19 17 5 54 14 22 110 101 47 13 107 98 52 37 110 84 22 88 59 60 26 105 62 71 78 16 64 90 52 92 86 42 104 81 86 41 73 36 16 53 75 32 27 104 60 40 87 105 10 105 17 85 76 27 66 64 16 32 8 38 46 63 18 51 35 32 5 32 44 107 49 17 38 52 46 95 80 49 91 18 110 20 77 103 21 105 3 17 67 88 22 81 53 84 35 82 27 63 105 97 110 57 91 70 64 73 16 36 107 76 88 77 104 33 48 39 42 5 2 15 27 104 75 75 96 74 38 55 64 104 33 22 79 21 90 97 38 59 87 18 56 3 93 21 93 62 99 96 72 36 27 19 101 68 25 37 76 51 54 50 105 15 110 47 9 87 0 102 5 9 9
0 : [35, 59, 250, 595] (61)
1 : [45, 61, 154, 295, 423] (56)
2 : [71, 85, 134, 220, 325, 383, 393, 547] (57)
3 : [6, 93, 266, 329, 349, 385, 515, 570] (54)
4 : [13, 97, 396] (53)
5 : [126, 245, 379, 410, 431, 495, 546, 597] (66)
6 : [] (0)
7 : [24, 64, 111, 142, 338] (53)
8 : [131, 376, 384, 487] (55)
9 : [7, 413, 593, 598, 599] (55)
10 : [137, 244, 477] (55)
11 : [120, 162, 307, 348, 403, 404, 417] (51)
12 : [187, 206] (53)
13 : [22, 34, 106, 226, 231, 336, 356, 438] (52)
14 : [1, 182, 316, 433] (50)
15 : [51, 80, 217, 548, 590] (55)
16 : [314, 342, 454, 467, 485, 535] (51)
17 : [223, 430, 479, 500, 516] (53)
18 : [50, 143, 321, 491, 508, 568] (53)
19 : [18, 170, 283, 429, 580] (54)
20 : [16, 152, 318, 510] (58)
21 : [20, 416, 513, 562, 572] (57)
22 : [3, 139, 305, 415, 434, 445, 519, 560] (56)
23 : [44, 234, 241, 352] (66)
24 : [74, 161, 418] (58)
25 : [221, 315, 390, 583] (56)
26 : [92, 104, 116, 214, 378, 449] (56)
27 : [165, 319, 471, 482, 525, 549, 579] (58)
28 : [167, 201, 293, 353] (61)
29 : [239, 276, 282, 380] (60)
30 : [28, 57, 94, 129, 132, 267, 326, 399] (59)
31 : [109, 155] (59)
32 : [47, 140, 211, 299, 470, 486, 494, 496] (59)
33 : [189, 542, 559] (59)
34 : [49, 56, 367] (59)
35 : [125, 164, 493, 523] (59)
36 : [33, 43, 172, 466, 536, 578] (61)
37 : [19, 153, 259, 341, 442, 584] (60)
38 : [79, 297, 488, 501, 555, 565] (66)
39 : [236, 381, 411, 544] (54)
40 : [91, 215, 265, 273, 474] (60)
41 : [81, 148, 156, 160, 224, 264, 464] (61)
42 : [254, 333, 460, 545] (61)
43 : [21, 149, 225, 358, 389] (61)
44 : [247, 347, 394, 497] (61)
45 : [40, 69, 73, 183] (63)
46 : [298, 328, 334, 363, 489, 503] (58)
47 : [0, 133, 157, 437, 592] (58)
48 : [41, 207, 261, 365, 374, 543] (61)
49 : [98, 219, 499, 506] (61)
50 : [77, 176, 208, 588] (61)
51 : [128, 136, 204, 344, 492, 586] (53)
52 : [202, 209, 340, 441, 457, 502] (78)
53 : [400, 468, 521] (66)
54 : [54, 127, 191, 290, 372, 432, 587] (65)
55 : [15, 17, 30, 89, 227, 556] (68)
56 : [171, 242, 262, 286, 569] (69)
57 : [58, 230, 271, 530] (70)
58 : [5, 237, 256, 425] (67)
59 : [82, 181, 218, 313, 408, 447, 566] (69)
60 : [36, 86, 277, 448, 473] (73)
61 : [135, 251, 391] (65)
62 : [87, 158, 451, 574] (66)
63 : [95, 146, 159, 216, 240, 279, 345, 364, 490, 526] (58)
64 : [90, 368, 455, 484, 533, 557] (67)
65 : [4, 12, 130, 173, 395] (70)
66 : [138, 144, 151, 294, 310, 483] (70)
67 : [67, 70, 184, 517] (67)
68 : [118, 119, 292, 582] (71)
69 : [66, 121, 362, 414] (70)
70 : [42, 174, 190, 322, 337, 532] (66)
71 : [99, 235, 272, 274, 452] (65)
72 : [25, 252, 312, 327, 577] (67)
73 : [11, 175, 248, 255, 275, 300, 406, 465, 534] (67)
74 : [8, 103, 229, 311, 554] (69)
75 : [72, 249, 257, 469, 551, 552] (68)
76 : [10, 37, 113, 397, 481, 538, 585] (69)
77 : [115, 145, 177, 281, 511, 540] (71)
78 : [96, 180, 339, 453] (72)
79 : [83, 84, 188, 355, 561] (75)
80 : [26, 185, 324, 335, 346, 407, 505] (72)
81 : [39, 88, 193, 198, 205, 269, 285, 388, 462, 520] (73)
82 : [76, 213, 246, 421, 428, 524] (79)
83 : [52, 75, 288, 386] (77)
84 : [31, 210, 260, 366, 375, 444, 522] (75)
85 : [55, 117, 123, 306, 320, 351, 480] (78)
86 : [46, 65, 112, 197, 459, 463] (76)
87 : [27, 63, 343, 475, 567, 594] (81)
88 : [166, 309, 359, 427, 446, 518, 539] (80)
89 : [195, 233, 280, 354] (79)
90 : [48, 419, 456, 563] (79)
91 : [163, 169, 179, 507, 531] (79)
92 : [107, 192, 194, 401, 458] (70)
93 : [62, 150, 212, 263, 571, 573] (80)
94 : [14, 68, 105, 108, 124, 331, 332, 361, 370, 382] (78)
95 : [29, 53, 196, 222, 409, 504] (79)
96 : [178, 330, 426, 553, 576] (79)
97 : [38, 253, 350, 360, 528, 564] (81)
98 : [23, 32, 100, 101, 122, 268, 296, 373, 440] (80)
99 : [141, 186, 304, 575] (81)
100 : [9, 114, 291, 302, 377, 424] (80)
101 : [203, 258, 303, 420, 436, 581] (82)
102 : [199, 232, 371, 596] (82)
103 : [2, 60, 238, 412, 512] (76)
104 : [200, 287, 461, 472, 541, 550, 558] (78)
105 : [102, 168, 243, 450, 476, 478, 514, 527, 589] (76)
106 : [228, 270, 284, 357, 422] (79)
107 : [78, 439, 498, 537] (79)
108 : [110, 278, 301, 308] (78)
109 : [317, 323, 369, 392, 398, 405] (75)
110 : [147, 289, 387, 402, 435, 443, 509, 529, 591] (75)
