Name: 600-20-30
Time: 13.760835647583008 
Result: 6033
Solution:  105 2 33 52 28 60 78 47 82 36 46 67 61 87 115 4 54 45 122 91 15 20 107 14 42 104 94 101 33 42 105 46 101 81 32 101 84 83 43 121 64 102 70 16 88 41 85 97 90 60 21 53 83 88 86 64 31 50 64 12 66 81 57 44 34 101 90 22 13 110 112 74 15 62 48 111 47 69 102 8 69 67 108 15 17 6 52 61 42 43 91 93 2 21 116 103 41 5 39 38 60 55 81 30 9 77 87 75 70 99 50 91 106 16 44 55 82 43 100 15 117 36 10 86 25 109 24 106 105 12 60 96 4 53 4 52 44 54 65 29 68 14 63 69 76 117 43 30 99 31 42 16 87 92 36 53 99 20 86 59 39 103 27 111 83 89 20 9 39 87 71 58 84 82 50 72 119 56 95 44 50 34 101 19 30 76 118 76 75 110 67 29 113 73 19 32 93 17 24 96 8 47 68 46 26 49 38 77 103 3 39 106 112 101 42 29 34 31 28 46 33 22 83 120 123 70 29 61 45 92 3 0 93 63 78 103 54 99 3 6 8 53 11 113 85 70 3 73 6 58 76 60 109 118 117 98 9 8 71 31 37 114 76 62 120 50 117 81 43 12 115 21 115 23 67 68 27 82 22 107 66 104 102 79 55 30 81 116 31 121 61 110 5 54 60 106 89 113 108 7 67 120 17 83 13 116 116 78 50 24 3 52 71 12 19 67 53 74 94 49 70 96 25 24 89 47 38 91 35 26 24 123 6 113 59 100 100 41 16 110 73 122 55 38 79 106 32 86 51 98 59 58 96 40 95 54 92 77 35 46 15 66 88 85 104 63 56 115 83 80 107 23 23 96 19 11 23 35 84 73 120 79 119 116 122 80 96 119 11 109 28 121 78 105 112 36 18 78 117 85 97 105 56 100 94 71 34 31 48 118 93 10 66 63 113 85 107 84 115 97 68 100 80 10 5 58 37 103 121 114 79 65 122 51 95 11 36 108 14 82 20 74 118 24 110 118 38 17 120 46 93 123 59 64 88 63 10 14 10 59 84 18 5 37 40 51 29 26 3 76 85 38 122 75 112 48 107 29 65 43 22 57 65 94 69 113 73 25 2 116 2 99 114 7 61 80 72 78 28 72 97 47 50 74 41 25 49 0 65 104 87 64 31 45 64 13 69 35 35 56 123 14 62 2 18 91 115 80 114 22 90 71 34 19 54 7 98 38 93 24 26 98 109 111 119 41 123 36 102 89 74 7 74 90 30 89 57 51 86 40 27 68 102 48 32 66 94 108 0 77 40 37 100 86 11 40 44 52 27 27 108 58 31 105 87 68 49 26 3 121 53 56 111 100 25 110 72 71 26 3
0 : [231, 507, 568] (23)
1 : [] (0)
2 : [1, 92, 488, 490, 523] (21)
3 : [209, 230, 238, 246, 310, 468, 588, 599] (22)
4 : [15, 132, 134] (22)
5 : [97, 292, 424, 462] (24)
6 : [85, 239, 248, 332] (22)
7 : [299, 493, 535, 551] (25)
8 : [79, 200, 240, 257] (23)
9 : [104, 167, 256] (23)
10 : [122, 411, 423, 456, 458] (20)
11 : [242, 375, 388, 435, 574] (20)
12 : [59, 129, 269, 313] (20)
13 : [68, 304, 515] (20)
14 : [23, 141, 438, 457, 521] (21)
15 : [20, 72, 83, 119, 360] (20)
16 : [43, 113, 151, 338] (20)
17 : [84, 197, 302, 447] (20)
18 : [396, 461, 524] (20)
19 : [183, 194, 314, 374, 533] (20)
20 : [21, 157, 166, 440] (21)
21 : [50, 93, 271] (21)
22 : [67, 221, 278, 480, 529] (21)
23 : [273, 371, 372, 376] (23)
24 : [126, 198, 309, 323, 330, 443, 539] (22)
25 : [124, 322, 487, 505, 594] (21)
26 : [204, 329, 467, 540, 587, 598] (21)
27 : [162, 276, 560, 578, 579] (20)
28 : [4, 218, 390, 498] (21)
29 : [139, 191, 215, 226, 466, 477] (22)
30 : [103, 147, 184, 285, 554] (22)
31 : [56, 149, 217, 259, 288, 407, 512, 582] (23)
32 : [34, 195, 346, 564] (23)
33 : [2, 28, 220] (24)
34 : [64, 181, 216, 406, 532] (24)
35 : [328, 358, 377, 517, 518] (25)
36 : [9, 121, 154, 395, 436, 547] (24)
37 : [260, 426, 463, 571] (23)
38 : [99, 206, 326, 343, 446, 471, 537] (22)
39 : [98, 160, 168, 210] (25)
40 : [353, 464, 559, 570, 575] (23)
41 : [45, 96, 337, 504, 545] (22)
42 : [24, 29, 88, 150, 214] (21)
43 : [38, 89, 117, 146, 268, 479] (22)
44 : [63, 114, 136, 179, 576] (22)
45 : [17, 228, 513] (23)
46 : [10, 31, 203, 219, 359, 449] (22)
47 : [7, 76, 201, 325, 501] (22)
48 : [74, 408, 475, 563] (23)
49 : [205, 319, 506, 586] (24)
50 : [57, 110, 174, 180, 265, 308, 502] (22)
51 : [348, 433, 465, 557] (22)
52 : [3, 86, 135, 311, 577] (22)
53 : [51, 133, 155, 241, 316, 590] (23)
54 : [16, 137, 236, 293, 355, 534] (26)
55 : [101, 115, 284, 342] (26)
56 : [177, 366, 402, 519, 591] (29)
57 : [62, 481, 556] (26)
58 : [171, 249, 351, 425, 581] (27)
59 : [159, 334, 350, 452, 459] (26)
60 : [5, 49, 100, 130, 251, 294] (27)
61 : [12, 87, 227, 290, 494] (26)
62 : [73, 263, 522] (24)
63 : [142, 233, 365, 413, 455] (26)
64 : [40, 55, 58, 453, 511, 514] (25)
65 : [138, 431, 478, 482, 508] (26)
66 : [60, 280, 361, 412, 565] (25)
67 : [11, 81, 190, 274, 300, 315] (25)
68 : [140, 202, 275, 420, 561, 585] (25)
69 : [77, 80, 143, 484, 516] (26)
70 : [42, 108, 225, 245, 320] (27)
71 : [170, 258, 312, 405, 531, 597] (26)
72 : [175, 496, 499, 596] (26)
73 : [193, 247, 340, 379, 486] (26)
74 : [71, 317, 441, 503, 550, 552] (29)
75 : [107, 188, 473] (27)
76 : [144, 185, 187, 250, 262, 469] (28)
77 : [105, 207, 357, 569] (27)
78 : [6, 234, 307, 392, 397, 497] (28)
79 : [283, 344, 381, 430] (28)
80 : [369, 385, 422, 495, 527] (28)
81 : [33, 61, 102, 267, 286] (27)
82 : [8, 116, 173, 277, 439] (26)
83 : [37, 52, 164, 222, 303, 368] (27)
84 : [36, 172, 378, 417, 460] (28)
85 : [46, 244, 363, 399, 415, 470] (26)
86 : [54, 123, 158, 347, 558, 573] (27)
87 : [13, 106, 152, 169, 510, 584] (27)
88 : [44, 53, 362, 454] (29)
89 : [165, 296, 324, 549, 555] (26)
90 : [48, 66, 530, 553] (27)
91 : [19, 90, 111, 327, 525] (27)
92 : [153, 229, 356] (30)
93 : [91, 196, 232, 410, 450, 538] (29)
94 : [26, 318, 404, 483, 566] (28)
95 : [178, 354, 434] (29)
96 : [131, 199, 321, 352, 373, 386] (28)
97 : [47, 400, 419, 500] (28)
98 : [255, 349, 536, 541] (27)
99 : [109, 148, 156, 237, 491] (29)
100 : [118, 335, 336, 403, 421, 572, 593] (28)
101 : [27, 32, 35, 65, 182, 213] (27)
102 : [41, 78, 282, 548, 562] (28)
103 : [95, 161, 208, 235, 427] (28)
104 : [25, 281, 364, 509] (28)
105 : [0, 30, 128, 393, 401, 583] (27)
106 : [112, 127, 211, 295, 345] (30)
107 : [22, 279, 370, 416, 476] (30)
108 : [82, 298, 437, 567, 580] (30)
109 : [125, 252, 389, 542] (29)
110 : [69, 189, 291, 339, 444, 595] (29)
111 : [75, 163, 543, 592] (30)
112 : [70, 212, 394, 474] (30)
113 : [192, 243, 297, 333, 414, 485] (33)
114 : [261, 429, 492, 528] (29)
115 : [14, 270, 272, 367, 418, 526] (29)
116 : [94, 287, 305, 306, 383, 489] (28)
117 : [120, 145, 254, 266, 398] (29)
118 : [186, 253, 409, 442, 445] (29)
119 : [176, 382, 387, 544] (30)
120 : [223, 264, 301, 380, 448] (30)
121 : [39, 289, 391, 428, 589] (29)
122 : [18, 341, 384, 432, 472] (30)
123 : [224, 331, 451, 520, 546] (33)
