Name: 600-30-45
Time: 13.305959701538086 
Result: 4017
Solution:  109 38 83 97 19 89 101 64 85 99 104 70 54 4 51 31 109 66 36 58 97 86 17 44 77 97 72 63 95 75 103 26 8 56 17 119 22 101 65 118 75 102 53 115 34 110 68 50 64 112 43 93 110 85 101 105 120 114 28 61 55 1 6 104 90 14 5 88 71 41 4 117 73 74 70 38 118 116 77 11 37 80 3 25 83 77 7 17 20 40 51 79 90 2 107 30 42 117 33 67 13 100 75 9 34 101 21 86 88 10 103 69 118 75 22 118 84 32 83 53 74 0 60 3 98 34 73 38 44 108 46 101 89 47 59 84 118 7 92 94 26 52 112 5 6 60 81 60 60 119 45 72 61 5 9 5 26 99 81 30 58 79 116 64 17 71 78 41 16 111 17 40 12 99 28 14 35 46 17 13 82 28 56 39 82 52 37 38 5 42 66 47 55 42 97 102 54 63 0 13 112 97 26 47 90 1 99 89 70 120 72 51 34 90 66 37 106 77 9 48 108 32 80 91 12 93 32 8 96 106 33 62 66 21 98 62 91 28 19 15 21 52 43 110 96 4 40 19 94 69 111 71 113 95 96 44 102 59 82 110 75 96 24 91 35 58 113 92 49 23 56 73 55 62 39 56 92 39 67 22 91 94 114 34 50 80 93 95 107 14 49 48 85 58 33 97 8 76 8 50 36 62 13 38 66 53 24 65 13 15 78 98 48 45 104 44 84 27 40 108 120 91 25 76 1 88 34 114 61 88 10 46 52 11 57 69 70 103 85 13 22 96 66 80 120 22 55 105 120 20 78 93 107 56 18 25 29 40 117 19 45 31 83 99 35 73 114 19 53 72 104 10 2 79 64 4 47 34 14 79 116 110 119 7 109 24 80 22 40 54 99 116 111 68 117 29 67 45 57 64 72 109 65 15 23 84 105 90 74 82 58 112 18 91 78 69 28 52 30 23 100 17 53 92 24 18 24 81 41 74 112 9 29 35 37 8 94 113 86 38 103 107 95 86 39 50 84 92 0 15 33 91 2 10 0 90 97 7 6 78 39 1 72 24 45 114 43 30 57 41 53 107 62 90 49 104 83 59 6 25 106 59 69 108 87 68 28 106 115 51 14 43 21 28 54 110 31 86 111 24 82 12 7 74 115 27 11 15 70 80 119 29 16 30 109 81 101 87 16 113 48 120 76 109 15 51 31 88 20 91 73 20 67 46 114 73 102 11 19 26 44 80 106 105 53 49 87 23 64 8 27 1 99 100 11 43 119 29 51 63 51 48 12 18 63 57 57 115 64 3 22 60 67 22 81 68 61 118 77 105 3 43 44 62 8 73 49 44 6 26 77 104 98 114 36 68 47 31 77 33
0 : [121, 198, 448, 454] (30)
1 : [61, 205, 324, 461, 551] (30)
2 : [93, 372, 452] (30)
3 : [82, 123, 569, 580] (31)
4 : [13, 70, 245, 375] (31)
5 : [66, 143, 153, 155, 188] (30)
6 : [62, 144, 458, 478, 588] (30)
7 : [86, 137, 383, 457, 502] (32)
8 : [32, 227, 296, 298, 435, 549, 584] (31)
9 : [103, 154, 218, 431] (30)
10 : [109, 330, 371, 453] (32)
11 : [79, 333, 506, 537, 554] (30)
12 : [172, 224, 501, 562] (30)
13 : [100, 179, 199, 302, 308, 339] (32)
14 : [65, 175, 289, 378, 490] (32)
15 : [239, 309, 403, 449, 507, 524] (32)
16 : [168, 512, 518] (31)
17 : [22, 34, 87, 164, 170, 178, 421] (30)
18 : [354, 412, 425, 563] (32)
19 : [4, 238, 247, 359, 367, 538] (34)
20 : [88, 349, 528, 531] (34)
21 : [106, 233, 240, 492] (33)
22 : [36, 114, 279, 340, 345, 387, 570, 573] (30)
23 : [269, 404, 419, 547] (38)
24 : [262, 306, 385, 424, 426, 463, 499] (30)
25 : [83, 322, 355, 479] (31)
26 : [31, 140, 156, 202, 539, 589] (30)
27 : [317, 505, 550] (33)
28 : [58, 174, 181, 237, 416, 486, 493] (34)
29 : [356, 395, 432, 511, 557] (34)
30 : [95, 159, 418, 467, 513] (34)
31 : [15, 361, 496, 526, 597] (33)
32 : [117, 221, 226] (37)
33 : [98, 230, 294, 450, 599] (32)
34 : [44, 104, 125, 212, 283, 326, 377] (31)
35 : [176, 264, 364, 433] (33)
36 : [18, 300, 594] (33)
37 : [80, 186, 215, 434] (33)
38 : [1, 75, 127, 187, 303, 439] (32)
39 : [183, 274, 277, 444, 460] (33)
40 : [89, 171, 246, 318, 357, 388] (35)
41 : [69, 167, 428, 469] (33)
42 : [96, 189, 193] (35)
43 : [50, 242, 466, 491, 555, 581] (33)
44 : [23, 128, 255, 315, 540, 582, 587] (33)
45 : [150, 313, 360, 397, 464] (34)
46 : [130, 177, 331, 533] (36)
47 : [133, 191, 203, 376, 596] (34)
48 : [219, 291, 312, 520, 561] (35)
49 : [268, 290, 474, 545, 586] (33)
50 : [47, 284, 299, 445] (36)
51 : [14, 90, 211, 489, 525, 558, 560] (31)
52 : [141, 185, 241, 332, 417] (37)
53 : [42, 119, 305, 368, 422, 470, 544] (35)
54 : [12, 196, 389, 494] (36)
55 : [60, 192, 272, 346] (34)
56 : [33, 182, 270, 275, 353] (35)
57 : [334, 398, 468, 565, 566] (36)
58 : [19, 160, 265, 293, 410] (35)
59 : [134, 257, 477, 481] (38)
60 : [122, 145, 147, 148, 571] (38)
61 : [59, 152, 328, 576] (39)
62 : [231, 235, 273, 301, 472, 583] (32)
63 : [27, 197, 559, 564] (32)
64 : [7, 48, 163, 374, 399, 548, 568] (33)
65 : [38, 307, 402] (33)
66 : [17, 190, 214, 232, 304, 342] (35)
67 : [99, 278, 396, 532, 572] (37)
68 : [46, 393, 485, 575, 595] (39)
69 : [111, 249, 335, 415, 482] (38)
70 : [11, 74, 208, 336, 508] (39)
71 : [68, 165, 251] (38)
72 : [26, 151, 210, 369, 400, 462] (39)
73 : [72, 126, 271, 365, 530, 535, 585] (38)
74 : [73, 120, 408, 429, 503] (39)
75 : [29, 40, 102, 113, 260] (40)
76 : [297, 323, 522] (39)
77 : [24, 78, 85, 217, 578, 590, 598] (39)
78 : [166, 310, 350, 414, 459] (38)
79 : [91, 161, 373, 379] (42)
80 : [81, 222, 285, 343, 386, 509, 541] (41)
81 : [146, 158, 427, 515, 574] (44)
82 : [180, 184, 258, 409, 500] (41)
83 : [2, 84, 118, 362, 476] (40)
84 : [116, 135, 316, 405, 446] (40)
85 : [8, 53, 292, 338] (39)
86 : [21, 107, 438, 443, 497] (40)
87 : [484, 517, 546] (39)
88 : [67, 108, 325, 329, 527] (40)
89 : [5, 132, 207] (40)
90 : [64, 92, 204, 213, 407, 455, 473] (40)
91 : [223, 236, 263, 280, 321, 413, 451, 529] (40)
92 : [138, 267, 276, 423, 447] (43)
93 : [51, 225, 286, 351] (40)
94 : [139, 248, 281, 436] (43)
95 : [28, 253, 287, 442] (42)
96 : [228, 244, 254, 261, 341] (44)
97 : [3, 20, 25, 194, 201, 295, 456] (42)
98 : [124, 234, 311, 592] (41)
99 : [9, 157, 173, 206, 363, 390, 552] (41)
100 : [101, 420, 553] (42)
101 : [6, 37, 54, 105, 131, 516] (42)
102 : [41, 195, 256, 536] (44)
103 : [30, 110, 337, 440] (40)
104 : [10, 63, 314, 370, 475, 591] (41)
105 : [55, 347, 406, 543, 579] (41)
106 : [216, 229, 480, 487, 542] (43)
107 : [94, 288, 352, 441, 471] (43)
108 : [129, 220, 319, 483] (44)
109 : [0, 16, 384, 401, 514, 523] (45)
110 : [45, 52, 243, 259, 381, 495] (44)
111 : [169, 250, 392, 498] (43)
112 : [49, 142, 200, 411, 430] (47)
113 : [252, 266, 437, 519] (43)
114 : [57, 282, 327, 366, 465, 534, 593] (44)
115 : [43, 488, 504, 567] (46)
116 : [77, 162, 380, 391] (46)
117 : [71, 97, 358, 394] (45)
118 : [39, 76, 112, 115, 136, 577] (43)
119 : [35, 149, 382, 510, 556] (45)
120 : [56, 209, 320, 344, 348, 521] (45)
