Name: 600-30-45
Time: 13.258501052856445 
Result: 2047
Solution:  109 38 83 99 20 85 101 63 84 100 104 73 57 5 50 33 108 68 35 59 95 89 14 42 76 97 71 62 98 78 104 27 8 57 19 118 22 102 64 119 74 105 52 116 35 110 66 47 62 112 43 92 111 85 101 102 116 114 29 61 55 0 9 104 89 14 0 87 71 41 6 113 75 73 68 38 117 114 74 11 36 80 3 26 83 76 8 15 20 40 51 81 89 2 110 31 41 117 34 65 13 101 74 10 34 102 21 87 86 10 102 72 119 75 22 119 84 32 85 54 74 0 59 5 96 31 71 40 45 108 46 100 91 47 56 85 116 8 95 94 30 51 112 5 6 59 83 60 59 120 43 72 56 3 9 1 26 94 82 30 58 79 115 59 17 70 78 42 18 113 21 41 15 100 30 15 38 44 17 13 82 28 56 39 80 54 37 38 7 44 67 49 57 41 97 103 50 66 1 13 112 97 24 46 90 0 101 89 70 118 72 51 37 88 67 37 107 77 9 48 105 30 80 91 12 90 34 10 96 105 31 61 67 19 99 62 94 29 19 15 21 53 44 109 97 3 42 19 93 72 111 75 110 95 97 43 101 59 83 111 76 96 24 93 33 58 112 93 48 27 56 75 55 62 38 53 92 40 66 20 89 95 115 33 52 80 93 95 105 14 48 49 87 58 32 98 8 78 9 50 34 62 14 38 65 56 24 64 14 10 78 96 49 45 104 44 84 27 43 109 120 90 25 76 2 88 36 116 61 88 11 46 52 12 57 71 70 105 86 13 21 97 67 79 120 21 54 105 119 22 75 90 107 57 17 24 28 37 119 18 47 32 84 98 38 73 113 21 53 71 103 13 2 79 66 6 45 37 14 81 116 110 120 5 108 24 82 26 39 54 100 118 110 68 117 30 67 43 57 65 75 109 65 11 23 82 104 88 74 82 55 111 18 92 80 69 30 52 30 23 99 17 51 92 25 17 23 79 40 74 111 7 29 35 37 12 94 112 86 38 104 110 94 87 37 49 84 92 0 14 30 88 0 9 2 93 100 7 6 77 39 1 70 22 39 117 42 31 58 40 55 106 62 89 49 103 83 63 6 30 106 60 69 108 89 67 28 105 115 49 15 47 22 28 53 110 29 88 110 24 81 8 5 72 115 27 12 15 68 80 120 28 15 30 106 81 100 86 18 113 48 118 77 109 17 51 32 88 25 90 72 17 68 45 114 74 102 12 20 25 46 81 107 106 54 51 90 23 64 8 26 1 100 100 11 42 119 29 51 63 50 48 8 19 63 60 58 114 65 3 22 59 67 22 82 67 61 118 77 105 7 42 47 62 7 71 52 43 6 25 75 104 96 114 36 69 49 31 77 34
0 : [61, 66, 121, 205, 448, 452] (30)
1 : [155, 198, 461, 551] (30)
2 : [93, 324, 372, 454] (33)
3 : [82, 153, 245, 569] (32)
4 : [] (0)
5 : [13, 123, 143, 383, 502] (34)
6 : [70, 144, 375, 458, 478, 588] (33)
7 : [188, 431, 457, 580, 584] (33)
8 : [32, 86, 137, 296, 501, 549, 562] (34)
9 : [62, 154, 218, 298, 453] (31)
10 : [103, 109, 227, 309] (31)
11 : [79, 330, 403, 554] (32)
12 : [224, 333, 435, 506, 537] (34)
13 : [100, 179, 199, 339, 371] (33)
14 : [22, 65, 289, 302, 308, 378, 449] (31)
15 : [87, 172, 175, 239, 490, 507, 512] (41)
16 : [] (0)
17 : [164, 178, 354, 421, 425, 524, 531] (33)
18 : [168, 359, 412, 518] (33)
19 : [34, 233, 238, 247, 563] (36)
20 : [4, 88, 279, 538] (34)
21 : [106, 170, 240, 340, 345, 367] (37)
22 : [36, 114, 349, 463, 492, 570, 573] (33)
23 : [404, 419, 426, 547] (38)
24 : [202, 262, 306, 355, 385, 499] (35)
25 : [322, 424, 528, 539, 589] (34)
26 : [83, 156, 387, 550] (35)
27 : [31, 269, 317, 505] (37)
28 : [181, 356, 486, 493, 511] (33)
29 : [58, 237, 432, 496, 557] (32)
30 : [140, 159, 174, 221, 395, 416, 418, 450, 479, 513] (32)
31 : [95, 125, 230, 467, 597] (34)
32 : [117, 294, 361, 526] (33)
33 : [15, 264, 283] (34)
34 : [98, 104, 226, 300, 599] (33)
35 : [18, 44, 433] (35)
36 : [80, 326, 594] (35)
37 : [186, 212, 215, 357, 377, 434, 444] (31)
38 : [1, 75, 176, 187, 274, 303, 364, 439] (32)
39 : [183, 388, 460, 464] (35)
40 : [89, 127, 277, 428, 469] (36)
41 : [69, 96, 171, 193] (38)
42 : [23, 167, 246, 466, 555, 581] (36)
43 : [50, 150, 255, 318, 397, 587] (35)
44 : [177, 189, 242, 315] (37)
45 : [128, 313, 376, 533] (35)
46 : [130, 203, 331, 540] (36)
47 : [47, 133, 360, 491, 582] (32)
48 : [219, 268, 290, 520, 561] (32)
49 : [191, 291, 312, 445, 474, 489, 596] (33)
50 : [14, 196, 299, 560] (33)
51 : [90, 141, 211, 422, 525, 545, 558] (33)
52 : [42, 284, 332, 417, 586] (39)
53 : [241, 275, 368, 494] (34)
54 : [119, 185, 346, 389, 544] (35)
55 : [60, 272, 410, 470] (36)
56 : [134, 152, 182, 270, 305] (34)
57 : [12, 33, 192, 334, 353, 398] (34)
58 : [160, 265, 293, 468, 566] (33)
59 : [19, 122, 145, 148, 163, 257, 571] (33)
60 : [147, 481, 565] (35)
61 : [59, 231, 328, 576] (35)
62 : [27, 48, 235, 273, 301, 472, 583] (33)
63 : [7, 477, 559, 564] (34)
64 : [38, 307, 548] (37)
65 : [99, 304, 399, 402, 568] (37)
66 : [46, 197, 278, 374] (37)
67 : [190, 214, 232, 342, 396, 485, 572, 575] (39)
68 : [17, 74, 393, 508, 532] (37)
69 : [415, 482, 595] (40)
70 : [165, 208, 336, 462] (36)
71 : [26, 68, 126, 335, 369, 585] (36)
72 : [111, 151, 210, 249, 503, 530] (37)
73 : [11, 73, 365] (37)
74 : [40, 78, 102, 120, 408, 429, 535] (37)
75 : [72, 113, 251, 271, 350, 400, 590] (38)
76 : [24, 85, 260, 323] (41)
77 : [217, 459, 522, 578, 598] (38)
78 : [29, 166, 297, 310] (38)
79 : [161, 343, 373, 427] (42)
80 : [81, 184, 222, 285, 414, 509] (41)
81 : [91, 379, 500, 515, 541] (39)
82 : [158, 180, 386, 405, 409, 574] (38)
83 : [2, 84, 146, 258, 476] (40)
84 : [8, 116, 316, 362, 446] (38)
85 : [5, 53, 118, 135] (39)
86 : [108, 338, 438, 517] (42)
87 : [67, 107, 292, 443] (39)
88 : [213, 325, 329, 407, 451, 497, 527] (40)
89 : [21, 64, 92, 207, 280, 473, 484] (40)
90 : [204, 225, 321, 351, 529, 546] (42)
91 : [132, 223] (41)
92 : [51, 276, 413, 423, 447] (41)
93 : [248, 263, 267, 286, 455] (40)
94 : [139, 157, 236, 436, 442] (43)
95 : [20, 138, 253, 281, 287] (44)
96 : [124, 228, 261, 311, 592] (44)
97 : [25, 194, 201, 244, 254, 341] (44)
98 : [28, 295, 363] (45)
99 : [3, 234, 420] (45)
100 : [9, 131, 173, 390, 456, 516, 552, 553] (41)
101 : [6, 54, 101, 206, 256] (42)
102 : [37, 55, 105, 110, 536] (43)
103 : [195, 370, 475] (45)
104 : [10, 30, 63, 314, 406, 440, 591] (43)
105 : [41, 220, 229, 288, 337, 347, 487, 579] (43)
106 : [471, 480, 514, 543] (43)
107 : [216, 352, 542] (44)
108 : [16, 129, 384, 483] (44)
109 : [0, 243, 319, 401, 523] (45)
110 : [45, 94, 252, 381, 392, 441, 495, 498] (42)
111 : [52, 250, 259, 411, 430] (44)
112 : [49, 142, 200, 266, 437] (47)
113 : [71, 169, 366, 519] (44)
114 : [57, 77, 534, 567, 593] (45)
115 : [162, 282, 488, 504] (43)
116 : [43, 56, 136, 327, 380] (44)
117 : [76, 97, 394, 465] (42)
118 : [35, 209, 391, 521, 577] (43)
119 : [39, 112, 115, 348, 358, 556] (44)
120 : [149, 320, 344, 382, 510] (45)
