Name: 600-30-45
Time: 13.24167251586914 
Result: 13047
Solution:  108 38 84 98 20 86 103 65 85 101 102 70 57 5 50 31 109 67 37 60 96 88 14 43 78 99 71 63 97 77 104 26 9 56 18 118 21 105 64 118 75 102 55 116 34 110 67 50 62 112 43 92 107 85 104 105 119 113 30 61 54 3 7 103 89 14 0 91 70 42 5 116 74 74 68 38 114 113 75 11 36 83 4 27 83 76 8 15 19 39 51 81 90 1 109 30 40 117 34 66 12 99 75 10 34 103 21 86 89 10 101 72 119 75 21 118 84 33 86 53 74 0 58 5 98 34 74 38 44 107 45 100 88 47 57 89 116 7 94 94 27 48 111 4 6 60 85 61 60 120 43 73 61 5 12 5 25 96 80 31 59 79 115 60 17 69 78 42 14 115 17 39 11 100 28 15 37 46 21 15 82 29 56 40 82 52 39 37 7 46 68 48 57 41 96 103 55 65 0 14 112 97 25 47 89 0 100 90 72 120 72 55 38 89 67 37 106 77 9 44 106 32 81 90 13 93 33 8 94 105 31 59 68 20 100 63 91 28 18 15 21 57 43 114 100 6 41 19 93 69 111 74 110 96 98 41 103 60 84 114 76 100 23 93 35 59 112 93 51 24 57 74 52 63 39 53 92 40 65 22 89 95 113 35 52 80 93 95 105 15 44 48 85 58 34 97 5 80 8 51 35 62 13 37 66 57 23 63 13 10 78 95 49 45 105 47 83 27 41 109 120 90 23 76 1 87 36 116 61 88 10 45 53 12 57 72 70 104 87 11 22 96 67 80 117 22 55 101 120 22 77 90 107 56 17 25 28 39 119 19 47 32 83 98 33 72 113 20 54 72 104 9 2 79 66 3 49 32 14 79 116 113 119 3 109 23 80 26 40 53 100 118 111 68 117 28 66 46 58 65 73 108 65 14 24 84 103 91 75 82 56 112 20 91 77 69 29 55 29 23 99 17 54 92 25 14 23 81 42 73 113 8 29 35 38 13 94 114 85 37 101 110 94 83 39 48 84 92 0 11 30 87 3 9 1 90 100 7 6 78 39 1 73 22 44 118 41 32 56 41 55 108 59 90 49 102 83 60 7 25 106 62 69 107 89 67 26 104 115 51 13 43 22 29 54 110 27 87 114 25 82 9 5 71 111 27 13 15 68 80 120 28 17 32 109 82 101 86 18 110 48 119 75 106 17 49 33 87 21 91 74 18 68 45 114 74 102 11 20 26 44 81 106 108 56 49 91 24 64 9 29 2 95 99 12 43 119 30 51 63 51 48 12 19 64 58 56 117 64 3 23 59 66 22 80 70 62 117 77 105 4 41 43 63 9 75 50 43 7 27 77 104 98 114 36 71 49 31 77 34
0 : [66, 121, 198, 205, 448] (28)
1 : [93, 324, 454, 461] (27)
2 : [372, 551] (25)
3 : [61, 375, 383, 452, 569] (30)
4 : [82, 143, 580] (30)
5 : [13, 70, 123, 153, 155, 296, 502] (30)
6 : [144, 245, 458] (34)
7 : [62, 137, 188, 457, 478, 588] (31)
8 : [86, 227, 298, 431] (30)
9 : [32, 218, 371, 453, 501, 549, 584] (31)
10 : [103, 109, 309, 330] (32)
11 : [79, 172, 339, 449, 537] (31)
12 : [100, 154, 333, 554, 562] (33)
13 : [224, 302, 308, 435, 490, 506] (34)
14 : [22, 65, 168, 199, 378, 403, 425] (33)
15 : [87, 175, 179, 239, 289, 507] (36)
16 : [] (0)
17 : [164, 170, 354, 421, 512, 524] (38)
18 : [34, 238, 518, 531] (35)
19 : [88, 247, 359, 563] (35)
20 : [4, 233, 367, 412, 538] (34)
21 : [36, 106, 114, 178, 240, 528] (34)
22 : [279, 340, 345, 349, 463, 492, 573] (37)
23 : [262, 306, 322, 385, 419, 426, 570] (34)
24 : [269, 404, 547] (33)
25 : [156, 202, 355, 424, 479, 499] (32)
26 : [31, 387, 486, 539] (32)
27 : [83, 140, 317, 496, 505, 589] (33)
28 : [174, 237, 356, 395, 511] (33)
29 : [181, 416, 418, 432, 493, 550] (33)
30 : [58, 95, 450, 557] (34)
31 : [15, 159, 230, 597] (35)
32 : [221, 361, 377, 467, 513] (34)
33 : [117, 226, 364, 526] (35)
34 : [44, 98, 104, 125, 294, 599] (34)
35 : [264, 283, 300, 433] (34)
36 : [80, 326, 594] (35)
37 : [18, 176, 187, 215, 303, 439] (32)
38 : [1, 75, 127, 212, 434] (32)
39 : [89, 171, 186, 274, 357, 444, 460] (32)
40 : [96, 183, 277, 388] (34)
41 : [193, 246, 255, 318, 466, 469, 581] (33)
42 : [69, 167, 428] (32)
43 : [23, 50, 150, 242, 491, 555, 582, 587] (33)
44 : [128, 219, 290, 464, 540] (34)
45 : [130, 313, 331, 533] (33)
46 : [177, 189, 397] (36)
47 : [133, 203, 315, 360] (35)
48 : [141, 191, 291, 445, 520, 561] (34)
49 : [312, 376, 474, 525, 545, 596] (33)
50 : [14, 47, 586] (37)
51 : [90, 268, 299, 489, 558, 560] (35)
52 : [185, 272, 284] (37)
53 : [119, 275, 332, 389] (34)
54 : [60, 368, 422, 494] (35)
55 : [42, 196, 211, 346, 417, 470] (35)
56 : [33, 182, 353, 410, 468, 544, 566] (34)
57 : [12, 134, 192, 241, 270, 305, 334] (34)
58 : [122, 293, 398, 565] (36)
59 : [160, 231, 265, 472, 571] (36)
60 : [19, 145, 148, 163, 257, 477] (35)
61 : [59, 147, 152, 328] (34)
62 : [48, 301, 481, 576] (36)
63 : [27, 235, 273, 307, 559, 583] (38)
64 : [38, 548, 564, 568] (36)
65 : [7, 197, 278, 399, 402] (36)
66 : [99, 304, 374, 396, 572] (35)
67 : [17, 46, 214, 342, 485] (37)
68 : [74, 190, 232, 393, 508, 532] (38)
69 : [165, 249, 415, 482] (40)
70 : [11, 68, 336, 575] (37)
71 : [26, 503, 595] (40)
72 : [111, 208, 210, 335, 365, 369] (37)
73 : [151, 400, 429, 462] (38)
74 : [72, 73, 120, 126, 251, 271, 530, 535] (36)
75 : [40, 78, 102, 113, 408, 522, 585] (35)
76 : [85, 260, 323] (35)
77 : [29, 217, 350, 414, 578, 590, 598] (35)
78 : [24, 166, 310, 459] (37)
79 : [161, 373, 379] (39)
80 : [158, 285, 297, 343, 386, 509, 574] (42)
81 : [91, 222, 427, 541] (39)
82 : [180, 184, 409, 500, 515] (40)
83 : [81, 84, 316, 362, 443, 476] (41)
84 : [2, 116, 258, 405, 446] (43)
85 : [8, 53, 146, 292, 438] (41)
86 : [5, 107, 118, 517] (43)
87 : [325, 338, 451, 497, 527] (40)
88 : [21, 132, 329] (43)
89 : [64, 108, 135, 204, 213, 280, 484] (41)
90 : [92, 207, 223, 321, 351, 455, 473] (43)
91 : [67, 236, 407, 413, 529, 546] (41)
92 : [51, 276, 423, 447] (40)
93 : [225, 248, 263, 267, 286] (43)
94 : [138, 139, 228, 436, 442] (45)
95 : [281, 287, 311, 552] (43)
96 : [20, 157, 194, 253, 341] (44)
97 : [28, 201, 295] (44)
98 : [3, 124, 254, 363, 592] (44)
99 : [25, 101, 420, 553] (43)
100 : [131, 173, 206, 234, 244, 261, 390, 456] (42)
101 : [9, 110, 347, 440, 516] (42)
102 : [10, 41, 475, 536] (41)
103 : [6, 63, 105, 195, 256, 406] (41)
104 : [30, 54, 337, 370, 487, 591] (41)
105 : [37, 55, 229, 288, 314, 579] (42)
106 : [216, 220, 480, 523, 542] (45)
107 : [52, 129, 352, 483] (45)
108 : [0, 401, 471, 543] (42)
109 : [16, 94, 319, 384, 514] (42)
110 : [45, 252, 441, 495, 519] (43)
111 : [142, 250, 392, 504] (43)
112 : [49, 200, 266, 411] (44)
113 : [57, 77, 282, 366, 381, 430] (44)
114 : [76, 243, 259, 437, 498, 534, 593] (43)
115 : [162, 169, 488] (45)
116 : [43, 71, 136, 327, 380] (45)
117 : [97, 344, 394, 567, 577] (45)
118 : [35, 39, 115, 391, 465] (45)
119 : [56, 112, 358, 382, 521, 556] (46)
120 : [149, 209, 320, 348, 510] (47)
