Name: 600-50-80
Time: 13.3666250705719 
Result: 7083
Solution:  45 14 104 21 64 60 2 12 72 100 77 72 65 4 97 55 20 54 19 34 21 44 13 98 7 70 81 89 29 95 56 85 98 36 14 1 59 76 98 83 42 49 70 33 26 0 86 32 90 36 17 15 82 95 53 82 34 28 59 0 105 2 96 86 8 85 68 67 97 47 67 1 73 44 28 83 80 50 108 41 15 41 56 78 77 3 60 61 84 55 65 39 25 3 32 64 79 3 51 71 95 97 107 73 26 94 12 92 92 31 106 4 86 74 102 80 27 85 68 68 10 69 102 85 90 35 5 52 53 30 64 10 25 47 3 62 51 10 66 24 34 101 9 19 70 76 65 110 40 43 90 70 21 34 1 31 41 51 60 65 41 24 11 89 37 27 87 30 105 94 20 57 35 64 73 72 51 77 97 94 80 59 11 45 67 78 98 13 79 32 71 54 93 81 91 87 94 86 78 103 104 28 50 99 51 81 12 49 54 52 83 33 93 82 24 36 62 14 61 49 2 25 95 17 42 46 15 55 105 73 58 12 101 89 23 69 39 58 104 30 62 19 57 103 10 5 84 45 73 74 1 61 72 97 41 73 58 76 100 37 84 48 55 93 41 40 3 27 98 81 106 58 71 40 71 74 30 65 108 63 91 79 29 18 109 79 56 104 83 110 54 100 69 29 66 3 97 40 43 33 71 108 102 102 99 23 85 13 110 87 66 74 74 57 15 26 12 107 19 25 85 20 71 110 78 1 34 70 46 3 92 92 92 43 46 79 11 71 7 78 52 38 19 86 48 65 80 43 15 3 99 89 22 29 89 81 7 106 42 88 96 96 68 47 63 51 84 34 60 109 94 102 54 96 47 84 8 100 25 5 30 39 90 1 7 4 83 110 81 42 24 61 107 2 44 65 4 76 107 33 53 91 110 10 10 107 73 80 59 94 5 42 103 9 67 24 23 11 24 91 99 83 109 1 100 57 100 89 81 20 15 5 56 14 20 109 101 47 14 106 97 52 40 110 87 24 90 59 59 22 106 63 72 77 19 65 90 52 92 86 42 103 81 84 40 74 37 18 52 78 34 27 104 57 40 88 104 9 106 16 87 76 21 66 66 17 30 7 38 47 63 17 52 35 35 5 32 43 108 49 16 38 52 46 95 81 50 92 18 108 22 75 103 20 105 5 17 66 91 18 83 48 84 35 85 27 64 105 96 110 57 90 70 64 74 16 34 109 76 87 76 102 33 50 39 42 8 2 15 27 104 75 75 99 76 35 57 63 102 33 20 78 20 88 97 39 62 88 16 56 3 92 21 93 63 99 95 75 35 25 20 102 69 26 37 74 51 53 50 104 14 110 45 8 88 0 100 5 8 11
0 : [45, 59, 595] (53)
1 : [35, 71, 154, 250, 325, 383, 423] (54)
2 : [6, 61, 220, 393, 547] (59)
3 : [85, 93, 97, 134, 266, 295, 329, 349, 570] (56)
4 : [13, 111, 385, 396] (60)
5 : [126, 245, 379, 410, 431, 495, 515, 597] (57)
6 : [] (0)
7 : [24, 338, 356, 384, 487] (61)
8 : [64, 376, 546, 593, 598] (52)
9 : [142, 413, 477] (65)
10 : [120, 131, 137, 244, 403, 404] (50)
11 : [162, 182, 336, 417, 599] (55)
12 : [7, 106, 206, 231, 316] (56)
13 : [22, 187, 307] (57)
14 : [1, 34, 217, 433, 438, 590] (52)
15 : [51, 80, 226, 314, 348, 430, 548] (54)
16 : [479, 500, 535, 568] (54)
17 : [50, 223, 485, 491, 516] (53)
18 : [283, 467, 508, 519] (54)
19 : [18, 143, 241, 318, 342, 454] (50)
20 : [16, 170, 321, 429, 434, 513, 560, 562, 580] (52)
21 : [3, 20, 152, 482, 572] (57)
22 : [352, 449, 510] (55)
23 : [234, 305, 416] (53)
24 : [139, 161, 214, 390, 415, 418, 445] (54)
25 : [92, 132, 221, 319, 378, 579] (58)
26 : [44, 104, 315, 583] (58)
27 : [116, 165, 267, 471, 525, 549] (61)
28 : [57, 74, 201] (63)
29 : [28, 282, 293, 353] (65)
30 : [129, 167, 239, 276, 380, 486] (60)
31 : [109, 155] (59)
32 : [47, 94, 189, 496] (57)
33 : [43, 211, 299, 399, 542, 559] (54)
34 : [19, 56, 140, 153, 326, 367, 470, 536] (51)
35 : [125, 172, 493, 494, 523, 555, 578] (54)
36 : [33, 49, 215] (54)
37 : [164, 259, 466, 584] (58)
38 : [341, 488, 501] (81)
39 : [91, 236, 381, 544, 565] (65)
40 : [148, 265, 273, 297, 442, 464, 474] (59)
41 : [79, 81, 156, 160, 254, 264] (58)
42 : [40, 224, 358, 389, 411, 460, 545] (59)
43 : [149, 298, 333, 347, 497] (59)
44 : [21, 73, 394] (61)
45 : [0, 183, 247, 592] (63)
46 : [225, 328, 334, 503] (66)
47 : [69, 133, 363, 374, 437, 489] (61)
48 : [261, 344, 521] (62)
49 : [41, 207, 219, 499] (60)
50 : [77, 202, 506, 543, 588] (60)
51 : [98, 136, 157, 176, 204, 365, 586] (60)
52 : [127, 209, 340, 441, 457, 468, 492, 502] (59)
53 : [54, 128, 400, 587] (60)
54 : [17, 191, 208, 290, 372] (62)
55 : [15, 89, 227, 262] (74)
56 : [30, 82, 286, 432, 569] (72)
57 : [171, 242, 313, 425, 473, 530, 556] (66)
58 : [230, 237, 256, 271] (69)
59 : [36, 58, 181, 408, 447, 448] (67)
60 : [5, 86, 158, 368] (69)
61 : [87, 218, 251, 391] (69)
62 : [135, 216, 240, 566] (67)
63 : [279, 364, 451, 490, 557, 574] (67)
64 : [4, 95, 130, 173, 526, 533] (67)
65 : [12, 90, 146, 159, 277, 345, 395, 455] (67)
66 : [138, 294, 310, 483, 484, 517] (70)
67 : [67, 70, 184, 414] (69)
68 : [66, 118, 119, 362] (73)
69 : [121, 235, 292, 582] (68)
70 : [25, 42, 144, 151, 327, 532] (68)
71 : [99, 190, 272, 274, 300, 322, 337] (69)
72 : [8, 11, 175, 252, 452] (68)
73 : [72, 103, 174, 229, 248, 255, 406] (68)
74 : [113, 249, 275, 311, 312, 465, 534, 585] (70)
75 : [511, 551, 552, 577] (71)
76 : [37, 145, 257, 397, 481, 538, 540, 554] (71)
77 : [10, 84, 177, 453] (70)
78 : [83, 185, 198, 324, 339, 469, 561] (74)
79 : [96, 188, 281, 285, 335] (73)
80 : [76, 115, 180, 346, 407] (73)
81 : [26, 193, 205, 269, 355, 388, 428, 462, 505] (73)
82 : [52, 55, 213] (73)
83 : [39, 75, 210, 288, 386, 421, 520] (74)
84 : [88, 246, 260, 366, 375, 463, 522] (74)
85 : [31, 65, 117, 123, 306, 320, 524] (73)
86 : [46, 63, 112, 197, 343, 459] (76)
87 : [166, 195, 309, 444, 480, 539] (80)
88 : [359, 475, 563, 567, 594] (80)
89 : [27, 163, 233, 351, 354, 427] (79)
90 : [48, 124, 150, 382, 446, 456, 531] (76)
91 : [194, 280, 401, 419, 518] (79)
92 : [107, 108, 330, 331, 332, 458, 507, 571] (78)
93 : [192, 212, 263, 573] (80)
94 : [105, 169, 179, 196, 370, 409] (80)
95 : [29, 53, 100, 222, 504, 576] (80)
96 : [62, 360, 361, 373, 528] (79)
97 : [14, 68, 101, 178, 253, 296, 440, 564] (78)
98 : [23, 32, 38, 186, 268] (80)
99 : [203, 304, 350, 420, 553, 575] (79)
100 : [9, 258, 291, 377, 424, 426, 596] (79)
101 : [141, 232, 436] (78)
102 : [114, 122, 302, 303, 371, 541, 558, 581] (78)
103 : [199, 243, 412, 461, 512] (75)
104 : [2, 200, 238, 287, 472, 476, 550, 589] (75)
105 : [60, 168, 228, 514, 527] (75)
106 : [110, 270, 357, 439, 450, 478] (75)
107 : [102, 317, 392, 398, 405] (83)
108 : [78, 278, 301, 498, 509] (82)
109 : [284, 369, 422, 435, 537] (81)
110 : [147, 289, 308, 323, 387, 402, 443, 529, 591] (80)
