Name: 800-20-30
Time: 18.01413369178772 
Result: 8014
Solution:  89 119 119 66 97 45 18 7 117 72 59 74 99 42 120 116 124 7 15 39 31 88 90 100 122 61 98 75 125 75 38 94 107 15 12 33 74 83 69 99 90 102 50 99 11 128 105 33 10 120 65 4 44 5 25 88 68 107 122 45 42 127 120 49 5 38 35 123 33 71 69 0 71 101 97 88 118 105 27 19 55 89 13 21 74 15 118 16 123 123 96 121 128 117 59 117 124 129 19 128 57 116 113 50 9 55 103 3 43 53 33 49 24 74 25 118 60 19 51 53 1 80 82 121 44 26 65 17 24 97 63 1 100 68 85 81 42 9 38 45 128 48 15 76 1 52 70 35 120 34 46 99 70 17 55 88 62 91 116 77 76 96 69 72 44 99 0 55 86 103 69 64 113 110 34 59 81 112 118 89 112 40 111 103 69 13 0 2 85 79 128 57 53 115 63 129 106 16 71 115 108 122 32 92 17 51 69 84 128 2 65 129 129 121 128 72 51 110 126 89 60 27 47 3 86 8 114 59 107 60 50 18 126 58 98 53 46 78 18 84 102 98 10 109 45 12 31 75 99 80 22 10 122 83 101 6 61 35 30 113 129 56 89 50 18 25 93 108 108 11 113 4 0 28 99 119 59 29 84 106 121 47 21 41 123 112 48 60 81 93 21 108 36 2 116 85 108 51 54 23 103 55 56 45 113 106 29 38 96 92 74 14 35 91 64 49 44 90 24 39 85 79 127 17 105 105 76 45 51 122 120 33 7 109 102 72 46 89 100 78 33 36 40 27 22 6 90 90 8 125 96 78 49 24 85 34 54 54 55 30 12 57 105 13 83 60 123 92 78 31 98 111 73 102 39 111 0 111 19 110 76 16 42 67 20 119 116 6 32 26 111 112 6 31 7 37 23 123 82 3 62 7 51 87 71 95 82 28 117 119 107 30 87 56 29 126 62 44 21 100 21 6 39 70 4 123 6 48 45 41 37 18 36 72 25 99 86 18 104 128 67 59 81 121 36 125 97 47 14 92 19 51 38 9 69 102 21 67 51 2 5 52 64 107 37 99 11 88 53 58 62 4 33 43 26 91 70 33 26 79 83 83 61 124 104 47 118 80 83 104 93 115 101 54 9 127 15 3 40 123 103 122 79 108 101 23 123 68 56 86 86 38 97 107 25 61 62 121 75 114 91 54 56 124 35 51 52 64 34 91 14 123 104 115 100 14 40 62 92 5 43 51 63 32 74 63 109 13 56 71 22 43 114 79 19 128 68 41 27 110 23 77 28 3 58 94 111 37 124 37 94 27 120 105 1 125 95 106 67 18 92 31 91 53 46 85 25 32 114 23 5 123 103 6 86 24 3 120 23 59 12 44 127 108 93 84 96 66 9 40 60 10 122 44 1 54 82 22 85 87 66 17 19 29 91 27 110 87 117 32 44 57 40 95 48 77 118 125 32 46 14 61 20 108 30 70 41 124 99 119 77 69 23 114 84 80 0 58 48 96 81 28 65 117 8 105 103 28 73 5 77 79 14 63 73 97 98 9 81 25 71 11 70 47 46 113 108 67 127 11 124 10 65 29 72 67 116 43 36 93 119 66 2 117 41 102 1 111 121 14 20 88 42 76 0 16 74 48 38 79 10 16 124 10 18 39 98 7 9 33 95 20 52 26 59 74 108 117 129 37 13 76 73 100 94 77 19 74 37 24 118 57 65 8 125 115 114 77 24 120 80 114 30 11 81 5 64 112 72 127 114 61 35 70 65 31 67 93 49 92 60 79 126 116 82 17 45 109 65 90 34 82 90 113 101 1 14 15 4 66
0 : [71, 166, 186, 272, 376, 656, 714] (20)
1 : [120, 131, 144, 574, 614, 706, 795] (20)
2 : [187, 209, 293, 459, 702] (20)
3 : [107, 223, 399, 497, 563, 596] (21)
4 : [51, 271, 424, 471, 798] (22)
5 : [53, 64, 460, 539, 590, 669, 765] (21)
6 : [255, 345, 387, 392, 421, 426, 593] (20)
7 : [7, 17, 332, 394, 401, 727] (21)
8 : [225, 348, 664, 753] (20)
9 : [104, 137, 453, 494, 608, 677, 728] (21)
10 : [48, 242, 251, 611, 691, 720, 723] (20)
11 : [44, 269, 466, 681, 689, 763] (22)
12 : [34, 245, 360, 600] (22)
13 : [82, 185, 363, 547, 740] (23)
14 : [311, 448, 530, 535, 640, 672, 709, 796] (22)
15 : [18, 33, 85, 142, 496, 797] (22)
16 : [87, 197, 381, 715, 721] (21)
17 : [127, 153, 204, 323, 621, 785] (21)
18 : [6, 231, 238, 264, 431, 437, 579, 724] (20)
19 : [79, 98, 117, 378, 450, 554, 622, 746] (21)
20 : [384, 642, 710, 731] (20)
21 : [83, 282, 290, 418, 420, 456] (20)
22 : [250, 344, 550, 617] (21)
23 : [299, 396, 505, 560, 589, 598, 652] (21)
24 : [112, 128, 318, 353, 595, 749, 758] (22)
25 : [54, 114, 265, 434, 514, 586, 679] (22)
26 : [125, 389, 474, 478, 733] (22)
27 : [78, 221, 343, 558, 571, 625] (22)
28 : [273, 407, 562, 661, 667] (23)
29 : [277, 306, 414, 623, 693] (23)
30 : [258, 359, 411, 644, 762] (23)
31 : [20, 246, 369, 393, 581, 775] (23)
32 : [202, 388, 543, 587, 629, 638] (23)
33 : [35, 47, 68, 110, 331, 340, 472, 477, 729] (22)
34 : [149, 174, 355, 528, 790] (24)
35 : [66, 147, 257, 312, 524, 772] (24)
36 : [292, 341, 432, 444, 698] (22)
37 : [395, 430, 464, 567, 569, 739, 748] (22)
38 : [30, 65, 138, 307, 452, 511, 718] (23)
39 : [19, 319, 374, 422, 725] (25)
40 : [181, 342, 498, 536, 609, 632] (25)
41 : [283, 429, 557, 646, 704] (24)
42 : [13, 60, 136, 382, 712] (25)
43 : [108, 473, 540, 551, 697] (24)
44 : [52, 124, 164, 316, 417, 601, 613, 630] (20)
45 : [5, 59, 139, 244, 303, 327, 428, 786] (21)
46 : [150, 236, 336, 584, 639, 684] (24)
47 : [222, 281, 447, 485, 683] (21)
48 : [141, 286, 427, 634, 658, 717] (23)
49 : [63, 111, 315, 352, 778] (23)
50 : [42, 103, 230, 263] (20)
51 : [118, 205, 216, 297, 328, 402, 451, 458, 525, 541] (24)
52 : [145, 461, 526, 732] (24)
53 : [109, 119, 192, 235, 468, 583] (24)
54 : [298, 356, 357, 493, 521, 615] (25)
55 : [80, 105, 154, 167, 301, 358] (26)
56 : [261, 302, 413, 508, 522, 548] (25)
57 : [100, 191, 361, 631, 751] (25)
58 : [233, 469, 564, 657] (25)
59 : [10, 94, 175, 227, 276, 441, 599, 734] (26)
60 : [116, 220, 229, 287, 365, 610, 780] (26)
61 : [25, 256, 482, 515, 641, 771] (26)
62 : [156, 400, 416, 470, 516, 537] (25)
63 : [130, 194, 542, 545, 673] (26)
64 : [171, 314, 462, 527, 766] (26)
65 : [50, 126, 210, 662, 692, 752, 774, 788] (27)
66 : [3, 607, 620, 701, 799] (26)
67 : [383, 440, 457, 578, 687, 695, 776] (27)
68 : [56, 133, 507, 556] (26)
69 : [38, 70, 162, 170, 184, 206, 454, 651] (27)
70 : [146, 152, 423, 476, 645, 682, 773] (27)
71 : [69, 72, 198, 404, 549, 680] (26)
72 : [9, 163, 215, 335, 433, 694, 768] (27)
73 : [372, 668, 674, 742] (30)
74 : [11, 36, 84, 113, 310, 544, 716, 735, 747] (30)
75 : [27, 29, 247, 518] (30)
76 : [143, 160, 326, 380, 713, 741] (27)
77 : [159, 561, 635, 650, 670, 745, 757] (27)
78 : [237, 339, 351, 368] (27)
79 : [189, 321, 479, 502, 553, 671, 719, 781] (27)
80 : [121, 249, 487, 655, 760] (26)
81 : [135, 176, 288, 442, 660, 678, 764] (26)
82 : [122, 398, 406, 616, 784, 791] (26)
83 : [37, 253, 364, 480, 481, 488] (27)
84 : [207, 239, 278, 605, 654] (30)
85 : [134, 188, 295, 320, 354, 585, 618] (30)
86 : [168, 224, 436, 509, 510, 594] (29)
87 : [403, 412, 619, 627] (29)
88 : [21, 55, 75, 155, 467, 711] (28)
89 : [0, 81, 179, 219, 262, 337] (29)
90 : [22, 40, 317, 346, 347, 789, 792] (29)
91 : [157, 313, 475, 520, 529, 582, 624] (28)
92 : [203, 309, 367, 449, 538, 580, 779] (28)
93 : [266, 289, 490, 604, 699, 777] (28)
94 : [31, 565, 570, 744] (29)
95 : [405, 576, 633, 730] (29)
96 : [90, 161, 308, 350, 606, 659] (28)
97 : [4, 74, 129, 446, 512, 675] (28)
98 : [26, 234, 241, 370, 676, 726] (29)
99 : [12, 39, 43, 151, 165, 248, 274, 435, 465, 648] (28)
100 : [23, 132, 338, 419, 534, 743] (28)
101 : [73, 254, 492, 504, 794] (28)
102 : [41, 240, 334, 373, 455, 705] (30)
103 : [106, 169, 183, 300, 500, 592, 666] (29)
104 : [438, 484, 489, 532] (28)
105 : [46, 77, 324, 325, 362, 573, 665] (29)
106 : [196, 279, 305, 577] (29)
107 : [32, 57, 228, 410, 463, 513] (28)
108 : [200, 267, 268, 291, 296, 503, 603, 643, 686, 736] (29)
109 : [243, 333, 546, 787] (30)
110 : [173, 217, 379, 559, 626] (31)
111 : [182, 371, 375, 377, 390, 566, 707] (29)
112 : [177, 180, 285, 391, 767] (30)
113 : [102, 172, 259, 270, 304, 685, 793] (29)
114 : [226, 519, 552, 588, 653, 756, 761, 770] (29)
115 : [193, 199, 491, 533, 755] (28)
116 : [15, 101, 158, 294, 386, 696, 783] (30)
117 : [8, 93, 95, 408, 628, 663, 703, 737] (28)
118 : [76, 86, 115, 178, 486, 636, 750] (29)
119 : [1, 2, 275, 385, 409, 649, 700] (29)
120 : [14, 49, 62, 148, 330, 572, 597, 759] (29)
121 : [91, 123, 213, 280, 443, 517, 708] (29)
122 : [24, 58, 201, 252, 329, 501, 612] (28)
123 : [67, 88, 89, 284, 366, 397, 425, 499, 506, 531, 591] (30)
124 : [16, 96, 483, 523, 568, 647, 690, 722] (30)
125 : [28, 349, 445, 575, 637, 754] (31)
126 : [218, 232, 415, 782] (31)
127 : [61, 322, 495, 602, 688, 769] (34)
128 : [45, 92, 99, 140, 190, 208, 214, 439, 555] (31)
129 : [97, 195, 211, 212, 260, 738] (30)
