Name: 800-20-30
Time: 17.93139672279358 
Result: 9013
Solution:  89 118 118 65 97 47 17 7 115 72 60 75 97 46 121 116 124 4 16 42 33 91 88 99 122 62 100 74 125 74 36 94 105 17 13 32 74 85 69 102 88 103 51 98 11 128 104 32 13 119 66 4 46 3 23 84 67 108 124 48 42 125 122 50 5 40 33 124 34 70 69 0 71 102 95 89 118 105 27 19 53 89 13 22 76 15 120 17 123 123 96 117 127 115 59 115 127 129 20 128 58 116 110 49 12 55 104 3 42 53 28 47 21 73 24 118 59 15 51 53 0 79 82 120 43 26 65 16 26 97 63 0 99 70 86 78 40 11 38 40 128 49 13 77 1 52 71 35 116 34 47 99 69 17 55 86 63 90 115 76 80 96 66 71 44 98 1 55 86 103 69 64 112 110 34 58 81 111 117 88 111 39 112 103 69 14 4 3 85 79 127 57 52 116 62 128 103 14 71 115 109 122 29 92 16 51 70 83 126 1 66 128 129 118 126 72 51 110 125 90 58 28 48 3 87 7 112 58 107 61 51 19 123 59 98 55 47 77 18 84 101 95 8 108 47 10 31 75 96 83 21 9 118 84 101 5 61 37 34 114 129 55 89 49 18 25 90 108 109 12 113 5 1 27 99 118 58 32 84 108 121 47 22 41 121 112 49 59 79 97 22 109 37 2 115 85 107 49 54 26 103 54 56 44 111 104 27 38 94 90 75 17 38 91 65 50 42 91 25 39 85 80 126 17 103 106 78 41 54 120 122 33 8 109 102 73 46 88 99 83 35 37 40 26 20 4 90 88 8 126 96 79 47 23 85 31 54 57 55 33 11 56 107 13 83 61 122 92 81 31 100 112 75 102 39 111 0 112 20 110 78 15 43 67 22 119 119 5 32 26 112 112 5 29 12 38 24 124 84 2 65 12 50 88 71 94 81 28 117 119 107 30 88 55 28 127 63 41 19 100 21 6 39 67 6 123 9 46 44 42 37 18 35 74 26 99 87 16 105 128 66 64 80 120 37 126 97 49 10 94 24 49 38 9 67 100 22 65 48 2 5 51 62 107 37 102 14 89 52 60 62 6 31 43 27 92 69 34 23 76 83 82 61 126 106 45 117 77 82 101 92 114 102 54 8 128 14 3 38 122 103 122 81 106 104 23 128 71 59 86 86 36 98 107 25 61 60 121 75 117 91 54 60 122 35 50 52 62 34 96 12 124 105 116 101 16 40 65 91 2 44 50 60 32 75 63 109 13 58 71 22 44 114 77 20 129 68 41 27 110 24 77 29 5 57 93 114 36 123 36 96 29 120 106 2 125 95 107 69 20 96 30 91 53 46 85 25 30 115 25 4 125 106 6 86 23 3 117 25 60 12 44 129 108 93 86 97 67 12 40 57 12 123 44 0 54 83 18 80 87 65 12 20 31 92 29 113 87 117 29 45 58 38 94 48 76 119 125 35 48 12 60 20 107 27 70 43 124 101 119 76 70 23 113 84 80 0 59 48 95 81 28 65 116 10 104 105 28 73 4 76 79 12 59 73 96 98 7 80 27 72 9 67 49 45 111 109 68 127 11 125 8 66 30 74 67 116 43 38 93 119 64 1 116 41 101 5 105 124 16 22 85 40 76 0 18 77 50 38 79 12 15 124 9 21 39 98 7 9 35 98 21 52 26 58 72 108 118 129 41 14 76 73 103 93 76 20 71 38 25 118 56 66 8 124 115 115 78 24 120 79 114 30 11 79 4 62 113 72 127 114 59 35 70 66 29 68 95 50 91 59 81 127 117 82 18 48 112 65 90 32 82 89 111 103 0 14 15 4 68
0 : [71, 120, 131, 376, 614, 656, 714, 795] (20)
1 : [144, 166, 209, 272, 702] (20)
2 : [293, 399, 459, 539, 574] (21)
3 : [53, 107, 187, 223, 497, 596] (22)
4 : [17, 51, 186, 345, 590, 669, 765, 798] (20)
5 : [64, 255, 271, 387, 392, 460, 563, 706] (20)
6 : [421, 424, 471, 593] (21)
7 : [7, 225, 677, 727] (20)
8 : [242, 332, 348, 494, 691, 753] (22)
9 : [251, 426, 453, 681, 723, 728] (20)
10 : [245, 448, 664] (20)
11 : [44, 137, 360, 689, 763] (21)
12 : [104, 269, 394, 401, 530, 600, 608, 611, 621, 640, 672, 720] (23)
13 : [34, 48, 82, 142, 363, 547] (20)
14 : [185, 197, 466, 496, 740, 796] (20)
15 : [85, 117, 381, 721, 797] (21)
16 : [18, 127, 204, 437, 535, 709] (21)
17 : [6, 33, 87, 153, 311, 323] (20)
18 : [238, 264, 431, 617, 715, 785] (21)
19 : [79, 231, 418] (24)
20 : [98, 344, 378, 554, 579, 622, 642, 746] (21)
21 : [112, 250, 420, 724, 731] (21)
22 : [83, 282, 290, 384, 456, 550, 710] (21)
23 : [54, 353, 478, 505, 595, 652] (23)
24 : [114, 396, 450, 560, 758] (22)
25 : [265, 318, 514, 586, 589, 598, 749] (23)
26 : [125, 128, 299, 343, 389, 434, 733] (23)
27 : [78, 273, 306, 474, 558, 644, 679] (22)
28 : [110, 221, 407, 414, 661, 667] (22)
29 : [202, 393, 562, 571, 625, 629, 775] (23)
30 : [411, 581, 587, 693, 762] (24)
31 : [246, 355, 369, 472, 623] (23)
32 : [35, 47, 277, 388, 543, 790] (23)
33 : [20, 66, 331, 359] (22)
34 : [68, 149, 174, 258, 477, 528] (23)
35 : [147, 340, 432, 524, 638, 729, 772] (22)
36 : [30, 511, 567, 569] (20)
37 : [257, 292, 341, 430, 444, 464] (20)
38 : [138, 307, 312, 395, 452, 498, 632, 698, 718, 748] (20)
39 : [181, 319, 374, 422, 725] (21)
40 : [65, 136, 139, 342, 536, 609, 712] (22)
41 : [283, 327, 417, 557, 704, 739] (24)
42 : [19, 60, 108, 316, 429] (25)
43 : [124, 382, 473, 646, 697] (21)
44 : [164, 303, 428, 540, 551, 601, 613] (28)
45 : [485, 630, 684] (25)
46 : [13, 52, 336, 427, 584] (25)
47 : [5, 111, 150, 236, 244, 281, 352] (24)
48 : [59, 222, 458, 634, 639, 658, 786] (24)
49 : [103, 141, 263, 286, 297, 447, 451, 683] (24)
50 : [63, 315, 402, 525, 541, 717, 778] (23)
51 : [42, 118, 205, 216, 230, 461] (24)
52 : [145, 192, 468, 526, 732] (25)
53 : [80, 109, 119, 583] (26)
54 : [298, 301, 328, 356, 493, 521, 615] (23)
55 : [105, 154, 167, 235, 261, 358, 413] (25)
56 : [302, 361, 751] (25)
57 : [191, 357, 564, 610] (29)
58 : [100, 175, 220, 227, 276, 548, 631, 734] (24)
59 : [94, 116, 233, 287, 508, 657, 673, 771, 780] (23)
60 : [10, 469, 516, 522, 542, 599, 641] (24)
61 : [229, 256, 365, 482, 515] (24)
62 : [25, 194, 462, 470, 527, 766] (24)
63 : [130, 156, 416, 545] (25)
64 : [171, 441, 701] (26)
65 : [3, 126, 314, 400, 457, 537, 620, 662, 788] (25)
66 : [50, 162, 210, 440, 692, 752, 774] (26)
67 : [56, 383, 423, 454, 607, 682, 695] (26)
68 : [556, 687, 776, 799] (27)
69 : [38, 70, 152, 170, 184, 476, 578] (28)
70 : [69, 133, 206, 645, 651, 773] (27)
71 : [72, 146, 163, 198, 404, 507, 549, 747] (30)
72 : [9, 215, 680, 735, 768] (27)
73 : [113, 335, 668, 674, 742] (27)
74 : [27, 29, 36, 433, 694] (28)
75 : [11, 247, 310, 372, 518, 544] (28)
76 : [84, 159, 479, 635, 650, 670, 713, 741, 745] (28)
77 : [143, 237, 487, 553, 561, 716] (28)
78 : [135, 326, 380, 757] (27)
79 : [121, 189, 288, 351, 671, 719, 760, 764] (28)
80 : [160, 321, 442, 618, 655, 678] (30)
81 : [176, 368, 406, 502, 660, 781] (28)
82 : [122, 481, 488, 784, 791] (28)
83 : [207, 249, 339, 364, 480, 616] (30)
84 : [55, 239, 253, 278, 398, 654] (29)
85 : [37, 188, 295, 320, 354, 585, 711] (28)
86 : [134, 155, 168, 509, 510, 594, 605] (28)
87 : [224, 436, 619, 627] (27)
88 : [22, 40, 179, 337, 347, 403, 412] (25)
89 : [0, 75, 81, 262, 467, 792] (30)
90 : [157, 219, 266, 309, 346, 789] (26)
91 : [21, 313, 317, 520, 538, 582, 779] (28)
92 : [203, 367, 475, 490, 624] (26)
93 : [565, 604, 699, 744] (26)
94 : [31, 308, 405, 449, 633] (26)
95 : [74, 241, 576, 659, 777] (28)
96 : [90, 161, 248, 350, 529, 570, 580, 675] (27)
97 : [4, 12, 129, 289, 446, 606] (27)
98 : [43, 165, 234, 512, 676, 726, 730] (28)
99 : [23, 132, 151, 274, 338, 435] (30)
100 : [26, 370, 419, 455] (30)
101 : [240, 254, 489, 534, 648, 705] (30)
102 : [39, 73, 334, 373, 465, 492] (30)
103 : [41, 169, 183, 196, 300, 324, 500, 743, 794] (29)
104 : [46, 106, 305, 504, 665] (29)
105 : [32, 77, 438, 532, 666, 707] (30)
106 : [325, 484, 503, 573, 592] (30)
107 : [228, 296, 362, 410, 463, 513, 577, 643] (30)
108 : [57, 243, 267, 279, 603, 736] (32)
109 : [200, 268, 291, 333, 546, 686] (30)
110 : [102, 173, 217, 379, 559] (32)
111 : [177, 180, 304, 375, 685, 793] (29)
112 : [172, 182, 226, 285, 371, 377, 390, 391, 787] (29)
113 : [270, 626, 653, 767] (30)
114 : [259, 491, 552, 566, 761, 770] (28)
115 : [8, 93, 95, 158, 199, 294, 588, 755, 756] (28)
116 : [15, 101, 148, 193, 533, 663, 696, 703] (28)
117 : [91, 178, 408, 486, 519, 597, 628, 783] (29)
118 : [1, 2, 76, 115, 213, 252, 275, 737, 750] (30)
119 : [49, 385, 386, 409, 636, 649, 700] (31)
120 : [86, 123, 329, 443, 572, 759] (30)
121 : [14, 280, 284, 517] (29)
122 : [24, 62, 201, 330, 366, 499, 501, 523] (29)
123 : [88, 89, 232, 425, 568, 612] (30)
124 : [16, 58, 67, 397, 531, 647, 708, 722, 754] (30)
125 : [28, 61, 218, 575, 591, 637, 690] (31)
126 : [208, 214, 322, 349, 445, 483] (30)
127 : [92, 96, 190, 415, 688, 769, 782] (29)
128 : [45, 99, 140, 195, 211, 439, 495, 506] (30)
129 : [97, 212, 260, 555, 602, 738] (33)
