Name: 800-40-60
Time: 18.301692008972168 
Result: 28067
Solution:  61 180 158 72 95 123 194 185 164 129 10 95 153 107 102 126 157 112 1 124 147 49 140 11 94 195 188 106 190 88 140 28 108 4 78 44 188 54 79 92 106 58 142 161 117 100 172 112 72 163 156 165 126 171 116 152 65 105 160 56 151 182 26 42 92 16 132 113 35 171 3 56 154 58 136 53 76 182 24 56 168 77 76 81 179 150 30 133 103 19 124 117 148 92 117 79 126 158 181 125 122 2 22 135 6 143 128 183 43 11 145 101 70 70 99 152 49 9 36 69 162 55 150 37 61 75 47 39 38 144 103 194 96 3 106 146 37 68 182 13 45 167 45 135 52 135 73 175 192 82 103 92 11 175 198 87 166 12 179 87 147 84 35 158 26 72 46 93 47 5 51 80 156 112 72 82 163 89 9 80 186 184 177 39 45 30 164 146 88 15 149 71 24 31 187 161 40 124 139 79 19 113 142 101 107 192 116 60 94 27 48 165 77 37 98 71 177 109 183 36 130 196 2 91 78 61 88 44 38 119 118 171 22 130 166 9 52 7 11 150 69 128 185 155 190 157 166 134 183 116 173 12 168 170 94 153 48 111 125 23 7 165 197 74 175 74 35 140 91 42 104 49 168 132 60 98 170 101 33 148 81 8 23 82 48 105 72 30 115 91 102 1 67 51 31 79 25 60 105 159 160 186 63 58 8 181 84 148 189 170 27 139 138 95 120 75 132 189 196 100 96 137 51 174 24 94 68 169 181 174 128 84 159 43 44 118 24 147 47 146 85 90 162 138 178 170 99 144 55 95 67 42 190 146 102 123 90 12 38 104 3 22 101 194 40 135 33 121 97 170 123 88 197 90 111 192 195 19 143 30 67 59 180 134 107 17 100 178 151 190 144 127 1 37 14 29 81 73 96 197 83 100 2 97 150 34 165 163 118 173 89 15 91 36 115 48 83 101 157 76 149 14 53 184 169 144 166 166 34 116 186 19 9 12 155 27 51 147 188 74 194 113 102 134 46 58 189 47 50 40 35 186 119 96 139 42 191 106 140 60 196 41 152 84 193 15 169 38 26 161 114 8 6 133 127 97 22 121 107 8 108 179 24 2 179 61 105 83 160 174 193 82 57 56 0 143 5 21 173 34 82 129 113 164 138 5 66 133 134 78 177 178 188 7 188 8 117 119 87 143 63 35 158 30 28 176 81 115 24 24 79 133 37 146 27 124 123 58 55 136 119 70 74 67 7 127 194 63 108 116 131 74 163 70 124 79 30 198 6 118 55 187 76 143 193 130 16 132 171 194 151 151 18 80 131 133 197 145 63 136 63 16 166 69 18 10 15 144 142 89 196 131 136 129 131 43 157 154 25 41 75 70 33 86 54 117 17 160 28 139 54 21 156 137 120 87 41 54 130 113 110 104 46 179 22 63 99 173 167 37 13 155 4 176 84 154 153 97 1 142 31 139 16 110 121 182 47 137 175 120 30 11 141 40 195 93 112 56 25 129 26 29 104 181 185 153 153 2 29 54 41 129 107 172 101 24 92 196 53 120 193 176 97 20 185 109 169 68 84 58 185 114 193 180 62 73 21 74 109 160 188 198 86 39 13 121 65 115 167 48 92 57 67 56 12 140 169 111 64 156 33 181 135 65 198 16 86 198 19 44 122 114 67 161 0 90 154 159 64 10 53 61 62 182 174 42 71 196 110 123 191 187 20 96 26 172 46 33 145 68 10 66 70 103 162 152 18 104 44 177 99 7 14 52 31 56 88 19 3 59 122 186 151 23 108 124 181 120 172 4 191 141 17 12 85 71 184 3 42 50
0 : [494, 734] (5)
1 : [18, 291, 392, 638] (43)
2 : [101, 222, 402, 483, 667] (42)
3 : [70, 133, 360, 778, 797] (43)
4 : [33, 632, 789] (40)
5 : [169, 496, 505] (42)
6 : [104, 472, 558] (42)
7 : [237, 260, 513, 544, 771] (41)
8 : [281, 304, 471, 479, 515] (40)
9 : [117, 178, 235, 432] (40)
10 : [10, 585, 739, 760] (46)
11 : [23, 109, 152, 238, 651] (43)
12 : [157, 251, 357, 433, 714, 793] (46)
13 : [139, 630, 704] (47)
14 : [394, 421, 772] (47)
15 : [189, 411, 465, 586] (47)
16 : [65, 566, 581, 642, 725] (46)
17 : [385, 606, 792] (45)
18 : [572, 584, 766] (45)
19 : [89, 200, 377, 431, 728, 777] (44)
20 : [683, 752] (47)
21 : [497, 611, 696] (42)
22 : [102, 232, 361, 476, 624] (41)
23 : [259, 282, 783] (42)
24 : [78, 192, 324, 336, 482, 528, 529, 675] (42)
25 : [296, 598, 658] (45)
26 : [62, 164, 468, 660, 754] (44)
27 : [209, 310, 435, 534] (46)
28 : [31, 524, 608] (44)
29 : [395, 661, 668] (60)
30 : [86, 185, 287, 379, 523, 556, 650] (58)
31 : [193, 294, 640, 774] (41)
32 : [] (0)
33 : [278, 366, 602, 720, 757] (43)
34 : [405, 428, 499] (45)
35 : [68, 162, 266, 450, 521] (42)
36 : [118, 219, 413] (48)
37 : [123, 136, 213, 393, 532, 629] (44)
38 : [128, 228, 358, 467] (46)
39 : [127, 183, 703] (48)
40 : [196, 364, 449, 653] (49)
41 : [461, 599, 616, 670] (46)
42 : [63, 269, 351, 455, 745, 798] (49)
43 : [108, 333, 595] (49)
44 : [35, 227, 334, 729, 768] (48)
45 : [140, 142, 184] (52)
46 : [166, 444, 622, 756] (48)
47 : [126, 168, 338, 447, 646] (44)
48 : [210, 256, 284, 415, 709] (44)
49 : [21, 116, 271] (42)
50 : [448, 799] (47)
51 : [170, 293, 322, 436] (45)
52 : [144, 236, 773] (45)
53 : [75, 422, 678, 740] (41)
54 : [37, 604, 610, 617, 669] (40)
55 : [121, 348, 538, 560] (43)
56 : [59, 71, 79, 493, 657, 713, 775] (40)
57 : [492, 711] (42)
58 : [41, 73, 303, 445, 537, 689] (40)
59 : [381, 779] (45)
60 : [207, 274, 297, 459] (47)
61 : [0, 124, 225, 485, 741] (48)
62 : [694, 742] (67)
63 : [302, 520, 547, 578, 580, 625] (45)
64 : [718, 738] (49)
65 : [56, 706, 723] (46)
66 : [506, 761] (47)
67 : [292, 350, 380, 543, 712, 732] (40)
68 : [137, 326, 687, 759] (43)
69 : [119, 240, 583] (42)
70 : [112, 113, 541, 553, 601, 762] (43)
71 : [191, 215, 746, 795] (50)
72 : [3, 48, 165, 174, 286] (48)
73 : [146, 397, 695] (48)
74 : [263, 265, 439, 542, 551, 697] (46)
75 : [125, 315, 600] (52)
76 : [76, 82, 419, 562] (52)
77 : [81, 212] (53)
78 : [34, 224, 509] (57)
79 : [38, 95, 199, 295, 530, 555] (40)
80 : [171, 179, 573] (40)
81 : [83, 280, 396, 526] (39)
82 : [149, 175, 283, 491, 500] (40)
83 : [400, 416, 487] (45)
84 : [161, 306, 331, 463, 634, 688] (43)
85 : [340, 794] (49)
86 : [603, 702, 726] (56)
87 : [155, 159, 518, 615] (51)
88 : [29, 188, 226, 371, 776] (50)
89 : [177, 410, 589] (51)
90 : [341, 356, 373, 735] (52)
91 : [223, 268, 289, 412] (55)
92 : [39, 64, 93, 151, 676, 710] (50)
93 : [167, 655] (55)
94 : [24, 208, 254, 325] (51)
95 : [4, 11, 313, 349] (52)
96 : [132, 320, 398, 453, 753] (50)
97 : [368, 403, 475, 637, 682] (50)
98 : [214, 275] (54)
99 : [114, 346, 626, 770] (50)
100 : [45, 319, 386, 401] (52)
101 : [111, 203, 277, 362, 417, 674] (51)
102 : [14, 290, 354, 442] (47)
103 : [88, 130, 150, 763] (48)
104 : [270, 359, 621, 662, 767] (48)
105 : [57, 285, 298, 486] (49)
106 : [27, 40, 134, 457] (52)
107 : [13, 204, 384, 478, 672] (52)
108 : [32, 480, 548, 784] (52)
109 : [217, 685, 698] (57)
110 : [620, 643, 748] (49)
111 : [257, 374, 717] (53)
112 : [17, 47, 173, 656] (55)
113 : [67, 201, 441, 502, 619] (54)
114 : [470, 691, 731] (58)
115 : [288, 414, 527, 707] (58)
116 : [54, 206, 249, 429, 549] (53)
117 : [44, 91, 94, 516, 605] (53)
118 : [230, 335, 408, 559] (53)
119 : [229, 452, 517, 540] (50)
120 : [314, 614, 649, 679, 787] (56)
121 : [367, 477, 644, 705] (55)
122 : [100, 730, 780] (55)
123 : [5, 355, 370, 536, 749] (50)
124 : [19, 90, 197, 535, 554, 785] (49)
125 : [99, 258] (49)
126 : [15, 52, 96] (49)
127 : [391, 474, 545] (50)
128 : [106, 241, 330] (58)
129 : [9, 501, 593, 659, 671] (52)
130 : [220, 233, 565, 618] (52)
131 : [550, 574, 591, 594] (53)
132 : [66, 273, 316, 567] (50)
133 : [87, 473, 507, 531, 575] (48)
134 : [247, 383, 443, 508] (59)
135 : [103, 143, 145, 365, 722] (55)
136 : [74, 539, 579, 592] (50)
137 : [321, 613, 647] (49)
138 : [312, 343, 504] (61)
139 : [198, 311, 454, 609, 641] (54)
140 : [22, 30, 267, 458, 715] (52)
141 : [652, 791] (59)
142 : [42, 202, 588, 639] (55)
143 : [105, 378, 495, 519, 563] (55)
144 : [129, 347, 390, 425, 587] (55)
145 : [110, 577, 758] (55)
146 : [135, 187, 339, 353, 533] (57)
147 : [20, 160, 337, 437] (59)
148 : [92, 279, 307] (55)
149 : [190, 420] (51)
150 : [85, 122, 239, 404] (50)
151 : [60, 388, 570, 571, 782] (50)
152 : [55, 115, 462, 765] (53)
153 : [12, 255, 636, 665, 666] (52)
154 : [72, 597, 635, 736] (49)
155 : [243, 434, 631] (56)
156 : [50, 172, 612, 719] (55)
157 : [16, 245, 418, 596] (53)
158 : [2, 97, 163, 522] (58)
159 : [299, 332, 737] (57)
160 : [58, 300, 488, 607, 699] (58)
161 : [43, 195, 469, 733] (57)
162 : [120, 342, 764] (58)
163 : [49, 176, 407, 552] (59)
164 : [8, 186, 503] (56)
165 : [51, 211, 261, 406] (58)
166 : [156, 234, 246, 426, 427, 582] (56)
167 : [141, 628, 708] (57)
168 : [80, 252, 272] (57)
169 : [327, 424, 466, 686, 716] (56)
170 : [253, 276, 309, 345, 369] (51)
171 : [53, 69, 231, 568] (58)
172 : [46, 673, 755, 788] (58)
173 : [250, 409, 498, 627] (60)
174 : [323, 329, 489, 744] (56)
175 : [147, 153, 264, 648] (65)
176 : [525, 633, 681] (60)
177 : [182, 216, 510, 769] (60)
178 : [344, 387, 511] (59)
179 : [84, 158, 481, 484, 623] (58)
180 : [1, 382, 693] (58)
181 : [98, 305, 328, 663, 721, 786] (59)
182 : [61, 77, 138, 645, 743] (58)
183 : [107, 218, 248] (58)
184 : [181, 423, 796] (59)
185 : [7, 242, 664, 684, 690] (59)
186 : [180, 301, 430, 451, 781] (60)
187 : [194, 561, 751] (60)
188 : [26, 36, 438, 512, 514, 700] (59)
189 : [308, 317, 446] (59)
190 : [28, 244, 352, 389] (60)
191 : [456, 750, 790] (63)
192 : [148, 205, 375] (60)
193 : [464, 490, 564, 680, 692] (61)
194 : [6, 131, 363, 440, 546, 569] (60)
195 : [25, 376, 654] (62)
196 : [221, 318, 460, 590, 677, 747] (58)
197 : [262, 372, 399, 576] (62)
198 : [154, 557, 701, 724, 727] (61)
