Name: 800-20-30
Time: 17.77465844154358 
Result: 3013
Solution:  89 120 121 65 96 45 17 6 115 72 60 74 98 45 120 119 124 4 18 41 32 88 90 98 124 60 97 78 126 75 37 94 106 17 13 35 74 83 68 101 89 101 50 101 9 128 104 34 10 119 64 3 45 3 23 87 68 106 122 47 42 126 123 49 7 37 36 123 30 70 69 0 71 101 96 89 120 104 27 19 55 89 13 24 73 14 119 19 123 122 97 122 125 115 59 117 125 129 21 128 58 118 112 50 11 57 103 2 43 53 30 48 24 74 27 117 59 17 51 53 1 80 80 120 42 26 65 17 24 97 63 0 98 71 87 82 43 9 39 45 127 49 16 78 0 53 71 35 120 39 46 101 70 17 57 88 63 91 116 76 78 98 66 73 44 100 1 56 87 104 70 64 112 110 34 56 82 111 117 88 109 40 111 101 67 14 3 2 85 79 128 57 54 115 62 128 103 17 70 116 106 122 33 92 17 51 68 86 125 2 66 129 129 122 127 72 51 110 126 88 59 27 49 3 87 6 112 61 108 60 51 22 127 56 99 53 46 79 17 84 100 97 8 108 44 10 32 77 97 81 21 11 120 85 101 8 64 36 32 113 129 53 89 50 20 25 90 109 108 13 114 5 2 28 100 118 59 31 84 107 121 48 22 41 120 113 49 59 77 94 24 105 38 0 115 88 110 51 54 23 103 57 56 44 111 106 28 38 96 90 75 17 34 94 64 47 43 91 23 39 85 82 127 20 105 105 73 44 51 122 122 32 3 109 102 72 46 90 99 80 35 37 40 28 21 6 91 91 7 124 93 77 49 22 85 31 52 54 53 30 12 56 104 13 83 61 122 92 78 30 98 113 75 102 39 112 0 112 23 111 77 15 43 66 20 118 116 8 34 26 109 112 6 31 8 39 25 124 83 4 65 8 51 86 71 95 81 28 115 118 107 31 88 55 29 126 61 43 19 102 21 6 39 70 4 124 8 49 42 42 37 18 33 74 26 96 88 15 105 128 63 61 81 116 38 123 97 48 13 95 25 51 38 11 69 100 21 65 51 0 5 52 64 106 34 102 12 89 52 57 62 4 33 43 26 92 69 33 25 76 83 81 61 125 106 47 117 79 83 104 93 115 102 54 8 128 15 2 39 124 104 122 79 108 100 23 125 70 59 85 87 36 99 106 24 60 62 125 75 115 95 55 57 124 34 51 52 64 35 90 12 123 103 117 101 15 40 65 90 4 44 50 62 32 75 63 109 12 57 71 22 45 114 78 18 128 68 42 28 110 24 77 29 5 58 96 110 38 124 36 95 31 123 106 1 124 93 110 70 18 94 31 91 53 46 85 24 30 111 26 5 124 104 9 86 24 3 119 26 59 13 45 129 108 93 84 93 67 10 41 58 12 121 45 1 55 83 21 81 86 65 12 21 27 91 25 110 87 117 31 44 59 39 96 47 76 119 123 33 46 12 63 20 107 27 72 42 123 101 119 73 69 22 113 84 80 0 61 47 94 82 29 65 115 6 105 104 28 73 3 76 79 12 57 73 96 99 8 82 23 72 11 69 50 46 111 108 67 127 12 123 10 65 29 72 69 116 43 38 93 121 67 1 113 41 102 3 109 126 16 18 85 41 76 3 16 76 48 38 84 12 14 121 8 18 37 99 7 9 34 99 20 52 26 60 71 109 118 129 40 14 76 74 104 92 73 19 74 38 23 118 58 67 9 125 116 116 78 24 117 79 114 33 11 78 7 62 114 72 128 113 60 35 70 65 31 66 93 50 92 59 80 126 115 81 16 47 112 65 90 33 82 90 111 100 1 15 16 8 66
0 : [71, 131, 144, 293, 376, 459, 656] (21)
1 : [120, 166, 574, 614, 702, 795] (21)
2 : [107, 187, 209, 272, 497] (21)
3 : [51, 53, 186, 223, 332, 596, 669, 706, 714] (21)
4 : [17, 399, 424, 471, 539] (21)
5 : [271, 460, 563, 590] (20)
6 : [7, 225, 345, 392, 421, 664] (20)
7 : [64, 348, 727, 765] (20)
8 : [242, 255, 387, 394, 401, 426, 494, 677, 723, 798] (20)
9 : [44, 137, 593, 728, 753] (23)
10 : [48, 245, 608, 691] (20)
11 : [104, 251, 453, 681, 763] (21)
12 : [360, 466, 530, 547, 611, 621, 640, 672, 689, 720] (20)
13 : [34, 82, 269, 363, 448, 600] (20)
14 : [85, 185, 721, 740] (23)
15 : [381, 437, 496, 535, 796] (20)
16 : [142, 709, 715, 785, 797] (20)
17 : [6, 33, 117, 127, 153, 197, 204, 238, 311] (20)
18 : [18, 431, 554, 579, 710, 724] (22)
19 : [79, 87, 418, 746] (21)
20 : [264, 323, 384, 642, 731] (22)
21 : [98, 250, 344, 420, 456, 617, 622] (22)
22 : [231, 282, 353, 550, 652] (20)
23 : [54, 299, 318, 378, 505, 679, 749] (21)
24 : [83, 112, 128, 290, 514, 560, 586, 595, 758] (20)
25 : [265, 396, 450, 478, 625] (21)
26 : [125, 389, 434, 474, 589, 598, 733] (22)
27 : [78, 114, 221, 623, 644] (24)
28 : [273, 306, 343, 407, 558, 667] (24)
29 : [414, 562, 661, 693] (25)
30 : [68, 110, 359, 369, 587] (22)
31 : [277, 355, 393, 411, 571, 581, 629, 775] (22)
32 : [20, 246, 258, 331, 543] (22)
33 : [202, 432, 472, 477, 638, 762, 790] (22)
34 : [47, 174, 312, 388, 464, 524, 729] (22)
35 : [35, 147, 340, 528, 772] (22)
36 : [66, 257, 511, 569] (23)
37 : [30, 65, 341, 430, 725] (21)
38 : [292, 307, 444, 452, 567, 698, 718, 748] (20)
39 : [138, 149, 319, 374, 395, 422, 498, 632] (21)
40 : [181, 342, 536, 739] (25)
41 : [19, 283, 609, 704, 712] (24)
42 : [60, 124, 428, 429, 557, 646] (23)
43 : [108, 136, 316, 382, 417, 473, 697] (23)
44 : [164, 244, 303, 327, 540, 630] (24)
45 : [5, 13, 52, 139, 551, 601, 613] (24)
46 : [150, 236, 336, 584, 639, 684] (24)
47 : [59, 315, 485, 634, 658, 786] (25)
48 : [111, 281, 447, 717] (24)
49 : [63, 141, 222, 286, 352, 427] (24)
50 : [42, 103, 263, 541, 683, 778] (24)
51 : [118, 205, 216, 230, 297, 328, 402, 451, 458, 525] (24)
52 : [356, 461, 468, 526, 732] (24)
53 : [109, 119, 145, 235, 261, 358, 583] (25)
54 : [192, 298, 357, 493] (25)
55 : [80, 413, 521, 615] (24)
56 : [167, 175, 233, 302, 361] (25)
57 : [105, 154, 191, 301, 469, 522, 548, 673] (25)
58 : [100, 564, 610, 751] (27)
59 : [94, 116, 220, 276, 287, 508, 599, 631, 780] (26)
60 : [10, 25, 229, 515, 734, 771] (25)
61 : [227, 365, 416, 441, 482, 657] (26)
62 : [194, 470, 516, 542, 766] (25)
63 : [130, 156, 440, 545, 641] (26)
64 : [50, 171, 256, 314, 462, 527] (26)
65 : [3, 126, 400, 457, 537, 620, 662, 692, 774, 788] (24)
66 : [162, 210, 383, 776, 799] (26)
67 : [184, 607, 687, 701, 752] (26)
68 : [38, 56, 206, 556] (26)
69 : [70, 454, 476, 651, 682, 695] (27)
70 : [69, 152, 170, 198, 423, 507, 578, 773] (26)
71 : [72, 133, 146, 404, 549, 735] (27)
72 : [9, 215, 335, 645, 680, 694, 768] (27)
73 : [84, 163, 326, 650, 668, 674, 745] (27)
74 : [11, 36, 113, 433, 742, 747] (26)
75 : [29, 310, 372, 518, 544] (26)
76 : [159, 479, 635, 670, 713, 716, 741] (28)
77 : [247, 288, 351, 380, 561] (27)
78 : [27, 143, 160, 368, 553, 757, 764] (29)
79 : [189, 237, 487, 502, 671, 760] (30)
80 : [121, 122, 339, 655, 781] (30)
81 : [249, 406, 442, 481, 618, 784] (30)
82 : [135, 176, 321, 660, 678, 791] (29)
83 : [37, 364, 398, 480, 488, 616] (28)
84 : [239, 278, 605, 654, 719] (28)
85 : [188, 253, 320, 354, 509, 585, 711] (29)
86 : [207, 403, 594, 619] (29)
87 : [55, 134, 168, 224, 510, 627] (29)
88 : [21, 155, 179, 219, 295, 412, 436] (28)
89 : [0, 40, 75, 81, 262, 467] (29)
90 : [22, 266, 309, 337, 529, 538, 789, 792] (28)
91 : [157, 317, 346, 347, 582, 624] (29)
92 : [203, 367, 475, 744, 779] (28)
93 : [350, 490, 576, 604, 606, 699, 777] (29)
94 : [31, 289, 313, 580, 659] (28)
95 : [405, 449, 520, 570] (28)
96 : [4, 74, 308, 435, 565, 633, 675] (28)
97 : [26, 90, 129, 241, 248, 446] (29)
98 : [12, 23, 132, 161, 370] (29)
99 : [234, 338, 512, 676, 726, 730] (29)
100 : [165, 240, 274, 455, 504, 794] (30)
101 : [39, 41, 43, 73, 151, 183, 254, 534, 648] (29)
102 : [334, 373, 419, 465, 492, 705] (28)
103 : [106, 196, 300, 532] (28)
104 : [46, 77, 169, 362, 489, 500, 592, 666, 743] (29)
105 : [291, 324, 325, 438, 665] (28)
106 : [32, 57, 200, 305, 463, 484, 513, 573] (29)
107 : [279, 410, 643] (29)
108 : [228, 243, 268, 503, 603, 686] (29)
109 : [180, 267, 333, 390, 546, 707, 736] (29)
110 : [173, 217, 296, 559, 566, 577, 626] (29)
111 : [177, 182, 304, 379, 588, 685, 793] (28)
112 : [102, 172, 226, 375, 377, 391, 787] (29)
113 : [259, 285, 371, 653, 703, 770] (30)
114 : [270, 552, 761, 767] (30)
115 : [8, 93, 193, 294, 408, 491, 519, 663, 783] (29)
116 : [158, 199, 386, 443, 696, 755, 756] (29)
117 : [95, 115, 178, 486, 533, 628, 759] (29)
118 : [101, 275, 385, 409, 737, 750] (30)
119 : [15, 49, 86, 597, 636, 649] (30)
120 : [1, 14, 76, 123, 148, 252, 284] (29)
121 : [2, 280, 612, 700, 722] (29)
122 : [58, 89, 91, 201, 213, 329, 330, 366, 501] (30)
123 : [62, 67, 88, 445, 531, 572, 637, 647, 690] (30)
124 : [16, 24, 349, 397, 425, 499, 523, 568, 575, 591] (30)
125 : [92, 96, 208, 483, 506, 517, 754] (30)
126 : [28, 61, 218, 415, 708, 782] (30)
127 : [140, 214, 232, 322, 688] (30)
128 : [45, 99, 190, 195, 439, 495, 555, 769] (30)
129 : [97, 211, 212, 260, 602, 738] (33)
