Name: 800-30-45
Time: 18.712422609329224 
Result: 2016
Solution:  1 107 95 46 34 65 113 59 38 96 45 21 3 64 79 0 60 69 74 47 41 48 83 51 8 32 78 19 49 35 51 92 89 94 46 80 111 99 79 48 16 102 11 53 26 114 115 60 115 86 5 0 115 45 88 64 46 95 105 72 70 79 3 59 4 100 41 84 109 86 86 70 105 61 13 80 98 36 86 60 52 96 28 3 62 72 34 102 93 96 62 112 37 16 24 91 85 5 68 84 61 59 46 28 9 44 98 32 3 96 77 45 108 61 54 67 5 62 43 68 99 95 15 110 88 49 40 65 78 58 46 102 82 60 93 87 96 78 17 14 55 35 1 66 67 70 98 108 83 90 75 100 80 62 43 113 38 89 13 64 51 19 23 2 65 60 71 7 29 98 102 107 95 38 60 57 27 74 106 112 83 27 6 94 22 21 115 44 29 111 18 9 23 13 114 94 49 78 57 37 26 71 89 41 17 61 101 106 32 28 80 7 98 100 36 95 52 46 15 40 79 3 25 46 40 91 98 93 10 47 52 53 42 101 12 12 112 0 46 87 94 108 94 32 72 116 14 65 24 111 33 20 73 39 48 39 50 114 54 18 83 25 57 84 30 29 35 45 39 107 2 90 31 41 109 26 66 80 90 26 20 23 15 49 77 22 109 116 46 68 4 1 37 88 72 72 109 38 69 64 112 95 12 39 15 3 79 20 47 32 74 53 81 50 105 24 108 80 0 31 29 33 40 29 104 4 27 41 40 81 116 49 98 57 75 16 65 24 23 37 60 102 69 79 102 55 21 39 53 36 52 21 48 110 45 82 85 2 3 26 8 90 95 66 20 35 90 42 56 78 14 86 101 35 31 11 91 81 84 32 49 8 74 97 113 64 51 9 62 24 90 37 82 22 12 99 101 32 78 32 13 52 75 28 4 108 44 25 50 96 74 98 60 71 64 86 7 111 20 63 20 80 91 104 40 16 89 0 28 92 28 76 90 54 71 6 14 56 79 100 89 104 82 31 61 62 24 23 47 82 101 116 83 114 39 27 3 29 41 56 50 53 87 23 76 53 68 6 93 81 76 114 93 76 50 76 62 36 16 19 68 86 79 41 29 62 38 2 105 54 105 35 3 91 33 107 25 115 99 81 55 102 44 28 38 92 11 84 73 72 41 92 63 62 77 112 42 8 61 89 104 52 95 19 73 8 78 65 47 84 55 65 43 87 10 106 101 25 22 5 69 79 29 83 20 116 40 17 76 42 33 100 36 48 12 45 69 67 46 72 97 14 56 43 7 3 16 30 22 71 23 64 107 34 67 45 17 84 79 21 111 111 22 40 93 19 57 30 73 9 110 114 58 70 3 88 71 108 47 64 11 67 22 59 24 76 103 63 115 31 60 103 48 14 86 109 71 30 17 104 44 36 11 108 8 33 92 105 25 20 97 5 66 25 112 38 66 58 15 49 110 71 9 97 28 88 106 27 108 3 88 53 74 108 71 74 105 1 99 15 115 19 25 60 65 82 87 73 6 7 61 93 18 109 90 37 115 72 81 56 15 50 59 30 88 108 50 5 14 5 104 107 111 103 29 33 42 37 85 54 2 85 21 42 58 70 29 58 85 34 44 100 97 70 77 57 105 52 111 113 11 103 91 51 96 94 10 43 93 115 77 51 48 11 82 100 114 55 69 31 18 10 112 13 41 68 107 106 105 8 59 85 43 18 56 81 63 85 33 2 86 93 62 18 68 91 52 101 69 100 51 28 70 105 116 80 57 29 70 77 73 40 104 110 16 36 52 10 56 34 27 97 103 72 28 113 60 3 75 10
0 : [15, 51, 237, 318, 427] (32)
1 : [0, 142, 291, 657] (33)
2 : [163, 270, 357, 487, 700, 759] (30)
3 : [12, 62, 83, 108, 221, 305, 358, 456, 492, 565, 594, 649, 797] (29)
4 : [64, 290, 325, 404] (29)
5 : [50, 97, 116, 539, 631, 687, 689] (30)
6 : [182, 435, 467, 668] (31)
7 : [167, 211, 416, 564, 669] (30)
8 : [24, 360, 381, 517, 525, 624, 749] (31)
9 : [104, 191, 387, 589, 642] (32)
10 : [228, 534, 726, 741, 787, 799] (31)
11 : [42, 375, 506, 600, 622, 720, 733] (30)
12 : [234, 235, 302, 394, 554] (31)
13 : [74, 158, 193, 400, 743] (30)
14 : [139, 246, 370, 436, 561, 613, 688] (31)
15 : [122, 218, 282, 304, 638, 659, 680] (32)
16 : [40, 93, 335, 425, 478, 566, 784] (33)
17 : [138, 204, 547, 576, 618] (34)
18 : [190, 259, 672, 740, 753, 763] (35)
19 : [27, 161, 479, 523, 585, 661] (33)
20 : [251, 280, 307, 364, 418, 420, 544, 629] (33)
21 : [11, 185, 346, 351, 579, 702] (36)
22 : [184, 285, 393, 538, 568, 582, 602] (34)
23 : [162, 192, 281, 338, 447, 463, 570] (33)
24 : [94, 248, 315, 337, 389, 446, 604] (33)
25 : [222, 261, 407, 496, 537, 628, 633, 662] (32)
26 : [44, 200, 275, 279, 359] (34)
27 : [176, 181, 326, 455, 647, 790] (31)
28 : [82, 103, 209, 403, 428, 430, 503, 644, 771, 794] (32)
29 : [168, 188, 265, 320, 323, 457, 484, 542, 694, 706, 777] (32)
30 : [264, 567, 587, 617, 683] (33)
31 : [272, 319, 374, 443, 609, 739] (35)
32 : [25, 107, 208, 243, 309, 379, 397, 399] (35)
33 : [250, 321, 494, 550, 625, 695, 758] (36)
34 : [4, 86, 573, 709, 789] (35)
35 : [29, 141, 266, 365, 373, 491] (35)
36 : [77, 214, 349, 477, 552, 621, 785] (36)
37 : [92, 199, 292, 339, 391, 675, 697] (36)
38 : [8, 156, 173, 297, 486, 504, 635] (36)
39 : [253, 255, 268, 303, 347, 454] (35)
40 : [126, 219, 224, 322, 328, 424, 546, 583, 781] (36)
41 : [20, 66, 203, 273, 327, 458, 483, 510, 744] (38)
42 : [232, 367, 516, 549, 696, 703] (37)
43 : [118, 154, 532, 563, 727, 752] (37)
44 : [105, 187, 406, 502, 620, 710] (38)
45 : [10, 53, 111, 267, 354, 555, 575] (38)
46 : [3, 34, 56, 102, 130, 217, 223, 238, 288, 558] (38)
47 : [19, 229, 308, 448, 528, 598] (37)
48 : [21, 39, 254, 352, 553, 612, 732] (38)
49 : [28, 125, 196, 283, 331, 380, 639] (38)
50 : [256, 313, 408, 460, 474, 681, 686] (37)
51 : [23, 30, 160, 386, 723, 731, 770] (38)
52 : [80, 216, 230, 350, 401, 521, 717, 766, 786] (38)
53 : [43, 231, 311, 348, 461, 465, 651] (39)
54 : [114, 258, 433, 489, 699] (38)
55 : [140, 345, 500, 530, 737] (38)
56 : [368, 437, 459, 562, 679, 754, 788] (37)
57 : [175, 198, 262, 333, 586, 715, 776] (40)
58 : [129, 592, 637, 704, 707] (37)
59 : [7, 63, 101, 603, 682, 750] (37)
60 : [16, 47, 79, 133, 165, 174, 340, 412, 610, 663, 796] (35)
61 : [73, 100, 113, 205, 444, 518, 670] (35)
62 : [84, 90, 117, 153, 388, 445, 476, 485, 513, 762] (35)
63 : [419, 512, 607, 756] (37)
64 : [13, 55, 159, 299, 385, 414, 571, 599] (37)
65 : [5, 127, 164, 247, 336, 527, 531, 664] (38)
66 : [143, 276, 363, 632, 636] (43)
67 : [115, 144, 557, 574, 601] (40)
68 : [98, 119, 289, 466, 480, 745, 764] (41)
69 : [17, 298, 342, 540, 556, 738, 768] (40)
70 : [60, 71, 145, 593, 705, 713, 772, 778] (40)
71 : [166, 201, 413, 434, 569, 596, 616, 641, 654] (39)
72 : [59, 85, 244, 294, 295, 509, 559, 677, 793] (39)
73 : [252, 508, 524, 588, 667, 780] (41)
74 : [18, 177, 310, 382, 410, 652, 655] (40)
75 : [150, 334, 402, 798] (42)
76 : [431, 464, 470, 473, 475, 548, 605] (40)
77 : [110, 284, 514, 714, 730, 779] (41)
78 : [26, 128, 137, 197, 369, 398, 526] (41)
79 : [14, 38, 61, 220, 306, 343, 438, 482, 541, 578] (42)
80 : [35, 75, 152, 210, 277, 317, 421, 775] (41)
81 : [312, 329, 377, 469, 499, 678, 755] (41)
82 : [132, 355, 392, 442, 449, 665, 734] (42)
83 : [22, 148, 180, 260, 452, 543] (41)
84 : [67, 99, 263, 378, 507, 529, 577] (41)
85 : [96, 356, 698, 701, 708, 751, 757] (41)
86 : [49, 69, 70, 78, 371, 415, 481, 614, 760] (42)
87 : [135, 239, 462, 533, 666] (44)
88 : [54, 124, 293, 595, 645, 650, 684] (41)
89 : [32, 157, 202, 426, 440, 519] (41)
90 : [149, 271, 278, 361, 366, 390, 432, 674] (42)
91 : [95, 225, 376, 422, 493, 722, 765] (41)
92 : [31, 429, 505, 511, 626] (42)
93 : [88, 134, 227, 468, 472, 584, 671, 728, 761] (42)
94 : [33, 183, 195, 240, 242, 725] (41)
95 : [2, 57, 121, 172, 215, 301, 362, 522] (42)
96 : [9, 81, 89, 109, 136, 409, 724] (43)
97 : [383, 560, 630, 643, 712, 791] (43)
98 : [76, 106, 146, 169, 212, 226, 332, 411] (41)
99 : [37, 120, 395, 498, 658] (43)
100 : [65, 151, 213, 439, 551, 711, 735, 769] (42)
101 : [206, 233, 372, 396, 450, 536, 767] (45)
102 : [41, 87, 131, 170, 341, 344, 501] (43)
103 : [606, 611, 693, 721, 792] (45)
104 : [324, 423, 441, 520, 619, 690, 782] (44)
105 : [58, 72, 314, 488, 490, 627, 656, 716, 748, 773] (42)
106 : [178, 207, 535, 646, 747] (45)
107 : [1, 171, 269, 495, 572, 691, 746] (43)
108 : [112, 147, 241, 316, 405, 597, 623, 648, 653, 685] (43)
109 : [68, 274, 286, 296, 615, 673] (45)
110 : [123, 353, 590, 640, 783] (44)
111 : [36, 189, 249, 417, 580, 581, 692, 718] (44)
112 : [91, 179, 236, 300, 515, 634, 742] (43)
113 : [6, 155, 384, 719, 795] (45)
114 : [45, 194, 257, 453, 471, 591, 736] (45)
115 : [46, 48, 52, 186, 497, 608, 660, 676, 729] (45)
116 : [245, 287, 330, 451, 545, 774] (45)
