Name: 800-30-45
Time: 18.817545890808105 
Result: 3017
Solution:  1 107 97 46 33 64 115 60 37 92 43 19 4 64 79 1 61 69 74 47 41 51 85 48 10 34 80 20 49 36 49 91 89 92 46 82 107 98 80 48 15 103 11 52 25 113 115 62 116 86 8 0 116 46 93 65 47 94 105 73 69 81 3 59 4 100 43 84 112 86 86 70 103 61 10 81 99 36 86 59 52 96 27 7 60 72 33 104 91 97 60 113 38 15 25 90 87 4 69 83 58 59 45 26 8 47 99 33 1 93 79 44 111 62 58 67 5 62 45 68 99 97 15 111 88 49 41 66 78 57 47 103 82 60 92 87 95 80 16 13 55 32 1 65 71 70 101 107 83 90 76 101 80 63 45 115 39 89 14 65 50 19 24 3 64 61 72 10 29 97 98 109 96 40 60 59 30 73 106 111 83 27 7 96 23 23 112 44 29 110 18 8 21 13 114 94 49 79 57 36 24 72 90 41 17 61 99 106 33 28 81 7 100 99 36 96 54 44 14 40 79 7 24 49 39 89 98 92 13 48 51 53 43 101 11 11 112 0 46 88 97 105 93 32 73 116 9 67 25 109 35 20 74 39 46 38 52 115 59 18 82 28 56 85 30 29 36 46 38 105 2 91 31 42 109 27 66 78 89 25 20 23 16 49 77 22 104 115 47 67 4 3 38 85 72 71 108 38 67 63 115 94 14 37 18 2 74 19 46 33 70 53 77 50 107 24 108 84 0 34 30 32 38 28 102 5 29 41 39 81 114 47 98 58 76 15 66 26 23 34 60 102 68 80 105 55 21 41 53 35 50 21 48 111 45 83 88 1 7 26 9 89 95 66 21 35 92 43 56 78 14 85 101 36 30 14 90 82 84 35 49 6 74 97 114 63 51 9 61 26 89 37 82 18 13 99 101 33 75 32 12 54 75 28 4 108 44 29 50 96 74 98 63 69 63 85 6 110 24 62 19 81 90 103 39 20 91 0 24 92 25 76 94 55 71 5 14 53 80 101 88 106 79 29 60 64 25 24 48 84 103 114 87 111 39 30 2 28 40 55 51 53 86 22 80 53 68 6 94 77 78 116 93 76 52 75 61 34 15 18 68 86 78 39 30 62 39 0 104 54 105 38 1 88 34 106 26 116 100 82 55 102 43 29 39 91 10 83 73 73 46 95 65 63 74 115 42 7 61 87 104 51 95 19 75 6 78 63 47 82 55 70 42 87 7 104 104 23 22 5 69 83 30 85 20 116 40 18 76 43 33 99 36 47 12 43 69 67 45 71 96 14 57 44 7 2 16 31 22 69 24 64 108 40 66 40 17 82 80 21 111 110 23 39 97 18 56 31 72 12 110 114 58 70 1 91 73 110 47 63 11 65 23 59 23 81 102 63 115 31 60 101 48 13 89 109 71 29 16 102 45 35 11 104 8 31 95 105 24 20 91 5 66 24 112 38 67 59 11 51 110 71 9 95 28 88 107 27 109 1 88 55 73 110 71 75 103 1 100 15 114 19 28 60 63 83 85 73 8 2 61 91 19 109 91 37 113 72 82 53 18 48 57 26 88 110 51 7 14 5 103 108 111 103 28 31 42 37 86 53 2 84 21 42 59 71 28 63 83 35 44 100 97 69 78 56 101 56 111 113 10 106 90 52 96 94 9 44 92 115 77 50 48 12 79 100 114 56 68 33 17 9 112 12 37 67 107 108 108 10 54 82 45 18 57 85 63 88 35 2 86 95 62 15 68 90 54 99 70 100 50 28 66 107 116 80 56 30 70 75 76 40 102 109 17 39 51 10 55 34 28 93 105 70 29 113 60 1 74 9
0 : [51, 237, 318, 427, 487] (29)
1 : [0, 15, 108, 142, 357, 492, 594, 649, 657, 797] (29)
2 : [270, 305, 456, 565, 669, 700, 759] (31)
3 : [62, 163, 291] (30)
4 : [12, 64, 97, 290, 404] (34)
5 : [116, 325, 435, 539, 631, 689] (30)
6 : [381, 416, 467, 525] (32)
7 : [83, 182, 211, 221, 358, 517, 534, 564, 687] (32)
8 : [50, 104, 191, 624, 668] (32)
9 : [246, 360, 387, 642, 726, 741, 799] (30)
10 : [24, 74, 167, 506, 720, 749, 787] (31)
11 : [42, 234, 235, 600, 622, 638] (31)
12 : [400, 554, 589, 733, 743] (30)
13 : [139, 193, 228, 394, 613] (34)
14 : [158, 218, 302, 370, 375, 436, 561, 688] (32)
15 : [40, 93, 122, 335, 478, 659, 763] (31)
16 : [138, 282, 566, 618] (34)
17 : [204, 576, 740, 784] (33)
18 : [190, 259, 304, 393, 479, 547, 585, 680, 753] (31)
19 : [11, 161, 307, 420, 523, 661, 672] (31)
20 : [27, 251, 280, 425, 544, 629] (33)
21 : [192, 346, 351, 364, 579, 702] (31)
22 : [285, 463, 538, 568] (31)
23 : [184, 185, 281, 338, 537, 582, 602, 604] (32)
24 : [162, 200, 222, 315, 418, 428, 447, 570, 628, 633] (33)
25 : [44, 94, 248, 279, 430, 446] (33)
26 : [103, 337, 359, 389, 496, 683] (35)
27 : [82, 181, 275, 647] (35)
28 : [209, 261, 323, 403, 457, 644, 662, 694, 706, 771, 790] (34)
29 : [168, 188, 265, 326, 407, 443, 503, 617, 794] (36)
30 : [176, 264, 320, 374, 455, 484, 542, 777] (34)
31 : [272, 567, 587, 609, 625, 695] (35)
32 : [141, 243, 321, 399] (35)
33 : [4, 86, 107, 208, 309, 397, 550, 739] (35)
34 : [25, 319, 339, 477, 494, 789] (35)
35 : [250, 349, 365, 379, 621, 709, 758] (36)
36 : [29, 77, 199, 214, 266, 373, 552] (34)
37 : [8, 303, 391, 675, 697, 744] (36)
38 : [92, 255, 268, 292, 297, 322, 491, 635] (34)
39 : [156, 224, 253, 328, 424, 454, 483, 486, 504, 583, 785] (34)
40 : [173, 219, 458, 546, 573, 575, 781] (35)
41 : [20, 126, 203, 327, 347] (39)
42 : [273, 516, 532, 696, 703] (38)
43 : [10, 66, 232, 367, 502, 549, 555] (36)
44 : [111, 187, 217, 406, 563, 710, 727] (37)
45 : [102, 118, 154, 354, 558, 620, 752] (37)
46 : [3, 34, 53, 238, 254, 267, 308, 510] (36)
47 : [19, 56, 105, 130, 288, 331, 528, 553, 598] (36)
48 : [23, 39, 229, 352, 448, 612, 681, 732] (36)
49 : [28, 30, 125, 196, 223, 283, 380] (37)
50 : [160, 313, 350, 408, 731, 770] (38)
51 : [21, 230, 386, 460, 521, 639, 686, 786] (38)
52 : [43, 80, 256, 474, 723] (39)
53 : [231, 311, 348, 437, 461, 465, 679, 699] (39)
54 : [216, 401, 489, 750, 766] (40)
55 : [140, 345, 433, 459, 500, 530, 651, 788] (38)
56 : [262, 368, 586, 715, 717, 737, 776] (40)
57 : [129, 198, 562, 682, 754] (38)
58 : [100, 114, 333, 592] (39)
59 : [63, 79, 101, 175, 258, 603, 637, 704] (37)
60 : [7, 84, 90, 133, 174, 340, 444, 610, 663, 796] (36)
61 : [16, 73, 165, 205, 388, 476, 518, 670] (35)
62 : [47, 113, 117, 419, 485, 762] (36)
63 : [153, 299, 385, 412, 414, 513, 527, 599, 607, 664, 707, 756] (36)
64 : [5, 13, 164, 445, 571] (36)
65 : [55, 143, 159, 512, 601] (39)
66 : [127, 276, 336, 363, 574, 632, 772] (40)
67 : [115, 247, 289, 298, 557, 636, 745] (39)
68 : [119, 342, 466, 480, 738, 764] (37)
69 : [17, 60, 98, 413, 540, 556, 569, 713] (37)
70 : [71, 145, 310, 531, 593, 768, 778, 793] (39)
71 : [144, 295, 434, 559, 616, 641, 654, 705] (39)
72 : [85, 166, 201, 294, 588, 677] (41)
73 : [59, 177, 244, 508, 509, 596, 652, 667] (40)
74 : [18, 252, 306, 382, 410, 514, 798] (42)
75 : [398, 402, 475, 524, 655, 779] (42)
76 : [150, 334, 431, 473, 548, 780] (41)
77 : [284, 312, 469, 730] (43)
78 : [128, 277, 369, 470, 482, 526, 714] (43)
79 : [14, 110, 197, 220, 442, 734] (42)
80 : [26, 38, 137, 152, 343, 438, 464, 578, 775] (42)
81 : [61, 75, 210, 329, 421, 605] (43)
82 : [35, 132, 260, 377, 392, 499, 529, 577, 678, 751] (41)
83 : [99, 148, 180, 355, 507, 541, 665, 708] (41)
84 : [67, 317, 378, 449, 701] (41)
85 : [22, 263, 293, 371, 415, 543, 666, 755] (41)
86 : [49, 69, 70, 78, 462, 481, 698, 760] (41)
87 : [96, 135, 452, 519, 533] (41)
88 : [124, 239, 356, 440, 493, 645, 650, 684, 757] (41)
89 : [32, 157, 225, 278, 361, 390, 614] (42)
90 : [95, 149, 202, 376, 422, 722, 765] (43)
91 : [31, 88, 271, 426, 505, 595, 630, 671, 674] (43)
92 : [9, 33, 134, 227, 366, 429, 728] (42)
93 : [54, 109, 242, 472, 791] (43)
94 : [57, 195, 301, 432, 468, 725] (43)
95 : [136, 362, 511, 522, 626, 643, 761] (43)
96 : [81, 172, 183, 215, 409, 560, 724] (43)
97 : [2, 89, 121, 169, 240, 383, 584, 712] (43)
98 : [37, 170, 226, 332, 411] (43)
99 : [76, 106, 120, 206, 213, 395, 551, 767] (43)
100 : [65, 212, 498, 658, 711, 735, 769] (43)
101 : [146, 151, 233, 372, 396, 439, 611, 716] (45)
102 : [324, 341, 501, 606, 619, 782] (45)
103 : [41, 72, 131, 423, 450, 656, 690, 693] (43)
104 : [87, 286, 488, 520, 535, 536, 623] (44)
105 : [58, 241, 269, 344, 490, 627, 792] (45)
106 : [178, 207, 441, 495, 721] (45)
107 : [1, 36, 147, 314, 646, 746, 773] (42)
108 : [296, 316, 405, 572, 691, 747, 748] (43)
109 : [171, 249, 274, 615, 648, 673, 783] (42)
110 : [189, 417, 581, 590, 597, 640, 653, 685] (43)
111 : [112, 123, 179, 353, 453, 580, 692, 718] (42)
112 : [68, 186, 236, 634, 742] (46)
113 : [45, 91, 676, 719, 795] (45)
114 : [194, 330, 384, 451, 591, 660, 736] (45)
115 : [6, 46, 155, 257, 287, 300, 515, 608, 729] (44)
116 : [48, 52, 245, 471, 497, 545, 774] (43)
