Name: 800-30-45
Time: 20.780783653259277 
Result: 2017
Solution:  0 107 96 46 31 64 111 60 37 91 43 24 4 68 79 0 59 68 74 49 37 50 84 47 9 35 80 20 52 36 52 92 89 96 47 79 108 98 79 48 18 103 11 52 26 114 116 63 116 86 7 0 115 45 88 65 51 90 104 74 71 79 4 59 4 101 41 84 110 87 85 70 105 63 10 80 98 38 86 60 52 96 28 9 62 73 35 104 91 98 61 113 38 15 26 92 84 2 70 84 59 60 46 28 6 42 98 32 5 97 76 45 110 65 58 66 5 62 45 68 101 98 15 109 88 47 40 67 77 55 46 102 82 60 93 88 95 79 18 16 54 32 1 66 69 70 97 108 85 90 76 100 78 62 43 116 39 88 14 65 51 18 23 1 63 60 71 7 30 100 100 111 96 38 59 59 27 73 105 111 82 25 7 94 21 22 114 46 29 110 18 9 22 13 114 95 50 76 56 37 24 71 89 41 17 61 101 103 33 28 80 7 98 99 35 94 52 45 14 43 80 4 22 50 39 90 97 88 10 49 52 53 46 100 12 9 113 3 48 86 95 105 93 35 72 115 13 66 25 108 34 20 73 40 45 40 53 115 55 17 82 25 55 80 29 29 34 44 38 107 2 92 31 41 109 26 64 82 90 24 20 24 15 49 77 21 109 116 45 67 5 2 38 87 72 75 109 39 67 64 114 95 14 38 18 0 78 21 47 32 70 52 81 47 104 23 108 81 0 31 30 33 43 30 103 4 27 40 40 81 114 47 98 58 77 16 64 27 22 34 59 100 69 80 105 54 21 42 53 33 51 22 48 112 45 83 87 0 7 25 9 90 93 66 22 34 90 42 57 77 13 85 101 35 30 12 90 82 85 35 49 8 73 100 112 63 51 7 61 23 88 38 81 21 13 99 101 33 75 32 14 54 75 31 3 107 43 27 50 98 72 97 64 70 64 85 7 111 21 61 19 83 91 103 41 16 92 1 25 91 27 75 92 56 70 5 14 52 80 99 88 104 80 30 59 63 27 23 47 81 104 114 84 111 39 30 3 29 41 58 48 53 86 23 80 55 68 6 94 79 79 113 93 76 51 76 64 36 16 21 68 87 78 41 30 60 39 0 105 56 105 38 0 89 34 107 24 116 99 82 54 102 43 28 39 93 11 84 75 73 41 94 62 58 77 115 42 8 61 89 106 51 94 19 74 7 78 64 47 80 55 66 42 87 9 104 102 24 26 4 69 81 30 88 21 116 38 21 75 43 33 100 36 50 13 43 68 67 46 70 95 14 57 41 8 7 16 31 21 68 22 64 106 36 67 41 17 83 79 19 111 109 21 39 96 16 56 32 74 11 111 115 57 70 1 91 73 108 49 63 14 66 25 58 23 78 103 63 115 31 59 104 49 12 86 110 72 29 15 105 44 37 13 106 10 32 93 106 27 20 92 4 66 25 112 39 67 62 12 52 109 74 10 96 29 88 107 28 110 7 89 53 78 111 71 73 104 0 99 15 116 19 26 60 64 82 86 73 6 3 59 92 18 111 89 36 113 72 84 57 19 51 58 27 90 110 53 8 14 5 108 106 111 103 26 31 42 38 86 54 1 85 22 44 59 70 28 62 83 35 42 99 95 65 78 56 103 53 111 113 10 102 91 51 96 94 11 42 93 114 74 48 46 14 78 99 115 55 70 31 17 10 112 12 37 67 105 106 108 8 54 82 42 20 57 80 63 87 34 1 87 94 65 18 69 91 53 99 71 100 53 28 65 107 115 85 57 30 70 77 74 40 102 109 15 39 51 11 56 33 29 97 104 71 27 115 60 5 75 8
0 : [0, 15, 51, 305, 318, 357, 487, 492, 657] (31)
1 : [142, 163, 427, 594, 700, 759] (30)
2 : [97, 270, 291] (31)
3 : [237, 404, 456, 669] (31)
4 : [12, 62, 64, 221, 325, 539, 631] (31)
5 : [108, 116, 290, 435, 689, 797] (31)
6 : [104, 467, 668] (30)
7 : [50, 167, 182, 211, 358, 387, 416, 525, 565, 649] (29)
8 : [381, 517, 564, 687, 749, 799] (30)
9 : [24, 83, 191, 235, 360, 534] (30)
10 : [74, 228, 624, 642, 720, 741] (30)
11 : [42, 506, 589, 726, 787] (31)
12 : [234, 375, 613, 638, 743] (30)
13 : [193, 246, 370, 394, 554, 622] (36)
14 : [158, 218, 302, 400, 436, 561, 600, 688, 733] (32)
15 : [93, 122, 282, 618, 659, 784] (33)
16 : [139, 335, 425, 478, 566, 585] (34)
17 : [204, 259, 576, 740] (36)
18 : [40, 138, 161, 190, 304, 672, 763] (31)
19 : [420, 523, 579, 661, 680] (36)
20 : [27, 251, 280, 629, 753] (32)
21 : [184, 285, 307, 346, 393, 418, 479, 544, 547, 568, 582] (31)
22 : [185, 192, 222, 338, 351, 364, 570, 702] (31)
23 : [162, 315, 389, 447, 463, 604] (32)
24 : [11, 200, 279, 281, 496, 537] (32)
25 : [181, 248, 261, 359, 428, 602, 633] (33)
26 : [44, 94, 275, 538, 662, 694] (33)
27 : [176, 326, 337, 407, 430, 446, 628, 683, 794] (33)
28 : [82, 103, 209, 503, 647, 706, 771] (34)
29 : [188, 264, 265, 457, 617, 644, 790] (33)
30 : [168, 320, 323, 374, 443, 455, 484, 542, 777] (34)
31 : [4, 272, 319, 403, 567, 609, 695, 739] (33)
32 : [107, 141, 309, 399, 587, 625] (37)
33 : [208, 321, 349, 397, 550, 789] (38)
34 : [250, 266, 339, 365, 494, 758] (36)
35 : [25, 86, 214, 243, 373, 379, 709] (37)
36 : [29, 477, 552, 573, 675] (36)
37 : [8, 20, 199, 621, 744] (36)
38 : [77, 92, 173, 268, 292, 303, 391, 491, 546, 697] (36)
39 : [156, 224, 297, 454, 486, 504, 583, 635, 785] (35)
40 : [126, 253, 255, 327, 328, 781] (35)
41 : [66, 203, 273, 424, 458, 483, 510, 563, 575] (36)
42 : [105, 347, 367, 516, 532, 696, 710, 727, 752] (36)
43 : [10, 154, 219, 322, 406, 502, 549, 555] (37)
44 : [267, 620, 703] (37)
45 : [53, 111, 118, 217, 254, 288, 354] (37)
46 : [3, 102, 130, 187, 232, 558, 732] (37)
47 : [23, 34, 125, 308, 313, 331, 448, 528] (38)
48 : [39, 238, 352, 460, 731] (37)
49 : [19, 229, 283, 380, 598, 612] (36)
50 : [21, 196, 223, 408, 553] (38)
51 : [56, 160, 350, 386, 474, 521, 681, 723, 786] (37)
52 : [28, 30, 43, 80, 216, 230, 311, 437, 639] (37)
53 : [231, 256, 348, 461, 651, 686, 717, 766, 770] (37)
54 : [140, 345, 401, 500, 699, 750] (38)
55 : [129, 258, 262, 465, 530, 737] (38)
56 : [198, 433, 489, 586, 715, 788] (37)
57 : [368, 562, 592, 679, 754, 776] (37)
58 : [114, 333, 459, 513, 603, 682] (37)
59 : [16, 63, 100, 174, 175, 340, 444, 610, 670, 704] (37)
60 : [7, 79, 101, 133, 165, 485, 663, 796] (38)
61 : [90, 205, 388, 419, 518] (39)
62 : [84, 117, 153, 512, 637, 707] (38)
63 : [47, 73, 164, 385, 445, 599, 607, 756] (38)
64 : [5, 276, 299, 336, 412, 414, 476, 527, 571, 664] (37)
65 : [55, 113, 159, 713, 762, 772] (37)
66 : [115, 143, 247, 363, 531, 601, 632] (38)
67 : [127, 289, 298, 557, 574, 636, 745] (39)
68 : [13, 17, 119, 466, 480, 556, 569] (38)
69 : [144, 342, 540, 764] (44)
70 : [71, 98, 145, 310, 413, 434, 559, 593, 705, 738, 778] (40)
71 : [60, 166, 201, 654, 768, 793] (40)
72 : [244, 294, 410, 616, 677] (41)
73 : [85, 177, 252, 382, 509, 596, 655, 667] (41)
74 : [18, 59, 524, 588, 641, 730, 780] (42)
75 : [295, 398, 402, 431, 508, 548, 798] (42)
76 : [110, 150, 197, 473, 475] (42)
77 : [128, 284, 334, 369, 514, 779] (40)
78 : [152, 306, 482, 526, 605, 652, 714, 734] (40)
79 : [14, 35, 38, 61, 137, 469, 470, 578] (40)
80 : [26, 75, 210, 220, 263, 343, 438, 442, 464, 529, 755] (40)
81 : [312, 317, 329, 392, 449, 541] (40)
82 : [132, 180, 260, 277, 377, 499, 665, 751] (41)
83 : [355, 421, 577, 708] (39)
84 : [22, 67, 96, 99, 452, 507, 678] (40)
85 : [70, 148, 371, 378, 415, 701, 775] (40)
86 : [49, 78, 239, 462, 614, 666, 698] (42)
87 : [69, 293, 356, 481, 533, 757, 760] (41)
88 : [54, 124, 135, 157, 227, 390, 440, 543, 645] (42)
89 : [32, 202, 493, 519, 650, 674] (42)
90 : [57, 149, 225, 278, 361, 366, 376, 684] (43)
91 : [9, 88, 422, 429, 595, 722, 765] (43)
92 : [31, 95, 271, 426, 432, 630, 671] (43)
93 : [134, 242, 362, 472, 505, 626, 728] (43)
94 : [183, 215, 468, 511, 522, 725, 761] (43)
95 : [136, 195, 240, 301, 560, 712] (45)
96 : [2, 33, 81, 172, 584, 643, 724] (42)
97 : [109, 146, 226, 411, 791] (43)
98 : [37, 76, 89, 106, 121, 212, 332, 409] (42)
99 : [213, 395, 439, 498, 658, 711, 735, 767] (42)
100 : [151, 169, 170, 233, 341, 383, 551, 769] (42)
101 : [65, 120, 206, 372, 396] (44)
102 : [131, 501, 536, 721, 782] (45)
103 : [41, 207, 324, 423, 606, 693, 716] (45)
104 : [58, 87, 314, 441, 450, 535, 611, 656, 792] (44)
105 : [72, 178, 241, 344, 488, 490, 619, 746] (45)
106 : [520, 572, 623, 627, 691, 747] (44)
107 : [1, 269, 405, 495, 646, 773] (44)
108 : [36, 147, 249, 316, 597, 690, 748] (43)
109 : [123, 274, 286, 296, 581, 640, 783] (43)
110 : [68, 112, 189, 615, 648, 685] (44)
111 : [6, 171, 179, 417, 453, 580, 590, 653, 673, 692, 718] (44)
112 : [353, 384, 634, 742] (43)
113 : [91, 236, 471, 676, 719] (46)
114 : [45, 186, 194, 300, 330, 451, 729] (45)
115 : [52, 245, 257, 515, 591, 608, 736, 774, 795] (44)
116 : [46, 48, 155, 287, 497, 545, 660] (43)
