Name: 800-20-30
Time: 17.840417623519897 
Result: 9013
Solution:  89 121 121 64 95 47 18 6 115 72 57 75 99 46 121 117 123 6 18 44 33 88 89 98 122 61 97 74 125 74 38 94 107 17 15 31 76 83 67 101 90 101 50 99 9 128 105 32 11 119 66 4 45 5 24 88 68 106 122 48 41 125 122 50 4 37 35 123 33 68 71 0 74 102 98 89 121 104 27 17 52 91 13 24 75 14 119 16 123 123 96 122 128 117 58 114 124 129 18 128 58 116 111 50 9 55 104 1 42 53 31 47 22 74 27 115 58 16 51 53 2 80 80 120 41 26 67 17 26 97 63 0 99 70 86 81 41 11 38 45 127 48 10 76 0 53 71 35 120 38 49 102 68 14 55 89 61 90 114 77 76 98 67 72 46 96 2 55 86 107 69 64 112 110 34 56 82 112 119 89 111 40 111 101 69 14 2 3 84 80 128 57 55 116 63 129 103 16 70 115 106 122 34 92 15 51 68 83 128 1 66 129 129 122 127 72 53 110 126 90 58 27 51 3 87 8 114 60 108 61 53 22 124 56 95 54 48 77 16 84 99 93 11 109 48 12 33 76 95 82 20 11 121 83 101 6 64 35 34 114 129 54 89 49 19 26 92 107 108 15 114 5 0 27 100 118 58 31 87 109 121 48 19 41 123 113 49 58 78 95 25 106 38 2 115 85 108 51 54 24 103 54 57 46 111 106 29 35 92 90 75 15 38 92 64 47 42 91 26 39 85 82 126 16 106 105 74 45 55 120 120 34 6 109 102 73 46 88 100 78 31 36 40 28 22 6 89 90 8 127 92 79 47 23 85 34 54 54 54 29 12 57 108 13 84 60 123 96 81 30 99 113 75 102 38 112 0 111 18 111 78 15 41 65 23 117 118 7 32 25 108 112 6 30 8 37 26 123 82 0 65 7 49 86 72 94 83 28 114 118 107 31 88 56 26 126 61 43 20 100 21 6 39 70 4 123 7 46 42 40 37 18 36 73 26 96 90 14 104 126 63 60 79 117 37 127 97 49 10 94 21 49 37 10 69 103 22 66 49 1 5 51 62 106 35 101 14 90 53 59 62 5 34 43 26 91 68 35 25 77 85 84 61 124 105 44 117 79 81 102 97 116 104 53 7 127 14 4 38 125 103 120 79 106 103 24 123 69 56 86 86 39 97 108 25 62 63 125 75 114 92 55 60 122 36 54 52 62 33 92 12 126 104 115 101 17 39 66 91 2 43 51 62 33 74 63 110 13 57 71 21 43 114 79 19 128 69 40 29 110 24 77 28 4 59 95 109 36 123 36 98 31 122 105 1 124 92 107 67 19 92 31 91 51 45 85 25 32 111 23 3 125 105 7 86 22 4 120 23 59 12 45 128 108 93 84 95 66 10 42 56 10 122 43 1 55 83 21 83 87 65 15 19 32 92 24 113 87 118 30 44 58 36 93 47 78 119 124 37 47 14 60 20 107 28 72 41 123 99 119 79 69 19 114 84 78 1 60 47 96 82 29 65 117 7 107 106 28 73 3 75 79 12 60 73 95 99 6 80 24 71 10 70 50 45 113 110 68 127 13 126 8 66 30 73 66 116 43 37 94 119 65 4 117 42 102 6 108 125 15 18 88 40 76 3 19 76 48 39 84 10 16 121 6 18 37 99 9 10 35 100 21 52 26 60 73 105 118 129 42 13 76 71 103 93 77 18 73 39 23 119 59 68 8 125 115 114 77 24 120 82 114 32 9 78 5 64 116 72 126 113 61 35 70 66 27 67 94 49 92 58 83 126 112 82 17 46 112 65 91 31 81 88 111 103 2 14 16 3 67
0 : [71, 131, 144, 272, 376, 399] (22)
1 : [107, 209, 459, 574, 614, 656] (20)
2 : [120, 166, 186, 293, 539, 795] (21)
3 : [187, 223, 590, 669, 714, 798] (20)
4 : [51, 64, 424, 497, 563, 596, 702] (20)
5 : [53, 271, 460, 471, 765] (20)
6 : [7, 17, 255, 332, 345, 392, 421, 677, 706, 723] (20)
7 : [387, 401, 426, 494, 593, 664] (20)
8 : [225, 348, 394, 691, 753] (19)
9 : [44, 104, 727, 763] (20)
10 : [142, 448, 453, 608, 611, 681, 720, 728] (22)
11 : [48, 137, 242, 251] (22)
12 : [245, 360, 530, 600, 672] (22)
13 : [82, 363, 547, 689, 740] (22)
14 : [85, 153, 185, 437, 466, 496, 640, 796] (22)
15 : [34, 204, 269, 311, 381, 621, 709] (23)
16 : [87, 117, 197, 238, 323, 721, 797] (21)
17 : [33, 79, 127, 535, 785] (22)
18 : [6, 18, 98, 378, 431, 710, 724, 746] (22)
19 : [264, 282, 554, 579, 622, 652, 715] (21)
20 : [250, 418, 642] (21)
21 : [420, 450, 550, 617, 731] (22)
22 : [112, 231, 344, 456, 595] (20)
23 : [353, 384, 589, 598, 749] (21)
24 : [54, 83, 299, 505, 560, 625, 679, 758] (20)
25 : [290, 389, 478, 514, 586] (20)
26 : [125, 128, 265, 318, 396, 414, 434, 474, 733] (22)
27 : [78, 114, 221, 273, 775] (21)
28 : [343, 407, 562, 644, 667] (22)
29 : [306, 359, 558, 661] (22)
30 : [369, 393, 629, 693] (23)
31 : [35, 110, 277, 340, 411, 571, 581, 790] (22)
32 : [47, 388, 587, 623, 762] (22)
33 : [20, 68, 246, 528, 543] (22)
34 : [174, 202, 258, 331, 355, 472] (21)
35 : [66, 147, 257, 307, 464, 477, 729, 772] (23)
36 : [341, 432, 524, 567, 569, 632] (26)
37 : [65, 395, 430, 444, 452, 638, 698, 725] (21)
38 : [30, 138, 149, 292, 312, 374, 498] (23)
39 : [319, 422, 511, 536, 718, 748] (22)
40 : [181, 342, 429, 557, 712] (27)
41 : [60, 124, 136, 283, 382, 646] (22)
42 : [108, 316, 428, 609, 704, 739] (22)
43 : [417, 473, 540, 551, 613, 697] (25)
44 : [19, 485, 630] (26)
45 : [52, 139, 327, 584, 601, 684] (26)
46 : [13, 164, 303, 336, 427, 786] (25)
47 : [5, 111, 315, 352, 634, 639, 658] (24)
48 : [59, 141, 236, 244, 281, 717] (24)
49 : [150, 263, 286, 402, 447, 451, 458, 778] (23)
50 : [42, 63, 103, 683] (23)
51 : [118, 205, 222, 297, 461, 541, 583] (24)
52 : [80, 526, 732] (27)
53 : [109, 119, 145, 216, 230, 468, 493] (23)
54 : [235, 261, 298, 301, 356, 357, 358, 525] (23)
55 : [105, 154, 167, 192, 328, 521, 615] (22)
56 : [175, 233, 413, 508, 610] (25)
57 : [10, 191, 302, 361, 548] (25)
58 : [94, 100, 116, 220, 276, 287, 631, 780] (24)
59 : [469, 564, 599, 751] (24)
60 : [227, 365, 441, 522, 641, 657, 673, 734] (25)
61 : [25, 156, 229, 416, 482, 771] (25)
62 : [462, 470, 515, 527, 542] (25)
63 : [130, 194, 440, 516, 545] (27)
64 : [3, 171, 256, 314, 766] (26)
65 : [383, 400, 620, 662, 701, 788] (26)
66 : [50, 210, 457, 537, 607, 692, 695, 774] (26)
67 : [38, 126, 162, 578, 776, 799] (26)
68 : [56, 69, 152, 206, 476, 687, 752] (27)
69 : [170, 184, 454, 507, 556, 651] (27)
70 : [133, 198, 423, 682, 773] (27)
71 : [70, 146, 549, 680, 742] (29)
72 : [9, 163, 215, 404, 645, 768] (27)
73 : [335, 433, 668, 674, 694, 735, 747] (30)
74 : [27, 29, 72, 113, 326, 544] (29)
75 : [11, 84, 310, 372, 518, 670] (27)
76 : [36, 143, 160, 247, 713, 716, 741] (27)
77 : [159, 237, 479, 561, 745, 757] (26)
78 : [288, 339, 380, 635, 655, 764] (26)
79 : [351, 442, 487, 502, 553, 650, 671] (25)
80 : [121, 122, 189, 678] (28)
81 : [135, 368, 488, 791] (27)
82 : [176, 249, 321, 398, 660, 760, 784] (25)
83 : [37, 207, 253, 406, 616, 618, 781] (30)
84 : [188, 239, 364, 481, 605, 654, 719] (30)
85 : [295, 320, 354, 480, 585] (27)
86 : [134, 168, 403, 509, 510, 594] (30)
87 : [224, 278, 619, 627] (30)
88 : [21, 55, 337, 412, 711, 792] (26)
89 : [0, 22, 75, 155, 179, 262, 346] (28)
90 : [40, 157, 219, 309, 347, 436, 467] (26)
91 : [81, 317, 475, 538, 582, 789] (30)
92 : [203, 266, 308, 313, 350, 520, 529, 576, 580, 624, 779] (26)
93 : [241, 604, 633, 744] (28)
94 : [31, 405, 449, 699, 777] (27)
95 : [4, 234, 248, 289, 565, 606, 675] (27)
96 : [90, 165, 367, 435, 659] (30)
97 : [26, 129, 446, 490, 512] (29)
98 : [23, 74, 161, 570] (30)
99 : [12, 43, 132, 240, 370, 648, 676, 726] (28)
100 : [274, 338, 419, 730] (29)
101 : [39, 41, 183, 254, 465, 534] (29)
102 : [73, 151, 334, 373, 489, 705] (28)
103 : [196, 300, 455, 500, 504, 743, 794] (28)
104 : [77, 106, 438, 492, 532] (29)
105 : [46, 325, 484, 573, 592, 736] (30)
106 : [57, 200, 291, 305, 324, 463, 503, 666] (29)
107 : [32, 169, 267, 410, 577, 643, 665] (27)
108 : [228, 268, 296, 362, 390, 513, 603, 707] (30)
109 : [243, 279, 333, 566] (30)
110 : [173, 217, 546, 559, 686] (30)
111 : [102, 180, 182, 304, 377, 379, 588, 793] (29)
112 : [172, 177, 375, 391, 783, 787] (30)
113 : [285, 371, 626, 685, 770] (30)
114 : [95, 158, 226, 259, 270, 408, 519, 552, 653, 756, 761] (31)
115 : [8, 115, 199, 294, 533, 755] (30)
116 : [101, 193, 491, 696, 767] (32)
117 : [15, 93, 385, 443, 486, 663, 703] (30)
118 : [275, 386, 409, 628, 737] (30)
119 : [49, 86, 178, 636, 649, 700, 750] (29)
120 : [123, 148, 329, 330, 501, 597, 759] (28)
121 : [1, 2, 14, 76, 252, 280, 722] (29)
122 : [24, 58, 62, 91, 201, 213, 523, 572, 612] (30)
123 : [16, 67, 88, 89, 284, 366, 397, 425, 506, 568, 647] (30)
124 : [96, 232, 483, 575, 637] (30)
125 : [28, 61, 499, 517, 591, 708, 754] (30)
126 : [218, 322, 415, 439, 531, 690, 769, 782] (32)
127 : [140, 214, 349, 445, 495, 688] (32)
128 : [45, 92, 99, 190, 208, 555, 602] (31)
129 : [97, 195, 211, 212, 260, 738] (30)
