Name: 800-40-60
Time: 18.19037652015686 
Result: 39063
Solution:  57 181 156 73 97 128 192 181 161 128 11 94 153 107 102 125 159 111 1 127 144 49 139 11 94 192 187 106 193 90 137 30 108 6 77 44 191 53 77 91 103 58 142 161 117 99 169 112 73 163 159 165 126 170 114 152 62 104 160 57 150 185 25 43 92 17 133 112 34 174 1 56 154 59 136 54 76 181 25 59 167 77 74 81 179 150 30 134 103 18 123 115 146 90 117 77 127 161 183 125 120 3 22 135 6 143 127 182 41 13 146 101 69 70 100 151 48 10 36 68 161 55 148 37 61 78 47 40 40 150 105 196 95 1 105 146 38 66 183 18 45 167 47 133 51 135 74 176 193 82 104 92 11 176 198 85 166 13 181 89 145 84 36 156 27 76 45 93 48 10 53 79 157 111 72 82 163 89 9 82 188 184 178 39 45 31 164 146 90 16 148 71 24 33 187 162 42 124 139 79 17 112 141 101 109 191 116 59 95 27 51 164 75 38 99 72 177 105 182 35 130 197 1 88 78 62 88 44 39 119 116 171 21 132 160 9 52 13 10 150 69 129 182 156 187 160 164 131 183 117 173 11 169 168 93 153 48 110 124 24 7 165 196 73 175 74 32 142 91 41 105 50 169 131 61 95 167 99 31 150 80 5 23 82 48 103 71 36 115 92 102 1 66 50 31 78 26 62 104 158 158 185 63 56 9 179 84 151 189 172 24 139 142 94 122 74 133 190 196 100 96 138 50 173 27 92 69 171 181 174 128 83 159 46 44 113 22 147 50 146 83 89 163 138 177 168 97 144 52 93 69 40 190 144 102 125 88 13 38 106 3 22 101 191 44 137 34 120 98 171 123 87 194 87 110 192 195 23 146 31 67 58 180 135 108 17 99 178 149 193 144 126 2 33 13 28 82 72 94 197 83 100 4 98 150 34 165 160 118 168 88 15 91 37 115 44 82 101 157 76 147 12 54 184 169 143 168 166 36 122 186 18 8 12 157 25 50 148 190 73 196 114 102 135 46 54 190 47 53 37 36 187 118 96 139 42 189 107 139 64 197 42 152 83 193 12 172 37 25 162 118 8 3 130 125 98 21 119 107 6 111 174 27 4 180 62 109 83 159 174 194 81 58 55 0 143 5 23 176 34 82 127 112 160 141 5 65 133 134 79 175 177 188 4 188 6 117 120 87 145 62 35 159 27 30 174 81 115 18 26 75 134 35 147 28 122 126 60 52 136 119 70 73 69 8 127 195 63 108 115 132 72 167 69 128 80 27 197 6 119 55 186 76 145 192 130 16 135 173 195 153 152 19 80 132 131 198 149 63 136 66 13 167 68 18 8 17 146 142 89 197 131 136 129 131 43 155 155 26 41 76 70 32 86 52 119 17 160 29 140 54 21 156 138 123 85 41 53 134 112 110 103 40 179 22 63 97 173 170 36 14 154 2 179 84 153 154 97 1 145 31 139 16 109 121 179 47 137 175 122 30 11 141 39 197 94 113 55 24 130 28 29 102 182 185 154 150 2 31 55 43 129 107 172 103 27 98 193 56 121 194 176 98 20 186 109 172 67 85 62 185 115 194 180 63 73 21 75 108 160 188 196 86 38 14 121 64 116 166 52 90 57 69 56 14 140 166 113 65 158 33 181 137 66 198 16 86 198 16 44 123 114 67 162 0 90 154 155 64 7 52 61 60 182 171 42 71 195 108 122 191 188 20 98 26 175 46 30 145 68 9 67 70 101 164 151 17 105 39 178 97 7 14 51 33 56 87 19 1 59 124 186 150 21 106 123 180 120 170 4 189 140 15 12 84 70 184 3 41 49
0 : [494, 734] (5)
1 : [18, 70, 133, 222, 291, 638, 778] (54)
2 : [392, 632, 667] (45)
3 : [101, 360, 472, 797] (45)
4 : [402, 483, 513, 789] (40)
5 : [281, 496, 505] (46)
6 : [33, 104, 479, 515, 558] (38)
7 : [260, 739, 771] (40)
8 : [432, 471, 544, 585] (38)
9 : [178, 235, 304, 760] (41)
10 : [117, 169, 238] (41)
11 : [10, 23, 152, 251, 651] (41)
12 : [421, 433, 465, 793] (43)
13 : [109, 157, 237, 357, 394, 581] (39)
14 : [630, 704, 714, 772] (44)
15 : [411, 792] (47)
16 : [189, 566, 642, 725, 728] (45)
17 : [65, 200, 385, 586, 606, 766] (41)
18 : [89, 139, 431, 528, 584] (42)
19 : [572, 777] (52)
20 : [683, 752] (47)
21 : [232, 476, 611, 696, 783] (46)
22 : [102, 336, 361, 624] (48)
23 : [282, 377, 497] (47)
24 : [192, 259, 310, 658] (43)
25 : [62, 78, 435, 468] (45)
26 : [296, 529, 598, 754] (42)
27 : [164, 209, 324, 482, 523, 556, 675] (40)
28 : [395, 534, 660] (47)
29 : [608, 661] (53)
30 : [31, 86, 524, 650, 757] (44)
31 : [185, 278, 294, 379, 640, 668] (41)
32 : [266, 602] (40)
33 : [193, 393, 720, 774] (41)
34 : [68, 366, 405, 499] (41)
35 : [219, 521, 532] (41)
36 : [118, 162, 287, 428, 450, 629] (41)
37 : [123, 413, 449, 467] (42)
38 : [136, 213, 358, 703] (44)
39 : [183, 228, 653, 768] (44)
40 : [127, 128, 351, 622] (49)
41 : [108, 269, 599, 616, 798] (44)
42 : [196, 455, 461, 745] (42)
43 : [63, 595, 670] (44)
44 : [35, 227, 334, 364, 415, 729] (50)
45 : [140, 166, 184] (54)
46 : [333, 444, 756] (48)
47 : [126, 142, 447, 646] (47)
48 : [116, 168, 256, 284] (49)
49 : [21, 799] (47)
50 : [271, 293, 322, 338, 436] (46)
51 : [144, 210, 773] (48)
52 : [236, 348, 538, 604, 709, 740] (41)
53 : [37, 170, 448, 617] (41)
54 : [75, 422, 445, 610] (41)
55 : [121, 493, 560, 657, 669] (39)
56 : [71, 303, 678, 713, 775] (41)
57 : [0, 59, 711] (43)
58 : [41, 381, 492] (45)
59 : [73, 79, 207, 779] (48)
60 : [537, 742] (43)
61 : [124, 274, 741] (54)
62 : [56, 225, 297, 485, 520, 689] (40)
63 : [302, 547, 578, 625, 694] (41)
64 : [459, 706, 738] (42)
65 : [506, 718] (54)
66 : [137, 292, 580, 723] (52)
67 : [380, 687, 732, 761] (48)
68 : [119, 583, 759] (49)
69 : [112, 240, 326, 350, 543, 553, 712] (46)
70 : [113, 541, 601, 762, 795] (45)
71 : [191, 286, 746] (49)
72 : [174, 215, 397, 551] (48)
73 : [3, 48, 263, 439, 542, 695] (45)
74 : [82, 146, 265, 315] (51)
75 : [212, 530, 697] (53)
76 : [76, 165, 419, 562, 600] (51)
77 : [34, 38, 81, 95] (47)
78 : [125, 224, 295] (46)
79 : [171, 199, 509] (47)
80 : [280, 555, 573] (48)
81 : [83, 491, 526] (43)
82 : [149, 175, 179, 283, 396, 416, 500] (44)
83 : [331, 340, 400, 463, 487] (50)
84 : [161, 306, 634, 794] (48)
85 : [155, 615, 688] (50)
86 : [603, 702, 726] (56)
87 : [371, 373, 518, 776] (52)
88 : [223, 226, 356, 410] (51)
89 : [159, 177, 341, 589] (52)
90 : [29, 93, 188, 710, 735] (50)
91 : [39, 268, 412] (51)
92 : [64, 151, 289, 325] (49)
93 : [167, 254, 349] (52)
94 : [11, 24, 313, 398, 655] (60)
95 : [132, 208, 275] (47)
96 : [320, 453] (41)
97 : [4, 346, 626, 637, 770] (47)
98 : [368, 403, 475, 676, 682, 753] (46)
99 : [45, 214, 277, 386] (57)
100 : [114, 319, 401] (55)
101 : [111, 203, 362, 417, 763] (55)
102 : [14, 290, 354, 442, 662] (55)
103 : [40, 88, 285, 621, 674] (50)
104 : [57, 150, 298] (51)
105 : [130, 134, 217, 270, 767] (51)
106 : [27, 359, 784] (51)
107 : [13, 457, 478, 672] (50)
108 : [32, 384, 548, 698, 748] (49)
109 : [204, 486, 643, 685] (50)
110 : [257, 374, 620] (49)
111 : [17, 173, 480] (52)
112 : [47, 67, 201, 502, 619] (46)
113 : [335, 656, 717] (45)
114 : [54, 441, 731] (45)
115 : [91, 288, 414, 527, 549, 691] (48)
116 : [206, 230, 707] (46)
117 : [44, 94, 249, 516] (42)
118 : [408, 452, 470] (53)
119 : [229, 477, 540, 559, 605] (49)
120 : [100, 367, 517, 787] (54)
121 : [644, 679, 705] (54)
122 : [314, 429, 535, 649, 749] (56)
123 : [90, 370, 614, 730, 785] (53)
124 : [197, 258, 780] (59)
125 : [15, 99, 355, 474] (56)
126 : [52, 391, 536] (50)
127 : [19, 96, 106, 501, 545] (51)
128 : [5, 9, 330, 554] (59)
129 : [241, 593, 671] (51)
130 : [220, 473, 565, 659] (56)
131 : [247, 273, 575, 591, 594] (51)
132 : [233, 550, 574] (51)
133 : [66, 143, 316, 507] (51)
134 : [87, 508, 531, 618] (51)
135 : [103, 145, 383, 443, 567] (53)
136 : [74, 539, 579, 592] (50)
137 : [30, 365, 647, 722] (48)
138 : [321, 343, 613] (53)
139 : [22, 198, 311, 454, 458, 641] (50)
140 : [609, 715, 791] (51)
141 : [202, 504, 652] (66)
142 : [42, 267, 312, 588] (59)
143 : [105, 425, 495] (57)
144 : [20, 347, 353, 390] (55)
145 : [160, 519, 563, 639, 758] (57)
146 : [92, 110, 135, 187, 339, 378, 587] (58)
147 : [337, 420, 533] (56)
148 : [122, 190, 437] (68)
149 : [388, 577] (55)
150 : [60, 85, 129, 239, 279, 404, 666, 782] (54)
151 : [115, 307, 765] (56)
152 : [55, 462, 571] (50)
153 : [12, 255, 570, 635] (50)
154 : [72, 631, 636, 665, 736] (56)
155 : [596, 597, 737] (53)
156 : [2, 163, 243, 612] (59)
157 : [172, 418, 434] (48)
158 : [299, 300, 719] (55)
159 : [16, 50, 332, 488, 522] (55)
160 : [58, 234, 245, 407, 503, 607, 699] (60)
161 : [8, 43, 97, 120] (54)
162 : [195, 469, 733] (56)
163 : [49, 176, 342] (54)
164 : [186, 211, 246, 764] (55)
165 : [51, 261, 406] (54)
166 : [156, 427, 708, 716] (60)
167 : [80, 141, 276, 552, 582] (60)
168 : [253, 345, 409, 426] (58)
169 : [46, 252, 272, 424] (58)
170 : [53, 628, 788] (59)
171 : [231, 327, 369, 744] (63)
172 : [309, 466, 673, 686] (60)
173 : [250, 323, 568, 627] (61)
174 : [69, 329, 481, 489, 525] (63)
175 : [264, 510, 648, 755] (60)
176 : [147, 153, 498, 681] (60)
177 : [216, 344, 511] (59)
178 : [182, 387, 769] (59)
179 : [84, 305, 623, 633, 645] (60)
180 : [382, 484, 693, 786] (59)
181 : [1, 7, 77, 158, 328, 721] (58)
182 : [107, 218, 242, 663, 743] (56)
183 : [98, 138, 248] (58)
184 : [181, 423, 796] (59)
185 : [61, 301, 664, 690] (59)
186 : [430, 561, 684, 781] (59)
187 : [26, 194, 244, 451] (60)
188 : [180, 512, 514, 700, 751] (59)
189 : [308, 456, 790] (57)
190 : [317, 352, 438, 446] (59)
191 : [36, 205, 363, 750] (60)
192 : [6, 25, 375, 564] (60)
193 : [28, 148, 389, 464, 677] (60)
194 : [372, 490, 680, 692] (65)
195 : [376, 546, 569, 747] (61)
196 : [131, 262, 318, 440, 701] (60)
197 : [221, 399, 460, 557, 590, 654] (58)
198 : [154, 576, 724, 727] (61)
