Name: 800-40-60
Time: 18.31173801422119 
Result: 21064
Solution:  60 178 158 76 95 123 193 185 161 129 11 97 153 107 103 125 157 112 0 124 145 49 136 11 94 190 189 105 191 91 136 30 108 6 78 44 189 54 79 91 103 58 142 161 117 99 168 114 69 164 159 164 126 170 114 155 63 106 160 56 149 184 25 44 92 16 133 112 35 173 3 57 156 57 135 56 76 181 26 56 167 77 76 81 178 153 30 134 102 17 124 118 146 89 115 80 128 161 182 126 122 2 22 135 6 143 128 182 43 10 145 101 72 71 98 150 48 9 35 70 161 55 148 37 61 74 48 38 40 150 101 198 96 4 108 147 37 66 181 16 45 167 46 134 52 135 71 176 193 82 107 93 11 176 197 87 164 12 180 85 145 88 35 158 26 72 45 93 46 11 51 79 157 112 73 81 164 89 7 80 188 184 176 37 45 31 165 144 90 15 149 75 24 33 187 160 38 124 139 80 17 113 142 98 110 192 116 62 95 26 50 163 77 40 99 73 176 106 185 39 130 195 2 89 78 63 88 46 42 119 115 171 21 130 161 9 52 10 12 149 66 131 186 156 188 157 166 133 183 113 172 10 168 171 94 151 48 110 125 25 10 165 196 73 175 73 33 142 92 41 105 50 168 132 58 96 167 101 32 150 80 5 21 82 49 103 70 32 115 90 101 0 64 50 33 81 29 60 105 159 158 183 65 60 6 179 84 151 187 171 25 139 140 95 121 74 133 191 194 104 96 137 52 173 22 91 68 171 183 175 127 84 159 46 44 113 24 147 50 145 83 88 162 138 178 169 100 144 53 94 66 42 191 146 100 126 87 13 40 104 3 19 101 191 44 137 35 120 97 170 123 88 197 87 110 191 194 24 143 33 67 54 181 132 107 19 100 177 150 193 144 129 0 36 14 29 82 71 96 198 85 100 2 99 150 34 166 163 121 169 89 13 91 36 115 46 82 99 157 76 147 15 53 185 168 144 166 164 36 119 186 20 8 12 156 27 51 149 189 73 196 114 102 136 47 56 190 47 51 39 34 188 117 94 139 43 187 105 140 65 196 44 152 84 191 14 169 38 26 162 117 6 6 132 124 97 21 119 109 8 110 174 24 4 180 63 106 85 159 172 195 80 58 56 0 146 5 22 172 34 82 128 111 163 140 4 64 133 134 78 177 177 190 5 188 9 118 118 87 143 60 35 162 27 30 174 81 116 18 22 75 134 37 144 27 123 124 58 55 137 119 67 73 67 7 128 194 63 109 116 130 72 163 65 127 81 30 197 7 118 55 189 75 143 192 132 16 135 173 196 153 152 19 79 134 130 197 148 65 136 66 15 169 71 17 8 17 142 142 93 195 131 137 128 128 42 154 155 28 43 76 72 32 86 53 120 17 162 28 139 55 21 156 138 124 85 41 53 135 113 109 103 42 179 22 62 100 174 169 35 12 154 3 176 84 155 154 98 0 143 32 139 16 109 121 179 47 138 175 122 30 11 141 39 198 92 112 57 24 127 26 31 102 182 184 152 150 2 30 52 41 129 108 174 104 30 97 196 53 120 193 180 98 17 184 111 170 67 84 59 184 113 194 179 62 72 20 75 111 163 186 197 86 37 15 122 63 116 167 50 90 57 67 58 13 140 166 113 69 158 35 183 137 67 198 14 86 198 20 43 123 114 66 160 0 90 154 155 64 8 50 61 59 181 172 42 68 195 107 122 192 188 18 97 26 176 46 33 145 68 11 65 70 102 166 151 16 106 41 177 96 5 9 51 29 56 88 20 2 58 121 186 150 21 108 124 182 120 170 4 189 141 18 12 83 70 186 3 43 49
0 : [18, 291, 392, 494, 638, 734] (48)
1 : [] (0)
2 : [101, 222, 402, 667, 778] (45)
3 : [70, 360, 632, 797] (45)
4 : [133, 483, 505, 789] (44)
5 : [281, 496, 513, 771] (44)
6 : [33, 104, 304, 471, 472] (44)
7 : [178, 544, 558] (44)
8 : [432, 479, 585, 739] (42)
9 : [117, 235, 515, 772] (42)
10 : [109, 237, 251, 260] (40)
11 : [10, 23, 152, 169, 651, 760] (38)
12 : [157, 238, 433, 630, 793] (47)
13 : [357, 411, 714] (44)
14 : [394, 465, 725] (44)
15 : [189, 421, 581, 704] (47)
16 : [65, 139, 566, 642, 766] (45)
17 : [89, 200, 584, 586, 606, 683] (47)
18 : [528, 752, 792] (48)
19 : [361, 385, 572] (49)
20 : [431, 696, 728, 777] (46)
21 : [232, 282, 476, 611, 783] (45)
22 : [102, 324, 497, 529, 624] (53)
23 : [] (0)
24 : [192, 336, 377, 482, 658] (45)
25 : [62, 259, 310] (43)
26 : [78, 164, 209, 468, 660, 754] (42)
27 : [435, 523, 534] (46)
28 : [598, 608] (45)
29 : [296, 395, 774] (44)
30 : [31, 86, 524, 556, 650, 668, 675] (42)
31 : [185, 661] (47)
32 : [278, 287, 602, 640] (42)
33 : [193, 266, 294, 379, 757] (51)
34 : [405, 450, 499] (42)
35 : [68, 118, 162, 366, 521, 629, 720] (42)
36 : [393, 413, 428] (41)
37 : [123, 136, 183, 532, 703] (39)
38 : [127, 196, 467] (46)
39 : [219, 449, 653] (44)
40 : [128, 213, 358] (46)
41 : [269, 616, 670, 768] (46)
42 : [228, 351, 595, 622, 745] (47)
43 : [108, 455, 599, 729, 798] (47)
44 : [35, 63, 334, 364, 461] (47)
45 : [140, 166, 184] (54)
46 : [142, 168, 227, 333, 415, 756] (45)
47 : [444, 447, 646] (46)
48 : [116, 126, 256] (54)
49 : [21, 284, 799] (54)
50 : [210, 271, 293, 338, 709, 740] (45)
51 : [170, 436, 448, 773] (49)
52 : [144, 236, 322, 669] (50)
53 : [348, 422, 604, 617, 678] (44)
54 : [37, 381] (46)
55 : [121, 538, 560, 610] (44)
56 : [59, 75, 79, 445, 493, 775] (45)
57 : [71, 73, 657, 711] (45)
58 : [41, 274, 492, 537, 713, 779] (44)
59 : [689, 742] (43)
60 : [0, 297, 303, 520] (43)
61 : [124, 741] (43)
62 : [207, 625, 694] (43)
63 : [56, 225, 485, 547, 706] (43)
64 : [292, 506, 738] (43)
65 : [302, 459, 553, 578, 761] (44)
66 : [137, 240, 350, 580, 732] (44)
67 : [380, 541, 543, 687, 712, 723] (45)
68 : [326, 746, 759] (57)
69 : [48, 718] (53)
70 : [119, 286, 762, 795] (55)
71 : [113, 146, 397, 583] (51)
72 : [112, 165, 551, 601, 695] (42)
73 : [174, 215, 263, 265, 439, 542] (43)
74 : [125, 315] (49)
75 : [191, 530, 562, 697] (48)
76 : [3, 76, 82, 419, 600] (45)
77 : [81, 212] (53)
78 : [34, 224, 509] (57)
79 : [38, 171, 573] (46)
80 : [95, 179, 199, 280, 491] (39)
81 : [83, 175, 295, 526, 555] (40)
82 : [149, 283, 396, 416, 500] (38)
83 : [340, 794] (49)
84 : [306, 331, 463, 634, 688] (40)
85 : [159, 400, 487, 615] (50)
86 : [603, 702, 726] (56)
87 : [155, 356, 373, 518] (51)
88 : [161, 226, 341, 371, 776] (48)
89 : [93, 177, 223, 410] (54)
90 : [188, 289, 710, 735] (50)
91 : [29, 39, 325, 412] (55)
92 : [64, 268, 655] (56)
93 : [151, 167, 589] (55)
94 : [24, 254, 349, 453] (52)
95 : [4, 208, 313] (49)
96 : [132, 275, 320, 398, 770] (45)
97 : [11, 368, 475, 676, 753] (44)
98 : [114, 203, 637, 682] (45)
99 : [45, 214, 403, 417] (43)
100 : [346, 354, 386, 401, 626] (44)
101 : [111, 130, 277, 290, 362] (48)
102 : [88, 442, 662, 763] (46)
103 : [14, 40, 285, 621] (52)
104 : [319, 359, 674] (52)
105 : [27, 270, 298, 457] (56)
106 : [57, 217, 486, 767] (52)
107 : [13, 150, 384, 748] (54)
108 : [32, 134, 672, 784] (58)
109 : [478, 548, 620, 643] (52)
110 : [204, 257, 374, 480] (56)
111 : [502, 685, 698] (58)
112 : [17, 67, 173, 656] (54)
113 : [201, 249, 335, 619, 691, 717] (48)
114 : [47, 54, 441, 731] (53)
115 : [94, 230, 288, 414] (53)
116 : [206, 527, 549, 707] (53)
117 : [44, 452, 470] (54)
118 : [91, 516, 517, 559] (55)
119 : [229, 429, 477, 540] (47)
120 : [367, 605, 679, 787] (52)
121 : [314, 408, 644, 780] (44)
122 : [100, 649, 705, 749] (46)
123 : [5, 370, 535, 730] (45)
124 : [19, 90, 197, 474, 536, 614, 785] (46)
125 : [15, 258] (44)
126 : [52, 99, 355] (50)
127 : [330, 554, 659] (59)
128 : [96, 106, 501, 545, 593, 594] (58)
129 : [9, 391, 671] (57)
130 : [220, 233, 550, 575] (54)
131 : [241, 591] (56)
132 : [273, 383, 473, 565] (55)
133 : [66, 247, 316, 507] (54)
134 : [87, 143, 508, 531, 574] (55)
135 : [74, 103, 145, 567, 618] (53)
136 : [22, 30, 443, 579] (54)
137 : [321, 365, 539, 592, 722] (48)
138 : [343, 613, 647] (49)
139 : [198, 311, 454, 609, 641] (54)
140 : [312, 458, 504, 715] (54)
141 : [652, 791] (59)
142 : [42, 202, 267, 587, 588] (61)
143 : [105, 378, 519, 563, 639] (53)
144 : [187, 347, 390, 425, 533] (58)
145 : [20, 110, 160, 339, 758] (54)
146 : [92, 353, 495] (53)
147 : [135, 337, 420] (55)
148 : [122, 577] (55)
149 : [60, 190, 239, 437] (52)
150 : [115, 129, 279, 388, 404, 666, 782] (52)
151 : [255, 307, 765] (51)
152 : [462, 571, 665] (53)
153 : [12, 85, 570] (57)
154 : [596, 631, 636, 736] (56)
155 : [55, 597, 635, 737] (58)
156 : [72, 243, 434, 612] (59)
157 : [16, 172, 245, 418] (55)
158 : [2, 163, 300, 719] (60)
159 : [50, 299, 332, 488] (58)
160 : [58, 195, 733] (55)
161 : [8, 43, 97, 120, 234] (55)
162 : [342, 469, 522, 607] (58)
163 : [211, 407, 503, 552, 699] (58)
164 : [49, 51, 156, 176, 427] (59)
165 : [186, 261] (61)
166 : [246, 406, 426, 716, 764] (56)
167 : [80, 141, 276, 708] (60)
168 : [46, 252, 272, 424] (58)
169 : [345, 409, 466, 582, 628] (59)
170 : [53, 369, 686, 788] (60)
171 : [231, 253, 309, 327] (58)
172 : [250, 489, 498, 744] (61)
173 : [69, 323, 568] (60)
174 : [481, 525, 627, 673] (59)
175 : [264, 329, 648] (57)
176 : [147, 153, 182, 216, 633, 755] (57)
177 : [387, 510, 511, 769] (57)
178 : [1, 84, 344] (55)
179 : [305, 623, 645, 693] (62)
180 : [158, 484, 681] (59)
181 : [77, 138, 382, 743] (58)
182 : [98, 107, 663, 786] (57)
183 : [248, 301, 328, 721] (57)
184 : [61, 181, 664, 684, 690] (58)
185 : [7, 218, 423] (59)
186 : [242, 430, 700, 781, 796] (59)
187 : [194, 308, 456] (60)
188 : [180, 244, 451, 514, 751] (59)
189 : [26, 36, 438, 561, 790] (59)
190 : [25, 446, 512] (60)
191 : [28, 317, 352, 363, 375, 464] (64)
192 : [205, 564, 750] (64)
193 : [6, 148, 389, 680] (61)
194 : [318, 376, 546, 692] (60)
195 : [221, 490, 590, 747] (59)
196 : [262, 440, 460, 569, 677] (56)
197 : [154, 372, 557, 576, 701] (61)
198 : [131, 399, 654, 724, 727] (59)
