Name: 800-20-30
Time: 17.873473405838013 
Result: 9013
Solution:  89 121 121 64 96 42 18 6 115 73 58 76 97 46 121 117 124 7 16 44 35 87 89 99 124 61 97 76 126 72 37 94 107 17 12 31 74 83 67 103 90 103 51 101 11 128 104 34 10 120 63 2 46 3 22 88 68 108 124 46 41 129 121 47 2 35 35 124 33 70 70 0 71 103 98 88 120 104 27 16 56 90 13 23 75 14 120 18 123 122 93 122 125 119 57 116 124 129 20 128 57 118 112 50 8 56 102 3 43 53 28 47 21 74 26 120 58 19 51 53 2 79 82 119 41 27 67 17 25 96 63 1 97 69 86 80 40 10 39 40 128 49 14 80 0 53 71 36 119 34 47 102 67 15 55 89 62 90 115 78 75 97 70 73 45 98 1 54 86 104 69 64 112 110 34 56 81 113 119 89 109 39 112 102 68 15 0 2 86 78 127 57 55 115 62 129 103 13 69 115 109 122 29 92 12 51 70 85 126 2 66 128 129 122 127 74 51 110 125 90 58 27 49 3 87 8 113 63 108 60 54 18 122 56 96 53 48 77 18 84 99 96 10 110 48 13 31 76 95 84 20 11 118 83 101 6 63 37 31 113 129 53 86 49 21 29 90 107 108 15 112 5 2 27 99 118 59 30 84 106 121 46 19 41 119 113 49 58 81 96 23 105 37 1 115 85 107 50 54 23 103 55 57 50 110 106 27 36 96 92 74 14 38 95 64 49 42 91 23 40 85 79 126 17 104 105 76 41 51 125 122 30 4 109 101 73 46 88 100 78 31 40 41 30 19 6 91 89 7 126 95 78 49 22 87 35 52 55 56 32 11 57 104 13 83 58 122 93 80 32 100 111 75 102 39 112 0 109 22 111 78 17 41 66 22 117 116 6 32 26 108 112 6 32 12 40 25 124 83 1 65 11 49 86 70 95 83 29 115 118 107 31 88 55 27 127 63 41 21 102 21 6 39 69 5 124 7 48 42 42 37 19 36 72 26 98 90 15 105 128 67 60 83 116 38 126 97 49 12 92 24 50 39 11 69 103 23 66 51 2 5 52 62 106 34 99 12 88 53 58 62 4 34 41 26 92 71 34 25 76 83 82 61 125 106 47 117 77 80 101 93 114 102 54 9 128 14 3 40 124 104 123 79 108 104 23 123 68 56 85 88 40 97 108 23 59 62 124 71 117 91 54 56 123 35 50 52 63 33 92 12 124 105 115 100 20 39 67 92 4 43 50 61 34 75 63 109 14 56 71 22 44 114 80 19 127 67 42 29 110 23 77 28 3 61 94 112 38 125 36 98 29 118 107 0 126 94 108 68 19 94 30 91 53 45 85 25 32 111 25 4 127 105 6 86 23 7 119 22 59 12 42 128 108 93 84 96 67 12 40 61 11 123 45 0 54 81 18 82 88 64 12 19 28 91 25 111 87 118 33 44 58 38 95 47 79 118 125 37 48 11 59 20 107 30 71 42 124 100 119 77 70 20 113 84 80 0 60 48 95 81 28 65 115 9 104 104 28 73 2 75 82 12 58 73 98 99 10 81 25 72 9 69 48 45 112 108 67 127 9 123 9 64 29 75 66 116 43 37 93 119 65 4 113 43 101 2 107 123 14 18 86 43 76 3 16 74 48 39 81 11 17 121 6 22 36 98 8 10 33 100 24 52 26 58 74 109 117 129 38 15 74 71 104 94 73 19 73 37 24 118 60 66 10 125 116 112 77 24 120 81 114 33 11 79 5 64 114 72 127 116 60 36 70 66 29 68 94 51 91 58 82 127 115 81 16 48 111 65 90 30 82 91 113 101 3 14 15 7 65
0 : [71, 144, 186, 376, 574, 614, 656] (20)
1 : [131, 166, 293, 399] (20)
2 : [51, 64, 120, 187, 209, 272, 459, 669, 706] (19)
3 : [53, 107, 223, 497, 563, 714, 795] (20)
4 : [332, 471, 539, 590, 702] (22)
5 : [271, 424, 460, 765] (20)
6 : [7, 255, 345, 387, 392, 421, 593, 723] (20)
7 : [17, 348, 426, 596, 798] (21)
8 : [104, 225, 727] (21)
9 : [494, 664, 681, 689, 691] (20)
10 : [48, 137, 242, 677, 728, 753] (21)
11 : [44, 251, 360, 401, 453, 611, 640, 720, 763] (21)
12 : [34, 204, 394, 448, 466, 530, 600, 608, 621, 672] (21)
13 : [82, 197, 245, 363] (22)
14 : [85, 142, 311, 496, 547, 709, 796] (23)
15 : [153, 185, 269, 437, 740, 797] (22)
16 : [18, 79, 715, 785] (21)
17 : [33, 127, 323, 381, 721] (22)
18 : [6, 87, 231, 238, 617, 710] (22)
19 : [117, 282, 344, 431, 554, 579, 622, 746] (21)
20 : [98, 250, 535, 642, 652] (21)
21 : [112, 264, 418, 420] (20)
22 : [54, 353, 378, 384, 550, 598, 724] (22)
23 : [83, 290, 299, 318, 456, 505, 514, 560, 595] (21)
24 : [450, 731, 749, 758] (21)
25 : [128, 396, 478, 586, 589, 625, 679] (21)
26 : [114, 389, 434, 474, 733] (22)
27 : [78, 125, 221, 273, 306, 414] (22)
28 : [110, 562, 623, 661, 667] (21)
29 : [202, 265, 407, 558, 571, 693, 775] (21)
30 : [277, 331, 343, 581, 644, 790] (21)
31 : [35, 246, 258, 340, 411] (22)
32 : [359, 369, 388, 393, 587] (22)
33 : [68, 528, 629, 729, 762] (22)
34 : [47, 149, 174, 464, 472, 477, 543] (23)
35 : [20, 65, 66, 355, 524] (25)
36 : [147, 307, 432, 569, 725, 772] (23)
37 : [30, 257, 292, 430, 638, 698, 748] (24)
38 : [312, 444, 567, 632, 739] (22)
39 : [138, 181, 374, 422, 452, 536, 718] (21)
40 : [136, 139, 319, 341, 395, 498, 511, 609] (22)
41 : [60, 124, 283, 327, 342, 382, 417, 473] (23)
42 : [5, 316, 428, 429, 557, 601, 646] (23)
43 : [108, 540, 697, 704, 712] (24)
44 : [19, 551, 630] (25)
45 : [164, 584, 613, 684] (25)
46 : [13, 52, 59, 281, 336] (25)
47 : [63, 111, 150, 485, 634] (23)
48 : [236, 244, 427, 639, 658, 683, 717, 786] (24)
49 : [141, 222, 263, 286, 315, 352, 402, 447] (23)
50 : [103, 297, 303, 451, 525, 541] (23)
51 : [42, 118, 205, 216, 328, 458, 778] (24)
52 : [356, 461, 526, 732] (23)
53 : [109, 119, 145, 235, 261, 468, 583] (23)
54 : [167, 230, 298, 493, 521, 615] (23)
55 : [154, 192, 301, 357, 413] (25)
56 : [80, 105, 175, 233, 358, 508, 522, 548] (25)
57 : [94, 100, 191, 302, 361] (26)
58 : [10, 116, 220, 287, 365, 469, 631, 673, 734, 780] (26)
59 : [276, 515, 599, 641] (25)
60 : [229, 441, 657, 751, 771] (27)
61 : [25, 482, 542, 564, 610] (30)
62 : [156, 194, 462, 470, 516] (27)
63 : [50, 130, 227, 256, 416, 527, 545] (27)
64 : [3, 171, 314, 620, 692, 766] (27)
65 : [400, 662, 701, 788, 799] (26)
66 : [210, 383, 457, 695, 752, 774] (26)
67 : [38, 126, 152, 440, 537, 556, 607, 687] (27)
68 : [56, 184, 507, 578, 776] (26)
69 : [133, 170, 198, 423, 454, 682] (27)
70 : [69, 70, 162, 206, 404, 651, 773] (26)
71 : [72, 146, 476, 518, 549, 645, 742] (28)
72 : [29, 433, 680, 768] (27)
73 : [9, 163, 335, 668, 674, 745, 747] (27)
74 : [36, 113, 215, 310, 716, 735, 741] (27)
75 : [84, 160, 372, 544, 670, 694] (28)
76 : [11, 27, 247, 326, 479, 713] (28)
77 : [237, 487, 561, 650, 757] (27)
78 : [159, 189, 339, 351, 380] (28)
79 : [121, 321, 502, 635, 764] (28)
80 : [135, 143, 368, 488, 553, 655] (29)
81 : [176, 288, 616, 660, 678, 719, 760, 784] (27)
82 : [122, 481, 618, 671, 781, 791] (27)
83 : [37, 253, 364, 398, 406, 442, 480] (27)
84 : [239, 249, 278, 605, 654] (29)
85 : [207, 295, 320, 509, 585] (30)
86 : [134, 168, 188, 262, 403, 594, 711] (27)
87 : [21, 224, 354, 627] (29)
88 : [55, 75, 337, 412, 467, 510, 619] (27)
89 : [0, 22, 155, 179, 347] (26)
90 : [40, 81, 157, 219, 266, 436, 789] (27)
91 : [317, 346, 520, 582, 624, 779, 792] (27)
92 : [203, 309, 449, 475, 529, 538] (27)
93 : [90, 367, 490, 604, 699] (28)
94 : [31, 565, 576, 580, 744, 777] (27)
95 : [248, 313, 350, 405, 633, 659] (27)
96 : [4, 129, 234, 241, 289, 308, 606] (27)
97 : [12, 26, 132, 161, 446, 512] (29)
98 : [74, 165, 435, 570, 675, 726] (30)
99 : [23, 240, 274, 465, 676] (31)
100 : [338, 370, 534, 648, 730] (32)
101 : [43, 254, 334, 489, 705, 794] (31)
102 : [106, 151, 183, 373, 419, 492] (28)
103 : [39, 41, 73, 196, 300, 455] (30)
104 : [46, 77, 169, 324, 362, 500, 504, 665, 666, 743] (29)
105 : [291, 325, 438, 532, 592] (30)
106 : [279, 305, 463, 484] (29)
107 : [32, 267, 296, 410, 573, 643, 707] (28)
108 : [57, 228, 268, 390, 503, 513, 577, 603, 686] (28)
109 : [180, 200, 333, 377, 546, 736] (29)
110 : [173, 217, 243, 304, 559] (29)
111 : [371, 379, 588, 626, 787] (29)
112 : [102, 172, 182, 270, 375, 391, 566, 685, 756] (29)
113 : [177, 226, 259, 285, 653, 703, 793] (29)
114 : [491, 552, 761, 767] (30)
115 : [8, 158, 193, 199, 294, 408, 533, 663, 783] (28)
116 : [95, 386, 443, 696, 755, 770] (29)
117 : [15, 385, 486, 519, 737] (30)
118 : [101, 252, 275, 409, 572, 628, 636, 750] (30)
119 : [93, 123, 148, 178, 284, 597, 649, 700] (29)
120 : [49, 76, 86, 115, 759] (30)
121 : [1, 2, 14, 62, 280, 722] (30)
122 : [89, 91, 201, 213, 232, 330, 366] (30)
123 : [88, 501, 506, 523, 612, 690, 708] (32)
124 : [16, 24, 58, 67, 96, 397, 425, 499, 517, 531, 647] (30)
125 : [92, 218, 329, 483, 568, 637, 754] (30)
126 : [28, 208, 322, 349, 445, 575] (30)
127 : [190, 214, 415, 555, 591, 688, 769, 782] (31)
128 : [45, 99, 140, 211, 439, 495, 602] (30)
129 : [61, 97, 195, 212, 260, 738] (31)
