Name: 800-40-60
Time: 18.213252305984497 
Result: 34076
Solution:  61 179 160 76 92 124 193 185 162 127 11 97 151 107 103 126 157 112 2 125 146 49 141 11 92 194 189 106 190 91 136 28 108 6 78 44 190 54 80 92 103 58 143 161 117 99 171 113 72 164 158 164 126 170 114 157 65 105 161 55 147 184 27 43 92 18 132 109 36 173 4 55 156 58 134 54 77 180 23 57 168 77 76 80 180 152 28 132 102 18 127 116 146 91 115 79 126 157 181 125 120 2 22 135 6 142 128 182 40 10 146 101 69 70 98 150 48 10 35 69 159 55 150 42 61 73 47 40 39 144 101 198 95 1 106 143 37 66 182 16 45 166 47 135 50 137 71 177 192 80 102 92 11 176 197 86 164 12 181 87 147 85 35 157 28 76 47 93 46 5 52 81 155 111 76 82 164 89 7 79 185 183 177 37 45 31 165 146 90 16 148 73 23 34 187 161 42 124 139 80 20 112 141 100 109 192 116 62 93 26 49 163 74 40 98 72 174 107 185 36 130 195 2 89 77 62 90 46 42 121 117 171 21 131 161 10 52 7 11 147 67 129 182 155 189 161 163 133 185 117 172 12 169 169 94 149 48 109 125 24 7 165 196 76 175 74 33 140 91 42 104 49 167 132 58 97 170 100 30 149 80 4 20 82 48 103 71 33 115 90 101 1 66 53 30 79 27 62 104 159 163 184 63 58 10 181 86 147 187 171 27 139 137 94 119 75 132 191 196 105 96 136 53 173 26 95 69 169 182 176 128 89 158 43 44 114 23 149 49 146 83 88 160 138 179 172 100 143 53 95 67 41 188 144 101 124 87 12 38 106 3 20 101 191 41 133 35 120 99 170 124 88 197 91 111 193 195 23 145 30 67 56 181 136 108 19 102 177 149 190 144 127 1 35 13 29 79 72 95 197 83 101 6 99 152 34 168 161 121 171 88 15 91 37 115 43 81 99 158 76 151 13 54 183 169 144 168 167 30 116 185 18 7 12 159 26 51 150 193 74 194 114 102 135 46 57 190 45 49 39 35 186 119 96 139 42 186 104 141 63 197 43 154 83 193 12 170 38 26 160 118 9 6 130 124 96 20 122 108 6 110 176 25 2 177 62 111 83 159 174 195 82 59 55 0 145 5 24 172 34 82 128 112 162 137 3 66 131 134 78 177 178 191 6 188 5 118 119 86 143 60 36 158 31 30 174 81 117 21 23 76 134 36 143 28 123 123 58 52 138 119 67 75 67 7 128 195 62 108 115 131 73 163 65 123 80 28 197 6 118 55 184 75 142 192 129 14 132 173 194 154 152 19 79 133 130 198 148 62 138 65 16 168 70 16 9 17 144 141 90 197 128 136 128 131 39 153 153 25 41 76 71 33 86 53 116 17 159 29 139 52 21 156 135 123 88 42 53 133 112 109 104 41 178 22 63 97 175 167 37 12 156 5 178 85 154 152 97 1 142 32 139 17 110 120 178 47 138 175 122 32 12 141 39 198 94 113 58 25 130 27 32 102 179 184 153 149 2 29 53 44 129 107 174 101 26 95 196 52 120 193 180 99 21 187 113 169 68 84 62 186 112 193 180 63 70 21 75 111 161 187 196 85 38 15 122 60 115 166 52 90 57 66 60 13 143 166 113 64 158 35 182 136 67 198 14 85 198 18 46 121 114 66 162 0 89 154 155 64 9 50 61 59 181 170 43 70 196 110 122 191 188 22 96 26 171 46 30 145 68 11 68 70 103 166 155 18 106 38 176 95 6 14 50 31 60 87 18 3 56 121 186 152 20 108 122 176 120 172 4 189 140 17 14 84 71 183 3 41 51
0 : [494, 734] (5)
1 : [133, 291, 392, 638] (40)
2 : [18, 101, 222, 483, 667] (42)
3 : [360, 505, 778, 797] (45)
4 : [70, 281, 789] (43)
5 : [169, 496, 515, 632] (48)
6 : [33, 104, 402, 472, 479, 513, 558, 771] (60)
7 : [178, 237, 260, 432, 544] (47)
8 : [] (0)
9 : [471, 585, 739] (43)
10 : [109, 117, 235, 304] (41)
11 : [10, 23, 152, 238, 760] (49)
12 : [157, 251, 357, 433, 465, 630, 651] (52)
13 : [394, 421, 714] (44)
14 : [566, 725, 772, 793] (50)
15 : [411, 704] (45)
16 : [139, 189, 581, 584] (43)
17 : [586, 606, 642, 792] (42)
18 : [65, 89, 431, 728, 766, 777] (42)
19 : [385, 572] (44)
20 : [200, 282, 361, 476, 783] (41)
21 : [232, 528, 611, 683, 696] (40)
22 : [102, 624, 752] (53)
23 : [78, 192, 336, 377, 529] (40)
24 : [259, 497] (40)
25 : [482, 598, 658] (40)
26 : [209, 324, 435, 468, 675, 754] (42)
27 : [62, 296, 310, 660] (50)
28 : [31, 86, 164, 534, 556] (44)
29 : [395, 608, 668] (43)
30 : [278, 294, 379, 428, 524, 757] (42)
31 : [185, 523, 774] (46)
32 : [640, 650, 661] (43)
33 : [266, 287, 602] (48)
34 : [193, 405, 499] (46)
35 : [118, 162, 366, 393, 450, 720] (45)
36 : [68, 219, 521, 532] (42)
37 : [136, 183, 413, 629] (46)
38 : [358, 467, 703, 768] (45)
39 : [128, 449, 595, 653] (47)
40 : [108, 127, 213] (48)
41 : [351, 364, 599, 622, 798] (44)
42 : [123, 196, 228, 269, 455, 616] (43)
43 : [63, 333, 415, 461, 745] (43)
44 : [35, 334, 670] (51)
45 : [140, 184, 447] (54)
46 : [168, 227, 444, 729, 756] (48)
47 : [126, 142, 166, 646] (47)
48 : [116, 256, 284] (45)
49 : [21, 210, 271, 338, 448] (48)
50 : [144, 740, 773] (44)
51 : [436, 799] (44)
52 : [170, 236, 538, 610, 678, 709] (47)
53 : [293, 322, 348, 604, 617, 669] (47)
54 : [37, 75, 422] (47)
55 : [59, 71, 121, 493, 560] (40)
56 : [381, 779] (45)
57 : [79, 445, 711] (47)
58 : [41, 73, 274, 303, 537, 657] (47)
59 : [492, 742] (51)
60 : [520, 706, 713, 775] (40)
61 : [0, 124, 741] (44)
62 : [207, 225, 297, 485, 547, 578, 689] (43)
63 : [302, 459, 625, 694] (40)
64 : [718, 738] (49)
65 : [56, 553, 580] (42)
66 : [137, 292, 506, 712, 732] (43)
67 : [240, 350, 380, 541, 543, 723] (46)
68 : [687, 759, 761] (43)
69 : [112, 119, 326] (49)
70 : [113, 583, 695, 746, 762] (52)
71 : [146, 286, 601, 795] (56)
72 : [48, 215, 397] (54)
73 : [125, 191, 551] (55)
74 : [212, 265, 439] (56)
75 : [315, 542, 562, 697] (46)
76 : [3, 82, 165, 174, 263, 419, 530, 600] (40)
77 : [76, 81, 224] (47)
78 : [34, 509] (51)
79 : [95, 179, 295, 396, 573] (42)
80 : [38, 83, 149, 199, 280, 555] (40)
81 : [171, 416, 526] (42)
82 : [175, 283, 491, 500] (39)
83 : [340, 400, 463, 487] (48)
84 : [688, 794] (60)
85 : [161, 634, 702, 726] (51)
86 : [155, 306, 518, 603] (50)
87 : [159, 356, 776] (48)
88 : [341, 371, 410, 615] (51)
89 : [177, 223, 331, 735] (48)
90 : [188, 226, 289, 589, 710] (47)
91 : [29, 93, 268, 373, 412] (47)
92 : [4, 24, 39, 64, 151] (49)
93 : [167, 208] (53)
94 : [254, 313, 655] (51)
95 : [132, 325, 349, 398, 676, 770] (44)
96 : [320, 453, 475, 753] (44)
97 : [11, 275, 626, 637] (46)
98 : [114, 214] (48)
99 : [45, 368, 403, 417, 682] (47)
100 : [203, 277, 346] (50)
101 : [111, 130, 290, 354, 362, 401, 674] (51)
102 : [88, 150, 386, 442, 662] (50)
103 : [14, 40, 285, 763] (53)
104 : [270, 298, 457, 621] (54)
105 : [57, 319] (49)
106 : [27, 134, 359, 767] (50)
107 : [13, 217, 672] (56)
108 : [32, 384, 478, 548, 784] (54)
109 : [67, 204, 257, 620] (55)
110 : [480, 643, 748] (50)
111 : [173, 374, 486, 698] (51)
112 : [17, 201, 502, 619, 691] (49)
113 : [47, 656, 685, 717] (54)
114 : [54, 335, 441, 731] (60)
115 : [94, 288, 414, 549, 707] (54)
116 : [91, 206, 429, 605] (56)
117 : [44, 230, 249, 527] (56)
118 : [470, 516, 559] (54)
119 : [314, 452, 517, 540] (57)
120 : [100, 367, 644, 679, 787] (55)
121 : [229, 408, 730, 780] (53)
122 : [477, 649, 705, 749, 785] (52)
123 : [535, 536, 554, 614] (50)
124 : [5, 197, 355, 370, 474] (53)
125 : [19, 99, 258] (53)
126 : [15, 52, 96] (49)
127 : [9, 90, 391] (54)
128 : [106, 330, 501, 545, 591, 593] (53)
129 : [241, 565, 671] (53)
130 : [220, 473, 575, 659] (51)
131 : [233, 507, 550, 594] (54)
132 : [66, 87, 273, 316, 567] (53)
133 : [247, 365, 574, 618] (54)
134 : [74, 508, 531] (55)
135 : [103, 143, 443, 613] (53)
136 : [30, 321, 383, 592, 722] (57)
137 : [145, 312, 504] (56)
138 : [343, 539, 579, 647] (51)
139 : [198, 311, 454, 609, 641] (54)
140 : [267, 791] (57)
141 : [22, 202, 458, 588, 652] (50)
142 : [105, 563, 639] (51)
143 : [42, 135, 347, 519, 533, 715] (50)
144 : [129, 353, 390, 425, 587] (52)
145 : [378, 495, 758] (50)
146 : [20, 92, 110, 187, 339] (51)
147 : [60, 160, 239, 307] (50)
148 : [190, 577] (53)
149 : [255, 279, 337, 388, 666] (53)
150 : [115, 122, 437] (57)
151 : [12, 420] (54)
152 : [85, 404, 571, 636, 782] (55)
153 : [596, 597, 665] (54)
154 : [462, 570, 635, 736] (56)
155 : [172, 243, 737, 765] (53)
156 : [72, 612, 631] (53)
157 : [16, 55, 97, 163] (58)
158 : [50, 332, 418, 522, 719] (57)
159 : [120, 299, 434, 488, 607] (59)
160 : [2, 342, 469] (59)
161 : [43, 58, 195, 234, 245, 407, 699] (57)
162 : [8, 503, 733] (57)
163 : [211, 246, 300, 552] (57)
164 : [49, 51, 156, 176] (58)
165 : [186, 261] (61)
166 : [141, 708, 716, 764] (57)
167 : [272, 427, 628] (58)
168 : [80, 406, 426, 582] (58)
169 : [252, 253, 327, 424, 686] (57)
170 : [53, 276, 369, 466, 744] (60)
171 : [46, 231, 309, 409, 755] (60)
172 : [250, 345, 498, 788] (60)
173 : [69, 323, 568] (60)
174 : [216, 489, 525, 673] (59)
175 : [264, 627, 648] (76)
176 : [153, 329, 481, 769, 786] (58)
177 : [147, 182, 387, 484, 510] (54)
178 : [511, 623, 633, 645] (56)
179 : [1, 344, 663] (58)
180 : [77, 84, 681, 693] (57)
181 : [98, 158, 305, 382, 743] (56)
182 : [107, 138, 242, 328, 721] (57)
183 : [181, 423, 796] (59)
184 : [61, 301, 561, 664] (60)
185 : [7, 180, 218, 248, 430] (58)
186 : [451, 456, 690, 781] (56)
187 : [194, 308, 684, 700] (62)
188 : [352, 514, 751] (60)
189 : [26, 244, 790] (56)
190 : [28, 36, 389, 446] (56)
191 : [317, 363, 512, 750] (57)
192 : [148, 205, 564] (60)
193 : [6, 375, 438, 464, 680, 692] (57)
194 : [25, 440, 569] (60)
195 : [221, 376, 490, 546] (59)
196 : [262, 318, 677, 701, 747] (59)
197 : [154, 372, 399, 460, 557, 590] (58)
198 : [131, 576, 654, 724, 727] (69)
