Name: 800-50-80
Time: 17.715749502182007 
Result: 14084
Solution:  39 29 162 112 134 0 28 161 16 64 125 64 53 52 137 148 88 122 109 141 25 159 84 113 42 15 50 18 129 11 104 93 98 136 161 146 46 17 52 48 104 34 63 88 102 51 145 15 108 132 150 154 44 34 68 25 118 26 96 52 44 12 124 71 33 90 119 93 129 154 32 157 41 42 102 162 38 0 59 49 30 141 105 59 131 161 97 38 116 136 24 107 51 110 106 124 146 131 88 141 11 9 4 14 48 35 74 138 42 7 38 159 68 98 100 60 23 53 128 109 89 29 32 31 77 158 66 90 142 36 159 29 115 54 133 53 130 101 35 165 75 56 155 84 164 91 85 56 88 30 78 21 163 6 51 131 66 97 108 25 101 98 140 143 136 19 107 40 24 79 122 127 79 28 33 13 100 89 84 136 99 118 76 83 118 149 95 8 58 60 12 132 60 120 148 150 93 56 106 68 53 130 103 132 3 140 27 20 153 56 93 6 153 128 116 59 164 109 100 9 142 30 137 89 85 150 39 147 17 50 143 87 68 166 65 146 24 113 123 44 66 12 120 46 100 4 18 66 155 80 24 31 114 136 42 54 126 158 165 71 105 160 66 46 10 143 12 13 121 2 151 122 100 17 92 166 65 104 145 36 41 56 107 41 132 151 163 141 94 73 66 144 96 38 68 133 131 87 154 129 38 164 71 45 160 123 144 72 5 51 141 130 151 61 9 149 152 52 37 82 87 162 43 109 147 70 138 84 96 83 73 112 111 90 58 18 127 69 38 61 3 74 119 72 12 111 153 20 135 97 154 67 106 140 164 82 59 84 70 115 159 26 45 51 39 134 72 26 125 53 9 83 114 142 11 60 121 37 121 14 21 101 57 106 145 26 70 25 59 47 107 165 26 39 66 80 164 15 52 55 78 139 111 80 14 140 93 76 110 119 69 103 132 64 76 45 142 152 73 140 145 27 85 117 152 147 120 41 34 116 108 135 98 75 121 60 66 162 59 13 96 110 39 75 8 160 157 93 45 106 139 10 162 160 138 126 115 85 66 61 45 30 90 69 132 16 77 103 55 86 58 62 101 63 134 4 15 33 137 77 166 51 36 12 20 60 105 50 136 150 118 31 110 128 49 20 38 51 37 7 166 110 132 85 44 153 154 48 157 21 9 74 143 0 86 43 130 44 128 93 70 26 49 95 24 104 147 26 156 17 117 84 123 135 114 118 115 19 149 161 101 54 45 18 111 95 155 154 149 72 24 94 4 97 147 81 122 6 59 124 149 76 86 116 144 50 105 151 2 117 95 65 33 0 153 60 73 126 97 74 165 71 65 119 143 91 5 133 123 131 132 2 95 2 67 23 134 51 69 127 4 55 9 145 124 40 76 145 81 35 63 139 82 111 86 43 137 112 102 103 114 96 111 6 117 18 88 158 126 3 31 14 63 163 94 109 68 67 10 31 146 73 78 61 76 152 161 32 129 48 56 74 64 162 156 159 104 95 9 8 42 33 16 57 62 80 9 114 150 71 122 123 57 131 117 145 118 79 47 93 102 19 23 7 26 91 106 57 129 87 78 96 126 120 5 113 3 38 75 139 159 118 151 23 90 133 99 158 115 128 35 100 73 156 5 113 135 58 21 0 124 148 156 163 54 162 84 42 14 81 140 148 82 90 124 85 108 40 77 49 52 134 135 29 61 122 42 38 43 36 79 156 96 39 47 137 112 92 94 0 125 66 92 104 77 131 142 148 150 34 72 115 91 43 166 90 81 99 150 55 92 67 8 164 155 112 106 156 46 86 48 83 89 138 160 89 80 51 48 80
0 : [5, 77, 513, 573, 719, 759] (73)
1 : [] (0)
2 : [269, 568, 591, 593] (59)
3 : [204, 340, 629, 696] (50)
4 : [102, 245, 475, 552, 600] (60)
5 : [308, 586, 694, 714] (51)
6 : [153, 211, 557, 623] (50)
7 : [109, 499, 683] (54)
8 : [187, 444, 659, 782] (53)
9 : [101, 219, 314, 370, 510, 602, 658, 666] (50)
10 : [264, 451, 638] (53)
11 : [29, 100, 374] (51)
12 : [61, 190, 241, 266, 344, 483] (48)
13 : [175, 267, 439] (60)
14 : [103, 379, 404, 631, 728] (56)
15 : [25, 47, 397, 476] (55)
16 : [8, 465, 662] (60)
17 : [37, 228, 273, 529] (59)
18 : [27, 246, 335, 543, 625] (59)
19 : [165, 537, 681] (56)
20 : [207, 347, 484, 495] (60)
21 : [151, 380, 509, 718] (58)
22 : [] (0)
23 : [116, 595, 682, 703] (56)
24 : [90, 168, 236, 250, 524, 550] (56)
25 : [20, 55, 159, 387] (56)
26 : [57, 361, 367, 385, 392, 521, 527, 684] (56)
27 : [206, 421] (55)
28 : [6, 173] (57)
29 : [1, 121, 131, 743] (52)
30 : [80, 149, 221, 461] (55)
31 : [123, 251, 491, 630, 639] (53)
32 : [70, 122, 647] (56)
33 : [64, 174, 477, 572, 661] (57)
34 : [41, 53, 428, 769] (55)
35 : [105, 138, 609, 710] (56)
36 : [129, 279, 482, 749] (56)
37 : [318, 377, 498] (51)
38 : [76, 87, 110, 293, 300, 338, 496, 697, 747] (56)
39 : [0, 226, 364, 393, 442, 753] (63)
40 : [167, 605, 737] (63)
41 : [72, 280, 283, 427] (57)
42 : [24, 73, 108, 254, 660, 727, 746] (50)
43 : [322, 515, 615, 748, 773] (56)
44 : [52, 60, 239, 504, 517] (57)
45 : [303, 362, 415, 448, 460, 542] (60)
46 : [36, 243, 263, 788] (57)
47 : [389, 678, 754] (68)
48 : [39, 104, 507, 649, 790, 798] (57)
49 : [79, 494, 522, 739] (59)
50 : [26, 229, 487, 565] (57)
51 : [45, 92, 154, 309, 363, 481, 497, 597, 797] (57)
52 : [13, 38, 59, 317, 398, 740] (56)
53 : [12, 117, 135, 200, 369] (56)
54 : [133, 255, 541, 724] (60)
55 : [399, 468, 601, 779] (61)
56 : [141, 147, 197, 209, 281, 650] (61)
57 : [382, 663, 672, 687] (56)
58 : [188, 334, 470, 717] (57)
59 : [78, 83, 215, 356, 388, 438, 558] (55)
60 : [115, 189, 192, 375, 435, 485, 575] (55)
61 : [313, 339, 459, 643, 744] (57)
62 : [471, 664] (57)
63 : [42, 473, 610, 632] (61)
64 : [9, 11, 413, 652] (57)
65 : [234, 276, 571, 582] (56)
66 : [126, 156, 240, 247, 262, 290, 394, 436, 458, 761] (58)
67 : [351, 594, 637, 781] (61)
68 : [54, 112, 199, 232, 294, 636] (58)
69 : [337, 410, 463, 598] (67)
70 : [325, 358, 386, 520] (64)
71 : [63, 259, 302, 581, 669] (71)
72 : [307, 343, 366, 549, 770] (63)
73 : [289, 330, 418, 576, 641, 712] (65)
74 : [106, 341, 511, 579, 651] (63)
75 : [140, 433, 443, 698] (63)
76 : [182, 407, 414, 561, 606, 644] (63)
77 : [124, 466, 479, 738, 764] (64)
78 : [150, 400, 642, 690] (63)
79 : [169, 172, 677, 750] (72)
80 : [249, 395, 403, 665, 796, 799] (61)
81 : [555, 608, 729, 776] (64)
82 : [319, 355, 612, 732] (63)
83 : [183, 329, 371, 791] (58)
84 : [22, 143, 178, 327, 357, 531, 726] (58)
85 : [146, 224, 422, 457, 503, 735] (59)
86 : [469, 514, 562, 614, 789] (69)
87 : [231, 297, 320, 689] (69)
88 : [16, 43, 98, 148, 626] (67)
89 : [120, 177, 223, 792, 795] (68)
90 : [65, 127, 333, 462, 704, 733, 775] (65)
91 : [145, 585, 685, 772] (64)
92 : [274, 757, 762, 780] (67)
93 : [31, 67, 196, 210, 406, 447, 519, 679] (62)
94 : [288, 551, 634, 758] (65)
95 : [186, 523, 545, 570, 592, 657] (67)
96 : [58, 292, 328, 440, 621, 691, 752] (65)
97 : [86, 157, 349, 553, 578] (75)
98 : [32, 113, 161, 432] (67)
99 : [180, 706, 777] (72)
100 : [114, 176, 218, 244, 272, 711] (68)
101 : [137, 160, 381, 472, 540] (67)
102 : [44, 74, 618, 680] (72)
103 : [202, 411, 467, 619] (73)
104 : [30, 40, 277, 525, 656, 763] (63)
105 : [82, 260, 486, 566] (66)
106 : [94, 198, 352, 383, 449, 686, 786] (60)
107 : [91, 166, 282, 390] (64)
108 : [48, 158, 430, 736] (72)
109 : [18, 119, 217, 323, 635] (70)
110 : [93, 408, 441, 492, 501] (70)
111 : [332, 345, 402, 544, 613, 622] (71)
112 : [3, 331, 617, 756, 785] (70)
113 : [23, 237, 695, 715] (72)
114 : [252, 372, 534, 620, 667] (74)
115 : [132, 359, 456, 536, 708, 771] (68)
116 : [88, 214, 429, 563] (68)
117 : [423, 530, 569, 624, 674] (70)
118 : [56, 181, 184, 490, 535, 676, 701] (71)
119 : [66, 342, 409, 583] (69)
120 : [193, 242, 426, 693] (70)
121 : [268, 376, 378, 434] (79)
122 : [17, 170, 271, 556, 670, 745] (82)
123 : [238, 305, 532, 588, 671] (73)
124 : [62, 95, 559, 604, 720, 734] (70)
125 : [10, 368, 760] (70)
126 : [256, 455, 577, 628, 692] (66)
127 : [171, 336, 599] (66)
128 : [118, 213, 493, 518, 709] (66)
129 : [28, 68, 299, 648, 688] (63)
130 : [136, 201, 311, 516] (72)
131 : [84, 97, 155, 296, 589, 673, 765] (64)
132 : [49, 191, 203, 284, 412, 464, 502, 590] (64)
133 : [134, 295, 587, 705] (70)
134 : [4, 365, 474, 596, 741] (71)
135 : [348, 431, 533, 716, 742] (75)
136 : [33, 89, 164, 179, 253, 488] (78)
137 : [14, 222, 478, 616, 755] (77)
138 : [107, 326, 454, 793] (77)
139 : [401, 450, 611, 699] (81)
140 : [162, 205, 353, 405, 419, 730] (75)
141 : [19, 81, 99, 287, 310] (74)
142 : [128, 220, 373, 416, 766] (78)
143 : [163, 230, 265, 512, 584] (80)
144 : [291, 306, 564] (76)
145 : [46, 278, 384, 420, 603, 607, 675] (77)
146 : [35, 96, 235, 640] (79)
147 : [227, 324, 425, 526, 554] (76)
148 : [15, 194, 721, 731, 767] (76)
149 : [185, 315, 538, 548, 560] (77)
150 : [50, 195, 225, 489, 668, 768, 778] (76)
151 : [270, 285, 312, 567, 702] (76)
152 : [316, 417, 424, 645] (79)
153 : [208, 212, 346, 505, 574] (79)
154 : [51, 69, 298, 350, 506, 547] (78)
155 : [142, 248, 546, 784] (79)
156 : [528, 654, 713, 722, 751, 787] (78)
157 : [71, 446, 508] (80)
158 : [125, 257, 627, 707] (80)
159 : [21, 111, 130, 360, 655, 700] (80)
160 : [261, 304, 445, 453, 794] (84)
161 : [7, 34, 85, 539, 646] (79)
162 : [2, 75, 321, 437, 452, 653, 725] (78)
163 : [152, 286, 633, 723] (82)
164 : [144, 216, 301, 354, 396, 783] (80)
165 : [139, 258, 391, 580] (79)
166 : [233, 275, 480, 500, 774] (83)
