Name: 800-50-80
Time: 17.57403874397278 
Result: 14082
Solution:  39 31 161 110 135 1 29 166 16 65 127 63 53 50 135 151 87 118 107 140 26 159 85 110 39 15 51 18 129 11 104 92 98 136 161 146 49 20 52 46 105 31 61 86 100 50 147 15 107 132 150 155 44 34 68 26 119 25 96 53 44 14 124 70 33 89 119 88 127 154 31 154 41 42 103 158 39 0 60 49 30 141 102 59 132 160 96 38 116 135 26 107 49 113 106 125 147 131 88 143 12 8 3 12 49 36 72 137 43 7 39 159 64 98 101 61 23 52 127 108 86 33 32 30 77 158 66 90 142 36 159 28 118 53 132 51 130 101 35 165 74 54 156 84 164 91 83 56 87 28 80 21 163 8 50 132 67 97 108 27 100 97 141 145 134 20 110 40 21 78 121 126 77 28 33 14 98 89 86 136 101 122 76 85 119 148 97 8 57 60 12 130 61 121 149 150 94 56 106 67 51 131 105 130 4 140 24 21 153 57 94 5 155 124 112 59 163 109 99 8 140 30 137 89 83 147 38 148 18 49 142 89 66 165 65 146 21 113 123 44 65 14 123 44 98 5 20 66 154 79 25 29 114 136 42 53 124 163 166 73 105 160 66 46 10 143 14 13 121 1 151 122 99 18 91 166 64 102 146 36 43 56 104 39 131 153 162 138 93 73 62 145 96 39 67 134 131 87 156 126 39 163 71 46 159 123 143 72 6 51 141 127 152 62 6 148 151 52 38 80 87 165 43 111 147 70 138 85 98 83 74 113 111 87 58 18 128 71 39 60 1 75 115 73 10 111 151 16 136 97 155 67 102 141 165 81 56 82 69 115 162 25 45 54 39 133 70 25 125 53 7 83 114 142 8 60 122 37 120 14 19 102 58 106 145 27 69 25 58 48 107 164 27 35 66 82 162 15 54 59 78 138 110 76 14 140 95 76 109 117 69 104 130 64 74 45 139 152 72 140 144 25 85 115 152 145 123 40 37 116 109 136 98 75 120 60 65 157 59 13 92 108 41 75 6 160 153 93 44 106 139 10 162 162 137 124 114 85 66 61 46 30 90 70 130 16 79 103 54 84 58 63 103 66 134 4 15 32 137 77 166 51 36 12 21 59 106 50 139 149 113 31 109 126 47 24 37 53 37 7 166 112 129 84 45 153 154 47 158 17 4 79 144 0 86 43 130 44 128 95 71 27 52 97 25 107 147 24 157 20 118 85 123 134 112 118 115 19 150 161 101 55 43 17 112 95 155 154 149 72 25 95 5 92 148 80 124 3 57 125 150 74 86 116 144 49 105 150 2 117 96 64 33 0 149 60 74 126 98 76 164 71 65 120 142 91 4 134 122 133 132 2 95 1 68 23 135 50 70 128 2 55 7 144 123 41 76 148 81 35 64 138 82 112 86 42 135 113 103 104 114 94 111 7 119 17 90 158 125 3 31 14 63 165 95 111 68 68 11 31 146 73 78 61 75 153 161 32 127 46 55 73 61 161 156 160 104 95 13 7 42 34 17 59 62 80 10 115 151 70 122 124 57 132 116 144 117 82 47 93 99 17 19 8 23 91 106 56 129 88 78 94 129 119 5 113 3 37 73 139 157 116 150 23 93 137 100 157 114 129 34 101 75 157 5 114 133 58 23 2 124 147 157 165 55 164 84 38 14 76 141 148 82 90 123 85 108 41 75 48 53 136 131 31 61 122 42 39 43 34 81 156 101 37 47 138 115 93 94 0 126 68 93 106 77 131 142 147 151 37 74 114 92 42 166 90 83 99 150 55 91 65 6 165 156 112 106 157 44 87 49 85 88 139 158 86 79 50 48 79
0 : [77, 513, 573, 759] (46)
1 : [5, 269, 340, 593] (53)
2 : [568, 591, 600, 719] (50)
3 : [102, 557, 629, 696] (57)
4 : [204, 475, 510, 586] (57)
5 : [211, 245, 552, 694, 714] (53)
6 : [308, 314, 444, 782] (57)
7 : [109, 370, 499, 602, 623, 659] (59)
8 : [101, 153, 187, 219, 374, 683] (68)
9 : [] (0)
10 : [264, 344, 451, 666] (51)
11 : [29, 638] (55)
12 : [100, 103, 190, 483] (50)
13 : [267, 439, 658] (53)
14 : [61, 175, 241, 266, 379, 404, 631, 728] (59)
15 : [25, 47, 397, 476] (55)
16 : [8, 347, 465] (56)
17 : [509, 543, 625, 662, 681] (57)
18 : [27, 228, 273, 335] (57)
19 : [380, 537, 682] (55)
20 : [37, 165, 246, 529] (59)
21 : [151, 168, 207, 236, 484] (59)
22 : [] (0)
23 : [116, 595, 684, 703, 718] (59)
24 : [206, 495, 527] (60)
25 : [57, 250, 361, 367, 387, 421, 524, 550] (55)
26 : [20, 55, 90] (55)
27 : [159, 385, 392, 521] (59)
28 : [131, 149, 173] (57)
29 : [6, 251] (56)
30 : [80, 123, 221, 461] (54)
31 : [1, 41, 70, 491, 630, 639, 743] (56)
32 : [122, 477, 647] (58)
33 : [64, 121, 174, 572] (56)
34 : [53, 661, 710, 749] (58)
35 : [138, 393, 609] (58)
36 : [105, 129, 279, 482] (56)
37 : [377, 428, 496, 498, 697, 753, 769] (55)
38 : [87, 226, 318, 727] (54)
39 : [0, 24, 76, 110, 283, 293, 300, 338, 364, 747] (53)
40 : [167, 427] (61)
41 : [72, 442, 605, 737] (54)
42 : [73, 254, 615, 660, 746, 773] (55)
43 : [108, 280, 322, 515, 542, 748] (59)
44 : [52, 60, 239, 243, 448, 517, 788] (57)
45 : [362, 415, 504] (60)
46 : [39, 263, 303, 460, 649] (60)
47 : [494, 507, 678, 754] (66)
48 : [389, 739, 798] (59)
49 : [36, 79, 92, 104, 229, 565, 790] (58)
50 : [13, 45, 154, 487, 597, 797] (56)
51 : [26, 135, 200, 309, 481] (56)
52 : [38, 117, 317, 522] (58)
53 : [12, 59, 133, 255, 369, 497, 740] (56)
54 : [141, 363, 398, 468] (57)
55 : [541, 601, 650, 724, 779] (57)
56 : [147, 197, 281, 356, 687] (61)
57 : [188, 209, 558, 672] (56)
58 : [334, 382, 388, 470, 717] (56)
59 : [83, 215, 399, 438, 485, 663] (54)
60 : [78, 189, 339, 375, 435, 575] (53)
61 : [42, 115, 192, 459, 643, 652, 744] (54)
62 : [290, 313, 664] (56)
63 : [11, 471, 632] (59)
64 : [112, 276, 413, 571, 610] (60)
65 : [9, 234, 240, 436, 582, 781] (59)
66 : [126, 232, 247, 262, 394, 458, 473] (59)
67 : [156, 199, 294, 351] (58)
68 : [54, 594, 636, 637, 761] (62)
69 : [358, 386, 410] (66)
70 : [63, 325, 366, 463, 598, 669] (69)
71 : [302, 337, 520, 581] (68)
72 : [106, 307, 418, 549] (60)
73 : [259, 289, 343, 641, 651, 698] (60)
74 : [140, 330, 414, 561, 576, 770] (59)
75 : [341, 433, 443, 644, 712, 738] (61)
76 : [182, 403, 407, 579, 606, 729] (62)
77 : [124, 172, 479, 764] (68)
78 : [169, 400, 642, 690] (71)
79 : [249, 466, 511, 796, 799] (67)
80 : [150, 319, 555, 665] (63)
81 : [355, 608, 750] (62)
82 : [357, 395, 612, 677, 732] (63)
83 : [146, 224, 329, 371, 776] (66)
84 : [143, 469, 503, 726] (63)
85 : [22, 183, 327, 422, 457, 531, 735, 791] (62)
86 : [43, 120, 178, 514, 562, 614, 795] (66)
87 : [16, 148, 297, 320, 333, 789] (65)
88 : [67, 98, 689, 792] (70)
89 : [65, 177, 223, 231] (69)
90 : [127, 462, 626, 733, 775] (67)
91 : [145, 274, 585, 685, 780] (67)
92 : [31, 440, 553, 772] (68)
93 : [288, 447, 679, 704, 757, 762] (67)
94 : [196, 210, 621, 691, 758] (67)
95 : [406, 519, 545, 551, 592, 634, 657] (68)
96 : [58, 86, 292, 570] (67)
97 : [157, 161, 186, 349, 523] (66)
98 : [32, 113, 176, 244, 328, 432, 578] (66)
99 : [218, 272, 680, 777] (65)
100 : [44, 160, 706] (74)
101 : [114, 137, 180, 540, 711, 752] (66)
102 : [82, 277, 352, 381] (68)
103 : [74, 467, 472, 618] (65)
104 : [30, 282, 411, 619, 656] (62)
105 : [40, 202, 260, 566] (66)
106 : [94, 198, 383, 449, 486, 686, 763, 786] (63)
107 : [18, 48, 91, 390, 525] (68)
108 : [119, 158, 441, 736] (68)
109 : [217, 408, 430, 492] (70)
110 : [3, 23, 166, 402] (75)
111 : [323, 332, 345, 622, 635] (67)
112 : [214, 501, 534, 544, 613, 785] (69)
113 : [93, 237, 331, 490, 617, 695] (69)
114 : [252, 372, 456, 620, 708, 715, 771] (70)
115 : [342, 359, 423, 536, 667, 756] (71)
116 : [88, 429, 563, 674, 701] (73)
117 : [409, 569, 676] (71)
118 : [17, 132, 530, 535] (75)
119 : [56, 66, 184, 624, 693] (75)
120 : [378, 434, 583] (70)
121 : [170, 193, 268] (75)
122 : [181, 271, 376, 588, 670, 745] (70)
123 : [238, 242, 305, 426, 532, 604, 734] (70)
124 : [62, 213, 256, 455, 556, 671, 720] (68)
125 : [95, 368, 559, 628] (70)
126 : [171, 299, 493, 577, 760] (72)
127 : [10, 68, 118, 311, 648] (70)
128 : [336, 518, 599] (74)
129 : [28, 502, 688, 692, 709] (70)
130 : [136, 191, 203, 412, 464, 516] (72)
131 : [97, 201, 284, 296, 742, 765] (70)
132 : [49, 84, 134, 155, 590, 673] (70)
133 : [365, 589, 716] (68)
134 : [164, 295, 474, 533, 587] (71)
135 : [4, 14, 89, 596, 616] (71)
136 : [33, 179, 253, 348, 431, 741] (73)
137 : [107, 222, 454, 478, 705] (78)
138 : [287, 326, 401, 611, 755] (76)
139 : [416, 450, 488, 699, 793] (78)
140 : [19, 205, 220, 405, 419] (76)
141 : [81, 162, 310, 353, 730] (75)
142 : [128, 230, 373, 584, 766] (80)
143 : [99, 265, 306] (80)
144 : [420, 512, 564, 603, 675] (81)
145 : [163, 291, 384, 425] (82)
146 : [35, 235, 278, 640] (78)
147 : [46, 96, 225, 324, 526, 721, 767] (76)
148 : [185, 227, 315, 554, 607, 731] (73)
149 : [194, 489, 548, 574] (74)
150 : [50, 195, 538, 560, 567, 702, 778] (73)
151 : [15, 270, 316, 346, 668, 768] (74)
152 : [312, 417, 424] (79)
153 : [208, 285, 446, 505, 645] (73)
154 : [69, 71, 248, 506, 547] (69)
155 : [51, 212, 350, 546] (77)
156 : [142, 298, 654, 751, 784] (78)
157 : [437, 528, 700, 707, 713, 722, 787] (79)
158 : [75, 125, 508, 627, 794] (82)
159 : [21, 111, 130, 304] (81)
160 : [85, 261, 445, 655] (80)
161 : [2, 34, 539, 646, 653] (81)
162 : [286, 360, 396, 452, 453] (80)
163 : [152, 216, 257, 301] (80)
164 : [144, 391, 580, 725] (80)
165 : [139, 233, 321, 354, 633, 723, 783] (82)
166 : [7, 258, 275, 480, 500, 774] (81)
