Name: 800-50-80
Time: 17.80923819541931 
Result: 13086
Solution:  39 31 161 111 137 2 29 165 16 62 125 63 55 52 137 150 88 119 107 140 28 158 84 110 40 15 51 20 130 12 101 94 98 135 160 146 46 16 54 45 105 31 64 89 104 50 147 14 107 132 151 154 46 30 69 24 119 24 96 52 44 14 124 70 33 90 121 93 126 156 32 157 41 41 103 158 40 0 58 49 29 141 106 60 131 162 97 37 116 138 25 110 49 112 107 125 147 130 88 143 10 8 3 13 49 37 73 139 43 5 39 160 68 99 100 63 24 50 128 108 89 33 33 30 77 158 68 90 143 36 161 31 118 53 130 53 127 103 35 165 75 55 155 85 164 91 82 52 89 29 80 21 162 6 51 131 67 102 108 26 101 98 140 145 135 20 109 42 21 79 122 127 78 28 33 13 98 89 87 136 101 119 76 82 118 149 97 10 57 60 8 134 62 120 146 150 94 56 107 65 55 128 105 130 3 139 27 24 151 56 93 7 153 128 113 59 165 110 99 7 143 31 136 88 86 149 41 150 17 49 140 91 67 166 65 148 24 112 122 44 68 14 124 45 101 5 18 66 157 79 23 30 114 136 40 53 123 163 166 72 105 161 62 47 10 143 14 13 121 1 147 124 103 18 92 165 66 104 143 34 41 55 103 41 130 150 165 138 94 74 64 144 96 39 67 133 131 87 156 128 38 163 71 45 159 123 142 72 6 51 141 130 152 62 7 148 154 53 38 83 86 164 45 109 147 69 136 81 97 81 75 112 111 90 57 21 129 70 42 62 0 73 115 73 11 113 153 20 133 97 152 67 106 138 164 80 57 81 71 115 159 24 46 53 41 132 70 25 125 53 5 81 109 142 12 60 123 37 121 15 20 101 58 106 145 26 70 25 57 48 108 164 26 35 66 79 163 14 52 59 79 138 109 79 15 140 94 74 109 118 69 104 131 64 76 45 140 152 73 141 144 26 85 118 151 145 119 43 34 116 108 134 99 74 122 59 65 160 61 10 94 111 39 75 7 158 155 96 44 108 138 11 162 160 138 123 114 86 64 60 44 30 90 67 129 16 78 102 56 85 58 63 103 64 134 4 15 32 137 77 166 50 36 12 23 60 105 51 136 152 114 28 113 126 51 21 37 53 37 8 166 111 129 82 45 150 153 48 156 17 4 76 142 0 86 41 132 44 128 93 72 27 54 96 25 106 147 24 156 19 117 85 123 135 114 117 115 19 150 161 101 55 45 18 114 95 157 154 147 73 25 95 5 97 149 80 122 6 60 124 148 76 84 116 144 46 105 151 1 117 95 68 37 0 151 60 75 127 98 74 164 71 66 120 144 90 4 134 121 130 132 2 97 2 69 23 134 47 69 127 3 53 7 141 124 39 77 147 83 36 62 138 84 111 88 40 137 112 102 103 115 96 109 6 119 17 87 159 123 2 32 14 65 163 94 110 67 66 11 31 146 75 78 61 76 153 161 32 129 48 56 74 64 162 155 158 104 94 10 4 42 34 17 57 61 81 7 115 148 70 122 124 59 131 115 145 117 80 47 94 102 18 19 8 23 92 109 56 129 87 78 96 129 119 3 113 3 36 72 139 156 116 151 26 93 133 100 159 116 128 37 99 75 154 4 114 135 58 21 1 124 146 156 162 54 160 83 38 14 77 139 148 82 90 126 80 107 41 77 49 53 134 133 32 63 121 41 40 41 34 81 158 96 36 47 137 113 93 94 0 126 68 92 104 77 130 144 148 149 35 70 114 91 44 166 90 81 100 149 55 92 68 8 164 155 112 106 153 44 88 49 84 89 139 157 89 79 52 48 80
0 : [77, 340, 513, 573, 759] (53)
1 : [269, 568, 719] (50)
2 : [5, 591, 593, 629] (52)
3 : [102, 204, 600, 694, 696] (56)
4 : [475, 510, 586, 659, 714] (56)
5 : [109, 245, 370, 552] (56)
6 : [153, 308, 557, 623] (55)
7 : [211, 219, 314, 444, 602, 666] (59)
8 : [101, 190, 499, 683, 782] (50)
9 : [] (0)
10 : [100, 187, 264, 439, 658] (65)
11 : [344, 451, 638] (57)
12 : [29, 374, 483] (51)
13 : [103, 175, 267] (62)
14 : [47, 61, 241, 266, 397, 631, 728] (50)
15 : [25, 379, 404, 476] (51)
16 : [8, 37, 465] (56)
17 : [228, 509, 625, 662] (51)
18 : [246, 273, 543, 681] (59)
19 : [529, 537, 682] (57)
20 : [27, 165, 347, 380] (56)
21 : [151, 168, 335, 495, 718] (58)
22 : [] (0)
23 : [250, 484, 595, 684] (54)
24 : [55, 57, 116, 207, 236, 361, 527] (53)
25 : [90, 367, 387, 524, 550] (55)
26 : [159, 385, 392, 421, 703] (57)
27 : [206, 521] (60)
28 : [20, 173, 491] (57)
29 : [6, 80, 149] (59)
30 : [53, 123, 251, 461] (65)
31 : [1, 41, 131, 221, 639] (60)
32 : [70, 477, 630, 647, 743] (56)
33 : [64, 121, 122, 174] (58)
34 : [279, 428, 661, 749] (56)
35 : [138, 393, 769] (56)
36 : [129, 482, 609, 697, 753] (59)
37 : [87, 105, 377, 496, 498, 572, 710] (56)
38 : [300, 318, 727] (53)
39 : [0, 110, 293, 442, 605] (52)
40 : [24, 76, 254, 615, 747] (50)
41 : [72, 73, 226, 280, 283, 364, 515, 737, 746, 748] (49)
42 : [167, 338, 660] (50)
43 : [108, 427] (56)
44 : [60, 239, 448, 460, 517, 773, 788] (56)
45 : [39, 243, 303, 322, 415, 504, 542] (54)
46 : [36, 52, 362, 565] (56)
47 : [263, 597, 678, 754] (77)
48 : [389, 507, 649, 798] (63)
49 : [79, 92, 104, 229, 739, 790] (61)
50 : [45, 117, 481] (58)
51 : [26, 154, 309, 487, 494] (62)
52 : [13, 59, 147, 398, 797] (57)
53 : [133, 135, 255, 317, 363, 369, 497, 601, 740] (55)
54 : [38, 522, 724] (64)
55 : [12, 141, 200, 281, 541, 779] (60)
56 : [197, 209, 468, 650, 687] (58)
57 : [188, 334, 356, 388, 663] (54)
58 : [78, 382, 470, 717] (56)
59 : [215, 399, 435, 672] (60)
60 : [83, 189, 375, 459, 485, 558, 575] (56)
61 : [438, 643, 664] (57)
62 : [9, 192, 262, 313, 339, 610] (56)
63 : [11, 115, 471, 744] (60)
64 : [42, 290, 413, 458, 473, 652] (56)
65 : [199, 234, 436, 632] (66)
66 : [247, 276, 394, 582, 637] (53)
67 : [156, 232, 294, 351, 463, 636] (58)
68 : [112, 126, 240, 571, 761, 781] (58)
69 : [54, 325, 410, 594, 598] (59)
70 : [63, 337, 366, 386, 669, 770] (63)
71 : [302, 358, 581] (76)
72 : [259, 307, 520, 698] (65)
73 : [106, 341, 343, 418, 549] (63)
74 : [289, 407, 433, 579, 651] (63)
75 : [140, 330, 443, 576, 641, 712] (64)
76 : [182, 414, 511, 561, 644] (60)
77 : [124, 479, 606, 729, 738, 764] (62)
78 : [172, 466, 642, 690] (60)
79 : [169, 249, 395, 400, 403, 796] (61)
80 : [150, 355, 555, 677, 735, 799] (64)
81 : [327, 329, 357, 371, 665, 750, 776] (64)
82 : [146, 183, 503, 732] (63)
83 : [319, 608, 726] (66)
84 : [22, 562, 612, 791] (65)
85 : [143, 422, 469, 531] (66)
86 : [224, 320, 457, 514] (65)
87 : [178, 297, 626, 689] (65)
88 : [16, 98, 223, 614, 789] (62)
89 : [43, 120, 148, 177, 792, 795] (62)
90 : [65, 127, 333, 462, 585, 733, 775] (63)
91 : [145, 231, 772] (65)
92 : [274, 685, 762, 780] (66)
93 : [67, 210, 519, 704, 757] (65)
94 : [31, 196, 288, 406, 440, 634, 657, 679, 758] (63)
95 : [545, 551, 570] (70)
96 : [58, 292, 447, 523, 621, 691, 752] (62)
97 : [86, 186, 328, 349, 553, 592] (64)
98 : [32, 161, 176, 578] (71)
99 : [113, 218, 432, 711] (66)
100 : [114, 706, 777] (68)
101 : [30, 160, 180, 244, 381, 540] (68)
102 : [157, 467, 618, 680] (64)
103 : [74, 137, 272, 282, 472, 619] (66)
104 : [44, 277, 411, 656, 763] (66)
105 : [40, 202, 260, 486, 566] (74)
106 : [82, 352, 383, 525, 786] (71)
107 : [18, 48, 94, 198, 736] (70)
108 : [119, 158, 390, 430, 449] (76)
109 : [166, 323, 372, 402, 408, 622, 686] (70)
110 : [23, 91, 217, 635] (73)
111 : [3, 332, 441, 501, 613] (72)
112 : [93, 237, 331, 617, 785] (69)
113 : [214, 345, 492, 695, 756] (71)
114 : [252, 456, 490, 534, 544, 715, 771] (70)
115 : [342, 359, 536, 620, 667, 674] (70)
116 : [88, 429, 563, 701, 708] (71)
117 : [530, 535, 569, 676] (75)
118 : [132, 184, 409, 423] (73)
119 : [17, 56, 181, 426, 624, 693] (71)
120 : [193, 583] (70)
121 : [66, 268, 378, 588, 745] (78)
122 : [170, 238, 434, 556, 670] (78)
123 : [256, 305, 376, 455, 532, 628] (80)
124 : [62, 242, 271, 559, 604, 671, 720] (71)
125 : [10, 95, 368] (75)
126 : [68, 493, 734, 760] (78)
127 : [136, 171, 577, 599] (60)
128 : [118, 201, 213, 299, 518, 709] (77)
129 : [336, 464, 502, 648, 688, 692] (71)
130 : [28, 97, 134, 203, 284, 311, 589, 765] (64)
131 : [84, 155, 296, 412, 673] (61)
132 : [49, 365, 516, 590] (65)
133 : [295, 348, 705, 742] (79)
134 : [191, 431, 474, 587, 596, 741] (70)
135 : [33, 164, 533, 716] (73)
136 : [179, 222, 253, 326, 488] (76)
137 : [4, 14, 478, 616, 755] (75)
138 : [89, 287, 353, 401, 450, 454, 611] (74)
139 : [107, 205, 699, 730, 793] (75)
140 : [19, 162, 230, 405, 416] (79)
141 : [81, 310, 419, 603] (76)
142 : [306, 373, 512] (80)
143 : [99, 128, 220, 265, 278] (78)
144 : [291, 420, 564, 584, 766] (83)
145 : [163, 384, 425, 675] (80)
146 : [35, 194, 640, 721] (76)
147 : [46, 96, 270, 324, 526, 548, 607] (75)
148 : [235, 315, 560, 668, 731, 767] (74)
149 : [185, 225, 554, 768, 778] (73)
150 : [15, 195, 227, 285, 505, 538] (74)
151 : [50, 208, 424, 567, 574, 702] (72)
152 : [312, 350, 417, 489] (71)
153 : [212, 346, 506, 645, 787] (80)
154 : [51, 316, 547, 713] (80)
155 : [142, 446, 654, 784] (78)
156 : [69, 298, 508, 528, 700, 722] (73)
157 : [71, 248, 546, 794] (80)
158 : [21, 75, 125, 445, 655, 751] (77)
159 : [304, 360, 627, 707] (78)
160 : [34, 111, 437, 453, 725] (78)
161 : [2, 130, 261, 539, 646] (79)
162 : [85, 152, 452, 653, 723] (80)
163 : [257, 301, 396, 633] (86)
164 : [144, 321, 354, 391, 580, 783] (78)
165 : [7, 139, 216, 275, 286] (83)
166 : [233, 258, 480, 500, 774] (80)
