Name: 800-40-60
Time: 18.08534574508667 
Result: 28064
Solution:  59 178 157 76 97 124 194 185 161 129 10 94 152 107 102 125 159 112 1 127 146 49 138 11 91 195 188 106 190 92 139 29 108 6 78 44 190 54 79 92 104 58 143 161 117 99 168 114 73 162 158 164 126 170 115 152 63 104 161 56 147 185 25 45 91 18 132 110 35 171 3 57 154 58 136 56 76 181 25 59 167 77 77 80 178 150 28 133 103 16 123 118 146 90 118 79 128 160 180 126 121 2 22 134 7 143 128 182 40 10 146 101 69 71 98 150 49 9 35 67 159 54 148 37 61 75 48 39 39 146 104 197 95 5 107 147 37 66 182 13 45 165 47 135 52 137 74 176 193 80 107 92 10 175 198 88 164 13 181 89 144 85 36 157 28 76 46 93 47 5 53 77 155 113 76 81 163 89 7 79 186 183 178 39 45 31 166 146 88 15 149 72 24 31 187 161 42 124 139 80 18 115 141 101 107 192 116 62 95 26 47 164 74 37 97 71 177 110 185 38 130 197 1 89 77 59 90 46 40 118 117 173 22 129 161 9 52 10 10 150 66 130 186 155 189 160 165 134 183 116 173 12 169 169 94 150 48 109 125 24 8 165 196 76 175 73 36 142 92 43 104 49 167 131 59 95 167 100 29 150 80 5 23 83 48 103 71 35 115 90 100 1 67 50 33 81 26 59 104 158 158 183 65 56 9 179 85 149 188 170 23 139 138 94 122 75 132 189 196 105 96 137 53 173 24 91 68 169 184 174 128 83 162 42 44 114 22 147 47 145 85 88 163 138 179 171 98 146 54 94 65 41 191 144 100 127 87 12 38 105 3 19 102 192 43 134 35 121 99 170 122 88 193 90 111 191 194 21 145 32 63 55 181 131 108 19 102 176 151 191 145 126 2 36 11 28 79 70 96 198 83 100 6 99 152 34 168 161 118 171 87 11 91 38 115 47 81 100 157 77 151 12 53 185 169 141 166 167 32 121 187 21 6 12 155 27 50 147 189 73 196 113 102 135 46 56 190 47 51 37 35 186 118 96 140 43 190 105 139 61 196 44 153 83 194 14 174 36 26 163 116 6 6 130 124 96 19 119 109 6 111 174 25 4 178 62 106 83 160 174 195 80 58 57 0 142 5 25 172 34 80 127 111 160 137 4 66 131 134 78 177 177 188 4 193 6 117 120 87 145 60 35 158 27 28 176 81 115 23 23 76 133 35 143 27 122 123 58 54 139 119 69 73 67 8 128 194 64 108 115 132 73 165 69 124 81 28 197 7 119 55 184 72 144 192 131 15 135 172 193 153 152 18 79 133 131 197 148 62 136 64 15 164 68 15 9 16 143 141 90 198 133 136 128 129 40 157 154 24 40 76 72 33 86 50 119 18 164 29 139 54 21 156 135 123 85 41 53 131 112 109 103 41 179 22 66 100 173 170 34 13 156 2 176 83 154 153 98 1 144 32 140 14 110 121 182 47 138 175 122 32 12 141 40 198 93 113 58 23 127 26 32 102 178 184 152 150 1 31 52 43 129 108 172 103 28 96 196 54 120 192 180 99 20 186 112 169 69 84 62 184 114 194 180 62 70 21 74 108 162 186 197 85 37 14 122 63 117 168 48 90 57 67 58 14 143 166 112 65 154 34 186 135 66 196 16 86 198 16 44 123 114 66 159 0 89 154 156 64 8 53 61 60 183 174 42 71 195 108 122 189 187 20 97 26 176 46 31 145 68 7 69 70 101 162 153 16 104 41 177 97 4 13 50 31 57 86 19 1 58 125 186 150 21 106 123 181 120 172 3 191 140 15 14 84 70 184 4 41 51
0 : [494, 734] (5)
1 : [18, 222, 291, 638, 667, 778] (53)
2 : [101, 392, 632] (43)
3 : [70, 360, 789] (41)
4 : [483, 505, 513, 771, 797] (43)
5 : [133, 169, 281, 496] (42)
6 : [33, 402, 432, 471, 472, 479, 515] (42)
7 : [104, 178, 558, 760] (47)
8 : [260, 544, 739] (48)
9 : [117, 235, 304, 585] (49)
10 : [10, 109, 152, 237, 238] (41)
11 : [23, 394, 411] (53)
12 : [251, 357, 421, 433, 651] (50)
13 : [139, 157, 630, 772] (52)
14 : [465, 642, 704, 714, 793] (46)
15 : [189, 566, 581, 584, 792] (41)
16 : [89, 586, 725, 728, 766] (40)
17 : [] (0)
18 : [65, 200, 572, 606] (50)
19 : [361, 385, 476, 777] (46)
20 : [683, 752] (47)
21 : [377, 431, 611, 696, 783] (45)
22 : [102, 232, 336, 624] (51)
23 : [282, 310, 528, 529, 658] (45)
24 : [192, 259, 324, 598] (45)
25 : [62, 78, 482, 497] (45)
26 : [209, 296, 468, 660, 754] (46)
27 : [435, 523, 534] (46)
28 : [86, 164, 395, 524, 556, 675] (38)
29 : [31, 278, 608] (46)
30 : [] (0)
31 : [185, 193, 668, 757, 774] (41)
32 : [379, 428, 640, 650, 661] (54)
33 : [294, 602] (43)
34 : [405, 499, 629, 720] (43)
35 : [68, 118, 287, 366, 450, 521, 532] (44)
36 : [162, 266, 393, 467] (48)
37 : [123, 136, 213, 449, 703] (45)
38 : [219, 358, 413] (56)
39 : [127, 128, 183] (53)
40 : [108, 228, 595, 599, 653] (47)
41 : [351, 616, 622, 768, 798] (44)
42 : [196, 333, 745] (45)
43 : [269, 364, 455, 670] (43)
44 : [35, 334, 461, 729] (46)
45 : [63, 140, 184] (43)
46 : [166, 227, 444, 756] (49)
47 : [142, 168, 210, 338, 415, 447, 646] (52)
48 : [126, 256, 284, 709] (49)
49 : [21, 116, 271] (42)
50 : [293, 436, 604, 773] (49)
51 : [448, 799] (47)
52 : [144, 236, 669] (44)
53 : [170, 322, 422, 617, 740] (43)
54 : [37, 121, 348, 538, 610, 678] (43)
55 : [381, 560] (57)
56 : [59, 75, 303, 445] (43)
57 : [71, 493, 711, 775] (44)
58 : [41, 73, 492, 537, 657, 713, 779] (44)
59 : [0, 79, 225, 274, 297] (44)
60 : [520, 742] (45)
61 : [124, 459, 741] (48)
62 : [207, 485, 578, 689, 694] (45)
63 : [56, 380, 706] (48)
64 : [547, 580, 738] (44)
65 : [302, 350, 718] (44)
66 : [137, 240, 506, 625, 723, 732] (48)
67 : [119, 292, 543, 712] (44)
68 : [326, 583, 759] (47)
69 : [112, 541, 553, 687, 761] (45)
70 : [397, 695, 762, 795] (50)
71 : [113, 215, 286, 746] (49)
72 : [191, 562, 601] (50)
73 : [48, 265, 439, 542, 551] (54)
74 : [146, 212, 697] (55)
75 : [125, 315] (49)
76 : [3, 76, 165, 174, 263, 530, 600] (50)
77 : [81, 82, 171, 224, 419] (49)
78 : [34, 509] (51)
79 : [38, 95, 179, 396, 573] (48)
80 : [83, 149, 199, 280, 491, 500] (49)
81 : [175, 295, 416, 526, 555] (50)
82 : [] (0)
83 : [283, 331, 400, 463, 487, 634] (47)
84 : [688, 794] (60)
85 : [161, 306, 340, 615, 702] (52)
86 : [603, 726, 776] (54)
87 : [356, 410, 518] (50)
88 : [155, 188, 341, 371] (51)
89 : [159, 177, 223, 735] (58)
90 : [93, 226, 289, 373, 589, 710] (47)
91 : [24, 64, 325, 412] (47)
92 : [29, 39, 151, 268] (51)
93 : [167, 655] (55)
94 : [11, 254, 313, 349] (52)
95 : [132, 208, 275] (47)
96 : [320, 398, 453, 475, 676] (45)
97 : [4, 214, 753, 770] (45)
98 : [114, 346, 637] (46)
99 : [45, 368, 403, 682] (45)
100 : [277, 290, 354, 401, 417, 626] (46)
101 : [111, 203, 763] (49)
102 : [14, 362, 386, 442, 662] (47)
103 : [88, 285, 621, 674] (45)
104 : [40, 57, 130, 270, 298, 767] (46)
105 : [319, 359, 457] (48)
106 : [27, 486, 784] (51)
107 : [13, 134, 150, 204] (58)
108 : [32, 384, 548, 672, 698, 748] (58)
109 : [257, 478, 620] (58)
110 : [67, 217, 643] (55)
111 : [374, 480, 502] (52)
112 : [17, 619, 685, 717] (49)
113 : [173, 441, 656] (50)
114 : [47, 335, 691, 731] (50)
115 : [54, 201, 288, 414, 527, 549] (49)
116 : [206, 249, 470] (48)
117 : [44, 230, 516, 707] (52)
118 : [91, 94, 229, 408, 452] (46)
119 : [477, 540, 559, 605] (46)
120 : [517, 679, 787] (57)
121 : [100, 367, 429, 644] (56)
122 : [314, 370, 535, 649, 705, 749] (54)
123 : [90, 536, 614, 730, 785] (52)
124 : [5, 197, 474, 554] (52)
125 : [15, 258, 780] (64)
126 : [52, 99, 391] (61)
127 : [19, 355, 501, 659] (54)
128 : [96, 106, 330, 545, 593] (58)
129 : [9, 233, 594, 671] (54)
130 : [220, 241, 473] (63)
131 : [273, 383, 507, 565, 575, 618] (52)
132 : [66, 316, 550] (58)
133 : [87, 531, 574, 591] (52)
134 : [103, 247, 365, 508] (54)
135 : [143, 443, 567, 613, 722] (55)
136 : [74, 579, 592] (49)
137 : [145, 321, 504] (55)
138 : [22, 312, 343, 647] (50)
139 : [30, 198, 311, 458, 539, 609] (47)
140 : [454, 641, 791] (51)
141 : [202, 425, 588, 652] (49)
142 : [267, 495] (58)
143 : [42, 105, 533, 587, 715] (52)
144 : [160, 353, 563, 639] (53)
145 : [339, 378, 390, 519, 758] (52)
146 : [20, 92, 110, 129, 187, 347] (54)
147 : [60, 135, 337, 437] (55)
148 : [122, 577] (55)
149 : [190, 307] (60)
150 : [85, 115, 239, 255, 279, 666, 782] (54)
151 : [388, 420] (53)
152 : [12, 55, 404, 571, 665] (55)
153 : [462, 570, 636, 765] (57)
154 : [72, 597, 635, 719, 736] (58)
155 : [172, 243, 434] (52)
156 : [612, 631, 737] (55)
157 : [2, 163, 418, 596] (54)
158 : [50, 299, 300, 522] (55)
159 : [16, 120, 733] (53)
160 : [97, 245, 488, 503] (54)
161 : [8, 43, 58, 195, 234, 407] (55)
162 : [49, 332, 699, 764] (55)
163 : [176, 342, 469] (58)
164 : [51, 156, 211, 582, 607] (60)
165 : [141, 246, 261, 552] (60)
166 : [186, 426, 716] (60)
167 : [80, 272, 276, 427] (61)
168 : [46, 406, 708] (56)
169 : [252, 253, 327, 424, 686] (57)
170 : [53, 309, 369, 628] (59)
171 : [69, 345, 409] (59)
172 : [498, 568, 673, 788] (59)
173 : [231, 250, 323, 627] (56)
174 : [329, 466, 481, 489, 744] (55)
175 : [153, 264, 648] (57)
176 : [147, 387, 525, 633, 755] (57)
177 : [216, 510, 511, 769] (57)
178 : [1, 84, 182, 484, 663] (57)
179 : [305, 344, 623] (59)
180 : [98, 681, 693] (61)
181 : [77, 158, 382, 786] (60)
182 : [107, 138, 645] (63)
183 : [181, 248, 301, 743] (60)
184 : [328, 561, 664, 690, 796] (61)
185 : [7, 61, 218, 423] (62)
186 : [180, 242, 451, 684, 700, 721, 781] (58)
187 : [194, 430, 751] (59)
188 : [26, 308, 512] (60)
189 : [244, 317, 438, 750] (60)
190 : [28, 36, 446, 456] (60)
191 : [352, 375, 389, 790] (60)
192 : [205, 363, 564, 680] (59)
193 : [148, 372, 514, 569] (59)
194 : [6, 376, 464, 546, 692] (59)
195 : [25, 490, 747] (61)
196 : [262, 318, 440, 460, 677, 724] (57)
197 : [131, 221, 557, 576, 701] (64)
198 : [154, 399, 590, 654, 727] (60)
