Name: 800-40-60
Time: 18.266791105270386 
Result: 26067
Solution:  57 182 157 75 97 123 194 185 164 128 13 96 154 107 103 125 159 112 0 125 144 49 136 11 94 194 190 106 191 89 137 31 108 4 77 45 190 53 80 91 107 59 142 162 117 99 170 113 72 162 159 163 126 171 114 152 63 104 160 57 151 184 26 44 92 16 133 113 34 174 0 54 154 58 137 52 76 181 23 56 169 77 76 82 178 151 30 132 102 17 123 114 148 93 117 77 127 159 183 126 122 3 22 134 6 143 127 182 44 15 145 101 72 71 97 151 48 8 37 66 162 54 147 38 61 74 47 41 38 150 101 196 96 2 105 146 38 68 181 14 45 166 47 137 52 136 73 176 192 82 104 93 8 176 197 87 166 13 179 85 146 84 36 157 26 72 46 93 49 10 53 78 157 113 72 82 163 89 8 82 188 184 176 39 45 30 164 146 88 15 148 69 24 32 187 161 41 124 140 80 17 113 142 98 110 192 116 62 95 27 51 163 79 39 98 73 176 105 185 37 130 195 2 89 77 60 90 46 39 118 117 173 22 132 163 9 52 13 9 150 68 130 184 155 189 160 163 131 182 112 173 10 168 169 93 153 48 111 124 24 11 165 196 77 175 73 35 142 91 40 105 50 170 134 61 96 169 100 30 151 81 4 22 82 48 103 71 35 115 90 100 0 65 50 31 80 27 59 104 158 158 186 63 58 7 180 84 149 188 171 27 139 137 94 120 75 133 191 195 102 96 135 50 173 23 92 69 169 184 175 128 83 160 43 44 115 25 149 50 146 85 90 162 138 180 168 99 145 54 94 67 40 191 146 101 126 88 13 38 108 3 20 102 190 44 134 36 120 97 170 123 87 198 87 111 191 195 23 145 32 66 56 181 136 107 17 100 178 150 193 144 129 0 36 11 28 82 71 95 197 83 101 3 99 152 34 167 163 120 168 89 12 91 37 115 48 82 99 158 76 148 15 51 186 169 142 166 166 35 119 185 19 9 12 157 25 51 150 191 73 196 114 102 135 46 54 189 47 53 40 34 188 118 95 139 43 189 106 139 62 196 42 153 84 192 14 170 36 26 162 116 9 3 133 124 99 19 122 108 6 107 179 23 2 177 63 108 84 159 173 193 81 59 54 0 144 5 21 176 34 81 127 110 164 141 2 64 131 134 80 177 178 188 3 190 6 117 118 86 146 59 35 159 30 30 174 78 115 23 25 76 135 36 143 26 125 125 60 54 136 119 69 75 69 7 127 197 66 108 114 132 72 167 67 123 79 27 198 6 119 55 185 75 145 192 131 15 132 172 194 151 153 18 78 131 131 198 147 63 138 64 16 165 70 16 8 17 145 142 92 197 131 136 129 128 41 152 155 24 43 76 70 33 86 54 119 17 160 28 139 54 21 156 139 121 87 43 54 130 113 109 103 40 179 22 62 99 173 167 36 14 156 4 177 84 155 152 98 0 143 31 140 13 109 121 183 47 138 175 121 33 11 141 38 195 94 112 56 23 128 27 32 103 181 184 154 153 2 32 55 42 129 107 174 101 25 95 196 55 120 195 177 100 20 184 109 172 67 85 58 185 113 193 179 63 72 21 74 111 161 187 197 88 38 13 122 62 116 168 50 90 57 68 55 11 143 165 112 67 154 33 185 136 65 198 16 87 198 17 43 121 114 66 161 0 90 154 156 64 7 51 61 60 183 172 43 68 196 110 125 188 187 19 98 26 175 46 33 145 68 10 65 70 101 165 152 15 105 44 178 99 6 10 53 32 59 86 20 3 58 125 188 152 23 106 123 180 120 171 5 190 140 18 12 83 70 183 4 42 49
0 : [18, 70, 291, 392, 494, 638, 734] (55)
1 : [] (0)
2 : [133, 222, 483, 505, 667] (44)
3 : [101, 360, 402, 472, 513, 778] (42)
4 : [33, 281, 632, 797] (41)
5 : [496, 789] (54)
6 : [104, 479, 515, 558, 771] (42)
7 : [304, 544, 739] (47)
8 : [117, 152, 178, 585] (44)
9 : [235, 238, 432, 471] (44)
10 : [169, 251, 760, 772] (43)
11 : [23, 260, 394, 651, 714] (47)
12 : [411, 433, 793] (43)
13 : [10, 157, 237, 357, 642, 704] (40)
14 : [139, 465, 630] (43)
15 : [109, 189, 421, 566, 766] (42)
16 : [65, 581, 584, 725] (40)
17 : [89, 200, 385, 586, 606, 728] (42)
18 : [572, 792] (46)
19 : [431, 476, 752] (45)
20 : [361, 683, 777] (41)
21 : [497, 611, 696] (42)
22 : [102, 232, 282, 624] (42)
23 : [78, 324, 377, 482, 528, 658, 783] (43)
24 : [192, 259, 598] (43)
25 : [336, 435, 529, 675] (41)
26 : [62, 164, 468, 534, 754] (43)
27 : [209, 296, 310, 556, 660] (46)
28 : [395, 608] (42)
29 : [] (0)
30 : [86, 185, 278, 523, 524] (47)
31 : [31, 294, 640] (45)
32 : [193, 379, 661, 668, 774] (59)
33 : [602, 650, 720, 757] (40)
34 : [68, 405, 450, 499] (43)
35 : [266, 287, 428, 521] (46)
36 : [162, 366, 393, 467, 532, 629] (42)
37 : [118, 219, 413] (48)
38 : [123, 128, 136, 358, 653, 703] (47)
39 : [183, 213, 228] (46)
40 : [269, 351, 449, 622] (45)
41 : [127, 196, 595] (51)
42 : [461, 670, 798] (47)
43 : [333, 455, 599, 616, 729, 745] (45)
44 : [63, 108, 334, 364, 768] (46)
45 : [35, 140, 184] (57)
46 : [166, 227, 444, 756] (49)
47 : [126, 142, 447, 646] (47)
48 : [116, 256, 284, 415] (50)
49 : [21, 168, 799] (51)
50 : [271, 293, 322, 338, 709] (43)
51 : [210, 422, 436, 740] (43)
52 : [75, 144, 236] (44)
53 : [37, 170, 448, 773] (51)
54 : [71, 121, 348, 445, 493, 538, 604, 610, 617] (41)
55 : [560, 669, 678, 713] (46)
56 : [79, 381, 657] (45)
57 : [0, 59, 711] (43)
58 : [73, 303, 689, 779] (45)
59 : [41, 297, 492, 520, 775] (43)
60 : [225, 537, 742] (45)
61 : [124, 274, 741] (54)
62 : [207, 459, 625, 706] (45)
63 : [56, 302, 485, 578, 694] (47)
64 : [506, 580, 738] (59)
65 : [292, 723, 761] (49)
66 : [119, 380, 547, 732] (46)
67 : [350, 553, 687, 718] (46)
68 : [137, 240, 712, 746, 759] (49)
69 : [191, 326, 541, 543] (47)
70 : [583, 601, 762, 795] (47)
71 : [113, 286, 397] (43)
72 : [48, 112, 165, 174, 551, 695] (43)
73 : [146, 215, 265, 439] (44)
74 : [125, 697] (45)
75 : [3, 315, 542, 562] (45)
76 : [76, 82, 419, 530, 600] (47)
77 : [34, 81, 95, 224, 263] (44)
78 : [171, 526, 573] (52)
79 : [212, 555] (48)
80 : [38, 199, 295, 509] (49)
81 : [280, 491, 500] (43)
82 : [83, 149, 175, 179, 283, 396, 416] (38)
83 : [331, 400, 794] (44)
84 : [161, 306, 463, 487, 634] (40)
85 : [159, 340, 688] (51)
86 : [518, 603, 776] (52)
87 : [155, 371, 373, 615, 726] (56)
88 : [188, 356, 702] (50)
89 : [29, 177, 223, 410] (53)
90 : [226, 289, 341, 710, 735] (51)
91 : [39, 268, 412] (51)
92 : [64, 325, 589] (53)
93 : [93, 151, 167, 254] (52)
94 : [24, 313, 349, 655] (55)
95 : [208, 398, 453, 676] (51)
96 : [11, 132, 275, 320] (51)
97 : [4, 114, 368] (53)
98 : [203, 214, 637, 753] (53)
99 : [45, 346, 403, 417, 475, 626, 770] (47)
100 : [277, 290, 386, 682] (52)
101 : [111, 130, 354, 401, 674, 763] (51)
102 : [88, 319, 362, 442] (50)
103 : [14, 285, 621, 662] (55)
104 : [57, 150, 298] (51)
105 : [134, 217, 270, 767] (49)
106 : [27, 457, 784] (49)
107 : [13, 40, 384, 480, 672] (51)
108 : [32, 359, 478, 486, 548] (52)
109 : [620, 643, 685] (51)
110 : [204, 502, 748] (49)
111 : [257, 374, 698] (47)
112 : [17, 249, 656, 717] (50)
113 : [47, 67, 173, 201, 619, 691] (45)
114 : [54, 91, 441, 549, 731] (48)
115 : [288, 335, 414, 527] (55)
116 : [206, 470, 707] (59)
117 : [44, 94, 230, 516] (53)
118 : [229, 452, 517] (49)
119 : [429, 540, 559, 605] (59)
120 : [314, 367, 408, 679, 787] (52)
121 : [614, 644, 649, 730] (51)
122 : [100, 477, 705] (49)
123 : [5, 90, 370, 554, 785] (51)
124 : [197, 258, 474] (50)
125 : [15, 19, 535, 536, 749, 780] (49)
126 : [52, 99, 355] (50)
127 : [96, 106, 501, 545] (47)
128 : [9, 330, 594, 659] (51)
129 : [391, 593, 671] (50)
130 : [220, 241, 618] (57)
131 : [247, 507, 565, 574, 575, 591] (49)
132 : [87, 233, 550, 567] (51)
133 : [66, 316, 473] (57)
134 : [103, 273, 365, 508] (49)
135 : [321, 443, 531] (50)
136 : [22, 145, 383, 539, 592, 722] (51)
137 : [30, 74, 143, 312] (57)
138 : [343, 579, 647] (50)
139 : [311, 454, 458, 609, 613] (50)
140 : [198, 641, 791] (60)
141 : [504, 652] (58)
142 : [42, 202, 267, 425, 588] (60)
143 : [105, 533, 639, 715] (59)
144 : [20, 390, 495] (56)
145 : [110, 347, 378, 563, 587, 758] (54)
146 : [135, 160, 187, 339, 353, 519] (55)
147 : [122, 577] (55)
148 : [92, 190, 420] (58)
149 : [307, 337] (58)
150 : [129, 239, 388, 437] (55)
151 : [60, 85, 115, 279, 570] (54)
152 : [55, 404, 596, 636, 765, 782] (51)
153 : [255, 462, 571, 666] (50)
154 : [12, 72, 665, 719, 736] (51)
155 : [243, 597, 635] (55)
156 : [612, 631, 737] (55)
157 : [2, 163, 172, 434] (61)
158 : [299, 300, 418] (57)
159 : [16, 50, 97, 488, 522] (57)
160 : [58, 245, 332, 607] (57)
161 : [195, 699, 733] (55)
162 : [43, 49, 120, 342, 469] (55)
163 : [51, 176, 211, 234, 246, 407] (53)
164 : [8, 186, 503] (56)
165 : [261, 582, 716, 764] (55)
166 : [141, 156, 426, 427] (53)
167 : [406, 552, 628] (56)
168 : [252, 345, 409, 708] (58)
169 : [80, 253, 276, 327, 424] (61)
170 : [46, 272, 369, 466] (61)
171 : [53, 309, 788] (60)
172 : [568, 686, 744] (60)
173 : [231, 250, 323, 489, 627] (60)
174 : [69, 525, 673] (61)
175 : [264, 329, 648, 755] (60)
176 : [147, 153, 182, 216, 498] (59)
177 : [484, 510, 633, 681] (52)
178 : [84, 387, 511, 769] (59)
179 : [158, 481, 623, 693] (60)
180 : [305, 344, 786] (59)
181 : [77, 138, 382, 663] (60)
182 : [1, 107, 248] (60)
183 : [98, 645, 743, 796] (58)
184 : [61, 181, 242, 328, 664, 684] (58)
185 : [7, 218, 430, 561, 690, 721] (58)
186 : [301, 423] (61)
187 : [194, 700, 751] (58)
188 : [180, 308, 451, 512, 750, 781] (59)
189 : [244, 446, 456] (60)
190 : [26, 36, 363, 514, 790] (58)
191 : [28, 317, 352, 375, 438] (60)
192 : [148, 205, 464, 564] (62)
193 : [389, 490, 692] (67)
194 : [6, 25, 569] (60)
195 : [221, 318, 376, 654, 680] (63)
196 : [131, 262, 440, 460, 677, 747] (66)
197 : [154, 399, 546, 590, 701] (60)
198 : [372, 557, 576, 724, 727] (61)
