Name: 800-20-30
Time: 18.040722846984863 
Result: 8034
Solution:  85 119 120 63 94 44 16 7 115 73 58 74 97 43 121 116 122 6 18 41 33 89 88 98 125 61 97 76 126 75 38 94 106 15 15 34 76 86 68 103 89 101 50 98 10 128 104 34 12 120 65 4 44 3 22 88 68 108 122 48 42 126 122 47 2 38 33 123 31 68 68 0 73 101 98 89 119 105 27 16 54 89 13 21 73 14 118 18 123 123 94 122 126 117 60 114 127 129 18 128 58 118 115 48 8 57 103 2 43 53 33 45 24 74 26 117 59 17 53 53 2 79 81 119 43 26 67 17 26 97 63 1 100 70 86 77 40 10 38 40 127 48 16 78 0 52 70 35 117 37 49 102 68 17 56 89 64 90 114 78 76 96 67 74 44 97 2 54 87 107 70 64 113 110 34 56 81 111 118 87 109 39 112 103 66 13 0 3 86 78 127 57 54 114 62 128 105 17 69 115 106 122 31 92 15 50 71 83 129 1 66 127 129 123 126 72 52 110 125 88 58 27 49 4 87 6 114 61 107 61 51 22 123 59 95 55 46 80 17 84 100 95 8 109 42 12 33 76 96 84 23 11 122 83 101 5 62 37 32 114 129 53 88 50 21 25 90 108 109 17 114 6 0 27 99 119 57 32 84 108 121 48 20 41 121 113 49 60 80 95 21 109 37 2 116 83 107 51 54 26 103 55 56 46 112 103 29 36 93 94 74 14 35 92 63 48 44 90 26 39 85 81 126 21 104 105 76 43 52 120 120 32 3 109 102 72 46 90 100 82 31 36 40 27 20 5 89 92 7 124 95 77 46 20 85 35 52 55 53 30 12 57 106 13 83 61 122 93 78 30 99 112 75 102 38 112 0 109 21 110 77 15 43 65 20 119 118 10 31 28 108 112 4 31 7 38 24 123 83 4 62 7 49 86 72 95 82 29 115 119 107 31 88 55 28 127 62 42 19 100 21 6 40 68 4 124 7 47 45 42 37 19 35 72 24 98 90 17 105 128 64 59 79 120 39 127 97 49 11 95 25 50 36 10 66 102 21 65 49 0 5 51 65 107 34 101 11 88 53 59 62 5 31 42 29 91 70 32 23 76 83 80 61 124 104 47 117 79 81 102 91 113 102 53 7 128 14 1 38 124 104 120 80 108 100 24 128 68 59 86 86 36 97 106 24 58 62 124 71 114 96 55 56 123 37 51 52 62 35 91 13 125 106 118 100 17 39 65 90 2 44 51 60 32 74 63 110 14 58 71 22 44 114 80 19 128 69 40 28 110 25 77 29 5 60 95 109 36 124 37 96 31 121 106 1 125 93 108 68 20 93 31 91 51 46 85 25 32 114 26 3 128 103 8 86 22 4 117 25 60 16 46 129 108 93 87 93 67 10 40 56 10 125 44 0 56 81 19 82 88 65 16 18 27 91 25 112 87 117 29 45 58 41 93 47 78 119 125 33 47 15 60 20 107 28 71 42 123 100 119 75 69 21 113 84 80 0 61 47 96 83 28 65 118 8 104 106 28 73 2 78 80 13 59 73 98 98 8 79 26 72 11 70 50 45 111 109 67 126 12 125 8 66 30 75 69 116 43 36 93 121 67 1 115 41 101 3 111 120 15 23 85 42 76 5 18 74 49 38 84 10 14 122 6 21 38 99 5 10 31 99 22 52 26 58 73 105 117 129 40 13 75 71 104 92 74 18 73 39 24 117 60 66 8 124 116 115 77 24 120 81 114 31 11 78 7 64 113 72 127 116 61 36 70 65 31 67 94 51 92 60 79 126 115 82 18 48 112 64 90 32 82 90 111 104 3 15 16 7 66
0 : [71, 144, 186, 272, 376, 459, 614, 656] (21)
1 : [131, 209, 497, 574, 702] (22)
2 : [64, 107, 120, 166, 293, 539, 669] (22)
3 : [53, 187, 332, 590, 706, 795] (21)
4 : [51, 223, 392, 399, 424, 596] (21)
5 : [255, 345, 460, 471, 563, 714, 727] (22)
6 : [17, 225, 271, 421, 723] (23)
7 : [7, 348, 394, 401, 426, 494, 765, 798] (23)
8 : [104, 242, 593, 664, 677, 691, 753] (24)
9 : [] (0)
10 : [44, 137, 387, 453, 608, 611, 720, 728] (21)
11 : [251, 448, 466, 681, 763] (21)
12 : [48, 245, 360, 689] (23)
13 : [82, 185, 363, 530, 672, 740] (22)
14 : [85, 311, 496, 547, 721] (20)
15 : [33, 34, 204, 381, 640, 709, 796] (21)
16 : [6, 79, 142, 600, 621, 797] (20)
17 : [117, 127, 153, 197, 238, 269, 437, 535] (20)
18 : [18, 87, 98, 622, 715, 746, 785] (20)
19 : [418, 431, 554, 617] (22)
20 : [282, 344, 353, 384, 579, 642] (21)
21 : [83, 264, 290, 323, 378, 420, 456, 652, 724] (22)
22 : [54, 231, 550, 595, 731] (22)
23 : [250, 478, 710] (23)
24 : [112, 396, 434, 505, 514, 749, 758] (22)
25 : [265, 450, 560, 586, 598, 625] (22)
26 : [114, 125, 128, 299, 318, 589, 679, 733] (22)
27 : [78, 221, 273, 343, 623] (24)
28 : [389, 414, 558, 644, 661, 667] (25)
29 : [306, 407, 474, 562, 629] (24)
30 : [359, 369, 693] (22)
31 : [68, 202, 340, 388, 393, 411, 472, 571, 581, 729, 762, 775] (22)
32 : [258, 277, 331, 477, 543, 587, 790] (22)
33 : [20, 66, 110, 246, 638] (22)
34 : [35, 47, 174, 464] (22)
35 : [147, 312, 355, 432, 528] (22)
36 : [307, 341, 452, 511, 567, 698, 772] (23)
37 : [149, 257, 292, 430, 524, 569] (23)
38 : [30, 65, 138, 374, 395, 498, 718, 725] (22)
39 : [181, 319, 444, 536, 748] (22)
40 : [136, 139, 342, 422, 557, 609, 739] (25)
41 : [19, 283, 632, 704] (24)
42 : [60, 244, 417, 429, 473, 646, 712] (25)
43 : [13, 108, 124, 327, 382, 697] (25)
44 : [5, 52, 164, 316, 540, 551, 613] (25)
45 : [111, 428, 630, 684] (26)
46 : [236, 303, 336, 352, 584, 601] (24)
47 : [63, 427, 485, 634, 639, 658] (24)
48 : [59, 103, 141, 281, 315, 786] (24)
49 : [150, 222, 286, 402, 447, 458, 717] (23)
50 : [42, 205, 263, 451, 683] (23)
51 : [230, 297, 461, 525, 541, 583, 778] (23)
52 : [145, 216, 328, 356, 526, 732] (24)
53 : [109, 118, 119, 261, 358, 468, 493] (25)
54 : [80, 167, 192, 298] (24)
55 : [235, 301, 357, 413, 521] (24)
56 : [154, 175, 302, 522, 610, 615] (24)
57 : [105, 191, 276, 361] (26)
58 : [10, 100, 220, 515, 548, 631, 734] (25)
59 : [116, 233, 441, 469, 508, 673] (25)
60 : [94, 287, 542, 564, 599, 641, 751, 780] (25)
61 : [25, 227, 229, 365, 482, 657, 771] (26)
62 : [194, 256, 400, 416, 470, 516, 527] (24)
63 : [3, 130, 314, 545] (25)
64 : [156, 171, 440, 766, 788] (25)
65 : [50, 383, 457, 462, 537, 620, 662, 774] (25)
66 : [184, 210, 454, 692, 752, 799] (26)
67 : [126, 162, 607, 687, 701, 776] (26)
68 : [38, 56, 69, 70, 152, 423, 507, 578] (26)
69 : [198, 556, 651, 695] (26)
70 : [133, 146, 170, 476, 682, 773] (27)
71 : [206, 518, 549, 645, 742] (26)
72 : [215, 335, 404, 433, 680, 768] (26)
73 : [9, 72, 84, 668, 674, 735, 747] (27)
74 : [11, 113, 163, 310, 544, 716, 745] (28)
75 : [29, 372, 650, 694, 741] (29)
76 : [27, 36, 160, 247, 326, 479, 713] (27)
77 : [135, 351, 380, 561, 757] (29)
78 : [143, 159, 189, 368, 635, 670, 764] (30)
79 : [121, 442, 487, 678, 781] (30)
80 : [237, 288, 481, 502, 553, 655, 671] (29)
81 : [122, 176, 321, 488, 616, 760] (30)
82 : [339, 406, 618, 784, 791] (29)
83 : [207, 253, 295, 364, 398, 480, 660] (29)
84 : [239, 249, 278, 654, 719] (29)
85 : [0, 320, 354, 585, 711] (30)
86 : [37, 134, 188, 403, 509, 510, 594] (28)
87 : [168, 179, 224, 605, 627] (28)
88 : [22, 55, 219, 262, 412, 467, 619] (27)
89 : [21, 40, 75, 81, 155, 346] (27)
90 : [157, 266, 317, 337, 436, 538, 789, 792] (27)
91 : [475, 490, 529, 582, 624] (26)
92 : [203, 313, 347, 744, 779] (27)
93 : [308, 367, 576, 580, 604, 606, 633, 699] (27)
94 : [4, 31, 90, 309, 777] (27)
95 : [234, 241, 289, 350, 405, 449, 565] (28)
96 : [161, 248, 520, 570, 659] (28)
97 : [12, 26, 129, 165, 446, 512] (28)
98 : [23, 43, 74, 435, 675, 676] (30)
99 : [274, 370, 726, 730] (29)
100 : [132, 240, 338, 419, 504, 534, 648] (29)
101 : [41, 73, 254, 465, 705] (30)
102 : [151, 334, 373, 455, 489, 492] (29)
103 : [39, 106, 183, 300, 305, 592] (28)
104 : [46, 324, 484, 500, 665, 743, 794] (28)
105 : [77, 196, 325, 438, 736] (27)
106 : [32, 200, 362, 513, 532, 573, 666] (27)
107 : [169, 228, 296, 410, 463, 643] (27)
108 : [57, 267, 279, 390, 503, 577, 603] (28)
109 : [180, 243, 268, 291, 333, 377, 566, 686] (28)
110 : [173, 217, 379, 546, 559] (33)
111 : [177, 685, 707, 793] (30)
112 : [182, 304, 371, 375, 391, 626, 787] (31)
113 : [172, 285, 491, 653, 767] (30)
114 : [95, 158, 193, 226, 259, 270, 519, 552, 588, 761] (30)
115 : [8, 102, 199, 408, 703, 756, 783] (30)
116 : [15, 294, 696, 755, 770] (30)
117 : [93, 115, 148, 486, 597, 628, 737, 750] (29)
118 : [86, 101, 178, 386, 533, 663] (30)
119 : [1, 76, 123, 275, 385, 409, 636, 649] (30)
120 : [2, 49, 329, 330, 443, 501, 708, 759] (30)
121 : [14, 280, 284, 572, 700] (30)
122 : [16, 58, 62, 91, 201, 252, 366, 722] (30)
123 : [67, 88, 89, 213, 232, 397, 523, 647] (30)
124 : [349, 425, 483, 499, 517, 568, 754] (30)
125 : [24, 218, 531, 575, 612, 637, 690] (30)
126 : [28, 61, 92, 214, 322, 688, 782] (30)
127 : [96, 140, 190, 211, 415, 445, 769] (30)
128 : [45, 99, 195, 439, 495, 506, 555, 591] (28)
129 : [97, 208, 212, 260, 602, 738] (34)
