Name: 800-30-45
Time: 18.62570810317993 
Result: 3017
Solution:  2 107 92 43 31 64 112 58 38 91 43 24 3 69 79 0 59 69 74 49 40 49 83 47 9 32 79 22 51 34 49 91 89 93 47 82 111 98 80 48 17 100 11 52 27 114 116 61 115 86 5 0 113 46 89 65 46 95 106 74 70 81 4 55 4 101 43 83 111 86 86 70 103 60 12 81 97 38 86 59 49 97 27 3 63 73 35 100 92 95 60 113 38 17 24 91 85 4 67 85 61 59 45 26 7 42 98 35 0 93 77 43 109 61 53 67 5 62 46 68 99 96 16 110 88 48 37 65 74 56 44 103 82 60 93 87 95 80 13 14 55 33 1 64 67 70 99 108 85 88 74 100 80 63 43 113 39 88 14 65 52 17 23 2 64 60 72 9 30 96 100 110 96 41 58 59 27 72 106 113 81 26 6 96 23 22 115 45 31 109 20 10 20 11 114 94 50 78 59 37 22 71 90 40 17 63 99 108 35 28 82 7 98 99 36 97 55 44 16 40 81 5 25 50 40 92 97 88 10 47 52 54 45 98 12 10 112 3 47 87 97 110 93 36 75 116 14 68 25 108 32 21 73 40 47 38 54 115 59 18 85 25 56 85 28 29 34 46 39 106 2 92 31 41 109 26 63 82 92 24 21 26 15 52 77 21 109 116 47 68 5 1 38 86 72 74 108 39 70 63 113 95 13 40 18 0 78 20 44 32 71 53 78 50 107 23 107 80 0 31 30 35 40 32 104 5 29 42 39 81 113 50 98 57 75 16 67 23 22 33 60 104 69 80 103 54 21 41 52 32 51 23 48 109 45 85 86 0 3 24 8 90 96 66 20 33 92 41 56 76 14 85 101 37 30 12 94 80 86 33 48 7 73 99 114 65 51 9 61 24 89 38 83 18 13 99 101 33 77 32 16 55 75 28 3 107 44 28 49 98 71 98 61 69 63 85 6 111 20 62 20 79 91 103 40 20 90 0 24 90 29 73 88 55 71 6 14 52 79 97 88 106 84 29 61 62 27 25 47 80 104 116 84 114 37 27 2 29 40 58 47 54 84 23 80 54 68 6 93 78 76 115 96 74 53 76 61 34 15 20 68 86 78 42 31 61 37 0 105 55 103 37 0 91 34 107 26 114 100 83 54 102 43 31 38 93 6 84 73 73 43 92 65 61 75 112 42 8 61 91 106 52 94 19 76 7 82 65 44 86 55 69 41 87 11 105 107 25 22 2 69 84 32 88 20 116 39 18 76 43 33 100 36 48 12 45 68 66 46 72 96 14 57 42 8 5 16 33 20 68 24 64 108 34 67 41 17 82 79 19 112 112 23 39 97 19 56 30 76 9 111 114 58 72 0 89 73 107 50 64 11 65 21 58 25 79 102 63 115 29 58 101 49 13 87 110 72 27 15 105 46 36 11 108 9 32 94 105 27 22 97 4 66 25 112 39 66 58 12 50 110 71 4 95 28 86 104 25 110 2 89 54 78 112 71 75 103 2 101 15 115 19 28 57 64 83 85 73 7 8 61 92 18 111 91 36 115 72 84 53 18 48 57 30 90 107 50 8 14 5 106 106 111 103 27 33 43 38 86 55 4 84 20 44 58 70 28 62 82 35 42 102 95 66 77 58 106 52 111 112 11 102 91 51 96 94 9 42 91 115 77 51 48 11 80 99 114 56 70 31 18 9 113 13 39 67 108 107 110 8 59 85 43 17 57 81 63 85 34 1 87 94 64 17 70 90 53 103 68 100 51 28 66 107 116 84 56 30 70 77 75 41 102 110 16 39 50 11 54 31 26 96 104 72 29 114 60 0 74 10
0 : [15, 51, 108, 305, 318, 357, 427, 487, 492, 594, 797] (29)
1 : [142, 291, 759] (30)
2 : [0, 163, 270, 456, 539, 649, 657] (30)
3 : [12, 83, 237, 358, 404] (31)
4 : [62, 64, 97, 631, 642, 700] (32)
5 : [50, 116, 221, 290, 325, 565, 689] (32)
6 : [182, 416, 435, 467, 506] (30)
7 : [104, 211, 381, 525, 668] (36)
8 : [360, 517, 564, 669, 687, 749] (32)
9 : [24, 167, 387, 589, 624, 726, 741] (30)
10 : [191, 228, 235, 799] (30)
11 : [42, 193, 534, 600, 622, 720, 733, 787] (30)
12 : [74, 234, 375, 554, 638] (31)
13 : [138, 302, 394, 613, 743] (31)
14 : [139, 158, 246, 370, 436, 561, 688] (30)
15 : [282, 478, 618, 659] (35)
16 : [122, 218, 335, 400, 566, 784] (31)
17 : [40, 93, 161, 204, 576, 753, 763] (33)
18 : [259, 304, 393, 547, 672, 680, 740] (33)
19 : [523, 579, 585, 661] (33)
20 : [190, 192, 307, 364, 418, 420, 425, 479, 544, 568, 702] (32)
21 : [251, 280, 285, 346, 602] (37)
22 : [27, 185, 200, 338, 538, 629] (34)
23 : [162, 184, 315, 337, 351, 463, 582] (34)
24 : [11, 94, 279, 359, 389, 428, 570] (33)
25 : [222, 248, 261, 447, 537, 604, 633, 647] (33)
26 : [103, 181, 275, 281, 496, 790] (33)
27 : [44, 82, 176, 446, 455, 617, 628, 694] (34)
28 : [209, 264, 403, 407, 644, 662, 706, 771] (33)
29 : [265, 326, 430, 443, 457, 609, 794] (34)
30 : [168, 320, 374, 587, 683, 777] (34)
31 : [4, 188, 272, 319, 484, 503, 739, 789] (33)
32 : [25, 250, 309, 323, 349, 399, 542, 625] (34)
33 : [141, 339, 365, 379, 397, 550, 567, 695] (34)
34 : [29, 266, 477, 494, 573, 758] (35)
35 : [86, 107, 208, 321, 709] (36)
36 : [214, 243, 552, 621, 675] (37)
37 : [126, 199, 373, 454, 486, 491] (35)
38 : [8, 77, 92, 255, 292, 391, 504, 697] (36)
39 : [156, 268, 297, 328, 546, 583, 635, 744, 785] (35)
40 : [20, 203, 219, 224, 253, 303, 322, 424, 458] (35)
41 : [173, 273, 347, 367, 532, 575, 781] (34)
42 : [105, 327, 483, 516, 563, 710, 727] (35)
43 : [3, 10, 66, 111, 154, 502, 510, 549, 696, 752] (35)
44 : [130, 217, 308, 406, 528, 703] (36)
45 : [102, 187, 232, 354, 555] (36)
46 : [53, 56, 118, 267, 558, 620] (37)
47 : [23, 34, 229, 238, 254, 288, 448, 460] (38)
48 : [39, 125, 352, 380, 553, 681, 732] (38)
49 : [19, 21, 30, 80, 408, 612] (38)
50 : [196, 223, 313, 331, 598, 639, 686, 786] (40)
51 : [28, 350, 386, 723, 731, 770] (38)
52 : [43, 160, 230, 283, 348, 437, 521, 717] (38)
53 : [114, 311, 474, 679, 766] (39)
54 : [231, 256, 345, 461, 465, 500, 651, 788] (39)
55 : [63, 140, 216, 401, 433, 489, 530, 699] (38)
56 : [129, 262, 368, 586, 737, 776] (40)
57 : [333, 562, 663, 682, 754] (38)
58 : [7, 174, 459, 592, 603, 610, 637, 704, 715] (38)
59 : [16, 79, 101, 175, 198, 258, 750] (38)
60 : [73, 90, 133, 165, 340, 796] (39)
61 : [47, 100, 113, 388, 412, 444, 476, 485, 513, 518, 670] (36)
62 : [117, 419, 445, 707] (36)
63 : [84, 153, 205, 276, 299, 414, 607, 756] (37)
64 : [5, 143, 164, 571, 599, 664, 762] (38)
65 : [55, 127, 159, 385, 512, 527, 601] (38)
66 : [363, 557, 632, 636, 713, 772] (40)
67 : [98, 115, 144, 336, 574, 745] (40)
68 : [119, 247, 289, 466, 480, 556, 569, 768] (38)
69 : [13, 17, 342, 413, 531, 540] (39)
70 : [60, 71, 145, 298, 705, 738, 764, 778] (39)
71 : [201, 310, 410, 434, 641, 654] (39)
72 : [166, 177, 294, 559, 593, 616, 677, 793] (40)
73 : [85, 252, 382, 431, 508, 509, 596, 667] (40)
74 : [18, 59, 128, 150, 295, 473, 798] (42)
75 : [244, 334, 402, 514, 655, 780] (42)
76 : [369, 470, 475, 524, 548, 588] (43)
77 : [110, 284, 398, 714, 730, 779] (42)
78 : [197, 306, 312, 469, 482, 652] (41)
79 : [14, 26, 421, 438, 578, 605] (42)
80 : [38, 137, 152, 317, 343, 377, 449, 464, 734] (42)
81 : [61, 75, 180, 220, 329, 755] (41)
82 : [35, 132, 210, 277, 526, 577, 708] (42)
83 : [22, 67, 392, 499, 665] (40)
84 : [442, 452, 462, 507, 541, 678, 701, 775] (40)
85 : [96, 99, 148, 260, 263, 355, 371, 415, 666, 751, 757] (39)
86 : [49, 69, 70, 78, 293, 356, 378, 481, 529, 645, 698] (39)
87 : [135, 239, 533, 614, 760] (41)
88 : [124, 149, 157, 227, 432, 440, 543] (41)
89 : [32, 54, 390, 595, 650] (42)
90 : [202, 361, 426, 429, 684, 765] (42)
91 : [9, 31, 95, 422, 493, 519, 674, 722, 728] (42)
92 : [2, 88, 225, 271, 278, 366, 511, 671] (42)
93 : [33, 109, 134, 242, 468, 505] (41)
94 : [195, 376, 522, 626, 725, 761] (44)
95 : [57, 89, 136, 301, 643, 712] (44)
96 : [121, 169, 172, 183, 362, 472, 560, 724, 791] (42)
97 : [76, 81, 215, 226, 240, 439, 584, 630] (42)
98 : [37, 106, 212, 233, 332, 409, 411] (43)
99 : [120, 146, 206, 213, 383, 395, 735] (44)
100 : [41, 87, 151, 170, 498, 551, 769] (44)
101 : [65, 372, 396, 611, 658] (45)
102 : [501, 606, 711, 721, 782] (44)
103 : [72, 131, 344, 423, 490, 656, 693, 767] (43)
104 : [324, 341, 450, 646, 792] (43)
105 : [488, 535, 619, 627] (42)
106 : [58, 178, 269, 441, 520, 690, 691, 716] (42)
107 : [1, 314, 316, 405, 495, 536, 597, 685, 747, 773] (42)
108 : [147, 207, 249, 296, 572, 623, 746] (43)
109 : [112, 189, 274, 286, 353] (43)
110 : [123, 171, 241, 615, 640, 648, 748, 783] (42)
111 : [36, 68, 417, 590, 673, 692, 718] (45)
112 : [6, 236, 515, 580, 581, 634, 653, 719] (45)
113 : [52, 91, 155, 179, 300, 330, 742] (45)
114 : [45, 194, 384, 453, 497, 591, 736, 795] (46)
115 : [48, 186, 257, 471, 608, 660, 676, 729] (46)
116 : [46, 245, 287, 451, 545, 774] (45)
