Name: 200-30-45
Time: 0.5191969871520996 
Result: 13
Solution:  18 8 0 5 2 14 7 20 16 2 7 12 0 4 20 16 15 7 1 18 10 15 14 4 4 20 8 14 12 3 2 4 10 13 13 18 12 19 8 19 15 20 3 8 18 15 7 0 9 19 11 0 17 3 15 12 0 6 15 1 6 14 7 5 8 10 20 8 5 11 5 5 19 17 17 10 17 10 17 5 1 11 2 16 3 11 1 4 9 4 6 8 7 13 7 7 13 15 19 19 14 7 11 4 16 17 20 11 10 4 9 16 18 7 16 3 3 6 17 0 1 17 13 3 6 1 1 10 3 0 4 14 0 11 20 9 1 14 2 20 17 10 12 10 8 16 5 19 13 16 2 6 15 7 6 9 15 7 8 13 12 8 14 19 17 1 4 12 5 9 3 13 1 13 10 9 7 15 14 8 13 14 13 15 1 18 0 9 10 13 17 6 9 5 17 20 16 15 17 4
0 : [2, 12, 47, 51, 56, 119, 129, 132, 186] (36)
1 : [18, 59, 80, 86, 120, 125, 126, 136, 165, 172, 184] (37)
2 : [4, 9, 30, 82, 138, 150] (32)
3 : [29, 42, 53, 84, 115, 116, 123, 128, 170] (33)
4 : [13, 23, 24, 31, 87, 89, 103, 109, 130, 166, 199] (35)
5 : [3, 63, 68, 70, 71, 79, 146, 168, 193] (32)
6 : [57, 60, 90, 117, 124, 151, 154, 191] (40)
7 : [6, 10, 17, 46, 62, 92, 94, 95, 101, 113, 153, 157, 176] (36)
8 : [1, 26, 38, 43, 64, 67, 91, 144, 158, 161, 179] (39)
9 : [48, 88, 110, 135, 155, 169, 175, 187, 192] (43)
10 : [20, 32, 65, 75, 77, 108, 127, 141, 143, 174, 188] (36)
11 : [50, 69, 81, 85, 102, 107, 133] (37)
12 : [11, 28, 36, 55, 142, 160, 167] (35)
13 : [33, 34, 93, 96, 122, 148, 159, 171, 173, 180, 182, 189] (42)
14 : [5, 22, 27, 61, 100, 131, 137, 162, 178, 181] (33)
15 : [16, 21, 40, 45, 54, 58, 97, 152, 156, 177, 183, 197] (42)
16 : [8, 15, 83, 104, 111, 114, 145, 149, 196] (38)
17 : [52, 73, 74, 76, 78, 105, 118, 121, 140, 164, 190, 194, 198] (41)
18 : [0, 19, 35, 44, 112, 185] (40)
19 : [37, 39, 49, 72, 98, 99, 147, 163] (45)
20 : [7, 14, 25, 41, 66, 106, 134, 139, 195] (43)
