Name: 200-30-45
Time: 0.5330839157104492 
Result: 12
Solution:  19 6 0 3 0 12 7 19 15 1 9 11 0 2 18 15 14 9 3 15 10 14 17 4 8 20 7 17 10 3 2 11 12 12 13 18 17 19 7 16 17 20 1 9 18 14 7 1 7 15 14 0 18 3 14 12 0 7 19 1 6 13 6 7 9 10 18 9 6 14 4 5 19 19 19 11 15 12 18 5 1 9 5 19 3 12 1 4 9 5 10 8 6 15 7 5 13 15 20 19 15 4 12 2 13 16 17 13 11 2 8 13 18 8 18 5 4 9 17 0 1 20 11 3 6 3 2 12 5 0 0 11 0 16 20 9 1 17 1 15 12 12 13 7 8 16 7 18 11 18 2 8 20 11 4 8 17 7 7 13 11 10 14 20 18 1 4 10 6 10 3 16 1 13 9 8 3 20 11 4 11 15 13 17 2 17 2 8 10 13 17 7 7 3 15 20 16 17 18 4
0 : [2, 4, 12, 51, 56, 119, 129, 130, 132] (33)
1 : [9, 42, 47, 59, 80, 86, 120, 136, 138, 165, 172] (33)
2 : [13, 30, 103, 109, 126, 150, 184, 186] (34)
3 : [3, 18, 29, 53, 84, 123, 125, 170, 176, 193] (36)
4 : [23, 70, 87, 101, 116, 154, 166, 179, 199] (33)
5 : [71, 79, 82, 89, 95, 115, 128] (34)
6 : [1, 60, 62, 68, 92, 124, 168] (36)
7 : [6, 26, 38, 46, 48, 57, 63, 94, 143, 146, 157, 158, 191, 192] (38)
8 : [24, 91, 110, 113, 144, 151, 155, 175, 187] (38)
9 : [10, 17, 43, 64, 67, 81, 88, 117, 135, 174] (36)
10 : [20, 28, 65, 90, 161, 167, 169, 188] (36)
11 : [11, 31, 75, 108, 122, 131, 148, 153, 160, 178, 180] (35)
12 : [5, 32, 33, 55, 77, 85, 102, 127, 140, 141] (35)
13 : [34, 61, 96, 104, 107, 111, 142, 159, 173, 182, 189] (45)
14 : [16, 21, 45, 50, 54, 69, 162] (45)
15 : [8, 15, 19, 49, 76, 93, 97, 100, 139, 181, 194] (45)
16 : [39, 105, 133, 145, 171, 196] (35)
17 : [22, 27, 36, 40, 106, 118, 137, 156, 183, 185, 190, 197] (45)
18 : [14, 35, 44, 52, 66, 78, 112, 114, 147, 149, 164, 198] (45)
19 : [0, 7, 37, 58, 72, 73, 74, 83, 99] (40)
20 : [25, 41, 98, 121, 134, 152, 163, 177, 195] (38)
