Name: 400-50-80
Time: 1.015455961227417 
Result: 29
Solution:  19 8 39 15 12 10 11 33 27 15 12 39 35 28 0 30 20 12 37 11 25 10 10 21 28 21 17 17 15 8 24 22 34 16 25 20 0 11 4 21 32 14 32 10 33 4 6 32 40 1 34 29 21 6 32 34 3 27 15 22 17 18 29 8 31 23 13 6 40 35 0 22 14 31 35 21 34 18 36 12 8 37 32 15 20 29 18 15 30 25 37 36 11 29 29 26 9 2 5 36 14 15 33 25 19 40 27 40 3 10 33 2 8 1 30 33 10 21 21 13 23 35 31 1 5 29 24 38 25 35 0 33 16 27 23 12 13 27 23 35 11 22 38 8 6 40 15 26 15 1 17 17 20 14 38 36 11 7 31 8 8 38 4 28 35 21 23 23 10 1 38 15 11 37 20 31 37 38 31 9 28 10 30 1 31 11 19 31 10 22 7 34 3 30 26 10 21 6 33 30 27 17 33 12 35 27 13 37 39 31 6 6 24 6 20 12 38 2 28 14 9 8 29 7 39 33 24 30 22 35 14 16 5 8 36 33 18 28 18 25 1 9 2 34 18 24 24 26 21 9 38 20 23 14 14 39 8 26 34 35 2 0 1 6 31 27 8 23 17 26 20 5 14 13 8 22 19 34 23 6 37 1 1 20 5 15 12 10 9 9 1 14 11 11 13 18 38 0 15 5 1 1 37 34 37 26 5 14 9 25 29 26 19 19 31 27 23 32 19 32 6 1 7 4 2 8 30 24 17 16 40 37 38 20 5 22 5 31 31 31 25 17 1 18 14 10 36 18 23 37 26 2 32 22 16 6 13 1 24 29 29 10 33 27 16 26 12 9 28 17 29 20 30 6 39 2 26 0 40 7 20 40 23 27 0 36 27 24 18 39 39 27 40 13 38 5 35 3 3 22
0 : [14, 36, 70, 130, 261, 297, 377, 384] (53)
1 : [49, 113, 123, 149, 169, 183, 240, 262, 281, 282, 290, 300, 301, 321, 342, 357] (51)
2 : [97, 111, 217, 242, 260, 324, 351, 375] (56)
3 : [56, 108, 192, 397, 398] (54)
4 : [38, 45, 162, 323] (59)
5 : [98, 124, 232, 271, 284, 299, 306, 334, 336, 395] (53)
6 : [46, 53, 67, 144, 197, 210, 211, 213, 263, 279, 320, 355, 373] (63)
7 : [157, 190, 223, 322, 379] (55)
8 : [1, 29, 63, 80, 112, 143, 159, 160, 221, 233, 256, 266, 274, 325] (61)
9 : [96, 179, 220, 241, 249, 288, 289, 308, 367] (59)
10 : [5, 21, 22, 43, 109, 116, 168, 181, 188, 195, 287, 345, 361] (53)
11 : [6, 19, 37, 92, 140, 156, 172, 185, 292, 293] (70)
12 : [4, 10, 17, 79, 135, 203, 215, 286, 366] (59)
13 : [66, 119, 136, 206, 273, 294, 356, 393] (64)
14 : [41, 72, 100, 153, 219, 230, 253, 254, 272, 291, 307, 344] (62)
15 : [3, 9, 28, 58, 83, 87, 101, 146, 148, 171, 285, 298] (67)
16 : [33, 132, 231, 329, 354, 364] (54)
17 : [26, 27, 60, 150, 151, 201, 268, 328, 341, 369] (67)
18 : [61, 77, 86, 236, 238, 244, 295, 343, 347, 388] (64)
19 : [0, 104, 186, 276, 312, 313, 318] (57)
20 : [16, 35, 84, 152, 174, 214, 251, 270, 283, 333, 371, 380] (80)
21 : [23, 25, 39, 52, 75, 117, 118, 165, 196, 248] (73)
22 : [31, 59, 71, 141, 189, 228, 275, 335, 353, 399] (79)
23 : [65, 120, 134, 138, 166, 167, 252, 267, 278, 316, 348, 382] (76)
24 : [30, 126, 212, 226, 245, 246, 327, 358, 387] (80)
25 : [20, 34, 89, 103, 128, 239, 309, 340] (80)
26 : [95, 147, 194, 247, 257, 269, 305, 311, 350, 365, 376] (75)
27 : [8, 57, 106, 133, 137, 200, 205, 265, 315, 363, 383, 386, 391] (73)
28 : [13, 24, 163, 180, 218, 237, 368] (67)
29 : [51, 62, 85, 93, 94, 125, 222, 310, 359, 360, 370] (80)
30 : [15, 88, 114, 182, 193, 199, 227, 326, 372] (71)
31 : [64, 73, 122, 158, 175, 178, 184, 187, 209, 264, 314, 337, 338, 339] (75)
32 : [40, 42, 47, 54, 82, 317, 319, 352] (63)
33 : [7, 44, 102, 110, 115, 131, 198, 202, 225, 235, 362] (63)
34 : [32, 50, 55, 76, 191, 243, 258, 277, 303] (80)
35 : [12, 69, 74, 121, 129, 139, 164, 204, 229, 259, 396] (80)
36 : [78, 91, 99, 155, 234, 346, 385] (72)
37 : [18, 81, 90, 173, 176, 207, 280, 302, 304, 331, 349] (74)
38 : [127, 142, 154, 161, 170, 177, 216, 250, 296, 332, 394] (77)
39 : [2, 11, 208, 224, 255, 374, 389, 390] (80)
40 : [48, 68, 105, 107, 145, 330, 378, 381, 392] (76)
