Name: 600-30-45
Time: 1.496856689453125 
Result: 15
Solution:  9 25 60 45 53 25 37 49 30 58 29 25 8 1 49 50 21 45 17 7 14 10 9 26 39 30 49 32 58 16 29 15 25 0 22 42 2 5 0 20 35 50 25 7 30 40 15 48 59 26 25 59 35 21 34 36 1 15 59 59 46 23 9 14 44 0 7 0 34 11 46 6 30 48 37 27 16 32 11 5 18 6 24 57 38 22 45 55 32 55 55 49 11 20 29 20 20 50 15 8 26 49 16 37 51 36 60 28 26 29 49 30 48 43 49 0 31 39 33 8 44 21 58 35 58 57 8 36 49 44 52 28 18 56 19 60 55 1 36 36 6 55 34 42 3 52 38 41 20 41 12 12 60 47 51 47 26 49 13 1 19 43 60 40 41 16 32 41 3 3 7 44 60 30 35 39 20 52 32 27 32 7 52 54 27 50 60 25 53 47 39 27 53 8 54 31 8 16 32 13 6 17 56 55 25 57 24 32 9 31 32 43 0 16 55 20 28 55 6 53 26 33 9 25 37 33 29 44 19 8 27 30 16 20 21 49 11 14 40 14 52 26 18 47 53 57 22 53 9 0 57 25 12 18 3 14 14 4 34 0 58 21 21 7 11 58 32 38 5 59 23 37 32 30 13 49 15 28 57 10 56 45 23 49 47 6 22 52 16 13 20 55 20 58 13 33 55 17 7 29 8 28 21 50 60 47 46 8 0 14 24 28 11 24 42 38 50 59 50 4 40 31 51 38 1 45 9 42 54 24 58 36 16 50 34 54 12 23 30 1 2 48 40 22 23 43 6 8 49 13 5 13 60 59 19 19 21 43 38 60 45 12 53 40 45 23 36 42 9 13 19 57 48 28 43 16 42 40 45 18 39 58 33 15 21 29 6 15 44 5 9 36 48 12 34 27 25 59 59 44 33 12 44 6 31 37 32 7 46 32 39 53 16 28 0 7 33 31 33 34 24 7 25 6 16 26 50 4 4 18 13 43 52 3 6 59 43 41 54 56 27 42 37 42 11 54 11 23 43 32 41 33 10 51 17 49 25 41 7 7 21 4 49 14 10 12 37 34 18 52 43 22 52 33 29 6 57 41 51 17 59 40 21 40 49 47 60 24 22 10 4 26 3 34 1 38 1 50 15 28 24 2 11 16 38 50 34 45 25 19 49 32 11 9 23 0 60 53 12 3 18 13 7 40 43 42 30 26 57 19 36 24 38 42 12 7 16 39 54 38 4 38 40 5 24 56 42 42 25 43 4 58 24 34 48 25 54 46 12 10 52 2 53 48 36 37 57 52 59 31 34 45 33 5 1 17 25 38 52 33 23 36 22 0 50 49 17 13 3 57 0 35 34 46 7 45 2 45 4 24
0 : [33, 38, 65, 67, 115, 212, 249, 259, 308, 414, 515, 583, 590] (30)
1 : [13, 56, 137, 159, 324, 339, 494, 496, 574] (32)
2 : [36, 340, 501, 561, 596] (30)
3 : [144, 168, 169, 254, 433, 492, 519, 588] (37)
4 : [257, 319, 427, 428, 461, 490, 540, 550, 598] (33)
5 : [37, 79, 268, 350, 389, 543, 573] (34)
6 : [71, 81, 140, 200, 218, 285, 346, 386, 403, 423, 434, 475] (31)
7 : [19, 43, 66, 170, 181, 263, 298, 407, 415, 421, 458, 459, 522, 535, 594] (31)
8 : [12, 99, 119, 126, 193, 196, 229, 300, 307, 347] (31)
9 : [0, 22, 62, 208, 222, 248, 326, 368, 390, 513] (32)
10 : [21, 279, 452, 464, 489, 559] (31)
11 : [69, 78, 92, 236, 264, 312, 444, 446, 502, 512] (32)
12 : [150, 151, 252, 336, 361, 393, 401, 465, 518, 534, 558] (32)
13 : [158, 199, 274, 289, 294, 349, 351, 369, 430, 521, 587] (34)
14 : [20, 63, 237, 239, 255, 256, 309, 463] (36)
15 : [31, 46, 57, 98, 276, 383, 387, 498] (33)
16 : [29, 76, 102, 165, 197, 213, 232, 288, 332, 375, 412, 424, 503, 536] (39)
17 : [18, 201, 297, 454, 479, 575, 586] (34)
18 : [80, 132, 242, 253, 379, 429, 468, 520] (31)
19 : [134, 160, 228, 354, 355, 370, 509, 529] (37)
20 : [39, 93, 95, 96, 148, 176, 215, 233, 290, 292] (38)
21 : [16, 53, 121, 234, 261, 262, 302, 356, 384, 460, 482] (35)
22 : [34, 85, 246, 286, 343, 471, 488, 582] (40)
23 : [61, 270, 282, 337, 344, 365, 447, 514, 580] (32)
24 : [82, 206, 310, 313, 329, 420, 487, 500, 531, 544, 552, 599] (33)
25 : [1, 5, 11, 32, 42, 50, 187, 204, 223, 251, 396, 422, 456, 508, 548, 555, 576] (31)
26 : [23, 49, 100, 108, 156, 220, 241, 425, 491, 527] (30)
27 : [75, 179, 184, 191, 230, 395, 440] (36)
28 : [107, 131, 216, 277, 301, 311, 373, 413, 499] (41)
29 : [10, 30, 94, 109, 226, 299, 385, 474] (34)
30 : [8, 25, 44, 72, 111, 173, 231, 273, 338, 526] (38)
31 : [116, 195, 209, 321, 404, 417, 569] (36)
32 : [27, 77, 88, 166, 178, 180, 198, 207, 210, 266, 272, 406, 409, 449, 511] (42)
33 : [118, 221, 225, 295, 382, 400, 416, 418, 451, 473, 572, 579] (37)
34 : [54, 68, 142, 258, 334, 394, 419, 467, 493, 506, 553, 570, 592] (41)
35 : [40, 52, 123, 174, 591] (33)
36 : [55, 105, 127, 138, 139, 331, 366, 391, 530, 564, 581] (45)
37 : [6, 74, 103, 224, 271, 405, 442, 466, 565] (41)
38 : [84, 146, 267, 315, 323, 358, 495, 504, 532, 539, 541, 577] (37)
39 : [24, 117, 175, 190, 380, 410, 537] (38)
40 : [45, 163, 238, 320, 342, 363, 377, 481, 483, 523, 542] (40)
41 : [147, 149, 164, 167, 437, 450, 457, 477] (40)
42 : [35, 143, 314, 327, 367, 376, 441, 443, 525, 533, 546, 547] (43)
43 : [113, 161, 211, 345, 357, 374, 431, 436, 448, 470, 524, 549] (39)
44 : [64, 120, 129, 171, 227, 388, 399, 402] (38)
45 : [3, 17, 86, 281, 325, 360, 364, 378, 507, 571, 595, 597] (40)
46 : [60, 70, 306, 408, 557, 593] (45)
47 : [153, 155, 189, 243, 284, 305, 485] (40)
48 : [47, 73, 112, 341, 372, 392, 554, 563] (39)
49 : [7, 14, 26, 91, 101, 110, 114, 128, 157, 235, 275, 283, 348, 455, 462, 484, 510, 585] (43)
50 : [15, 41, 97, 185, 303, 316, 318, 333, 426, 497, 505, 584] (43)
51 : [104, 154, 322, 453, 478] (36)
52 : [130, 145, 177, 182, 240, 287, 432, 469, 472, 560, 567, 578] (44)
53 : [4, 188, 192, 219, 244, 247, 362, 411, 517, 562] (45)
54 : [183, 194, 328, 335, 438, 445, 538, 556] (45)
55 : [87, 89, 90, 136, 141, 203, 214, 217, 291, 296] (42)
56 : [133, 202, 280, 439, 545] (45)
57 : [83, 125, 205, 245, 250, 278, 371, 476, 528, 566, 589] (45)
58 : [9, 28, 122, 124, 260, 265, 293, 330, 381, 551] (40)
59 : [48, 51, 58, 59, 269, 317, 353, 397, 398, 435, 480, 568] (45)
60 : [2, 106, 135, 152, 162, 172, 186, 304, 352, 359, 486, 516] (39)
