Name: 600-40-60
Time: 36.34267497062683 
Result: 1020
Solution:  10 5 11 12 10 34 25 53 11 27 56 3 32 22 3 32 14 57 24 16 38 56 37 53 4 45 53 24 30 10 19 34 31 27 26 48 50 1 60 60 44 35 51 0 54 57 3 27 31 12 10 44 14 32 48 25 8 13 15 38 40 13 37 12 8 31 21 30 49 57 20 34 15 58 9 42 47 37 45 36 28 41 14 38 57 38 0 36 60 21 51 28 19 23 41 56 28 18 17 12 56 23 21 20 40 29 8 37 23 20 59 31 9 27 45 27 51 60 0 29 39 10 14 15 18 7 24 3 42 3 43 20 34 11 58 13 31 7 34 43 34 5 9 46 54 46 53 50 42 52 44 51 55 41 21 36 20 58 12 30 24 42 42 52 32 16 13 41 59 4 59 56 48 16 18 33 44 58 45 55 35 23 19 17 31 5 48 31 46 26 32 25 0 59 37 12 9 37 10 32 18 41 22 50 16 20 58 47 42 30 7 49 43 1 28 10 56 4 25 43 24 34 3 43 49 54 6 52 36 20 23 5 15 39 53 36 47 17 31 20 39 5 52 9 59 52 36 14 21 55 29 2 49 46 5 33 18 43 29 25 39 57 15 59 22 19 55 56 6 19 10 2 34 54 46 54 19 43 58 34 48 58 41 24 29 49 12 26 35 60 44 12 33 24 43 45 54 21 53 47 38 33 55 51 32 50 30 52 44 55 10 31 49 45 59 33 49 12 20 2 32 34 32 7 6 19 12 3 0 29 52 12 48 60 23 13 16 57 7 43 33 18 34 6 19 25 13 27 20 29 21 19 31 17 54 53 34 2 52 12 31 26 25 19 31 49 31 21 51 3 3 55 55 20 13 37 59 8 44 30 52 26 3 49 25 44 19 11 24 38 6 22 39 56 49 31 55 40 44 44 11 44 1 21 50 19 18 59 57 38 34 25 39 9 4 39 4 2 26 57 25 58 42 36 3 39 29 12 18 16 27 14 5 12 41 46 49 23 11 22 5 16 0 30 41 4 36 21 40 10 38 34 23 50 30 51 0 5 36 45 5 50 48 0 32 46 59 20 47 20 54 21 17 1 46 4 42 44 40 59 58 26 21 31 57 47 1 55 54 12 50 30 40 7 4 25 22 15 25 11 50 46 57 12 30 56 21 9 55 38 41 43 24 31 15 39 60 18 5 2 22 23 5 13 38 23 45 13 23 38 48 47 6 35 60 35 5 57 57 35 34 9 42 51 2 27 45 43 21 44 37 16 45 45 15 58 15 57 8 23 47 28 12 5 8 29 54 21 35 38 45 4 10 3 53 50 13 0 43 58 12 31 41 47 0 3 25 47 42 10 29 6 1 14 28 20 38 27 10 38
0 : [43, 86, 118, 192, 328, 442, 456, 463, 577, 584] (41)
1 : [37, 213, 402, 473, 486, 592] (41)
2 : [251, 271, 319, 357, 417, 519, 544] (41)
3 : [11, 14, 46, 127, 129, 222, 327, 369, 370, 382, 424, 573, 585] (46)
4 : [24, 169, 217, 414, 416, 445, 475, 494, 571] (44)
5 : [1, 141, 185, 231, 241, 254, 432, 440, 457, 460, 518, 522, 536, 563] (43)
6 : [226, 268, 324, 343, 390, 532, 591] (41)
7 : [125, 137, 210, 323, 338, 493] (41)
8 : [56, 64, 106, 377, 558, 564] (47)
9 : [74, 112, 142, 196, 243, 413, 507, 541] (42)
10 : [0, 4, 29, 50, 121, 198, 215, 270, 310, 449, 572, 589, 598] (41)
11 : [2, 8, 133, 387, 400, 438, 499] (43)
12 : [3, 49, 63, 99, 158, 195, 286, 291, 317, 326, 331, 359, 427, 433, 489, 503, 562, 580] (41)
13 : [57, 61, 135, 166, 335, 346, 374, 523, 527, 576] (45)
14 : [16, 52, 82, 122, 247, 431, 593] (56)
15 : [58, 72, 123, 232, 262, 497, 514, 554, 556] (45)
16 : [19, 165, 173, 204, 336, 429, 441, 551] (44)
17 : [98, 183, 237, 353, 472] (50)
18 : [97, 124, 174, 200, 256, 341, 406, 428, 517] (48)
19 : [30, 92, 182, 265, 269, 276, 325, 344, 351, 363, 386, 405] (47)
20 : [70, 103, 109, 131, 156, 205, 229, 239, 318, 348, 373, 467, 469, 595] (42)
21 : [66, 89, 102, 154, 248, 297, 350, 367, 403, 447, 471, 482, 506, 548, 567] (48)
22 : [13, 202, 264, 391, 439, 496, 520] (48)
23 : [93, 101, 108, 181, 230, 334, 437, 452, 521, 525, 528, 559] (48)
24 : [18, 27, 126, 160, 220, 283, 293, 388, 512] (52)
25 : [6, 55, 191, 218, 259, 345, 362, 384, 411, 420, 495, 498, 586] (42)
26 : [34, 189, 287, 361, 381, 418, 481] (46)
27 : [9, 33, 47, 113, 115, 347, 430, 545, 597] (49)
28 : [80, 91, 96, 214, 561, 594] (43)
29 : [105, 119, 250, 258, 284, 329, 349, 426, 565, 590] (48)
30 : [28, 67, 159, 209, 306, 379, 443, 454, 491, 504] (50)
31 : [32, 48, 65, 111, 136, 184, 187, 238, 311, 352, 360, 364, 366, 395, 483, 513, 581] (51)
32 : [12, 15, 53, 164, 190, 199, 304, 320, 322, 464] (51)
33 : [175, 255, 292, 301, 315, 340] (49)
34 : [5, 31, 71, 132, 138, 140, 221, 272, 279, 321, 342, 356, 410, 451, 540] (51)
35 : [41, 180, 288, 533, 535, 539, 568] (49)
36 : [79, 87, 155, 228, 235, 246, 423, 446, 458] (60)
37 : [22, 62, 77, 107, 194, 197, 375, 550] (51)
38 : [20, 59, 83, 85, 300, 389, 409, 450, 509, 524, 529, 569, 596, 599] (60)
39 : [120, 233, 240, 260, 392, 412, 415, 425, 515] (60)
40 : [60, 104, 397, 448, 478, 492] (60)
41 : [81, 94, 153, 167, 201, 282, 434, 444, 510, 582] (60)
42 : [75, 128, 148, 161, 162, 208, 422, 476, 542, 588] (57)
43 : [130, 139, 212, 219, 223, 257, 277, 294, 339, 511, 547, 578] (53)
44 : [40, 51, 150, 176, 290, 308, 378, 385, 398, 399, 401, 477, 549] (61)
45 : [25, 78, 114, 178, 295, 313, 459, 526, 546, 552, 553, 570] (55)
46 : [143, 145, 188, 253, 274, 435, 465, 474, 501] (58)
47 : [76, 207, 236, 299, 468, 485, 531, 560, 583, 587] (60)
48 : [35, 54, 172, 186, 280, 332, 462, 530] (51)
49 : [68, 211, 224, 252, 285, 312, 316, 365, 383, 394, 436] (60)
50 : [36, 147, 203, 305, 404, 453, 461, 490, 500, 575] (53)
51 : [42, 90, 116, 151, 303, 368, 455, 543] (57)
52 : [149, 163, 227, 242, 245, 307, 330, 358, 380] (60)
53 : [7, 23, 26, 146, 234, 298, 355, 574] (58)
54 : [44, 144, 225, 273, 275, 296, 354, 470, 488, 566] (60)
55 : [152, 179, 249, 266, 302, 309, 371, 372, 396, 487, 508] (57)
56 : [10, 21, 95, 100, 171, 216, 267, 393, 505] (60)
57 : [17, 45, 69, 84, 261, 337, 408, 419, 484, 502, 537, 538, 557] (60)
58 : [73, 134, 157, 177, 206, 278, 281, 421, 480, 555, 579] (60)
59 : [110, 168, 170, 193, 244, 263, 314, 376, 407, 466, 479] (52)
60 : [38, 39, 88, 117, 289, 333, 516, 534] (49)
