Name: 800-40-60
Time: 2.0438249111175537 
Result: 20
Solution:  45 39 5 70 20 11 49 53 35 42 51 7 21 72 42 15 34 24 66 24 55 1 72 67 6 53 51 62 71 0 33 33 28 27 21 62 77 25 0 9 2 72 6 17 69 49 51 80 27 43 26 65 24 21 23 36 41 45 34 75 67 65 53 34 42 37 73 11 18 21 33 25 13 71 35 19 7 8 71 72 19 56 70 23 12 64 51 18 61 2 44 48 61 13 68 11 53 11 70 10 13 67 17 44 39 0 23 13 59 12 41 15 10 9 21 51 68 38 58 77 54 56 16 29 29 6 33 38 77 69 19 76 57 24 34 22 16 59 28 73 47 73 59 9 53 3 76 43 60 57 73 32 80 41 76 49 34 26 73 11 29 38 31 64 33 48 69 43 41 62 30 78 46 66 60 73 28 37 3 48 51 21 64 73 50 14 57 58 47 79 57 65 70 2 75 8 49 37 47 55 13 63 42 50 1 19 67 4 80 49 18 32 66 5 70 80 43 74 71 34 26 52 15 56 16 30 62 25 70 3 46 24 64 48 50 53 48 72 3 45 21 21 47 40 38 34 7 72 24 0 8 62 47 77 44 64 79 10 49 72 31 51 33 7 68 13 19 64 11 3 72 50 50 78 40 78 25 12 60 54 35 0 21 34 21 24 54 3 28 63 62 57 62 52 41 2 25 69 9 26 3 73 30 47 27 32 27 60 26 40 5 21 43 7 40 25 12 11 30 18 59 42 4 21 60 36 34 14 50 24 52 11 36 71 21 38 37 14 49 77 45 55 11 2 3 68 57 49 34 80 80 15 37 8 18 17 42 21 14 56 4 63 1 34 79 8 42 25 25 10 10 69 40 46 2 28 15 55 34 35 11 59 68 71 3 44 43 25 80 39 21 4 26 32 8 17 59 71 67 8 13 28 55 24 80 63 63 17 1 2 17 3 74 55 11 63 18 0 24 79 55 75 53 70 38 28 16 64 1 70 19 71 4 53 5 45 33 35 67 48 76 8 73 79 47 13 65 80 58 40 15 51 60 37 25 2 29 6 30 54 32 21 61 19 57 44 47 23 38 32 56 16 3 34 25 33 22 66 61 62 31 61 13 28 6 45 14 76 18 20 26 52 28 22 56 22 29 20 78 51 43 63 78 41 33 29 74 66 77 26 33 43 31 76 13 12 65 49 64 37 63 37 13 29 11 32 28 40 17 41 77 7 76 56 2 26 68 61 34 42 68 80 24 74 13 18 48 20 46 55 16 73 77 72 50 32 25 39 20 11 50 27 16 64 31 59 44 47 8 46 36 78 0 35 56 50 8 74 73 33 66 11 64 61 27 43 79 40 11 80 21 51 43 71 31 80 43 10 23 26 24 54 36 3 46 10 49 57 21 38 48 60 7 74 43 58 17 16 62 9 4 69 25 13 35 44 67 47 73 55 0 67 52 57 57 75 52 35 52 32 58 62 1 13 59 69 31 21 76 3 52 73 13 76 75 50 12 36 38 42 54 11 80 69 73 60 20 43 12 27 40 59 65 71 34 30 37 69 64 37 76 78 58 38 7 42 4 25 43 8 12 66 67 42 39 41 36 69 0 77 51 78 50 46 70 76 73 30 56 42 67 71 41 36 55 21 55 73 74 44 0 32 11 27 71 23 65 1 11 46 40 37 65 22 48 52 28 58 63 61 2 18 20 0 53 17 74 29 62 59 67 13 14 50 48 22 78 27 59 63 5 8 13 55 60 31 6 69 45 39 62 38 34 70 11 15 78 49 27 48 64 75 50 41 1 20 68 77 57 20 17 2 63 48 70 6 53 56 48 76
0 : [29, 38, 105, 249, 281, 417, 572, 630, 698, 720, 743] (41)
1 : [21, 204, 362, 408, 428, 642, 727, 784] (42)
2 : [40, 89, 193, 295, 343, 374, 409, 455, 534, 740, 791] (40)
3 : [145, 178, 229, 238, 269, 287, 300, 344, 384, 411, 472, 603, 649] (42)
4 : [207, 322, 360, 391, 432, 620, 686] (42)
5 : [2, 213, 310, 434, 760] (42)
6 : [24, 42, 125, 457, 484, 766, 795] (43)
7 : [11, 76, 246, 263, 313, 531, 612, 684] (41)
8 : [77, 195, 250, 353, 365, 394, 399, 441, 568, 576, 689, 761] (40)
9 : [39, 113, 143, 298, 619] (41)
10 : [99, 112, 257, 369, 370, 597, 605] (42)
11 : [5, 67, 95, 97, 159, 268, 317, 331, 342, 380, 414, 524, 559, 581, 588, 661, 722, 728, 774] (40)
12 : [84, 109, 277, 316, 515, 656, 668, 690] (46)
13 : [72, 93, 100, 107, 200, 265, 400, 445, 482, 514, 522, 544, 623, 643, 652, 751, 762] (42)
14 : [185, 327, 337, 358, 486, 752] (43)
15 : [15, 111, 222, 351, 376, 450, 775] (44)
16 : [122, 136, 224, 426, 471, 550, 562, 617] (42)
17 : [43, 102, 355, 395, 407, 410, 528, 616, 745, 790] (44)
18 : [68, 87, 210, 319, 354, 416, 488, 545, 741] (43)
19 : [75, 80, 130, 205, 266, 430, 463] (42)
20 : [4, 489, 497, 547, 558, 666, 742, 785, 789] (41)
21 : [12, 34, 53, 69, 114, 181, 240, 241, 282, 284, 311, 323, 334, 357, 390, 461, 590, 608, 647, 715] (41)
22 : [135, 476, 493, 495, 733, 755] (43)
23 : [54, 83, 106, 467, 598, 725] (43)
24 : [17, 19, 52, 133, 231, 248, 285, 329, 403, 418, 542, 600] (54)
25 : [37, 71, 227, 276, 296, 315, 367, 368, 387, 454, 474, 556, 622, 687] (50)
26 : [50, 157, 220, 299, 308, 392, 490, 509, 535, 599] (45)
27 : [33, 48, 304, 306, 561, 584, 669, 723, 757, 778] (47)
28 : [32, 138, 176, 288, 375, 401, 425, 483, 492, 526, 736] (59)
29 : [123, 124, 160, 456, 496, 505, 523, 747] (48)
30 : [170, 225, 302, 318, 458, 675, 707] (51)
31 : [162, 260, 480, 512, 564, 594, 646, 765] (46)
32 : [151, 211, 305, 393, 460, 469, 525, 555, 639, 721] (42)
33 : [30, 31, 70, 126, 164, 262, 436, 475, 504, 510, 579] (53)
34 : [16, 58, 63, 134, 156, 219, 245, 283, 326, 348, 363, 378, 473, 538, 674, 772] (55)
35 : [8, 74, 280, 379, 437, 573, 624, 637] (42)
36 : [55, 325, 332, 570, 602, 657, 696, 713] (50)
37 : [65, 177, 197, 336, 352, 453, 519, 521, 676, 679, 731] (47)
38 : [117, 127, 161, 244, 335, 424, 468, 609, 658, 683, 771] (55)
39 : [1, 104, 389, 557, 694, 769] (45)
40 : [243, 274, 309, 314, 372, 449, 527, 587, 670, 730] (50)
41 : [56, 110, 153, 168, 294, 503, 529, 695, 712, 783] (51)
42 : [9, 14, 64, 202, 321, 356, 366, 539, 659, 685, 693, 709] (59)
43 : [49, 147, 167, 216, 312, 386, 500, 511, 585, 592, 596, 614, 667, 688] (50)
44 : [90, 103, 254, 385, 465, 566, 625, 719] (49)
45 : [0, 57, 239, 340, 435, 485, 768] (46)
46 : [172, 230, 373, 548, 569, 604, 703, 729] (53)
47 : [140, 188, 198, 242, 252, 303, 444, 466, 567, 627] (47)
48 : [91, 165, 179, 233, 236, 439, 546, 610, 734, 754, 779, 793, 798] (58)
49 : [6, 45, 155, 196, 209, 258, 338, 347, 517, 606, 777] (60)
50 : [184, 203, 234, 271, 272, 328, 554, 560, 575, 655, 702, 753, 782] (51)
51 : [10, 26, 46, 86, 115, 180, 261, 451, 499, 591, 700] (59)
52 : [221, 293, 330, 491, 632, 636, 638, 650, 735] (51)
53 : [7, 25, 62, 96, 144, 235, 422, 433, 744, 796] (60)
54 : [120, 279, 286, 459, 601, 660] (50)
55 : [20, 199, 341, 377, 402, 413, 420, 549, 629, 714, 716, 763] (48)
56 : [81, 121, 223, 359, 470, 494, 533, 574, 708, 797] (46)
57 : [132, 149, 186, 190, 291, 346, 464, 607, 633, 634, 788] (48)
58 : [118, 187, 448, 615, 640, 682, 737] (60)
59 : [108, 137, 142, 320, 381, 396, 565, 644, 671, 749, 758] (56)
60 : [148, 174, 278, 307, 324, 452, 611, 665, 764] (52)
61 : [88, 92, 462, 478, 481, 537, 583, 739] (51)
62 : [27, 35, 169, 226, 251, 290, 292, 479, 618, 641, 748, 770] (52)
63 : [201, 289, 361, 405, 406, 415, 501, 520, 738, 759, 792] (46)
64 : [85, 163, 182, 232, 255, 267, 427, 518, 563, 582, 678, 780] (52)
65 : [51, 61, 191, 446, 516, 672, 726, 732] (60)
66 : [18, 173, 212, 477, 507, 580, 691] (58)
67 : [23, 60, 101, 206, 398, 438, 626, 631, 692, 710, 750] (59)
68 : [94, 116, 264, 345, 382, 536, 540, 786] (60)
69 : [44, 129, 166, 297, 371, 621, 645, 663, 677, 697, 767] (52)
70 : [3, 82, 98, 192, 214, 228, 423, 429, 704, 773, 794] (60)
71 : [28, 73, 78, 218, 333, 383, 397, 431, 593, 673, 711, 724] (56)
72 : [13, 22, 41, 79, 237, 247, 259, 270, 553] (60)
73 : [66, 139, 141, 150, 158, 175, 183, 301, 442, 551, 578, 628, 651, 664, 706, 717] (60)
74 : [217, 412, 506, 543, 577, 613, 718, 746] (58)
75 : [59, 194, 421, 635, 654, 781] (60)
76 : [131, 146, 154, 440, 487, 513, 532, 648, 653, 680, 705, 799] (57)
77 : [36, 119, 128, 253, 339, 508, 530, 552, 699, 787] (60)
78 : [171, 273, 275, 498, 502, 571, 681, 701, 756, 776] (60)
79 : [189, 256, 364, 419, 443, 586] (60)
80 : [47, 152, 208, 215, 349, 350, 388, 404, 447, 541, 589, 595, 662] (60)
