Name: 800-40-60
Time: 49.03883075714111 
Result: 4022
Solution:  43 41 5 68 20 14 48 55 36 39 52 7 22 69 37 16 34 24 67 21 52 1 70 69 8 50 49 61 71 1 32 33 27 31 22 64 76 26 1 9 1 71 8 18 70 52 47 77 26 49 27 65 22 16 23 36 39 47 32 75 68 69 54 34 44 39 76 14 24 22 35 25 13 71 34 19 6 11 74 73 19 56 69 21 6 63 50 13 62 4 45 47 61 14 67 13 52 9 74 5 9 62 20 44 37 1 24 13 64 11 38 17 17 6 20 52 68 41 60 80 54 55 18 27 29 4 32 36 77 69 20 74 55 24 35 19 18 59 29 73 44 72 56 9 53 2 74 41 60 57 72 30 80 38 75 48 34 28 78 12 32 37 31 64 33 49 67 44 41 62 31 78 43 69 59 73 25 34 2 48 50 19 63 76 52 14 55 60 48 79 59 68 70 1 73 9 48 42 49 55 13 64 43 50 2 18 73 7 80 49 17 30 67 9 64 79 39 72 71 36 27 51 15 56 16 30 64 23 73 4 48 27 63 45 49 53 48 73 2 44 21 23 45 39 36 33 5 70 27 3 9 58 48 79 42 66 79 10 48 70 30 52 33 6 68 14 20 64 10 3 75 54 49 78 40 80 22 12 57 52 32 3 26 36 20 25 52 1 26 63 61 60 62 51 44 2 26 65 11 23 6 75 29 47 29 32 28 60 26 39 5 20 45 6 41 24 12 9 31 19 56 40 4 20 59 29 34 11 48 24 56 9 36 74 21 39 34 16 52 77 44 56 9 2 1 68 54 49 33 80 77 13 33 10 17 20 42 21 15 56 0 61 1 34 78 9 42 22 23 14 9 71 40 45 0 26 14 56 36 33 10 55 70 71 3 47 42 25 73 38 22 4 28 31 9 15 58 71 66 7 13 27 52 25 78 64 63 13 2 2 20 6 75 55 9 64 17 1 25 79 54 75 53 73 38 29 19 64 0 69 22 70 6 53 6 45 32 36 68 52 77 9 73 80 46 13 66 77 58 38 14 53 61 42 26 2 28 5 33 56 31 21 61 18 59 43 42 24 37 32 58 15 3 34 23 31 22 65 60 63 39 61 8 27 4 43 13 78 15 18 24 53 28 21 55 20 29 23 76 51 42 61 78 38 37 29 74 62 79 26 33 42 30 78 13 13 66 48 61 37 63 35 10 31 10 27 30 41 19 44 77 8 76 56 3 27 67 63 34 47 69 80 24 75 13 16 51 22 45 57 15 68 76 76 54 33 28 38 19 13 47 30 17 64 34 55 43 46 10 47 35 78 0 33 57 49 7 74 71 34 67 13 64 62 31 41 80 37 13 76 22 52 41 72 30 78 50 10 24 26 24 54 40 3 49 10 51 55 18 39 48 60 8 73 45 59 22 17 60 10 4 67 23 13 35 42 65 45 74 55 3 68 49 57 59 76 58 28 53 35 61 59 0 13 59 67 29 16 72 3 47 72 10 73 74 49 9 37 39 42 55 10 79 67 76 62 20 39 9 28 41 57 69 69 34 30 41 65 67 38 76 75 58 42 8 41 4 22 41 8 13 64 67 39 39 35 37 68 1 74 51 78 51 46 70 76 70 24 59 45 64 69 40 40 55 22 55 72 75 44 2 34 10 25 72 23 65 0 10 46 41 35 66 16 45 52 28 57 67 60 0 18 22 3 53 17 74 27 60 60 67 13 12 51 52 22 79 29 57 64 7 13 13 56 60 34 7 70 50 39 63 38 33 70 10 15 80 50 26 48 65 74 50 40 2 21 70 77 57 14 19 1 63 48 68 7 53 58 48 80
0 : [360, 374, 428, 572, 642, 727, 740] (41)
1 : [21, 29, 38, 40, 105, 193, 287, 344, 362, 417, 698, 791] (40)
2 : [145, 178, 204, 238, 295, 343, 408, 409, 455, 720, 784] (40)
3 : [249, 269, 281, 384, 472, 534, 603, 630, 649, 743] (39)
4 : [89, 125, 229, 322, 391, 484, 620, 686] (42)
5 : [2, 99, 246, 310, 457] (49)
6 : [76, 84, 113, 263, 300, 313, 411, 432, 434] (44)
7 : [11, 207, 399, 576, 760, 766, 795] (44)
8 : [24, 42, 482, 531, 612, 684, 689] (42)
9 : [39, 97, 100, 143, 195, 213, 250, 317, 331, 342, 365, 370, 394, 414, 441, 656, 668] (39)
10 : [257, 268, 353, 380, 522, 524, 568, 597, 605, 619, 652, 661, 722, 728, 774] (40)
11 : [77, 109, 298, 327] (42)
12 : [159, 277, 316, 752] (41)
13 : [72, 87, 95, 107, 200, 351, 400, 407, 445, 486, 514, 515, 544, 559, 581, 588, 623, 643, 690, 751, 761, 762] (40)
14 : [5, 67, 93, 185, 265, 369, 376, 450, 789] (42)
15 : [222, 358, 395, 471, 488, 550, 775] (40)
16 : [15, 53, 224, 337, 545, 647, 733] (43)
17 : [111, 112, 210, 354, 416, 562, 617, 745] (48)
18 : [43, 122, 136, 205, 463, 489, 608, 741] (41)
19 : [75, 80, 135, 181, 319, 426, 528, 558, 790] (48)
20 : [4, 102, 114, 130, 266, 284, 311, 323, 355, 410, 495, 666] (45)
21 : [19, 83, 240, 334, 357, 461, 493, 785] (44)
22 : [12, 34, 52, 69, 276, 367, 390, 430, 476, 547, 590, 616, 687, 715, 742, 755] (45)
23 : [54, 227, 241, 299, 368, 474, 497, 622, 725] (49)
24 : [17, 68, 106, 133, 315, 329, 467, 490, 542, 598, 600, 707] (51)
25 : [71, 176, 285, 387, 403, 418, 723] (48)
26 : [37, 48, 282, 288, 296, 308, 375, 454, 509, 599, 778] (44)
27 : [32, 50, 123, 220, 231, 248, 401, 483, 525, 535, 747] (53)
28 : [157, 306, 392, 456, 492, 556, 637, 669, 736] (52)
29 : [124, 138, 302, 304, 325, 425, 496, 505, 646, 757] (50)
30 : [151, 211, 225, 260, 512, 526, 561, 594, 675] (49)
31 : [33, 162, 170, 318, 393, 460, 475, 523, 584] (46)
32 : [30, 58, 126, 160, 280, 305, 436, 469] (48)
33 : [31, 164, 245, 262, 348, 352, 379, 458, 510, 555, 573, 772] (43)
34 : [16, 63, 74, 156, 177, 326, 336, 363, 473, 538, 564, 579, 674, 721, 765] (48)
35 : [70, 134, 521, 570, 624, 639, 695, 731] (40)
36 : [8, 55, 127, 219, 244, 283, 332, 378, 437] (48)
37 : [14, 104, 161, 468, 504, 519, 587, 657, 696] (50)
38 : [110, 153, 389, 424, 449, 503, 557, 679, 771] (48)
39 : [9, 56, 65, 216, 243, 309, 335, 480, 609, 658, 667, 693, 694, 769] (57)
40 : [274, 321, 372, 602, 712, 713, 783] (51)
41 : [1, 117, 147, 168, 314, 527, 585, 592, 670, 676, 685, 688, 730] (60)
42 : [197, 254, 356, 366, 386, 453, 466, 500, 511, 625, 659, 683] (60)
43 : [0, 172, 202, 465, 485, 566] (44)
44 : [64, 103, 140, 167, 239, 294, 340, 529, 719] (57)
45 : [90, 233, 242, 312, 373, 435, 548, 614, 627, 709, 734] (49)
46 : [444, 567, 703, 729] (41)
47 : [46, 57, 91, 303, 385, 539, 560, 569, 650] (51)
48 : [6, 155, 179, 188, 196, 230, 236, 252, 258, 328, 517, 610, 779, 793, 798] (50)
49 : [26, 49, 165, 198, 209, 234, 272, 347, 575, 604, 632, 655] (45)
50 : [25, 86, 180, 203, 596, 768, 777, 782] (47)
51 : [221, 293, 499, 546, 606, 700, 702, 753] (47)
52 : [10, 20, 45, 96, 115, 184, 261, 279, 286, 338, 402, 439, 591, 735, 754] (57)
53 : [144, 235, 422, 433, 451, 491, 638, 744, 796] (59)
54 : [62, 120, 271, 346, 420, 554, 601] (44)
55 : [7, 121, 132, 186, 199, 381, 413, 494, 565, 607, 629, 660, 714, 716] (58)
56 : [81, 142, 223, 320, 330, 341, 359, 377, 459, 533, 763] (60)
57 : [149, 278, 549, 574, 633, 671, 737, 758, 788] (50)
58 : [251, 396, 448, 470, 636, 682, 797] (60)
59 : [137, 174, 190, 324, 464, 615, 634, 641, 644, 708] (57)
60 : [118, 148, 187, 291, 307, 478, 611, 618, 739, 748, 749, 764] (60)
61 : [27, 92, 290, 361, 452, 462, 481, 501, 518, 640] (60)
62 : [88, 101, 169, 292, 507, 583, 665] (55)
63 : [85, 182, 232, 289, 406, 479, 520, 537, 770, 792] (47)
64 : [35, 108, 163, 201, 214, 226, 267, 405, 415, 427, 563, 582, 691, 710, 759] (54)
65 : [51, 297, 477, 626, 677, 726, 780] (51)
66 : [255, 398, 446, 516, 732] (47)
67 : [18, 94, 166, 212, 536, 580, 621, 645, 663, 678, 692, 738, 750] (60)
68 : [3, 60, 116, 191, 264, 345, 438, 551, 631, 697, 794] (57)
69 : [13, 23, 61, 82, 129, 173, 429, 540, 672, 673, 711] (60)
70 : [22, 44, 192, 247, 259, 382, 431, 704, 706, 767, 773, 786] (59)
71 : [28, 41, 73, 218, 371, 383, 397, 578] (60)
72 : [141, 150, 217, 593, 648, 651, 717, 724] (60)
73 : [79, 139, 175, 194, 206, 228, 237, 388, 423, 442, 613, 653] (60)
74 : [78, 98, 131, 146, 333, 506, 577, 628, 654, 699, 746, 781] (61)
75 : [59, 154, 270, 301, 412, 421, 543, 681, 718] (61)
76 : [36, 66, 183, 498, 532, 552, 553, 589, 635, 664, 680, 705] (60)
77 : [47, 128, 339, 350, 440, 447, 530, 787] (60)
78 : [158, 171, 273, 364, 404, 487, 502, 513, 571, 595, 701] (55)
79 : [189, 215, 253, 256, 419, 508, 662, 756] (52)
80 : [119, 152, 208, 275, 349, 443, 541, 586, 776, 799] (55)
