Name: 800-30-45
Time: 48.50171399116516 
Result: 5018
Solution:  34 50 47 22 65 18 71 68 38 3 33 39 42 7 60 22 77 6 5 37 47 3 46 72 70 79 39 6 53 0 45 46 25 63 10 4 58 27 10 55 41 6 79 16 72 78 38 78 44 6 13 40 14 1 15 69 31 67 76 34 55 4 60 13 21 60 3 46 25 72 23 73 33 74 2 13 39 8 70 17 78 36 65 56 44 70 65 31 67 28 18 11 78 78 29 76 66 11 61 11 44 10 9 63 37 6 77 17 61 37 59 38 60 54 62 13 26 34 7 77 38 49 25 62 20 50 16 53 37 14 47 70 2 1 39 10 41 18 17 68 7 69 24 36 44 44 58 24 22 18 76 76 35 65 3 41 31 5 51 49 19 61 70 15 56 49 79 15 29 76 53 48 0 70 53 38 36 18 39 62 5 38 50 16 28 11 67 27 44 33 50 13 64 44 15 13 49 38 48 75 48 62 14 65 59 57 78 28 38 58 8 48 30 73 33 22 72 79 43 52 1 5 78 60 67 54 36 45 4 73 78 64 75 33 64 73 67 2 20 9 75 42 72 61 76 25 57 69 67 79 12 18 9 1 17 80 62 74 16 43 19 40 60 66 27 47 76 30 51 24 56 67 49 10 45 57 12 74 38 39 45 57 37 46 25 20 31 77 48 27 60 31 73 70 14 5 78 57 8 41 60 59 34 43 11 65 77 60 32 24 4 47 53 53 46 30 64 6 57 39 14 8 46 29 20 11 73 20 34 71 22 66 76 18 1 73 46 62 65 30 14 33 25 26 61 20 41 58 9 35 1 32 2 65 32 57 74 63 58 33 43 47 31 49 11 41 5 69 64 50 22 67 55 5 24 12 23 80 71 48 12 68 57 4 80 74 62 67 28 55 61 65 39 37 49 31 61 66 30 32 45 26 69 25 52 51 55 55 38 25 75 22 80 4 45 38 31 26 49 14 15 20 48 71 16 38 38 54 46 76 21 80 75 45 70 49 54 9 23 35 58 19 0 36 74 52 2 0 52 59 36 35 43 22 14 80 59 8 43 57 44 6 4 15 31 69 76 71 73 4 31 56 61 21 30 63 39 62 35 23 54 68 32 0 29 72 36 75 11 10 22 29 58 0 64 38 76 55 14 63 33 54 17 67 58 61 3 23 25 11 28 57 54 16 19 70 5 26 30 35 60 21 3 27 53 8 79 70 45 21 29 13 61 71 35 54 40 26 79 75 36 52 37 40 34 66 80 21 80 17 20 31 28 48 71 11 50 49 31 62 22 44 69 36 7 42 21 46 18 17 68 51 29 27 59 46 14 75 7 41 8 9 39 5 56 37 57 3 44 74 26 32 68 8 23 24 68 72 56 76 48 29 31 5 15 18 36 25 25 34 8 65 77 2 28 42 22 13 16 8 41 18 75 76 17 0 19 61 79 13 57 80 31 48 42 31 80 44 16 77 22 60 52 50 52 0 42 51 55 24 37 0 24 47 78 71 20 64 49 21 26 12 13 27 29 22 68 75 71 56 37 56 42 40 17 48 58 40 64 16 31 34 39 15 4 3 19 3 71 39 29 44 53 74 15 51 52 21 62 52 39 11 16 28 11 69 62 66 54 61 25 71 23 55 28 75 44 34 48 63 66 51 19 7 25 60 68 20 14 18 9 64 43 12 9 70 59 51 0 5 27 61 0 55 63 45 56 77 23 25 72 40 45 10 10 51 43 71 17 25 46 49 44 14 2 2 13 11 65 73 42 40 77 0 23 37 69 0 51 65 59 75 50 30 17 51 61 25 27 5 18 18 14 67 53 1 5 76 59 72
0 : [29, 172, 442, 447, 483, 493, 625, 645, 651, 738, 742, 773, 777] (29)
1 : [53, 133, 220, 253, 334, 350, 795] (32)
2 : [74, 132, 237, 352, 446, 613, 764, 765] (32)
3 : [9, 21, 66, 154, 506, 522, 587, 685, 687] (33)
4 : [35, 61, 228, 310, 383, 413, 462, 469, 684] (30)
5 : [18, 157, 180, 221, 295, 366, 373, 516, 583, 603, 739, 789, 796] (32)
6 : [17, 27, 41, 49, 105, 317, 461] (30)
7 : [13, 118, 140, 564, 578, 723] (31)
8 : [77, 210, 298, 321, 457, 525, 580, 593, 610, 619] (33)
9 : [102, 239, 252, 348, 437, 581, 730, 734] (32)
10 : [34, 38, 101, 135, 273, 489, 753, 754] (31)
11 : [91, 97, 99, 185, 304, 325, 364, 488, 509, 555, 701, 704, 767] (32)
12 : [250, 276, 375, 380, 661, 733] (33)
13 : [50, 63, 75, 115, 191, 195, 531, 617, 629, 662, 766] (34)
14 : [52, 129, 202, 294, 320, 340, 419, 454, 498, 576, 728, 763, 792] (39)
15 : [54, 163, 167, 194, 420, 463, 604, 683, 694] (33)
16 : [43, 126, 183, 258, 424, 513, 618, 638, 679, 702] (39)
17 : [79, 107, 138, 254, 502, 549, 569, 624, 674, 758, 784] (38)
18 : [5, 90, 137, 149, 177, 251, 333, 568, 605, 621, 729, 790, 791] (33)
19 : [160, 260, 441, 514, 626, 686, 722] (35)
20 : [124, 238, 285, 324, 327, 345, 421, 550, 656, 727] (37)
21 : [64, 430, 473, 521, 529, 547, 566, 659, 697] (35)
22 : [3, 15, 148, 215, 330, 370, 411, 453, 490, 560, 616, 640, 665] (40)
23 : [70, 376, 438, 479, 507, 594, 712, 748, 774] (39)
24 : [142, 147, 269, 309, 374, 595, 649, 652] (33)
25 : [32, 68, 122, 245, 284, 342, 403, 409, 508, 607, 608, 710, 724, 749, 759, 787] (32)
26 : [116, 343, 401, 417, 517, 537, 590, 660] (34)
27 : [37, 187, 264, 289, 523, 573, 663, 740, 788] (32)
28 : [89, 184, 207, 388, 510, 552, 614, 703, 714] (31)
29 : [94, 168, 323, 484, 491, 530, 572, 601, 664, 690] (43)
30 : [212, 267, 315, 339, 398, 474, 518, 783] (36)
31 : [56, 87, 156, 286, 291, 362, 395, 416, 464, 470, 551, 558, 602, 632, 635, 680] (45)
32 : [308, 351, 354, 399, 482, 591] (35)
33 : [10, 72, 189, 214, 233, 341, 359, 500] (31)
34 : [0, 59, 117, 302, 328, 544, 609, 681, 717] (38)
35 : [152, 349, 439, 451, 478, 519, 534] (34)
36 : [81, 143, 176, 226, 443, 450, 486, 540, 563, 606] (33)
37 : [19, 104, 109, 128, 282, 393, 542, 585, 650, 670, 775] (37)
38 : [8, 46, 111, 120, 175, 181, 197, 208, 278, 408, 415, 425, 426, 495] (37)
39 : [11, 26, 76, 134, 178, 279, 319, 392, 476, 582, 682, 689, 700] (44)
40 : [51, 261, 536, 543, 673, 677, 751, 771] (36)
41 : [40, 136, 155, 299, 346, 365, 579, 620] (47)
42 : [12, 241, 565, 615, 634, 646, 672, 770] (43)
43 : [218, 259, 303, 360, 452, 458, 732, 756] (43)
44 : [48, 84, 100, 144, 145, 188, 193, 460, 561, 588, 637, 691, 716, 762] (33)
45 : [30, 227, 274, 280, 400, 414, 433, 528, 745, 752] (35)
46 : [22, 31, 67, 283, 314, 322, 336, 428, 567, 575, 760] (44)
47 : [2, 20, 130, 265, 311, 361, 653] (37)
48 : [171, 198, 200, 211, 288, 379, 422, 553, 600, 633, 675, 718] (46)
49 : [121, 159, 165, 196, 272, 363, 394, 418, 435, 557, 658, 761] (40)
50 : [1, 125, 182, 190, 369, 556, 643, 782] (38)
51 : [158, 268, 405, 571, 647, 695, 721, 737, 755, 778, 785] (45)
52 : [219, 404, 445, 448, 541, 642, 644, 696, 699] (40)
53 : [28, 127, 170, 174, 312, 313, 524, 692, 794] (45)
54 : [113, 225, 427, 436, 480, 501, 512, 535, 708] (42)
55 : [39, 60, 372, 389, 406, 407, 497, 648, 713, 743] (45)
56 : [83, 164, 270, 471, 584, 598, 669, 671, 746] (38)
57 : [205, 246, 275, 281, 297, 318, 355, 382, 459, 511, 586, 630] (40)
58 : [36, 146, 209, 347, 358, 440, 492, 504, 676] (41)
59 : [110, 204, 301, 449, 456, 574, 736, 780, 798] (42)
60 : [14, 62, 65, 112, 223, 262, 290, 300, 307, 520, 641, 725] (45)
61 : [98, 108, 161, 243, 344, 390, 396, 472, 505, 532, 627, 709, 741, 786] (44)
62 : [114, 123, 179, 201, 256, 337, 386, 477, 559, 698, 706] (45)
63 : [33, 103, 357, 475, 499, 719, 744] (46)
64 : [192, 231, 234, 316, 368, 494, 657, 678, 731] (45)
65 : [4, 82, 86, 153, 203, 305, 338, 353, 391, 611, 768, 779] (38)
66 : [96, 263, 331, 397, 545, 707, 720] (45)
67 : [57, 88, 186, 224, 236, 248, 271, 371, 387, 503, 793] (45)
68 : [7, 139, 381, 481, 570, 592, 596, 666, 726] (45)
69 : [55, 141, 247, 367, 402, 465, 562, 705, 776] (45)
70 : [24, 78, 85, 131, 162, 173, 293, 434, 515, 527, 735] (40)
71 : [6, 329, 378, 423, 467, 533, 554, 655, 668, 688, 711, 757] (42)
72 : [23, 44, 69, 216, 242, 485, 597, 750, 799] (45)
73 : [71, 213, 229, 235, 292, 326, 335, 468, 769] (40)
74 : [73, 257, 277, 356, 385, 444, 589, 693] (45)
75 : [199, 232, 240, 410, 432, 487, 539, 577, 622, 667, 715, 781] (45)
76 : [58, 95, 150, 151, 169, 244, 266, 332, 429, 466, 496, 599, 623, 797] (44)
77 : [16, 106, 119, 287, 306, 612, 639, 747, 772] (45)
78 : [45, 47, 80, 92, 93, 206, 222, 230, 296, 654] (45)
79 : [25, 42, 166, 217, 249, 526, 538, 628] (44)
80 : [255, 377, 384, 412, 431, 455, 546, 548, 631, 636] (42)
