Name: 60-10-15
Time: 0.281308s
Result: 12
Solution: 4 10 15 9 11 5 14 7 11 8 11 4 10 10 8 4 2 7 1 1 15 5 14 8 11 2 13 11 6 10 11 13 7 12 9 8 15 4 13 15 1 12 9 2 6 7 3 3 15 6 7 13 12 6 2 3 3 3 9 6
0:  (0)
1: 18 19 40 (10)
2: 16 25 43 54 (12)
3: 46 47 55 56 57 (11)
4: 0 11 15 37 (10)
5: 5 21 (11)
6: 28 44 49 53 59 (12)
7: 7 17 32 45 50 (12)
8: 9 14 23 35 (10)
9: 3 34 42 58 (12)
10: 1 12 13 29 (11)
11: 4 8 10 24 27 30 (10)
12: 33 41 52 (12)
13: 26 31 38 51 (10)
14: 6 22 (12)
15: 2 20 36 39 48 (10)
16:  (0)
17:  (0)
