Name: 60-20-30
Time: 0.232696s
Result: 24
Solution: 9 6 13 6 10 11 7 15 13 3 8 11 7 15 9 16 6 16 5 14 8 6 4 3 13 11 9 5 12 16 9 3 4 9 12 15 7 10 10 8 10 16 4 5 3 3 9 5 11 16 11 14 12 13 14 11 4 14 7 12
0:  (0)
1:  (0)
2:  (0)
3: 9 23 31 44 45 (20)
4: 22 32 42 56 (24)
5: 18 27 43 47 (24)
6: 1 3 16 21 (23)
7: 6 12 36 58 (21)
8: 10 20 39 (24)
9: 0 14 26 30 33 46 (22)
10: 4 37 38 40 (24)
11: 5 11 25 48 50 55 (24)
12: 28 34 52 59 (24)
13: 2 8 24 53 (24)
14: 19 51 54 57 (24)
15: 7 13 35 (24)
16: 15 17 29 41 49 (23)
17:  (0)
