Name: 60-35-50
Time: 2.038229s
Result: 37
Solution: 13 2 6 1 9 6 2 10 15 13 11 5 12 14 10 1 7 15 14 7 8 15 7 11 1 7 9 13 9 6 13 4 3 12 6 5 11 15 3 15 9 3 4 14 15 5 6 12 7 12 2 10 8 2 8 4 9 9 1 11
0:  (0)
1: 3 15 24 58 (36)
2: 1 6 50 53 (37)
3: 32 38 41 (35)
4: 31 42 55 (36)
5: 11 35 45 (37)
6: 2 5 29 34 46 (36)
7: 16 19 22 25 48 (36)
8: 20 52 54 (35)
9: 4 26 28 40 56 57 (37)
10: 7 14 51 (35)
11: 10 23 36 59 (35)
12: 12 33 47 49 (36)
13: 0 9 27 30 (37)
14: 13 18 43 (37)
15: 8 17 21 37 39 44 (37)
16:  (0)
17:  (0)
