Name: 60-50-75
Time: 0.288998s
Result: 56
Solution: 4 11 7 5 14 13 9 12 6 13 3 12 6 10 2 7 9 7 3 3 8 10 6 9 8 2 3 16 14 3 10 7 2 9 15 6 5 4 9 6 4 16 8 11 13 14 12 11 12 5 16 6 16 7 15 13 10 4 16 13
0:  (0)
1:  (0)
2: 14 25 32 (56)
3: 10 18 19 26 29 (55)
4: 0 37 40 57 (56)
5: 3 36 49 (54)
6: 8 12 22 35 39 51 (52)
7: 2 15 17 31 53 (56)
8: 20 24 42 (53)
9: 6 16 23 33 38 (55)
10: 13 21 30 56 (55)
11: 1 43 47 (56)
12: 7 11 46 48 (56)
13: 5 9 44 55 59 (56)
14: 4 28 45 (56)
15: 34 54 (54)
16: 27 41 50 52 58 (56)
17:  (0)
18:  (0)
