45 60
10 5 0 1 0 0 9 3 2 4 10 8 10 0 0 2 7 10 2 3 0 4 8 4 8 8 7 7 5 10 9 3 6 4 9 0 2 7 1 1 5 7 3 2 10 0 0 0 5 9 10 10 6 10 2 2 7 4 10 4
8 3 1 0 9 9 5 10 9 4 9 8 7 5 9 5 2 10 10 4 2 0 1 1 1 5 6 5 2 3 6 6 7 0 8 2 0 3 0 8 9 8 2 1 1 8 2 7 6 8 1 6 0 2 2 4 7 2 8 4
10 0 8 7 5 9 10 5 10 8 0 8 7 10 4 0 3 2 10 4 10 2 9 2 2 0 1 0 3 2 5 9 10 8 2 9 9 8 0 3 3 0 3 8 0 0 9 8 6 6 4 7 2 3 8 9 9 9 9 6
6 0 8 7 5 8 2 6 5 5 7 7 6 10 3 9 1 8 3 9 2 3 7 9 9 1 5 3 6 5 9 5 1 2 1 2 7 4 2 0 1 10 2 2 1 0 6 2 10 4 10 9 9 7 0 6 8 5 7 1
2 7 8 9 8 9 1 4 1 7 10 7 4 7 5 7 9 4 2 1 2 2 8 0 5 3 3 3 5 4 2 8 5 10 8 10 0 7 2 9 4 1 7 3 7 0 3 9 10 10 5 9 4 6 1 7 7 2 2 3
9 8 6 0 2 1 8 2 7 0 1 1 3 6 3 7 1 4 0 0 0 8 4 0 5 7 9 5 9 2 10 2 6 1 0 2 1 5 9 7 7 2 0 8 10 10 7 1 10 9 4 1 8 8 9 7 1 7 10 10
0 7 0 9 6 3 6 5 9 5 7 6 5 3 5 4 10 5 10 8 4 7 0 1 6 9 9 0 1 1 5 2 6 0 4 3 6 9 9 9 9 10 3 6 5 7 6 6 3 5 1 8 6 4 1 0 7 5 8 3
7 1 1 9 3 6 3 8 3 4 4 5 3 10 2 9 7 4 9 4 1 2 2 0 5 3 1 2 2 4 3 4 5 9 0 2 2 0 10 5 10 1 0 2 8 0 7 4 5 0 5 8 6 2 1 0 7 0 5 3
10 0 9 9 2 3 8 1 6 2 6 4 7 10 5 1 8 5 5 0 7 10 4 3 2 7 6 6 1 5 5 4 3 3 8 7 4 6 3 9 7 9 6 5 10 6 7 0 6 0 4 8 6 3 5 9 9 10 10 7
8 2 5 2 1 10 1 0 0 10 8 2 2 2 7 0 9 9 2 6 2 4 10 7 6 3 2 1 4 9 9 7 9 7 9 6 1 2 5 6 3 2 5 1 4 5 9 3 4 0 7 2 9 1 7 5 7 7 5 8
5 9 6 4 6 2 0 10 9 3 1 1 7 3 7 4 7 3 10 2 3 6 3 2 4 0 6 8 10 7 6 5 7 3 1 6 10 9 4 0 3 10 9 6 3 0 4 8 1 9 8 2 4 0 2 9 6 9 10 1
8 7 0 5 7 10 1 6 9 5 4 10 3 9 8 3 7 8 1 0 9 6 4 0 4 2 9 8 3 1 7 9 5 5 1 4 0 7 2 0 7 8 4 8 1 2 3 1 4 6 6 4 0 10 10 3 3 6 9 3
2 2 3 2 6 2 5 10 10 2 9 0 10 4 2 4 9 8 10 1 1 7 2 9 8 2 6 0 7 4 2 3 6 9 9 3 2 0 9 9 3 10 8 5 2 0 0 5 3 7 3 8 5 1 4 2 0 9 0 6
5 1 4 0 7 3 1 0 1 5 6 7 9 8 7 3 9 10 10 5 2 9 0 7 1 0 6 9 4 3 2 10 8 6 7 10 0 4 6 3 2 10 9 10 10 5 6 3 9 9 8 0 4 6 9 10 9 10 0 7
1 10 8 2 4 3 1 4 4 0 8 5 2 10 8 3 3 6 2 0 7 10 8 3 7 9 5 3 4 4 7 10 0 8 0 2 6 5 3 1 3 6 5 2 1 9 8 3 10 9 5 4 10 0 1 7 5 7 4 0
10 10 7 6 4 6 2 5 4 5 10 0 3 10 3 3 5 8 0 0 5 10 0 3 4 1 3 10 10 8 9 1 4 0 8 6 8 4 8 8 0 0 10 3 4 7 2 4 6 0 2 6 7 1 8 7 7 7 7 10
9 0 3 4 1 3 6 1 9 6 1 3 5 6 7 4 3 4 5 5 10 2 5 2 0 0 5 9 6 10 8 2 9 1 8 0 8 10 7 6 4 10 10 7 6 4 5 4 8 10 5 7 8 0 2 0 3 6 3 7
8 3 1 5 3 7 7 9 7 3 1 6 7 5 0 4 6 9 3 1 10 0 1 9 8 0 4 3 8 9 9 3 5 1 5 10 5 9 0 1 9 6 0 8 4 0 0 7 10 1 2 4 4 0 4 4 2 10 8 5
2 4 0 7 10 10 10 3 8 5 6 5 8 4 1 10 9 2 6 0 2 2 9 6 9 4 10 6 6 1 0 1 7 1 8 10 9 10 2 4 6 2 10 6 2 3 4 3 7 10 3 8 1 8 9 3 1 8 3 6
8 2 1 9 10 7 7 8 3 3 0 8 9 9 1 10 1 5 10 5 6 7 3 0 8 6 5 10 8 1 3 1 6 7 3 7 7 1 9 2 2 2 0 8 0 1 5 7 8 2 0 7 2 3 4 9 7 3 6 7
3 5 10 5 8 9 7 0 0 2 2 8 9 6 9 1 5 2 8 5 2 10 4 1 6 8 0 8 0 8 6 2 6 7 5 6 0 7 4 10 2 9 1 0 5 1 3 4 8 5 7 5 4 6 4 0 5 3 1 8
9 1 1 1 5 8 2 6 3 2 10 6 4 10 3 1 4 1 8 4 6 2 8 8 0 2 1 4 10 6 10 7 7 9 5 8 1 7 9 2 2 3 7 2 4 9 7 0 6 2 4 1 3 6 9 0 10 8 4 9
3 10 6 1 8 8 1 5 6 0 0 4 10 10 7 8 6 2 1 0 5 9 2 8 9 3 4 0 8 3 3 2 9 2 1 2 6 0 0 9 10 2 2 10 6 8 8 10 9 2 8 2 1 1 1 5 7 9 9 6
3 4 1 3 1 8 4 1 9 8 3 9 8 5 6 2 9 4 8 9 1 3 8 10 3 9 3 1 6 8 5 2 6 6 2 10 5 9 3 2 9 2 9 1 3 0 4 1 10 9 7 5 8 4 7 10 2 3 4 1
9 8 3 5 4 8 4 8 3 5 2 4 6 9 2 6 4 0 2 2 3 10 8 9 8 6 4 8 5 2 8 1 2 10 1 6 9 9 3 4 5 2 6 1 5 2 8 6 7 3 9 1 2 5 10 8 2 9 4 4
3 2 6 4 10 6 7 7 8 3 7 10 10 7 6 8 3 10 4 8 7 8 1 4 8 10 6 6 5 5 4 10 3 6 8 0 4 2 6 10 9 9 5 7 1 8 9 2 9 3 0 2 10 7 10 0 1 0 2 2
6 0 2 1 7 8 8 1 9 1 5 2 1 7 2 5 9 5 9 5 7 4 5 10 1 3 1 6 6 8 5 9 8 8 2 10 3 0 8 2 1 1 9 4 10 2 10 9 1 4 2 6 8 1 0 4 4 4 4 6
5 8 8 5 8 3 0 4 0 1 7 5 6 4 2 0 10 10 6 9 1 5 5 2 1 2 9 5 2 2 3 1 5 6 1 3 5 2 7 1 3 3 1 2 5 1 7 7 0 5 3 0 3 9 3 4 9 5 4 2
0 7 8 10 6 7 10 7 4 0 1 8 5 0 6 7 2 2 0 8 4 0 4 3 8 5 6 10 4 0 0 8 2 7 8 4 4 0 10 3 3 7 8 2 4 4 8 6 4 5 8 8 0 6 9 3 2 1 8 2
0 7 1 1 6 3 0 0 2 8 1 10 5 2 5 8 8 1 5 0 8 0 10 8 0 8 7 9 2 4 6 8 6 9 9 0 3 3 6 7 6 0 6 9 9 4 1 5 5 8 6 10 1 9 2 3 6 9 10 0
6 9 8 4 8 0 2 3 3 8 5 4 3 3 5 6 4 10 9 6 9 0 5 8 0 4 1 1 0 3 6 5 6 1 8 3 10 9 10 4 9 0 8 5 1 7 9 7 10 7 0 3 8 10 3 1 10 5 9 10
8 0 6 3 10 5 3 4 1 7 4 8 10 8 9 9 1 3 4 4 6 1 7 8 9 9 6 2 0 4 10 7 1 0 7 3 8 8 2 2 8 1 8 4 9 0 0 10 3 2 4 4 4 10 3 3 1 2 3 9
9 1 8 3 8 3 4 7 4 3 2 2 2 0 2 2 1 2 1 6 6 6 0 9 1 5 7 0 2 7 3 2 6 5 6 7 8 3 6 4 5 7 9 9 7 3 4 6 8 8 6 3 5 6 4 1 4 4 0 2
7 6 5 0 10 6 7 1 0 10 2 7 1 4 3 6 7 8 5 2 1 10 5 10 9 0 2 7 1 10 5 0 8 1 5 8 10 7 7 4 3 0 1 0 10 7 2 0 7 5 1 0 0 10 5 1 0 8 9 4
9 6 1 2 0 7 7 4 10 4 4 5 2 0 5 1 2 7 2 1 1 8 3 2 0 0 1 9 1 5 4 9 7 9 5 1 1 10 9 1 9 7 3 0 5 7 8 5 1 2 9 2 6 10 3 1 0 8 8 2
6 1 4 0 3 0 6 2 7 7 0 4 1 2 3 2 3 7 6 10 3 9 3 2 3 8 1 5 8 3 3 4 10 7 3 7 2 5 6 7 2 0 0 9 7 9 6 3 10 7 6 5 7 3 8 2 8 10 0 9
7 8 6 8 10 4 10 6 5 2 4 5 7 9 5 0 2 5 8 1 0 2 3 4 4 8 2 1 9 3 5 1 1 6 10 0 10 1 6 6 0 9 10 3 10 9 4 5 4 5 1 5 0 7 4 5 9 1 4 6
0 2 9 1 9 6 7 0 5 6 2 7 6 7 0 8 1 10 2 3 0 3 7 10 9 3 9 0 1 6 2 5 10 10 0 8 0 7 3 6 2 7 10 10 8 9 8 4 0 6 8 7 8 4 4 3 7 4 9 8
4 3 10 3 1 5 1 4 10 2 6 1 7 0 9 5 0 7 2 10 6 5 8 2 7 6 8 8 5 7 2 8 4 0 1 5 7 3 2 10 2 4 8 8 2 0 0 0 4 1 7 6 6 1 7 3 3 10 3 9
0 10 0 10 0 6 2 7 1 2 0 5 3 6 9 7 0 4 10 9 9 10 0 7 10 9 7 5 3 6 2 4 1 10 9 9 7 10 8 0 10 4 2 10 3 0 2 7 10 7 2 7 6 2 5 5 3 10 1 3
8 5 4 2 9 3 9 7 0 7 6 6 4 5 7 10 10 1 9 5 3 7 9 6 6 6 6 0 6 0 5 1 0 5 5 4 1 2 4 4 1 6 2 9 8 10 4 6 3 7 8 1 3 8 10 6 9 0 3 5
3 1 6 0 9 0 8 1 6 7 7 4 0 0 5 9 7 2 10 0 9 2 8 0 8 2 7 7 2 8 2 4 0 0 8 5 5 0 6 4 3 5 7 5 9 1 0 2 0 6 2 5 6 7 5 6 8 8 1 7
4 6 1 1 7 10 10 5 6 8 4 4 10 1 5 2 5 0 4 1 7 0 0 0 8 10 2 9 6 7 1 1 5 6 4 5 10 5 0 3 2 1 7 9 10 9 1 7 2 10 3 4 4 1 10 8 0 1 0 9
3 4 4 2 1 9 0 4 5 8 9 3 9 5 9 1 4 8 5 0 5 3 8 5 1 3 7 6 1 3 9 7 5 0 4 4 10 5 3 10 8 7 6 6 7 10 6 5 1 1 6 1 2 2 2 10 3 10 8 4
0 1 2 6 2 8 10 9 3 2 5 5 9 10 4 3 5 0 5 3 4 7 7 1 9 10 6 9 10 6 0 0 4 8 2 1 8 2 8 7 0 10 0 6 3 4 9 2 6 2 6 0 10 6 6 9 8 3 2 5
0 12 76 34 1 66 25 71 59 87 10 78 72 71 91 15 76 61 13 18 80 57 54 53 9 45 20 50 78 59 94 34 81 98 47 64 15 85 37 34 67 78 74 30 60 54 84 6 53 82 50 63 29 40 11 14 94 6 31 71 59
12 0 21 40 29 62 48 87 28 72 87 28 15 89 89 73 5 75 10 1 98 79 38 61 76 87 83 35 6 84 77 82 44 88 63 32 4 8 95 94 59 80 28 89 24 41 57 80 13 69 79 4 19 39 23 39 98 98 78 47 53
76 21 0 87 3 61 37 30 21 76 54 19 84 8 90 91 17 2 47 28 81 42 63 3 63 49 63 60 58 3 13 62 18 58 59 65 11 93 78 41 27 41 18 55 99 96 97 80 55 9 5 96 5 21 23 58 81 45 19 92 41
34 40 87 0 79 2 49 40 94 14 52 51 29 86 10 84 56 47 66 62 94 20 15 5 73 99 48 79 96 44 26 83 25 32 92 47 56 3 15 19 62 83 12 43 44 80 20 38 33 27 73 94 78 23 31 31 43 72 4 13 17
1 29 3 79 0 53 76 35 63 57 81 29 6 72 61 28 4 94 89 10 13 76 30 96 59 14 68 25 71 17 36 37 57 35 90 15 97 11 44 11 35 53 26 28 30 25 60 38 27 16 69 91 40 78 60 85 63 42 18 36 50
66 62 61 2 53 0 41 52 78 32 77 85 65 14 67 38 14 89 47 10 47 12 62 40 10 63 9 100 58 65 35 87 29 4 84 24 2 19 35 100 49 40 80 54 75 34 68 21 7 74 68 83 50 39 46 67 36 86 86 1 60
25 48 37 49 76 41 0 31 79 28 86 86 77 35 10 92 30 19 72 55 50 16 16 34 33 55 44 59 88 61 31 23 40 54 48 81 8 73 77 99 31 32 42 100 80 69 19 90 49 16 95 33 74 5 31 93 49 39 30 21 73
71 87 30 40 35 52 31 0 68 4 25 97 10 100 31 2 95 12 16 73 31 12 41 16 65 45 47 42 85 87 64 73 9 87 63 92 91 59 21 65 74 59 60 14 57 51 48 6 35 66 68 44 11 41 31 57 25 62 89 35 29
59 28 21 94 63 78 79 68 0 100 6 29 16 78 67 2 7 77 24 100 99 58 57 71 28 82 86 42 55 38 90 69 89 60 97 54 45 5 55 39 23 57 77 85 36 88 6 16 54 22 30 54 82 61 74 76 82 4 93 33 29
87 72 76 14 57 32 28 4 100 0 38 9 47 93 49 28 60 66 95 52 37 15 88 75 4 98 33 72 8 54 69 96 98 33 13 83 85 29 35 45 7 63 30 82 19 82 76 38 100 9 38 73 68 68 22 29 79 86 20 84 85
10 87 54 52 81 77 86 25 6 38 0 91 92 77 53 74 61 37 40 44 25 52 71 100 9 40 74 16 26 90 37 18 12 81 27 10 2 38 12 73 1 74 56 83 14 35 90 52 97 19 11 33 31 34 68 58 57 92 50 98 98
78 28 19 51 29 85 86 97 29 9 91 0 93 48 83 22 29 88 19 83 4 92 37 53 83 41 44 55 99 28 58 91 31 54 43 97 62 52 5 39 33 73 83 9 42 43 52 61 45 69 84 11 41 82 3 21 81 73 53 71 53
72 15 84 29 6 65 77 10 16 47 92 93 0 83 30 41 63 63 45 20 9 10 37 96 77 13 42 9 2 9 92 32 59 35 87 69 67 7 32 81 91 64 15 55 23 77 51 20 20 64 22 61 93 62 5 88 36 56 18 26 51
71 89 8 86 72 14 35 100 78 93 77 48 83 0 81 17 21 60 20 65 41 81 34 25 22 69 67 26 98 30 70 46 79 57 48 70 26 90 11 41 86 82 54 27 88 92 39 72 77 15 78 56 16 69 4 78 38 48 88 25 14
91 89 90 10 61 67 10 31 67 49 53 83 30 81 0 2 64 72 14 89 55 1 3 88 54 97 63 77 10 42 20 44 15 42 24 53 64 23 10 98 100 60 90 2 36 21 56 76 81 34 26 45 98 75 3 55 88 54 14 14 12
15 73 91 84 28 38 92 2 2 28 74 22 41 17 2 0 92 79 6 37 47 11 55 96 54 4 40 2 82 68 84 85 12 55 74 34 8 66 36 60 46 12 80 51 66 88 6 95 15 38 8 10 6 81 41 68 67 52 45 63 21
76 5 17 56 4 14 30 95 7 60 61 29 63 21 64 92 0 10 56 29 34 60 14 20 6 23 46 63 77 46 92 44 43 64 32 43 46 58 76 94 53 98 48 4 66 16 56 87 20 92 60 70 93 65 85 26 38 41 79 80 10
61 75 2 47 94 89 19 12 77 66 37 88 63 60 72 79 10 0 92 36 80 64 93 69 23 62 97 93 49 70 14 69 90 98 42 37 87 95 36 85 34 72 26 46 56 44 92 64 21 49 74 85 39 83 16 73 30 100 95 16 73
13 10 47 66 89 47 72 16 24 95 40 19 45 20 14 6 56 92 0 26 80 69 29 94 54 72 95 75 57 86 37 85 66 67 33 94 67 100 72 49 53 5 96 13 22 38 81 13 16 85 13 51 44 64 2 62 53 32 76 1 78
18 1 28 62 10 10 55 73 100 52 44 83 20 65 89 37 29 36 26 0 37 37 26 29 65 70 20 83 43 85 40 19 7 95 24 94 23 21 46 92 16 96 28 63 96 88 15 22 64 84 61 53 11 69 8 10 79 92 77 91 20
80 98 81 94 13 47 50 31 99 37 25 4 9 41 55 47 34 80 80 37 0 27 69 34 52 86 13 40 32 45 10 74 86 76 54 98 41 72 19 30 32 88 41 15 77 33 39 70 36 94 23 79 24 8 71 99 6 50 35 33 70
57 79 42 20 76 12 16 12 58 15 52 92 10 81 1 11 60 64 69 37 27 0 36 86 85 79 91 13 59 70 96 74 45 90 97 37 57 99 91 61 65 12 98 39 41 77 79 53 26 32 90 67 26 88 47 62 68 73 92 84 47
54 38 63 15 30 62 16 41 57 88 71 37 37 34 3 55 14 93 29 26 69 36 0 7 76 61 92 82 61 72 40 9 80 29 79 46 78 50 65 78 98 28 49 39 26 24 46 97 57 82 42 7 52 52 48 62 70 26 5 70 81
53 61 3 5 96 40 34 16 71 75 100 53 96 25 88 96 20 69 94 29 34 86 7 0 97 20 3 16 84 45 88 75 96 88 49 66 5 89 96 58 96 91 71 6 13 8 35 34 36 48 39 90 34 6 84 19 58 28 78 19 77
9 76 63 73 59 10 33 65 28 4 9 83 77 22 54 54 6 23 54 65 52 85 76 97 0 18 61 64 58 2 44 47 69 100 65 25 73 36 35 13 71 10 73 22 83 27 86 27 43 96 65 47 97 22 46 4 85 37 57 38 89
45 87 49 99 14 63 55 45 82 98 40 41 13 69 97 4 23 62 72 70 86 79 61 20 18 0 35 18 44 16 36 54 87 14 80 9 88 93 90 96 93 18 39 44 84 67 79 47 15 14 37 57 37 66 86 95 1 94 20 84 89
20 83 63 48 68 9 44 47 86 33 74 44 42 67 63 40 46 97 95 20 13 91 92 3 61 35 0 89 69 68 2 41 14 56 36 29 35 69 71 81 77 79 8 63 86 25 98 1 73 33 75 3 82 70 32 41 8 77 9 91 81
50 35 60 79 25 100 59 42 42 72 16 55 9 26 77 2 63 93 75 83 40 13 82 16 64 18 89 0 92 71 89 22 81 7 52 28 80 83 11 39 67 81 71 9 46 66 1 58 96 16 46 52 19 25 52 74 45 38 72 8 49
78 6 58 96 71 58 88 85 55 8 26 99 2 98 10 82 77 49 57 43 32 59 61 84 58 44 69 92 0 92 24 19 37 5 69 84 50 100 13 41 71 32 88 34 33 24 97 22 7 70 29 84 3 56 1 13 51 22 96 28 30
59 84 3 44 17 65 61 87 38 54 90 28 9 30 42 68 46 70 86 85 45 70 72 45 2 16 68 71 92 0 72 68 48 63 7 8 19 96 68 29 47 66 6 86 59 95 46 18 99 65 14 33 48 72 5 32 1 87 39 50 63
94 77 13 26 36 35 31 64 90 69 37 58 92 70 20 84 92 14 37 40 10 96 40 88 44 36 2 89 24 72 0 70 38 24 42 98 35 40 72 47 61 37 84 56 34 18 33 89 5 80 20 89 94 56 36 10 74 25 80 19 96
34 82 62 83 37 87 23 73 69 96 18 91 32 46 44 85 44 69 85 19 74 74 9 75 47 54 41 22 19 68 70 0 14 62 61 13 21 12 75 65 34 89 32 21 75 61 37 58 54 15 51 64 24 75 63 34 61 90 57 100 33
81 44 18 25 57 29 40 9 89 98 12 31 59 79 15 12 43 90 66 7 86 45 80 96 69 87 14 81 37 48 38 14 0 68 39 4 97 56 13 95 80 95 48 51 47 41 80 62 45 96 51 76 76 44 98 2 51 56 3 91 19
98 88 58 32 35 4 54 87 60 33 81 54 35 57 42 55 64 98 67 95 76 90 29 88 100 14 56 7 5 63 24 62 68 0 99 9 81 22 99 75 8 46 96 98 60 34 71 51 16 72 90 58 41 99 19 20 67 1 23 86 21
47 63 59 92 90 84 48 63 97 13 27 43 87 48 24 74 32 42 33 24 54 97 79 49 65 80 36 52 69 7 42 61 39 99 0 25 74 33 10 37 41 74 82 59 74 49 22 36 11 55 24 62 23 39 67 12 11 47 36 58 36
64 32 65 47 15 24 81 92 54 83 10 97 69 70 53 34 43 37 94 94 98 37 46 66 25 9 29 28 84 8 98 13 4 9 25 0 1 76 32 59 16 34 97 23 80 94 59 47 25 83 61 52 39 78 50 52 43 46 93 33 78
15 4 11 56 97 2 8 91 45 85 2 62 67 26 64 8 46 87 67 23 41 57 78 5 73 88 35 80 50 19 35 21 97 81 74 1 0 9 40 64 1 50 83 42 25 8 73 64 8 78 93 22 34 37 98 2 92 46 29 66 99
85 8 93 3 11 19 73 59 5 29 38 52 7 90 23 66 58 95 100 21 72 99 50 89 36 93 69 83 100 96 40 12 56 22 33 76 9 0 98 10 66 90 70 36 49 18 58 38 99 69 43 20 63 23 56 34 45 72 58 34 10
37 95 78 15 44 35 77 21 55 35 12 5 32 11 10 36 76 36 72 46 19 91 65 96 35 90 71 11 13 68 72 75 13 99 10 32 40 98 0 46 61 64 4 47 31 75 12 38 95 86 13 47 21 24 7 52 70 96 81 46 89
34 94 41 19 11 100 99 65 39 45 73 39 81 41 98 60 94 85 49 92 30 61 78 58 13 96 81 39 41 29 47 65 95 75 37 59 64 10 46 0 37 84 99 49 60 27 89 88 13 24 46 93 10 8 84 87 7 93 50 68 41
67 59 27 62 35 49 31 74 23 7 1 33 91 86 100 46 53 34 53 16 32 65 98 96 71 93 77 67 71 47 61 34 80 8 41 16 1 66 61 37 0 23 74 70 23 41 31 88 97 45 3 46 24 10 40 39 88 95 18 64 81
78 80 41 83 53 40 32 59 57 63 74 73 64 82 60 12 98 72 5 96 88 12 28 91 10 18 79 81 32 66 37 89 95 46 74 34 50 90 64 84 23 0 41 6 58 19 84 7 2 25 99 88 85 88 63 79 82 66 97 9 59
74 28 18 12 26 80 42 60 77 30 56 83 15 54 90 80 48 26 96 28 41 98 49 71 73 39 8 71 88 6 84 32 48 96 82 97 83 70 4 99 74 41 0 19 59 96 31 7 22 36 85 61 35 26 48 18 77 59 32 86 98
30 89 55 43 28 54 100 14 85 82 83 9 55 27 2 51 4 46 13 63 15 39 39 6 22 44 63 9 34 86 56 21 51 98 59 23 42 36 47 49 70 6 19 0 7 24 16 66 7 36 10 31 51 37 16 6 58 22 76 80 23
60 24 99 44 30 75 80 57 36 19 14 42 23 88 36 66 66 56 22 96 77 41 26 13 83 84 86 46 33 59 34 75 47 60 74 80 25 49 31 60 23 58 59 7 0 60 1 5 74 59 19 1 72 52 39 78 81 31 47 33 58
54 41 96 80 25 34 69 51 88 82 35 43 77 92 21 88 16 44 38 88 33 77 24 8 27 67 25 66 24 95 18 61 41 34 49 94 8 18 75 27 41 19 96 24 60 0 43 85 80 58 70 2 25 100 40 9 30 39 66 57 55
84 57 97 20 60 68 19 48 6 76 90 52 51 39 56 6 56 92 81 15 39 79 46 35 86 79 98 1 97 46 33 37 80 71 22 59 73 58 12 89 31 84 31 16 1 43 0 83 31 83 45 49 47 21 39 85 75 59 87 21 79
6 80 80 38 38 21 90 6 16 38 52 61 20 72 76 95 87 64 13 22 70 53 97 34 27 47 1 58 22 18 89 58 62 51 36 47 64 38 38 88 88 7 7 66 5 85 83 0 11 3 40 22 65 23 56 35 65 50 62 71 78
53 13 55 33 27 7 49 35 54 100 97 45 20 77 81 15 20 21 16 64 36 26 57 36 43 15 73 96 7 99 5 54 45 16 11 25 8 99 95 13 97 2 22 7 74 80 31 11 0 57 81 74 19 3 41 21 11 30 82 11 56
82 69 9 27 16 74 16 66 22 9 19 69 64 15 34 38 92 49 85 84 94 32 82 48 96 14 33 16 70 65 80 15 96 72 55 83 78 69 86 24 45 25 36 36 59 58 83 3 57 0 71 15 2 60 10 46 86 64 22 79 76
50 79 5 73 69 68 95 68 30 38 11 84 22 78 26 8 60 74 13 61 23 90 42 39 65 37 75 46 29 14 20 51 51 90 24 61 93 43 13 46 3 99 85 10 19 70 45 40 81 71 0 83 67 75 55 55 45 10 61 22 90
63 4 96 94 91 83 33 44 54 73 33 11 61 56 45 10 70 85 51 53 79 67 7 90 47 57 3 52 84 33 89 64 76 58 62 52 22 20 47 93 46 88 61 31 1 2 49 22 74 15 83 0 100 32 100 29 95 26 38 47 90
29 19 5 78 40 50 74 11 82 68 31 41 93 16 98 6 93 39 44 11 24 26 52 34 97 37 82 19 3 48 94 24 76 41 23 39 34 63 21 10 24 85 35 51 72 25 47 65 19 2 67 100 0 58 17 79 48 24 84 91 52
40 39 21 23 78 39 5 41 61 68 34 82 62 69 75 81 65 83 64 69 8 88 52 6 22 66 70 25 56 72 56 75 44 99 39 78 37 23 24 8 10 88 26 37 52 100 21 23 3 60 75 32 58 0 36 56 66 48 44 15 66
11 23 23 31 60 46 31 31 74 22 68 3 5 4 3 41 85 16 2 8 71 47 48 84 46 86 32 52 1 5 36 63 98 19 67 50 98 56 7 84 40 63 48 16 39 40 39 56 41 10 55 100 17 36 0 76 15 42 19 37 11
14 39 58 31 85 67 93 57 76 29 58 21 88 78 55 68 26 73 62 10 99 62 62 19 4 95 41 74 13 32 10 34 2 20 12 52 2 34 52 87 39 79 18 6 78 9 85 35 21 46 55 29 79 56 76 0 78 100 25 91 18
94 98 81 43 63 36 49 25 82 79 57 81 36 38 88 67 38 30 53 79 6 68 70 58 85 1 8 45 51 1 74 61 51 67 11 43 92 45 70 7 88 82 77 58 81 30 75 65 11 86 45 95 48 66 15 78 0 68 76 30 98
6 98 45 72 42 86 39 62 4 86 92 73 56 48 54 52 41 100 32 92 50 73 26 28 37 94 77 38 22 87 25 90 56 1 47 46 46 72 96 93 95 66 59 22 31 39 59 50 30 64 10 26 24 48 42 100 68 0 23 91 90
31 78 19 4 18 86 30 89 93 20 50 53 18 88 14 45 79 95 76 77 35 92 5 78 57 20 9 72 96 39 80 57 3 23 36 93 29 58 81 50 18 97 32 76 47 66 87 62 82 22 61 38 84 44 19 25 76 23 0 7 21
71 47 92 13 36 1 21 35 33 84 98 71 26 25 14 63 80 16 1 91 33 84 70 19 38 84 91 8 28 50 19 100 91 86 58 33 66 34 46 68 64 9 86 80 33 57 21 71 11 79 22 47 91 15 37 91 30 91 7 0 90
59 53 41 17 50 60 73 29 29 85 98 53 51 14 12 21 10 73 78 20 70 47 81 77 89 89 81 49 30 63 96 33 19 21 36 78 99 10 89 41 81 59 98 23 58 55 79 78 56 76 90 90 52 66 11 18 98 90 21 90 0
105 118 27 104 144 32 63 89 106 140 63 63 39 153 94 100 139 54 26 69 4 130 120 70 65 110 36 26 49 103 101 110 127 3 41 140 50 101 12 39 25 117 128 114 126
0 4 2 50 40 10 36 35 32 55 43 14 15 27 46 44 51 45 23 26 47 49 52 28 54 18 59 5 33 57 0
75
18.94442915916443