80 150
10 7 3 4 10 1 5 3 10 0 6 9 5 2 6 2 2 8 4 4 7 7 10 1 4 8 4 3 6 3 0 1 3 3 5 8 5 10 7 7 4 8 10 3 9 9 3 0 3 8 4 1 9 0 0 6 4 7 5 5 7 5 4 6 5 3 9 6 8 6 4 7 0 3 4 2 7 10 9 6 5 5 9 10 6 4 3 6 3 2 10 3 7 5 2 7 10 7 7 2 1 8 0 3 6 0 0 7 3 0 2 2 5 1 0 3 9 5 3 8 9 6 5 3 5 8 4 4 7 9 8 2 7 0 9 6 6 4 10 1 10 0 6 6 10 2 0 8 1 7
9 3 6 9 8 8 6 2 5 3 0 9 5 8 1 1 3 8 5 8 3 0 10 1 5 2 7 0 4 10 6 8 1 4 0 0 9 1 0 1 7 6 0 2 2 10 5 5 3 6 0 10 0 4 8 9 8 7 0 1 6 7 0 4 3 5 9 0 4 4 6 9 2 1 10 0 10 1 9 5 1 9 10 1 2 7 0 1 5 6 5 2 7 2 2 4 3 10 3 6 3 0 6 10 3 7 2 7 1 9 1 0 8 6 7 5 9 5 7 10 6 6 6 0 9 4 2 9 5 5 6 4 2 4 4 3 8 2 9 0 5 7 5 3 3 10 4 7 3 7
4 7 1 8 8 8 0 9 7 6 8 5 8 10 2 2 4 10 2 10 5 7 1 0 6 0 8 4 2 6 8 1 0 4 6 4 10 3 9 9 8 10 1 10 7 0 1 8 0 10 10 0 5 5 4 9 5 2 2 8 0 6 2 4 4 7 8 4 9 4 10 1 7 6 8 5 2 10 1 3 4 5 5 3 8 0 2 4 9 2 10 9 4 10 6 4 2 4 7 2 4 2 4 0 1 4 10 8 5 7 8 7 2 0 9 7 8 5 8 1 0 0 1 3 0 2 7 5 9 3 4 5 1 9 1 2 5 4 2 10 1 2 7 8 5 2 2 6 8 10
6 7 9 7 0 10 1 8 4 4 0 9 4 2 5 6 4 0 4 7 2 5 4 8 9 6 8 10 8 10 1 8 10 0 5 5 7 0 2 0 1 7 0 1 6 6 5 9 1 1 10 7 10 8 2 3 4 9 5 10 3 7 0 4 6 3 3 8 4 9 1 9 0 1 4 4 0 3 5 0 7 2 5 8 8 7 10 8 2 9 9 10 8 7 10 10 7 4 1 9 9 5 0 0 7 7 5 1 0 8 6 5 0 0 0 9 9 5 6 4 7 6 10 9 4 6 6 8 7 8 5 0 5 3 3 0 6 5 6 6 0 2 6 5 4 3 2 8 8 9
7 8 2 9 7 9 3 6 7 0 9 6 10 2 8 9 1 8 10 5 7 5 4 5 9 2 1 9 0 4 9 4 2 5 1 5 7 0 10 2 0 2 5 8 6 10 0 5 2 3 6 1 1 5 5 2 3 4 0 2 10 10 10 0 4 5 4 3 3 8 2 3 0 3 6 10 1 7 10 1 0 2 8 2 1 3 7 9 1 8 3 2 8 8 2 4 0 1 4 2 8 8 2 2 2 8 10 5 4 0 2 9 10 10 1 7 3 0 8 6 4 5 6 2 1 8 0 5 7 5 6 0 5 7 5 6 10 3 9 5 5 9 8 1 6 10 6 5 5 4
3 4 0 9 5 3 1 8 6 5 10 6 10 0 4 3 1 8 2 2 6 2 1 6 3 5 6 10 9 6 7 6 6 9 6 1 3 7 0 10 4 2 1 3 10 9 5 2 9 9 1 6 3 9 4 10 8 8 8 9 10 6 0 0 5 0 1 1 4 9 5 7 10 7 8 4 0 9 4 9 2 8 2 0 4 7 1 10 7 6 1 1 2 5 10 6 9 1 7 5 9 1 8 2 7 1 5 5 4 10 1 9 9 5 10 1 10 9 8 2 7 6 10 7 4 7 4 2 5 10 2 9 8 4 6 1 3 7 4 9 0 3 10 1 4 8 9 10 10 7
3 5 4 8 5 6 8 0 0 4 4 2 0 2 6 2 1 4 9 2 8 10 7 7 4 9 2 6 6 9 7 9 2 0 5 8 6 2 5 0 6 4 4 0 1 10 1 5 9 9 7 10 2 4 7 1 8 9 0 7 2 6 5 8 9 4 4 6 5 3 3 1 1 1 1 2 9 5 2 1 8 0 8 6 6 5 8 2 8 1 6 9 4 1 5 9 7 10 3 6 3 7 9 6 8 1 10 5 3 4 10 2 7 0 0 7 5 2 10 2 4 7 8 4 10 6 9 7 1 4 8 7 1 8 0 5 9 6 6 0 7 3 10 7 7 0 6 8 7 4
1 7 4 5 7 9 9 2 1 10 10 0 0 5 1 0 5 7 5 7 1 8 2 10 5 9 7 7 9 3 4 1 0 0 6 5 0 9 3 0 3 5 8 5 1 9 2 6 2 7 6 4 8 10 2 2 5 0 7 8 1 10 9 5 4 10 3 5 0 6 8 10 6 5 8 3 3 10 5 2 3 5 7 2 3 5 1 6 8 9 0 5 0 6 8 3 9 0 10 0 3 6 0 5 4 1 4 2 0 3 0 10 8 4 9 4 9 9 0 5 6 6 10 4 3 8 3 4 6 9 10 10 5 10 4 3 5 5 8 7 0 10 1 7 7 1 6 9 0 0
4 0 1 5 7 0 0 1 10 6 1 8 2 2 3 4 0 1 5 6 9 0 9 6 0 4 4 2 8 9 5 7 8 0 10 3 3 7 9 8 1 6 1 1 4 10 9 6 6 5 2 2 7 10 4 0 3 3 1 0 8 9 10 5 7 0 7 4 5 5 0 9 1 0 0 6 3 0 8 6 10 0 8 8 5 1 9 5 2 6 4 7 1 9 2 0 7 10 4 7 9 7 5 0 6 6 3 7 10 1 10 3 3 10 4 4 10 3 5 8 3 1 3 6 2 9 8 4 5 0 4 9 1 5 0 2 0 4 0 9 1 1 4 1 0 7 2 2 7 1
7 2 2 2 5 0 2 7 2 5 8 9 2 1 6 0 3 9 8 10 6 10 8 0 3 7 6 2 1 8 5 6 4 4 10 3 0 0 2 0 7 6 3 10 5 2 6 9 10 3 9 0 8 2 1 0 5 2 0 1 9 5 6 3 1 6 3 9 6 8 1 3 5 2 2 0 0 1 9 8 4 2 4 7 9 6 6 10 5 5 2 4 7 0 8 9 1 10 3 3 5 10 5 10 0 10 0 6 3 0 10 6 3 6 9 3 0 7 7 5 6 9 6 1 8 1 7 1 2 9 0 3 5 7 8 9 6 2 5 8 4 4 4 8 0 8 6 3 1 8
9 1 6 8 3 7 3 3 5 6 3 7 8 6 1 1 0 7 9 8 4 1 10 10 5 10 0 7 8 9 6 5 2 8 2 2 8 9 5 7 1 4 8 0 5 8 7 4 1 2 7 10 2 3 8 5 6 8 9 1 1 2 2 3 2 9 5 5 8 9 7 0 0 2 7 1 4 10 1 7 1 9 6 1 3 0 1 3 3 5 3 6 8 3 1 1 9 2 9 4 0 3 6 2 6 6 10 1 10 8 10 8 4 1 4 6 6 9 2 7 8 9 4 2 9 4 8 4 6 10 8 0 8 1 10 5 5 9 6 2 7 8 9 9 4 3 1 2 0 4
5 0 2 2 9 10 5 5 1 2 0 5 3 2 2 9 5 5 5 9 8 4 2 5 6 6 7 2 0 7 8 10 7 1 2 2 7 0 0 2 8 10 8 3 6 10 2 0 10 6 3 4 7 0 3 6 1 3 7 6 8 1 5 2 8 5 8 7 5 3 8 2 4 2 2 10 1 2 10 3 7 1 1 10 5 5 8 10 7 2 9 3 4 6 1 8 4 10 10 6 10 2 7 2 0 8 3 3 2 6 6 8 7 9 4 4 2 2 3 7 0 0 3 1 7 8 6 0 8 6 0 8 6 0 6 5 7 4 5 8 3 5 1 5 7 0 5 1 5 7
4 8 4 4 7 7 9 7 5 7 4 9 8 10 1 8 6 4 5 8 3 9 1 9 3 8 10 3 4 2 0 10 1 7 0 3 10 2 6 7 5 8 5 8 10 7 10 4 4 1 2 0 6 10 6 3 10 1 9 8 9 6 4 3 4 9 10 10 5 7 10 4 6 5 10 10 4 10 2 4 2 10 0 3 2 10 8 2 8 2 6 5 8 1 5 5 6 0 1 8 9 3 1 10 6 7 9 3 3 2 6 5 8 2 10 8 7 2 6 9 3 6 3 2 10 1 4 7 10 4 0 0 4 9 9 5 9 2 7 2 6 5 3 8 5 10 9 10 6 7
4 8 0 10 4 10 10 7 1 2 4 1 8 9 4 4 10 5 8 5 0 5 3 8 1 2 2 4 1 0 10 0 4 8 10 2 9 1 9 6 5 4 5 10 5 6 10 4 10 8 0 5 0 10 8 10 7 10 2 3 4 1 7 5 10 7 8 6 6 6 7 7 0 1 7 1 2 4 0 1 0 2 0 0 6 4 6 9 10 0 7 5 3 7 5 9 7 4 7 1 9 5 3 5 1 0 9 6 2 0 5 8 2 10 0 9 8 10 5 0 8 2 10 5 9 4 10 2 6 2 8 3 1 1 10 10 9 5 10 1 3 7 5 10 5 2 4 7 4 2
9 0 7 0 5 2 4 10 8 1 2 9 8 3 7 10 3 1 1 8 10 8 8 9 1 8 8 2 2 9 10 5 5 8 6 10 5 2 8 7 3 10 6 7 9 3 10 0 10 2 9 6 0 9 8 1 1 9 2 4 10 1 0 9 10 9 3 4 6 5 4 6 8 0 8 4 4 4 4 8 3 9 8 4 0 9 0 2 6 9 10 10 5 4 0 7 9 9 2 3 9 10 7 5 2 9 5 3 10 2 7 9 10 6 7 9 3 6 1 7 6 8 1 6 4 2 2 9 1 1 0 1 3 1 2 1 1 7 7 8 10 10 1 10 7 3 8 2 8 2
0 0 8 2 0 6 5 9 4 2 2 5 4 3 0 2 4 9 2 1 7 2 4 0 1 3 6 2 4 0 6 0 7 9 0 3 2 7 10 0 1 9 0 10 5 5 2 9 4 5 6 4 8 8 1 3 6 8 7 2 10 3 6 4 7 2 8 6 5 8 1 0 3 9 7 0 1 10 8 8 10 0 8 3 7 8 6 1 7 4 6 6 9 4 7 4 8 1 10 0 8 6 2 1 3 2 2 9 9 5 3 3 6 2 4 7 3 6 2 8 1 1 7 4 6 0 7 10 2 0 5 7 2 10 4 5 5 5 6 10 10 5 9 2 5 5 1 5 9 7
4 2 5 5 10 10 2 3 6 0 10 1 2 3 2 5 2 5 7 7 2 6 0 9 8 6 3 7 0 1 7 10 3 3 7 7 1 7 2 8 9 3 1 1 7 7 4 3 0 2 5 2 7 4 1 5 5 4 1 4 4 9 3 3 8 2 2 10 1 8 4 10 3 4 10 7 10 0 10 8 4 9 8 1 5 3 7 8 9 9 7 6 8 8 4 8 3 5 1 4 9 6 2 7 7 3 9 7 1 6 2 7 4 9 4 6 1 4 7 8 4 0 6 5 1 6 4 8 8 1 8 10 0 0 10 2 9 7 0 7 4 9 4 1 2 3 10 6 9 4
5 4 9 6 8 0 10 2 10 5 9 2 4 7 9 5 8 7 5 4 9 6 9 5 5 4 6 6 10 1 0 6 8 4 6 8 4 1 1 6 8 1 5 8 10 8 7 9 5 10 6 3 7 5 9 5 6 8 4 0 3 6 4 10 7 5 4 5 8 2 7 3 10 4 8 0 2 2 0 9 5 4 7 1 6 2 4 6 3 6 6 3 1 5 4 8 8 8 10 0 7 1 8 6 5 0 4 1 3 0 3 3 10 5 10 3 4 5 8 10 6 5 5 6 1 3 8 2 8 0 0 4 7 1 7 8 6 9 1 10 3 3 10 3 2 1 8 2 1 8
1 10 8 2 2 7 8 9 0 9 2 5 4 2 0 6 5 10 3 6 9 6 8 4 4 7 8 5 8 6 6 1 5 7 6 4 6 9 10 6 5 1 2 8 1 2 2 8 3 4 4 2 8 1 6 9 8 10 2 3 1 0 2 7 6 5 3 6 7 0 6 7 2 2 10 0 3 1 3 2 7 1 1 8 2 3 1 6 8 8 0 1 4 3 8 4 10 0 9 2 6 1 9 5 9 10 6 10 2 2 4 3 7 7 1 1 4 2 5 8 2 3 8 4 9 1 7 1 6 3 10 8 0 4 6 1 2 10 0 3 3 8 7 5 1 2 2 8 6 1
7 9 4 2 1 0 3 2 4 9 7 9 5 10 10 2 5 1 0 3 0 8 10 6 10 5 10 10 8 0 10 10 9 8 10 5 8 9 7 2 5 0 5 3 0 3 0 8 7 6 2 7 6 7 10 8 6 2 9 5 5 9 5 3 5 6 3 4 2 1 7 6 0 8 0 7 2 9 3 0 5 0 6 7 2 7 5 9 5 5 8 1 3 9 7 0 2 10 3 10 4 9 2 4 7 6 5 1 2 7 6 6 1 3 0 9 7 5 3 8 9 2 9 4 9 3 4 7 10 6 5 0 10 10 2 7 10 9 1 7 2 3 6 10 5 4 10 5 0 9
8 9 6 6 3 10 4 6 10 8 4 3 10 10 4 7 6 3 8 0 2 4 7 10 6 5 3 7 7 2 9 6 1 10 6 8 7 7 7 9 6 3 1 3 9 8 4 8 6 5 1 6 8 2 4 2 8 3 8 4 5 2 8 6 0 4 10 2 5 10 2 7 0 10 3 1 1 4 5 1 2 1 4 0 2 4 4 1 0 9 4 4 9 4 2 7 4 0 6 1 8 5 10 4 1 0 8 0 6 6 1 0 2 6 6 6 0 10 4 2 4 9 5 8 9 3 6 6 9 2 10 5 9 7 3 9 7 8 4 5 2 6 1 0 10 7 1 5 0 5
0 6 4 1 10 7 2 6 3 4 6 10 9 3 8 0 3 3 6 4 10 2 1 1 9 8 2 3 6 2 7 9 4 10 6 0 0 7 10 9 9 9 2 5 5 6 7 3 9 3 1 6 4 9 10 7 6 4 5 6 7 6 8 5 3 1 2 5 4 3 9 2 6 10 10 8 5 6 9 8 4 3 10 3 6 9 2 5 3 3 9 8 8 2 3 10 6 8 5 7 4 6 2 3 10 10 0 4 9 5 6 0 1 4 4 3 8 9 9 5 2 1 2 5 10 10 1 10 10 1 3 0 2 5 10 0 9 8 6 7 6 1 6 8 8 1 2 4 6 9
7 7 8 4 8 8 6 2 1 1 4 3 4 3 5 3 10 7 3 5 3 9 2 7 10 1 9 3 6 0 10 2 4 0 2 1 0 10 6 8 0 7 6 4 6 8 3 4 3 1 3 9 2 2 9 10 1 4 7 10 4 4 1 2 10 1 6 5 1 9 9 8 8 5 10 9 9 5 8 1 3 1 1 5 5 0 1 10 8 7 7 3 5 1 8 3 6 0 0 10 10 6 9 4 0 10 10 9 4 8 8 10 9 0 8 1 7 6 4 10 9 9 9 0 3 8 2 2 0 4 10 4 1 9 7 7 9 3 7 0 0 9 5 1 8 3 3 5 8 7
6 10 1 3 9 4 5 0 4 9 9 1 5 3 5 9 9 2 1 4 8 3 0 2 5 3 8 6 1 10 7 0 9 3 6 4 9 10 3 6 10 10 4 1 7 5 2 9 4 7 0 3 3 0 0 7 9 7 5 3 3 9 4 6 1 2 9 1 5 8 7 9 0 6 1 8 9 0 10 3 0 4 7 4 0 5 10 9 1 5 7 6 0 6 2 9 1 5 6 5 7 0 5 4 2 3 9 5 4 3 2 0 5 1 3 2 6 5 5 8 3 9 10 5 2 8 5 8 10 8 4 10 1 3 9 1 0 3 7 1 2 3 4 8 6 7 9 1 1 1
8 2 2 8 9 1 5 6 6 6 3 6 0 5 8 1 4 7 10 10 10 10 10 0 7 4 5 10 1 3 1 10 6 6 3 0 10 8 5 3 8 10 10 2 1 6 1 9 2 8 1 7 0 9 2 9 8 6 10 10 6 1 2 5 5 7 9 7 10 9 5 5 2 7 5 1 4 8 0 3 5 3 10 3 8 10 2 1 7 9 6 6 7 5 7 7 1 8 4 6 7 7 9 2 9 3 2 7 8 5 6 7 2 6 8 5 9 10 8 4 9 5 3 8 1 6 2 6 9 7 8 5 5 5 2 2 4 6 7 9 5 0 3 10 5 8 3 5 6 6
4 8 7 0 6 9 7 7 9 4 8 4 6 4 10 2 10 5 7 9 3 6 10 3 8 3 4 7 3 5 4 1 0 0 10 0 0 6 5 3 6 2 3 3 6 2 2 7 0 1 10 10 8 2 5 8 10 5 9 10 0 0 10 3 5 1 4 4 7 3 0 8 2 7 8 4 1 1 0 1 1 9 3 5 10 0 7 9 0 2 6 10 10 4 3 0 6 2 0 9 7 10 9 8 1 8 1 5 6 2 7 7 3 10 10 8 1 1 0 8 4 3 5 2 10 7 0 7 10 3 4 8 1 4 4 6 3 3 8 4 10 3 4 9 4 10 7 6 2 5
0 8 1 10 1 3 9 10 3 3 8 8 5 7 2 5 3 4 0 3 0 6 8 4 10 3 4 7 1 1 2 0 4 6 1 2 3 5 2 10 0 5 9 5 2 6 0 10 1 7 8 2 9 0 2 8 10 8 8 1 4 5 6 9 10 6 10 6 9 1 5 1 5 5 2 8 2 1 7 5 5 10 3 6 1 9 6 8 6 7 10 10 3 5 2 8 0 10 2 7 10 9 4 1 8 4 0 3 3 6 0 1 6 3 2 8 2 10 6 1 0 0 5 3 8 4 7 2 2 10 7 2 2 9 5 7 1 6 9 1 2 6 9 1 1 3 0 8 5 10
3 6 6 9 1 8 3 1 9 0 2 3 1 9 8 9 6 1 3 1 2 5 9 7 10 9 0 4 6 1 6 0 3 6 9 5 4 2 6 8 1 7 5 2 1 0 6 1 7 7 9 2 7 1 4 5 7 0 6 2 6 6 4 0 10 6 9 4 1 0 2 5 1 6 2 10 3 6 2 2 9 9 6 4 5 6 1 9 8 4 5 2 10 9 6 10 10 9 6 10 5 8 3 7 7 7 1 1 10 9 7 8 9 0 8 2 4 1 4 0 7 0 1 3 1 7 3 2 4 0 1 8 3 1 7 2 3 0 9 9 2 10 2 6 8 5 4 0 6 4
7 10 8 7 7 6 7 2 6 6 4 1 9 2 6 3 5 10 6 0 2 3 1 10 3 8 9 5 10 0 0 4 9 2 2 9 0 4 7 10 2 2 1 9 5 7 6 8 3 5 4 9 7 7 5 7 1 5 3 7 0 9 7 10 8 9 2 1 7 6 7 3 4 7 4 6 0 2 5 0 6 5 1 6 4 6 0 10 5 0 3 4 4 0 10 7 9 9 7 2 5 10 1 9 8 0 7 8 7 3 4 7 6 0 0 4 0 6 4 7 8 1 4 8 4 3 3 4 2 10 5 9 3 5 3 9 2 10 7 9 5 2 10 9 0 6 10 10 6 0
1 10 4 3 9 9 0 8 6 7 3 0 10 9 2 10 5 7 2 10 3 5 3 6 5 0 1 6 5 6 6 2 5 3 9 3 9 9 8 0 9 9 8 1 5 1 8 10 2 5 4 10 5 10 9 4 5 2 0 9 0 8 6 3 6 7 7 7 7 10 7 5 0 1 6 2 3 3 2 1 6 0 6 3 3 6 4 8 1 8 6 7 6 6 6 6 5 9 9 3 0 5 1 5 9 3 9 1 3 10 9 0 2 10 10 5 0 8 7 3 6 5 7 0 2 4 10 2 9 7 8 2 0 4 9 1 9 4 1 9 3 4 6 8 8 4 5 4 10 2
0 3 2 2 10 4 5 1 4 10 2 4 5 4 7 9 5 5 0 7 4 9 3 2 4 7 7 1 2 6 0 8 7 8 5 10 2 2 9 4 4 4 2 2 10 4 10 8 0 2 2 6 10 7 2 8 1 2 0 10 7 8 0 6 6 5 4 0 1 3 0 0 0 6 4 7 3 2 1 0 9 10 6 1 0 7 4 9 1 4 9 6 7 7 8 5 10 1 9 8 6 2 5 1 8 9 9 6 4 7 3 10 9 3 3 10 10 8 6 0 3 9 10 0 5 6 0 7 7 7 8 2 7 7 0 7 1 5 3 5 4 9 2 8 2 10 6 9 4 1
3 4 2 8 0 8 5 4 1 10 6 3 0 10 0 2 9 7 4 5 3 1 6 10 7 9 10 5 3 4 5 3 3 10 2 10 7 4 6 6 3 10 10 0 9 4 8 9 7 5 7 10 3 8 9 6 1 8 5 4 7 9 9 9 3 10 2 3 9 9 1 10 7 6 10 7 8 4 0 0 3 1 7 4 5 2 8 6 0 2 4 2 1 10 5 0 10 6 4 7 0 3 8 8 4 4 1 1 3 7 0 3 5 4 5 7 2 8 6 0 9 3 4 2 10 6 0 2 2 9 0 2 9 0 2 6 6 2 10 1 5 2 6 7 8 9 9 5 8 5
7 5 4 7 0 8 3 8 6 2 4 4 4 3 0 8 2 10 0 9 1 8 10 5 6 9 6 8 2 3 5 0 2 0 9 8 4 2 5 6 5 7 6 0 4 6 0 7 0 1 6 5 5 6 2 5 5 6 10 7 2 3 9 7 5 5 2 9 0 0 4 4 3 5 0 9 1 6 2 8 1 3 10 6 8 5 1 1 5 6 5 7 7 2 5 3 0 3 1 0 4 6 0 4 8 3 10 4 3 10 1 2 1 1 6 6 5 3 2 7 0 6 3 7 5 10 1 7 5 5 4 5 0 3 0 2 10 0 4 2 4 1 8 7 3 7 8 4 2 5
3 8 8 6 10 4 3 4 0 8 6 7 6 9 9 10 10 3 8 5 0 3 0 7 7 8 4 8 2 2 10 10 10 5 10 10 6 4 9 4 0 7 7 2 2 0 10 2 4 2 8 3 1 7 8 1 8 0 4 1 3 10 0 5 3 2 9 1 8 10 10 4 3 5 5 0 3 4 2 7 4 9 3 7 5 1 8 8 0 4 5 4 7 3 4 8 9 0 2 9 6 1 4 4 6 2 2 4 2 6 3 2 7 8 7 0 7 6 10 10 4 10 10 6 0 2 10 2 6 8 4 7 4 8 8 2 3 10 3 3 1 8 8 6 10 8 8 4 3 9
8 0 4 5 3 0 3 7 6 9 1 9 2 9 3 4 9 10 5 9 2 8 0 9 1 9 5 5 5 7 4 9 3 6 5 10 0 0 2 10 5 5 2 10 6 1 10 6 1 8 0 6 6 5 5 2 3 10 4 0 0 9 6 5 4 7 6 7 3 5 3 7 10 4 5 10 8 9 10 10 6 10 10 1 2 10 7 1 10 0 5 4 5 4 5 9 0 1 8 6 10 4 5 3 3 1 4 1 4 2 6 6 0 8 0 6 4 8 10 7 8 1 7 6 8 0 1 1 6 2 9 6 3 8 9 0 8 5 3 2 5 10 2 1 9 10 9 7 0 1
7 8 0 0 2 1 3 5 5 7 9 8 9 9 3 8 6 9 7 3 2 2 7 5 10 0 3 5 5 2 3 7 2 6 7 7 7 5 8 3 2 4 9 4 2 7 9 1 6 3 2 1 8 4 6 0 6 2 8 2 7 1 0 8 10 2 4 6 0 5 7 5 2 7 7 7 0 6 4 10 3 7 0 1 7 6 8 7 9 3 4 9 5 8 4 1 10 8 0 9 8 0 8 0 1 2 10 9 4 2 6 8 1 8 5 8 10 0 5 5 9 10 7 1 4 7 6 9 9 10 0 9 0 5 4 3 9 8 1 4 4 5 1 5 8 5 9 9 9 5
5 2 0 6 9 9 7 7 8 4 2 3 6 8 3 10 8 4 4 9 9 3 9 5 9 3 9 8 6 4 4 4 10 2 10 1 2 7 3 3 7 8 9 1 6 5 4 4 5 9 2 1 10 10 2 2 8 9 8 9 6 7 8 4 4 5 9 0 9 9 9 6 0 5 10 1 4 7 6 3 5 7 8 1 0 8 6 8 8 1 3 4 8 2 4 7 5 4 3 1 7 1 10 6 7 7 8 5 3 9 1 5 7 8 6 4 9 2 1 8 3 2 4 10 1 6 10 8 10 2 9 10 3 6 3 7 10 6 0 5 7 7 0 2 2 3 8 10 3 5
9 4 10 6 8 3 5 0 4 5 0 6 7 7 9 5 2 3 0 4 0 0 6 8 6 7 1 7 9 3 10 2 2 1 10 3 8 8 10 1 10 5 1 10 6 4 7 8 0 1 2 10 7 1 2 10 7 9 7 10 2 4 9 10 4 1 2 6 2 10 6 1 0 2 2 4 9 1 6 9 0 1 3 0 2 6 8 4 10 8 5 0 2 6 3 6 6 0 5 1 7 2 9 2 10 4 7 6 1 6 10 7 7 4 7 6 6 8 10 1 6 3 9 2 7 8 9 6 2 8 2 0 6 10 9 2 1 3 4 3 6 1 2 9 5 5 6 0 7 1
10 7 4 3 0 7 2 7 0 8 3 7 7 4 2 4 10 10 5 2 6 9 3 7 2 7 1 3 7 7 6 0 4 5 0 5 4 6 5 5 3 3 5 10 9 5 5 7 5 9 6 10 8 1 9 5 0 4 6 5 5 4 3 1 9 8 6 1 5 9 9 5 4 2 6 2 6 9 5 2 2 2 0 2 8 4 6 1 3 9 7 2 0 1 9 4 10 0 2 2 6 9 9 1 5 2 8 0 8 10 6 8 4 1 9 8 3 2 8 4 2 2 8 5 2 6 6 5 0 0 9 2 2 8 1 1 7 0 3 6 8 2 3 9 7 1 4 1 4 4
6 2 2 2 6 10 4 9 8 1 2 6 4 7 10 9 8 9 7 10 4 5 10 1 7 8 7 9 1 4 6 6 3 5 2 3 9 6 5 2 9 6 9 2 5 9 4 8 10 0 7 6 8 7 3 7 0 2 6 1 6 8 6 3 1 7 2 2 10 0 1 1 4 1 8 3 0 8 6 4 7 6 10 10 3 0 2 1 5 5 10 5 5 2 3 2 3 3 2 10 5 1 4 5 8 0 2 5 7 6 1 5 8 2 1 6 6 10 4 10 10 3 9 9 2 10 7 7 5 2 2 4 8 0 2 9 8 5 7 6 8 5 5 9 2 6 3 5 6 6
0 0 4 6 4 1 6 10 8 3 6 7 2 4 9 2 0 0 2 5 2 0 2 6 5 2 7 7 9 7 8 5 0 3 9 5 0 6 6 5 7 3 10 7 10 7 0 6 1 1 1 1 1 2 5 10 1 7 8 2 3 2 4 1 5 0 7 2 6 8 6 1 3 4 9 4 9 7 7 6 7 0 2 2 7 3 7 4 6 4 10 9 3 3 3 1 1 4 9 2 9 3 4 8 5 9 1 6 5 1 3 0 0 2 10 4 1 8 7 10 2 7 5 9 3 9 9 3 10 1 7 2 10 4 10 0 6 10 4 9 10 3 1 7 2 2 4 1 6 6
2 2 4 10 5 7 10 3 7 0 6 1 9 7 1 5 4 6 3 5 9 4 2 4 9 0 9 1 2 8 6 8 10 1 2 8 9 2 5 10 3 8 4 5 9 10 3 6 5 2 10 0 5 7 3 6 2 0 4 8 9 0 6 1 9 6 8 3 9 2 5 8 4 0 10 5 4 5 9 1 10 3 1 2 8 6 1 0 6 10 8 3 6 3 5 2 7 2 3 4 3 5 2 0 0 0 0 8 7 6 6 5 1 4 2 3 3 6 1 1 3 5 10 3 4 10 10 9 0 3 6 0 10 4 7 6 5 8 5 2 6 8 1 5 5 9 0 1 6 10
6 3 4 10 4 8 3 0 6 6 8 0 3 7 5 2 8 6 1 3 9 10 5 7 9 5 6 4 0 3 10 7 0 10 4 2 3 10 10 3 8 2 4 6 4 5 5 3 9 10 5 5 0 9 7 0 3 3 7 7 8 4 8 0 7 3 8 3 2 0 6 7 8 2 0 5 9 2 0 4 7 2 1 9 3 8 4 9 4 8 5 0 3 8 2 0 0 0 8 10 7 10 10 1 3 8 1 2 5 2 3 0 6 2 4 2 2 8 3 8 5 4 1 4 10 2 9 10 2 2 4 7 5 0 9 4 5 2 0 1 6 2 9 4 8 9 1 0 5 7
4 4 8 7 2 0 7 6 10 1 0 5 10 4 9 10 1 1 8 7 4 9 4 6 10 6 9 0 6 5 6 7 7 8 4 8 6 4 8 3 4 0 5 3 8 7 8 8 0 6 8 4 2 6 10 9 5 3 0 3 10 6 9 6 8 5 5 1 6 6 1 6 5 8 9 2 3 2 8 10 10 1 4 9 7 9 1 5 9 1 9 6 7 5 10 1 4 1 7 7 7 3 1 6 6 5 7 2 2 0 6 4 10 0 0 3 7 8 5 7 4 6 2 0 1 0 5 0 7 4 2 10 1 5 10 7 8 1 2 7 1 8 9 3 2 6 0 6 8 10
6 3 3 5 10 5 4 6 3 6 9 0 6 10 4 7 10 4 10 4 4 8 0 7 8 5 5 10 2 7 9 8 9 3 9 4 6 1 9 10 1 1 8 3 1 7 4 0 5 8 3 0 4 6 8 4 5 1 5 4 4 2 3 4 0 2 8 10 4 10 5 9 1 10 0 6 9 5 5 7 7 4 0 9 10 6 5 10 5 7 10 1 6 2 0 0 10 6 2 3 10 0 0 5 7 5 8 9 0 10 4 1 6 8 5 5 2 0 2 9 7 2 2 9 6 8 4 0 3 2 10 10 6 5 0 6 7 9 10 6 10 7 7 1 6 0 0 1 9 5
3 1 2 0 8 7 1 0 9 4 7 1 8 2 5 2 2 2 1 0 1 8 7 4 9 6 3 1 9 7 10 5 10 3 2 5 4 2 4 8 5 2 10 6 9 7 7 3 3 3 2 5 9 0 5 10 8 8 8 4 6 5 6 0 5 1 2 8 6 4 9 4 6 1 2 2 4 5 10 7 6 8 0 4 3 3 4 6 8 6 1 5 10 9 2 9 3 1 8 0 3 8 7 1 9 6 0 8 1 2 5 10 10 2 7 7 8 2 10 4 10 5 2 5 8 10 9 4 4 2 3 3 10 10 10 4 9 5 1 2 10 9 3 7 4 5 3 4 1 7
7 8 1 7 0 1 6 5 4 10 5 1 3 4 7 8 0 4 9 8 0 3 9 4 6 4 4 2 1 8 2 0 6 2 0 3 9 10 3 1 6 1 0 4 4 0 7 1 0 0 6 4 6 10 0 3 7 9 0 1 2 3 7 2 2 5 10 4 10 0 0 1 8 6 9 7 3 0 4 1 5 9 8 3 7 5 0 1 6 2 0 4 7 7 4 2 6 9 4 7 0 0 2 2 1 0 8 10 7 10 9 7 10 9 6 8 2 7 9 6 4 5 0 6 8 1 4 3 6 5 3 0 8 0 7 1 9 8 4 2 6 5 8 3 10 2 10 0 5 2
6 1 5 7 7 6 10 1 7 2 2 2 8 2 3 3 5 2 0 9 2 4 3 3 6 6 2 8 6 4 4 10 3 6 6 10 7 4 0 9 10 4 8 1 8 1 8 4 1 7 0 7 8 4 3 4 6 1 3 4 10 1 1 10 9 0 0 4 7 5 5 6 4 6 5 9 3 0 8 9 1 0 3 5 6 2 7 3 2 4 0 10 6 3 0 0 3 6 8 6 8 8 10 3 1 8 1 0 9 1 0 0 10 0 9 4 1 6 7 10 6 7 7 10 8 5 0 9 4 9 7 0 7 1 8 5 0 0 5 7 9 6 9 8 5 2 2 6 7 1
10 6 0 9 8 1 10 0 3 9 8 1 10 0 8 5 6 5 7 1 3 1 7 7 7 3 7 7 6 2 9 1 5 1 7 0 10 4 2 10 3 8 1 9 9 8 4 6 6 0 1 4 1 4 8 0 4 9 9 4 5 4 8 4 4 1 7 2 4 5 3 7 3 6 9 8 7 0 7 8 9 1 6 3 7 5 3 7 2 4 9 5 4 4 2 6 4 8 5 3 1 6 0 5 5 9 3 10 4 9 5 10 2 1 2 5 9 8 0 2 2 6 0 7 0 6 6 0 7 4 1 6 8 2 5 1 5 3 0 8 7 3 1 1 9 8 5 4 8 0
0 2 7 5 0 5 0 7 6 0 6 0 1 4 8 8 10 5 7 0 1 9 6 1 2 3 6 9 10 9 6 7 5 7 6 2 6 9 7 0 2 8 9 6 10 2 0 3 3 5 8 6 4 4 8 5 9 5 0 8 8 0 10 7 6 0 6 5 7 8 7 6 3 1 1 5 6 8 7 4 2 4 10 10 10 1 4 0 0 5 9 1 10 3 5 0 5 6 2 9 8 8 8 5 10 5 0 5 0 3 7 3 5 3 5 2 7 5 6 3 1 3 6 6 1 5 4 5 5 10 0 2 10 6 6 9 8 3 5 1 0 8 9 10 4 5 10 6 1 10
3 6 6 3 6 5 3 7 9 6 6 10 6 7 7 3 0 5 0 8 9 2 6 10 4 8 5 10 4 1 5 10 6 2 0 10 7 2 8 4 5 5 5 0 10 9 10 1 7 7 7 3 5 10 8 10 7 1 6 1 5 10 7 7 7 2 4 6 9 5 8 5 3 6 8 4 4 9 3 4 1 2 4 3 5 4 9 1 4 4 2 0 6 0 3 0 6 0 1 3 8 3 9 9 2 4 3 3 0 4 9 0 0 6 9 2 9 10 0 2 1 0 3 10 1 5 1 0 4 0 4 5 7 5 9 6 9 2 8 6 3 7 8 6 5 5 2 4 5 0
6 6 0 10 5 4 2 3 10 7 10 4 5 10 8 2 10 8 3 1 3 4 4 8 2 3 3 10 5 3 3 7 9 5 10 4 3 6 1 0 9 10 8 1 1 0 0 8 6 4 10 8 1 9 1 1 3 3 4 8 4 0 4 5 8 9 7 6 6 4 1 6 8 6 1 8 3 10 0 4 1 7 3 3 4 1 6 7 5 3 7 6 0 0 4 3 3 5 10 5 3 6 0 7 4 0 9 9 3 7 1 0 10 6 7 7 8 9 1 7 8 4 6 5 5 4 3 9 1 1 10 4 3 6 6 6 5 4 5 3 5 8 8 0 0 8 3 7 0 9
4 5 0 4 3 0 2 5 3 7 9 7 4 2 8 3 8 3 8 0 3 2 10 0 10 8 4 6 4 10 7 6 8 1 5 9 7 6 1 8 6 10 8 7 10 7 2 10 4 10 6 9 5 9 4 9 7 8 0 9 5 5 6 6 2 1 5 10 4 9 10 9 2 7 1 10 3 7 8 10 9 1 8 7 0 9 2 9 4 6 9 9 8 4 3 8 1 10 4 1 1 3 6 5 5 3 2 7 9 0 5 5 6 7 4 2 9 1 10 3 4 3 8 8 3 8 2 5 6 5 4 5 4 7 5 2 2 1 10 0 0 6 1 2 1 1 1 4 0 1
8 3 6 0 3 9 6 10 4 10 10 7 6 6 4 7 3 4 3 6 3 6 8 4 6 0 1 9 0 2 6 0 9 9 10 5 7 6 5 3 8 7 5 3 3 10 6 2 8 0 8 1 1 7 7 6 4 1 7 2 10 9 1 9 3 6 1 6 0 7 8 7 5 1 8 3 10 7 5 6 2 3 6 4 7 8 2 4 7 9 3 3 6 2 2 6 5 1 0 7 9 1 10 1 4 10 5 9 4 9 5 0 10 4 10 1 3 8 1 0 3 3 4 0 10 6 1 5 4 0 9 5 10 3 0 8 1 10 2 0 3 4 3 8 3 5 8 9 5 2
6 2 3 10 10 4 10 4 10 8 4 6 2 6 0 10 0 6 7 9 8 0 4 10 7 6 6 6 3 1 2 1 0 6 4 5 6 1 9 0 4 0 0 1 3 1 4 2 1 4 8 10 8 5 3 3 9 3 5 5 8 10 4 8 2 10 7 0 4 7 9 2 9 4 3 9 8 9 7 6 10 5 3 5 5 1 4 8 8 1 10 0 3 6 5 2 0 9 2 1 7 1 8 3 2 4 6 2 5 4 10 10 9 7 6 8 6 6 1 3 9 10 5 5 10 4 10 3 9 8 2 1 1 1 3 8 0 0 9 2 4 10 1 9 6 5 10 10 10 3
1 7 3 3 9 0 2 0 3 3 3 8 7 10 6 7 8 5 1 5 6 8 7 0 7 6 10 3 2 1 8 8 2 8 10 9 10 8 6 8 0 1 10 4 5 6 5 2 9 3 8 3 7 3 1 7 7 6 1 2 7 1 5 0 1 1 0 2 9 10 7 5 10 5 10 2 2 1 2 9 7 0 1 8 8 3 8 0 5 2 4 6 6 7 10 8 10 0 1 8 2 9 4 1 4 7 3 4 4 6 2 5 2 5 3 0 3 0 5 10 7 2 2 9 3 1 1 9 5 1 7 8 9 7 9 1 0 6 4 1 8 0 10 8 8 6 6 1 1 3
7 3 7 7 8 5 3 9 2 8 4 10 2 9 9 5 7 8 6 4 1 9 9 10 8 0 2 6 4 1 0 0 9 5 0 6 1 5 0 0 8 0 7 10 4 0 10 2 5 1 1 2 4 3 9 8 4 7 9 9 7 8 1 0 6 5 9 0 5 9 6 7 2 9 6 6 4 6 2 4 8 3 0 6 8 1 7 6 2 7 5 0 9 4 1 7 8 8 0 2 9 7 9 3 7 10 3 9 3 0 7 5 6 8 5 1 6 7 0 5 8 10 4 10 10 8 6 4 10 8 8 8 0 2 1 4 3 1 8 8 5 2 9 6 6 6 1 9 9 6
2 6 4 4 8 4 3 7 5 3 4 7 8 5 7 2 4 10 4 6 2 4 7 1 10 7 6 5 2 9 2 0 6 4 4 0 9 3 7 6 1 0 2 5 7 8 10 6 4 0 4 10 7 5 7 7 9 1 8 10 2 5 7 1 5 7 8 5 5 5 0 4 3 4 3 9 8 10 10 8 5 0 2 4 1 9 1 2 7 1 8 10 6 8 7 0 0 0 7 10 7 3 5 1 2 6 3 6 2 0 10 6 5 7 6 6 5 1 8 9 5 2 2 2 2 4 6 0 8 7 5 2 4 1 0 4 9 8 6 9 4 10 9 6 3 4 5 4 9 2
6 6 5 0 0 5 10 1 3 4 9 1 10 3 10 9 9 9 2 9 4 7 7 8 1 3 2 9 6 6 9 10 10 8 9 2 5 5 3 9 7 10 6 0 6 6 8 2 2 1 4 10 8 7 5 1 8 6 5 8 7 0 1 7 8 3 3 5 10 9 6 1 7 10 4 2 2 7 2 0 8 1 6 5 5 10 2 9 3 4 4 5 3 4 3 8 5 4 4 10 1 2 2 5 1 4 1 4 0 9 7 9 3 10 3 3 3 7 7 5 10 7 1 0 0 6 7 5 3 1 5 10 2 3 6 6 7 6 5 4 10 1 3 3 3 8 6 1 3 8
1 9 9 4 5 3 2 7 6 0 0 8 5 8 3 0 8 2 6 5 3 10 9 8 7 10 2 7 7 7 7 9 3 7 1 3 2 4 1 2 3 0 8 0 2 2 2 7 2 2 2 5 2 7 4 10 3 1 3 3 6 7 4 10 1 5 5 2 3 4 3 9 4 9 4 9 0 8 10 0 2 0 3 6 2 4 1 7 8 1 10 0 2 4 5 1 5 9 4 1 3 8 0 8 2 7 10 9 6 6 8 1 9 3 2 2 2 7 6 4 9 4 5 0 5 1 8 2 1 4 0 10 7 0 7 8 9 8 10 8 9 10 10 4 7 5 3 6 0 2
6 1 6 4 4 4 7 6 0 7 9 2 8 2 9 3 7 4 3 6 9 6 8 2 9 0 2 10 9 6 1 2 1 3 4 6 6 1 9 6 8 6 6 10 1 2 10 6 7 6 1 7 6 7 3 10 9 8 4 4 2 5 3 1 2 4 1 7 7 3 1 3 8 10 0 7 8 3 7 2 8 0 9 6 8 0 1 10 10 1 8 8 3 7 3 0 5 3 8 7 7 8 2 6 3 0 7 10 5 7 10 4 4 4 4 3 9 4 9 4 9 5 5 9 6 10 5 5 0 10 1 9 3 10 10 5 7 4 6 7 1 9 0 7 5 8 9 7 8 9
9 7 3 4 5 5 6 7 8 9 2 4 3 7 9 2 10 6 10 6 8 9 1 9 0 9 2 3 6 9 4 8 3 5 0 1 5 4 4 7 7 4 0 4 9 10 7 1 9 5 7 3 9 10 9 9 3 3 8 1 3 2 8 2 4 3 10 10 4 10 5 7 3 9 2 3 2 5 7 0 9 0 3 7 1 3 8 8 10 4 3 10 2 7 8 10 8 9 0 8 9 8 10 10 5 10 0 1 0 10 3 9 5 2 8 5 8 10 8 2 5 5 1 10 6 6 7 0 10 9 9 0 4 8 8 7 10 4 10 4 0 7 9 0 7 6 0 3 9 6
6 6 0 10 6 5 3 1 10 0 8 6 4 5 6 7 4 8 10 8 3 7 0 8 6 0 5 5 10 3 4 2 2 9 8 8 9 5 0 10 5 5 9 3 2 1 6 9 10 9 9 6 1 5 4 2 1 10 8 6 4 7 6 8 3 10 3 6 8 5 8 5 6 2 1 8 0 9 9 3 6 1 9 3 8 8 10 3 2 6 9 6 6 5 5 9 1 5 6 9 9 9 8 9 8 6 9 7 4 2 5 0 5 9 9 6 10 8 5 4 5 10 10 0 2 5 1 2 6 6 4 5 1 0 0 1 10 2 4 3 3 9 8 4 3 10 1 1 4 0
2 0 10 6 10 10 5 8 9 4 2 6 2 4 2 0 5 9 3 10 1 8 3 1 6 1 0 0 1 3 2 9 7 7 8 2 2 10 4 9 3 0 1 7 6 1 10 9 6 3 0 1 10 4 8 2 7 6 1 10 6 1 4 10 3 6 9 9 0 7 2 6 3 8 2 7 6 8 1 4 9 10 8 9 1 2 0 10 8 9 8 5 8 5 2 9 6 5 8 2 7 8 7 0 3 2 10 4 3 3 7 8 7 6 10 4 7 6 6 3 7 9 7 1 0 5 4 2 10 10 6 5 9 7 5 9 2 4 9 3 0 3 10 7 1 10 5 7 2 5
6 9 0 8 9 6 2 2 5 8 2 5 10 2 0 1 8 9 0 9 4 0 9 4 8 4 0 7 1 7 0 5 7 2 9 3 4 5 4 10 7 7 2 3 8 9 9 2 8 1 1 3 4 8 1 7 2 10 10 1 10 10 8 7 4 5 8 0 8 0 0 2 4 7 5 10 7 10 8 5 7 7 3 5 10 7 10 7 9 8 5 7 3 8 3 6 10 0 1 7 0 5 6 4 4 2 6 3 5 6 9 9 9 10 0 7 0 1 8 5 6 9 6 10 1 7 3 4 5 10 2 7 7 4 3 7 8 9 10 6 7 9 6 2 3 9 0 3 7 1
1 4 3 2 2 3 2 9 2 8 4 0 10 2 3 10 5 9 4 7 9 9 9 2 7 3 7 1 7 1 0 2 7 1 7 4 10 2 8 0 3 3 3 1 1 5 5 3 7 4 2 10 2 7 1 8 5 0 0 2 4 2 3 5 2 2 4 7 5 7 5 6 0 3 3 3 4 3 9 10 9 10 4 6 8 7 0 7 4 1 2 3 10 10 2 7 10 5 2 1 1 5 5 2 4 3 8 2 6 9 5 2 1 1 2 0 2 3 7 6 9 0 0 5 3 8 8 7 5 9 3 9 7 3 10 7 9 4 7 10 7 2 2 2 3 2 2 9 2 3
2 2 8 0 1 1 0 10 5 7 6 4 2 4 1 1 7 3 9 0 1 10 8 3 10 9 4 2 5 10 0 0 10 3 7 8 0 4 3 0 9 7 7 4 9 1 0 8 2 9 9 4 7 10 2 1 0 6 0 0 0 3 3 5 8 9 6 10 0 5 6 5 2 3 9 1 5 4 3 9 0 8 9 2 2 9 0 8 2 5 6 7 9 8 3 4 3 8 6 1 3 9 9 3 9 4 10 1 0 10 8 4 0 6 1 9 0 0 10 10 0 6 6 1 8 7 4 6 0 3 9 9 2 9 0 10 10 0 1 2 6 9 10 5 7 4 1 9 0 8
2 0 4 9 8 6 1 6 9 2 2 9 2 10 4 4 1 9 3 7 7 1 5 10 5 8 2 9 7 4 3 3 6 1 1 1 4 0 8 2 0 10 7 6 8 1 5 6 8 6 9 9 7 3 4 9 8 1 9 3 7 2 4 2 3 1 5 1 9 6 1 7 7 5 9 9 4 2 0 6 4 2 4 5 10 3 5 9 10 2 3 10 6 8 4 2 4 4 0 10 4 4 10 9 7 3 6 5 5 9 3 4 6 10 6 9 6 0 7 7 9 6 7 8 6 4 0 2 6 7 3 7 3 2 9 3 8 0 6 6 7 9 3 4 5 7 6 3 4 1
5 3 6 3 9 6 0 10 9 7 9 8 4 9 4 1 5 6 5 3 2 10 0 1 0 8 7 5 4 1 1 10 8 3 2 9 8 5 2 1 3 5 3 1 10 10 1 8 3 6 9 6 1 4 9 4 3 1 6 7 4 7 2 5 2 10 3 3 8 7 1 10 10 2 1 10 1 4 6 0 1 10 6 2 0 3 9 3 4 2 8 1 4 1 7 7 7 8 3 8 3 10 2 7 2 3 9 1 4 0 9 2 8 5 5 0 7 8 1 10 2 3 6 7 8 10 5 0 0 4 4 10 6 5 3 7 0 10 10 2 4 5 10 4 3 10 10 8 1 0
6 1 7 1 1 2 3 3 5 6 1 4 5 4 3 10 8 7 8 3 1 2 5 2 0 6 0 3 4 2 4 2 3 9 3 0 1 5 8 2 2 0 2 2 4 4 2 0 0 7 4 3 1 2 0 1 2 8 9 1 2 7 3 5 1 8 0 6 1 10 9 2 7 0 0 9 1 3 8 4 10 9 4 0 4 2 3 7 9 7 2 6 8 10 4 0 3 5 10 8 4 4 10 5 7 8 6 3 10 1 4 1 4 8 8 6 9 9 4 6 9 2 1 6 6 5 4 10 6 7 1 1 7 10 2 0 8 8 10 8 10 8 4 9 2 7 8 9 4 2
3 7 9 6 6 9 6 7 0 2 7 10 5 1 5 1 4 3 2 8 8 9 3 9 0 4 6 10 3 10 7 5 6 7 9 8 8 1 4 3 2 7 4 0 3 1 1 3 2 3 0 4 3 8 0 3 5 8 5 3 10 3 5 4 8 0 7 2 4 4 7 0 1 0 5 5 4 3 4 9 10 7 9 8 0 0 3 10 5 2 4 10 5 0 4 5 2 8 2 4 0 0 7 8 2 0 0 8 4 7 5 6 3 9 7 2 6 5 8 1 9 1 9 2 2 1 10 10 9 3 0 10 1 1 7 3 10 8 0 6 1 3 0 8 6 6 6 4 2 2
5 10 3 6 10 10 5 9 5 7 6 7 9 9 7 6 7 7 4 5 9 2 7 5 0 8 5 9 0 3 0 8 6 5 6 3 9 4 7 7 5 6 2 10 7 8 7 7 3 9 0 0 9 0 7 7 0 4 1 6 1 0 2 2 8 0 6 4 7 4 9 9 10 9 1 1 2 9 4 7 9 4 5 1 1 9 10 5 1 1 1 6 4 3 9 3 9 7 1 3 1 3 7 5 8 5 3 7 3 6 6 3 5 0 2 2 9 3 10 10 1 0 3 2 9 8 3 1 8 6 4 7 6 4 9 5 2 8 3 7 10 5 6 10 1 0 7 8 1 3
6 9 3 6 5 7 4 10 9 0 4 3 10 8 10 5 8 5 8 7 3 9 9 9 1 9 0 4 8 6 3 5 1 5 5 9 8 0 10 8 7 7 9 9 6 5 3 8 4 3 2 8 4 3 2 3 10 10 6 4 6 10 8 6 1 10 5 9 3 2 6 2 6 6 8 8 10 0 8 1 10 5 0 10 8 3 9 9 7 3 1 9 9 2 1 6 9 10 6 7 4 2 3 7 7 5 10 10 10 7 0 1 5 7 10 8 9 6 7 10 4 4 0 7 1 10 6 4 9 7 5 8 0 1 7 2 2 7 7 1 1 7 9 5 10 5 8 10 7 10
1 9 5 2 9 1 5 9 7 2 10 2 3 5 10 1 3 2 4 1 10 9 0 6 6 9 0 9 10 8 4 6 4 1 9 3 0 1 7 5 10 5 0 1 1 10 4 9 1 9 6 3 7 10 10 0 7 7 9 5 2 3 8 10 8 6 1 5 8 0 8 4 0 7 0 1 7 3 8 1 0 0 6 7 0 2 1 6 6 0 10 5 6 3 1 0 4 8 7 1 0 4 3 1 4 2 8 2 0 9 5 6 2 4 2 4 0 1 7 8 1 9 2 4 3 1 3 3 1 9 5 7 5 0 10 3 7 9 7 9 2 6 8 1 4 0 8 9 3 5
7 5 4 8 6 0 0 3 1 3 8 8 0 10 4 4 5 5 7 0 0 0 3 1 0 3 10 3 9 7 5 3 9 6 6 8 9 5 4 9 8 0 3 9 6 2 1 5 3 2 5 10 2 7 4 3 0 9 7 5 6 10 9 8 8 0 2 0 2 5 2 10 10 7 2 9 8 8 10 7 1 1 2 9 1 7 8 8 3 9 4 8 4 6 2 2 7 10 5 5 6 2 7 6 9 3 10 6 3 9 8 4 9 4 6 0 7 3 8 2 8 6 8 2 2 5 4 0 8 3 9 5 2 10 8 3 1 3 3 5 6 10 10 1 5 3 3 10 7 0
8 7 8 10 4 2 0 0 0 5 2 6 7 10 10 9 10 9 5 5 8 9 1 0 8 7 4 1 3 7 3 9 1 0 4 5 7 5 2 10 3 8 5 0 10 1 7 7 5 4 2 5 8 8 6 5 0 3 3 3 5 10 6 7 9 0 8 0 2 10 10 0 7 0 0 2 1 10 8 10 4 9 6 7 10 8 9 1 10 5 0 7 1 8 7 6 5 10 0 6 2 3 7 7 3 8 6 3 2 10 7 3 5 2 8 4 9 2 7 2 2 9 4 4 9 9 1 3 6 2 10 7 4 2 0 1 10 9 7 8 10 10 9 2 9 4 2 7 7 7
4 8 10 5 3 6 5 9 10 8 10 7 7 3 8 0 6 7 4 5 7 1 10 1 8 0 0 6 6 6 6 3 10 4 2 7 10 5 8 0 0 4 4 5 6 10 8 2 5 9 9 2 8 6 0 7 9 6 10 3 7 8 8 4 3 9 1 9 0 10 9 6 0 6 7 1 6 6 10 3 0 4 9 1 7 1 2 7 8 0 4 10 4 0 7 6 6 9 1 8 9 1 5 0 8 5 1 2 8 7 2 6 6 3 9 6 10 1 7 6 1 9 6 10 2 7 0 6 6 1 1 10 1 5 7 5 0 8 10 2 7 9 5 1 6 5 1 10 4 3
6 3 1 10 7 10 5 10 2 8 7 1 4 6 8 9 10 9 2 1 6 10 1 5 10 5 4 9 0 6 5 6 10 0 3 7 1 6 8 3 7 9 1 4 1 0 1 0 6 10 4 9 4 2 10 1 3 3 1 9 6 9 10 9 7 6 5 5 1 2 8 7 9 5 8 0 2 3 7 8 4 7 1 9 1 1 6 8 8 1 10 3 1 5 1 2 1 6 9 1 9 1 2 9 1 8 4 7 6 9 5 1 0 1 2 2 0 5 10 5 7 1 1 2 2 7 8 2 2 4 0 9 6 10 2 7 5 5 1 1 4 2 6 5 7 4 2 7 8 7
10 8 5 4 3 8 4 4 2 3 9 2 2 5 4 4 9 2 10 3 6 0 9 9 6 7 1 1 6 2 9 10 5 8 6 4 9 2 5 5 8 4 3 6 1 9 0 7 5 10 6 3 7 10 10 5 7 8 3 9 10 10 1 2 0 8 10 6 4 3 4 1 2 7 0 10 2 0 9 9 4 7 8 0 4 1 1 6 8 4 1 0 0 8 9 10 5 10 7 8 5 3 0 7 5 7 5 6 4 7 0 4 10 10 3 7 9 0 7 6 5 7 1 3 7 8 5 5 6 0 7 3 6 6 2 8 6 2 4 10 10 0 10 3 0 4 2 2 4 0
1 3 4 7 7 1 7 3 0 7 8 1 10 10 5 7 0 0 0 6 9 5 9 2 10 9 1 3 3 6 2 1 2 4 10 6 3 9 4 9 3 9 1 4 8 6 10 5 10 1 2 3 9 3 6 7 1 8 1 9 8 7 7 2 0 2 4 8 5 7 8 0 2 10 0 10 6 0 2 6 10 1 9 1 4 10 9 9 5 7 6 9 9 8 3 3 10 2 5 0 1 6 2 4 2 1 2 6 8 0 2 1 3 2 2 8 2 0 4 4 6 1 7 9 2 0 1 6 4 0 5 9 9 9 7 7 5 10 9 3 3 1 10 3 6 4 8 1 8 9
0 41 23 35 50 94 10 65 1 46 43 9 46 88 83 60 60 82 38 75 64 68 27 36 43 4 88 4 6 15 18 95 79 59 97 42 100 67 21 76 80 96 68 36 79 92 61 73 91 3 24 20 27 52 100 48 67 3 16 91 96 97 17 43 24 47 43 98 41 20 56 69 91 17 28 70 15 69 49 34 56 83 39 41 6 1 58 56 47 58 70 36 62 45 48 54 24 94 35 16 98 18 78 53 81 14 70 26 99 28 51 44 57 65 65 70 34 94 28 71 48 37 85 19 72 36 69 80 27 43 90 1 62 14 12 67 66 30 7 45 75 32 37 44 82 33 40 73 83 18 74
41 0 62 49 35 10 19 100 38 19 25 45 67 74 72 50 79 11 39 2 80 28 49 6 19 18 18 94 11 69 95 72 57 92 29 53 25 78 23 65 47 28 92 74 49 12 65 36 62 87 87 88 35 46 83 29 44 69 43 74 16 3 52 61 22 15 26 3 71 3 5 5 20 65 97 75 71 58 98 91 20 5 18 48 7 20 53 20 30 19 52 29 52 89 70 83 45 62 50 75 60 17 11 44 61 3 30 60 64 99 30 86 46 29 44 31 68 62 15 100 95 76 83 45 55 30 74 99 97 42 62 83 73 74 66 100 15 62 22 7 7 23 86 79 80 63 88 27 94 90 1
23 62 0 19 37 1 52 97 21 46 32 45 96 71 26 50 89 51 54 56 100 22 23 26 5 27 5 32 32 100 1 42 44 82 52 95 55 69 14 86 15 95 94 88 65 69 47 45 51 4 84 73 37 86 77 98 30 36 35 84 52 39 33 53 94 44 35 38 1 82 84 96 93 44 91 69 77 73 85 100 96 40 28 53 89 62 60 85 18 71 99 79 82 14 94 89 34 85 27 77 23 30 55 7 20 39 97 32 71 70 35 21 77 17 62 35 86 50 100 14 87 25 89 19 37 62 16 33 22 53 67 94 72 99 63 78 11 31 25 34 74 18 12 47 10 37 57 21 3 86 95
35 49 19 0 100 88 96 94 28 32 45 11 34 35 95 20 75 39 78 25 12 40 39 86 22 94 99 87 52 26 57 29 42 4 11 53 17 37 86 5 34 23 46 92 69 45 66 81 90 4 64 25 13 26 68 97 81 89 91 74 25 26 7 44 27 89 77 60 83 28 49 1 21 35 48 71 4 33 44 73 82 65 89 22 78 32 94 39 67 76 49 68 75 19 39 89 79 92 82 25 10 99 71 14 77 17 80 84 24 56 89 70 7 81 74 84 66 41 80 12 30 9 50 70 83 17 74 46 29 15 13 21 41 30 21 57 80 72 47 70 76 61 24 2 33 79 83 66 8 69 67
50 35 37 100 0 62 52 86 66 59 59 80 3 9 23 20 21 32 54 76 3 93 45 78 36 74 4 64 28 71 2 58 72 32 87 21 62 35 38 32 55 47 57 83 97 76 84 44 31 39 18 49 1 79 76 100 1 93 49 1 48 90 15 43 35 9 5 32 66 23 48 69 20 35 38 36 96 41 34 86 48 24 35 87 14 45 30 100 17 2 45 77 62 3 32 71 36 47 40 91 71 1 39 87 43 87 54 100 94 50 82 76 84 17 95 68 92 25 60 63 92 16 86 74 53 37 1 67 80 3 55 33 11 29 18 9 51 25 68 72 2 73 34 53 61 80 92 100 19 23 57
94 10 1 88 62 0 45 94 71 3 50 23 55 9 11 68 70 99 19 34 15 48 1 52 61 89 33 93 76 64 84 28 41 53 81 13 47 35 33 60 65 84 93 78 58 68 33 67 38 16 2 97 61 16 23 63 72 84 79 90 30 4 35 43 42 3 53 5 74 66 75 42 29 19 7 51 19 37 30 69 69 43 26 80 49 32 30 63 65 45 36 17 24 69 22 69 3 35 43 11 17 67 68 58 51 24 87 89 86 30 64 34 89 78 6 59 82 95 35 98 37 36 74 21 76 11 12 17 29 82 62 7 43 49 75 1 44 43 68 2 95 87 70 59 28 100 48 16 27 8 89
10 19 52 96 52 45 0 78 43 82 11 97 15 62 91 97 44 75 43 99 19 68 41 21 26 31 32 22 47 82 77 88 84 30 100 40 55 92 53 46 25 45 84 23 21 72 1 32 48 88 17 27 79 89 76 66 35 99 64 82 53 25 22 94 50 89 63 66 90 65 49 27 10 29 77 70 66 18 44 44 79 38 52 71 29 24 53 19 81 18 98 89 47 85 19 79 74 62 17 62 44 56 94 3 79 72 60 52 55 42 81 46 74 66 7 59 59 21 95 82 70 25 63 48 66 95 46 60 87 76 66 66 25 24 19 44 12 40 17 98 46 8 36 18 39 89 99 86 69 43 94
65 100 97 94 86 94 78 0 61 93 3 44 81 74 32 100 65 78 41 28 43 12 9 95 91 7 71 16 12 69 50 86 50 40 42 16 1 90 81 73 100 6 33 95 33 27 48 3 36 1 45 80 7 43 69 50 72 85 49 43 73 4 96 44 56 70 87 91 56 21 52 33 75 47 5 15 29 54 37 21 65 83 24 81 92 77 90 50 61 37 63 89 64 83 70 10 34 76 32 20 57 52 51 36 29 54 31 51 22 32 13 99 37 74 33 27 50 8 24 28 57 89 91 41 69 16 22 74 46 85 44 95 61 4 25 60 2 23 93 82 7 61 72 52 71 37 9 37 55 76 14
1 38 21 28 66 71 43 61 0 82 12 24 67 4 22 19 74 87 100 60 93 10 55 90 61 92 51 16 63 39 96 47 57 81 37 92 31 75 60 94 21 87 43 54 22 9 29 66 95 2 15 67 89 6 94 94 93 17 63 81 65 17 8 94 95 45 95 13 10 88 83 12 66 22 48 49 95 17 87 63 18 70 78 68 13 30 27 17 3 68 66 51 52 3 82 83 92 24 11 6 74 8 89 71 42 75 1 86 52 61 52 43 34 43 45 18 89 4 37 86 54 47 89 93 20 73 87 59 12 64 15 11 61 2 46 35 8 81 32 67 56 56 90 67 2 6 1 94 47 95 38
46 19 46 32 59 3 82 93 82 0 53 53 10 57 31 44 99 15 44 67 50 91 58 4 89 12 32 58 90 82 3 81 85 66 92 76 20 38 43 68 94 66 7 94 99 98 63 45 11 4 82 16 74 67 79 65 44 63 29 66 36 2 42 59 50 76 40 66 34 34 92 68 87 75 14 36 75 45 100 42 65 55 91 100 10 27 46 8 85 7 32 77 86 97 98 90 75 95 19 31 26 91 97 52 89 10 98 43 4 51 46 78 46 75 12 24 34 100 88 88 30 73 59 96 89 89 20 60 66 52 58 59 80 98 16 14 71 74 22 10 8 79 96 87 48 79 64 47 99 83 14
43 25 32 45 59 50 11 3 12 53 0 87 60 53 17 25 20 23 97 23 38 1 12 46 82 47 91 21 13 9 80 12 29 37 60 31 78 38 86 35 71 55 61 75 100 21 17 10 93 15 15 83 88 86 47 67 21 95 26 35 66 49 15 93 55 13 30 54 1 88 42 79 20 80 28 57 92 50 86 71 22 58 98 38 42 46 55 94 12 37 61 60 75 87 88 28 53 22 23 84 35 72 38 92 10 5 17 5 23 84 98 20 4 49 67 31 30 30 47 15 81 70 40 80 28 89 20 76 81 87 5 83 61 26 50 56 14 45 97 47 25 25 6 12 77 88 93 55 51 64 2
9 45 45 11 80 23 97 44 24 53 87 0 75 49 54 74 58 72 95 4 58 2 84 72 9 11 57 45 38 15 77 53 17 40 84 81 84 80 22 61 40 74 46 21 1 39 9 99 23 60 74 15 21 20 46 69 17 93 11 60 60 14 13 15 71 31 17 1 1 72 57 71 24 34 91 84 30 61 80 16 58 86 18 25 23 55 97 58 34 89 4 70 32 1 75 89 74 63 30 5 48 23 88 64 4 41 23 18 39 63 92 97 52 5 46 74 22 79 86 84 87 73 83 58 68 50 49 53 77 94 58 54 94 79 87 79 64 96 88 58 84 88 56 37 2 80 11 48 57 9 36
46 67 96 34 3 55 15 81 67 10 60 75 0 10 65 31 65 65 6 77 75 57 75 100 48 69 92 41 17 29 17 9 60 30 80 34 99 30 18 32 18 31 60 87 29 31 18 83 81 7 17 83 95 29 21 23 80 25 4 89 71 1 49 19 80 44 55 95 92 60 25 58 75 7 4 33 54 58 91 10 92 43 80 8 29 24 18 47 80 57 69 59 98 94 36 40 16 65 12 48 65 99 38 95 78 21 99 8 37 40 85 78 20 42 73 70 17 24 21 50 14 4 32 35 78 43 82 17 100 31 36 99 70 21 77 13 55 71 91 30 92 21 100 6 65 47 14 8 38 25 44
88 74 71 35 9 9 62 74 4 57 53 49 10 0 80 32 46 99 70 60 39 24 97 3 85 24 55 11 99 60 59 31 73 38 12 40 37 5 87 88 94 60 54 83 76 84 52 49 99 85 80 40 58 54 35 47 27 80 71 68 33 62 15 21 1 64 92 18 95 15 38 18 11 54 60 72 22 8 60 30 68 6 66 74 93 75 87 18 73 70 15 96 67 81 26 72 25 10 86 16 55 5 72 57 67 63 86 67 59 36 73 52 55 86 24 98 86 24 1 53 7 16 82 77 97 9 99 16 33 26 76 36 44 7 89 23 3 17 63 99 9 81 48 93 62 87 5 86 93 82 58
83 72 26 95 23 11 91 32 22 31 17 54 65 80 0 98 29 99 75 94 15 88 8 70 42 34 2 100 95 64 77 49 99 93 58 54 39 29 26 70 82 58 100 7 17 81 43 57 28 40 93 44 13 58 36 15 70 23 26 72 78 56 43 92 49 77 84 72 57 2 72 4 40 89 12 99 82 29 9 69 88 90 91 58 15 64 69 68 26 92 20 65 71 51 65 13 65 79 56 8 33 64 73 10 3 56 9 73 43 20 47 96 72 82 88 95 46 79 42 92 7 86 20 68 54 92 85 59 42 17 27 74 86 75 23 98 58 75 96 59 20 66 96 39 30 16 27 33 5 78 92
60 50 50 20 20 68 97 100 19 44 25 74 31 32 98 0 22 41 96 45 93 54 92 86 50 2 67 54 49 46 87 9 1 42 67 55 45 35 82 60 16 16 6 22 30 19 30 88 15 36 94 92 4 20 13 47 75 48 32 12 62 39 80 12 86 36 81 19 13 5 15 54 14 70 47 29 61 82 71 17 38 37 7 41 29 73 54 52 78 40 76 68 100 16 49 90 93 85 12 35 80 32 65 59 23 77 19 53 13 15 26 90 100 67 1 55 47 71 45 48 8 44 63 3 62 35 25 76 99 62 81 63 12 96 55 31 85 96 86 39 99 82 62 44 45 76 67 62 82 92 76
60 79 89 75 21 70 44 65 74 99 20 58 65 46 29 22 0 78 86 43 32 32 46 97 30 38 3 49 35 39 46 39 84 4 50 18 83 85 82 45 51 20 75 13 40 43 41 91 15 100 37 4 43 86 34 71 43 54 29 51 30 46 57 50 22 77 38 26 70 54 25 41 6 4 8 45 91 73 15 53 97 7 50 30 34 69 69 62 95 66 85 82 9 99 90 48 89 75 15 17 58 16 45 36 75 54 68 32 34 81 39 56 5 17 69 51 98 28 26 89 86 4 44 96 25 14 99 43 50 38 46 74 49 71 9 25 50 59 14 92 17 43 19 21 88 22 4 65 100 92 53
82 11 51 39 32 99 75 78 87 15 23 72 65 99 99 41 78 0 100 96 41 20 32 12 10 2 100 86 69 50 92 65 40 100 4 62 90 27 35 94 40 74 45 61 40 84 6 99 2 28 74 86 32 62 14 50 59 38 39 92 45 5 68 59 60 10 91 28 33 88 27 62 57 91 73 96 92 52 37 48 74 56 14 49 46 39 78 63 36 74 32 35 93 51 61 67 15 86 50 38 15 47 79 12 67 71 65 69 67 11 81 37 83 61 27 74 93 93 82 79 49 43 73 42 1 53 31 57 76 98 27 91 11 33 2 77 94 76 94 96 64 98 69 57 55 90 45 53 48 99 78
38 39 54 78 54 19 43 41 100 44 97 95 6 70 75 96 86 100 0 9 32 78 96 1 53 43 44 12 90 19 65 13 79 88 74 95 13 72 68 56 28 59 14 84 64 45 2 1 8 29 27 64 51 88 26 65 83 60 55 21 39 53 91 98 99 58 9 53 52 57 89 74 31 37 41 12 22 34 39 74 56 36 2 64 50 72 37 34 9 87 22 12 56 84 14 36 36 49 46 98 96 67 78 26 18 16 99 29 85 6 90 91 23 57 82 39 75 65 41 56 97 7 74 32 2 58 78 81 45 17 64 42 11 44 85 60 55 80 89 42 48 8 37 49 38 33 28 80 66 88 94
75 2 56 25 76 34 99 28 60 67 23 4 77 60 94 45 43 96 9 0 86 27 54 32 9 91 5 94 26 70 19 30 17 41 27 3 48 24 74 29 29 4 48 1 35 35 63 19 98 6 17 21 49 58 74 12 70 19 65 75 95 84 90 42 80 24 3 82 27 6 37 20 55 12 15 69 17 32 18 64 28 54 89 85 7 81 78 48 1 100 77 14 55 47 6 77 25 73 18 93 67 76 47 47 93 5 5 12 97 57 65 56 10 60 35 47 22 95 36 17 33 32 75 72 31 93 96 91 44 74 8 17 92 66 93 85 49 96 38 76 36 35 27 79 92 38 44 79 2 57 87
64 80 100 12 3 15 19 43 93 50 38 58 75 39 15 93 32 41 32 86 0 45 72 12 94 11 74 91 50 21 20 47 22 80 63 54 14 37 11 74 76 97 48 97 25 83 74 61 31 73 16 63 48 88 21 27 87 32 19 67 60 7 58 51 98 45 34 84 48 2 9 3 84 55 88 81 94 43 71 75 40 4 25 2 9 23 41 68 46 97 46 8 49 64 21 7 50 47 83 12 52 59 59 98 40 64 34 19 85 32 63 48 96 9 44 59 26 57 95 26 84 43 35 72 46 70 42 31 50 4 71 70 12 90 16 8 3 36 56 27 32 6 74 17 27 56 46 2 90 12 66
68 28 22 40 93 48 68 12 10 91 1 2 57 24 88 54 32 20 78 27 45 0 86 97 34 33 50 46 86 25 66 76 22 75 2 41 52 12 7 2 48 14 34 74 3 43 30 53 100 53 98 97 31 60 14 85 2 3 39 30 11 63 2 66 41 99 69 35 13 77 61 15 53 77 39 67 17 66 39 63 66 46 66 33 85 50 63 15 55 15 40 48 13 15 47 28 70 48 23 50 94 69 82 33 17 49 88 34 21 78 49 84 70 16 51 99 100 90 31 25 54 100 54 44 91 91 74 87 63 4 13 17 92 65 34 98 42 69 3 31 45 72 62 97 71 45 9 44 37 56 18
27 49 23 39 45 1 41 9 55 58 12 84 75 97 8 92 46 32 96 54 72 86 0 27 60 80 16 27 55 71 71 96 62 94 51 30 43 7 15 47 15 16 84 98 73 46 83 97 94 39 11 35 39 90 98 56 12 41 16 26 60 44 73 93 74 39 69 91 95 70 15 19 14 40 72 64 43 29 43 15 18 93 46 94 90 5 68 18 1 57 17 50 57 59 41 23 13 42 74 41 56 84 8 1 76 20 15 79 53 3 37 24 27 35 95 15 91 4 93 24 93 79 30 16 85 21 68 4 74 85 79 95 6 95 71 99 6 28 98 77 53 1 61 91 43 67 87 71 20 16 28
36 6 26 86 78 52 21 95 90 4 46 72 100 3 70 86 97 12 1 32 12 97 27 0 21 63 1 26 76 48 26 50 93 22 67 33 69 38 25 51 93 46 11 79 83 60 24 21 6 41 83 67 41 88 2 99 99 55 7 58 11 72 100 64 74 44 80 86 24 55 86 49 83 41 9 67 51 70 69 18 69 97 89 66 2 86 8 95 48 49 16 24 29 38 46 45 39 47 83 16 21 3 28 34 38 70 84 6 5 55 10 49 29 12 18 32 45 94 47 17 31 39 86 84 72 91 7 37 65 94 80 16 82 65 35 87 68 17 26 12 76 97 4 19 67 70 54 4 15 56 100
43 19 5 22 36 61 26 91 61 89 82 9 48 85 42 50 30 10 53 9 94 34 60 21 0 73 83 89 99 27 71 74 38 90 72 89 34 76 3 6 29 15 77 75 5 39 65 19 80 91 62 20 53 62 40 50 51 60 82 48 12 54 70 74 12 72 79 52 66 33 75 95 79 72 76 39 14 16 21 90 97 36 78 37 64 71 84 90 15 78 18 7 18 21 69 25 41 28 1 84 68 90 13 48 63 95 67 21 19 54 89 27 15 67 12 92 20 2 68 38 41 89 86 30 67 45 83 46 1 98 59 47 9 99 14 32 98 12 59 97 92 100 33 6 28 95 60 11 3 37 43
4 18 27 94 74 89 31 7 92 12 47 11 69 24 34 2 38 2 43 91 11 33 80 63 73 0 27 40 75 6 72 99 52 52 35 28 1 88 77 34 80 77 66 71 85 75 38 80 95 46 92 16 24 24 29 47 3 47 5 87 59 17 13 100 24 71 23 34 8 76 61 73 42 33 20 48 82 52 82 91 21 43 37 96 83 51 34 91 25 47 44 86 82 100 58 94 91 9 45 5 6 48 55 50 78 60 36 58 30 63 87 32 49 68 86 48 74 5 46 69 78 54 89 8 87 16 3 53 91 29 72 71 81 94 51 91 75 48 33 51 11 55 99 76 92 91 21 61 13 14 46
88 18 5 99 4 33 32 71 51 32 91 57 92 55 2 67 3 100 44 5 74 50 16 1 83 27 0 69 45 23 41 91 40 62 78 44 40 38 6 25 91 79 78 22 59 47 5 31 32 34 7 61 94 14 69 62 18 63 21 97 43 55 50 93 15 27 14 20 57 99 21 51 12 61 7 97 75 90 4 69 46 32 2 30 46 78 91 51 50 79 23 21 76 38 37 80 80 66 48 1 79 7 63 55 43 14 47 47 62 56 19 8 56 14 31 36 82 76 98 14 90 91 84 100 83 63 51 38 58 63 79 68 41 34 62 1 56 36 12 30 62 38 9 93 67 6 92 34 80 96 37
4 94 32 87 64 93 22 16 16 58 21 45 41 11 100 54 49 86 12 94 91 46 27 26 89 40 69 0 70 32 70 4 97 13 15 61 29 61 89 54 76 3 96 91 25 95 39 4 36 52 3 81 40 63 19 13 42 54 17 8 62 75 47 57 68 30 83 44 69 19 73 86 66 55 20 67 14 94 70 83 48 89 12 13 84 78 28 83 22 36 63 44 37 60 81 7 31 53 13 2 15 91 27 10 65 70 17 47 26 50 45 97 6 33 51 87 16 31 70 43 34 48 36 97 75 1 24 31 54 54 76 25 46 60 86 44 78 26 87 99 38 13 22 2 9 78 21 63 70 1 62
6 11 32 52 28 76 47 12 63 90 13 38 17 99 95 49 35 69 90 26 50 86 55 76 99 75 45 70 0 50 62 35 52 64 97 12 76 39 4 34 54 23 59 45 91 83 50 29 35 71 44 26 5 93 58 37 56 42 79 41 70 28 70 14 43 59 86 67 52 40 40 25 35 94 2 62 1 73 32 45 56 60 7 97 9 22 85 18 13 90 33 39 86 89 28 79 24 90 52 60 40 33 42 85 44 24 86 1 31 87 98 55 42 11 14 83 18 5 72 96 71 28 21 62 75 34 14 100 88 26 11 50 56 4 25 94 58 94 74 6 26 70 80 34 99 51 38 65 89 89 72
15 69 100 26 71 64 82 69 39 82 9 15 29 60 64 46 39 50 19 70 21 25 71 48 27 6 23 32 50 0 43 1 17 79 88 53 83 38 20 98 32 72 30 63 35 23 1 3 15 1 52 100 93 12 50 47 22 40 91 96 5 90 26 76 46 9 53 41 53 15 98 32 2 53 18 92 78 59 18 89 90 7 87 27 66 11 63 36 44 58 16 43 17 19 74 63 97 19 87 75 65 10 6 34 52 47 26 43 65 88 16 32 54 79 35 96 91 69 17 8 40 66 55 62 92 40 28 69 16 8 93 23 34 55 68 25 17 45 2 99 46 50 18 50 91 77 56 4 52 51 61
18 95 1 57 2 84 77 50 96 3 80 77 17 59 77 87 46 92 65 19 20 66 71 26 71 72 41 70 62 43 0 45 84 15 45 65 50 58 2 84 75 43 71 94 22 2 6 47 21 78 39 45 91 28 84 7 4 96 41 67 32 90 54 19 100 59 81 61 58 40 62 14 55 41 68 62 62 91 59 8 90 9 41 48 43 73 53 59 69 51 76 96 17 89 15 52 62 53 6 71 87 45 4 98 89 83 93 89 18 73 41 38 46 92 52 59 51 47 75 84 83 59 3 53 74 84 94 65 97 98 61 69 54 89 20 89 33 15 98 53 95 27 80 98 6 76 39 34 72 30 73
95 72 42 29 58 28 88 86 47 81 12 53 9 31 49 9 39 65 13 30 47 76 96 50 74 99 91 4 35 1 45 0 35 80 77 63 21 4 25 85 63 87 4 23 22 66 25 3 39 22 96 6 31 12 7 97 46 19 21 1 88 65 16 62 31 99 87 44 4 95 56 99 73 44 32 60 39 46 66 52 38 40 28 58 1 56 99 38 23 13 12 18 93 100 99 37 31 73 98 81 4 19 25 91 14 86 61 74 49 25 56 23 66 67 65 37 87 11 82 1 6 53 83 73 31 60 71 96 78 38 58 43 20 10 6 43 92 96 54 60 19 89 51 36 24 8 21 10 60 21 27
79 57 44 42 72 41 84 50 57 85 29 17 60 73 99 1 84 40 79 17 22 22 62 93 38 52 40 97 52 17 84 35 0 23 55 8 9 37 26 76 31 24 42 93 53 64 9 95 75 36 67 90 86 20 81 20 90 55 40 6 88 38 49 94 6 16 82 44 22 22 2 7 95 42 49 23 69 28 2 56 17 13 65 1 33 18 52 94 27 74 71 71 23 5 30 26 59 39 66 23 15 84 28 80 97 2 5 82 11 68 71 8 5 16 75 77 75 42 91 60 26 48 56 32 72 90 28 60 97 1 78 46 87 98 100 35 20 73 97 45 37 26 40 33 66 75 22 19 41 46 40
59 92 82 4 32 53 30 40 81 66 37 40 30 38 93 42 4 100 88 41 80 75 94 22 90 52 62 13 64 79 15 80 23 0 63 62 77 86 17 94 65 80 86 58 2 67 80 73 30 94 67 86 35 83 89 78 59 29 17 31 49 90 17 1 76 53 10 67 100 68 90 80 9 74 100 50 98 15 34 7 81 72 70 15 40 5 86 86 92 56 8 77 9 95 57 82 40 95 36 74 48 55 100 69 51 100 61 3 58 34 83 64 74 11 73 12 27 100 60 94 4 13 60 42 25 89 12 95 2 61 73 7 9 6 61 13 9 90 13 30 80 43 71 63 75 78 98 6 79 81 3
97 29 52 11 87 81 100 42 37 92 60 84 80 12 58 67 50 4 74 27 63 2 51 67 72 35 78 15 97 88 45 77 55 63 0 18 84 46 46 51 35 99 25 47 5 78 13 42 99 11 70 94 79 67 94 96 54 22 11 79 4 64 88 23 7 100 66 63 61 30 53 14 63 16 36 92 47 77 100 63 12 24 31 49 77 92 3 86 89 49 29 45 99 38 88 20 6 53 75 28 73 95 22 94 63 21 20 85 10 81 61 98 18 28 8 41 20 1 59 13 5 17 74 67 42 31 5 16 64 87 38 67 55 52 26 14 64 23 24 20 92 9 52 97 31 87 20 3 99 63 69
42 53 95 53 21 13 40 16 92 76 31 81 34 40 54 55 18 62 95 3 54 41 30 33 89 28 44 61 12 53 65 63 8 62 18 0 85 59 3 4 13 58 50 97 9 93 77 33 56 26 45 56 28 28 48 29 44 81 81 45 55 39 14 8 12 85 31 28 44 29 15 76 88 72 70 44 16 43 1 18 19 50 84 74 1 54 95 28 80 37 84 94 80 73 3 70 29 80 8 85 92 13 40 60 8 55 52 22 60 84 96 95 39 49 9 14 58 76 78 55 88 66 79 4 68 76 30 35 84 14 54 70 17 92 35 71 54 92 88 89 55 4 24 49 18 42 96 33 62 77 61
100 25 55 17 62 47 55 1 31 20 78 84 99 37 39 45 83 90 13 48 14 52 43 69 34 1 40 29 76 83 50 21 9 77 84 85 0 34 6 28 85 69 31 75 78 30 12 25 1 39 31 46 23 64 89 75 96 79 24 24 11 13 87 46 34 47 82 10 1 28 76 99 13 7 3 69 81 48 46 23 27 77 43 6 59 80 6 96 48 77 44 66 56 22 60 63 7 9 23 8 68 86 42 100 3 38 71 67 56 98 47 26 10 27 33 24 80 25 37 93 29 68 3 23 24 75 85 34 64 64 47 17 7 63 86 92 48 74 84 59 58 17 4 4 46 6 42 9 3 30 63
67 78 69 37 35 35 92 90 75 38 38 80 30 5 29 35 85 27 72 24 37 12 7 38 76 88 38 61 39 38 58 4 37 86 46 59 34 0 96 13 100 31 40 3 39 34 2 55 99 88 59 41 29 69 87 11 87 96 63 47 54 35 30 82 28 86 4 84 80 94 3 7 55 25 87 36 58 71 40 53 71 53 16 9 15 40 35 31 97 6 19 51 97 94 52 52 8 33 61 14 92 16 14 71 26 39 52 36 42 64 99 37 39 66 89 61 83 62 68 12 95 68 92 32 4 89 64 41 43 68 60 1 70 57 8 94 1 22 97 95 49 27 81 77 23 80 75 90 92 68 52
21 23 14 86 38 33 53 81 60 43 86 22 18 87 26 82 82 35 68 74 11 7 15 25 3 77 6 89 4 20 2 25 26 17 46 3 6 96 0 21 25 15 85 14 73 25 86 25 40 45 42 48 95 21 59 95 23 39 19 68 10 46 3 77 6 17 43 43 14 77 99 72 83 43 58 36 87 98 36 74 20 84 13 75 51 76 62 27 24 72 35 92 81 78 25 81 19 55 64 23 42 33 26 7 11 37 31 39 64 53 2 33 2 34 100 75 66 11 61 1 2 75 65 100 43 89 38 97 81 7 8 49 57 69 77 42 42 10 27 41 43 5 25 29 82 27 82 84 94 65 78
76 65 86 5 32 60 46 73 94 68 35 61 32 88 70 60 45 94 56 29 74 2 47 51 6 34 25 54 34 98 84 85 76 94 51 4 28 13 21 0 60 100 6 48 28 3 28 32 88 56 8 33 46 26 98 49 40 69 83 72 29 74 53 11 18 57 97 19 65 9 57 5 38 31 25 76 29 82 82 7 55 56 91 46 69 42 11 17 39 36 97 80 38 33 38 9 88 76 84 81 74 9 55 52 63 97 13 54 60 47 74 1 80 12 10 93 87 76 64 10 70 16 87 73 59 67 23 86 35 95 8 4 58 59 40 8 3 94 21 49 72 84 25 53 68 54 74 48 4 73 50
80 47 15 34 55 65 25 100 21 94 71 40 18 94 82 16 51 40 28 29 76 48 15 93 29 80 91 76 54 32 75 63 31 65 35 13 85 100 25 60 0 53 69 9 14 72 68 52 12 66 32 2 7 26 79 24 52 4 38 63 50 20 58 16 74 73 35 42 30 95 27 42 33 21 89 5 83 16 58 4 42 78 24 24 85 21 34 27 29 92 50 19 49 17 66 33 68 80 28 96 17 85 43 62 60 45 13 21 63 71 90 26 59 18 78 2 54 36 66 63 92 44 86 88 81 91 68 86 12 23 42 5 93 3 14 62 15 9 97 51 41 79 35 29 16 79 89 90 100 73 29
96 28 95 23 47 84 45 6 87 66 55 74 31 60 58 16 20 74 59 4 97 14 16 46 15 77 79 3 23 72 43 87 24 80 99 58 69 31 15 100 53 0 82 50 53 98 55 31 90 23 33 33 97 9 83 89 13 66 1 50 65 54 34 95 58 96 13 67 49 12 78 25 96 86 90 20 89 85 64 20 68 33 56 52 35 66 78 46 28 95 32 3 58 6 48 82 84 1 54 88 76 13 34 83 21 87 70 84 60 39 95 90 97 7 61 77 59 8 17 35 67 87 42 65 67 44 38 71 9 49 19 2 26 95 78 93 14 56 91 9 9 53 40 26 81 38 28 58 93 73 86
68 92 94 46 57 93 84 33 43 7 61 46 60 54 100 6 75 45 14 48 48 34 84 11 77 66 78 96 59 30 71 4 42 86 25 50 31 40 85 6 69 82 0 5 21 30 35 6 66 59 27 15 84 42 79 24 76 90 83 28 31 77 44 99 48 17 48 18 88 96 45 80 94 85 9 98 44 50 27 67 33 28 37 47 26 71 2 68 28 68 74 81 15 10 36 57 42 34 68 97 97 66 86 36 55 11 55 37 66 48 33 68 76 55 36 19 16 4 4 77 54 11 70 33 16 21 86 93 10 17 62 41 52 24 71 40 5 11 38 51 47 4 93 36 8 52 4 47 14 46 57
36 74 88 92 83 78 23 95 54 94 75 21 87 83 7 22 13 61 84 1 97 74 98 79 75 71 22 91 45 63 94 23 93 58 47 97 75 3 14 48 9 50 5 0 85 21 100 87 44 80 31 4 32 50 60 95 20 35 98 31 7 31 95 15 15 73 44 99 68 66 28 78 11 37 33 10 26 99 8 96 30 71 74 84 57 82 81 46 89 7 22 53 68 84 29 64 18 33 41 14 87 88 87 76 59 64 80 87 27 37 2 3 31 39 66 97 11 98 19 36 41 96 47 92 36 70 47 89 62 25 69 52 43 28 34 32 46 20 65 85 19 57 5 68 79 88 31 74 56 7 83
79 49 65 69 97 58 21 33 22 99 100 1 29 76 17 30 40 40 64 35 25 3 73 83 5 85 59 25 91 35 22 22 53 2 5 9 78 39 73 28 14 53 21 85 0 13 31 34 40 98 4 76 70 60 30 82 72 9 14 48 20 5 30 42 96 60 22 6 37 76 29 2 19 10 25 56 47 13 64 86 46 21 29 72 81 17 40 16 91 55 52 15 65 86 85 54 24 12 65 70 100 16 81 3 48 50 81 26 49 44 42 7 77 68 36 35 90 23 91 14 42 71 68 55 38 71 96 61 47 37 64 19 12 40 11 15 93 34 66 81 31 77 66 57 76 79 32 68 71 54 60
92 12 69 45 76 68 72 27 9 98 21 39 31 84 81 19 43 84 45 35 83 43 46 60 39 75 47 95 83 23 2 66 64 67 78 93 30 34 25 3 72 98 30 21 13 0 79 2 37 76 92 35 8 53 18 99 87 59 36 9 42 27 46 7 22 34 79 44 81 79 34 32 70 22 64 14 19 63 44 69 61 35 58 64 79 78 39 21 97 40 59 34 84 22 14 2 61 2 81 54 13 11 14 81 1 56 55 43 67 89 64 82 76 16 29 74 37 5 65 19 56 32 4 52 90 32 68 38 33 4 19 65 16 91 100 82 80 48 54 53 77 46 71 88 56 96 14 100 98 16 82
61 65 47 66 84 33 1 48 29 63 17 9 18 52 43 30 41 6 2 63 74 30 83 24 65 38 5 39 50 1 6 25 9 80 13 77 12 2 86 28 68 55 35 100 31 79 0 87 33 66 79 40 89 77 16 5 79 59 50 82 75 56 24 94 69 79 11 47 51 98 43 50 99 77 27 54 13 60 97 3 5 67 18 41 29 30 50 74 60 50 58 32 49 3 1 55 59 9 63 36 42 16 62 9 62 17 39 85 17 36 61 65 54 88 49 15 34 49 26 34 87 45 18 86 70 15 41 27 44 15 45 96 97 11 67 17 30 22 80 33 12 59 45 99 82 88 57 51 81 68 17
73 36 45 81 44 67 32 3 66 45 10 99 83 49 57 88 91 99 1 19 61 53 97 21 19 80 31 4 29 3 47 3 95 73 42 33 25 55 25 32 52 31 6 87 34 2 87 0 32 28 48 5 83 62 15 48 37 33 2 85 99 67 20 48 59 35 54 92 10 73 21 48 93 35 59 92 45 63 52 72 27 9 60 48 7 5 78 69 16 8 98 63 74 64 5 81 53 11 13 33 94 56 46 33 28 16 17 94 62 99 50 68 62 92 71 40 31 62 91 59 29 30 33 74 45 60 38 89 80 77 63 46 51 83 35 2 52 13 42 39 89 2 69 78 55 69 57 76 25 53 66
91 62 51 90 31 38 48 36 95 11 93 23 81 99 28 15 15 2 8 98 31 100 94 6 80 95 32 36 35 15 21 39 75 30 99 56 1 99 40 88 12 90 66 44 40 37 33 32 0 94 23 33 37 96 32 27 45 81 9 90 35 34 2 79 79 21 20 48 78 10 87 81 14 74 81 40 50 14 3 80 51 27 58 15 54 2 27 94 40 25 12 79 31 58 96 46 79 87 87 67 29 30 12 48 32 61 75 31 17 19 72 96 66 23 57 33 20 36 91 57 87 45 50 63 98 95 63 97 77 38 69 86 88 62 64 48 48 17 34 91 49 24 33 19 69 35 17 23 18 59 38
3 87 4 4 39 16 88 1 2 4 15 60 7 85 40 36 100 28 29 6 73 53 39 41 91 46 34 52 71 1 78 22 36 94 11 26 39 88 45 56 66 23 59 80 98 76 66 28 94 0 49 48 57 24 24 69 30 16 67 59 27 89 81 86 59 25 67 83 29 45 69 41 19 67 75 20 18 27 89 64 58 26 27 66 85 39 94 32 53 15 23 4 83 64 31 31 59 31 71 13 97 56 75 51 5 22 61 77 57 57 80 64 71 84 76 49 42 82 56 73 76 49 74 65 92 61 76 90 56 6 71 71 67 14 13 17 50 20 73 95 52 60 39 18 91 91 11 5 28 10 35
24 87 84 64 18 2 17 45 15 82 15 74 17 80 93 94 37 74 27 17 16 98 11 83 62 92 7 3 44 52 39 96 67 67 70 45 31 59 42 8 32 33 27 31 4 92 79 48 23 49 0 54 97 26 28 74 18 60 51 22 27 25 88 91 67 95 48 84 17 92 31 36 78 41 94 81 40 37 17 78 19 85 8 20 86 77 34 60 21 23 14 3 16 29 76 53 92 94 19 71 46 23 49 46 92 41 97 5 61 48 29 38 95 97 32 41 2 20 83 1 23 40 91 39 83 79 52 41 17 90 91 45 94 90 43 75 56 68 70 11 72 27 17 29 48 2 85 91 8 41 18
20 88 73 25 49 97 27 80 67 16 83 15 83 40 44 92 4 86 64 21 63 97 35 67 20 16 61 81 26 100 45 6 90 86 94 56 46 41 48 33 2 33 15 4 76 35 40 5 33 48 54 0 50 66 21 16 41 8 54 10 60 94 23 29 44 90 32 68 69 36 3 44 94 32 38 16 80 30 9 25 87 71 11 31 18 38 35 73 94 68 7 33 5 60 42 15 17 73 47 53 60 77 53 21 91 1 10 87 3 63 99 24 26 10 57 33 58 96 30 75 18 14 91 42 90 25 38 79 11 7 21 22 88 59 44 34 51 57 7 100 91 10 33 79 37 10 46 21 83 47 41
27 35 37 13 1 61 79 7 89 74 88 21 95 58 13 4 43 32 51 49 48 31 39 41 53 24 94 40 5 93 91 31 86 35 79 28 23 29 95 46 7 97 84 32 70 8 89 83 37 57 97 50 0 24 16 6 85 96 47 53 59 11 43 49 38 65 70 43 80 52 15 50 31 37 56 25 97 40 90 51 90 95 61 75 74 20 80 71 82 28 70 67 35 93 13 30 67 89 48 92 3 11 18 84 39 30 62 74 17 54 30 41 35 22 86 80 10 57 85 79 100 95 77 22 71 51 87 60 22 99 78 77 98 83 90 90 61 94 9 60 12 72 70 14 51 93 32 6 18 67 70
52 46 86 26 79 16 89 43 6 67 86 20 29 54 58 20 86 62 88 58 88 60 90 88 62 24 14 63 93 12 28 12 20 83 67 28 64 69 21 26 26 9 42 50 60 53 77 62 96 24 26 66 24 0 44 58 41 22 85 54 28 82 32 89 77 69 62 69 16 2 75 67 43 75 6 81 69 30 41 73 44 23 10 70 58 39 75 16 63 37 69 32 36 65 86 84 89 28 4 61 62 95 49 19 52 72 67 53 32 64 87 95 92 20 25 48 17 62 84 84 1 57 77 59 3 33 13 80 63 89 45 7 94 100 97 47 48 4 2 4 30 12 89 37 59 76 38 68 56 97 19
100 83 77 68 76 23 76 69 94 79 47 46 21 35 36 13 34 14 26 74 21 14 98 2 40 29 69 19 58 50 84 7 81 89 94 48 89 87 59 98 79 83 79 60 30 18 16 15 32 24 28 21 16 44 0 17 76 97 67 61 97 67 28 35 79 36 6 84 40 20 37 27 47 77 16 94 23 85 73 97 21 27 58 79 48 90 9 56 12 18 70 81 89 41 3 85 62 20 39 75 59 44 49 95 4 90 57 37 20 8 85 60 2 58 22 95 44 19 50 55 87 96 60 83 32 82 3 42 62 13 20 97 16 51 86 19 21 58 27 82 38 54 86 93 23 29 35 48 56 66 88
48 29 98 97 100 63 66 50 94 65 67 69 23 47 15 47 71 50 65 12 27 85 56 99 50 47 62 13 37 47 7 97 20 78 96 29 75 11 95 49 24 89 24 95 82 99 5 48 27 69 74 16 6 58 17 0 39 50 21 81 94 19 44 36 13 26 69 48 32 20 70 55 86 96 81 61 62 29 2 47 23 17 27 66 95 80 96 78 93 34 34 55 17 51 88 3 78 25 26 80 37 49 3 60 55 26 28 25 65 85 46 75 94 87 6 85 42 94 87 8 85 72 37 93 21 10 87 19 8 8 87 15 20 21 46 62 40 61 26 82 13 57 38 92 18 51 29 94 90 77 74
67 44 30 81 1 72 35 72 93 44 21 17 80 27 70 75 43 59 83 70 87 2 12 99 51 3 18 42 56 22 4 46 90 59 54 44 96 87 23 40 52 13 76 20 72 87 79 37 45 30 18 41 85 41 76 39 0 30 76 33 39 6 66 52 91 38 54 87 49 43 15 4 87 45 43 81 16 29 31 41 15 95 69 99 87 48 6 52 68 79 43 92 64 3 82 54 10 15 53 31 76 33 96 41 35 96 79 50 42 70 9 88 98 84 73 58 70 94 68 40 15 38 80 11 92 89 92 22 95 93 70 47 72 2 14 10 31 73 74 35 88 62 47 13 44 87 99 64 62 82 84
3 69 36 89 93 84 99 85 17 63 95 93 25 80 23 48 54 38 60 19 32 3 41 55 60 47 63 54 42 40 96 19 55 29 22 81 79 96 39 69 4 66 90 35 9 59 59 33 81 16 60 8 96 22 97 50 30 0 60 17 49 41 3 9 1 31 3 24 97 64 82 39 6 55 18 50 65 29 5 70 4 15 77 54 89 90 68 36 55 49 86 60 62 54 64 80 64 78 60 5 93 83 11 11 67 96 24 98 79 17 22 13 52 96 12 49 42 2 49 5 78 48 8 48 26 47 56 81 8 2 26 31 85 86 47 72 65 88 15 94 1 67 59 97 78 45 50 11 91 24 52
16 43 35 91 49 79 64 49 63 29 26 11 4 71 26 32 29 39 55 65 19 39 16 7 82 5 21 17 79 91 41 21 40 17 11 81 24 63 19 83 38 1 83 98 14 36 50 2 9 67 51 54 47 85 67 21 76 60 0 92 95 35 25 64 33 20 44 63 68 94 80 71 36 31 87 21 77 16 44 65 19 35 91 4 100 70 57 61 11 28 82 30 28 42 4 59 76 75 65 85 97 94 31 62 91 36 15 53 43 28 45 51 3 42 75 79 68 100 85 47 3 88 14 83 61 93 69 9 79 4 46 47 90 90 3 60 95 28 42 96 46 81 53 45 72 49 52 100 49 79 27
91 74 84 74 1 90 82 43 81 66 35 60 89 68 72 12 51 92 21 75 67 30 26 58 48 87 97 8 41 96 67 1 6 31 79 45 24 47 68 72 63 50 28 31 48 9 82 85 90 59 22 10 53 54 61 81 33 17 92 0 76 10 90 82 24 65 86 60 30 66 1 83 36 11 87 81 25 73 79 21 7 40 93 32 73 49 57 9 24 95 96 1 89 79 74 22 92 27 75 80 28 39 78 35 45 25 80 75 58 24 57 99 18 43 51 9 53 87 18 71 38 4 95 98 63 79 29 28 57 38 23 18 25 46 60 1 66 67 18 52 72 80 97 70 33 6 36 55 19 7 90
96 16 52 25 48 30 53 73 65 36 66 60 71 33 78 62 30 45 39 95 60 11 60 11 12 59 43 62 70 5 32 88 88 49 4 55 11 54 10 29 50 65 31 7 20 42 75 99 35 27 27 60 59 28 97 94 39 49 95 76 0 70 82 39 84 77 14 26 72 71 1 56 53 82 55 92 75 39 60 78 56 63 11 82 77 55 92 8 88 53 32 74 41 71 18 74 2 20 36 13 98 11 38 85 44 93 25 7 75 71 40 44 94 5 20 64 32 19 100 72 50 21 14 65 48 53 25 26 80 4 97 32 5 91 67 76 19 32 43 82 51 32 22 8 97 62 13 20 57 98 61
97 3 39 26 90 4 25 4 17 2 49 14 1 62 56 39 46 5 53 84 7 63 44 72 54 17 55 75 28 90 90 65 38 90 64 39 13 35 46 74 20 54 77 31 5 27 56 67 34 89 25 94 11 82 67 19 6 41 35 10 70 0 33 78 95 60 56 27 5 63 73 5 1 70 34 32 46 94 43 44 2 26 87 96 16 36 88 58 26 49 73 57 55 62 13 30 15 55 45 40 44 79 79 22 10 87 37 68 50 20 3 20 54 23 45 90 60 97 16 63 60 19 99 78 45 23 68 35 21 8 89 22 34 47 50 24 3 94 73 40 95 100 66 41 62 26 74 45 86 69 9
17 52 33 7 15 35 22 96 8 42 15 13 49 15 43 80 57 68 91 90 58 2 73 100 70 13 50 47 70 26 54 16 49 17 88 14 87 30 3 53 58 34 44 95 30 46 24 20 2 81 88 23 43 32 28 44 66 3 25 90 82 33 0 95 94 5 19 82 61 62 13 100 46 44 61 1 18 7 19 44 17 44 3 58 85 57 69 92 99 23 26 75 63 66 49 77 62 58 93 4 76 37 28 82 86 94 76 38 67 66 64 63 22 12 100 77 34 58 87 24 53 43 12 32 73 100 54 66 69 19 73 77 53 99 69 77 44 57 8 78 83 45 32 17 12 47 57 12 66 40 55
43 61 53 44 43 43 94 44 94 59 93 15 19 21 92 12 50 59 98 42 51 66 93 64 74 100 93 57 14 76 19 62 94 1 23 8 46 82 77 11 16 95 99 15 42 7 94 48 79 86 91 29 49 89 35 36 52 9 64 82 39 78 95 0 83 30 74 95 89 60 32 23 81 93 17 70 55 8 62 67 89 69 95 33 77 88 24 65 31 20 39 78 33 72 7 32 53 60 26 30 56 87 14 50 28 64 88 9 29 33 89 25 81 20 11 86 43 8 62 17 24 78 57 47 82 100 16 63 27 31 35 9 17 64 42 19 81 4 76 22 26 72 85 66 41 10 1 55 68 46 45
24 22 94 27 35 42 50 56 95 50 55 71 80 1 49 86 22 60 99 80 98 41 74 74 12 24 15 68 43 46 100 31 6 76 7 12 34 28 6 18 74 58 48 15 96 22 69 59 79 59 67 44 38 77 79 13 91 1 33 24 84 95 94 83 0 44 57 84 31 100 85 60 40 25 8 34 100 93 68 63 90 90 99 69 79 6 91 64 45 56 54 10 67 23 29 62 5 96 72 22 56 10 23 9 97 1 20 49 86 44 100 22 47 10 58 4 9 61 87 32 21 100 95 66 72 73 89 23 38 71 19 48 66 83 31 45 49 36 19 85 64 41 52 93 55 13 15 35 90 99 46
47 15 44 89 9 3 89 70 45 76 13 31 44 64 77 36 77 10 58 24 45 99 39 44 72 71 27 30 59 9 59 99 16 53 100 85 47 86 17 57 73 96 17 73 60 34 79 35 21 25 95 90 65 69 36 26 38 31 20 65 77 60 5 30 44 0 98 85 60 19 20 84 90 100 42 87 45 23 56 43 20 54 79 48 62 2 35 49 23 88 47 12 17 48 74 60 27 1 25 92 24 50 58 96 37 47 59 51 64 91 84 72 36 78 76 86 5 74 7 69 49 55 73 83 3 13 28 47 4 57 23 94 100 84 57 50 15 100 58 87 7 78 25 28 44 49 87 95 16 3 49
43 26 35 77 5 53 63 87 95 40 30 17 55 92 84 81 38 91 9 3 34 69 69 80 79 23 14 83 86 53 81 87 82 10 66 31 82 4 43 97 35 13 48 44 22 79 11 54 20 67 48 32 70 62 6 69 54 3 44 86 14 56 19 74 57 98 0 56 84 2 34 55 52 81 22 4 21 31 12 27 61 33 50 14 6 46 67 46 39 80 13 52 48 18 83 66 88 61 78 72 37 13 64 24 11 5 55 13 36 66 22 9 67 52 18 66 93 17 64 25 87 77 1 100 29 36 32 32 86 63 38 4 91 81 39 82 13 24 4 96 67 89 6 46 50 32 4 7 5 7 53
98 3 38 60 32 5 66 91 13 66 54 1 95 18 72 19 26 28 53 82 84 35 91 86 52 34 20 44 67 41 61 44 44 67 63 28 10 84 43 19 42 67 18 99 6 44 47 92 48 83 84 68 43 69 84 48 87 24 63 60 26 27 82 95 84 85 56 0 76 17 96 32 9 98 16 89 76 14 61 25 34 77 33 67 17 97 65 26 73 27 48 71 56 87 55 45 89 3 97 94 46 51 33 69 47 83 39 48 48 24 25 29 98 88 97 20 65 44 5 9 43 64 99 1 53 64 47 25 92 28 5 15 24 43 18 43 99 69 13 17 66 35 13 74 77 16 98 7 45 57 28
41 71 1 83 66 74 90 56 10 34 1 1 92 95 57 13 70 33 52 27 48 13 95 24 66 8 57 69 52 53 58 4 22 100 61 44 1 80 14 65 30 49 88 68 37 81 51 10 78 29 17 69 80 16 40 32 49 97 68 30 72 5 61 89 31 60 84 76 0 26 21 58 3 40 5 76 76 17 89 12 53 76 28 29 43 83 51 15 9 9 32 4 44 65 37 68 10 9 34 39 63 27 85 91 16 21 68 68 66 95 37 67 81 75 55 17 55 70 86 81 71 63 63 95 25 30 34 34 28 55 79 32 79 31 50 87 11 49 43 15 100 9 57 11 67 39 58 36 88 31 73
20 3 82 28 23 66 65 21 88 34 88 72 60 15 2 5 54 88 57 6 2 77 70 55 33 76 99 19 40 15 40 95 22 68 30 29 28 94 77 9 95 12 96 66 76 79 98 73 10 45 92 36 52 2 20 20 43 64 94 66 71 63 62 60 100 19 2 17 26 0 71 53 27 60 80 11 12 23 63 15 19 94 19 62 93 23 47 96 73 53 78 3 42 22 27 24 27 58 85 6 11 11 6 86 88 28 80 15 21 62 6 39 88 86 37 85 87 80 42 56 14 81 29 90 74 29 47 74 86 71 17 89 50 65 44 87 31 33 73 95 27 56 60 58 52 62 77 89 16 77 66
56 5 84 49 48 75 49 52 83 92 42 57 25 38 72 15 25 27 89 37 9 61 15 86 75 61 21 73 40 98 62 56 2 90 53 15 76 3 99 57 27 78 45 28 29 34 43 21 87 69 31 3 15 75 37 70 15 82 80 1 1 73 13 32 85 20 34 96 21 71 0 20 34 1 70 17 60 7 78 85 40 85 12 65 28 43 27 57 57 62 17 6 94 6 26 25 61 29 18 27 36 5 90 15 54 65 18 6 37 26 87 44 44 9 17 62 14 57 78 91 100 49 21 38 43 90 46 60 56 39 55 54 67 75 89 60 63 33 25 76 55 7 57 65 52 85 10 29 39 60 12
69 5 96 1 69 42 27 33 12 68 79 71 58 18 4 54 41 62 74 20 3 15 19 49 95 73 51 86 25 32 14 99 7 80 14 76 99 7 72 5 42 25 80 78 2 32 50 48 81 41 36 44 50 67 27 55 4 39 71 83 56 5 100 23 60 84 55 32 58 53 20 0 75 35 82 53 77 87 17 37 34 34 92 31 29 95 9 90 21 26 21 2 31 55 61 81 29 74 50 94 75 67 53 10 29 66 33 77 42 45 74 54 91 11 20 70 60 8 59 67 72 2 36 60 36 8 74 56 16 14 11 41 58 55 87 85 11 44 49 18 91 85 59 6 60 28 8 15 12 49 19
91 20 93 21 20 29 10 75 66 87 20 24 75 11 40 14 6 57 31 55 84 53 14 83 79 42 12 66 35 2 55 73 95 9 63 88 13 55 83 38 33 96 94 11 19 70 99 93 14 19 78 94 31 43 47 86 87 6 36 36 53 1 46 81 40 90 52 9 3 27 34 75 0 17 54 40 40 30 21 66 56 97 86 3 92 1 51 19 78 49 85 72 97 41 22 38 49 14 73 65 11 20 80 48 83 49 5 45 60 89 73 91 86 35 58 92 24 67 67 63 10 17 17 77 18 24 14 83 30 67 57 1 46 75 4 17 20 75 13 88 50 58 45 50 22 48 36 8 100 1 93
17 65 44 35 35 19 29 47 22 75 80 34 7 54 89 70 4 91 37 12 55 77 40 41 72 33 61 55 94 53 41 44 42 74 16 72 7 25 43 31 21 86 85 37 10 22 77 35 74 67 41 32 37 75 77 96 45 55 31 11 82 70 44 93 25 100 81 98 40 60 1 35 17 0 24 62 13 97 21 97 1 93 7 11 50 83 4 8 79 72 20 32 87 86 57 86 31 76 95 67 6 90 32 33 46 40 83 24 70 61 99 17 30 27 42 48 80 64 84 19 75 42 33 6 16 96 83 40 40 71 8 30 79 50 81 34 45 60 62 29 72 48 89 15 27 2 28 88 57 12 6
28 97 91 48 38 7 77 5 48 14 28 91 4 60 12 47 8 73 41 15 88 39 72 9 76 20 7 20 2 18 68 32 49 100 36 70 3 87 58 25 89 90 9 33 25 64 27 59 81 75 94 38 56 6 16 81 43 18 87 87 55 34 61 17 8 42 22 16 5 80 70 82 54 24 0 48 3 70 12 75 11 30 35 22 25 19 40 75 69 80 94 49 85 31 81 9 16 96 4 59 98 50 41 57 72 71 74 39 67 76 76 42 3 86 97 63 27 41 55 71 6 40 84 99 76 50 80 74 8 49 21 89 32 67 29 83 89 43 10 71 43 98 53 53 43 84 24 73 49 30 18
70 75 69 71 36 51 70 15 49 36 57 84 33 72 99 29 45 96 12 69 81 67 64 67 39 48 97 67 62 92 62 60 23 50 92 44 69 36 36 76 5 20 98 10 56 14 54 92 40 20 81 16 25 81 94 61 81 50 21 81 92 32 1 70 34 87 4 89 76 11 17 53 40 62 48 0 3 52 4 40 46 56 73 95 74 68 22 48 85 76 72 56 52 5 8 48 99 90 68 78 71 27 38 58 61 62 26 51 19 21 18 64 84 82 19 45 2 83 35 79 30 58 41 33 39 7 85 76 84 99 64 97 55 16 69 16 6 23 74 6 48 35 25 22 3 55 79 91 57 38 5
15 71 77 4 96 19 66 29 95 75 92 30 54 22 82 61 91 92 22 17 94 17 43 51 14 82 75 14 1 78 62 39 69 98 47 16 81 58 87 29 83 89 44 26 47 19 13 45 50 18 40 80 97 69 23 62 16 65 77 25 75 46 18 55 100 45 21 76 76 12 60 77 40 13 3 3 0 90 5 9 96 58 92 87 4 13 45 41 88 47 98 100 55 78 59 77 68 69 11 13 48 54 82 66 15 99 26 67 2 85 87 13 61 100 42 63 37 100 61 5 21 67 86 37 29 2 17 19 60 18 59 17 43 3 70 8 74 19 42 5 57 41 62 17 96 71 24 6 10 45 73
69 58 73 33 41 37 18 54 17 45 50 61 58 8 29 82 73 52 34 32 43 66 29 70 16 52 90 94 73 59 91 46 28 15 77 43 48 71 98 82 16 85 50 99 13 63 60 63 14 27 37 30 40 30 85 29 29 29 16 73 39 94 7 8 93 23 31 14 17 23 7 87 30 97 70 52 90 0 94 35 22 77 55 33 47 28 67 46 28 61 42 15 99 98 20 55 66 2 32 45 3 55 66 78 87 22 18 54 80 9 56 10 49 3 83 22 35 93 65 83 36 13 62 8 3 17 36 74 76 68 34 64 2 90 13 23 84 39 38 32 13 31 3 73 26 86 39 9 97 57 28
49 98 85 44 34 30 44 37 87 100 86 80 91 60 9 71 15 37 39 18 71 39 43 69 21 82 4 70 32 18 59 66 2 34 100 1 46 40 36 82 58 64 27 8 64 44 97 52 3 89 17 9 90 41 73 2 31 5 44 79 60 43 19 62 68 56 12 61 89 63 78 17 21 21 12 4 5 94 0 90 21 23 43 27 32 23 28 73 20 13 9 12 37 81 66 41 51 3 28 24 52 42 8 59 59 31 66 63 66 44 99 82 25 21 73 76 90 85 67 9 75 66 5 92 98 40 89 18 34 60 73 83 100 77 19 81 10 4 72 32 13 62 66 85 12 51 40 21 7 92 76
34 91 100 73 86 69 44 21 63 42 71 16 10 30 69 17 53 48 74 64 75 63 15 18 90 91 69 83 45 89 8 52 56 7 63 18 23 53 74 7 4 20 67 96 86 69 3 72 80 64 78 25 51 73 97 47 41 70 65 21 78 44 44 67 63 43 27 25 12 15 85 37 66 97 75 40 9 35 90 0 37 52 30 5 69 35 15 20 24 77 16 2 48 17 34 14 42 20 42 62 42 38 18 57 65 28 26 47 40 49 6 57 90 41 68 49 97 98 2 46 54 10 47 82 7 32 7 94 26 68 73 17 80 10 92 15 36 50 63 34 57 1 52 90 76 30 95 63 39 48 8
56 20 96 82 48 69 79 65 18 65 22 58 92 68 88 38 97 74 56 28 40 66 18 69 97 21 46 48 56 90 90 38 17 81 12 19 27 71 20 55 42 68 33 30 46 61 5 27 51 58 19 87 90 44 21 23 15 4 19 7 56 2 17 89 90 20 61 34 53 19 40 34 56 1 11 46 96 22 21 37 0 53 26 73 90 92 74 29 38 82 78 37 22 23 5 25 48 44 60 46 28 92 20 67 57 30 80 58 54 59 76 27 9 32 35 63 100 92 15 62 20 5 62 55 18 50 5 90 57 44 59 84 23 40 60 89 25 96 54 8 30 12 37 1 88 48 28 67 6 15 68
83 5 40 65 24 43 38 83 70 55 58 86 43 6 90 37 7 56 36 54 4 46 93 97 36 43 32 89 60 7 9 40 13 72 24 50 77 53 84 56 78 33 28 71 21 35 67 9 27 26 85 71 95 23 27 17 95 15 35 40 63 26 44 69 90 54 33 77 76 94 85 34 97 93 30 56 58 77 23 52 53 0 25 5 48 45 34 18 1 66 93 10 8 69 85 99 37 61 73 3 93 30 15 78 31 22 7 7 45 65 9 66 78 37 76 35 96 11 58 13 20 84 98 19 77 43 63 63 4 74 18 62 74 26 84 30 42 58 16 51 81 44 62 97 99 14 50 67 79 43 38
39 18 28 89 35 26 52 24 78 91 98 18 80 66 91 7 50 14 2 89 25 66 46 89 78 37 2 12 7 87 41 28 65 70 31 84 43 16 13 91 24 56 37 74 29 58 18 60 58 27 8 11 61 10 58 27 69 77 91 93 11 87 3 95 99 79 50 33 28 19 12 92 86 7 35 73 92 55 43 30 26 25 0 62 84 27 39 67 83 8 94 48 20 7 36 14 78 58 95 84 32 65 10 55 1 36 31 65 33 85 36 88 34 24 42 29 66 11 8 7 64 19 13 23 100 1 17 35 95 99 73 13 73 70 80 90 87 67 89 58 31 76 34 65 37 72 27 24 91 69 16
41 48 53 22 87 80 71 81 68 100 38 25 8 74 58 41 30 49 64 85 2 33 94 66 37 96 30 13 97 27 48 58 1 15 49 74 6 9 75 46 24 52 47 84 72 64 41 48 15 66 20 31 75 70 79 66 99 54 4 32 82 96 58 33 69 48 14 67 29 62 65 31 3 11 22 95 87 33 27 5 73 5 62 0 1 48 30 67 18 11 88 82 80 76 83 42 29 63 41 88 1 72 89 79 94 82 54 75 77 8 61 55 20 76 78 21 3 100 52 45 96 88 93 46 60 50 87 13 83 61 28 46 69 73 44 89 23 55 11 98 92 69 27 33 17 95 60 100 5 58 41
6 7 89 78 14 49 29 92 13 10 42 23 29 93 15 29 34 46 50 7 9 85 90 2 64 83 46 84 9 66 43 1 33 40 77 1 59 15 51 69 85 35 26 57 81 79 29 7 54 85 86 18 74 58 48 95 87 89 100 73 77 16 85 77 79 62 6 17 43 93 28 29 92 50 25 74 4 47 32 69 90 48 84 1 0 42 70 43 36 8 36 8 74 8 26 48 51 49 14 33 8 75 90 91 33 76 1 70 33 46 42 66 37 67 80 19 11 90 63 81 55 94 53 57 87 65 88 9 57 10 36 68 48 34 88 26 10 26 56 94 98 34 81 56 13 46 64 61 92 89 29
1 20 62 32 45 32 24 77 30 27 46 55 24 75 64 73 69 39 72 81 23 50 5 86 71 51 78 78 22 11 73 56 18 5 92 54 80 40 76 42 21 66 71 82 17 78 30 5 2 39 77 38 20 39 90 80 48 90 70 49 55 36 57 88 6 2 46 97 83 23 43 95 1 83 19 68 13 28 23 35 92 45 27 48 42 0 53 82 9 2 63 88 88 36 40 18 94 67 89 91 12 41 14 9 2 18 32 18 70 88 79 74 85 20 27 19 57 11 29 79 20 85 96 37 6 31 47 94 82 86 19 9 55 2 97 58 93 34 82 44 57 68 95 35 7 32 30 84 42 15 79
58 53 60 94 30 30 53 90 27 46 55 97 18 87 69 54 69 78 37 78 41 63 68 8 84 34 91 28 85 63 53 99 52 86 3 95 6 35 62 11 34 78 2 81 40 39 50 78 27 94 34 35 80 75 9 96 6 68 57 57 92 88 69 24 91 35 67 65 51 47 27 9 51 4 40 22 45 67 28 15 74 34 39 30 70 53 0 80 21 23 95 65 87 96 56 32 4 84 37 86 75 74 31 3 37 80 45 7 25 25 29 43 4 20 89 47 16 28 30 61 24 13 93 98 40 93 86 33 53 40 92 7 69 65 55 49 18 88 68 75 1 57 53 99 69 38 85 10 52 20 45
56 20 85 39 100 63 19 50 17 8 94 58 47 18 68 52 62 63 34 48 68 15 18 95 90 91 51 83 18 36 59 38 94 86 86 28 96 31 27 17 27 46 68 46 16 21 74 69 94 32 60 73 71 16 56 78 52 36 61 9 8 58 92 65 64 49 46 26 15 96 57 90 19 8 75 48 41 46 73 20 29 18 67 67 43 82 80 0 68 81 58 76 93 70 55 30 68 32 95 99 77 39 93 61 92 15 61 18 29 3 57 88 10 7 40 7 80 43 6 89 77 47 78 68 99 94 30 91 63 46 32 94 97 100 14 52 96 76 13 90 25 95 3 15 36 19 80 78 29 45 77
47 30 18 67 17 65 81 61 3 85 12 34 80 73 26 78 95 36 9 1 46 55 1 48 15 25 50 22 13 44 69 23 27 92 89 80 48 97 24 39 29 28 28 89 91 97 60 16 40 53 21 94 82 63 12 93 68 55 11 24 88 26 99 31 45 23 39 73 9 73 57 21 78 79 69 85 88 28 20 24 38 1 83 18 36 9 21 68 0 39 15 3 30 36 17 82 86 22 68 84 66 20 49 37 77 2 92 85 33 25 64 63 65 82 97 77 51 38 21 18 41 37 54 96 33 43 81 89 62 50 64 70 99 95 8 95 51 56 61 78 56 15 92 56 50 78 85 6 79 22 54
58 19 71 76 2 45 18 37 68 7 37 89 57 70 92 40 66 74 87 100 97 15 57 49 78 47 79 36 90 58 51 13 74 56 49 37 77 6 72 36 92 95 68 7 55 40 50 8 25 15 23 68 28 37 18 34 79 49 28 95 53 49 23 20 56 88 80 27 9 53 62 26 49 72 80 76 47 61 13 77 82 66 8 11 8 2 23 81 39 0 39 76 31 69 38 1 63 82 57 42 90 33 78 7 66 87 30 47 42 99 14 11 89 75 31 12 66 41 70 1 7 54 100 16 76 50 77 76 77 62 85 70 47 53 75 28 56 88 17 54 1 58 61 64 49 89 53 78 50 21 57
70 52 99 49 45 36 98 63 66 32 61 4 69 15 20 76 85 32 22 77 46 40 17 16 18 44 23 63 33 16 76 12 71 8 29 84 44 19 35 97 50 32 74 22 52 59 58 98 12 23 14 7 70 69 70 34 43 86 82 96 32 73 26 39 54 47 13 48 32 78 17 21 85 20 94 72 98 42 9 16 78 93 94 88 36 63 95 58 15 39 0 10 34 32 42 76 1 28 26 75 19 44 43 81 6 64 39 26 27 2 74 6 69 76 31 33 55 55 69 85 35 56 64 82 93 33 13 46 76 33 93 52 73 23 36 27 6 2 3 32 8 43 35 51 51 27 60 27 91 97 12
36 29 79 68 77 17 89 89 51 77 60 70 59 96 65 68 82 35 12 14 8 48 50 24 7 86 21 44 39 43 96 18 71 77 45 94 66 51 92 80 19 3 81 53 15 34 32 63 79 4 3 33 67 32 81 55 92 60 30 1 74 57 75 78 10 12 52 71 4 3 6 2 72 32 49 56 100 15 12 2 37 10 48 82 8 88 65 76 3 76 10 0 15 57 7 47 69 88 52 22 42 87 41 45 1 46 92 68 2 9 53 42 49 19 11 60 90 90 68 59 63 15 92 88 1 81 97 80 75 16 90 40 53 1 79 2 2 81 93 4 74 39 18 95 70 9 22 78 81 23 76
62 52 82 75 62 24 47 64 52 86 75 32 98 67 71 100 9 93 56 55 49 13 57 29 18 82 76 37 86 17 17 93 23 9 99 80 56 97 81 38 49 58 15 68 65 84 49 74 31 83 16 5 35 36 89 17 64 62 28 89 41 55 63 33 67 17 48 56 44 42 94 31 97 87 85 52 55 99 37 48 22 8 20 80 74 88 87 93 30 31 34 15 0 63 6 59 40 56 33 75 56 96 31 31 72 35 55 93 15 64 44 7 89 36 14 48 39 61 38 52 2 49 64 31 74 84 56 4 5 63 40 39 73 55 27 71 69 30 20 9 29 3 95 7 62 72 29 96 92 19 92
45 89 14 19 3 69 85 83 3 97 87 1 94 81 51 16 99 51 84 47 64 15 59 38 21 100 38 60 89 19 89 100 5 95 38 73 22 94 78 33 17 6 10 84 86 22 3 64 58 64 29 60 93 65 41 51 3 54 42 79 71 62 66 72 23 48 18 87 65 22 6 55 41 86 31 5 78 98 81 17 23 69 7 76 8 36 96 70 36 69 32 57 63 0 68 41 34 34 19 16 46 83 33 31 81 2 33 94 55 99 54 4 99 92 69 37 14 33 71 76 3 42 27 65 59 30 90 51 56 48 26 66 34 92 1 62 1 83 33 21 94 95 58 47 47 80 95 1 98 60 100
48 70 94 39 32 22 19 70 82 98 88 75 36 26 65 49 90 61 14 6 21 47 41 46 69 58 37 81 28 74 15 99 30 57 88 3 60 52 25 38 66 48 36 29 85 14 1 5 96 31 76 42 13 86 3 88 82 64 4 74 18 13 49 7 29 74 83 55 37 27 26 61 22 57 81 8 59 20 66 34 5 85 36 83 26 40 56 55 17 38 42 7 6 68 0 7 97 93 75 43 60 7 47 7 60 25 13 8 78 41 75 31 42 55 92 62 95 48 49 20 58 92 99 8 97 95 36 34 96 34 95 83 19 51 46 18 56 100 59 45 49 69 9 58 76 32 73 85 52 65 50
54 83 89 89 71 69 79 10 83 90 28 89 40 72 13 90 48 67 36 77 7 28 23 45 25 94 80 7 79 63 52 37 26 82 20 70 63 52 81 9 33 82 57 64 54 2 55 81 46 31 53 15 30 84 85 3 54 80 59 22 74 30 77 32 62 60 66 45 68 24 25 81 38 86 9 48 77 55 41 14 25 99 14 42 48 18 32 30 82 1 76 47 59 41 7 0 99 47 49 35 29 92 80 89 97 95 96 16 68 41 93 15 47 43 48 15 24 4 16 1 31 50 56 22 43 38 28 81 71 62 93 39 92 17 6 44 43 84 96 74 40 21 34 77 26 64 9 58 94 15 96
24 45 34 79 36 3 74 34 92 75 53 74 16 25 65 93 89 15 36 25 50 70 13 39 41 91 80 31 24 97 62 31 59 40 6 29 7 8 19 88 68 84 42 18 24 61 59 53 79 59 92 17 67 89 62 78 10 64 76 92 2 15 62 53 5 27 88 89 10 27 61 29 49 31 16 99 68 66 51 42 48 37 78 29 51 94 4 68 86 63 1 69 40 34 97 99 0 34 52 15 68 17 72 90 27 19 42 42 13 48 89 93 41 25 39 30 23 78 19 43 17 83 6 84 3 42 72 27 17 31 55 8 15 90 46 94 54 97 3 86 5 21 15 4 17 11 7 7 5 2 44
94 62 85 92 47 35 62 76 24 95 22 63 65 10 79 85 75 86 49 73 47 48 42 47 28 9 66 53 90 19 53 73 39 95 53 80 9 33 55 76 80 1 34 33 12 2 9 11 87 31 94 73 89 28 20 25 15 78 75 27 20 55 58 60 96 1 61 3 9 58 29 74 14 76 96 90 69 2 3 20 44 61 58 63 49 67 84 32 22 82 28 88 56 34 93 47 34 0 49 86 79 17 29 38 83 93 95 21 42 24 5 41 96 41 47 85 77 31 53 27 81 31 94 71 28 48 95 56 15 90 78 52 59 79 64 19 83 61 43 21 58 60 87 93 57 86 8 77 24 24 24
35 50 27 82 40 43 17 32 11 19 23 30 12 86 56 12 15 50 46 18 83 23 74 83 1 45 48 13 52 87 6 98 66 36 75 8 23 61 64 84 28 54 68 41 65 81 63 13 87 71 19 47 48 4 39 26 53 60 65 75 36 45 93 26 72 25 78 97 34 85 18 50 73 95 4 68 11 32 28 42 60 73 95 41 14 89 37 95 68 57 26 52 33 19 75 49 52 49 0 58 8 65 33 19 17 57 64 60 79 44 7 84 57 54 89 40 18 62 77 2 14 89 33 66 93 4 73 92 11 8 24 74 21 60 4 51 89 9 39 20 82 57 77 23 70 79 42 33 18 76 77
16 75 77 25 91 11 62 20 6 31 84 5 48 16 8 35 17 38 98 93 12 50 41 16 84 5 1 2 60 75 71 81 23 74 28 85 8 14 23 81 96 88 97 14 70 54 36 33 67 13 71 53 92 61 75 80 31 5 85 80 13 40 4 30 22 92 72 94 39 6 27 94 65 67 59 78 13 45 24 62 46 3 84 88 33 91 86 99 84 42 75 22 75 16 43 35 15 86 58 0 72 10 24 6 85 29 43 64 25 50 75 10 27 71 68 2 47 29 57 30 28 28 58 3 70 3 27 61 98 61 1 95 28 21 20 34 62 82 69 71 89 38 62 93 26 84 84 100 26 61 96
98 60 23 10 71 17 44 57 74 26 35 48 65 55 33 80 58 15 96 67 52 94 56 21 68 6 79 15 40 65 87 4 15 48 73 92 68 92 42 74 17 76 97 87 100 13 42 94 29 97 46 60 3 62 59 37 76 93 97 28 98 44 76 56 56 24 37 46 63 11 36 75 11 6 98 71 48 3 52 42 28 93 32 1 8 12 75 77 66 90 19 42 56 46 60 29 68 79 8 72 0 87 19 99 77 42 64 77 21 60 8 9 95 32 16 45 100 58 71 100 17 7 60 37 88 75 81 62 10 19 62 20 30 2 72 39 37 11 20 21 23 16 9 73 56 13 48 97 23 47 52
18 17 30 99 1 67 56 52 8 91 72 23 99 5 64 32 16 47 67 76 59 69 84 3 90 48 7 91 33 10 45 19 84 55 95 13 86 16 33 9 85 13 66 88 16 11 16 56 30 56 23 77 11 95 44 49 33 83 94 39 11 79 37 87 10 50 13 51 27 11 5 67 20 90 50 27 54 55 42 38 92 30 65 72 75 41 74 39 20 33 44 87 96 83 7 92 17 17 65 10 87 0 36 62 32 18 99 25 99 6 39 41 69 67 2 63 21 21 2 74 58 69 47 22 43 77 59 100 53 61 86 56 80 16 89 48 49 69 87 80 82 85 30 65 82 79 40 26 17 2 37
78 11 55 71 39 68 94 51 89 97 38 88 38 72 73 65 45 79 78 47 59 82 8 28 13 55 63 27 42 6 4 25 28 100 22 40 42 14 26 55 43 34 86 87 81 14 62 46 12 75 49 53 18 49 49 3 96 11 31 78 38 79 28 14 23 58 64 33 85 6 90 53 80 32 41 38 82 66 8 18 20 15 10 89 90 14 31 93 49 78 43 41 31 33 47 80 72 29 33 24 19 36 0 53 33 25 60 81 58 30 61 19 100 91 71 91 40 13 75 44 68 100 82 54 21 35 71 41 73 75 36 15 83 38 20 18 30 85 74 97 32 53 55 11 26 56 72 49 3 36 51
53 44 7 14 87 58 3 36 71 52 92 64 95 57 10 59 36 12 26 47 98 33 1 34 48 50 55 10 85 34 98 91 80 69 94 60 100 71 7 52 62 83 36 76 3 81 9 33 48 51 46 21 84 19 95 60 41 11 62 35 85 22 82 50 9 96 24 69 91 86 15 10 48 33 57 58 66 78 59 57 67 78 55 79 91 9 3 61 37 7 81 45 31 31 7 89 90 38 19 6 99 62 53 0 19 41 100 39 10 28 34 73 39 9 77 9 33 2 81 7 83 91 5 46 50 32 8 69 13 43 42 26 56 70 32 86 96 85 38 97 82 19 24 60 89 79 8 62 34 59 90
81 61 20 77 43 51 79 29 42 89 10 4 78 67 3 23 75 67 18 93 40 17 76 38 63 78 43 65 44 52 89 14 97 51 63 8 3 26 11 63 60 21 55 59 48 1 62 28 32 5 92 91 39 52 4 55 35 67 91 45 44 10 86 28 97 37 11 47 16 88 54 29 83 46 72 61 15 87 59 65 57 31 1 94 33 2 37 92 77 66 6 1 72 81 60 97 27 83 17 85 77 32 33 19 0 81 85 95 82 44 96 47 75 58 6 25 32 73 69 56 6 79 66 93 29 18 68 8 77 79 14 18 87 75 71 83 67 31 55 54 40 5 4 59 62 37 41 88 51 71 91
14 3 39 17 87 24 72 54 75 10 5 41 21 63 56 77 54 71 16 5 64 49 20 70 95 60 14 70 24 47 83 86 2 100 21 55 38 39 37 97 45 87 11 64 50 56 17 16 61 22 41 1 30 72 90 26 96 96 36 25 93 87 94 64 1 47 5 83 21 28 65 66 49 40 71 62 99 22 31 28 30 22 36 82 76 18 80 15 2 87 64 46 35 2 25 95 19 93 57 29 42 18 25 41 81 0 53 16 71 77 84 42 65 61 52 33 75 9 49 24 72 52 73 36 14 18 31 97 31 97 91 90 45 57 5 30 48 41 42 24 97 85 45 76 9 32 7 40 7 96 19
70 30 97 80 54 87 60 31 1 98 17 23 99 86 9 19 68 65 99 5 34 88 15 84 67 36 47 17 86 26 93 61 5 61 20 52 71 52 31 13 13 70 55 80 81 55 39 17 75 61 97 10 62 67 57 28 79 24 15 80 25 37 76 88 20 59 55 39 68 80 18 33 5 83 74 26 26 18 66 26 80 7 31 54 1 32 45 61 92 30 39 92 55 33 13 96 42 95 64 43 64 99 60 100 85 53 0 85 19 6 47 90 9 54 4 10 18 70 33 40 92 5 94 7 73 9 51 41 10 98 33 9 60 30 76 63 12 63 18 64 46 27 53 28 15 68 98 93 52 32 58
26 60 32 84 100 89 52 51 86 43 5 18 8 67 73 53 32 69 29 12 19 34 79 6 21 58 47 47 1 43 89 74 82 3 85 22 67 36 39 54 21 84 37 87 26 43 85 94 31 77 5 87 74 53 37 25 50 98 53 75 7 68 38 9 49 51 13 48 68 15 6 77 45 24 39 51 67 54 63 47 58 7 65 75 70 18 7 18 85 47 26 68 93 94 8 16 42 21 60 64 77 25 81 39 95 16 85 0 7 29 79 23 31 90 27 75 19 23 15 42 84 5 47 57 23 64 26 30 58 38 98 36 71 81 61 55 58 27 75 17 30 22 52 21 98 14 27 54 32 39 82
99 64 71 24 94 86 55 22 52 4 23 39 37 59 43 13 34 67 85 97 85 21 53 5 19 30 62 26 31 65 18 49 11 58 10 60 56 42 64 60 63 60 66 27 49 67 17 62 17 57 61 3 17 32 20 65 42 79 43 58 75 50 67 29 86 64 36 48 66 21 37 42 60 70 67 19 2 80 66 40 54 45 33 77 33 70 25 29 33 42 27 2 15 55 78 68 13 42 79 25 21 99 58 10 82 71 19 7 0 73 31 49 45 13 31 86 74 6 92 53 43 93 46 63 84 32 9 73 96 1 97 44 16 93 22 92 93 98 24 7 75 72 55 52 23 16 66 23 74 70 28
28 99 70 56 50 30 42 32 61 51 84 63 40 36 20 15 81 11 6 57 32 78 3 55 54 63 56 50 87 88 73 25 68 34 81 84 98 64 53 47 71 39 48 37 44 89 36 99 19 57 48 63 54 64 8 85 70 17 28 24 71 20 66 33 44 91 66 24 95 62 26 45 89 61 76 21 85 9 44 49 59 65 85 8 46 88 25 3 25 99 2 9 64 99 41 41 48 24 44 50 60 6 30 28 44 77 6 29 73 0 27 2 100 51 20 96 36 100 37 19 26 66 97 70 95 77 82 36 22 19 16 38 21 27 57 34 35 54 56 75 70 70 86 66 46 26 77 81 88 73 63
51 30 35 89 82 64 81 13 52 46 98 92 85 73 47 26 39 81 90 65 63 49 37 10 89 87 19 45 98 16 41 56 71 83 61 96 47 99 2 74 90 95 33 2 42 64 61 50 72 80 29 99 30 87 85 46 9 22 45 57 40 3 64 89 100 84 22 25 37 6 87 74 73 99 76 18 87 56 99 6 76 9 36 61 42 79 29 57 64 14 74 53 44 54 75 93 89 5 7 75 8 39 61 34 96 84 47 79 31 27 0 48 40 34 23 51 20 44 33 98 19 58 48 91 21 57 67 95 59 99 98 59 22 84 22 93 23 38 84 52 61 43 40 33 89 18 93 90 1 27 21
44 86 21 70 76 34 46 99 43 78 20 97 78 52 96 90 56 37 91 56 48 84 24 49 27 32 8 97 55 32 38 23 8 64 98 95 26 37 33 1 26 90 68 3 7 82 65 68 96 64 38 24 41 95 60 75 88 13 51 99 44 20 63 25 22 72 9 29 67 39 44 54 91 17 42 64 13 10 82 57 27 66 88 55 66 74 43 88 63 11 6 42 7 4 31 15 93 41 84 10 9 41 19 73 47 42 90 23 49 2 48 0 74 36 20 12 33 56 60 51 86 36 74 99 100 20 90 67 26 83 85 3 56 96 100 78 55 79 60 99 87 91 67 14 59 38 15 66 9 43 26
57 46 77 7 84 89 74 37 34 46 4 52 20 55 72 100 5 83 23 10 96 70 27 29 15 49 56 6 42 54 46 66 5 74 18 39 10 39 2 80 59 97 76 31 77 76 54 62 66 71 95 26 35 92 2 94 98 52 3 18 94 54 22 81 47 36 67 98 81 88 44 91 86 30 3 84 61 49 25 90 9 78 34 20 37 85 4 10 65 89 69 49 89 99 42 47 41 96 57 27 95 69 100 39 75 65 9 31 45 100 40 74 0 96 87 15 46 85 56 15 62 68 23 88 68 1 69 22 51 92 7 50 80 99 49 38 36 74 55 55 21 8 88 10 85 93 50 8 61 37 39
65 29 17 81 17 78 66 74 43 75 49 5 42 86 82 67 17 61 57 60 9 16 35 12 67 68 14 33 11 79 92 67 16 11 28 49 27 66 34 12 18 7 55 39 68 16 88 92 23 84 97 10 22 20 58 87 84 96 42 43 5 23 12 20 10 78 52 88 75 86 9 11 35 27 86 82 100 3 21 41 32 37 24 76 67 20 20 7 82 75 76 19 36 92 55 43 25 41 54 71 32 67 91 9 58 61 54 90 13 51 34 36 96 0 36 53 66 82 79 66 54 84 38 68 65 23 65 56 44 11 4 87 42 35 50 48 63 32 62 84 62 6 82 89 24 89 40 75 41 6 33
65 44 62 74 95 6 7 33 45 12 67 46 73 24 88 1 69 27 82 35 44 51 95 18 12 86 31 51 14 35 52 65 75 73 8 9 33 89 100 10 78 61 36 66 36 29 49 71 57 76 32 57 86 25 22 6 73 12 75 51 20 45 100 11 58 76 18 97 55 37 17 20 58 42 97 19 42 83 73 68 35 76 42 78 80 27 89 40 97 31 31 11 14 69 92 48 39 47 89 68 16 2 71 77 6 52 4 27 31 20 23 20 87 36 0 93 94 80 18 9 64 92 15 29 8 98 78 36 68 88 41 72 28 34 10 73 27 22 41 45 37 89 78 49 17 47 54 83 50 19 64
70 31 35 84 68 59 59 27 18 24 31 74 70 98 95 55 51 74 39 47 59 99 15 32 92 48 36 87 83 96 59 37 77 12 41 14 24 61 75 93 2 77 19 97 35 74 15 40 33 49 41 33 80 48 95 85 58 49 79 9 64 90 77 86 4 86 66 20 17 85 62 70 92 48 63 45 63 22 76 49 63 35 29 21 19 19 47 7 77 12 33 60 48 37 62 15 30 85 40 2 45 63 91 9 25 33 10 75 86 96 51 12 15 53 93 0 63 50 14 29 10 5 8 18 28 11 38 98 67 9 8 4 84 48 82 85 26 81 40 52 97 23 67 20 93 79 92 24 39 18 5
34 68 86 66 92 82 59 50 89 34 30 22 17 86 46 47 98 93 75 22 26 100 91 45 20 74 82 16 18 91 51 87 75 27 20 58 80 83 66 87 54 59 16 11 90 37 34 31 20 42 2 58 10 17 44 42 70 42 68 53 32 60 34 43 9 5 93 65 55 87 14 60 24 80 27 2 37 35 90 97 100 96 66 3 11 57 16 80 51 66 55 90 39 14 95 24 23 77 18 47 100 21 40 33 32 75 18 19 74 36 20 33 46 66 94 63 0 46 23 53 74 26 10 21 25 34 8 76 56 4 37 80 18 31 27 59 29 15 66 38 25 57 51 1 75 85 77 44 24 68 54
94 62 50 41 25 95 21 8 4 100 30 79 24 24 79 71 28 93 65 95 57 90 4 94 2 5 76 31 5 69 47 11 42 100 1 76 25 62 11 76 36 8 4 98 23 5 49 62 36 82 20 96 57 62 19 94 94 2 100 87 19 97 58 8 61 74 17 44 70 80 57 8 67 64 41 83 100 93 85 98 92 11 11 100 90 11 28 43 38 41 55 90 61 33 48 4 78 31 62 29 58 21 13 2 73 9 70 23 6 100 44 56 85 82 80 50 46 0 45 15 55 6 69 85 10 37 2 13 80 46 77 14 64 34 29 39 98 49 61 73 90 82 79 59 31 11 84 1 91 78 60
28 15 100 80 60 35 95 24 37 88 47 86 21 1 42 45 26 82 41 36 95 31 93 47 68 46 98 70 72 17 75 82 91 60 59 78 37 68 61 64 66 17 4 19 91 65 26 91 91 56 83 30 85 84 50 87 68 49 85 18 100 16 87 62 87 7 64 5 86 42 78 59 67 84 55 35 61 65 67 2 15 58 8 52 63 29 30 6 21 70 69 68 38 71 49 16 19 53 77 57 71 2 75 81 69 49 33 15 92 37 33 60 56 79 18 14 23 45 0 52 10 80 83 29 61 41 4 67 89 94 95 40 41 53 34 47 44 73 100 12 86 80 36 4 76 45 1 44 81 42 53
71 100 14 12 63 98 82 28 86 88 15 84 50 53 92 48 89 79 56 17 26 25 24 17 38 69 14 43 96 8 84 1 60 94 13 55 93 12 1 10 63 35 77 36 14 19 34 59 57 73 1 75 79 84 55 8 40 5 47 71 72 63 24 17 32 69 25 9 81 56 91 67 63 19 71 79 5 83 9 46 62 13 7 45 81 79 61 89 18 1 85 59 52 76 20 1 43 27 2 30 100 74 44 7 56 24 40 42 53 19 98 51 15 66 9 29 53 15 52 0 1 58 26 45 13 15 37 27 94 41 11 65 91 21 30 93 36 83 37 58 33 57 55 68 36 18 3 65 84 60 24
48 95 87 30 92 37 70 57 54 30 81 87 14 7 7 8 86 49 97 33 84 54 93 31 41 78 90 34 71 40 83 6 26 4 5 88 29 95 2 70 92 67 54 41 42 56 87 29 87 76 23 18 100 1 87 85 15 78 3 38 50 60 53 24 21 49 87 43 71 14 100 72 10 75 6 30 21 36 75 54 20 20 64 96 55 20 24 77 41 7 35 63 2 3 58 31 17 81 14 28 17 58 68 83 6 72 92 84 43 26 19 86 62 54 64 10 74 55 10 1 0 66 74 45 90 26 13 71 54 26 77 9 65 77 43 83 45 51 58 9 32 77 14 20 73 8 33 70 9 80 97
37 76 25 9 16 36 25 89 47 73 70 73 4 16 86 44 4 43 7 32 43 100 79 39 89 54 91 48 28 66 59 53 48 13 17 66 68 68 75 16 44 87 11 96 71 32 45 30 45 49 40 14 95 57 96 72 38 48 88 4 21 19 43 78 100 55 77 64 63 81 49 2 17 42 40 58 67 13 66 10 5 84 19 88 94 85 13 47 37 54 56 15 49 42 92 50 83 31 89 28 7 69 100 91 79 52 5 5 93 66 58 36 68 84 92 5 26 6 80 58 66 0 25 83 54 9 51 64 75 97 43 70 48 97 43 38 45 41 93 74 33 86 83 83 74 32 43 96 1 62 62
85 83 89 50 86 74 63 91 89 59 40 83 32 82 20 63 44 73 74 75 35 54 30 86 86 89 84 36 21 55 3 83 56 60 74 79 3 92 65 87 86 42 70 47 68 4 18 33 50 74 91 91 77 77 60 37 80 8 14 95 14 99 12 57 95 73 1 99 63 29 21 36 17 33 84 41 86 62 5 47 62 98 13 93 53 96 93 78 54 100 64 92 64 27 99 56 6 94 33 58 60 47 82 5 66 73 94 47 46 97 48 74 23 38 15 8 10 69 83 26 74 25 0 60 2 66 64 17 59 92 15 24 98 26 12 97 91 18 67 87 47 7 20 59 63 99 5 36 52 23 74
19 45 19 70 74 21 48 41 93 96 80 58 35 77 68 3 96 42 32 72 72 44 16 84 30 8 100 97 62 62 53 73 32 42 67 4 23 32 100 73 88 65 33 92 55 52 86 74 63 65 39 42 22 59 83 93 11 48 83 98 65 78 32 47 66 83 100 1 95 90 38 60 77 6 99 33 37 8 92 82 55 19 23 46 57 37 98 68 96 16 82 88 31 65 8 22 84 71 66 3 37 22 54 46 93 36 7 57 63 70 91 99 88 68 29 18 21 85 29 45 45 83 60 0 59 84 28 35 89 91 95 62 51 47 61 98 13 81 62 66 19 73 52 13 86 18 85 51 47 91 45
72 55 37 83 53 76 66 69 20 89 28 68 78 97 54 62 25 1 2 31 46 91 85 72 67 87 83 75 75 92 74 31 72 25 42 68 24 4 43 59 81 67 16 36 38 90 70 45 98 92 83 90 71 3 32 21 92 26 61 63 48 45 73 82 72 3 29 53 25 74 43 36 18 16 76 39 29 3 98 7 18 77 100 60 87 6 40 99 33 76 93 1 74 59 97 43 3 28 93 70 88 43 21 50 29 14 73 23 84 95 21 100 68 65 8 28 25 10 61 13 90 54 2 59 0 18 98 27 48 48 45 27 40 68 52 97 1 46 46 40 51 18 45 87 64 61 47 18 18 44 35
36 30 62 17 37 11 95 16 73 89 89 50 43 9 92 35 14 53 58 93 70 91 21 91 45 16 63 1 34 40 84 60 90 89 31 76 75 89 89 67 91 44 21 70 71 32 15 60 95 61 79 25 51 33 82 10 89 47 93 79 53 23 100 100 73 13 36 64 30 29 90 8 24 96 50 7 2 17 40 32 50 43 1 50 65 31 93 94 43 50 33 81 84 30 95 38 42 48 4 3 75 77 35 32 18 18 9 64 32 77 57 20 1 23 98 11 34 37 41 15 26 9 66 84 18 0 75 67 96 35 79 54 33 74 54 60 93 73 82 9 40 35 91 96 95 91 40 65 23 2 54
69 74 16 74 1 12 46 22 87 20 20 49 82 99 85 25 99 31 78 96 42 74 68 7 83 3 51 24 14 28 94 71 28 12 5 30 85 64 38 23 68 38 86 47 96 68 41 38 63 76 52 38 87 13 3 87 92 56 69 29 25 68 54 16 89 28 32 47 34 47 46 74 14 83 80 85 17 36 89 7 5 63 17 87 88 47 86 30 81 77 13 97 56 90 36 28 72 95 73 27 81 59 71 8 68 31 51 26 9 82 67 90 69 65 78 38 8 2 4 37 13 51 64 28 98 75 0 41 47 32 53 84 91 21 6 31 12 16 98 83 60 42 20 55 38 8 76 34 45 1 64
80 99 33 46 67 17 60 74 59 60 76 53 17 16 59 76 43 57 81 91 31 87 4 37 46 53 38 31 100 69 65 96 60 95 16 35 34 41 97 86 86 71 93 89 61 38 27 89 97 90 41 79 60 80 42 19 22 81 9 28 26 35 66 63 23 47 32 25 34 74 60 56 83 40 74 76 19 74 18 94 90 63 35 13 9 94 33 91 89 76 46 80 4 51 34 81 27 56 92 61 62 100 41 69 8 97 41 30 73 36 95 67 22 56 36 98 76 13 67 27 71 64 17 35 27 67 41 0 2 40 73 72 23 26 8 96 88 80 32 34 91 59 7 53 11 8 71 68 64 76 74
27 97 22 29 80 29 87 46 12 66 81 77 100 33 42 99 50 76 45 44 50 63 74 65 1 91 58 54 88 16 97 78 97 2 64 84 64 43 81 35 12 9 10 62 47 33 44 80 77 56 17 11 22 63 62 8 95 8 79 57 80 21 69 27 38 4 86 92 28 86 56 16 30 40 8 84 60 76 34 26 57 4 95 83 57 82 53 63 62 77 76 75 5 56 96 71 17 15 11 98 10 53 73 13 77 31 10 58 96 22 59 26 51 44 68 67 56 80 89 94 54 75 59 89 48 96 47 2 0 24 96 10 79 38 56 77 60 77 25 18 50 91 14 80 26 51 15 98 40 94 82
43 42 53 15 3 82 76 85 64 52 87 94 31 26 17 62 38 98 17 74 4 4 85 94 98 29 63 54 26 8 98 38 1 61 87 14 64 68 7 95 23 49 17 25 37 4 15 77 38 6 90 7 99 89 13 8 93 2 4 38 4 8 19 31 71 57 63 28 55 71 39 14 67 71 49 99 18 68 60 68 44 74 99 61 10 86 40 46 50 62 33 16 63 48 34 62 31 90 8 61 19 61 75 43 79 97 98 38 1 19 99 83 92 11 88 9 4 46 94 41 26 97 92 91 48 35 32 40 24 0 7 7 31 100 98 38 72 45 84 40 37 18 13 71 44 29 93 99 52 95 74
90 62 67 13 55 62 66 44 15 58 5 58 36 76 27 81 46 27 64 8 71 13 79 80 59 72 79 76 11 93 61 58 78 73 38 54 47 60 8 8 42 19 62 69 64 19 45 63 69 71 91 21 78 45 20 87 70 26 46 23 97 89 73 35 19 23 38 5 79 17 55 11 57 8 21 64 59 34 73 73 59 18 73 28 36 19 92 32 64 85 93 90 40 26 95 93 55 78 24 1 62 86 36 42 14 91 33 98 97 16 98 85 7 4 41 8 37 77 95 11 77 43 15 95 45 79 53 73 96 7 0 63 44 96 74 56 87 88 13 68 75 71 57 62 93 51 55 70 91 22 26
1 83 94 21 33 7 66 95 11 59 83 54 99 36 74 63 74 91 42 17 70 17 95 16 47 71 68 25 50 23 69 43 46 7 67 70 17 1 49 4 5 2 41 52 19 65 96 46 86 71 45 22 77 7 97 15 47 31 47 18 32 22 77 9 48 94 4 15 32 89 54 41 1 30 89 97 17 64 83 17 84 62 13 46 68 9 7 94 70 70 52 40 39 66 83 39 8 52 74 95 20 56 15 26 18 90 9 36 44 38 59 3 50 87 72 4 80 14 40 65 9 70 24 62 27 54 84 72 10 7 63 0 25 10 91 44 17 1 49 40 54 92 88 73 63 92 89 67 80 61 57
62 73 72 41 11 43 25 61 61 80 61 94 70 44 86 12 49 11 11 92 12 92 6 82 9 81 41 46 56 34 54 20 87 9 55 17 7 70 57 58 93 26 52 43 12 16 97 51 88 67 94 88 98 94 16 20 72 85 90 25 5 34 53 17 66 100 91 24 79 50 67 58 46 79 32 55 43 2 100 80 23 74 73 69 48 55 69 97 99 47 73 53 73 34 19 92 15 59 21 28 30 80 83 56 87 45 60 71 16 21 22 56 80 42 28 84 18 64 41 91 65 48 98 51 40 33 91 23 79 31 44 25 0 32 19 30 53 46 99 68 14 74 59 6 90 3 61 99 98 74 24
14 74 99 30 29 49 24 4 2 98 26 79 21 7 75 96 71 33 44 66 90 65 95 65 99 94 34 60 4 55 89 10 98 6 52 92 63 57 69 59 3 95 24 28 40 91 11 83 62 14 90 59 83 100 51 21 2 86 90 46 91 47 99 64 83 84 81 43 31 65 75 55 75 50 67 16 3 90 77 10 40 26 70 73 34 2 65 100 95 53 23 1 55 92 51 17 90 79 60 21 2 16 38 70 75 57 30 81 93 27 84 96 99 35 34 48 31 34 53 21 77 97 26 47 68 74 21 26 38 100 96 10 32 0 75 19 25 17 78 49 94 61 44 65 60 63 54 74 66 36 96
12 66 63 21 18 75 19 25 46 16 50 87 77 89 23 55 9 2 85 93 16 34 71 35 14 51 62 86 25 68 20 6 100 61 26 35 86 8 77 40 14 78 71 34 11 100 67 35 64 13 43 44 90 97 86 46 14 47 3 60 67 50 69 42 31 57 39 18 50 44 89 87 4 81 29 69 70 13 19 92 60 84 80 44 88 97 55 14 8 75 36 79 27 1 46 6 46 64 4 20 72 89 20 32 71 5 76 61 22 57 22 100 49 50 10 82 27 29 34 30 43 43 12 61 52 54 6 8 56 98 74 91 19 75 0 68 11 22 44 45 42 15 36 5 44 29 83 79 81 92 28
67 100 78 57 9 1 44 60 35 14 56 79 13 23 98 31 25 77 60 85 8 98 99 87 32 91 1 44 94 25 89 43 35 13 14 71 92 94 42 8 62 93 40 32 15 82 17 2 48 17 75 34 90 47 19 62 10 72 60 1 76 24 77 19 45 50 82 43 87 87 60 85 17 34 83 16 8 23 81 15 89 30 90 89 26 58 49 52 95 28 27 2 71 62 18 44 94 19 51 34 39 48 18 86 83 30 63 55 92 34 93 78 38 48 73 85 59 39 47 93 83 38 97 98 97 60 31 96 77 38 56 44 30 19 68 0 93 86 71 88 85 88 67 63 38 36 82 5 5 81 92
66 15 11 80 51 44 12 2 8 71 14 64 55 3 58 85 50 94 55 49 3 42 6 68 98 75 56 78 58 17 33 92 20 9 64 54 48 1 42 3 15 14 5 46 93 80 30 52 48 50 56 51 61 48 21 40 31 65 95 66 19 3 44 81 49 15 13 99 11 31 63 11 20 45 89 6 74 84 10 36 25 42 87 23 10 93 18 96 51 56 6 2 69 1 56 43 54 83 89 62 37 49 30 96 67 48 12 58 93 35 23 55 36 63 27 26 29 98 44 36 45 45 91 13 1 93 12 88 60 72 87 17 53 25 11 93 0 61 58 24 98 32 38 99 19 84 43 43 59 70 56
30 62 31 72 25 43 40 23 81 74 45 96 71 17 75 96 59 76 80 96 36 69 28 17 12 48 36 26 94 45 15 96 73 90 23 92 74 22 10 94 9 56 11 20 34 48 22 13 17 20 68 57 94 4 58 61 73 88 28 67 32 94 57 4 36 100 24 69 49 33 33 44 75 60 43 23 19 39 4 50 96 58 67 55 26 34 88 76 56 88 2 81 30 83 100 84 97 61 9 82 11 69 85 85 31 41 63 27 98 54 38 79 74 32 22 81 15 49 73 83 51 41 18 81 46 73 16 80 77 45 88 1 46 17 22 86 61 0 97 83 82 79 22 18 89 23 90 52 17 59 55
7 22 25 47 68 68 17 93 32 22 97 88 91 63 96 86 14 94 89 38 56 3 98 26 59 33 12 87 74 2 98 54 97 13 24 88 84 97 27 21 97 91 38 65 66 54 80 42 34 73 70 7 9 2 27 26 74 15 42 18 43 73 8 76 19 58 4 13 43 73 25 49 13 62 10 74 42 38 72 63 54 16 89 11 56 82 68 13 61 17 3 93 20 33 59 96 3 43 39 69 20 87 74 38 55 42 18 75 24 56 84 60 55 62 41 40 66 61 100 37 58 93 67 62 46 82 98 32 25 84 13 49 99 78 44 71 58 97 0 69 68 87 14 18 49 89 8 51 44 73 32
45 7 34 70 72 2 98 82 67 10 47 58 30 99 59 39 92 96 42 76 27 31 77 12 97 51 30 99 6 99 53 60 45 30 20 89 59 95 41 49 51 9 51 85 81 53 33 39 91 95 11 100 60 4 82 82 35 94 96 52 82 40 78 22 85 87 96 17 15 95 76 18 88 29 71 6 5 32 32 34 8 51 58 98 94 44 75 90 78 54 32 4 9 21 45 74 86 21 20 71 21 80 97 97 54 24 64 17 7 75 52 99 55 84 45 52 38 73 12 58 9 74 87 66 40 9 83 34 18 40 68 40 68 49 45 88 24 83 69 0 6 27 96 50 86 60 29 13 7 91 35
75 7 74 76 2 95 46 7 56 8 25 84 92 9 20 99 17 64 48 36 32 45 53 76 92 11 62 38 26 46 95 19 37 80 92 55 58 49 43 72 41 9 47 19 31 77 12 89 49 52 72 91 12 30 38 13 88 1 46 72 51 95 83 26 64 7 67 66 100 27 55 91 50 72 43 48 57 13 13 57 30 81 31 92 98 57 1 25 56 1 8 74 29 94 49 40 5 58 82 89 23 82 32 82 40 97 46 30 75 70 61 87 21 62 37 97 25 90 86 33 32 33 47 19 51 40 60 91 50 37 75 54 14 94 42 85 98 82 68 6 0 56 71 47 27 35 65 62 92 90 76
32 23 18 61 73 87 8 61 56 79 25 88 21 81 66 82 43 98 8 35 6 72 1 97 100 55 38 13 70 50 27 89 26 43 9 4 17 27 5 84 79 53 4 57 77 46 59 2 24 60 27 10 72 12 54 57 62 67 81 80 32 100 45 72 41 78 89 35 9 56 7 85 58 48 98 35 41 31 62 1 12 44 76 69 34 68 57 95 15 58 43 39 3 95 69 21 21 60 57 38 16 85 53 19 5 85 27 22 72 70 43 91 8 6 89 23 57 82 80 57 77 86 7 73 18 35 42 59 91 18 71 92 74 61 15 88 32 79 87 27 56 0 32 77 78 26 48 39 92 54 49
37 86 12 24 34 70 36 72 90 96 6 56 100 48 96 62 19 69 37 27 74 62 61 4 33 99 9 22 80 18 80 51 40 71 52 24 4 81 25 25 35 40 93 5 66 71 45 69 33 39 17 33 70 89 86 38 47 59 53 97 22 66 32 85 52 25 6 13 57 60 57 59 45 89 53 25 62 3 66 52 37 62 34 27 81 95 53 3 92 61 35 18 95 58 9 34 15 87 77 62 9 30 55 24 4 45 53 52 55 86 40 67 88 82 78 67 51 79 36 55 14 83 20 52 45 91 20 7 14 13 57 88 59 44 36 67 38 22 14 96 71 32 0 41 34 27 88 89 71 40 97
44 79 47 2 53 59 18 52 67 87 12 37 6 93 39 44 21 57 49 79 17 97 91 19 6 76 93 2 34 50 98 36 33 63 97 49 4 77 29 53 29 26 36 68 57 88 99 78 19 18 29 79 14 37 93 92 13 97 45 70 8 41 17 66 93 28 46 74 11 58 65 6 50 15 53 22 17 73 85 90 1 97 65 33 56 35 99 15 56 64 51 95 7 47 58 77 4 93 23 93 73 65 11 60 59 76 28 21 52 66 33 14 10 89 49 20 1 59 4 68 20 83 59 13 87 96 55 53 80 71 62 73 6 65 5 63 99 18 18 50 47 77 41 0 57 11 52 90 21 69 25
82 80 10 33 61 28 39 71 2 48 77 2 65 62 30 45 88 55 38 92 27 71 43 67 28 92 67 9 99 91 6 24 66 75 31 18 46 23 82 68 16 81 8 79 76 56 82 55 69 91 48 37 51 59 23 18 44 78 72 33 97 62 12 41 55 44 50 77 67 52 52 60 22 27 43 3 96 26 12 76 88 99 37 17 13 7 69 36 50 49 51 70 62 47 76 26 17 57 70 26 56 82 26 89 62 9 15 98 23 46 89 59 85 24 17 93 75 31 76 36 73 74 63 86 64 95 38 11 26 44 93 63 90 60 44 38 19 89 49 86 27 78 34 57 0 26 2 29 21 79 12
33 63 37 79 80 100 89 37 6 79 88 80 47 87 16 76 22 90 33 38 56 45 67 70 95 91 6 78 51 77 76 8 75 78 87 42 6 80 27 54 79 38 52 88 79 96 88 69 35 91 2 10 93 76 29 51 87 45 49 6 62 26 47 10 13 49 32 16 39 62 85 28 48 2 84 55 71 86 51 30 48 14 72 95 46 32 38 19 78 89 27 9 72 80 32 64 11 86 79 84 13 79 56 79 37 32 68 14 16 26 18 38 93 89 47 79 85 11 45 18 8 32 99 18 61 91 8 8 51 29 51 92 3 63 29 36 84 23 89 60 35 26 27 11 26 0 98 46 44 82 82
40 88 57 83 92 48 99 9 1 64 93 11 14 5 27 67 4 45 28 44 46 9 87 54 60 21 92 21 38 56 39 21 22 98 20 96 42 75 82 74 89 28 4 31 32 14 57 57 17 11 85 46 32 38 35 29 99 50 52 36 13 74 57 1 15 87 4 98 58 77 10 8 36 28 24 79 24 39 40 95 28 50 27 60 64 30 85 80 85 53 60 22 29 95 73 9 7 8 42 84 48 40 72 8 41 7 98 27 66 77 93 15 50 40 54 92 77 84 1 3 33 43 5 85 47 40 76 71 15 93 55 89 61 54 83 82 43 90 8 29 65 48 88 52 2 98 0 92 46 33 49
73 27 21 66 100 16 86 37 94 47 55 48 8 86 33 62 65 53 80 79 2 44 71 4 11 61 34 63 65 4 34 10 19 6 3 33 9 90 84 48 90 58 47 74 68 100 51 76 23 5 91 21 6 68 48 94 64 11 100 55 20 45 12 55 35 95 7 7 36 89 29 15 8 88 73 91 6 9 21 63 67 67 24 100 61 84 10 78 6 78 27 78 96 1 85 58 7 77 33 100 97 26 49 62 88 40 93 54 23 81 90 66 8 75 83 24 44 1 44 65 70 96 36 51 18 65 34 68 98 99 70 67 99 74 79 5 43 52 51 13 62 39 89 90 29 46 92 0 11 30 97
83 94 3 8 19 27 69 55 47 99 51 57 38 93 5 82 100 48 66 2 90 37 20 15 3 13 80 70 89 52 72 60 41 79 99 62 3 92 94 4 100 93 14 56 71 98 81 25 18 28 8 83 18 56 56 90 62 91 49 19 57 86 66 68 90 16 5 45 88 16 39 12 100 57 49 57 10 97 7 39 6 79 91 5 92 42 52 29 79 50 91 81 92 98 52 94 5 24 18 26 23 17 3 34 51 7 52 32 74 88 1 9 61 41 50 39 24 91 81 84 9 1 52 47 18 23 45 64 40 52 91 80 98 66 81 5 59 17 44 7 92 92 71 21 21 44 46 11 0 53 17
18 90 86 69 23 8 43 76 95 83 64 9 25 82 78 92 92 99 88 57 12 56 16 56 37 14 96 1 89 51 30 21 46 81 63 77 30 68 65 73 73 73 46 7 54 16 68 53 59 10 41 47 67 97 66 77 82 24 79 7 98 69 40 46 99 3 7 57 31 77 60 49 1 12 30 38 45 57 92 48 15 43 69 58 89 15 20 45 22 21 97 23 19 60 65 15 2 24 76 61 47 2 36 59 71 96 32 39 70 73 27 43 37 6 19 18 68 78 42 60 80 62 23 91 44 2 1 76 94 95 22 61 74 36 92 81 70 59 73 91 90 54 40 69 79 82 33 30 53 0 10
74 1 95 67 57 89 94 14 38 14 2 36 44 58 92 76 53 78 94 87 66 18 28 100 43 46 37 62 72 61 73 27 40 3 69 61 63 52 78 50 29 86 57 83 60 82 17 66 38 35 18 41 70 19 88 74 84 52 27 90 61 9 55 45 46 49 53 28 73 66 12 19 93 6 18 5 73 28 76 8 68 38 16 41 29 79 45 77 54 57 12 76 92 100 50 96 44 24 77 96 52 37 51 90 91 19 58 82 28 63 21 26 39 33 64 5 54 60 53 24 97 62 74 45 35 54 64 74 82 74 26 57 24 96 28 92 56 55 32 35 76 49 97 25 12 82 49 97 17 10 0
74 49 33 55 13 80 45 67 15 38 47 45 3 31 8 50 49 41 45 70 42 9 24 63 41 14 7 53 59 42 30 67 48 23 14 74 19 66 19 31 32 3 28 17 0 66 46 40 7 25 54 9 11 62 53 11 42 10 62 17 32 62 45 33 51 34 2 27 22 51 37 45 68 1 38 54 22 32 31 4
0 131 37 136 93 11 68 36 7 49 29 31 59 4 126 149 72 85 0
18
20.52517533302307