80 100
3 9 8 6 9 4 6 4 8 3 2 10 3 0 5 0 6 6 10 3 2 5 9 0 7 0 4 6 9 7 7 10 4 5 0 4 9 6 2 3 5 9 1 2 9 1 5 8 10 1 0 1 6 2 9 9 8 1 5 10 8 1 10 10 10 3 8 5 2 9 5 1 7 5 0 10 1 7 1 5 3 7 3 1 7 10 2 4 3 6 0 2 2 4 1 9 6 10 8 5
6 2 3 1 8 1 5 6 7 6 1 4 6 5 9 5 2 7 5 9 0 4 1 4 3 4 3 10 0 7 6 10 9 7 6 1 0 0 4 8 0 3 9 3 9 6 7 2 9 10 4 2 6 9 3 10 1 8 10 4 0 2 9 7 8 2 7 2 7 2 2 9 3 6 5 3 3 10 3 0 6 10 6 2 6 8 0 8 6 6 6 9 6 1 0 8 0 4 1 0
1 7 10 10 5 4 9 3 4 10 9 5 0 4 2 0 4 5 7 9 5 4 8 0 3 5 3 8 10 6 3 3 1 10 8 5 5 1 7 1 3 7 6 6 1 1 2 0 9 6 10 0 10 2 7 0 9 8 8 3 10 5 6 1 3 2 4 9 3 9 3 1 7 0 1 7 6 4 10 2 4 10 9 5 7 5 10 2 1 6 4 8 9 0 5 6 3 3 4 6
10 0 0 3 7 6 7 6 0 8 0 6 8 6 2 5 7 9 10 10 7 9 0 7 7 10 1 6 9 3 7 7 3 0 9 7 9 10 4 6 6 7 9 1 2 3 4 4 3 2 6 1 8 0 7 3 0 9 8 0 5 0 2 8 6 3 5 0 5 10 2 5 7 6 2 0 8 0 7 8 8 1 9 6 3 8 3 4 3 5 2 10 2 5 6 8 9 4 3 7
2 4 10 3 9 3 4 6 5 3 3 6 0 10 8 0 10 6 0 3 8 10 3 4 8 8 2 7 7 7 7 8 7 8 7 6 6 2 9 9 4 8 10 9 4 1 10 10 1 7 5 7 4 7 0 0 2 5 8 5 9 4 5 3 2 4 5 3 8 9 6 8 6 4 10 7 0 6 8 10 8 0 1 9 1 1 1 0 4 10 5 2 7 9 1 10 7 2 9 1
7 5 6 7 2 8 7 4 5 6 10 4 2 9 8 10 6 2 5 7 5 6 8 3 5 5 10 0 10 5 4 7 2 6 10 7 5 6 10 0 5 6 5 8 0 2 4 7 4 3 6 10 8 3 9 2 10 10 7 6 3 0 1 3 9 1 6 4 9 6 2 10 0 6 1 0 5 9 0 5 3 4 2 8 5 9 6 10 7 6 2 9 9 1 2 4 6 9 9 5
8 7 2 1 7 2 6 10 5 10 2 6 9 2 0 3 3 4 0 5 10 5 5 2 10 3 9 7 1 2 2 5 8 7 0 7 10 6 7 8 4 6 9 6 5 2 7 4 9 9 3 10 5 7 2 0 2 0 2 4 2 5 4 4 1 3 4 5 4 4 5 1 7 1 7 10 4 9 1 5 10 2 5 9 4 3 8 6 3 4 8 10 7 4 9 7 10 7 4 7
10 4 1 1 4 0 8 5 10 9 0 2 4 5 10 9 10 6 0 9 6 3 9 0 1 1 5 7 8 7 6 7 6 2 4 9 0 3 2 9 10 6 1 10 10 4 1 5 9 0 6 5 10 6 9 10 5 0 1 3 6 4 5 0 8 6 10 9 7 0 5 5 7 10 10 3 2 8 8 9 9 2 3 10 10 4 0 2 6 10 1 2 8 5 9 0 5 10 10 0
1 5 9 9 0 1 4 5 3 5 9 3 5 0 9 5 3 5 5 2 2 9 8 9 10 0 7 3 2 1 2 10 7 6 0 10 5 7 5 3 9 1 3 3 6 2 0 1 6 9 2 9 5 8 0 8 10 2 2 9 10 1 3 8 1 8 9 10 4 4 9 8 10 7 10 7 6 9 4 1 10 6 3 10 10 3 4 8 7 0 3 0 6 1 2 3 1 2 2 6
7 7 3 8 3 1 3 10 3 1 3 10 7 3 4 6 9 5 1 2 1 6 4 10 5 5 10 7 0 10 7 0 5 5 0 8 9 8 1 2 3 4 2 7 7 9 0 2 5 5 5 9 9 3 3 7 9 10 3 4 1 8 7 0 3 6 9 3 7 3 8 2 2 2 5 2 4 4 10 8 2 4 2 3 9 1 4 6 1 10 3 7 5 10 7 5 5 4 9 2
8 0 5 6 7 1 7 4 6 4 3 10 10 0 7 9 10 9 7 8 10 2 3 4 1 8 4 4 5 2 9 5 8 5 4 4 2 2 2 1 0 2 6 8 5 2 1 2 1 1 0 2 7 9 5 4 3 5 0 3 7 0 9 7 9 5 6 6 2 6 1 2 2 3 5 5 1 9 5 2 0 6 6 9 0 3 10 9 3 3 4 0 7 3 0 1 10 2 5 7
4 5 6 9 4 8 7 0 3 3 0 7 5 4 9 9 5 8 0 10 5 4 9 1 1 7 9 8 5 8 0 5 0 10 3 6 1 2 6 8 7 6 0 1 4 6 4 3 6 2 8 4 2 2 2 0 4 9 3 1 1 5 6 5 2 5 8 9 1 3 5 6 3 0 1 10 10 4 5 0 10 0 7 7 3 10 2 0 2 1 1 4 8 1 4 3 9 5 0 7
7 8 9 8 2 9 5 7 6 2 2 0 9 3 10 9 10 0 9 3 6 7 4 0 1 6 5 1 7 10 7 3 8 2 4 6 8 0 8 7 4 7 2 3 9 9 8 6 5 2 5 9 4 2 6 8 5 7 1 4 5 10 0 2 4 7 5 0 3 10 0 10 1 7 9 7 0 5 6 10 9 2 7 10 6 10 9 5 4 7 10 9 7 2 5 1 8 10 0 9
6 2 4 9 0 1 6 5 3 2 2 2 10 5 9 10 5 4 7 7 1 7 6 10 9 8 0 3 7 4 1 7 9 10 2 3 2 1 4 8 1 3 3 9 1 7 6 6 0 4 4 3 5 0 1 9 5 3 3 6 9 7 6 10 8 0 10 4 0 9 0 4 5 10 10 1 0 8 2 5 4 7 2 1 1 5 2 4 4 5 9 2 3 7 9 2 9 6 0 7
8 1 0 1 6 5 3 6 8 5 9 3 8 2 9 0 7 1 8 10 4 0 1 4 6 6 1 7 1 6 0 2 2 3 0 0 5 0 5 3 2 6 7 10 9 6 6 3 7 5 4 6 6 0 10 6 1 3 10 3 9 10 10 9 4 10 7 7 9 3 5 2 3 8 1 6 10 2 0 4 9 4 9 3 5 2 7 9 2 9 1 9 5 1 8 10 2 2 8 6
10 8 5 4 9 4 5 0 3 7 8 10 4 4 6 0 0 4 1 8 10 9 9 5 7 6 2 2 7 10 2 4 5 5 2 9 8 9 7 0 8 6 2 7 0 0 7 10 0 4 0 2 3 10 10 7 9 5 3 9 8 7 10 5 4 4 0 5 7 10 7 3 8 10 7 9 10 2 0 5 8 0 10 2 4 9 4 6 0 7 5 2 1 9 9 5 3 5 5 3
6 2 1 9 8 3 2 3 1 9 6 6 8 1 9 4 0 5 4 10 8 4 8 5 9 10 8 7 2 6 7 7 7 10 7 10 6 1 4 0 10 9 2 4 0 5 4 5 4 6 3 7 8 5 2 4 5 10 3 3 9 5 5 1 10 4 1 1 5 8 2 7 0 3 9 9 3 2 4 1 2 3 0 6 7 7 3 1 5 3 3 9 7 3 5 8 10 7 1 3
9 5 9 2 1 5 10 5 7 0 5 7 2 7 6 9 2 10 2 3 4 6 0 7 1 1 9 6 3 10 3 3 9 6 1 3 7 10 3 4 6 10 7 4 3 0 4 1 10 8 2 3 8 2 9 9 4 1 1 10 8 6 1 8 7 1 1 8 5 5 3 2 8 5 5 10 6 8 6 5 0 1 1 7 8 3 3 1 4 5 4 8 8 8 8 1 6 6 2 8
3 6 0 2 8 2 10 5 1 1 7 2 7 3 10 4 4 7 0 1 8 3 5 6 6 5 6 0 10 7 8 8 8 10 6 6 3 7 4 2 9 3 0 5 8 4 5 2 0 10 8 3 9 10 3 2 4 3 8 2 9 8 7 9 4 7 3 3 7 10 2 10 4 0 3 7 2 6 8 1 1 9 0 9 7 8 9 2 7 10 8 5 9 8 6 5 3 9 6 6
9 3 8 2 9 6 5 0 6 2 6 9 6 1 4 7 2 10 9 6 10 1 4 2 1 0 2 3 8 5 7 6 1 6 9 10 9 2 0 5 5 4 8 6 6 8 4 5 7 3 0 8 6 7 6 6 10 7 8 2 1 7 3 6 4 10 8 7 5 7 0 7 4 4 2 1 0 9 1 0 10 8 4 0 8 4 6 2 9 8 2 6 9 5 5 5 10 0 9 0
10 0 9 0 6 4 0 5 10 10 0 10 7 1 9 4 8 4 4 5 7 0 4 3 8 10 9 10 7 5 9 2 1 7 10 4 7 3 3 4 8 3 4 3 7 6 8 6 3 8 7 7 4 3 1 5 8 7 2 7 7 8 0 4 5 0 9 8 6 3 7 6 0 6 5 6 5 10 9 9 3 0 10 1 1 1 2 10 3 0 6 9 3 0 8 1 9 4 5 1
6 5 3 10 8 2 5 4 9 4 2 10 8 4 8 2 7 8 4 7 6 1 0 0 0 6 5 2 1 9 0 7 9 3 5 10 3 0 4 7 2 1 7 3 10 4 9 0 3 5 8 7 9 6 6 9 6 8 6 3 10 4 3 6 10 5 7 6 10 5 7 10 3 1 4 5 7 7 4 6 6 6 5 3 1 10 3 8 6 7 9 5 0 7 2 9 5 1 4 0
10 0 1 1 4 7 4 6 8 6 2 9 10 6 3 8 1 1 0 8 2 10 2 9 5 1 2 5 9 2 5 10 10 5 6 5 8 0 2 7 9 2 9 4 5 9 1 4 7 0 7 3 2 9 8 5 3 4 4 9 0 4 5 0 9 1 8 1 6 2 0 8 0 0 2 5 4 9 0 0 8 5 2 1 5 3 3 1 8 3 4 1 8 7 3 3 0 3 7 5
8 9 7 3 7 10 2 4 4 0 1 6 10 9 6 1 1 1 8 7 5 3 9 3 1 6 7 8 6 9 6 10 2 5 0 5 7 7 6 9 6 4 3 7 8 1 0 7 8 3 6 10 10 8 4 0 8 2 0 3 5 6 2 4 4 0 2 7 7 3 1 6 5 7 4 7 1 6 3 5 10 3 1 8 8 2 7 2 2 1 8 8 7 10 10 7 0 7 3 7
9 3 1 4 6 3 8 4 8 6 2 2 1 6 5 4 6 9 5 0 4 9 7 7 2 6 7 0 0 2 10 4 1 0 3 2 3 2 5 4 0 1 5 5 5 5 3 3 8 4 4 9 2 0 0 9 3 7 2 6 0 0 7 5 0 1 8 9 7 6 0 2 6 8 7 5 5 6 2 10 1 7 9 3 9 0 10 3 8 4 6 9 2 8 8 10 6 9 2 2
8 10 10 8 6 10 9 10 7 10 0 0 10 3 3 1 1 4 7 3 6 5 5 2 5 10 8 7 9 1 5 5 3 6 2 1 0 7 0 0 10 2 3 5 6 4 1 5 5 9 6 9 5 2 3 3 9 3 0 10 7 6 6 10 1 5 3 6 0 2 7 6 10 1 6 3 2 9 4 6 10 6 6 8 4 7 8 4 10 5 8 4 6 10 8 1 4 8 4 0
7 3 8 0 4 3 1 9 1 9 0 4 6 10 8 4 2 2 3 8 6 7 10 5 1 7 7 0 5 2 0 1 9 4 3 0 6 6 3 6 2 3 8 2 1 5 8 4 6 3 7 8 3 5 2 1 1 10 1 0 4 8 2 8 0 6 5 5 3 0 9 7 2 8 1 8 10 6 0 7 4 4 10 4 8 7 10 9 6 2 6 1 1 7 8 7 5 5 2 0
8 0 0 10 9 5 3 5 1 2 5 1 3 8 8 3 3 0 7 8 2 8 8 9 6 7 5 0 2 10 10 5 4 3 0 3 10 4 3 8 8 4 4 8 3 2 1 10 6 2 9 8 5 6 5 5 5 3 1 4 2 9 0 5 8 2 2 8 3 0 6 7 9 1 10 10 8 1 3 10 9 9 4 4 7 0 2 1 8 2 10 9 5 5 0 0 3 2 0 8
3 0 8 9 0 10 10 3 2 9 2 8 4 8 7 1 4 1 10 8 6 9 8 0 2 0 2 3 8 2 0 3 9 6 9 1 5 8 4 0 4 2 8 8 5 3 10 7 2 7 2 3 2 2 4 7 2 1 10 10 1 6 1 0 6 2 1 3 3 7 7 8 3 10 2 1 5 5 3 1 10 2 0 2 10 7 2 0 6 0 9 9 8 7 0 1 8 3 2 2
3 7 9 3 8 6 0 7 6 4 6 2 8 3 7 9 10 4 6 2 0 0 4 4 8 5 8 1 5 6 8 9 0 2 6 6 7 6 6 9 4 10 5 0 3 10 0 1 1 1 4 6 10 7 5 9 0 8 10 1 9 1 6 3 5 7 0 3 9 0 5 7 1 5 2 10 2 3 7 5 1 9 10 1 2 8 0 5 4 2 1 5 6 10 4 5 3 3 9 8
3 5 8 3 1 2 7 2 0 10 2 1 1 4 0 9 2 6 7 5 10 10 3 8 5 6 6 9 6 4 10 9 9 9 0 1 8 1 2 2 10 2 1 9 0 2 9 1 3 7 9 1 6 7 1 9 7 10 8 0 10 8 9 8 3 6 9 1 2 2 6 0 3 2 4 8 5 8 6 0 4 1 1 0 0 10 4 9 0 0 3 3 5 6 8 6 5 6 10 5
10 10 2 8 7 4 10 1 9 2 9 8 6 7 0 6 6 9 10 3 9 10 9 1 5 5 5 6 6 4 10 2 9 4 7 9 9 8 7 8 10 7 2 4 7 8 0 10 3 5 3 7 4 0 1 6 7 4 4 1 5 8 9 5 9 9 6 1 0 5 8 10 1 0 1 7 5 5 1 7 3 5 3 5 5 10 9 0 10 6 0 10 6 1 7 1 5 7 7 9
5 6 9 4 6 9 3 0 10 8 3 9 2 0 1 10 2 9 0 5 4 4 3 9 10 8 2 10 5 0 10 1 1 3 2 9 6 5 4 8 2 6 1 5 2 2 7 1 1 5 8 3 7 5 2 6 6 6 8 2 4 0 4 10 0 9 3 0 2 9 7 7 5 10 2 7 7 6 1 1 4 0 4 5 10 3 7 10 9 8 9 3 5 9 8 9 9 7 2 0
7 7 0 5 6 0 5 6 7 7 9 5 10 8 5 10 4 0 8 10 5 3 6 2 1 9 2 1 8 3 8 3 3 4 6 10 1 7 1 3 9 6 3 4 3 9 9 2 1 1 10 9 3 7 7 6 7 8 5 0 4 4 5 1 8 4 4 6 6 3 5 0 7 10 5 6 7 8 9 9 4 0 1 1 6 2 5 10 2 10 7 3 10 5 0 8 0 10 5 10
3 1 1 2 3 5 9 9 8 4 7 7 5 9 4 2 6 0 7 2 0 2 1 8 1 10 8 10 0 8 9 7 1 7 9 10 6 4 6 0 5 8 7 4 10 1 9 8 3 3 9 10 5 7 8 9 5 6 5 6 4 8 8 6 10 1 10 5 6 10 1 5 2 7 3 7 9 1 7 7 5 3 4 7 0 10 3 9 1 4 6 4 8 2 8 10 6 0 3 8
10 7 10 8 4 9 8 10 2 1 10 1 1 0 0 5 2 4 0 0 3 5 8 5 4 6 5 7 9 2 6 9 1 10 6 1 3 6 2 10 4 6 9 0 0 10 0 9 9 0 9 10 9 7 0 3 9 10 5 9 5 3 10 3 10 10 7 7 5 10 4 10 0 4 6 3 9 6 1 8 0 2 6 5 5 1 3 6 5 0 7 7 8 2 5 3 10 10 7 1
5 7 9 1 8 2 10 0 6 2 5 8 10 6 0 6 5 5 2 3 8 10 9 10 6 2 5 4 4 4 4 7 0 4 4 10 5 5 7 8 0 7 9 8 3 0 3 4 8 7 7 6 2 3 9 4 9 10 5 6 8 9 6 9 9 9 3 2 4 5 6 5 7 10 6 5 0 3 8 7 9 3 8 4 3 5 8 7 1 6 1 1 6 9 0 4 2 7 5 1
1 4 9 7 8 2 9 10 2 7 5 4 10 0 1 2 5 5 1 6 0 2 8 9 3 4 4 1 5 8 4 0 5 7 7 7 6 4 8 2 9 0 6 3 5 8 9 8 5 10 4 5 7 3 9 3 10 8 6 7 1 10 6 2 1 8 10 6 5 4 2 8 2 4 8 4 5 2 5 4 3 4 2 0 0 5 10 7 10 4 1 10 3 0 2 2 7 4 5 4
9 10 6 1 8 5 10 9 9 1 10 6 6 5 4 5 8 0 8 3 2 2 2 0 0 10 6 1 6 2 4 10 10 1 9 0 6 10 6 1 1 10 10 10 3 9 5 1 8 6 9 7 9 8 5 9 7 1 9 6 8 8 9 5 2 6 8 7 6 0 10 9 8 4 8 1 3 0 9 8 4 7 4 1 10 7 6 10 2 3 10 7 10 8 2 9 5 8 6 9
6 8 2 5 4 5 9 6 1 3 0 4 3 8 10 2 1 2 9 2 9 10 10 2 5 0 9 10 8 7 0 8 7 2 9 4 3 0 7 9 5 6 0 0 5 1 2 10 4 10 10 10 8 1 6 8 6 10 8 8 3 2 5 8 1 4 9 3 8 4 4 9 8 7 9 10 3 5 7 6 8 8 10 5 9 0 9 1 9 5 1 7 1 5 5 9 9 0 8 0
8 2 5 2 8 9 1 1 7 5 6 2 4 0 0 2 3 5 1 10 6 1 3 8 2 6 9 10 4 4 2 2 6 0 0 9 9 2 8 0 6 3 2 7 1 1 0 4 7 2 3 8 2 1 4 6 10 7 3 1 4 4 0 8 9 0 4 10 0 0 9 4 3 3 9 4 9 6 6 10 5 1 5 0 3 7 8 4 9 9 6 3 4 5 5 3 9 6 2 7
4 2 0 0 10 8 5 0 8 7 9 10 5 4 6 10 6 5 8 3 1 2 2 6 9 6 2 10 10 7 8 6 4 4 0 5 7 1 4 4 3 7 7 1 0 4 1 7 8 3 3 6 1 9 10 6 6 5 9 4 4 1 2 2 0 8 4 10 10 4 0 6 10 6 8 9 3 1 7 8 10 1 4 3 6 7 0 1 9 3 9 7 0 5 5 4 6 4 7 8
9 9 4 6 5 2 5 1 5 0 10 4 1 9 9 9 7 6 2 9 5 3 4 4 2 7 6 10 3 2 4 2 9 4 2 5 7 0 8 2 9 10 3 10 0 10 0 7 5 10 9 9 0 5 4 7 10 8 10 5 6 10 5 8 1 0 7 7 1 4 0 10 10 5 9 6 10 7 4 0 4 6 8 5 2 8 4 8 8 9 6 5 8 5 10 9 10 3 9 10
5 7 7 9 2 7 3 0 3 7 1 10 0 6 0 1 3 5 10 3 1 0 6 7 10 5 1 7 7 0 0 2 2 8 10 1 1 0 1 7 10 3 0 1 8 10 3 8 3 10 0 3 6 9 4 9 9 10 8 1 7 2 6 9 5 5 4 8 6 5 5 10 7 8 2 2 1 1 8 6 8 0 9 2 2 2 4 4 4 2 7 4 10 7 2 7 8 8 6 5
5 6 6 9 7 10 6 3 3 0 5 10 3 8 9 1 5 1 10 9 4 7 0 7 8 10 6 8 8 1 6 10 10 10 5 2 10 6 6 7 3 8 0 1 9 8 8 2 5 2 8 1 8 7 3 6 4 10 2 5 10 10 2 7 1 9 7 1 5 7 6 7 0 8 5 10 7 2 0 8 3 1 1 6 1 3 5 0 6 7 8 10 8 5 7 3 10 7 7 8
6 6 2 0 1 0 2 5 0 4 0 2 1 10 10 6 2 3 3 3 10 2 8 6 9 0 2 4 3 10 10 6 0 8 2 2 0 3 5 5 5 2 0 8 3 4 8 4 9 1 4 9 9 7 8 1 5 3 7 4 1 9 6 10 10 6 0 4 3 0 4 2 9 2 7 7 4 10 5 0 9 2 3 6 8 5 5 7 6 1 5 6 3 10 7 9 9 6 10 4
7 1 7 10 3 1 4 3 5 2 6 1 5 10 1 0 1 2 4 5 10 6 2 2 8 4 0 7 2 5 4 2 0 10 0 0 2 0 9 10 8 2 9 1 3 1 4 10 10 0 10 1 4 0 8 2 8 3 1 4 0 7 9 9 1 8 4 8 4 7 0 6 7 0 1 1 2 1 6 2 6 10 4 9 5 6 1 4 9 1 7 2 9 6 3 10 6 7 8 1
7 4 6 10 1 8 2 4 3 4 10 4 0 10 10 6 10 10 2 7 5 10 10 6 3 7 6 5 4 5 3 8 4 1 9 8 7 3 10 7 3 0 3 5 1 8 7 10 0 3 5 4 0 2 2 2 10 1 9 3 6 10 9 8 7 9 1 10 1 7 7 8 3 1 4 10 9 2 6 9 8 7 0 5 1 8 6 0 7 3 9 2 4 8 0 2 9 10 9 1
0 2 3 9 1 0 9 2 8 1 9 2 6 10 5 7 1 8 4 8 6 7 4 2 5 8 1 7 4 2 5 5 8 1 1 4 5 0 3 1 6 5 4 8 10 8 6 9 8 8 1 6 0 2 1 3 9 0 8 2 6 10 6 1 7 2 6 9 7 8 2 7 3 0 2 10 7 5 10 1 7 10 4 9 3 1 2 5 9 8 8 8 4 1 3 9 6 2 0 1
9 10 7 9 5 5 0 6 2 5 5 0 7 5 6 0 2 0 8 9 5 8 8 0 6 4 8 1 1 3 9 5 0 5 9 8 0 4 3 2 6 10 7 1 8 6 5 1 1 2 7 2 8 5 1 2 2 5 3 2 10 3 6 5 7 6 10 3 2 3 2 3 0 3 5 4 7 1 10 0 5 3 10 5 2 9 4 7 1 2 2 0 4 3 5 9 3 7 4 6
1 0 10 3 4 2 8 6 6 2 10 2 2 7 0 0 9 6 8 4 5 2 8 8 6 1 9 10 5 0 2 9 7 0 0 2 5 4 4 4 2 9 9 7 7 10 5 0 1 4 2 5 8 5 0 9 1 0 10 1 2 9 1 0 6 9 4 7 6 5 0 10 2 4 3 1 4 2 3 2 1 1 8 9 2 7 0 10 7 1 0 7 7 1 1 3 5 3 10 6
2 8 4 8 0 9 5 0 2 6 7 4 1 4 1 9 8 2 5 10 0 2 10 5 9 4 8 2 8 6 2 1 4 6 10 0 4 3 7 8 8 4 4 7 7 1 4 6 4 6 10 0 3 8 1 3 2 5 9 8 6 3 7 8 7 6 1 5 7 0 1 9 9 4 4 6 9 8 0 10 2 3 0 0 6 6 5 5 0 5 1 4 5 6 1 7 9 0 6 4
1 8 0 0 4 8 5 0 1 8 0 1 5 0 2 10 3 7 1 10 0 5 6 4 1 3 1 6 3 9 2 3 3 4 0 9 4 4 9 1 5 5 10 3 4 6 8 3 4 1 6 6 1 6 2 6 9 10 9 10 2 5 3 5 6 4 4 6 9 2 1 8 7 7 8 6 8 1 10 6 5 6 9 8 5 10 6 9 9 10 10 1 8 9 5 3 9 10 7 10
0 1 6 10 2 5 1 4 7 0 2 1 4 5 7 8 5 8 1 10 10 9 2 2 6 3 9 4 1 0 7 3 2 5 7 7 10 4 9 5 5 5 0 8 2 2 1 7 9 0 10 1 6 7 5 7 4 9 8 3 0 3 2 10 10 2 8 10 9 6 0 1 0 7 0 4 10 8 3 5 8 4 2 7 3 3 6 8 5 0 1 2 10 8 8 1 2 7 6 10
10 4 9 9 4 9 9 5 3 2 5 7 3 5 8 10 0 4 1 2 10 3 8 0 4 4 0 6 6 2 4 7 6 8 2 4 7 6 3 9 5 10 10 9 1 10 9 3 4 0 3 3 1 4 1 7 9 6 2 3 10 5 0 10 3 3 4 5 10 6 8 1 6 4 7 6 9 3 1 2 5 10 0 6 1 10 4 6 0 10 9 2 10 6 0 1 2 6 4 4
4 3 0 8 5 3 10 2 9 2 1 9 10 9 9 0 9 4 3 10 5 6 7 6 4 6 2 6 5 3 4 7 1 9 1 0 6 10 8 4 10 7 6 10 1 10 4 6 7 8 8 2 1 9 5 5 8 8 2 3 3 3 8 9 5 1 1 3 10 4 1 1 1 1 8 0 10 5 8 7 9 10 3 6 6 10 9 5 6 6 9 1 10 7 10 1 10 5 3 5
1 0 10 0 7 3 7 8 8 3 9 3 6 5 4 8 1 4 7 5 3 1 2 7 8 5 10 2 7 1 0 0 9 7 3 8 7 0 3 7 6 1 5 6 6 5 2 1 5 10 1 2 9 0 8 2 7 7 6 6 5 2 2 5 2 0 8 4 10 4 5 10 3 10 3 2 8 5 5 9 3 5 0 0 1 9 7 10 8 9 10 6 10 0 10 10 4 9 2 2
2 4 5 6 4 4 8 3 0 8 8 2 4 9 0 7 8 8 7 9 5 9 10 3 1 9 10 7 5 5 8 10 6 0 3 10 9 3 5 9 8 10 5 10 0 6 0 7 2 7 0 5 6 5 0 9 9 4 0 10 2 2 5 2 7 9 2 4 8 10 10 1 7 9 8 10 2 3 10 4 8 4 6 5 10 0 7 6 8 4 3 2 0 2 4 1 10 0 3 10
9 10 2 2 6 3 10 6 9 8 2 9 4 2 0 1 4 2 8 2 4 8 10 9 6 8 1 10 7 2 2 8 0 7 5 2 3 8 0 4 5 6 7 2 9 0 1 4 5 2 8 7 5 0 9 9 7 8 8 8 0 2 6 5 10 7 5 3 1 3 7 4 9 7 7 3 7 8 3 7 7 1 9 8 0 9 6 3 8 9 3 6 3 9 8 10 7 10 2 8
4 2 0 9 10 0 6 5 1 8 7 9 7 0 10 3 4 7 10 7 4 0 4 9 0 4 8 8 2 9 3 8 6 0 9 10 1 8 7 8 9 5 8 9 7 9 10 7 7 2 1 9 3 7 3 1 10 1 0 6 2 4 3 0 0 7 8 1 2 9 10 4 8 10 1 8 5 8 8 3 8 6 9 10 5 6 3 9 9 6 3 8 9 3 2 1 8 6 2 3
3 3 1 10 10 5 2 7 7 6 9 7 5 2 5 8 7 3 3 7 5 3 9 6 3 1 3 3 5 8 4 5 2 8 8 7 4 3 7 4 3 7 9 10 8 7 7 1 1 5 1 7 6 5 9 2 0 5 7 2 1 1 4 8 7 9 4 3 10 0 5 10 7 8 7 4 6 0 10 10 4 6 0 1 6 3 7 4 4 9 6 0 10 7 0 10 8 2 0 5
9 9 10 3 10 1 7 10 4 4 3 10 1 0 8 6 0 0 3 7 9 4 4 3 2 10 9 6 0 10 5 4 5 4 1 5 0 1 9 8 1 3 4 10 0 4 3 5 9 0 4 4 8 9 7 1 4 1 1 1 3 2 7 3 8 10 8 10 9 0 9 3 9 10 6 1 9 7 1 2 7 8 3 8 2 8 9 5 0 3 7 0 1 2 6 0 4 3 3 5
8 0 4 1 7 9 10 4 10 1 5 9 7 3 6 8 9 8 4 10 2 6 3 6 9 6 2 5 9 8 2 7 0 6 3 0 6 10 7 2 0 5 3 8 6 7 7 3 1 6 10 6 3 7 6 2 9 7 0 10 10 10 7 4 10 10 0 5 7 5 7 8 9 1 9 2 10 4 10 10 5 1 4 9 0 6 1 2 2 10 4 8 10 6 6 3 2 5 1 1
6 7 6 9 4 10 5 3 10 4 10 7 4 2 9 6 10 4 8 4 10 6 1 8 10 1 4 7 2 6 5 8 0 10 1 4 4 3 7 9 5 8 3 4 7 7 0 6 2 2 1 6 3 2 7 10 0 0 9 4 7 10 10 6 7 5 4 9 5 8 5 10 9 7 8 6 3 5 7 8 0 10 5 1 6 5 5 9 7 6 8 4 6 2 8 5 7 4 1 2
10 4 7 9 9 9 7 10 8 4 9 3 1 4 9 2 6 5 2 7 7 3 7 4 8 3 0 1 5 1 3 3 8 5 7 10 2 6 8 6 6 7 6 6 2 7 5 10 2 5 0 0 5 10 4 5 10 3 9 9 0 6 7 5 0 5 0 3 2 4 9 0 5 6 6 9 7 0 2 3 4 0 5 0 3 10 10 0 5 2 5 2 6 9 0 8 2 3 2 8
9 4 8 4 3 5 3 6 0 5 7 6 2 3 3 5 8 7 7 9 10 3 10 5 8 8 8 10 9 4 8 9 9 8 1 5 1 6 6 9 2 0 8 9 10 4 6 7 9 2 1 4 1 3 2 2 9 1 7 6 6 7 2 9 8 9 3 7 2 6 9 10 1 9 7 4 6 4 2 10 9 9 2 9 10 5 7 5 0 10 5 5 3 2 8 3 0 9 8 4
5 3 9 6 2 9 0 1 0 8 9 0 8 2 2 3 5 7 5 2 6 4 9 0 4 3 10 4 0 2 10 7 8 6 8 0 4 8 6 4 7 4 7 1 8 3 9 2 3 2 4 7 6 4 2 5 7 5 6 0 0 7 2 10 2 9 3 5 5 4 4 1 2 9 1 9 3 4 10 5 6 4 7 10 10 7 1 10 2 7 10 6 7 8 9 9 8 4 10 5
4 3 9 6 7 8 8 9 4 2 1 6 7 7 9 4 3 0 6 0 1 1 6 6 8 2 10 0 8 9 0 2 5 10 5 1 5 3 3 10 2 9 2 9 6 4 4 9 3 7 1 6 8 2 4 1 0 5 6 3 5 6 4 8 7 1 3 8 8 2 1 10 10 7 5 10 6 7 9 2 2 10 0 5 3 0 0 9 5 5 7 1 9 4 10 2 6 1 5 1
3 1 2 1 5 4 0 10 7 1 0 4 2 8 0 1 2 7 4 2 10 8 1 4 1 4 2 8 10 8 4 9 2 8 5 1 10 9 3 0 5 0 6 6 1 10 7 0 9 8 2 3 3 2 6 3 7 0 8 10 3 3 10 7 5 4 6 2 4 3 8 3 9 7 10 7 8 1 10 2 0 10 5 6 8 7 8 5 3 1 8 1 6 6 6 10 8 7 5 10
7 7 2 7 3 5 7 0 3 0 9 3 6 7 3 9 8 7 4 6 2 0 0 10 1 7 6 5 10 5 5 4 2 7 9 6 5 4 4 2 3 0 7 4 0 0 4 5 1 1 6 6 1 4 7 3 0 9 1 6 6 3 1 10 4 7 8 0 7 5 9 7 0 1 10 3 2 7 8 3 7 2 3 4 4 2 0 3 7 2 6 2 10 10 9 6 3 2 1 6
2 8 1 1 5 7 9 2 9 4 10 1 5 5 4 2 0 0 6 2 0 8 4 2 0 0 4 7 4 3 10 1 6 3 8 3 9 2 5 10 4 3 2 4 5 5 8 10 3 7 5 7 2 10 1 10 1 10 3 6 4 0 8 6 3 2 5 10 2 3 7 10 10 5 9 5 6 8 5 8 10 1 8 2 10 6 5 9 5 7 1 9 1 0 5 10 0 3 6 6
5 4 4 3 5 6 0 5 8 8 1 6 9 10 1 2 8 9 8 3 10 0 4 0 8 5 8 9 8 7 7 9 2 8 0 1 3 5 1 4 8 6 3 4 9 2 4 6 8 8 1 6 3 6 1 5 8 2 8 1 4 3 1 7 5 0 5 0 0 10 9 7 6 3 2 9 3 2 9 4 6 5 4 9 2 7 6 8 5 5 4 3 10 0 8 4 3 7 9 5
1 2 9 1 10 5 7 9 8 6 1 6 7 8 0 4 6 1 9 6 8 9 1 0 2 0 10 5 1 9 0 6 7 8 7 1 1 6 9 6 6 1 2 6 3 3 2 9 3 3 5 1 9 7 4 8 3 10 7 3 0 8 0 10 9 10 9 10 9 2 3 1 0 8 1 8 4 10 8 6 1 7 8 2 6 6 10 2 8 8 6 5 3 2 0 1 3 9 10 0
10 0 6 1 1 7 6 0 4 5 3 8 7 7 3 3 5 8 7 0 7 2 2 8 8 6 6 9 10 2 2 0 5 4 10 9 0 4 1 1 9 2 5 0 6 6 2 6 10 1 8 3 9 3 10 4 9 5 6 5 4 1 5 1 0 2 9 6 4 0 6 4 10 7 3 1 0 5 0 7 6 3 9 10 0 8 7 8 9 7 2 1 5 2 5 6 3 9 7 0
0 3 5 9 3 7 2 10 5 7 5 4 0 7 2 4 4 4 1 9 1 2 0 5 1 10 6 9 2 6 3 2 7 0 1 5 0 3 1 7 9 0 4 2 8 1 6 7 2 10 8 8 1 6 5 4 3 5 9 4 7 4 7 1 9 6 9 0 0 7 10 4 1 1 6 3 8 10 5 9 8 0 3 6 6 5 9 8 5 4 7 1 3 9 9 1 3 0 6 4
7 4 8 9 7 8 1 8 5 4 8 2 8 1 2 6 10 0 1 9 2 4 0 5 8 1 7 9 9 2 4 5 7 3 5 4 10 10 9 6 2 0 4 7 7 1 10 6 9 2 9 0 9 5 2 7 5 2 7 7 1 5 9 4 7 9 4 1 4 9 4 0 5 2 9 8 5 5 6 8 0 6 9 10 5 8 10 5 6 3 10 5 2 5 9 4 7 5 10 7
4 1 9 3 5 1 4 7 9 6 5 7 8 5 9 8 8 3 4 8 10 2 2 6 4 3 6 10 6 4 10 10 1 5 3 0 0 9 2 5 5 10 10 2 5 1 3 10 2 8 0 8 6 10 5 3 1 4 10 10 6 6 10 5 4 6 1 4 4 8 4 4 8 9 0 0 8 5 8 1 6 4 9 2 1 2 9 10 9 1 5 9 1 9 8 4 3 3 1 9
2 2 7 0 8 4 4 5 4 0 4 9 4 4 2 8 2 6 6 2 4 6 9 10 10 2 0 0 4 8 6 3 6 5 10 3 9 6 9 7 3 4 1 10 8 5 7 0 10 5 7 10 10 3 3 5 7 6 9 7 4 8 2 5 2 7 9 2 10 0 6 2 6 6 3 1 4 4 9 3 0 4 0 10 1 2 2 7 6 5 0 9 4 8 9 7 4 4 1 9
7 9 7 5 0 8 10 7 10 10 3 5 9 6 8 1 7 9 0 2 5 6 7 8 8 2 9 5 3 6 0 7 4 10 9 5 6 5 7 7 3 6 8 7 8 10 1 10 9 9 7 8 7 5 1 0 4 5 1 2 10 1 3 9 4 6 1 7 1 3 10 7 6 0 8 4 5 2 9 10 5 5 6 8 5 0 5 9 9 0 10 3 7 1 7 6 6 7 5 7
0 10 1 10 7 7 2 9 0 5 5 1 5 7 7 6 4 6 9 2 5 4 7 2 6 2 7 7 3 0 10 0 8 8 2 6 0 3 3 6 5 7 7 4 1 4 5 6 8 6 0 4 3 3 8 8 10 0 8 1 10 7 0 5 2 4 0 2 2 9 2 7 0 10 0 1 6 2 5 0 9 3 2 0 9 1 4 1 4 6 8 0 3 10 6 10 3 2 4 9
0 97 27 23 22 1 16 60 7 31 30 7 26 91 94 60 13 56 8 23 62 97 53 76 33 20 42 12 18 65 78 14 74 72 26 2 10 18 74 67 57 47 66 72 61 38 12 85 22 52 67 95 60 63 100 88 52 34 86 83 97 53 89 7 61 72 31 61 36 55 86 38 85 68 56 49 12 14 80 46 16 38 49 7 95 65 18 62 33 64 44 2 16 55 66 65 4 69 10 70 72
97 0 69 56 64 28 21 96 57 17 25 37 1 74 49 69 86 67 52 31 41 23 74 58 25 23 96 72 44 90 4 68 17 26 21 9 45 20 15 87 58 20 36 98 38 25 42 64 42 7 56 26 38 91 45 75 81 41 7 37 6 53 52 24 5 91 78 93 89 46 93 5 68 43 93 53 92 95 65 74 2 81 41 27 85 22 24 3 44 29 92 2 10 32 51 90 18 56 29 39 9
27 69 0 76 81 94 95 36 66 99 81 13 57 28 13 13 54 22 24 70 26 64 92 33 78 100 63 16 35 19 2 85 73 91 39 17 32 85 75 44 98 2 69 59 46 60 40 77 43 81 55 15 12 48 2 82 42 80 1 34 7 52 48 65 7 52 6 95 96 12 98 70 85 44 47 61 70 5 88 80 61 43 88 19 42 29 15 37 11 66 9 7 52 77 51 18 21 83 45 24 89
23 56 76 0 40 65 23 82 39 93 77 56 77 24 63 13 46 5 18 19 14 1 35 35 72 37 52 48 13 87 21 6 10 60 84 80 29 32 63 12 53 58 66 31 91 19 5 61 17 8 62 51 80 41 48 4 44 8 80 46 50 49 84 39 42 58 4 45 6 56 24 18 33 85 28 87 93 29 38 90 99 45 90 40 83 69 20 36 78 43 9 81 72 59 20 68 18 20 5 56 71
22 64 81 40 0 94 58 27 26 78 8 8 50 2 24 47 74 87 37 71 75 68 34 87 5 57 62 38 100 73 72 73 75 96 14 25 31 48 2 60 74 51 17 64 63 100 5 65 61 30 13 84 5 76 47 57 64 79 35 83 82 37 47 83 45 21 5 24 25 14 31 63 46 73 59 34 62 81 77 2 98 18 24 97 67 47 34 7 84 86 87 30 78 1 96 58 93 37 87 30 9
1 28 94 65 94 0 48 18 15 62 50 17 57 100 25 79 38 12 85 26 30 58 10 92 74 20 6 45 87 34 43 78 40 16 37 77 62 70 64 16 47 16 20 7 7 78 100 72 68 6 24 77 36 88 32 74 31 89 19 35 37 99 8 5 65 33 47 59 6 45 9 61 12 67 77 37 61 38 20 58 28 33 30 19 86 72 95 59 7 39 64 76 16 37 80 5 5 73 90 26 40
16 21 95 23 58 48 0 11 70 62 90 3 44 50 4 28 39 64 23 34 83 10 65 38 82 49 18 77 4 39 79 30 63 44 24 19 15 29 83 47 69 17 28 54 88 24 75 11 86 26 100 38 77 67 39 72 75 15 3 66 89 71 98 75 22 24 74 3 6 68 74 22 100 83 45 52 49 28 58 12 43 90 74 24 47 53 53 73 91 33 29 12 59 55 16 98 92 91 92 65 29
60 96 36 82 27 18 11 0 26 38 55 50 17 98 95 33 43 14 28 48 9 20 42 58 69 48 88 23 47 88 96 75 13 15 77 83 74 52 2 29 71 56 100 35 26 73 17 99 59 80 76 95 97 39 13 100 39 17 28 95 32 18 53 52 65 68 9 61 95 79 85 99 11 7 98 95 37 100 29 13 31 40 68 25 29 78 64 94 35 19 52 7 29 70 18 31 47 85 58 86 2
7 57 66 39 26 15 70 26 0 2 26 75 47 75 35 70 7 24 25 47 90 73 2 8 43 32 83 66 39 5 60 77 28 59 5 38 79 76 8 60 12 20 51 12 68 42 47 30 61 74 56 91 87 50 1 26 5 17 29 25 80 37 54 20 66 13 95 58 40 72 13 80 40 44 66 21 17 38 92 55 78 33 74 19 45 44 82 13 87 49 78 12 14 2 52 80 46 64 30 45 30
31 17 99 93 78 62 62 38 2 0 94 25 6 67 84 39 99 22 75 59 67 97 45 62 14 59 35 78 51 36 96 4 16 44 36 58 77 64 82 63 99 84 50 78 4 63 48 86 76 80 82 84 98 37 80 80 58 71 8 81 3 8 48 86 2 21 79 76 77 51 19 2 10 19 77 96 45 67 59 77 27 56 61 44 75 92 32 54 74 24 2 7 54 3 62 15 53 51 25 35 70
30 25 81 77 8 50 90 55 26 94 0 29 76 90 20 24 9 69 86 65 9 82 57 5 34 98 28 94 82 46 4 61 8 24 13 50 62 77 99 28 75 87 91 95 82 12 84 38 33 57 91 2 38 6 20 16 2 65 53 71 59 64 42 78 26 50 52 65 35 78 8 14 27 80 33 11 50 100 74 1 81 45 51 73 21 2 53 66 51 70 26 25 58 27 63 4 25 9 11 97 26
7 37 13 56 8 17 3 50 75 25 29 0 50 34 86 35 88 92 29 82 53 17 47 28 26 29 37 96 45 67 33 77 25 80 56 49 16 78 30 14 1 41 50 61 8 82 65 80 55 75 64 40 25 46 65 43 1 36 10 33 71 26 12 59 50 29 75 96 97 13 70 81 91 74 11 48 69 28 27 92 62 74 1 42 35 1 95 65 89 63 5 78 16 7 21 17 75 20 47 84 92
26 1 57 77 50 57 44 17 47 6 76 50 0 95 87 42 70 57 99 62 97 65 36 12 6 46 36 48 76 57 6 2 47 71 30 56 62 20 19 28 28 27 7 91 19 74 62 48 21 67 65 73 7 43 60 90 32 95 90 94 54 9 40 26 17 46 74 21 74 83 87 83 68 12 52 19 94 41 55 10 5 88 82 26 17 42 79 26 86 99 69 5 63 30 35 53 21 96 91 52 19
91 74 28 24 2 100 50 98 75 67 90 34 95 0 34 6 77 54 15 14 5 49 49 64 82 13 25 21 66 71 18 74 14 60 98 87 46 81 79 35 66 70 99 63 18 19 23 35 66 37 73 47 70 9 86 85 91 79 26 6 69 34 65 82 37 9 43 50 1 69 47 49 21 14 79 94 65 8 34 45 81 53 60 71 92 69 94 69 38 41 28 82 28 84 50 82 98 58 24 37 44
94 49 13 63 24 25 4 95 35 84 20 86 87 34 0 88 25 63 73 6 37 12 2 17 33 59 86 75 48 64 64 11 22 70 34 66 100 20 98 45 65 51 72 18 52 69 68 76 86 10 36 26 62 26 5 6 7 29 77 34 66 61 66 5 15 78 58 76 67 32 100 30 41 78 46 16 48 62 89 18 3 44 90 57 94 49 65 25 4 47 52 84 97 90 34 85 43 37 50 72 80
60 69 13 13 47 79 28 33 70 39 24 35 42 6 88 0 65 61 73 35 7 39 45 81 15 51 7 69 98 89 20 14 36 3 50 29 21 26 18 9 50 25 16 73 2 22 96 58 77 66 50 59 44 28 45 70 92 11 27 51 51 94 64 87 55 89 29 91 27 33 11 62 88 57 19 2 7 77 18 77 74 63 59 51 74 54 9 45 4 76 35 31 93 18 1 74 62 62 15 14 89
13 86 54 46 74 38 39 43 7 99 9 88 70 77 25 65 0 12 65 64 65 91 32 77 85 4 96 99 46 34 4 79 27 34 65 91 32 51 95 39 19 56 10 38 61 57 99 94 77 85 100 52 61 27 50 74 55 89 66 78 31 64 20 79 73 82 49 86 40 50 88 66 34 19 9 33 88 59 1 11 12 76 54 19 86 86 16 65 13 69 54 89 37 27 62 100 38 89 56 90 60
56 67 22 5 87 12 64 14 24 22 69 92 57 54 63 61 12 0 50 33 96 28 25 68 52 100 42 81 53 85 90 13 26 95 9 97 4 27 85 17 26 25 19 92 89 48 40 52 89 33 82 26 45 3 90 92 46 40 48 62 92 82 44 39 27 91 16 52 18 98 57 75 32 45 6 83 7 82 3 45 19 38 26 63 84 86 50 38 49 92 31 71 14 98 36 31 30 75 99 16 63
8 52 24 18 37 85 23 28 25 75 86 29 99 15 73 73 65 50 0 55 75 70 84 13 33 19 46 14 94 15 26 83 29 76 15 31 82 39 69 47 81 54 89 5 6 58 51 63 100 90 27 76 10 8 71 67 62 7 94 35 85 57 91 34 84 25 67 35 21 85 99 41 91 82 21 46 54 32 64 19 85 83 42 26 95 8 50 72 48 67 76 58 5 98 2 84 53 41 37 2 22
23 31 70 19 71 26 34 48 47 59 65 82 62 14 6 35 64 33 55 0 89 42 77 58 18 67 81 56 51 16 67 86 61 55 90 92 66 42 3 92 44 88 30 96 17 28 34 68 79 75 82 7 40 96 77 43 99 57 37 14 75 49 24 79 21 55 35 65 47 67 91 26 38 33 88 84 81 87 75 36 50 100 47 90 76 43 8 58 17 95 59 49 98 48 18 15 69 41 63 69 81
62 41 26 14 75 30 83 9 90 67 9 53 97 5 37 7 65 96 75 89 0 22 24 23 92 43 20 13 26 91 48 93 8 100 78 30 36 67 42 31 50 79 30 59 18 48 60 2 32 13 52 82 65 56 9 50 83 64 88 92 78 87 90 52 27 40 42 1 20 95 81 71 95 41 45 95 23 69 84 89 91 83 46 29 61 82 17 45 68 61 51 77 32 59 73 18 26 8 75 86 51
97 23 64 1 68 58 10 20 73 97 82 17 65 49 12 39 91 28 70 42 22 0 35 19 41 83 30 45 61 21 61 79 40 37 32 20 38 96 29 13 71 93 63 19 79 63 11 89 32 95 45 99 37 44 43 4 70 78 63 2 33 77 88 11 28 89 10 54 46 49 54 21 92 100 49 15 81 87 62 88 37 51 11 3 24 55 15 16 42 20 1 3 62 8 12 81 37 46 15 85 31
53 74 92 35 34 10 65 42 2 45 57 47 36 49 2 45 32 25 84 77 24 35 0 98 29 58 65 100 27 19 86 70 21 75 65 19 74 8 81 26 65 72 49 54 52 82 15 2 77 30 46 14 45 31 1 53 56 69 15 23 59 74 69 69 17 58 30 97 13 34 91 11 56 44 64 28 48 95 51 85 38 92 75 78 1 5 81 76 19 38 80 29 6 93 79 24 82 29 71 51 51
76 58 33 35 87 92 38 58 8 62 5 28 12 64 17 81 77 68 13 58 23 19 98 0 47 28 48 36 67 96 48 20 88 99 54 95 25 8 57 79 96 86 57 21 9 10 37 85 87 28 51 59 81 54 65 74 16 32 19 75 91 33 91 41 37 34 53 26 45 59 95 96 80 85 81 68 39 9 51 15 81 88 75 45 16 92 65 55 59 30 57 25 94 42 56 57 41 72 83 6 22
33 25 78 72 5 74 82 69 43 14 34 26 6 82 33 15 85 52 33 18 92 41 29 47 0 26 28 93 60 8 39 55 7 64 16 61 17 50 31 14 58 88 94 35 56 32 47 16 47 36 60 30 82 40 67 61 68 61 25 95 84 92 75 13 78 12 46 13 10 4 40 86 4 100 15 57 12 31 97 61 40 67 73 38 82 36 29 55 1 78 100 95 15 32 62 51 49 18 2 57 91
20 23 100 37 57 20 49 48 32 59 98 29 46 13 59 51 4 100 19 67 43 83 58 28 26 0 12 76 72 43 73 79 83 11 82 26 39 7 74 79 98 14 9 63 3 33 40 2 27 98 86 56 58 2 14 35 58 63 30 71 48 48 36 56 78 4 31 81 1 43 71 50 39 20 91 52 31 47 26 48 15 42 12 54 45 15 87 41 20 2 18 83 61 21 37 30 20 11 81 64 41
42 96 63 52 62 6 18 88 83 35 28 37 36 25 86 7 96 42 46 81 20 30 65 48 28 12 0 49 87 19 39 6 74 96 77 81 17 42 79 45 49 87 24 41 81 32 38 5 93 6 44 44 41 81 30 7 82 67 3 81 100 58 6 95 20 64 42 28 37 39 96 34 48 38 68 58 58 20 98 88 46 44 96 21 77 99 33 90 64 79 50 18 60 60 48 24 40 46 67 49 9
12 72 16 48 38 45 77 23 66 78 94 96 48 21 75 69 99 81 14 56 13 45 100 36 93 76 49 0 24 14 12 90 46 43 96 1 97 11 11 45 6 2 15 47 42 42 81 10 65 50 52 37 56 45 15 31 26 42 72 61 77 66 98 89 85 47 35 53 92 100 5 96 43 4 37 93 53 89 2 70 53 39 57 27 10 62 7 2 64 79 55 73 78 84 82 26 63 89 66 78 81
18 44 35 13 100 87 4 47 39 51 82 45 76 66 48 98 46 53 94 51 26 61 27 67 60 72 87 24 0 33 80 52 2 12 53 79 68 82 31 18 67 83 9 47 36 92 46 13 10 65 35 85 45 3 29 28 3 34 14 14 54 90 53 76 21 51 51 31 84 83 75 9 70 45 60 75 20 9 54 37 3 97 36 68 57 10 24 60 87 73 44 70 43 24 76 18 65 30 38 29 26
65 90 19 87 73 34 39 88 5 36 46 67 57 71 64 89 34 85 15 16 91 21 19 96 8 43 19 14 33 0 58 53 47 5 18 68 9 42 36 99 73 12 25 17 68 91 43 90 88 25 13 53 94 67 41 93 43 20 56 79 35 13 18 32 100 65 98 53 71 92 30 46 87 47 95 29 31 31 71 26 37 91 89 88 50 60 19 91 96 33 7 41 98 95 65 4 69 98 28 10 47
78 4 2 21 72 43 79 96 60 96 4 33 6 18 64 20 4 90 26 67 48 61 86 48 39 73 39 12 80 58 0 40 17 64 94 95 95 9 96 50 34 86 60 82 27 31 97 58 68 12 31 65 54 22 5 48 36 20 98 72 17 94 27 93 10 29 64 70 61 93 99 26 40 42 21 57 64 31 76 21 98 14 79 62 83 23 88 53 42 55 96 45 88 88 98 49 41 66 19 9 68
14 68 85 6 73 78 30 75 77 4 61 77 2 74 11 14 79 13 83 86 93 79 70 20 55 79 6 90 52 53 40 0 77 64 60 57 72 8 89 68 41 92 42 76 37 20 100 88 6 16 35 93 54 5 17 21 21 73 97 82 95 20 40 81 50 16 70 29 23 79 6 17 60 33 81 94 74 82 68 98 93 66 44 10 15 90 26 21 96 6 41 85 20 49 73 91 44 20 82 1 43
74 17 73 10 75 40 63 13 28 16 8 25 47 14 22 36 27 26 29 61 8 40 21 88 7 83 74 46 2 47 17 77 0 18 91 24 86 20 87 38 100 1 93 10 33 68 67 9 96 84 91 33 93 100 8 53 67 13 49 16 11 95 97 9 97 82 37 97 83 8 43 84 79 64 91 8 42 100 14 5 90 29 43 28 81 13 98 2 29 52 79 12 18 30 89 52 54 79 68 10 10
72 26 91 60 96 16 44 15 59 44 24 80 71 60 70 3 34 95 76 55 100 37 75 99 64 11 96 43 12 5 64 64 18 0 9 48 89 95 32 66 75 53 95 36 88 16 27 84 1 96 47 36 94 93 32 85 31 11 81 8 50 10 56 35 24 81 6 58 66 20 66 29 62 31 1 7 60 31 44 40 84 45 96 22 87 60 1 26 58 39 79 95 78 82 31 22 99 52 51 44 8
26 21 39 84 14 37 24 77 5 36 13 56 30 98 34 50 65 9 15 90 78 32 65 54 16 82 77 96 53 18 94 60 91 9 0 72 42 49 38 42 5 54 35 7 4 50 1 29 10 54 53 23 34 90 26 97 53 29 95 56 96 25 24 90 91 95 71 39 20 2 90 73 56 22 19 70 84 95 35 78 36 99 3 81 65 45 22 73 18 46 62 94 13 38 93 54 45 45 75 90 96
2 9 17 80 25 77 19 83 38 58 50 49 56 87 66 29 91 97 31 92 30 20 19 95 61 26 81 1 79 68 95 57 24 48 72 0 37 98 33 78 73 28 21 48 46 58 22 29 19 43 13 76 14 15 87 88 7 97 34 74 81 76 1 78 87 89 13 95 91 61 37 19 65 88 22 17 18 55 42 62 41 21 66 29 1 23 10 72 97 45 38 42 46 73 57 75 5 18 79 38 49
10 45 32 29 31 62 15 74 79 77 62 16 62 46 100 21 32 4 82 66 36 38 74 25 17 39 17 97 68 9 95 72 86 89 42 37 0 64 28 19 66 95 40 39 63 16 44 59 31 28 78 17 23 5 83 58 39 76 95 75 52 48 71 63 82 66 78 98 13 11 6 53 55 22 26 73 48 63 92 66 44 68 89 14 12 13 75 76 37 18 94 82 25 85 42 93 44 43 67 23 50
18 20 85 32 48 70 29 52 76 64 77 78 20 81 20 26 51 27 39 42 67 96 8 8 50 7 42 11 82 42 9 8 20 95 49 98 64 0 73 25 14 6 26 20 47 29 90 63 25 84 89 22 73 88 43 100 64 5 32 56 56 3 92 63 79 81 45 39 57 24 26 92 43 64 76 60 23 93 6 54 88 89 1 76 43 23 84 64 40 36 66 88 17 1 61 51 14 78 87 1 18
74 15 75 63 2 64 83 2 8 82 99 30 19 79 98 18 95 85 69 3 42 29 81 57 31 74 79 11 31 36 96 89 87 32 38 33 28 73 0 85 3 35 54 100 31 30 2 35 58 35 32 13 45 11 11 16 74 68 14 47 79 90 60 5 81 19 7 60 75 33 31 100 44 59 14 54 52 10 46 5 97 64 86 90 85 20 24 78 33 69 84 32 3 97 58 99 57 15 78 28 80
67 87 44 12 60 16 47 29 60 63 28 14 28 35 45 9 39 17 47 92 31 13 26 79 14 79 45 45 18 99 50 68 38 66 42 78 19 25 85 0 25 55 100 56 84 86 26 77 21 25 98 80 80 21 45 94 50 44 8 99 55 80 55 39 17 88 8 80 23 57 32 47 46 52 73 94 75 95 29 48 3 89 44 10 37 27 24 72 29 92 20 64 88 5 45 8 59 50 5 95 18
57 58 98 53 74 47 69 71 12 99 75 1 28 66 65 50 19 26 81 44 50 71 65 96 58 98 49 6 67 73 34 41 100 75 5 73 66 14 3 25 0 95 85 9 52 82 38 51 16 74 32 81 11 60 77 70 10 39 23 70 54 19 14 91 70 40 84 8 31 41 10 50 85 39 36 18 36 8 24 42 52 65 74 85 56 97 24 1 14 76 57 22 9 5 68 37 28 52 8 59 29
47 20 2 58 51 16 17 56 20 84 87 41 27 70 51 25 56 25 54 88 79 93 72 86 88 14 87 2 83 12 86 92 1 53 54 28 95 6 35 55 95 0 74 90 39 12 40 71 57 23 54 95 11 9 50 81 43 62 78 88 4 44 45 72 46 24 100 22 49 95 20 45 35 62 72 18 70 54 75 6 14 55 41 66 71 92 95 84 42 35 55 50 45 88 72 33 18 68 47 4 79
66 36 69 66 17 20 28 100 51 50 91 50 7 99 72 16 10 19 89 30 30 63 49 57 94 9 24 15 9 25 60 42 93 95 35 21 40 26 54 100 85 74 0 99 46 83 62 98 22 43 69 65 67 79 70 32 74 25 89 41 62 21 76 29 54 28 21 41 31 90 65 53 24 4 23 87 21 19 68 9 13 99 87 24 17 70 18 1 64 89 96 80 37 57 96 67 3 60 90 19 34
72 98 59 31 64 7 54 35 12 78 95 61 91 63 18 73 38 92 5 96 59 19 54 21 35 63 41 47 47 17 82 76 10 36 7 48 39 20 100 56 9 90 99 0 3 98 60 48 30 95 25 18 38 82 92 46 98 83 90 7 73 92 58 58 57 57 33 17 29 84 71 70 41 82 96 87 39 85 2 38 36 25 85 22 47 75 18 6 29 41 41 4 52 61 44 81 5 82 71 48 99
61 38 46 91 63 7 88 26 68 4 82 8 19 18 52 2 61 89 6 17 18 79 52 9 56 3 81 42 36 68 27 37 33 88 4 46 63 47 31 84 52 39 46 3 0 72 15 91 56 15 76 4 74 63 32 72 20 78 1 38 88 71 40 28 17 35 32 89 4 99 58 14 10 88 5 5 39 43 18 95 68 91 17 52 58 91 24 97 19 33 83 92 23 6 98 65 42 72 54 86 34
38 25 60 19 100 78 24 73 42 63 12 82 74 19 69 22 57 48 58 28 48 63 82 10 32 33 32 42 92 91 31 20 68 16 50 58 16 29 30 86 82 12 83 98 72 0 45 50 8 44 91 45 73 78 94 55 100 12 23 68 69 80 39 79 64 94 91 50 34 13 15 64 32 49 15 80 22 56 98 4 44 98 44 55 25 20 35 82 84 46 78 16 6 85 7 12 32 97 43 76 40
12 42 40 5 5 100 75 17 47 48 84 65 62 23 68 96 99 40 51 34 60 11 15 37 47 40 38 81 46 43 97 100 67 27 1 22 44 90 2 26 38 40 62 60 15 45 0 7 49 68 85 8 29 60 62 38 44 24 54 79 37 87 29 53 98 13 99 62 65 59 72 94 46 36 92 11 89 99 86 26 9 17 17 70 94 63 93 95 80 56 19 40 48 49 37 17 97 41 83 94 5
85 64 77 61 65 72 11 99 30 86 38 80 48 35 76 58 94 52 63 68 2 89 2 85 16 2 5 10 13 90 58 88 9 84 29 29 59 63 35 77 51 71 98 48 91 50 7 0 55 25 89 76 61 14 98 54 84 40 34 42 70 10 66 6 15 70 18 56 62 78 85 87 82 45 80 75 72 78 96 26 96 43 37 97 21 96 88 82 65 60 55 5 13 9 43 56 11 27 58 42 94
22 42 43 17 61 68 86 59 61 76 33 55 21 66 86 77 77 89 100 79 32 32 77 87 47 27 93 65 10 88 68 6 96 1 10 19 31 25 58 21 16 57 22 30 56 8 49 55 0 2 42 88 54 84 64 63 95 93 84 47 24 40 31 95 40 7 93 50 72 67 11 64 8 95 100 72 7 43 80 43 63 62 11 13 79 63 46 47 29 99 76 27 96 58 55 29 18 96 39 54 34
52 7 81 8 30 6 26 80 74 80 57 75 67 37 10 66 85 33 90 75 13 95 30 28 36 98 6 50 65 25 12 16 84 96 54 43 28 84 35 25 74 23 43 95 15 44 68 25 2 0 61 58 44 85 27 31 49 41 26 64 98 45 29 19 19 25 59 66 28 32 13 13 73 27 90 82 66 78 83 58 1 17 3 13 100 17 49 37 10 20 28 92 39 32 85 79 93 82 85 92 3
67 56 55 62 13 24 100 76 56 82 91 64 65 73 36 50 100 82 27 82 52 45 46 51 60 86 44 52 35 13 31 35 91 47 53 13 78 89 32 98 32 54 69 25 76 91 85 89 42 61 0 78 94 31 45 26 50 16 79 6 72 54 18 45 27 47 31 78 58 39 49 51 45 15 52 19 82 46 95 49 34 32 100 93 13 12 86 91 78 57 53 38 44 77 1 70 73 46 16 93 67
95 26 15 51 84 77 38 95 91 84 2 40 73 47 26 59 52 26 76 7 82 99 14 59 30 56 44 37 85 53 65 93 33 36 23 76 17 22 13 80 81 95 65 18 4 45 8 76 88 58 78 0 90 54 20 70 53 30 2 85 47 27 16 80 42 9 62 62 10 9 10 68 81 57 27 25 90 40 53 14 21 30 82 60 32 32 76 20 13 85 11 75 79 21 71 81 89 92 53 31 5
60 38 12 80 5 36 77 97 87 98 38 25 7 70 62 44 61 45 10 40 65 37 45 81 82 58 41 56 45 94 54 54 93 94 34 14 23 73 45 80 11 11 67 38 74 73 29 61 54 44 94 90 0 14 75 68 47 92 68 100 22 42 65 77 27 76 8 55 82 100 53 45 64 84 31 75 49 70 65 84 28 28 41 37 71 30 41 92 8 30 93 1 69 82 83 33 99 47 84 39 93
63 91 48 41 76 88 67 39 50 37 6 46 43 9 26 28 27 3 8 96 56 44 31 54 40 2 81 45 3 67 22 5 100 93 90 15 5 88 11 21 60 9 79 82 63 78 60 14 84 85 31 54 14 0 3 40 92 62 47 81 5 66 94 7 31 35 59 50 51 99 41 9 46 67 6 63 75 84 36 6 18 84 77 68 43 72 100 26 52 49 81 82 25 99 2 68 55 46 89 2 94
100 45 2 48 47 32 39 13 1 80 20 65 60 86 5 45 50 90 71 77 9 43 1 65 67 14 30 15 29 41 5 17 8 32 26 87 83 43 11 45 77 50 70 92 32 94 62 98 64 27 45 20 75 3 0 12 39 2 33 16 8 6 47 43 1 9 32 59 96 12 31 94 100 49 94 57 94 51 64 97 91 96 42 33 64 23 73 3 65 54 74 75 90 35 19 37 81 97 20 61 54
88 75 82 4 57 74 72 100 26 80 16 43 90 85 6 70 74 92 67 43 50 4 53 74 61 35 7 31 28 93 48 21 53 85 97 88 58 100 16 94 70 81 32 46 72 55 38 54 63 31 26 70 68 40 12 0 24 38 20 22 75 7 90 68 66 91 19 66 52 19 37 100 37 78 86 28 75 59 86 84 38 26 97 16 99 30 15 5 47 31 20 34 47 19 71 63 12 6 34 3 82
52 81 42 44 64 31 75 39 5 58 2 1 32 91 7 92 55 46 62 99 83 70 56 16 68 58 82 26 3 43 36 21 67 31 53 7 39 64 74 50 10 43 74 98 20 100 44 84 95 49 50 53 47 92 39 24 0 61 52 9 34 45 93 87 43 68 56 47 44 47 80 71 54 28 38 60 72 94 42 25 75 34 50 88 54 46 71 4 8 91 20 67 90 82 10 55 32 54 45 56 2
34 41 80 8 79 89 15 17 17 71 65 36 95 79 29 11 89 40 7 57 64 78 69 32 61 63 67 42 34 20 20 73 13 11 29 97 76 5 68 44 39 62 25 83 78 12 24 40 93 41 16 30 92 62 2 38 61 0 17 32 51 36 85 18 80 68 17 30 75 87 61 20 73 44 44 72 83 72 30 88 64 20 22 20 2 64 14 32 80 21 79 80 29 87 44 35 45 47 38 96 88
86 7 1 80 35 19 3 28 29 8 53 10 90 26 77 27 66 48 94 37 88 63 15 19 25 30 3 72 14 56 98 97 49 81 95 34 95 32 14 8 23 78 89 90 1 23 54 34 84 26 79 2 68 47 33 20 52 17 0 84 14 62 42 19 79 37 12 59 41 48 5 27 43 85 32 95 19 57 28 5 9 28 80 19 86 37 4 62 44 27 7 51 50 47 59 27 17 52 75 72 41
83 37 34 46 83 35 66 95 25 81 71 33 94 6 34 51 78 62 35 14 92 2 23 75 95 71 81 61 14 79 72 82 16 8 56 74 75 56 47 99 70 88 41 7 38 68 79 42 47 64 6 85 100 81 16 22 9 32 84 0 35 76 23 62 63 24 1 59 36 18 3 81 42 68 62 45 53 79 50 57 62 30 100 24 43 26 98 31 97 6 81 57 96 70 36 88 3 10 90 28 81
97 6 7 50 82 37 89 32 80 3 59 71 54 69 66 51 31 92 85 75 78 33 59 91 84 48 100 77 54 35 17 95 11 50 96 81 52 56 79 55 54 4 62 73 88 69 37 70 24 98 72 47 22 5 8 75 34 51 14 35 0 91 57 19 73 32 3 18 21 49 68 37 54 31 66 75 3 29 65 98 71 46 30 48 31 11 82 57 43 90 46 69 81 64 30 90 84 75 78 16 9
53 53 52 49 37 99 71 18 37 8 64 26 9 34 61 94 64 82 57 49 87 77 74 33 92 48 58 66 90 13 94 20 95 10 25 76 48 3 90 80 19 44 21 92 71 80 87 10 40 45 54 27 42 66 6 7 45 36 62 76 91 0 61 28 79 67 88 32 79 12 77 42 88 12 79 40 7 46 19 44 61 57 1 55 60 52 12 3 92 55 71 51 2 62 72 61 93 68 14 11 21
89 52 48 84 47 8 98 53 54 48 42 12 40 65 66 64 20 44 91 24 90 88 69 91 75 36 6 98 53 18 27 40 97 56 24 1 71 92 60 55 14 45 76 58 40 39 29 66 31 29 18 16 65 94 47 90 93 85 42 23 57 61 0 66 66 70 14 85 82 12 67 11 77 20 90 33 49 52 42 23 85 23 79 6 49 99 56 66 45 14 44 38 52 91 6 12 56 99 81 79 43
7 24 65 39 83 5 75 52 20 86 78 59 26 82 5 87 79 39 34 79 52 11 69 41 13 56 95 89 76 32 93 81 9 35 90 78 63 63 5 39 91 72 29 58 28 79 53 6 95 19 45 80 77 7 43 68 87 18 19 62 19 28 66 0 44 69 33 15 23 14 42 87 19 99 35 36 6 20 49 71 45 32 37 30 99 97 63 51 11 5 4 86 100 89 5 94 88 40 14 73 24
61 5 7 42 45 65 22 65 66 2 26 50 17 37 15 55 73 27 84 21 27 28 17 37 78 78 20 85 21 100 10 50 97 24 91 87 82 79 81 17 70 46 54 57 17 64 98 15 40 19 27 42 27 31 1 66 43 80 79 63 73 79 66 44 0 54 90 74 27 94 44 65 13 40 32 28 79 20 21 52 85 76 21 91 92 89 33 90 53 48 49 26 80 92 12 66 15 29 11 65 49
72 91 52 58 21 33 24 68 13 21 50 29 46 9 78 89 82 91 25 55 40 89 58 34 12 4 64 47 51 65 29 16 82 81 95 89 66 81 19 88 40 24 28 57 35 94 13 70 7 25 47 9 76 35 9 91 68 68 37 24 32 67 70 69 54 0 22 21 98 27 97 95 43 97 56 30 78 86 25 35 77 72 18 48 86 3 32 46 19 26 36 29 29 32 10 26 81 87 2 100 2
31 78 6 4 5 47 74 9 95 79 52 75 74 43 58 29 49 16 67 35 42 10 30 53 46 31 42 35 51 98 64 70 37 6 71 13 78 45 7 8 84 100 21 33 32 91 99 18 93 59 31 62 8 59 32 19 56 17 12 1 3 88 14 33 90 22 0 13 10 58 77 6 8 25 16 21 14 65 2 56 8 69 26 13 3 19 30 20 84 90 84 46 24 38 46 57 59 98 47 42 5
61 93 95 45 24 59 3 61 58 76 65 96 21 50 76 91 86 52 35 65 1 54 97 26 13 81 28 53 31 53 70 29 97 58 39 95 98 39 60 80 8 22 41 17 89 50 62 56 50 66 78 62 55 50 59 66 47 30 59 59 18 32 85 15 74 21 13 0 82 86 10 99 58 16 17 60 41 60 12 66 85 61 38 55 16 86 51 84 69 48 27 51 77 1 78 59 26 90 12 1 59
36 89 96 6 25 6 6 95 40 77 35 97 74 1 67 27 40 18 21 47 20 46 13 45 10 1 37 92 84 71 61 23 83 66 20 91 13 57 75 23 31 49 31 29 4 34 65 62 72 28 58 10 82 51 96 52 44 75 41 36 21 79 82 23 27 98 10 82 0 98 1 21 34 5 97 9 91 91 46 56 16 96 30 32 92 82 19 93 19 20 51 32 12 9 1 19 4 32 81 57 31
55 46 12 56 14 45 68 79 72 51 78 13 83 69 32 33 50 98 85 67 95 49 34 59 4 43 39 100 83 92 93 79 8 20 2 61 11 24 33 57 41 95 90 84 99 13 59 78 67 32 39 9 100 99 12 19 47 87 48 18 49 12 12 14 94 27 58 86 98 0 6 94 31 33 31 5 64 18 61 40 58 60 44 48 31 88 94 85 67 9 20 99 99 66 48 65 3 21 7 12 4
86 93 98 24 31 9 74 85 13 19 8 70 87 47 100 11 88 57 99 91 81 54 91 95 40 71 96 5 75 30 99 6 43 66 90 37 6 26 31 32 10 20 65 71 58 15 72 85 11 13 49 10 53 41 31 37 80 61 5 3 68 77 67 42 44 97 77 10 1 6 0 77 46 46 7 91 77 21 6 67 6 24 3 43 77 81 8 85 94 65 52 34 94 64 80 69 18 17 91 75 78
38 5 70 18 63 61 22 99 80 2 14 81 83 49 30 62 66 75 41 26 71 21 11 96 86 50 34 96 9 46 26 17 84 29 73 19 53 92 100 47 50 45 53 70 14 64 94 87 64 13 51 68 45 9 94 100 71 20 27 81 37 42 11 87 65 95 6 99 21 94 77 0 2 46 87 61 5 82 18 33 6 83 80 31 71 99 48 11 11 77 46 92 55 94 80 11 11 70 52 49 29
85 68 85 33 46 12 100 11 40 10 27 91 68 21 41 88 34 32 91 38 95 92 56 80 4 39 48 43 70 87 40 60 79 62 56 65 55 43 44 46 85 35 24 41 10 32 46 82 8 73 45 81 64 46 100 37 54 73 43 42 54 88 77 19 13 43 8 58 34 31 46 2 0 52 63 45 22 53 70 3 59 20 3 34 76 32 30 16 10 73 81 98 41 48 43 50 95 38 18 39 16
68 43 44 85 73 67 83 7 44 19 80 74 12 14 78 57 19 45 82 33 41 100 44 85 100 20 38 4 45 47 42 33 64 31 22 88 22 64 59 52 39 62 4 82 88 49 36 45 95 27 15 57 84 67 49 78 28 44 85 68 31 12 20 99 40 97 25 16 5 33 46 46 52 0 96 85 32 41 43 74 19 37 33 39 25 37 93 2 99 14 37 95 7 69 15 2 62 4 48 88 42
56 93 47 28 59 77 45 98 66 77 33 11 52 79 46 19 9 6 21 88 45 49 64 81 15 91 68 37 60 95 21 81 91 1 19 22 26 76 14 73 36 72 23 96 5 15 92 80 100 90 52 27 31 6 94 86 38 44 32 62 66 79 90 35 32 56 16 17 97 31 7 87 63 96 0 36 70 98 47 11 62 48 45 7 93 26 75 80 18 64 98 17 2 77 84 35 42 62 78 78 56
49 53 61 87 34 37 52 95 21 96 11 48 19 94 16 2 33 83 46 84 95 15 28 68 57 52 58 93 75 29 57 94 8 7 70 17 73 60 54 94 18 18 87 87 5 80 11 75 72 82 19 25 75 63 57 28 60 72 95 45 75 40 33 36 28 30 21 60 9 5 91 61 45 85 36 0 64 27 58 97 38 58 88 38 24 3 99 55 75 41 24 5 40 35 26 47 64 86 35 7 41
12 92 70 93 62 61 49 37 17 45 50 69 94 65 48 7 88 7 54 81 23 81 48 39 12 31 58 53 20 31 64 74 42 60 84 18 48 23 52 75 36 70 21 39 39 22 89 72 7 66 82 90 49 75 94 75 72 83 19 53 3 7 49 6 79 78 14 41 91 64 77 5 22 32 70 64 0 10 93 23 23 21 18 44 91 100 43 47 14 76 95 34 98 8 38 82 58 3 2 27 15
14 95 5 29 81 38 28 100 38 67 100 28 41 8 62 77 59 82 32 87 69 87 95 9 31 47 20 89 9 31 31 82 100 31 95 55 63 93 10 95 8 54 19 85 43 56 99 78 43 78 46 40 70 84 51 59 94 72 57 79 29 46 52 20 20 86 65 60 91 18 21 82 53 41 98 27 10 0 50 25 89 61 96 92 12 19 23 86 50 78 70 13 74 78 6 38 72 50 15 99 71
80 65 88 38 77 20 58 29 92 59 74 27 55 34 89 18 1 3 64 75 84 62 51 51 97 26 98 2 54 71 76 68 14 44 35 42 92 6 46 29 24 75 68 2 18 98 86 96 80 83 95 53 65 36 64 86 42 30 28 50 65 19 42 49 21 25 2 12 46 61 6 18 70 43 47 58 93 50 0 4 67 61 19 72 70 9 43 28 10 9 64 81 59 56 50 45 27 78 14 14 87
46 74 80 90 2 58 12 13 55 77 1 92 10 45 18 77 11 45 19 36 89 88 85 15 61 48 88 70 37 26 21 98 5 40 78 62 66 54 5 48 42 6 9 38 95 4 26 26 43 58 49 14 84 6 97 84 25 88 5 57 98 44 23 71 52 35 56 66 56 40 67 33 3 74 11 97 23 25 4 0 73 11 19 42 94 91 98 75 92 21 81 93 4 45 30 94 100 13 69 12 68
16 2 61 99 98 28 43 31 78 27 81 62 5 81 3 74 12 19 85 50 91 37 38 81 40 15 46 53 3 37 98 93 90 84 36 41 44 88 97 3 52 14 13 36 68 44 9 96 63 1 34 21 28 18 91 38 75 64 9 62 71 61 85 45 85 77 8 85 16 58 6 6 59 19 62 38 23 89 67 73 0 8 24 84 16 48 91 19 17 93 94 90 78 10 36 26 30 43 16 71 39
38 81 43 45 18 33 90 40 33 56 45 74 88 53 44 63 76 38 83 100 83 51 92 88 67 42 44 39 97 91 14 66 29 45 99 21 68 89 64 89 65 55 99 25 91 98 17 43 62 17 32 30 28 84 96 26 34 20 28 30 46 57 23 32 76 72 69 61 96 60 24 83 20 37 48 58 21 61 61 11 8 0 29 69 31 33 35 26 43 41 25 78 37 98 29 53 41 25 15 60 83
49 41 88 90 24 30 74 68 74 61 51 1 82 60 90 59 54 26 42 47 46 11 75 75 73 12 96 57 36 89 79 44 43 96 3 66 89 1 86 44 74 41 87 85 17 44 17 37 11 3 100 82 41 77 42 97 50 22 80 100 30 1 79 37 21 18 26 38 30 44 3 80 3 33 45 88 18 96 19 19 24 29 0 16 19 21 28 48 23 60 93 21 94 43 9 86 90 56 95 88 75
7 27 19 40 97 19 24 25 19 44 73 42 26 71 57 51 19 63 26 90 29 3 78 45 38 54 21 27 68 88 62 10 28 22 81 29 14 76 90 10 85 66 24 22 52 55 70 97 13 13 93 60 37 68 33 16 88 20 19 24 48 55 6 30 91 48 13 55 32 48 43 31 34 39 7 38 44 92 72 42 84 69 16 0 42 59 67 23 71 80 79 25 92 58 2 11 70 92 57 11 42
95 85 42 83 67 86 47 29 45 75 21 35 17 92 94 74 86 84 95 76 61 24 1 16 82 45 77 10 57 50 83 15 81 87 65 1 12 43 85 37 56 71 17 47 58 25 94 21 79 100 13 32 71 43 64 99 54 2 86 43 31 60 49 99 92 86 3 16 92 31 77 71 76 25 93 24 91 12 70 94 16 31 19 42 0 24 23 27 22 68 73 86 5 71 3 42 16 38 48 83 8
65 22 29 69 47 72 53 78 44 92 2 1 42 69 49 54 86 86 8 43 82 55 5 92 36 15 99 62 10 60 23 90 13 60 45 23 13 23 20 27 97 92 70 75 91 20 63 96 63 17 12 32 30 72 23 30 46 64 37 26 11 52 99 97 89 3 19 86 82 88 81 99 32 37 26 3 100 19 9 91 48 33 21 59 24 0 2 18 17 55 99 10 6 25 31 22 63 31 3 28 7
18 24 15 20 34 95 53 64 82 32 53 95 79 94 65 9 16 50 50 8 17 15 81 65 29 87 33 7 24 19 88 26 98 1 22 10 75 84 24 24 24 95 18 18 24 35 93 88 46 49 86 76 41 100 73 15 71 14 4 98 82 12 56 63 33 32 30 51 19 94 8 48 30 93 75 99 43 23 43 98 91 35 28 67 23 2 0 56 24 86 76 34 62 43 6 35 83 26 84 77 28
62 3 37 36 7 59 73 94 13 54 66 65 26 69 25 45 65 38 72 58 45 16 76 55 55 41 90 2 60 91 53 21 2 26 73 72 76 64 78 72 1 84 1 6 97 82 95 82 47 37 91 20 92 26 3 5 4 32 62 31 57 3 66 51 90 46 20 84 93 85 85 11 16 2 80 55 47 86 28 75 19 26 48 23 27 18 56 0 64 25 36 75 89 16 76 65 29 23 4 11 39
33 44 11 78 84 7 91 35 87 74 51 89 86 38 4 4 13 49 48 17 68 42 19 59 1 20 64 64 87 96 42 96 29 58 18 97 37 40 33 29 14 42 64 29 19 84 80 65 29 10 78 13 8 52 65 47 8 80 44 97 43 92 45 11 53 19 84 69 19 67 94 11 10 99 18 75 14 50 10 92 17 43 23 71 22 17 24 64 0 37 82 10 78 65 7 89 88 1 76 87 76
64 29 66 43 86 39 33 19 49 24 70 63 99 41 47 76 69 92 67 95 61 20 38 30 78 2 79 79 73 33 55 6 52 39 46 45 18 36 69 92 76 35 89 41 33 46 56 60 99 20 57 85 30 49 54 31 91 21 27 6 90 55 14 5 48 26 90 48 20 9 65 77 73 14 64 41 76 78 9 21 93 41 60 80 68 55 86 25 37 0 35 36 30 5 31 32 45 80 21 85 69
44 92 9 9 87 64 29 52 78 2 26 5 69 28 52 35 54 31 76 59 51 1 80 57 100 18 50 55 44 7 96 41 79 79 62 38 94 66 84 20 57 55 96 41 83 78 19 55 76 28 53 11 93 81 74 20 20 79 7 81 46 71 44 4 49 36 84 27 51 20 52 46 81 37 98 24 95 70 64 81 94 25 93 79 73 99 76 36 82 35 0 70 69 44 28 97 18 71 64 66 6
2 2 7 81 30 76 12 7 12 7 25 78 5 82 84 31 89 71 58 49 77 3 29 25 95 83 18 73 70 41 45 85 12 95 94 42 82 88 32 64 22 50 80 4 92 16 40 5 27 92 38 75 1 82 75 34 67 80 51 57 69 51 38 86 26 29 46 51 32 99 34 92 98 95 17 5 34 13 81 93 90 78 21 25 86 10 34 75 10 36 70 0 23 91 16 19 55 95 79 12 78
16 10 52 72 78 16 59 29 14 54 58 16 63 28 97 93 37 14 5 98 32 62 6 94 15 61 60 78 43 98 88 20 18 78 13 46 25 17 3 88 9 45 37 52 23 6 48 13 96 39 44 79 69 25 90 47 90 29 50 96 81 2 52 100 80 29 24 77 12 99 94 55 41 7 2 40 98 74 59 4 78 37 94 92 5 6 62 89 78 30 69 23 0 29 16 28 55 27 30 15 41
55 32 77 59 1 37 55 70 2 3 27 7 30 84 90 18 27 98 98 48 59 8 93 42 32 21 60 84 24 95 88 49 30 82 38 73 85 1 97 5 5 88 57 61 6 85 49 9 58 32 77 21 82 99 35 19 82 87 47 70 64 62 91 89 92 32 38 1 9 66 64 94 48 69 77 35 8 78 56 45 10 98 43 58 71 25 43 16 65 5 44 91 29 0 30 92 36 29 45 17 79
66 51 51 20 96 80 16 18 52 62 63 21 35 50 34 1 62 36 2 18 73 12 79 56 62 37 48 82 76 65 98 73 89 31 93 57 42 61 58 45 68 72 96 44 98 7 37 43 55 85 1 71 83 2 19 71 10 44 59 36 30 72 6 5 12 10 46 78 1 48 80 80 43 15 84 26 38 6 50 30 36 29 9 2 3 31 6 76 7 31 28 16 16 30 0 15 60 99 96 14 29
65 90 18 68 58 5 98 31 80 15 4 17 53 82 85 74 100 31 84 15 18 81 24 57 51 30 24 26 18 4 49 91 52 22 54 75 93 51 99 8 37 33 67 81 65 12 17 56 29 79 70 81 33 68 37 63 55 35 27 88 90 61 12 94 66 26 57 59 19 65 69 11 50 2 35 47 82 38 45 94 26 53 86 11 42 22 35 65 89 32 97 19 28 92 15 0 60 63 38 9 33
4 18 21 18 93 5 92 47 46 53 25 75 21 98 43 62 38 30 53 69 26 37 82 41 49 20 40 63 65 69 41 44 54 99 45 5 44 14 57 59 28 18 3 5 42 32 97 11 18 93 73 89 99 55 81 12 32 45 17 3 84 93 56 88 15 81 59 26 4 3 18 11 95 62 42 64 58 72 27 100 30 41 90 70 16 63 83 29 88 45 18 55 55 36 60 60 0 29 1 49 12
69 56 83 20 37 73 91 85 64 51 9 20 96 58 37 62 89 75 41 41 8 46 29 72 18 11 46 89 30 98 66 20 79 52 45 18 43 78 15 50 52 68 60 82 72 97 41 27 96 82 46 92 47 46 97 6 54 47 52 10 75 68 99 40 29 87 98 90 32 21 17 70 38 4 62 86 3 50 78 13 43 25 56 92 38 31 26 23 1 80 71 95 27 29 99 63 29 0 31 11 66
10 29 45 5 87 90 92 58 30 25 11 47 91 24 50 15 56 99 37 63 75 15 71 83 2 81 67 66 38 28 19 82 68 51 75 79 67 87 78 5 8 47 90 71 54 43 83 58 39 85 16 53 84 89 20 34 45 38 75 90 78 14 81 14 11 2 47 12 81 7 91 52 18 48 78 35 2 15 14 69 16 15 95 57 48 3 84 4 76 21 64 79 30 45 96 38 1 31 0 31 2
70 39 24 56 30 26 65 86 45 35 97 84 52 37 72 14 90 16 2 69 86 85 51 6 57 64 49 78 29 10 9 1 10 44 90 38 23 1 28 95 59 4 19 48 86 76 94 42 54 92 93 31 39 2 61 3 56 96 72 28 16 11 79 73 65 100 42 1 57 12 75 49 39 88 78 7 27 99 14 12 71 60 88 11 83 28 77 11 87 85 66 12 15 17 14 9 49 11 31 0 49
72 9 89 71 9 40 29 2 30 70 26 92 19 44 80 89 60 63 22 81 51 31 51 22 91 41 9 81 26 47 68 43 10 8 96 49 50 18 80 18 29 79 34 99 34 40 5 94 34 3 67 5 93 94 54 82 2 88 41 81 9 21 43 24 49 2 5 59 31 4 78 29 16 42 56 41 15 71 87 68 39 83 75 42 8 7 28 39 76 69 6 78 41 79 29 33 12 66 2 49 0
30 105 35 95 136 27 125 5 6 62 71 86 53 95 137 43 11 77 154 145 25 124 66 82 73 93 113 45 1 100 6 146 63 116 23 17 144 123 61 5 101 148 74 5 70 140 3 127 0 55 62 105 14 19 27 138 79 162 71 131 128 103 129 86 94 76 84 144 86 113 127 104 69 29 134 18 21 20 78 78
0 35 84 22 54 2 58 44 15 94 68 70 59 66 78 27 87 40 11 85 86 33 74 92 61 82 37 99 31 12 1 91 0
46
753.1968650817871