Name: 200-30-45
Time: 10.956062s
Result: 5
Solution: 20 20 5 17 24 7 26 21 22 17 4 29 23 0 3 12 30 27 19 6 34 17 18 33 34 1 13 24 4 22 22 11 10 5 28 26 5 23 4 30 24 7 27 1 0 9 31 29 30 14 31 27 28 12 19 27 5 22 14 3 28 34 26 14 8 19 3 35 21 35 20 10 15 5 19 4 28 15 7 2 8 7 17 16 32 0 35 14 18 5 22 8 33 26 11 20 2 1 30 13 19 2 32 18 20 11 2 2 30 19 23 28 5 32 34 29 13 21 34 9 25 22 17 0 30 20 15 22 20 14 9 2 3 15 27 21 17 10 32 3 24 21 29 2 0 17 15 4 2 34 13 27 11 10 18 16 23 10 15 21 12 6 25 19 14 25 20 10 1 33 6 26 26 8 13 32 1 25 31 22 33 7 30 16 35 9 30 5 26 8 35 27 27 33 25 15 12 15 31 32
0: 13 44 85 123 144 (39)
1: 25 43 97 168 176 (36)
2: 79 96 101 106 107 131 143 148 (36)
3: 14 59 66 132 139 (36)
4: 10 28 38 75 147 (37)
5: 2 33 36 56 73 89 112 187 (36)
6: 19 161 170 (36)
7: 5 41 78 81 181 (36)
8: 64 80 91 173 189 (36)
9: 45 119 130 185 (36)
10: 32 71 137 153 157 167 (36)
11: 31 94 105 152 (36)
12: 15 53 160 196 (36)
13: 26 99 116 150 174 (36)
14: 49 58 63 87 129 164 (36)
15: 72 77 126 133 146 158 195 197 (36)
16: 83 155 183 (36)
17: 3 9 21 82 122 136 145 (36)
18: 22 88 103 154 (36)
19: 18 54 65 74 100 109 163 (39)
20: 0 1 70 95 104 125 128 166 (41)
21: 7 68 117 135 141 159 (40)
22: 8 29 30 57 90 121 127 179 (41)
23: 12 37 110 156 (40)
24: 4 27 40 140 (40)
25: 120 162 165 177 194 (41)
26: 6 35 62 93 171 172 188 (41)
27: 17 42 51 55 134 151 191 192 (41)
28: 34 52 60 76 111 (40)
29: 11 47 115 142 (38)
30: 16 39 48 98 108 124 182 186 (41)
31: 46 50 178 198 (40)
32: 84 102 113 138 175 199 (39)
33: 23 92 169 180 193 (41)
34: 20 24 61 114 118 149 (41)
35: 67 69 86 184 190 (41)
