Name: 200-20-30
Time: 14.690462s
Result: 5
Solution: 29 25 3 6 27 16 42 17 18 23 38 18 4 1 25 24 23 32 8 14 12 42 19 20 28 33 38 30 34 8 40 11 37 26 43 9 17 1 25 11 4 6 6 18 6 35 9 12 14 1 32 40 43 5 24 38 11 18 43 40 7 13 43 10 30 2 43 25 8 31 23 41 32 25 9 28 32 37 26 28 2 39 5 4 34 35 35 39 3 9 0 13 28 20 14 29 0 22 30 17 37 20 22 28 7 24 36 36 3 18 17 35 32 32 25 29 41 22 37 6 20 19 24 40 25 27 3 7 22 39 40 16 16 22 9 10 11 31 10 12 23 29 33 14 15 19 37 20 6 1 37 31 21 5 34 2 42 30 24 35 13 41 10 3 30 26 15 21 35 34 37 37 16 21 5 10 23 30 34 0 15 42 3 0 39 37 22 31 16 18 1 36 24 7 28 38 33 24 13 27
0: 90 96 179 183 (23)
1: 13 37 49 149 190 (22)
2: 65 80 155 (22)
3: 2 88 108 126 163 182 (22)
4: 12 40 83 (23)
5: 53 82 153 174 (22)
6: 3 41 42 44 119 148 (22)
7: 60 104 127 193 (22)
8: 18 29 68 (22)
9: 35 46 74 89 134 (24)
10: 63 135 138 162 175 (23)
11: 31 39 56 136 (22)
12: 20 47 139 (22)
13: 61 91 160 198 (26)
14: 19 48 94 143 (23)
15: 144 166 180 (22)
16: 5 131 132 172 188 (22)
17: 7 36 99 110 (23)
18: 8 11 43 57 109 189 (25)
19: 22 121 145 (27)
20: 23 93 101 120 147 (25)
21: 152 167 173 (27)
22: 97 102 117 128 133 186 (27)
23: 9 16 70 140 176 (23)
24: 15 54 105 122 158 192 197 (26)
25: 1 14 38 67 73 114 124 (27)
26: 33 78 165 (27)
27: 4 125 199 (27)
28: 24 75 79 92 103 194 (27)
29: 0 95 115 141 (27)
30: 27 64 98 157 164 177 (27)
31: 69 137 151 187 (27)
32: 17 50 72 76 112 113 (27)
33: 25 142 196 (27)
34: 28 84 154 169 178 (27)
35: 45 85 86 111 159 168 (27)
36: 106 107 191 (27)
37: 32 77 100 118 146 150 170 171 185 (27)
38: 10 26 55 195 (27)
39: 81 87 129 184 (27)
40: 30 51 59 123 130 (27)
41: 71 116 161 (27)
42: 6 21 156 181 (27)
43: 34 52 58 62 66 (27)
