Name: 200-40-60
Time: 7.108582s
Result: 7
Solution: 10 1 22 9 14 3 20 6 10 7 1 13 21 12 23 1 6 7 15 8 3 7 25 28 7 25 25 25 6 14 1 0 22 18 9 16 26 2 27 16 19 12 9 27 16 3 11 18 0 19 5 12 29 25 10 26 10 10 24 14 0 20 24 4 22 19 29 18 18 5 15 12 6 1 18 25 20 26 22 22 10 5 11 19 9 27 18 11 27 19 11 20 13 17 19 14 28 13 28 18 3 13 18 0 13 25 13 13 15 22 2 29 27 7 7 29 9 8 4 20 5 4 17 15 16 21 12 0 25 29 0 5 5 11 29 26 22 25 26 16 21 20 15 0 10 3 13 17 10 20 20 3 5 21 19 14 20 4 3 9 23 18 17 0 0 25 8 24 16 29 26 3 22 9 21 16 2 6 12 15 0 6 7 26 11 27 8 21 4 12 21 1 5 10 25 7 7 24 11 29
0: 31 48 60 103 127 130 143 163 164 180 (47)
1: 1 10 15 30 73 191 (47)
2: 37 110 176 (47)
3: 5 20 45 100 145 151 158 171 (47)
4: 63 118 121 157 188 (47)
5: 50 69 81 120 131 132 152 192 (48)
6: 7 16 28 72 177 181 (49)
7: 9 17 21 24 113 114 182 195 196 (47)
8: 19 117 166 186 (47)
9: 3 34 42 84 116 159 173 (47)
10: 0 8 54 56 57 80 144 148 193 (47)
11: 46 82 87 90 133 184 198 (47)
12: 13 41 51 71 126 178 189 (48)
13: 11 92 97 101 104 106 107 146 (47)
14: 4 29 59 95 155 (53)
15: 18 70 108 123 142 179 (53)
16: 35 39 44 124 139 168 175 (48)
17: 93 122 147 162 (48)
18: 33 47 67 68 74 86 99 102 161 (49)
19: 40 49 65 83 89 94 154 (54)
20: 6 61 76 91 119 141 149 150 156 (50)
21: 12 125 140 153 174 187 190 (50)
22: 2 32 64 78 79 109 136 172 (53)
23: 14 160 (52)
24: 58 62 167 197 (53)
25: 22 25 26 27 53 75 105 128 137 165 194 (54)
26: 36 55 77 135 138 170 183 (54)
27: 38 43 85 88 112 185 (53)
28: 23 96 98 (54)
29: 52 66 111 115 129 134 169 199 (54)
