Name: 200-50-80
Time: 30.691547s
Result: 20
Solution: 48 49 4 10 23 18 11 5 35 44 41 22 1 24 2 28 35 48 46 9 23 36 24 28 22 47 12 43 13 44 27 2 38 23 1 33 34 24 9 43 31 16 35 33 2 46 5 41 38 48 30 35 26 46 27 33 19 3 47 7 26 29 41 29 28 38 49 8 6 21 25 32 9 40 31 25 39 25 47 35 5 20 7 33 4 36 32 28 10 45 3 40 29 41 48 18 30 15 12 1 17 35 45 39 15 45 33 0 3 8 0 19 8 10 14 41 42 30 29 20 8 2 20 15 26 14 38 13 44 43 24 26 7 16 39 3 12 41 44 37 31 7 15 21 26 17 20 11 20 12 40 4 16 17 23 47 37 15 41 22 4 19 1 2 9 9 17 7 11 6 18 24 1 42 34 14 14 48 46 4 47 31 15 19 38 5 5 18 14 29 13 30 0 4 47 43 36 37 37 27
0: 107 110 192 (58)
1: 12 34 99 162 172 (58)
2: 14 31 44 121 163 (58)
3: 57 90 108 135 (60)
4: 2 84 151 160 179 193 (62)
5: 7 46 80 185 186 (58)
6: 68 169 (61)
7: 59 82 132 141 167 (58)
8: 67 109 112 120 (58)
9: 19 38 72 164 165 (58)
10: 3 88 113 (65)
11: 6 147 168 (65)
12: 26 98 136 149 (59)
13: 28 127 190 (58)
14: 114 125 175 176 188 (58)
15: 97 104 123 142 157 182 (58)
16: 41 133 152 (68)
17: 100 145 153 166 (59)
18: 5 95 170 187 (60)
19: 56 111 161 183 (65)
20: 81 119 122 146 148 (66)
21: 69 143 (60)
22: 11 24 159 (62)
23: 4 20 33 154 (74)
24: 13 22 37 130 171 (59)
25: 70 75 77 (64)
26: 52 60 124 131 144 (60)
27: 30 54 199 (71)
28: 15 23 64 87 (76)
29: 61 63 92 118 189 (65)
30: 50 96 117 191 (77)
31: 40 74 140 181 (71)
32: 71 86 (77)
33: 35 43 55 83 106 (75)
34: 36 174 (60)
35: 8 16 42 51 79 101 (71)
36: 21 85 196 (61)
37: 139 156 197 198 (71)
38: 32 48 65 126 184 (78)
39: 76 103 134 (70)
40: 73 91 150 (72)
41: 10 47 62 93 115 137 158 (77)
42: 116 173 (72)
43: 27 39 129 195 (77)
44: 9 29 128 138 (77)
45: 89 102 105 (77)
46: 18 45 53 178 (78)
47: 25 58 78 155 180 194 (77)
48: 0 17 49 94 177 (78)
49: 1 66 (77)
