Name: 400-20-30
Time: 24.641361s
Result: 7
Solution: 40 3 4 46 60 58 22 17 30 21 42 3 23 11 18 15 41 42 48 34 24 39 26 33 50 40 31 3 8 54 26 15 35 44 57 0 16 59 22 51 14 26 30 27 40 44 33 6 16 45 3 36 19 43 10 7 36 22 58 33 6 50 39 35 55 23 27 24 42 45 34 27 3 4 22 59 28 10 46 23 38 42 42 8 47 5 42 44 46 42 37 29 17 19 47 57 31 9 46 10 38 33 31 0 13 7 2 53 18 55 27 12 39 15 57 17 43 12 36 36 1 35 31 40 1 19 18 46 59 50 24 44 38 18 15 8 26 48 3 60 28 43 27 55 13 9 12 52 44 48 46 12 19 0 10 52 35 61 11 55 49 23 19 25 46 30 58 50 52 5 9 23 54 20 48 0 13 13 40 13 45 12 15 7 19 42 23 45 53 44 35 31 38 39 29 32 47 37 33 11 28 17 52 4 40 61 15 7 44 6 16 45 19 0 16 53 40 6 48 32 14 38 59 43 55 26 60 58 29 19 55 33 5 12 17 20 60 57 60 34 49 24 47 36 40 33 7 20 37 8 59 57 4 11 43 34 33 20 56 50 48 39 35 39 10 53 60 61 27 51 34 54 51 52 25 23 61 33 48 8 2 9 49 36 24 50 28 12 26 3 16 1 14 9 37 8 19 0 4 13 55 32 61 57 55 23 21 25 5 54 0 3 21 45 28 46 1 1 18 34 30 10 56 36 54 47 58 44 7 48 38 34 60 53 60 14 56 11 51 41 54 5 7 48 35 11 9 28 41 49 56 2 58 27 4 48 29 48 40 34 21 22 23 52 23 47 60 55 29 58 57 28 10 36 18 10 5 18 56 6 22 14 25 2 1 55 55 47 35 53 42 25 30 52 56 38 30 41 37 0
0: 35 103 153 175 213 297 310 399 (22)
1: 120 124 291 316 317 384 (24)
2: 106 280 351 383 (23)
3: 1 11 27 50 72 138 289 311 (22)
4: 2 73 203 252 298 354 (22)
5: 85 169 232 308 341 376 (22)
6: 47 60 209 217 379 (22)
7: 55 105 183 207 246 328 342 (22)
8: 28 83 135 249 279 295 (22)
9: 97 145 170 281 293 346 (22)
10: 54 77 99 154 264 321 372 375 (23)
11: 13 158 199 253 337 345 (22)
12: 111 117 146 151 181 233 287 (24)
13: 104 144 176 177 179 299 (23)
14: 40 220 292 335 381 (22)
15: 15 31 113 134 182 206 (22)
16: 36 48 210 214 290 (22)
17: 7 92 115 201 234 (22)
18: 14 108 126 133 318 374 377 (22)
19: 52 93 125 152 162 184 212 229 296 (22)
20: 173 235 247 257 (25)
21: 9 306 312 360 (27)
22: 6 38 57 74 361 380 (22)
23: 12 65 79 161 171 186 275 305 362 364 (24)
24: 20 67 130 241 284 (25)
25: 163 274 307 382 391 (25)
26: 22 30 41 136 225 288 (22)
27: 43 66 71 110 142 268 353 (22)
28: 76 140 200 286 314 347 371 (29)
29: 91 194 228 356 368 (25)
30: 8 42 165 320 392 396 (29)
31: 26 96 102 122 191 (27)
32: 195 219 301 (28)
33: 23 46 59 101 198 231 245 256 277 (23)
34: 19 70 239 255 270 319 331 359 (23)
35: 32 63 121 156 190 262 344 388 (23)
36: 51 56 118 119 243 283 323 373 (25)
37: 90 197 248 294 398 (27)
38: 80 100 132 192 221 330 395 (29)
39: 21 62 112 193 261 263 (29)
40: 0 25 44 123 178 204 216 244 358 (28)
41: 16 339 348 397 (25)
42: 10 17 68 81 82 86 89 185 390 (29)
43: 53 116 141 223 254 (28)
44: 33 45 87 131 148 189 208 327 (29)
45: 49 69 180 187 211 313 (28)
46: 3 78 88 98 127 150 164 315 (29)
47: 84 94 196 242 325 365 387 (29)
48: 18 137 149 174 218 260 278 329 343 355 357 (29)
49: 160 240 282 349 (29)
50: 24 61 129 167 259 285 (29)
51: 39 269 272 338 (29)
52: 147 155 168 202 273 363 393 (26)
53: 107 188 215 265 333 389 (28)
54: 29 172 271 309 324 340 (27)
55: 64 109 143 159 224 230 300 304 367 385 386 (28)
56: 258 322 336 350 378 394 (29)
57: 34 95 114 237 251 303 370 (27)
58: 5 58 166 227 326 352 369 (28)
59: 37 75 128 222 250 (29)
60: 4 139 226 236 238 266 332 334 366 (29)
61: 157 205 267 276 302 (29)
