Name: 400-40-60
Time: 81.121660s
Result: 16
Solution: 71 82 56 59 3 87 43 22 14 86 70 6 35 10 72 55 76 49 25 5 94 33 13 93 49 46 36 79 57 47 3 44 91 84 85 6 48 84 13 73 63 62 75 13 76 24 77 67 28 69 29 26 63 76 53 85 20 83 8 10 67 87 29 51 18 67 31 20 63 21 88 92 66 79 61 89 72 39 30 71 10 68 64 89 92 95 35 60 37 19 82 70 51 58 27 78 41 78 66 60 0 93 40 0 80 34 71 77 34 39 22 46 4 10 19 58 33 21 14 57 65 33 50 42 79 69 69 14 0 14 27 97 32 10 18 19 65 19 27 86 54 52 60 52 54 62 11 25 6 12 98 11 93 29 52 61 16 4 47 37 35 57 41 90 96 51 87 6 78 42 56 25 23 69 23 85 85 22 51 40 36 55 97 73 59 46 49 49 34 61 96 23 4 9 87 34 96 85 81 16 80 59 91 70 1 0 90 28 43 62 48 19 55 68 56 2 5 84 49 43 77 36 83 1 45 64 1 22 71 95 50 88 37 57 28 50 98 98 74 8 22 32 81 8 5 86 96 60 92 72 37 8 82 55 0 5 9 26 15 12 76 53 68 93 25 19 30 7 86 68 64 12 81 67 74 13 39 15 30 34 7 42 47 94 42 67 21 75 24 54 56 84 25 55 44 78 62 83 31 59 85 48 87 18 17 32 44 94 24 77 38 79 73 26 42 2 76 84 47 8 66 80 5 45 42 41 70 90 70 58 58 50 22 88 27 34 19 2 15 2 52 32 36 31 9 3 6 98 20 96 72 98 63 43 84 35 95 59 29 91 66 31 30 15 91 48 75 7 41 51 28 11 95 98 46 80 1 44 95 9 33 43 41 38 9 56 90 17 76 98 63 74 94 65 66 20 17 16 14 95
0: 100 103 128 205 254 (41)
1: 204 223 226 376 (41)
2: 215 315 337 339 (42)
3: 4 30 345 (41)
4: 112 157 192 (41)
5: 19 216 244 255 322 (41)
6: 11 35 148 167 346 (41)
7: 267 280 367 (43)
8: 58 239 243 251 319 (41)
9: 193 256 344 379 384 (41)
10: 13 59 80 113 133 (41)
11: 146 151 371 (42)
12: 149 259 271 (43)
13: 22 38 43 275 (43)
14: 8 118 127 129 398 (45)
15: 258 277 338 363 (41)
16: 156 199 397 (41)
17: 304 387 396 (41)
18: 64 134 303 (41)
19: 89 114 135 137 211 265 336 (52)
20: 56 67 348 395 (47)
21: 69 117 286 (42)
22: 7 110 177 227 240 332 (56)
23: 172 174 191 (42)
24: 45 288 308 (45)
25: 18 147 171 264 292 (41)
26: 51 257 313 (48)
27: 94 130 138 334 (44)
28: 48 207 234 370 (41)
29: 50 62 153 358 (44)
30: 78 266 278 362 (45)
31: 66 298 343 361 (41)
32: 132 241 305 341 (43)
33: 21 116 121 380 (52)
34: 105 108 188 195 279 335 (54)
35: 12 86 160 355 (48)
36: 26 180 221 342 (45)
37: 88 159 232 250 (44)
38: 310 383 (49)
39: 77 109 276 (41)
40: 102 179 (44)
41: 96 162 325 368 382 (51)
42: 123 169 281 284 314 324 (54)
43: 6 208 219 353 381 (56)
44: 31 294 306 377 (49)
45: 224 323 (57)
46: 25 111 185 374 (57)
47: 29 158 282 318 (53)
48: 36 210 301 365 (52)
49: 17 24 186 187 218 (48)
50: 122 230 235 331 (52)
51: 63 92 165 178 369 (57)
52: 141 143 154 340 (57)
53: 54 261 (53)
54: 140 144 289 (55)
55: 15 181 212 253 293 (51)
56: 2 170 214 290 385 (56)
57: 28 119 161 233 (46)
58: 93 115 329 330 (50)
59: 3 184 201 299 357 (57)
60: 87 99 142 247 (57)
61: 74 155 189 (56)
62: 41 145 209 296 (55)
63: 40 52 68 352 390 (57)
64: 82 225 270 (55)
65: 120 136 393 (55)
66: 72 98 320 360 394 (57)
67: 47 60 65 273 285 (57)
68: 81 213 262 269 (57)
69: 49 125 126 173 (56)
70: 10 91 203 326 328 (57)
71: 0 79 106 228 (57)
72: 14 76 249 350 (57)
73: 39 183 312 (57)
74: 238 274 391 (57)
75: 42 287 366 (57)
76: 16 44 53 260 316 388 (57)
77: 46 107 220 309 (57)
78: 95 97 168 295 (57)
79: 27 73 124 311 (57)
80: 104 200 321 375 (57)
81: 198 242 272 (57)
82: 1 90 252 (57)
83: 57 222 297 (57)
84: 33 37 217 291 317 354 (56)
85: 34 55 175 176 197 300 (56)
86: 9 139 245 268 (57)
87: 5 61 166 194 302 (57)
88: 70 231 333 (57)
89: 75 83 (57)
90: 163 206 327 386 (57)
91: 32 202 359 364 (55)
92: 71 84 248 (57)
93: 23 101 152 263 (57)
94: 20 283 307 392 (57)
95: 85 229 356 372 378 399 (57)
96: 164 190 196 246 349 (57)
97: 131 182 (56)
98: 150 236 237 347 351 373 389 (51)
