Name: 400-50-80
Time: 55.419046s
Result: 18
Solution: 2 28 67 31 21 14 44 59 10 11 19 19 21 57 4 63 0 34 56 29 15 18 24 28 67 7 35 23 29 44 5 20 70 68 65 21 42 32 60 39 61 66 26 66 42 35 47 54 49 50 32 45 37 57 61 55 33 33 49 58 50 36 44 3 2 53 61 27 53 7 50 25 29 46 58 35 64 66 59 36 62 3 36 55 63 63 36 40 1 48 1 21 43 69 7 16 54 30 26 17 53 16 8 27 2 17 1 60 51 47 4 26 51 22 57 63 15 37 10 63 47 24 12 51 23 21 28 44 32 42 39 23 47 41 42 70 34 45 70 34 18 16 47 15 43 22 31 17 18 27 57 6 12 39 56 38 14 46 58 23 31 12 38 0 6 18 5 55 8 27 39 31 8 67 24 4 30 46 65 34 49 48 20 64 52 51 50 68 33 16 0 68 49 24 64 39 65 29 61 69 26 69 19 44 37 31 30 2 55 41 54 54 28 15 60 25 15 43 56 49 9 5 32 5 11 39 57 66 49 26 53 36 1 30 32 39 13 13 14 37 55 9 19 2 38 63 23 31 40 51 30 13 52 62 58 25 44 23 61 65 12 2 64 22 67 56 43 60 45 29 28 37 27 17 18 54 59 36 42 47 24 8 53 25 47 10 46 20 49 13 0 11 3 7 34 34 63 52 58 8 43 49 52 9 15 66 53 13 39 40 6 43 34 5 0 57 61 51 11 53 42 36 26 62 70 22 18 36 16 45 48 30 5 43 65 33 33 38 45 8 12 60 21 39 46 23 56 45 58 31 41 27 10 28 62 55 54 7 64 54 11 7 6 34 14 64 68 69 50 45 43 68 61 4 59 9 56 31 38 10 40 35 8 19 69 55 11 67 68 66 21 1 1 66 6 7 49 35 43 70
0: 16 163 190 290 314 (55)
1: 88 90 106 232 391 392 (55)
2: 0 64 104 207 243 261 (55)
3: 63 81 292 (57)
4: 14 110 175 373 (58)
5: 30 166 221 223 313 332 (58)
6: 151 164 310 362 394 (55)
7: 25 69 94 293 357 361 395 (56)
8: 102 168 172 281 299 339 382 (55)
9: 220 241 303 375 (55)
10: 8 118 285 352 379 (56)
11: 9 224 291 318 360 386 (55)
12: 122 152 161 260 340 (55)
13: 236 237 251 289 307 (55)
14: 5 156 238 364 (56)
15: 20 116 143 213 216 304 (55)
16: 95 101 141 189 328 (55)
17: 99 105 147 273 (57)
18: 21 140 148 165 274 326 (56)
19: 10 11 202 242 383 (55)
20: 31 182 287 (62)
21: 4 12 35 91 125 342 390 (61)
22: 113 145 263 325 (66)
23: 27 124 131 159 246 257 345 (57)
24: 22 121 174 193 280 (58)
25: 71 215 255 283 (61)
26: 42 98 111 200 229 322 (60)
27: 67 103 149 169 272 351 (60)
28: 1 23 126 212 270 353 (61)
29: 19 28 72 197 269 (65)
30: 97 176 206 233 250 331 (70)
31: 3 146 160 171 205 247 349 377 (58)
32: 37 50 128 222 234 (57)
33: 56 57 188 335 336 (65)
34: 17 136 139 179 294 295 312 363 (68)
35: 26 45 75 381 397 (70)
36: 61 79 82 86 231 277 321 327 (67)
37: 52 117 204 239 271 (62)
38: 155 162 244 337 378 (62)
39: 39 130 153 170 195 225 235 308 343 (59)
40: 87 248 309 380 (64)
41: 133 209 350 (56)
42: 36 44 129 134 278 320 (73)
43: 92 144 217 266 300 311 333 370 398 (70)
44: 6 29 62 127 203 256 (72)
45: 51 137 268 329 338 347 369 (71)
46: 73 157 177 286 344 (73)
47: 46 109 120 132 142 279 284 (73)
48: 89 181 330 (72)
49: 48 58 180 192 219 228 288 301 396 (73)
50: 49 60 70 186 368 (73)
51: 108 112 123 185 249 317 (73)
52: 184 252 297 302 (73)
53: 65 68 100 230 282 306 319 (73)
54: 47 96 210 211 275 356 359 (73)
55: 55 83 167 208 240 355 385 (73)
56: 18 154 218 265 346 376 (73)
57: 13 53 114 150 226 315 (72)
58: 59 74 158 254 298 348 (73)
59: 7 78 276 374 (69)
60: 38 107 214 267 341 (73)
61: 40 54 66 198 258 316 372 (72)
62: 80 253 323 354 (73)
63: 15 84 85 115 119 245 296 (73)
64: 76 183 194 262 358 365 (73)
65: 34 178 196 259 334 (73)
66: 41 43 77 227 305 389 393 (73)
67: 2 24 173 264 387 (73)
68: 33 187 191 366 371 388 (73)
69: 93 199 201 367 384 (71)
70: 32 135 138 324 399 (73)
