Name: 400-30-45
Time: 87.993146s
Result: 10
Solution: 41 45 32 45 25 39 27 76 56 79 60 73 69 49 22 32 43 67 31 71 69 5 23 42 27 33 32 2 18 59 9 32 29 25 38 34 67 41 59 72 67 12 79 18 36 80 16 59 51 26 20 68 73 12 81 6 36 31 15 14 68 4 22 7 28 32 1 29 74 11 72 6 75 25 66 74 35 79 38 13 74 81 7 55 46 56 46 30 40 9 66 55 29 38 63 16 21 9 66 25 26 63 13 56 58 82 32 69 71 41 61 78 62 54 24 62 61 17 21 63 66 60 53 43 57 10 40 50 45 23 8 3 18 26 35 78 56 18 52 53 5 50 39 52 80 73 13 36 11 44 1 71 61 58 44 4 49 37 0 28 5 31 70 20 64 81 5 19 17 74 82 62 40 73 46 80 62 66 47 14 9 41 37 59 58 51 0 83 49 44 11 52 68 33 48 48 82 2 16 57 39 31 6 50 10 83 75 25 3 61 3 76 72 0 14 27 24 78 70 73 40 51 1 75 82 18 48 55 58 40 47 27 58 78 33 27 59 45 13 14 39 19 21 24 38 34 81 65 47 77 71 72 14 69 19 29 41 15 69 7 73 61 44 50 53 51 22 24 22 49 63 12 69 33 76 75 2 5 60 47 36 54 54 10 68 53 26 38 3 46 1 15 20 21 31 6 30 43 19 7 28 72 35 82 62 77 34 81 54 63 46 35 74 50 58 35 55 56 42 51 79 35 63 24 64 76 30 29 26 10 78 54 1 42 48 76 17 39 45 52 45 64 80 71 55 83 64 41 52 17 57 51 23 47 38 42 76 67 10 68 21 4 51 36 37 24 78 65 8 16 70 23 33 80 8 41 10 59 25 42 39 3 77 25 9 28 45 53 0 60 28 2 17 72 65 83 41 69 64 57
0: 158 186 213 388 (32)
1: 66 150 222 290 332 (32)
2: 27 197 276 391 (32)
3: 131 208 210 288 381 (33)
4: 61 155 361 (33)
5: 21 140 160 166 277 (32)
6: 55 71 202 295 (35)
7: 63 82 259 299 (36)
8: 130 368 374 (32)
9: 30 89 97 180 384 (32)
10: 125 204 283 329 358 376 (32)
11: 69 148 190 (36)
12: 41 53 271 (33)
13: 79 102 146 238 (32)
14: 59 179 214 239 252 (32)
15: 58 257 291 (33)
16: 46 95 198 369 (32)
17: 117 168 336 349 392 (32)
18: 28 43 132 137 225 (33)
19: 167 241 254 298 (34)
20: 50 163 292 (34)
21: 96 118 242 293 360 (33)
22: 14 62 266 268 (33)
23: 22 129 352 371 (34)
24: 114 216 243 267 323 365 (33)
25: 4 33 73 99 207 378 383 (33)
26: 49 100 133 286 328 (33)
27: 6 24 215 231 235 (35)
28: 64 159 300 385 390 (32)
29: 32 67 92 255 327 (39)
30: 87 296 326 (35)
31: 18 57 161 201 294 (36)
32: 2 15 26 31 65 106 (33)
33: 25 193 234 273 372 (32)
34: 35 245 306 (34)
35: 76 134 302 311 315 321 (39)
36: 44 56 147 280 363 (33)
37: 157 182 364 (37)
38: 34 78 93 244 287 354 (32)
39: 5 142 200 240 337 380 (35)
40: 88 126 172 220 229 (42)
41: 0 37 109 181 256 347 375 396 (41)
42: 23 318 333 355 379 (42)
43: 16 123 297 (39)
44: 149 154 189 262 (41)
45: 1 3 128 237 338 340 386 (42)
46: 84 86 174 289 310 (41)
47: 178 230 248 279 353 (39)
48: 194 195 226 334 (39)
49: 13 156 188 269 (40)
50: 127 141 203 263 313 (40)
51: 48 185 221 265 319 351 362 (41)
52: 138 143 191 339 348 (42)
53: 122 139 264 285 387 (42)
54: 113 281 282 308 331 (41)
55: 83 91 227 316 344 (40)
56: 8 85 103 136 317 (39)
57: 124 199 350 399 (40)
58: 104 153 184 228 232 314 (42)
59: 29 38 47 183 236 377 (42)
60: 10 121 278 389 (42)
61: 110 116 152 209 261 (42)
62: 112 115 171 176 304 (41)
63: 94 101 119 270 309 322 (42)
64: 164 324 341 346 398 (38)
65: 247 367 394 (42)
66: 74 90 98 120 177 (42)
67: 17 36 40 357 (42)
68: 51 60 192 284 359 (42)
69: 12 20 107 253 258 272 397 (42)
70: 162 218 370 (42)
71: 19 108 151 250 343 (41)
72: 39 70 212 251 301 393 (42)
73: 11 52 145 173 219 260 (41)
74: 68 75 80 169 312 (42)
75: 72 206 223 275 (41)
76: 7 211 274 325 335 356 (42)
77: 249 305 382 (39)
78: 111 135 217 233 330 366 (41)
79: 9 42 77 320 (42)
80: 45 144 175 342 373 (42)
81: 54 81 165 246 307 (41)
82: 105 170 196 224 303 (41)
83: 187 205 345 395 (41)
