Name: 600-20-30
Time: 27.392998s
Result: 8
Solution: 104 1 31 50 28 61 77 48 81 36 49 65 57 88 115 3 54 46 122 90 17 19 108 14 45 104 91 102 34 45 102 46 101 79 32 103 83 84 43 122 64 100 71 15 87 41 84 97 91 59 21 52 83 88 89 63 30 50 64 11 68 80 55 44 36 98 94 18 13 110 112 76 14 64 48 107 46 65 97 7 69 68 105 18 16 6 50 63 46 38 89 92 4 21 117 104 41 4 39 39 60 54 84 29 9 77 89 76 72 97 50 93 105 17 44 54 81 43 97 15 117 36 8 84 22 108 18 106 107 12 61 95 3 53 2 52 46 57 65 31 67 15 66 71 77 116 46 29 98 37 43 15 85 91 36 53 99 19 87 59 39 105 26 112 78 88 21 8 40 87 71 61 83 83 50 71 120 60 93 44 51 35 101 20 30 75 118 77 73 111 68 30 111 71 19 38 91 19 24 92 3 48 69 46 26 49 37 76 103 6 39 103 115 102 42 29 34 30 27 45 33 20 87 117 120 70 25 60 43 92 3 1 96 60 77 103 55 99 6 7 10 53 9 112 85 70 1 72 6 58 77 60 110 118 116 100 9 8 73 33 37 114 77 62 121 50 117 81 44 8 113 20 114 22 68 71 29 80 23 107 66 105 104 78 59 31 81 116 31 122 60 110 1 57 60 106 89 117 107 5 66 120 15 83 13 114 115 77 50 22 3 53 72 12 18 67 53 73 93 49 70 96 26 23 89 45 42 95 35 24 22 121 7 113 58 101 98 38 16 109 74 122 56 38 80 109 32 89 51 97 60 59 95 40 93 55 93 78 33 47 16 67 88 84 102 65 54 113 83 82 106 23 23 96 20 13 24 35 82 73 120 79 121 116 123 79 93 119 11 108 28 121 80 104 111 37 18 75 114 89 96 105 59 101 94 67 34 33 48 117 92 8 63 63 110 84 106 86 117 97 70 99 82 11 5 59 35 100 119 113 80 65 122 51 94 13 37 108 10 82 20 72 119 24 108 118 41 17 122 46 93 123 61 64 87 64 11 17 8 58 84 17 5 38 43 51 28 28 3 74 85 39 122 75 115 50 106 29 65 42 22 57 62 94 72 111 74 26 0 112 2 96 114 6 60 80 69 78 27 72 98 47 50 74 42 23 55 0 65 104 87 64 30 45 64 12 70 35 35 57 123 13 61 2 17 90 116 79 116 25 90 71 32 19 53 8 99 41 93 24 26 99 107 111 119 41 123 34 102 89 77 8 73 90 30 89 56 51 86 42 27 67 101 47 29 67 95 107 0 77 38 39 96 87 10 40 46 52 27 27 109 58 31 105 85 68 49 30 4 121 52 56 109 101 25 108 69 71 22 5
0: 488 507 568 (20)
1: 1 231 246 292 (20)
2: 134 490 523 (22)
3: 15 132 200 230 310 468 (20)
4: 92 97 588 (21)
5: 299 424 462 599 (20)
6: 85 209 238 248 493 (20)
7: 79 239 332 (20)
8: 122 167 257 269 411 458 535 551 (20)
9: 104 242 256 (21)
10: 240 438 574 (20)
11: 59 388 423 456 (20)
12: 129 313 515 (21)
13: 68 304 375 435 521 (24)
14: 23 72 (23)
15: 43 119 141 151 302 (20)
16: 84 338 360 (20)
17: 20 113 447 457 461 524 (21)
18: 67 83 126 314 396 (21)
19: 21 157 194 197 533 (20)
20: 183 221 271 374 440 (20)
21: 50 93 166 (21)
22: 124 273 309 330 480 598 (20)
23: 278 323 371 372 505 (20)
24: 198 329 376 443 539 (21)
25: 226 529 594 (20)
26: 162 204 322 487 540 (21)
27: 218 498 560 578 579 (22)
28: 4 390 466 467 (20)
29: 103 147 215 276 477 564 (20)
30: 56 184 191 217 512 554 587 (20)
31: 2 139 285 288 582 (23)
32: 34 346 532 (20)
33: 220 259 358 407 (28)
34: 28 216 406 547 (21)
35: 181 328 377 426 517 518 (21)
36: 9 64 121 154 (24)
37: 149 206 260 395 436 (25)
38: 89 195 337 343 463 570 (21)
39: 98 99 160 210 471 571 (26)
40: 168 353 575 (20)
41: 45 96 446 537 545 (20)
42: 214 326 479 504 559 (26)
43: 38 117 150 228 464 (21)
44: 63 114 179 268 (23)
45: 24 29 219 325 513 (28)
46: 17 31 76 88 136 146 203 449 576 (24)
47: 359 501 563 (21)
48: 7 74 201 408 (20)
49: 10 205 319 586 (21)
50: 3 57 86 110 174 265 308 475 502 (28)
51: 180 348 433 465 557 (23)
52: 51 135 577 590 (24)
53: 133 155 241 311 316 534 (21)
54: 16 101 115 366 (25)
55: 62 236 355 506 (28)
56: 342 556 591 (26)
57: 12 137 293 481 519 (23)
58: 249 334 459 581 (27)
59: 49 159 284 351 402 425 (25)
60: 100 177 227 233 251 290 294 350 494 (27)
61: 5 130 171 452 522 (29)
62: 263 482 (23)
63: 55 87 412 413 (26)
64: 40 58 73 453 455 511 514 (25)
65: 11 77 138 365 431 478 508 (28)
66: 142 280 300 (27)
67: 140 315 361 405 561 565 (28)
68: 60 81 190 274 585 (24)
69: 80 202 496 596 (29)
70: 225 245 320 420 516 (29)
71: 42 143 170 175 193 275 531 597 (25)
72: 108 247 312 441 484 499 (25)
73: 188 258 317 379 552 (27)
74: 340 469 486 503 (28)
75: 185 397 473 (26)
76: 71 107 207 (27)
77: 6 105 144 187 234 250 262 307 550 569 (27)
78: 164 283 357 497 (29)
79: 33 381 385 527 (29)
80: 61 277 344 392 430 495 (29)
81: 8 116 267 286 (23)
82: 369 378 422 439 (27)
83: 36 52 172 173 303 368 (28)
84: 37 46 102 123 363 415 460 (28)
85: 152 244 470 584 (29)
86: 417 558 (26)
87: 44 158 169 222 454 510 573 (29)
88: 13 53 165 362 (28)
89: 54 90 106 296 324 347 399 549 555 (28)
90: 19 525 530 553 (29)
91: 26 48 153 196 (29)
92: 91 199 229 410 (29)
93: 111 178 318 354 356 386 450 538 (29)
94: 66 404 434 483 (29)
95: 131 327 352 566 (28)
96: 232 321 373 400 491 572 (29)
97: 47 78 109 118 349 419 (28)
98: 65 148 336 500 (29)
99: 156 237 421 536 541 (29)
100: 41 255 427 (29)
101: 32 182 335 403 562 593 (29)
102: 27 30 213 364 548 (29)
103: 35 208 211 235 (29)
104: 0 25 95 282 393 509 (28)
105: 82 112 161 281 401 583 (28)
106: 127 295 370 416 476 (29)
107: 75 128 279 298 542 567 (29)
108: 22 125 389 437 444 595 (29)
109: 339 345 580 592 (29)
110: 69 252 291 414 (28)
111: 189 192 394 485 543 (29)
112: 70 163 243 489 (29)
113: 270 333 367 429 (28)
114: 261 272 305 398 492 (29)
115: 14 212 306 474 (29)
116: 145 254 287 383 526 528 (28)
117: 94 120 223 266 297 409 418 (29)
118: 186 253 445 (27)
119: 387 428 442 544 (29)
120: 176 224 301 380 (28)
121: 264 331 382 391 589 (29)
122: 18 39 289 341 432 448 472 (29)
123: 384 451 520 546 (28)
