Name: 600-50-80
Time: 55.849087s
Result: 23
Solution: 47 15 102 18 64 62 2 10 71 97 76 69 65 4 91 55 21 54 19 35 22 40 12 99 6 72 80 88 29 92 55 83 98 36 14 0 59 79 96 79 44 48 70 34 23 2 85 32 90 34 18 15 82 94 53 82 30 28 60 0 106 1 96 81 12 87 67 66 97 45 67 2 71 42 24 83 81 50 108 42 13 40 58 78 75 2 59 62 84 54 64 39 26 5 32 61 77 2 51 70 96 95 105 73 26 94 13 92 92 31 107 7 88 74 103 78 23 81 66 68 11 68 97 87 94 35 7 52 51 30 65 10 26 47 1 60 50 9 66 22 30 100 9 19 68 74 62 109 41 44 90 65 20 38 1 31 41 48 62 63 44 24 11 86 33 29 87 28 104 94 20 55 37 64 72 76 48 74 98 92 80 58 10 46 67 80 98 13 79 33 70 54 93 79 94 88 95 85 78 100 105 27 49 99 52 83 12 47 50 51 85 32 93 78 24 36 62 15 58 49 3 26 95 17 44 43 11 55 107 74 56 12 103 89 22 67 37 57 101 29 62 19 58 104 11 5 84 44 72 74 1 61 71 97 41 73 58 74 100 37 85 47 56 93 41 37 3 28 99 78 105 57 71 41 71 74 29 65 108 63 90 75 29 17 106 79 56 103 84 110 54 100 69 27 66 3 99 38 47 32 71 110 101 99 99 22 84 12 108 86 66 73 71 59 15 25 14 109 21 23 86 19 67 107 78 0 30 70 46 5 96 95 90 43 45 78 10 71 11 78 53 36 19 85 48 62 80 43 12 2 95 86 21 28 89 78 11 106 42 88 96 94 69 45 61 49 87 34 60 109 91 102 55 96 46 84 8 100 26 5 30 37 91 0 7 6 83 110 79 42 25 61 107 5 44 65 5 77 107 32 53 89 110 8 7 109 73 80 59 91 5 39 103 9 67 22 18 10 23 91 101 83 105 1 101 57 99 88 79 17 14 4 54 14 22 107 102 47 14 109 97 51 38 106 84 22 86 59 59 26 105 65 72 77 19 64 89 52 92 87 40 104 80 81 41 73 36 16 55 76 30 27 99 59 41 87 100 7 107 15 84 76 22 63 64 15 33 6 38 46 65 16 50 35 33 5 32 43 108 48 17 38 52 46 96 84 52 91 17 107 19 76 102 20 104 5 11 65 89 20 83 52 84 34 82 27 62 106 97 110 62 90 70 64 73 16 35 108 74 87 77 101 35 51 39 42 8 0 15 25 105 72 75 97 74 35 56 64 105 32 21 78 20 87 97 38 58 87 16 56 3 91 21 95 63 99 95 72 35 24 20 101 69 25 40 74 48 53 50 104 15 110 45 8 86 1 100 5 7 11
0: 35 59 325 383 547 (53)
1: 61 134 154 250 423 595 (54)
2: 6 45 71 85 97 349 (53)
3: 220 266 295 570 (53)
4: 13 431 (53)
5: 93 245 329 379 393 396 410 495 515 597 (53)
6: 24 385 487 (53)
7: 111 126 384 404 477 598 (54)
8: 376 403 546 593 (55)
9: 137 142 413 (54)
10: 7 131 182 336 417 (53)
11: 120 162 226 244 338 356 516 599 (54)
12: 22 64 206 231 307 348 (53)
13: 80 106 187 (59)
14: 34 316 430 433 438 (55)
15: 1 51 217 314 479 485 548 590 (53)
16: 467 491 535 568 (53)
17: 223 283 429 500 508 (64)
18: 3 50 416 (75)
19: 18 143 241 321 342 454 510 (53)
20: 152 170 513 519 562 580 (54)
21: 16 318 352 560 572 (53)
22: 20 139 234 305 415 434 445 482 (54)
23: 44 116 319 418 (60)
24: 74 161 214 579 (53)
25: 315 390 549 583 (53)
26: 92 104 132 221 378 449 (54)
27: 201 293 471 525 (56)
28: 57 167 267 353 (55)
29: 28 165 239 276 282 (58)
30: 56 129 140 326 380 470 (54)
31: 109 155 (59)
32: 47 94 211 299 399 496 559 (53)
33: 164 189 486 494 (74)
34: 43 49 367 523 (54)
35: 19 125 493 536 542 555 578 (63)
36: 33 215 341 466 (63)
37: 172 236 259 265 381 (61)
38: 153 297 442 488 501 565 (61)
39: 91 411 544 (55)
40: 21 81 460 584 (57)
41: 148 156 254 264 273 464 474 (55)
42: 73 79 358 389 545 (62)
43: 225 333 347 497 (64)
44: 40 149 160 224 247 394 (56)
45: 69 334 363 592 (56)
46: 183 328 374 489 503 (65)
47: 0 133 207 261 298 437 (58)
48: 41 157 176 344 499 586 (70)
49: 202 219 365 (70)
50: 77 136 208 492 588 (71)
51: 98 128 209 441 543 (55)
52: 127 204 457 502 506 521 (58)
53: 54 340 400 587 (55)
54: 17 89 191 290 432 (70)
55: 15 30 171 227 372 468 (54)
56: 230 262 286 556 569 (72)
57: 237 271 425 (75)
58: 82 181 218 242 256 566 (72)
59: 36 86 313 408 447 448 473 (76)
60: 58 135 368 (75)
61: 95 251 364 391 (70)
62: 5 87 146 158 216 240 345 526 530 (53)
63: 159 279 483 574 (68)
64: 4 90 173 455 484 533 557 (68)
65: 12 130 151 277 395 451 490 517 (68)
66: 67 118 138 294 310 (76)
67: 66 70 184 235 322 414 (75)
68: 119 121 144 (60)
69: 11 292 362 582 (68)
70: 42 99 190 327 532 (62)
71: 8 72 252 272 274 300 312 337 (73)
72: 25 174 248 452 551 577 (75)
73: 103 255 311 406 465 534 (70)
74: 113 145 177 229 249 257 275 538 554 585 (69)
75: 84 281 552 (73)
76: 10 175 469 481 511 (70)
77: 96 397 453 540 (74)
78: 83 115 198 213 269 324 335 339 355 561 (75)
79: 37 39 188 193 285 388 428 (76)
80: 26 180 185 346 407 462 (75)
81: 63 76 117 463 (76)
82: 52 55 524 (75)
83: 31 75 205 386 421 520 (76)
84: 88 246 288 306 375 444 480 505 522 (74)
85: 46 197 210 260 343 (76)
86: 163 309 320 351 446 594 (76)
87: 65 123 166 366 459 475 539 563 567 (76)
88: 27 112 195 359 427 (76)
89: 233 354 401 456 518 (76)
90: 48 150 280 332 531 (76)
91: 14 370 382 409 419 507 571 (73)
92: 29 107 108 179 458 (76)
93: 192 212 263 (76)
94: 53 105 124 169 194 361 (76)
95: 101 196 222 331 350 573 576 (76)
96: 38 62 100 330 360 373 504 (75)
97: 9 68 122 253 440 528 553 564 (76)
98: 32 178 186 (76)
99: 23 203 268 296 303 304 426 472 575 (76)
100: 141 199 258 291 377 476 596 (76)
101: 238 302 420 424 541 581 (76)
102: 2 371 436 512 (76)
103: 114 232 287 412 (76)
104: 168 243 461 514 589 (76)
105: 102 200 270 422 450 550 558 (76)
106: 60 284 357 443 527 (76)
107: 110 228 323 392 398 435 478 509 (76)
108: 78 278 308 498 537 (76)
109: 147 317 369 405 439 (76)
110: 289 301 387 402 529 591 (76)
