Name: 600-30-45
Time: 36.034874s
Result: 13
Solution: 109 38 83 98 19 90 105 63 83 100 102 73 57 5 51 33 108 66 37 60 95 89 15 44 79 96 71 62 94 77 104 26 8 57 17 119 20 100 64 116 74 102 52 115 34 113 67 49 63 112 43 92 110 84 102 105 119 116 28 61 56 3 6 104 88 14 3 92 70 42 6 116 74 74 68 38 118 114 77 10 38 83 3 25 81 77 5 17 18 39 50 80 89 1 112 31 41 118 30 65 13 101 75 10 31 105 20 86 87 9 100 72 115 75 21 119 85 32 82 53 74 0 61 3 97 33 71 36 45 108 46 102 88 46 58 85 120 7 94 95 31 48 111 4 6 59 84 61 59 119 43 70 56 2 10 3 25 95 83 30 57 79 115 63 19 71 78 41 13 113 19 40 11 99 27 15 35 45 17 13 84 28 54 39 81 53 39 37 7 43 67 48 56 42 96 100 52 63 1 11 112 98 23 50 91 1 99 89 71 117 72 51 39 89 66 36 106 77 9 49 105 31 80 90 12 91 34 7 94 105 33 62 66 21 102 62 92 28 18 15 21 52 44 110 99 4 41 19 93 69 112 74 112 95 98 44 101 59 85 110 72 96 24 92 34 58 111 91 48 25 56 71 55 62 38 54 92 39 69 22 88 96 114 33 50 80 96 94 105 15 44 48 87 58 32 98 8 78 8 50 35 62 16 37 64 53 25 65 14 10 79 95 47 46 107 44 84 27 44 108 120 90 23 76 1 88 32 118 61 86 10 46 52 11 57 69 69 106 87 11 22 97 66 80 119 23 55 104 119 20 79 90 107 58 16 24 29 38 116 20 47 30 83 98 37 72 113 17 54 71 103 9 2 79 66 3 47 35 13 81 116 110 120 3 109 24 83 22 40 53 98 117 110 68 116 29 66 43 56 65 75 108 65 14 23 85 102 87 76 82 55 107 17 92 77 69 28 53 29 23 99 19 51 93 25 15 22 80 40 72 111 8 29 35 36 8 93 112 85 39 102 110 95 83 37 49 84 91 0 10 29 89 0 9 0 91 96 7 6 76 39 1 70 22 40 118 41 30 59 41 54 106 62 90 49 103 83 60 7 26 109 60 69 109 87 66 27 104 115 52 13 44 20 28 54 110 27 87 109 25 84 8 7 73 114 27 11 15 68 80 117 29 16 32 106 82 101 86 16 111 47 117 76 109 14 47 31 86 21 90 73 17 67 45 113 73 103 12 18 26 45 83 107 105 52 51 90 24 64 8 26 2 101 98 12 42 119 28 51 62 51 47 8 18 65 58 57 115 64 5 22 59 67 21 82 68 59 118 74 105 5 41 43 63 11 73 49 44 6 27 75 105 95 115 36 68 50 31 77 33
0: 121 448 452 454 (31)
1: 93 198 205 324 461 (33)
2: 153 372 551 (31)
3: 61 66 82 123 155 375 383 (31)
4: 143 245 (31)
5: 13 86 569 580 (32)
6: 62 70 144 458 588 (32)
7: 137 188 227 457 478 502 (31)
8: 32 296 298 431 435 501 549 562 (31)
9: 109 218 371 453 (32)
10: 79 103 154 309 330 449 (31)
11: 172 199 333 339 506 584 (33)
12: 224 537 554 (31)
13: 100 168 179 378 490 (31)
14: 65 308 403 524 (32)
15: 22 175 239 289 425 507 (31)
16: 302 354 512 518 (31)
17: 34 87 178 367 412 531 (35)
18: 88 238 538 563 (31)
19: 4 164 170 247 421 (31)
20: 36 106 349 359 492 (31)
21: 114 233 240 528 573 (31)
22: 279 340 387 426 463 570 (31)
23: 202 322 345 404 419 (34)
24: 262 355 385 547 (33)
25: 83 156 269 306 424 499 (31)
26: 31 479 539 550 (35)
27: 174 317 486 496 505 589 (33)
28: 58 181 237 416 493 557 (33)
29: 356 395 418 432 450 511 (31)
30: 98 159 361 467 (33)
31: 95 104 140 221 526 597 (32)
32: 117 294 326 513 (31)
33: 15 125 230 283 599 (34)
34: 44 226 264 (31)
35: 176 300 377 433 (31)
36: 127 215 434 594 (37)
37: 18 187 303 364 444 (32)
38: 1 75 80 274 357 (31)
39: 89 183 186 212 277 439 460 (39)
40: 171 388 428 464 (32)
41: 96 167 246 466 469 581 (31)
42: 69 193 555 (34)
43: 50 150 189 397 582 (37)
44: 23 242 255 290 315 318 491 587 (32)
45: 128 177 533 540 (31)
46: 130 133 313 331 (35)
47: 312 360 376 520 525 561 (39)
48: 141 191 268 291 (33)
49: 47 219 445 474 586 (39)
50: 90 203 284 299 596 (33)
51: 14 211 422 545 558 560 (35)
52: 42 196 241 332 489 544 (31)
53: 119 185 305 389 417 (38)
54: 182 275 368 470 494 (37)
55: 272 346 410 (33)
56: 60 152 192 270 398 (35)
57: 12 33 160 334 566 (31)
58: 134 265 293 353 565 (44)
59: 145 148 257 468 571 576 (37)
60: 19 477 481 (31)
61: 59 122 147 328 (35)
62: 27 231 235 273 301 472 559 (33)
63: 7 48 163 197 583 (35)
64: 38 304 548 568 (44)
65: 99 307 399 402 564 (35)
66: 17 214 232 342 374 396 485 (38)
67: 46 190 532 572 (33)
68: 74 393 508 575 595 (31)
69: 249 278 335 336 415 482 (44)
70: 68 151 462 (42)
71: 26 126 165 208 271 369 (34)
72: 111 210 260 365 429 (34)
73: 11 503 530 535 585 (44)
74: 40 72 73 120 251 578 (35)
75: 102 113 400 590 (32)
76: 323 408 459 522 (38)
77: 29 78 85 217 414 598 (34)
78: 166 297 (31)
79: 24 161 310 350 373 (33)
80: 91 222 285 343 427 509 (44)
81: 84 184 379 (43)
82: 118 409 515 574 (43)
83: 2 8 81 158 362 386 443 476 541 (44)
84: 53 146 180 316 446 500 (41)
85: 116 135 258 405 438 (44)
86: 107 329 517 527 (43)
87: 108 292 338 407 484 497 (43)
88: 64 132 280 325 (44)
89: 21 92 207 213 451 (42)
90: 5 223 321 351 473 529 546 (43)
91: 204 225 267 447 455 (34)
92: 51 67 236 263 276 413 (40)
93: 248 423 436 (35)
94: 28 138 228 287 (44)
95: 20 139 157 253 311 442 592 (43)
96: 25 194 261 281 286 456 (44)
97: 124 341 (44)
98: 3 201 254 295 363 390 553 (44)
99: 173 206 244 420 (43)
100: 9 37 110 195 (43)
101: 101 256 516 552 (44)
102: 10 41 54 131 234 406 440 (44)
103: 370 475 536 (44)
104: 30 63 347 487 (44)
105: 6 55 105 220 229 288 543 579 591 (44)
106: 216 337 471 514 (43)
107: 314 352 411 542 (42)
108: 16 129 319 401 (44)
109: 0 384 480 483 498 523 (44)
110: 52 243 259 381 392 441 495 (41)
111: 142 266 430 519 (43)
112: 49 94 200 250 252 437 (44)
113: 45 169 366 534 (44)
114: 77 282 504 (44)
115: 43 112 162 488 567 593 (44)
116: 39 57 71 358 380 394 (44)
117: 209 391 510 521 (44)
118: 76 97 327 465 577 (41)
119: 35 56 115 149 344 348 556 (44)
120: 136 320 382 (42)
