Name: 600-40-60
Time: 603.885785s
Result: 18
Solution: 130 1 80 53 66 3 132 23 62 85 27 12 82 69 28 110 4 10 140 82 83 54 15 96 63 70 133 10 121 97 93 42 71 96 123 78 125 79 73 118 8 140 108 86 69 101 142 9 92 49 140 24 117 8 52 56 94 134 129 135 125 2 85 83 10 98 63 143 48 41 107 76 87 106 35 16 96 37 35 133 45 109 131 105 65 54 71 118 61 130 114 15 2 86 127 118 5 60 0 140 90 37 143 117 101 135 30 13 111 47 29 32 4 126 63 4 140 78 38 31 120 115 125 62 2 120 5 137 74 110 7 131 92 105 33 22 122 123 93 138 114 6 15 106 104 74 32 48 121 38 75 125 129 127 84 105 114 66 119 93 63 60 40 132 52 135 8 90 74 91 56 33 60 97 68 64 115 25 81 16 66 82 102 129 102 27 112 31 46 97 38 36 71 122 21 98 45 67 102 77 79 130 110 91 9 64 131 45 103 66 56 79 123 95 110 45 7 142 28 104 35 23 100 97 57 30 32 37 52 52 70 44 112 109 62 85 26 53 28 22 128 88 18 137 120 10 40 27 76 116 138 73 127 89 122 30 57 74 47 57 131 24 101 50 19 67 91 87 130 134 96 42 19 118 46 139 121 55 100 24 35 60 58 127 26 18 22 84 75 3 101 127 136 121 38 126 81 138 29 14 78 111 27 115 140 125 8 102 137 55 45 85 132 17 103 6 88 109 22 126 39 58 55 69 42 17 98 132 62 37 66 19 66 122 8 131 24 99 19 113 49 143 77 112 20 11 41 83 94 95 43 112 93 13 127 140 62 51 114 8 81 4 142 93 115 91 129 76 138 17 108 136 113 34 65 55 120 14 90 41 139 64 143 100 40 123 34 10 82 111 92 20 96 2 128 78 59 114 16 45 36 1 86 5 135 44 24 29 49 73 128 50 36 107 58 89 78 35 17 80 124 141 46 50 27 13 30 99 64 68 33 75 32 16 53 132 139 87 14 109 59 6 79 65 39 134 101 131 89 125 50 88 133 107 0 142 128 124 80 118 51 43 48 28 57 116 119 18 53 138 129 83 129 0 72 51 74 13 135 15 119 143 76 20 88 133 43 55 12 48 138 97 37 18 132 87 23 131 116 62 42 21 47 141 87 61 39 94 26 103 35 11 24 104 116 73 119 75 41 137 34 65 83 141 100 59 87 69 0 136 109 9 124 55 106 48 112 125 104 3 126 49 134 87 72 91 58 96 25 72 29 129 81 11 122 31 12 42 7 63 127 111 56 78 51 137 13 24 7 0 19 1 108 4 81 104 44 27 4 102 93 139 1 110 90 21 73 129 121 18 99 69 68 27 12 117 113 115 76 46
0: 98 454 473 528 569 (42)
1: 1 401 571 582 (41)
2: 61 92 124 393 (43)
3: 5 289 539 (41)
4: 16 112 115 361 573 578 (46)
5: 96 126 403 (41)
6: 141 315 441 (43)
7: 130 216 558 568 (41)
8: 40 53 166 306 334 359 (41)
9: 47 204 531 (44)
10: 17 27 64 245 387 (42)
11: 345 511 553 (42)
12: 11 488 556 594 (46)
13: 107 353 425 477 566 (41)
14: 299 377 438 (41)
15: 22 91 142 479 (41)
16: 75 179 398 433 (41)
17: 313 325 369 418 (43)
18: 242 285 467 493 589 (41)
19: 264 272 331 338 570 (41)
20: 344 391 483 (41)
21: 194 501 585 (45)
22: 135 239 286 318 (49)
23: 7 221 496 (42)
24: 51 261 279 336 406 512 567 (42)
25: 177 548 (56)
26: 236 284 508 (41)
27: 10 185 247 302 424 577 593 (43)
28: 14 218 238 463 (45)
29: 110 298 407 550 (41)
30: 106 225 255 426 (41)
31: 119 187 555 (42)
32: 111 146 226 432 (47)
33: 134 171 430 (41)
34: 373 386 520 (41)
35: 74 78 220 280 417 510 (41)
36: 191 400 412 (52)
37: 77 101 227 329 492 (41)
38: 118 149 190 294 (41)
39: 320 444 506 (49)
40: 162 246 384 (41)
41: 69 346 379 518 (43)
42: 31 271 324 500 557 (59)
43: 350 461 486 (51)
44: 231 405 576 (48)
45: 80 196 207 215 310 399 (41)
46: 188 274 422 599 (53)
47: 109 258 502 (43)
48: 68 147 462 489 535 (46)
49: 49 340 408 541 (43)
50: 263 411 423 450 (49)
51: 357 460 475 564 (44)
52: 54 164 228 229 (46)
53: 3 237 434 468 (52)
54: 21 85 (43)
55: 277 309 322 375 487 533 (45)
56: 55 170 210 562 (56)
57: 224 256 259 464 (48)
58: 282 321 414 546 (55)
59: 396 440 525 (50)
60: 97 161 172 281 (51)
61: 88 505 (41)
62: 8 123 234 328 356 499 (41)
63: 24 66 114 160 559 (46)
64: 175 205 381 428 (41)
65: 84 374 443 521 (56)
66: 4 157 180 209 330 332 (50)
67: 197 265 (53)
68: 174 429 592 (47)
69: 13 44 323 527 591 (48)
70: 25 230 (55)
71: 32 86 192 (45)
72: 474 544 549 (41)
73: 38 251 409 515 586 (58)
74: 128 145 168 257 476 (55)
75: 150 288 431 517 (46)
76: 71 248 367 482 598 (48)
77: 199 342 (58)
78: 35 117 300 395 416 563 (59)
79: 37 200 211 442 (58)
80: 2 419 458 (51)
81: 178 296 360 552 574 (54)
82: 12 19 181 388 (47)
83: 20 63 347 471 522 (58)
84: 154 287 (46)
85: 9 62 235 311 (54)
86: 43 93 402 (57)
87: 72 267 437 495 504 526 543 (51)
88: 241 316 451 484 (59)
89: 253 415 448 (52)
90: 100 167 378 584 (58)
91: 169 203 266 365 545 (53)
92: 48 132 390 (57)
93: 30 138 159 352 363 580 (48)
94: 56 348 507 (44)
95: 213 349 (43)
96: 23 33 76 270 392 547 (46)
97: 29 173 189 223 491 (55)
98: 65 195 326 (59)
99: 337 427 590 (57)
100: 222 278 383 524 (50)
101: 45 104 262 290 446 (53)
102: 182 184 198 307 579 (57)
103: 208 314 509 (59)
104: 144 219 513 538 575 (59)
105: 83 133 155 (59)
106: 73 143 534 (59)
107: 70 413 453 (59)
108: 42 370 572 (57)
109: 81 233 317 439 530 (57)
110: 15 129 202 214 583 (58)
111: 108 301 389 561 (55)
112: 186 232 343 351 536 (59)
113: 339 372 596 (58)
114: 90 140 156 358 397 (59)
115: 121 176 303 364 597 (59)
116: 249 465 498 514 (58)
117: 52 103 595 (58)
118: 39 87 95 273 459 (59)
119: 158 466 480 516 (57)
120: 120 125 244 376 (56)
121: 28 148 276 293 588 (58)
122: 136 193 254 333 554 (54)
123: 34 137 212 385 (59)
124: 420 457 532 (59)
125: 36 60 122 151 305 449 537 (57)
126: 113 295 319 540 (57)
127: 94 153 252 283 291 354 560 (59)
128: 240 394 410 456 (57)
129: 58 152 183 366 470 472 551 587 (59)
130: 0 89 201 268 (58)
131: 82 131 206 260 335 447 497 (57)
132: 6 163 312 327 435 494 (58)
133: 26 79 452 485 (58)
134: 57 269 445 542 (55)
135: 59 105 165 404 478 (58)
136: 292 371 529 (58)
137: 127 243 308 519 565 (58)
138: 139 250 297 368 469 490 (57)
139: 275 380 436 581 (58)
140: 18 41 50 99 116 304 355 (57)
141: 421 503 523 (58)
142: 46 217 362 455 (55)
143: 67 102 341 382 481 (57)
