Name: 800-50-80
Time: 606.378116s
Result: 26
Solution: 38 29 162 110 135 1 28 163 16 65 125 62 52 51 137 148 88 120 109 142 25 159 86 109 41 15 49 18 127 12 102 95 97 135 161 146 46 17 54 47 105 31 64 86 100 51 145 16 107 132 152 154 44 30 69 23 120 23 96 52 44 12 124 70 33 89 122 88 129 155 32 154 41 43 103 160 36 0 58 47 30 141 106 61 130 160 96 35 118 138 26 108 50 110 106 125 147 131 87 140 9 8 2 13 48 37 73 138 41 6 37 161 64 100 101 61 20 52 128 108 86 29 31 30 77 158 66 90 143 38 161 28 118 53 134 54 129 102 35 163 75 54 156 85 163 92 82 53 87 28 78 21 164 6 49 131 66 103 108 29 100 98 142 143 136 19 107 40 21 80 122 123 75 27 33 14 98 89 86 137 101 119 78 82 121 149 97 10 57 60 8 133 60 122 144 150 94 57 106 67 52 128 105 132 4 141 24 23 151 57 94 5 153 126 113 59 162 109 99 7 140 27 135 89 83 146 37 151 21 48 143 88 69 165 65 148 21 113 121 44 67 13 122 44 101 4 19 67 154 81 23 31 114 136 44 53 128 158 166 73 105 161 64 45 11 143 11 13 120 1 147 124 102 17 91 166 64 102 143 33 41 58 107 39 130 153 165 139 92 72 62 145 96 38 67 134 130 87 155 129 35 163 71 45 159 123 144 73 6 50 141 129 151 62 7 149 150 51 39 83 86 164 44 110 147 69 135 86 95 82 75 113 112 89 57 18 128 70 38 60 0 72 115 72 10 111 153 17 134 97 156 67 105 138 165 82 59 82 68 115 160 23 46 51 38 131 72 25 125 54 9 83 112 141 8 64 120 37 121 15 19 101 58 104 145 26 69 25 59 46 107 164 28 36 69 82 162 14 53 58 80 138 111 76 17 139 91 75 110 119 68 102 132 64 76 45 138 152 71 140 146 24 85 115 152 145 122 42 34 116 108 135 100 74 118 59 66 162 62 11 97 110 41 75 9 159 156 93 43 106 138 9 162 160 139 126 116 85 63 62 45 27 91 70 130 16 79 104 55 84 56 63 102 63 134 4 18 32 137 77 166 50 34 12 20 59 105 51 138 153 115 30 111 127 49 21 37 52 37 8 166 109 128 82 43 152 153 48 158 20 9 78 144 1 86 42 132 44 127 95 70 26 48 97 25 108 146 25 158 17 117 86 119 134 114 117 114 15 150 158 101 56 43 14 113 95 155 152 147 72 25 93 5 96 147 79 124 3 60 124 148 74 85 116 142 50 104 151 2 117 95 66 34 0 150 60 74 127 97 76 165 71 65 119 143 91 5 133 123 133 132 3 95 0 69 23 135 50 70 130 3 54 7 141 123 39 77 143 81 35 61 137 82 111 86 40 136 112 103 104 114 94 110 7 118 17 87 157 124 2 33 14 64 163 96 112 67 65 10 28 146 72 78 59 75 155 162 32 126 47 55 73 64 161 154 160 104 94 11 3 42 33 15 60 61 80 7 115 148 69 121 124 57 132 115 145 116 79 47 94 99 18 22 8 25 92 108 55 128 84 78 94 126 119 5 110 3 36 76 139 159 119 152 23 93 132 99 157 114 130 37 101 74 157 4 112 133 58 22 1 123 149 156 164 56 160 83 36 13 80 139 146 81 90 126 84 109 42 75 50 54 136 134 33 62 121 42 34 41 34 79 156 96 35 47 137 114 91 95 0 126 66 90 103 77 131 142 148 148 34 73 117 93 38 166 90 80 98 149 55 91 66 7 166 155 113 106 153 44 88 49 84 90 139 161 87 79 52 48 79
0: 77 340 573 593 759 (53)
1: 5 269 513 719 (55)
2: 102 568 629 (53)
3: 557 591 600 659 696 (52)
4: 204 245 475 714 (52)
5: 211 552 586 694 (52)
6: 109 153 308 (52)
7: 219 314 602 623 666 782 (52)
8: 101 190 374 499 683 (53)
9: 100 370 444 451 510 (52)
10: 187 344 638 (52)
11: 264 266 439 658 (52)
12: 29 61 483 (55)
13: 103 241 267 728 (52)
14: 175 397 543 631 (52)
15: 25 379 537 662 (53)
16: 8 47 465 (52)
17: 37 273 347 404 529 625 (52)
18: 27 335 476 681 (52)
19: 165 246 380 (52)
20: 116 484 509 (53)
21: 151 168 228 236 495 (52)
22: 682 718 (52)
23: 55 57 207 250 361 595 703 (52)
24: 206 421 (55)
25: 20 367 387 524 527 550 684 (53)
26: 90 385 521 (56)
27: 173 221 461 (53)
28: 6 131 149 392 639 (55)
29: 1 121 159 (61)
30: 53 80 123 491 (55)
31: 41 122 251 (71)
32: 70 477 647 (53)
33: 64 174 279 630 661 743 (52)
34: 428 482 572 747 749 769 (53)
35: 87 138 300 609 753 (53)
36: 76 393 697 727 (52)
37: 105 110 226 377 496 498 710 (52)
38: 0 129 293 338 364 773 (58)
39: 283 318 605 (75)
40: 167 615 (52)
41: 24 72 108 280 442 748 (60)
42: 427 515 660 737 746 (53)
43: 73 448 504 542 (54)
44: 52 60 239 243 254 322 517 788 (56)
45: 263 303 415 460 (52)
46: 36 362 389 (62)
47: 39 79 649 678 754 (52)
48: 104 229 507 522 798 (63)
49: 26 154 494 790 (53)
50: 92 309 481 565 597 739 (54)
51: 13 45 317 363 487 (52)
52: 12 59 117 200 497 797 (59)
53: 133 147 255 398 (53)
54: 38 135 141 369 601 740 (52)
55: 468 650 687 779 (57)
56: 470 541 724 (56)
57: 188 197 209 334 672 (54)
58: 78 281 382 399 717 (61)
59: 215 356 388 435 485 643 (73)
60: 189 192 339 558 575 663 (52)
61: 83 115 610 664 (54)
62: 11 290 313 438 459 744 (68)
63: 458 471 473 (52)
64: 42 112 262 276 375 413 632 652 (58)
65: 9 234 582 637 (66)
66: 126 156 436 571 761 781 (61)
67: 199 240 247 294 351 636 (64)
68: 358 410 (55)
69: 54 232 325 386 394 594 669 (56)
70: 63 337 463 520 598 (62)
71: 302 418 581 (62)
72: 289 341 343 366 549 641 (52)
73: 106 259 307 651 770 (58)
74: 433 561 576 712 (58)
75: 140 172 330 407 443 644 738 (78)
76: 403 414 579 698 (53)
77: 124 479 606 764 (56)
78: 150 182 511 642 690 (77)
79: 466 555 677 750 796 799 (78)
80: 169 400 665 729 776 (75)
81: 249 608 732 (74)
82: 146 183 329 355 357 395 503 612 (72)
83: 224 319 371 726 (69)
84: 469 689 735 791 (54)
85: 143 422 457 562 (78)
86: 22 43 120 178 320 327 514 531 614 (53)
87: 98 148 297 626 795 (72)
88: 16 67 231 789 (55)
89: 65 177 223 333 (55)
90: 127 733 762 775 792 (61)
91: 274 406 462 585 757 780 (68)
92: 145 288 685 (57)
93: 447 551 704 772 (67)
94: 196 210 621 657 679 691 (68)
95: 31 328 519 545 570 592 758 (71)
96: 58 86 292 553 634 752 (65)
97: 32 186 349 440 523 578 (58)
98: 161 176 777 (75)
99: 218 680 706 (60)
100: 44 113 160 432 (65)
101: 114 180 244 381 540 711 (78)
102: 30 137 272 277 411 472 (59)
103: 74 157 618 763 (53)
104: 383 467 566 619 656 (68)
105: 40 202 260 352 486 (77)
106: 82 94 198 449 786 (61)
107: 48 166 282 390 (60)
108: 91 119 158 430 525 686 (64)
109: 18 23 217 501 736 (78)
110: 3 93 323 408 441 622 695 (70)
111: 345 402 492 613 (78)
112: 332 372 617 635 715 (70)
113: 214 237 331 544 785 (76)
114: 252 534 536 620 708 756 (78)
115: 342 359 423 490 667 674 (53)
116: 429 456 563 676 (70)
117: 530 535 569 771 (75)
118: 88 132 434 624 (67)
119: 181 409 532 583 693 701 (77)
120: 17 56 268 376 (74)
121: 184 238 378 670 745 (70)
122: 66 170 193 242 426 (74)
123: 171 305 588 604 720 (71)
124: 62 271 556 559 628 671 (78)
125: 10 95 368 (75)
126: 213 455 648 692 734 760 (77)
127: 28 493 518 577 (78)
128: 118 201 256 336 502 688 (78)
129: 68 136 299 311 (56)
130: 84 284 296 464 599 709 (71)
131: 97 155 365 765 (78)
132: 49 203 412 516 590 673 705 (69)
133: 191 587 589 716 (73)
134: 134 295 348 474 533 742 (73)
135: 4 33 222 326 431 596 (74)
136: 164 253 616 741 (73)
137: 14 179 478 611 755 (78)
138: 89 107 353 401 416 450 488 (78)
139: 287 405 454 699 730 793 (78)
140: 99 220 419 (76)
141: 81 205 310 373 603 (75)
142: 19 162 564 766 (77)
143: 128 163 230 265 278 584 607 (76)
144: 194 306 512 (77)
145: 46 291 384 425 675 (78)
146: 35 225 420 526 640 731 (75)
147: 96 270 324 548 554 (78)
148: 15 235 560 668 767 768 (75)
149: 185 315 721 778 (76)
150: 195 316 538 574 (78)
151: 208 227 312 567 (77)
152: 50 417 424 505 547 702 (77)
153: 212 285 346 489 506 787 (78)
154: 51 71 248 654 (76)
155: 69 298 546 645 784 (77)
156: 142 350 446 722 751 (76)
157: 627 707 713 (78)
158: 125 257 508 528 539 (78)
159: 21 304 445 700 (77)
160: 75 85 360 453 655 725 (78)
161: 34 111 130 261 653 794 (78)
162: 2 216 396 437 452 646 (78)
163: 7 139 144 301 633 (77)
164: 152 321 391 723 (78)
165: 233 286 354 580 (78)
166: 258 275 480 500 774 783 (78)
