Name: 800-30-45
Time: 350.116901s
Result: 10
Solution: 1 107 92 44 31 64 110 59 38 91 43 19 2 69 79 1 61 68 74 49 37 50 85 47 8 32 80 19 51 36 51 92 89 96 47 80 107 98 79 48 16 101 11 52 24 114 115 63 115 86 5 0 113 45 93 62 47 90 105 73 65 79 4 54 4 100 44 84 111 86 86 70 105 60 10 81 96 36 86 60 50 93 27 4 60 75 32 100 93 98 64 113 38 17 24 92 84 5 68 85 61 59 46 27 5 43 97 32 2 96 78 43 109 63 58 66 5 62 44 67 97 96 16 110 90 47 39 66 78 58 44 101 79 60 89 89 95 78 13 16 54 32 1 65 70 71 98 108 84 88 75 100 77 63 43 114 34 88 13 64 51 17 23 1 65 61 72 8 29 96 99 111 96 38 60 56 27 72 101 111 83 26 7 95 23 23 113 43 30 110 19 8 19 12 114 96 49 79 60 36 23 72 89 40 17 62 104 102 33 26 80 7 98 99 34 94 55 45 15 41 80 7 21 50 36 92 97 90 10 47 51 54 45 97 12 9 114 0 47 86 96 105 92 33 72 116 9 66 25 111 31 21 74 37 44 41 51 113 57 17 85 28 57 80 28 29 35 46 38 105 2 90 27 41 109 24 65 80 89 24 21 26 14 49 77 22 108 115 45 70 3 3 36 86 74 72 106 36 70 63 113 94 12 41 16 5 77 21 44 31 75 53 77 47 105 21 108 82 0 32 29 35 43 27 104 4 27 41 39 81 115 47 100 57 78 16 66 24 20 35 60 100 68 77 104 55 21 41 53 32 54 22 48 109 45 85 84 2 3 23 6 90 96 66 20 33 90 41 57 76 13 85 101 36 30 11 93 80 83 32 47 7 76 99 112 66 51 8 63 22 90 36 82 17 13 99 100 32 78 30 12 56 75 29 2 108 43 27 49 98 71 97 63 70 64 83 7 111 20 62 20 81 90 103 40 16 91 1 24 91 26 75 88 56 70 6 15 55 80 97 89 105 80 28 63 63 24 26 48 80 101 115 87 114 38 27 2 28 40 56 48 53 89 20 76 54 68 6 93 81 78 114 96 74 53 74 63 34 14 16 68 86 79 39 30 60 39 2 104 55 102 36 0 90 34 107 20 115 103 82 54 103 42 28 37 91 8 82 74 72 41 95 64 58 74 112 42 9 62 90 105 52 94 19 75 5 78 65 44 80 57 65 40 87 11 106 104 25 22 5 70 80 30 86 17 116 40 17 76 43 33 99 36 50 13 45 66 67 45 69 95 14 59 39 8 2 15 30 18 70 23 69 108 34 66 40 17 82 81 18 111 111 22 40 93 16 56 30 73 10 108 116 57 69 2 88 72 109 49 63 11 66 23 56 25 80 102 63 115 29 60 101 48 12 86 110 71 30 14 102 46 33 11 104 10 33 93 105 27 18 92 4 66 24 112 38 67 58 12 51 110 74 4 94 28 88 106 25 109 3 87 55 79 111 71 73 105 0 99 15 116 18 25 60 65 82 86 73 7 2 60 92 16 111 91 37 115 72 83 52 15 48 56 26 90 109 52 6 14 6 108 107 111 103 27 31 44 40 85 54 4 83 20 42 58 72 27 59 84 34 43 101 97 68 78 56 101 54 111 112 9 103 90 52 96 94 11 44 92 112 77 51 46 12 82 99 114 55 70 31 19 10 113 11 38 67 107 106 109 6 54 83 43 16 56 84 63 85 32 1 86 95 62 15 68 88 52 102 69 102 49 28 69 105 116 79 56 29 70 76 73 43 104 110 15 39 48 9 50 31 28 94 104 72 27 115 60 0 74 7
0: 51 237 318 492 657 797 (33)
1: 0 15 142 163 427 759 (33)
2: 12 108 270 357 404 456 487 565 594 669 (33)
3: 290 291 358 649 (33)
4: 62 64 83 325 631 642 700 (33)
5: 50 97 104 116 305 525 539 (33)
6: 360 435 467 687 689 749 (33)
7: 182 211 221 381 416 668 799 (33)
8: 24 167 191 387 506 564 (33)
9: 235 246 517 720 787 (33)
10: 74 228 589 624 741 (34)
11: 42 375 534 600 622 726 743 (33)
12: 193 234 302 400 613 638 733 (33)
13: 138 158 370 394 554 (33)
14: 282 478 561 618 688 (33)
15: 218 436 566 659 680 763 784 (33)
16: 40 122 139 304 335 425 479 585 672 753 (33)
17: 93 161 204 259 393 544 547 576 (33)
18: 568 579 629 661 (33)
19: 11 27 190 192 523 740 (34)
20: 338 364 418 420 463 496 702 (33)
21: 222 251 280 307 315 346 (33)
22: 285 351 389 538 582 (33)
23: 162 184 185 200 359 570 602 (33)
24: 44 94 275 279 337 428 446 633 (33)
25: 248 537 604 647 662 (33)
26: 181 209 281 430 447 683 (33)
27: 82 103 176 272 323 326 407 455 628 694 706 794 (33)
28: 261 264 443 457 503 644 771 790 (33)
29: 168 265 320 403 609 777 (33)
30: 188 374 399 484 542 567 587 617 (33)
31: 4 250 309 695 739 789 (34)
32: 25 86 107 141 319 349 379 397 758 (33)
33: 208 243 365 550 621 625 (33)
34: 156 214 477 494 573 709 (33)
35: 266 321 339 (39)
36: 29 77 199 224 292 297 373 391 491 552 (33)
37: 20 253 504 675 (34)
38: 8 92 173 268 454 635 744 (33)
39: 126 328 483 486 563 785 (33)
40: 203 424 458 532 546 575 583 697 (33)
41: 219 255 273 303 327 347 367 510 (33)
42: 502 516 703 (43)
43: 10 105 111 154 187 322 406 549 710 752 781 (33)
44: 3 66 118 130 254 308 528 696 727 (33)
45: 53 217 232 288 354 555 558 (34)
46: 102 267 620 732 (38)
47: 23 34 56 125 229 238 313 331 380 (33)
48: 39 352 448 460 612 681 786 (36)
49: 19 196 283 408 598 770 (35)
50: 21 80 223 553 788 (36)
51: 28 30 160 230 256 386 639 731 (38)
52: 43 521 679 686 723 766 (36)
53: 311 348 461 474 (34)
54: 63 140 231 350 465 500 699 717 750 (41)
55: 216 345 437 489 651 737 (43)
56: 175 401 433 459 586 603 682 715 754 776 (38)
57: 258 262 333 368 530 592 (38)
58: 114 129 513 637 704 (37)
59: 7 101 562 707 (36)
60: 73 79 84 133 174 198 340 485 610 663 670 796 (33)
61: 16 100 165 (33)
62: 55 117 205 419 518 762 (43)
63: 47 113 153 299 388 412 444 445 476 599 607 756 (37)
64: 5 90 159 414 512 (34)
65: 60 143 164 276 527 531 664 (43)
66: 115 127 247 336 363 385 556 574 601 632 (42)
67: 119 557 636 745 (33)
68: 17 98 342 466 480 713 764 (43)
69: 13 559 571 593 768 772 (35)
70: 71 144 289 298 413 434 540 569 738 778 (43)
71: 145 410 616 654 (43)
72: 166 177 201 244 295 509 596 677 705 793 (43)
73: 59 588 655 667 780 (43)
74: 18 252 294 473 475 508 514 641 798 (36)
75: 85 150 310 402 431 524 (43)
76: 369 382 464 548 779 (43)
77: 152 284 306 312 343 730 (43)
78: 110 128 137 334 398 470 526 714 (43)
79: 14 38 61 132 197 482 652 775 (40)
80: 26 35 210 220 263 277 377 438 442 449 529 541 605 (43)
81: 75 329 421 469 578 (43)
82: 317 392 499 507 577 665 734 (42)
83: 180 378 415 678 701 751 (36)
84: 67 96 148 356 708 755 (42)
85: 22 99 260 355 371 698 757 (42)
86: 49 69 70 78 239 293 481 543 614 666 760 (43)
87: 452 533 650 (42)
88: 149 157 432 595 645 765 (43)
89: 32 134 135 202 278 440 462 (43)
90: 57 124 227 271 361 366 390 422 493 519 684 722 (42)
91: 9 426 429 505 674 (43)
92: 2 31 95 225 242 630 671 728 (43)
93: 54 81 88 376 468 584 626 (43)
94: 215 301 522 643 725 791 (43)
95: 136 183 511 560 761 (43)
96: 33 76 109 121 169 172 195 240 362 472 724 (43)
97: 106 120 226 233 411 439 712 (43)
98: 37 89 146 212 409 (43)
99: 170 213 383 395 551 658 735 (43)
100: 65 87 151 332 341 396 (43)
101: 41 131 178 372 450 611 711 716 (43)
102: 207 490 606 619 767 769 (43)
103: 423 498 501 693 721 (43)
104: 206 324 344 488 536 623 782 792 (43)
105: 58 72 241 269 314 441 520 627 656 773 (43)
106: 296 535 646 747 (42)
107: 1 36 495 691 746 (43)
108: 147 286 316 405 572 590 690 (43)
109: 112 274 353 597 648 685 748 (43)
110: 6 123 189 615 640 783 (43)
111: 68 171 179 249 417 580 581 653 673 692 718 (43)
112: 384 515 634 719 729 (43)
113: 52 91 186 257 300 742 (43)
114: 45 155 194 236 453 471 736 (43)
115: 46 48 287 330 451 497 608 676 795 (43)
116: 245 545 591 660 774 (43)
