Name: 800-20-30
Time: 80.184537s
Result: 8
Solution: 85 118 120 64 93 46 16 7 113 72 57 76 98 43 120 116 123 7 18 41 34 90 90 98 122 60 101 74 125 75 38 94 106 16 12 32 76 84 67 99 90 99 50 101 9 128 105 33 12 119 65 2 46 4 22 83 67 107 122 46 41 127 122 50 2 38 36 123 34 72 71 0 71 101 95 88 118 105 28 18 55 90 13 23 74 14 120 20 123 122 93 117 126 116 57 115 124 129 18 128 57 116 114 48 11 57 102 3 42 53 28 48 22 74 26 119 57 16 53 52 0 79 82 119 43 26 67 16 26 96 63 0 97 70 85 78 43 9 39 45 129 47 10 81 0 53 70 35 115 38 49 102 70 14 57 89 61 90 115 76 75 96 68 72 47 98 1 54 86 105 69 63 113 110 34 57 82 111 117 88 110 39 111 100 68 15 0 2 84 79 127 57 52 113 62 129 103 17 68 115 106 120 29 92 14 53 69 83 125 2 65 127 129 117 127 72 51 110 125 87 59 27 51 3 87 8 112 61 107 59 50 19 126 56 96 54 47 77 18 84 100 96 10 108 43 10 33 75 98 80 21 9 119 85 101 7 61 35 32 113 129 54 85 48 19 25 91 107 109 12 111 4 1 28 99 118 59 31 86 106 121 47 22 41 122 112 48 58 77 96 24 104 32 3 115 83 107 52 54 24 103 58 56 45 111 102 28 35 92 91 74 14 36 92 64 49 41 91 25 40 85 80 128 16 106 105 77 42 57 121 121 34 7 109 100 72 46 89 99 78 32 36 40 27 22 4 89 88 8 124 92 77 49 24 85 31 52 54 53 31 11 55 105 13 83 61 124 94 81 31 98 111 74 104 40 113 1 109 20 110 78 17 41 67 20 116 117 6 28 26 109 112 6 30 7 38 25 123 82 2 62 7 50 89 70 94 81 29 115 119 107 32 87 55 27 127 61 42 19 102 21 6 40 72 7 123 6 49 43 41 37 18 33 74 25 97 88 13 102 126 63 59 80 115 36 123 97 46 14 94 21 49 40 9 69 100 21 66 50 0 5 51 65 108 34 99 11 89 53 58 62 4 34 42 26 91 68 34 25 76 83 81 61 123 103 47 118 78 82 103 92 113 100 51 7 128 15 1 39 128 103 121 79 104 102 22 124 68 58 88 87 40 97 107 24 60 62 121 76 114 96 54 57 122 35 52 52 62 35 90 12 126 104 117 101 15 39 62 89 2 45 49 64 33 74 63 109 13 58 71 20 43 113 79 18 128 69 39 30 110 23 77 29 3 57 93 111 37 123 37 95 28 122 105 0 124 92 108 70 18 92 30 91 53 45 85 24 30 111 23 4 123 104 6 87 24 5 118 22 61 11 43 128 108 93 84 96 68 9 42 56 11 122 44 1 57 81 17 86 86 65 17 19 27 91 23 113 87 118 32 44 57 38 93 47 76 119 125 34 46 13 63 20 107 28 72 42 123 99 119 77 69 20 113 84 79 0 58 46 95 84 29 68 115 8 105 104 28 73 2 80 81 12 59 73 96 98 6 80 25 73 12 67 49 44 111 108 69 127 11 125 8 65 30 74 67 116 43 35 94 119 66 3 117 40 102 2 108 121 15 23 88 43 76 0 16 76 48 37 84 12 17 124 6 20 36 98 5 9 34 97 21 52 26 59 73 108 118 129 37 13 76 71 99 92 76 20 71 37 24 117 60 68 10 125 115 113 77 24 117 81 114 33 11 78 6 64 112 72 127 114 61 35 70 65 31 66 93 50 91 58 81 126 116 82 17 46 109 63 89 29 81 90 112 100 1 14 15 5 66
0: 71 120 131 144 186 459 574 656 714 (21)
1: 166 272 376 497 614 795 (22)
2: 51 64 187 209 399 539 669 706 (21)
3: 107 223 293 563 702 (21)
4: 53 271 345 471 590 (21)
5: 460 596 727 798 (22)
6: 387 392 421 426 593 677 723 765 (21)
7: 7 17 255 332 394 401 424 494 (21)
8: 225 348 664 691 (21)
9: 44 137 251 453 608 728 (21)
10: 142 242 245 753 (21)
11: 104 360 466 600 611 689 763 (21)
12: 34 48 269 530 672 681 720 (21)
13: 82 363 437 547 640 740 (21)
14: 85 153 204 311 448 796 (21)
15: 185 496 535 709 797 (21)
16: 6 33 117 127 323 715 (21)
17: 197 381 617 621 721 785 (21)
18: 18 79 98 238 431 554 579 (22)
19: 231 264 418 622 (21)
20: 87 378 384 550 642 652 724 746 (21)
21: 250 420 450 456 731 (22)
22: 54 112 282 344 505 598 (21)
23: 83 560 589 625 710 (21)
24: 290 299 353 514 586 595 749 758 (21)
25: 265 318 396 434 478 679 (21)
26: 114 125 128 389 474 733 (21)
27: 221 343 414 623 (21)
28: 78 110 273 306 388 571 644 667 (21)
29: 202 407 562 661 790 (21)
30: 393 558 581 587 693 (21)
31: 277 355 359 369 775 (21)
32: 35 258 292 340 411 629 (29)
33: 47 246 432 543 762 (28)
34: 20 68 174 331 464 472 477 638 729 (23)
35: 147 257 307 524 528 698 772 (22)
36: 66 312 341 444 725 (21)
37: 430 567 569 718 739 748 (21)
38: 30 65 149 395 632 (21)
39: 138 181 498 536 557 (22)
40: 319 342 374 422 452 511 704 (26)
41: 19 60 283 316 382 429 (29)
42: 108 327 417 473 609 646 (21)
43: 13 124 136 244 428 551 601 697 712 (27)
44: 613 630 684 (21)
45: 139 303 540 584 (23)
46: 5 52 59 336 447 639 658 786 (22)
47: 141 164 236 281 485 634 (21)
48: 103 111 263 286 717 (25)
49: 150 315 352 427 451 541 683 (24)
50: 42 63 230 402 458 778 (24)
51: 216 222 461 493 (23)
52: 119 192 297 356 525 526 732 (29)
53: 109 118 145 205 358 468 583 (21)
54: 167 235 261 298 357 521 (23)
55: 80 361 413 (29)
56: 233 302 610 (21)
57: 10 94 100 105 116 154 175 191 328 522 564 615 631 (29)
58: 287 301 469 508 548 657 780 (29)
59: 220 229 276 441 673 734 (24)
60: 25 515 751 (25)
61: 156 227 256 365 416 482 599 771 (27)
62: 194 400 470 516 527 537 (23)
63: 130 171 440 545 641 788 (21)
64: 3 314 542 766 (24)
65: 50 210 462 620 692 774 (22)
66: 457 701 776 799 (28)
67: 38 56 126 383 682 695 (26)
68: 162 184 198 476 507 607 662 752 (26)
69: 170 206 454 556 651 687 (29)
70: 133 146 152 404 578 773 (28)
71: 70 72 549 742 747 (21)
72: 9 69 163 215 335 423 645 768 (26)
73: 668 674 680 735 (29)
74: 27 84 113 310 372 433 544 694 (29)
75: 29 160 247 (26)
76: 11 36 159 479 518 635 713 716 741 745 (27)
77: 237 288 326 351 561 650 757 (29)
78: 135 339 380 487 764 (29)
79: 121 189 502 553 655 (29)
80: 249 321 442 670 678 (29)
81: 143 368 406 481 616 671 760 781 791 (29)
82: 122 176 398 488 784 (29)
83: 55 207 295 364 480 (29)
84: 37 188 239 605 654 660 719 (29)
85: 0 134 253 262 320 354 585 (29)
86: 168 278 618 619 (29)
87: 219 224 412 510 594 627 (29)
88: 75 179 347 436 509 711 (29)
89: 155 337 346 403 467 538 789 (29)
90: 21 22 40 81 157 529 792 (29)
91: 266 309 317 475 582 624 779 (29)
92: 203 308 313 350 490 576 580 744 (29)
93: 4 90 565 604 633 777 (29)
94: 31 367 405 449 699 (29)
95: 74 570 659 (29)
96: 129 161 234 241 289 520 606 675 (29)
97: 132 435 446 512 730 (29)
98: 12 23 165 248 370 676 726 (29)
99: 39 41 274 338 465 648 743 (29)
100: 183 240 334 455 492 794 (29)
101: 26 43 73 254 534 (29)
102: 106 151 305 419 438 504 705 (29)
103: 196 300 484 489 500 (29)
104: 291 373 503 532 592 666 (29)
105: 46 77 169 325 362 573 665 (29)
106: 32 200 279 324 (29)
107: 57 228 267 296 410 513 643 (29)
108: 243 463 577 603 686 707 736 (29)
109: 268 333 377 390 546 787 (29)
110: 173 180 217 379 559 (29)
111: 177 182 270 304 371 566 588 685 (29)
112: 226 285 391 767 793 (29)
113: 8 172 193 259 375 491 552 626 653 756 (29)
114: 102 519 761 770 (29)
115: 95 148 158 199 294 408 443 663 755 (29)
116: 15 93 101 385 696 783 (29)
117: 91 178 213 386 533 703 750 759 (29)
118: 1 76 275 486 597 628 737 (29)
119: 49 115 123 252 409 636 649 700 (29)
120: 2 14 86 201 (29)
121: 280 329 330 501 517 708 (29)
122: 24 58 62 89 284 523 572 612 (29)
123: 16 67 88 397 425 445 483 568 591 647 (29)
124: 96 349 366 506 575 722 (29)
125: 28 208 218 637 690 754 (29)
126: 92 232 439 531 782 (29)
127: 61 190 211 214 415 688 769 (29)
128: 45 99 322 495 499 555 602 (29)
129: 97 140 195 212 260 738 (29)
