Name: 200-30-45
Time: 13.61088252067566 
Result: 6018
Solution:  21 20 7 17 24 7 29 25 23 16 5 31 23 1 3 13 34 28 20 12 34 15 19 30 35 0 17 25 4 23 25 11 12 5 29 29 5 24 0 33 25 8 27 1 3 7 33 29 33 14 28 27 30 13 20 26 6 22 15 4 27 33 24 14 9 20 4 35 22 34 19 11 16 5 19 4 27 14 8 2 11 9 18 13 32 2 33 15 18 5 20 9 31 28 11 21 5 4 29 17 20 0 32 18 20 10 2 0 30 19 24 26 5 32 34 28 14 21 35 11 23 23 16 0 31 20 14 24 22 14 9 5 6 14 28 22 18 11 31 3 24 21 30 0 0 17 15 6 0 34 14 28 10 10 19 16 22 9 17 26 12 8 26 21 14 25 20 10 1 35 6 26 26 7 10 32 2 27 34 24 33 6 31 18 35 10 30 6 23 7 35 28 27 33 28 17 13 16 32 33
0 : [25, 38, 101, 107, 123, 143, 144, 148] (30)
1 : [13, 43, 168] (33)
2 : [79, 85, 106, 176] (32)
3 : [14, 44, 139] (34)
4 : [28, 59, 66, 75, 97] (31)
5 : [10, 33, 36, 73, 89, 96, 112, 131] (30)
6 : [56, 132, 147, 170, 181, 187] (31)
7 : [2, 5, 45, 173, 189] (32)
8 : [41, 78, 161] (33)
9 : [64, 81, 91, 130, 157] (38)
10 : [105, 152, 153, 167, 174, 185] (34)
11 : [31, 71, 80, 94, 119, 137] (45)
12 : [19, 32, 160] (46)
13 : [15, 53, 83, 196] (43)
14 : [49, 63, 77, 116, 126, 129, 133, 150, 164] (34)
15 : [21, 58, 87, 146] (38)
16 : [9, 72, 122, 155, 197] (30)
17 : [3, 26, 99, 145, 158, 195] (31)
18 : [82, 88, 103, 136, 183] (38)
19 : [22, 70, 74, 109, 154] (37)
20 : [1, 18, 54, 65, 90, 100, 104, 125, 166] (44)
21 : [0, 95, 117, 141, 163] (35)
22 : [57, 68, 128, 135, 156] (44)
23 : [8, 12, 29, 120, 121, 188] (32)
24 : [4, 37, 62, 110, 127, 140, 179] (39)
25 : [7, 27, 30, 40, 165] (33)
26 : [55, 111, 159, 162, 171, 172] (45)
27 : [42, 51, 60, 76, 177, 192] (44)
28 : [17, 50, 93, 115, 134, 151, 191, 194] (44)
29 : [6, 34, 35, 47, 98] (45)
30 : [23, 52, 108, 142, 186] (46)
31 : [11, 92, 124, 138, 182] (42)
32 : [84, 102, 113, 175, 198] (48)
33 : [39, 46, 48, 61, 86, 180, 193, 199] (45)
34 : [16, 20, 69, 114, 149, 178] (46)
35 : [24, 67, 118, 169, 184, 190] (41)
