Name: 200-50-80
Time: 14.745389699935913 
Result: 41059
Solution:  47 47 4 10 22 19 11 3 35 45 43 24 0 20 1 29 34 48 48 9 24 36 22 28 22 47 15 45 15 44 27 5 37 25 0 33 33 25 9 44 32 16 35 34 3 46 5 39 40 48 26 35 26 43 33 34 19 3 44 8 26 31 42 30 28 37 49 3 6 23 25 32 9 40 31 25 35 27 48 35 5 20 8 31 4 37 36 30 13 43 3 41 29 39 49 18 31 13 13 1 17 35 46 38 17 48 33 0 2 13 0 22 7 12 15 41 43 28 29 21 8 2 20 17 25 14 33 10 43 45 23 26 9 20 39 4 12 41 44 40 33 9 18 21 30 20 20 11 20 12 39 3 16 18 24 45 37 15 41 26 6 19 4 1 10 9 20 9 11 7 18 26 1 42 34 13 13 49 46 4 49 31 13 18 37 6 5 20 13 30 14 30 2 4 49 46 39 38 36 29
0 : [12, 34, 107, 110] (57)
1 : [14, 99, 163, 172] (63)
2 : [108, 121, 192] (56)
3 : [7, 44, 57, 67, 90, 151] (42)
4 : [2, 84, 135, 162, 179, 193] (50)
5 : [31, 46, 80, 186] (52)
6 : [68, 160, 185] (58)
7 : [112, 169] (62)
8 : [59, 82, 120] (50)
9 : [19, 38, 72, 132, 141, 165, 167] (50)
10 : [3, 127, 164] (59)
11 : [6, 147, 168] (65)
12 : [113, 136, 149] (59)
13 : [88, 97, 98, 109, 175, 176, 182, 188] (55)
14 : [125, 190] (83)
15 : [26, 28, 114, 157] (52)
16 : [41, 152] (61)
17 : [100, 104, 123] (76)
18 : [95, 142, 153, 170, 183] (63)
19 : [5, 56, 161] (57)
20 : [13, 81, 122, 133, 145, 146, 148, 166, 187] (58)
21 : [119, 143] (68)
22 : [4, 22, 24, 111] (55)
23 : [69, 130] (62)
24 : [11, 20, 154] (56)
25 : [33, 37, 70, 75, 124] (54)
26 : [50, 52, 60, 131, 159, 171] (61)
27 : [30, 77] (76)
28 : [23, 64, 117] (82)
29 : [15, 92, 118, 199] (78)
30 : [63, 87, 144, 189, 191] (61)
31 : [61, 74, 83, 96, 181] (78)
32 : [40, 71] (80)
33 : [35, 36, 54, 106, 126, 140] (73)
34 : [16, 43, 55, 174] (79)
35 : [8, 42, 51, 76, 79, 101] (71)
36 : [21, 86, 198] (101)
37 : [32, 65, 85, 156, 184] (58)
38 : [103, 197] (75)
39 : [47, 93, 134, 150, 196] (78)
40 : [48, 73, 139] (67)
41 : [91, 115, 137, 158] (76)
42 : [62, 173] (70)
43 : [10, 53, 89, 116, 128] (72)
44 : [29, 39, 58, 138] (80)
45 : [9, 27, 129, 155] (73)
46 : [45, 102, 178, 195] (77)
47 : [0, 1, 25] (82)
48 : [17, 18, 49, 78, 105] (85)
49 : [66, 94, 177, 180, 194] (78)
