Name: 400-40-60
Time: 28.973716020584106 
Result: 93072
Solution:  69 83 56 59 3 86 41 21 12 84 71 6 37 12 72 54 78 50 23 8 95 34 16 96 50 46 34 76 55 44 2 44 92 84 87 7 49 85 15 76 65 61 81 14 76 22 76 68 27 70 27 26 62 77 51 80 20 87 8 14 65 89 33 50 19 67 32 21 63 22 87 91 66 80 64 89 73 39 31 70 8 71 69 91 90 95 38 61 37 19 82 68 57 60 30 79 41 76 67 62 0 93 41 0 80 33 74 79 34 38 26 48 3 8 20 58 33 20 14 59 66 32 49 47 79 70 72 17 2 15 24 97 30 11 18 19 67 17 29 86 52 51 59 52 54 63 11 27 7 13 98 13 94 29 54 63 18 4 47 39 36 58 42 90 94 50 88 10 78 42 55 27 23 69 24 85 84 23 50 40 35 56 98 77 56 47 49 50 33 61 96 23 4 7 88 35 96 85 81 17 82 58 92 71 0 2 90 27 44 62 53 17 52 68 57 1 4 87 50 45 75 37 84 0 46 65 1 23 75 95 50 88 36 58 24 49 98 95 75 8 20 33 83 6 7 88 96 60 93 76 37 8 81 54 2 4 12 24 15 12 74 54 67 92 26 19 30 7 88 73 64 11 83 66 73 13 39 13 31 34 6 41 47 94 44 69 24 75 25 55 56 82 24 52 40 80 63 83 33 62 85 47 87 16 18 31 44 94 24 78 36 79 74 25 41 2 75 84 48 9 63 79 4 43 43 41 71 92 71 57 56 53 24 89 27 34 19 2 16 0 52 29 38 34 8 4 2 96 20 96 71 98 63 41 83 39 94 60 28 93 65 30 30 15 94 47 74 11 43 53 28 9 94 98 45 80 2 45 97 9 33 42 42 38 10 57 90 17 77 94 63 72 95 67 65 20 16 17 14 94
0 : [100, 103, 204, 223, 339] (46)
1 : [215, 226] (50)
2 : [30, 128, 205, 254, 315, 337, 346, 376] (34)
3 : [4, 112] (53)
4 : [157, 192, 216, 255, 322, 345] (45)
5 : [] (0)
6 : [11, 243, 280] (60)
7 : [35, 148, 193, 244, 267] (34)
8 : [19, 58, 80, 113, 239, 251, 344] (40)
9 : [319, 371, 379] (40)
10 : [167, 384] (46)
11 : [133, 146, 271, 367] (42)
12 : [8, 13, 256, 259] (45)
13 : [149, 151, 275, 277] (46)
14 : [43, 59, 118, 398] (24)
15 : [38, 129, 258, 363] (48)
16 : [22, 303, 338, 396] (40)
17 : [127, 137, 199, 211, 387, 397] (45)
18 : [134, 156, 304] (51)
19 : [64, 89, 135, 265, 336] (45)
20 : [56, 114, 117, 240, 348, 395] (45)
21 : [7, 67] (43)
22 : [45, 69] (44)
23 : [18, 172, 177, 191, 227] (53)
24 : [130, 174, 234, 257, 286, 292, 308, 332] (43)
25 : [288, 313] (55)
26 : [51, 110, 264] (40)
27 : [48, 50, 147, 171, 207, 334] (36)
28 : [358, 370] (40)
29 : [138, 153, 341] (47)
30 : [94, 132, 266, 361, 362] (48)
31 : [78, 278, 305] (50)
32 : [66, 121] (57)
33 : [62, 105, 116, 188, 241, 298, 380] (41)
34 : [21, 26, 108, 279, 335, 343] (30)
35 : [180, 195] (53)
36 : [160, 232, 310] (47)
37 : [12, 88, 221, 250] (48)
38 : [86, 109, 342, 383] (56)
39 : [77, 159, 276, 355] (45)
40 : [179, 294] (53)
41 : [6, 96, 102, 281, 314, 325, 353] (57)
42 : [162, 169, 381, 382] (54)
43 : [323, 324, 368] (51)
44 : [29, 31, 208, 284, 306] (40)
45 : [219, 374, 377] (52)
46 : [25, 224] (47)
47 : [123, 158, 185, 282, 301, 365] (29)
48 : [111, 318] (47)
49 : [36, 122, 186, 235] (60)
50 : [17, 24, 63, 165, 178, 187, 218, 230] (57)
51 : [54, 141] (54)
52 : [140, 143, 212, 293, 340] (59)
53 : [210, 331, 369] (58)
54 : [15, 144, 154, 253, 261] (59)
55 : [28, 170, 289] (59)
56 : [2, 181, 184, 290, 330] (59)
57 : [92, 214, 329, 385] (46)
58 : [115, 161, 201, 233] (41)
59 : [3, 119, 142] (57)
60 : [93, 247, 357] (42)
61 : [41, 87, 189] (60)
62 : [52, 99, 209, 299] (58)
63 : [68, 145, 155, 296, 320, 352, 390] (39)
64 : [74, 270] (49)
65 : [40, 60, 225, 360, 394] (60)
66 : [72, 120, 273] (57)
67 : [65, 98, 136, 262, 393] (58)
68 : [47, 91, 213] (46)
69 : [0, 82, 173, 285] (57)
70 : [49, 79, 125] (55)
71 : [10, 81, 203, 326, 328, 350] (53)
72 : [14, 126, 391] (55)
73 : [76, 269, 274] (58)
74 : [106, 260, 312, 366] (52)
75 : [220, 228, 238, 287, 316] (57)
76 : [27, 39, 44, 46, 97, 249] (57)
77 : [53, 183, 388] (47)
78 : [16, 168, 309] (58)
79 : [95, 107, 124, 311, 321] (72)
80 : [55, 73, 104, 295, 375] (59)
81 : [42, 198, 252] (67)
82 : [90, 200, 291] (60)
83 : [1, 242, 272, 297, 354] (60)
84 : [9, 33, 176, 222, 317] (60)
85 : [37, 175, 197, 300] (55)
86 : [5, 139] (58)
87 : [34, 57, 70, 217, 302] (59)
88 : [166, 194, 231, 245, 268] (54)
89 : [61, 75, 333] (60)
90 : [84, 163, 206, 386] (60)
91 : [71, 83] (68)
92 : [32, 202, 263, 327] (58)
93 : [101, 248, 359] (46)
94 : [152, 164, 283, 307, 356, 364, 372, 389, 399] (59)
95 : [20, 85, 229, 237, 392] (56)
96 : [23, 190, 196, 246, 347, 349] (59)
97 : [131, 378] (72)
98 : [150, 182, 236, 351, 373] (60)
