Name: 400-50-80
Time: 25.617900848388672 
Result: 15036
Solution:  0 28 66 27 20 17 46 62 9 11 20 19 21 60 7 63 2 38 56 31 15 22 22 29 69 8 39 22 30 45 1 19 70 67 68 18 45 32 61 42 62 66 25 65 43 35 51 54 48 49 35 50 40 59 64 54 35 33 47 57 52 39 43 4 1 54 60 29 52 6 50 26 29 48 59 36 65 69 59 34 61 0 37 55 63 63 37 40 0 46 3 21 40 67 5 20 55 33 26 18 51 14 13 27 2 20 0 60 51 47 3 27 51 23 57 62 15 38 7 64 48 24 13 53 22 22 29 46 35 42 37 23 49 44 43 70 37 47 69 33 17 18 47 16 43 23 33 17 19 28 56 5 12 41 56 37 15 47 58 26 33 15 38 0 6 18 5 56 8 27 40 32 9 67 19 7 30 46 65 36 49 53 21 64 52 51 52 68 34 16 2 67 49 24 63 41 65 30 61 70 28 69 19 44 40 31 32 1 55 43 54 56 26 15 60 28 16 43 54 46 9 5 31 6 13 41 57 66 48 26 54 36 5 31 29 39 12 14 17 37 55 10 21 0 37 63 23 33 41 57 33 12 57 63 58 25 45 24 64 67 12 2 64 25 67 56 40 62 45 28 30 39 26 16 15 52 59 37 42 50 24 7 52 25 47 10 49 22 52 13 0 11 3 10 31 34 63 53 58 11 43 49 51 11 15 68 55 15 40 41 5 43 34 1 1 56 61 55 12 55 42 34 27 63 68 23 20 35 15 45 49 31 5 45 69 34 35 38 47 9 11 60 21 41 50 24 57 46 57 32 44 27 10 28 62 57 56 9 66 54 10 7 7 37 14 67 68 70 50 44 43 69 61 4 62 8 60 34 42 5 41 38 13 19 69 58 11 69 70 66 22 1 1 65 6 4 49 34 45 70
0 : [0, 81, 88, 106, 163, 243, 290] (53)
1 : [30, 64, 207, 313, 314, 391, 392] (52)
2 : [16, 104, 190, 261] (52)
3 : [90, 110, 292] (59)
4 : [63, 373, 395] (52)
5 : [94, 151, 166, 221, 232, 310, 332, 379] (47)
6 : [69, 164, 223, 394] (65)
7 : [14, 118, 175, 281, 361, 362] (62)
8 : [25, 168, 375] (58)
9 : [8, 172, 220, 339, 357] (48)
10 : [241, 285, 293, 352, 360] (52)
11 : [9, 291, 299, 303, 340, 386] (53)
12 : [152, 236, 251, 260, 318] (50)
13 : [102, 122, 224, 289, 382] (47)
14 : [101, 237, 364] (53)
15 : [20, 116, 156, 161, 213, 274, 304, 307, 328] (48)
16 : [143, 189, 216, 273] (56)
17 : [5, 140, 147, 238] (54)
18 : [35, 99, 141, 165] (55)
19 : [11, 31, 148, 174, 202, 383] (66)
20 : [4, 10, 95, 105, 326] (58)
21 : [12, 91, 182, 242, 342] (71)
22 : [21, 22, 27, 124, 125, 287, 390] (54)
23 : [113, 131, 145, 246, 325] (56)
24 : [121, 193, 257, 280, 345] (63)
25 : [42, 255, 263, 283] (54)
26 : [71, 98, 159, 212, 229, 272] (63)
27 : [3, 103, 111, 169, 322, 351] (68)
28 : [1, 149, 200, 215, 269, 353] (58)
29 : [23, 67, 72, 126, 234] (63)
30 : [28, 176, 197, 270] (59)
31 : [19, 205, 222, 233, 294, 331] (56)
32 : [37, 171, 206, 349] (65)
33 : [57, 97, 139, 146, 160, 247, 250] (54)
34 : [79, 188, 295, 312, 321, 335, 377, 397] (51)
35 : [45, 50, 56, 128, 327, 336] (61)
36 : [75, 179, 231] (56)
37 : [82, 86, 130, 136, 155, 239, 244, 277, 363] (53)
38 : [17, 117, 162, 337, 381] (57)
39 : [26, 61, 235, 271] (69)
40 : [52, 87, 92, 170, 204, 266, 308] (62)
41 : [153, 195, 225, 248, 309, 343, 380] (78)
42 : [39, 129, 278, 320, 378] (58)
43 : [44, 62, 134, 144, 209, 217, 300, 311, 370] (77)
44 : [133, 203, 350, 369] (65)
45 : [29, 36, 256, 268, 329, 333, 398] (77)
46 : [6, 89, 127, 177, 219, 347] (67)
47 : [58, 109, 137, 142, 157, 284, 338] (80)
48 : [48, 73, 120, 228] (80)
49 : [49, 132, 180, 192, 286, 301, 330, 396] (75)
50 : [51, 70, 279, 344, 368] (74)
51 : [46, 100, 108, 112, 185, 302] (79)
52 : [60, 68, 184, 186, 275, 282, 288] (68)
53 : [123, 181, 297] (61)
54 : [47, 55, 65, 210, 218, 230, 359] (74)
55 : [83, 96, 208, 240, 306, 317, 319] (76)
56 : [18, 150, 154, 167, 211, 265, 315, 356] (81)
57 : [59, 114, 226, 249, 252, 346, 348, 355] (74)
58 : [158, 254, 298, 385] (81)
59 : [53, 74, 78, 276] (73)
60 : [13, 66, 107, 214, 341, 376] (78)
61 : [38, 80, 198, 316, 372] (79)
62 : [7, 40, 115, 267, 354, 374] (77)
63 : [15, 84, 85, 194, 245, 253, 296, 323] (80)
64 : [54, 119, 183, 258, 262] (73)
65 : [43, 76, 178, 196, 393] (73)
66 : [2, 41, 227, 358, 389] (80)
67 : [33, 93, 173, 191, 259, 264, 365] (73)
68 : [34, 187, 305, 324, 366] (78)
69 : [24, 77, 138, 201, 334, 371, 384, 387] (80)
70 : [32, 135, 199, 367, 388, 399] (83)
