Name: 600-20-30
Time: 40.76615381240845 
Result: 44033
Solution:  105 2 35 53 28 60 77 47 82 34 47 65 58 90 115 4 54 45 122 92 15 22 109 17 42 102 94 103 37 39 106 46 96 84 32 103 83 84 42 118 64 102 74 16 87 40 85 96 90 59 22 53 84 88 90 66 30 50 60 11 67 79 57 43 34 101 91 23 14 110 112 75 15 62 48 107 47 66 97 5 70 65 104 18 16 7 50 61 42 38 90 92 3 22 117 103 41 10 39 40 59 54 82 29 9 77 88 76 68 100 47 91 105 14 42 54 81 43 100 18 120 35 10 85 27 110 20 106 109 12 60 95 5 53 1 52 45 54 68 31 66 15 64 69 76 120 43 27 99 35 42 18 86 91 34 52 100 18 88 59 38 106 25 113 82 89 21 8 40 87 74 61 84 84 49 72 121 57 94 45 50 35 100 20 30 75 119 74 74 110 67 30 112 71 19 32 93 15 24 95 4 47 69 49 23 51 38 77 103 3 39 104 115 104 44 29 35 31 28 44 33 20 84 117 123 72 29 61 46 93 3 1 94 65 78 101 57 100 7 9 11 53 12 117 85 68 3 73 4 55 78 59 108 118 117 97 9 4 71 31 37 116 78 59 121 51 118 81 45 10 114 20 115 22 67 70 30 82 23 106 66 105 104 80 55 33 82 116 32 122 61 112 2 57 60 105 90 116 107 6 65 120 15 82 14 114 115 78 51 24 3 53 72 12 19 69 54 75 95 49 70 96 24 22 91 47 43 96 32 24 26 121 8 113 61 99 97 38 16 107 77 121 56 38 80 108 31 89 47 99 61 59 96 41 92 56 92 77 35 44 14 69 88 84 101 63 53 113 83 81 106 23 23 99 20 13 24 36 83 71 121 79 121 114 123 80 94 119 10 111 29 120 78 105 110 36 17 75 116 88 97 106 57 102 95 70 37 30 47 118 91 10 65 67 111 85 105 85 118 97 71 101 79 10 5 58 36 103 120 114 79 65 123 51 98 13 39 108 12 79 20 71 118 25 110 118 40 18 121 49 94 122 63 64 88 62 8 15 10 58 83 19 4 36 40 49 29 25 3 76 84 36 120 73 113 49 109 31 63 44 21 55 62 94 74 111 73 25 0 115 2 96 111 6 60 80 70 78 27 69 98 46 50 74 39 25 52 0 62 105 88 62 32 45 64 13 69 33 36 58 122 14 63 1 16 90 116 80 111 21 91 71 32 19 57 7 99 39 93 24 27 99 107 111 119 41 123 35 102 93 75 8 72 87 30 91 55 51 86 42 27 65 102 46 29 67 96 108 0 80 40 36 96 87 11 39 44 52 28 27 113 58 32 108 89 68 48 25 5 122 50 56 109 100 28 112 72 72 25 2
0 : [488, 507, 568] (20)
1 : [134, 231, 523] (23)
2 : [1, 292, 490, 599] (21)
3 : [92, 209, 230, 246, 310, 468] (11)
4 : [15, 200, 248, 257, 462] (21)
5 : [79, 132, 424, 588] (22)
6 : [299, 493] (21)
7 : [85, 238, 535] (4)
8 : [167, 332, 456, 551] (22)
9 : [104, 239, 256] (29)
10 : [97, 122, 269, 388, 411, 423, 458] (23)
11 : [59, 240, 574] (22)
12 : [129, 242, 313, 438] (17)
13 : [375, 435, 515] (21)
14 : [68, 113, 304, 360, 521] (21)
15 : [20, 72, 141, 197, 302, 457] (20)
16 : [43, 84, 338, 524] (25)
17 : [23, 396] (22)
18 : [83, 119, 151, 157, 447] (18)
19 : [194, 314, 461, 533] (24)
20 : [126, 183, 221, 271, 374, 440] (22)
21 : [166, 480, 529] (23)
22 : [21, 50, 93, 273, 323] (22)
23 : [67, 204, 278, 371, 372] (21)
24 : [198, 309, 322, 329, 376, 539] (20)
25 : [162, 443, 467, 487, 505, 587, 598] (18)
26 : [330] (2)
27 : [124, 147, 498, 540, 560, 579] (30)
28 : [4, 218, 578, 594] (27)
29 : [103, 215, 226, 390, 466, 564] (22)
30 : [56, 184, 191, 276, 407, 554] (26)
31 : [139, 217, 259, 346, 477] (24)
32 : [34, 195, 288, 328, 512, 532, 582] (22)
33 : [220, 285, 517] (24)
34 : [9, 64, 154] (21)
35 : [2, 121, 149, 181, 216, 358, 547] (29)
36 : [377, 395, 426, 463, 471, 518, 571] (23)
37 : [28, 260, 406] (22)
38 : [89, 160, 206, 337, 343] (22)
39 : [29, 98, 210, 436, 504, 537, 575] (22)
40 : [45, 99, 168, 446, 464, 570] (23)
41 : [96, 353, 545] (26)
42 : [24, 38, 88, 114, 150, 559] (18)
43 : [63, 117, 146, 326] (21)
44 : [214, 219, 359, 479, 576] (27)
45 : [17, 136, 179, 268, 513] (24)
46 : [31, 228, 501, 563] (30)
47 : [7, 10, 76, 110, 201, 325, 348, 408] (24)
48 : [74, 586] (21)
49 : [174, 203, 319, 449, 465, 475] (22)
50 : [57, 86, 180, 502, 590] (23)
51 : [205, 265, 308, 433, 557] (20)
52 : [135, 155, 506, 577] (20)
53 : [3, 51, 133, 241, 311, 366] (21)
54 : [16, 101, 115, 137, 316] (25)
55 : [249, 284, 481, 556] (30)
56 : [342, 355, 591] (30)
57 : [62, 177, 236, 293, 402, 534] (23)
58 : [12, 425, 459, 519, 581] (30)
59 : [49, 100, 159, 251, 263, 351] (30)
60 : [5, 58, 130, 294, 494] (30)
61 : [87, 171, 227, 290, 334, 350] (26)
62 : [73, 455, 482, 508, 511] (23)
63 : [365, 452, 478, 522] (21)
64 : [40, 142, 453, 514] (22)
65 : [11, 81, 233, 300, 412, 431, 561] (21)
66 : [55, 77, 140, 280] (26)
67 : [60, 190, 274, 413, 565] (26)
68 : [108, 138, 245, 585] (23)
69 : [143, 202, 315, 361, 499, 516] (29)
70 : [80, 275, 320, 405, 496] (29)
71 : [193, 258, 379, 420, 441, 531] (29)
72 : [175, 225, 312, 552, 596, 597] (29)
73 : [247, 473, 486] (27)
74 : [42, 170, 187, 188, 484, 503] (23)
75 : [71, 185, 317, 397, 550] (22)
76 : [107, 144, 469] (22)
77 : [6, 105, 207, 340, 357] (29)
78 : [234, 250, 262, 307, 392, 497] (27)
79 : [61, 381, 422, 430, 439] (30)
80 : [283, 344, 385, 495, 527, 569] (30)
81 : [116, 267, 369] (23)
82 : [8, 102, 164, 277, 286, 303] (27)
83 : [36, 368, 378, 460] (25)
84 : [33, 37, 52, 172, 173, 222, 363, 470] (29)
85 : [46, 123, 244, 415, 417] (30)
86 : [152, 558] (31)
87 : [44, 169, 553, 573] (30)
88 : [53, 106, 158, 362, 399, 454, 510] (25)
89 : [165, 347, 584] (26)
90 : [13, 48, 54, 90, 296, 525] (29)
91 : [66, 111, 153, 324, 410, 530, 555] (22)
92 : [19, 91, 354, 356] (25)
93 : [196, 229, 538, 549] (27)
94 : [26, 178, 232, 386, 450, 483] (25)
95 : [131, 199, 318, 404] (25)
96 : [32, 47, 321, 327, 352, 491, 566, 572] (26)
97 : [78, 255, 336, 400, 419] (34)
98 : [434, 500] (31)
99 : [148, 335, 349, 373, 536, 541] (29)
100 : [109, 118, 156, 182, 237, 593] (32)
101 : [65, 235, 364, 421] (30)
102 : [25, 41, 403, 548, 562] (32)
103 : [27, 35, 95, 208, 427] (31)
104 : [82, 211, 213, 282] (29)
105 : [0, 112, 281, 295, 393, 416, 509] (30)
106 : [30, 127, 161, 279, 370, 401] (30)
107 : [75, 298, 339, 542] (25)
108 : [252, 345, 437, 567, 583] (28)
109 : [22, 128, 476, 592] (26)
110 : [69, 125, 189, 394, 444] (26)
111 : [389, 414, 485, 492, 528, 543] (29)
112 : [70, 192, 291, 595] (25)
113 : [163, 333, 367, 474, 580] (30)
114 : [270, 305, 383, 429] (30)
115 : [14, 212, 272, 306, 489] (31)
116 : [261, 287, 297, 398, 526] (30)
117 : [94, 223, 243, 254] (28)
118 : [39, 253, 266, 409, 418, 442, 445] (30)
119 : [186, 387, 544] (33)
120 : [120, 145, 301, 391, 428, 472] (30)
121 : [176, 264, 331, 341, 380, 382, 448] (30)
122 : [18, 289, 451, 520, 589] (30)
123 : [224, 384, 432, 546] (35)
