Name: 600-30-45
Time: 39.15143942832947 
Result: 62043
Solution:  109 39 84 99 19 87 105 63 81 101 103 71 58 5 50 32 109 68 36 58 95 84 16 42 77 98 71 64 93 75 104 27 7 57 20 120 24 102 65 117 74 102 55 115 34 112 67 52 62 112 43 92 112 85 101 103 117 113 31 61 54 3 5 101 90 14 4 89 69 42 5 114 74 74 68 37 118 113 76 11 38 81 4 28 82 78 8 16 20 39 51 81 89 1 108 31 40 116 34 67 14 101 74 11 33 105 21 87 87 10 102 70 118 75 24 119 83 35 86 55 76 1 61 4 98 33 74 36 44 108 48 102 90 47 59 89 120 7 96 95 26 49 111 6 6 59 84 60 59 118 46 70 56 4 9 4 25 95 83 33 59 79 115 62 17 70 78 41 16 116 18 39 14 98 29 14 37 46 18 13 84 33 55 39 81 52 37 39 5 45 68 46 58 41 97 99 50 66 0 12 112 97 26 49 89 2 99 87 70 117 72 55 33 89 67 37 106 76 10 43 106 31 82 91 13 93 32 7 94 105 30 62 68 21 99 62 93 28 18 16 21 55 43 114 99 5 40 18 95 71 112 75 111 95 95 44 104 60 85 110 73 96 24 92 36 58 113 93 51 25 56 74 54 62 39 56 92 40 66 21 93 94 115 33 50 80 96 95 106 15 46 49 84 58 32 97 9 77 9 51 34 62 16 37 65 54 25 64 12 12 78 98 48 47 106 46 84 27 43 109 120 91 25 76 1 87 33 114 61 88 10 47 53 12 57 68 69 103 86 12 20 97 66 80 117 23 52 103 120 21 77 91 107 57 17 26 26 37 118 21 45 30 83 99 37 71 113 21 55 72 103 11 2 79 66 3 45 35 15 80 116 111 119 2 109 25 84 22 39 54 99 118 111 68 117 30 67 44 61 65 72 108 65 13 23 83 102 91 76 80 58 110 17 92 78 69 28 53 29 23 100 17 50 92 25 15 24 79 41 72 111 9 29 35 38 8 94 111 86 37 101 107 95 83 37 48 85 91 0 14 33 91 0 9 1 90 100 7 6 79 40 1 72 24 42 118 47 30 56 39 54 107 62 89 49 105 83 63 7 25 107 63 70 108 88 68 26 105 115 52 17 46 22 29 53 110 29 86 111 24 83 12 5 73 115 27 12 16 68 80 120 29 15 31 108 81 98 86 18 112 47 119 76 106 16 51 33 88 22 92 72 20 67 46 114 73 100 12 20 27 46 81 106 108 56 50 88 23 64 9 28 2 96 100 11 44 119 30 52 63 49 48 9 19 62 57 58 114 65 5 22 61 64 20 82 67 60 118 75 105 8 42 46 60 7 72 51 42 7 24 76 104 98 114 36 70 48 32 77 33
0 : [198, 448, 452] (32)
1 : [93, 121, 324, 454, 461] (30)
2 : [205, 372, 383, 551] (32)
3 : [61, 375] (9)
4 : [66, 82, 123, 153, 155] (23)
5 : [13, 62, 70, 188, 245, 502, 569] (47)
6 : [143, 144, 458] (31)
7 : [32, 137, 227, 457, 478, 584, 588] (31)
8 : [86, 435, 580] (31)
9 : [154, 296, 298, 431, 453, 549, 562] (27)
10 : [109, 218, 330] (30)
11 : [79, 103, 371, 554] (31)
12 : [199, 308, 309, 333, 339, 501, 506, 537] (32)
13 : [179, 224, 403] (33)
14 : [65, 100, 172, 175, 449] (33)
15 : [289, 378, 425, 512] (31)
16 : [22, 87, 168, 239, 302, 507, 524] (28)
17 : [164, 354, 412, 421, 490] (19)
18 : [170, 178, 238, 247, 518] (33)
19 : [4, 563] (31)
20 : [34, 88, 340, 531, 538, 573] (35)
21 : [106, 233, 240, 279, 349, 359, 367] (36)
22 : [387, 492, 528, 570] (40)
23 : [345, 404, 419, 547] (32)
24 : [36, 114, 262, 426, 463, 499, 589] (30)
25 : [156, 269, 306, 322, 385, 424, 479] (30)
26 : [140, 202, 355, 356, 486] (33)
27 : [31, 317, 505, 539] (35)
28 : [83, 237, 416, 550] (32)
29 : [174, 418, 432, 493, 496, 511] (34)
30 : [230, 361, 395, 467, 557] (33)
31 : [58, 95, 221, 513] (37)
32 : [15, 226, 294, 597] (38)
33 : [104, 125, 159, 181, 212, 283, 326, 450, 526, 599] (28)
34 : [44, 98, 300] (31)
35 : [117, 377, 433] (35)
36 : [18, 127, 264, 594] (49)
37 : [75, 176, 186, 215, 303, 357, 364, 439, 444] (30)
38 : [80, 434] (30)
39 : [1, 89, 171, 183, 187, 274, 388, 469] (38)
40 : [96, 246, 277, 460] (32)
41 : [167, 193, 428] (30)
42 : [23, 69, 464, 581, 587] (30)
43 : [50, 219, 242, 318] (30)
44 : [128, 255, 397, 555] (40)
45 : [189, 360, 376] (31)
46 : [150, 177, 191, 290, 315, 491, 533, 540, 582] (30)
47 : [133, 313, 331, 466, 520] (34)
48 : [130, 312, 445, 561, 596] (36)
49 : [141, 203, 291, 474, 560] (35)
50 : [14, 196, 284, 422, 545] (40)
51 : [90, 268, 299, 525, 586] (35)
52 : [47, 185, 346, 489, 558] (38)
53 : [332, 417, 494] (32)
54 : [60, 272, 305, 389, 470] (39)
55 : [42, 119, 182, 211, 241, 368] (36)
56 : [152, 270, 275, 468, 544] (31)
57 : [33, 334, 353, 565] (36)
58 : [12, 19, 192, 265, 293, 410, 566] (24)
59 : [134, 145, 148, 160] (34)
60 : [147, 257, 576, 583] (41)
61 : [59, 122, 328, 398, 571] (37)
62 : [48, 163, 231, 235, 273, 301, 472, 564] (33)
63 : [7, 477, 481, 559] (39)
64 : [27, 307, 548, 572] (33)
65 : [38, 304, 399, 402, 568] (41)
66 : [197, 278, 342, 374] (31)
67 : [46, 99, 214, 396, 532, 575] (45)
68 : [17, 74, 190, 232, 335, 393, 485, 508] (45)
69 : [68, 336, 415] (44)
70 : [111, 151, 165, 208, 482, 595] (39)
71 : [11, 26, 249, 365] (41)
72 : [210, 369, 400, 429, 462, 530, 585] (37)
73 : [260, 503, 535] (34)
74 : [40, 72, 73, 102, 126, 271] (41)
75 : [29, 113, 251, 578] (31)
76 : [78, 120, 217, 323, 408, 522, 590] (38)
77 : [24, 297, 350, 598] (30)
78 : [85, 166, 310, 414] (30)
79 : [161, 373, 427, 459] (52)
80 : [285, 343, 379, 409, 509] (42)
81 : [8, 81, 91, 184, 515, 541] (41)
82 : [84, 222, 574] (38)
83 : [116, 158, 362, 405, 443, 476, 500] (35)
84 : [2, 21, 146, 180, 292, 316, 386] (31)
85 : [53, 258, 446] (41)
86 : [118, 338, 438, 497, 517] (44)
87 : [5, 107, 108, 207, 325] (43)
88 : [329, 484, 527, 546] (42)
89 : [67, 92, 135, 204, 213, 473] (44)
90 : [64, 132, 455] (45)
91 : [223, 321, 351, 407, 447, 451] (38)
92 : [51, 263, 276, 413, 423, 529] (41)
93 : [28, 225, 236, 267, 280] (44)
94 : [228, 281, 436] (39)
95 : [20, 139, 157, 248, 253, 254, 287, 442] (44)
96 : [138, 261, 286, 552] (43)
97 : [194, 201, 295, 341] (45)
98 : [25, 124, 173, 311, 516, 592] (38)
99 : [3, 195, 206, 234, 244, 363, 390] (45)
100 : [420, 456, 536, 553] (42)
101 : [9, 54, 63, 101, 440] (37)
102 : [37, 41, 110, 131, 406] (45)
103 : [10, 55, 337, 347, 370] (34)
104 : [30, 256, 591] (45)
105 : [6, 105, 229, 475, 487, 579] (45)
106 : [216, 220, 288, 314, 523, 542] (44)
107 : [352, 441, 471, 480] (44)
108 : [94, 129, 401, 483, 514, 543] (45)
109 : [0, 16, 319, 384] (45)
110 : [259, 411, 495] (36)
111 : [142, 252, 381, 392, 430, 437, 498] (44)
112 : [45, 49, 52, 200, 250, 519] (45)
113 : [57, 77, 266, 366] (45)
114 : [71, 243, 327, 534, 567, 593] (45)
115 : [43, 162, 282, 488, 504] (52)
116 : [97, 169, 380] (46)
117 : [39, 56, 209, 344, 394] (45)
118 : [76, 112, 149, 358, 391, 465, 577] (45)
119 : [115, 382, 521, 556] (42)
120 : [35, 136, 320, 348, 510] (46)
