Name: 800-20-30
Time: 50.23896837234497 
Result: 33018
Solution:  88 121 120 63 96 43 16 7 116 72 59 76 98 47 121 118 123 6 16 40 35 89 88 101 125 60 100 74 125 72 38 95 105 18 12 31 76 85 69 99 89 99 51 100 10 128 104 35 11 120 65 2 46 5 22 85 68 108 122 47 42 129 123 50 5 35 33 125 29 72 70 0 72 102 95 89 118 105 27 18 55 90 13 25 75 16 119 19 123 122 97 122 127 116 58 115 126 129 19 128 57 117 112 48 9 55 99 2 42 53 28 44 22 74 25 120 60 19 53 53 0 79 82 120 43 26 68 17 26 96 63 1 99 68 87 77 43 10 43 43 129 47 12 76 0 53 70 36 115 38 46 102 69 16 55 86 64 90 114 78 76 98 68 71 44 98 2 56 87 107 70 64 112 110 34 56 80 114 118 89 111 40 112 103 66 15 5 3 86 78 127 57 53 115 63 128 105 14 71 116 106 121 29 92 15 53 69 86 126 2 65 128 129 121 129 75 53 110 124 89 60 27 48 3 86 7 113 59 107 60 50 21 124 56 98 53 47 80 18 85 103 98 9 110 43 13 31 75 98 83 23 8 121 84 101 5 61 36 34 114 129 54 88 49 19 26 91 107 108 11 113 7 1 27 100 118 58 29 84 109 121 46 20 41 119 112 49 60 77 97 25 108 35 4 117 83 113 50 54 24 103 54 57 48 113 105 27 38 93 91 74 16 34 91 65 50 43 90 25 41 85 82 126 18 105 106 76 43 56 121 121 34 3 109 99 72 46 88 100 82 32 39 41 28 22 5 89 90 8 126 96 78 51 20 87 32 54 54 56 32 12 57 104 13 83 58 125 92 81 30 98 112 72 102 38 112 0 111 19 110 77 14 42 66 20 117 118 5 29 24 108 112 5 29 12 38 25 124 82 1 65 12 49 88 70 93 83 29 114 118 107 32 88 56 26 126 62 41 21 102 21 7 41 71 8 123 6 49 43 41 37 19 33 73 29 98 90 17 105 128 66 63 80 120 39 125 97 49 10 95 22 49 38 11 67 100 21 66 51 1 5 52 62 107 36 101 11 90 53 59 62 6 35 41 26 92 70 35 23 76 83 81 62 125 104 47 117 78 81 102 93 115 104 50 7 128 14 3 38 123 104 122 81 108 102 24 123 71 60 85 88 37 97 107 24 58 61 125 74 116 92 54 57 122 34 54 52 62 33 91 12 123 103 117 101 17 39 62 92 4 45 48 62 33 75 63 109 12 56 71 21 43 114 79 18 128 67 39 29 110 23 77 28 5 61 93 114 36 125 37 95 29 121 107 0 124 93 107 67 19 92 32 91 52 45 85 24 30 114 26 3 128 103 6 86 25 6 119 26 60 15 43 127 109 93 84 97 66 11 42 61 11 127 44 0 55 82 22 84 87 66 12 19 32 91 26 111 87 117 31 44 58 36 98 48 76 118 123 32 48 12 62 20 108 27 70 45 124 101 119 76 69 19 114 84 78 0 59 48 94 80 28 66 114 9 108 104 28 73 2 79 81 12 58 73 97 98 7 82 25 71 9 68 49 46 111 108 69 127 11 124 10 66 30 75 69 116 43 38 93 120 64 2 112 42 101 1 105 126 14 17 86 42 77 5 17 74 50 38 78 12 15 122 10 20 36 98 4 10 35 96 20 52 26 60 74 108 119 129 37 14 76 73 104 94 75 19 72 39 24 119 55 66 8 123 116 116 77 24 120 80 114 32 11 81 5 62 115 72 126 113 60 36 70 66 29 68 94 51 92 61 81 125 114 82 15 44 111 65 91 34 83 89 113 104 0 14 16 8 65
0 : [71, 120, 144, 376, 574, 614, 656, 795] (21)
1 : [131, 272, 399, 459, 706] (17)
2 : [51, 107, 166, 209, 669, 702] (20)
3 : [187, 223, 332, 497, 590] (21)
4 : [293, 539, 727] (20)
5 : [53, 64, 186, 255, 345, 387, 392, 460, 563, 714, 765] (20)
6 : [17, 426, 471, 593, 596] (20)
7 : [7, 225, 271, 421, 494, 677] (25)
8 : [251, 348, 424, 753, 798] (24)
9 : [104, 242, 664, 681] (20)
10 : [44, 137, 448, 691, 723, 728] (20)
11 : [48, 269, 453, 466, 608, 611, 689, 763] (19)
12 : [34, 142, 360, 394, 401, 530, 547, 621, 640, 672, 720] (20)
13 : [82, 245, 363] (21)
14 : [197, 381, 496, 709, 740, 796] (23)
15 : [185, 204, 600, 721, 785] (21)
16 : [6, 18, 85, 153, 311, 797] (21)
17 : [127, 437, 535, 710, 715] (24)
18 : [33, 79, 238, 323, 554] (22)
19 : [87, 98, 117, 264, 378, 431, 579, 622, 652, 746] (18)
20 : [282, 353, 384, 642, 724, 731] (21)
21 : [231, 418, 420, 456, 550] (27)
22 : [54, 112, 344, 450, 617] (22)
23 : [250, 478, 560] (23)
24 : [299, 389, 505, 514, 586, 749, 758] (22)
25 : [83, 114, 290, 318, 396, 595, 679] (16)
26 : [125, 128, 265, 414, 474, 589, 598, 625, 733] (23)
27 : [78, 221, 273, 306, 644] (20)
28 : [110, 343, 562, 661, 667] (23)
29 : [68, 202, 277, 388, 393, 407, 434, 558, 571, 775] (20)
30 : [369, 587, 693] (20)
31 : [35, 246, 629] (24)
32 : [340, 355, 359, 411, 581, 623, 638, 762] (30)
33 : [66, 432, 528, 543] (23)
34 : [174, 258, 312, 331, 524, 790] (23)
35 : [20, 47, 65, 292, 472, 477, 729] (25)
36 : [147, 257, 464, 567, 632, 725, 772] (24)
37 : [430, 511, 569, 739] (22)
38 : [30, 149, 307, 374, 395, 452, 498, 698, 718] (19)
39 : [341, 444, 536, 557, 748] (20)
40 : [19, 181] (22)
41 : [283, 319, 342, 417, 422, 429, 473] (21)
42 : [60, 108, 382, 609, 704, 712] (25)
43 : [5, 124, 136, 138, 139, 244, 316, 327, 428, 551, 601, 697] (19)
44 : [111, 164, 613, 630, 786] (21)
45 : [540, 584, 646] (25)
46 : [52, 150, 281, 336, 684] (23)
47 : [13, 59, 141, 236, 485] (24)
48 : [103, 222, 303, 541, 634, 639, 658] (24)
49 : [263, 286, 402, 427, 447, 451, 683] (22)
50 : [63, 230, 297, 315, 493, 717] (27)
51 : [42, 352, 458, 778] (24)
52 : [461, 526, 583, 732] (31)
53 : [109, 118, 119, 145, 192, 205, 216, 235, 468] (23)
54 : [261, 298, 301, 356, 357, 521, 525] (22)
55 : [80, 105, 154, 615, 751] (23)
56 : [167, 175, 233, 328, 358, 413, 548] (22)
57 : [100, 191, 302, 361, 522] (25)
58 : [94, 276, 365, 515, 631, 673] (30)
59 : [10, 227, 469, 657] (23)
60 : [25, 116, 220, 229, 287, 508, 599, 734, 771] (22)
61 : [256, 516, 564, 610, 780] (26)
62 : [416, 462, 470, 482, 527, 537, 542, 641, 766] (26)
63 : [3, 130, 194, 441, 545] (30)
64 : [156, 171, 701] (30)
65 : [50, 210, 314, 400, 788, 799] (31)
66 : [184, 383, 440, 457, 607, 620, 662, 692, 752, 774] (30)
67 : [454, 556, 578] (22)
68 : [56, 126, 133, 162, 682, 776] (30)
69 : [38, 152, 206, 651, 687, 695] (21)
70 : [70, 146, 170, 404, 476, 645, 773] (24)
71 : [163, 198, 423, 507, 549, 680] (30)
72 : [9, 29, 69, 72, 335, 372, 747, 768] (30)
73 : [433, 668, 674, 742] (27)
74 : [27, 113, 310, 518, 716, 735] (26)
75 : [84, 215, 247, 544, 694, 745] (22)
76 : [11, 36, 143, 160, 326, 479, 635, 650, 741] (27)
77 : [135, 288, 380, 561, 713, 757] (29)
78 : [159, 189, 351, 487, 655, 719] (21)
79 : [121, 553, 670] (25)
80 : [176, 237, 442, 660, 760] (27)
81 : [368, 481, 488, 502, 671, 764, 781] (29)
82 : [122, 321, 339, 398, 616, 678, 784] (30)
83 : [249, 295, 364, 406, 480, 791] (33)
84 : [253, 278, 605, 618, 654] (30)
85 : [37, 55, 239, 320, 509, 585] (30)
86 : [155, 188, 207, 224, 594, 711] (26)
87 : [134, 168, 354, 619, 627] (30)
88 : [0, 22, 262, 337, 403, 412, 510] (29)
89 : [21, 40, 75, 179, 219, 346, 792] (29)
90 : [81, 157, 317, 347, 436, 467] (24)
91 : [266, 309, 313, 529, 582, 624, 789] (30)
92 : [203, 367, 475, 520, 538, 580, 779] (22)
93 : [308, 405, 490, 565, 576, 604, 699] (30)
94 : [659, 744, 777] (30)
95 : [31, 74, 449, 570] (31)
96 : [4, 129, 350, 730] (30)
97 : [90, 289, 446, 512, 606, 675] (24)
98 : [12, 161, 165, 234, 241, 248, 370, 435, 633, 676, 726] (29)
99 : [39, 41, 106, 132, 334] (30)
100 : [26, 43, 274, 338, 455] (30)
101 : [23, 254, 465, 534, 648, 705] (32)
102 : [73, 151, 373, 419, 489, 504] (29)
103 : [183, 240, 300, 532, 592] (25)
104 : [46, 362, 484, 492, 500, 666, 743, 794] (28)
105 : [32, 77, 196, 305, 324, 438, 707] (29)
106 : [200, 325] (21)
107 : [169, 228, 267, 410, 463, 513, 573, 577] (30)
108 : [57, 268, 291, 390, 503, 643, 665, 686, 736] (30)
109 : [279, 333, 546, 603] (29)
110 : [173, 217, 243, 379, 559] (34)
111 : [180, 377, 626, 685, 787] (26)
112 : [102, 172, 182, 285, 371, 375, 391, 703] (31)
113 : [226, 270, 296, 304, 770, 793] (30)
114 : [158, 177, 259, 408, 552, 566, 588, 653, 663, 761, 783] (28)
115 : [95, 148, 193, 491, 767] (28)
116 : [8, 93, 199, 519, 696, 755, 756] (28)
117 : [101, 294, 385, 486, 533, 628] (30)
118 : [15, 76, 178, 275, 386, 409, 636] (30)
119 : [86, 284, 597, 649, 737, 750] (32)
120 : [2, 49, 115, 123, 443, 700, 759] (30)
121 : [1, 14, 201, 213, 252, 280, 329, 330, 572] (30)
122 : [58, 89, 91, 501, 523, 722] (30)
123 : [16, 62, 88, 425, 499, 506, 531, 637, 754] (32)
124 : [218, 232, 397, 575, 647, 690] (31)
125 : [24, 28, 67, 366, 445, 483, 517, 568, 782] (32)
126 : [96, 208, 322, 349, 415, 708, 769] (31)
127 : [92, 190, 602, 612, 688] (30)
128 : [45, 99, 195, 211, 439, 495, 555, 591] (30)
129 : [61, 97, 140, 212, 214, 260, 738] (30)
