Name: 800-40-60
Time: 54.36789798736572 
Result: 240064
Solution:  59 181 158 75 92 125 194 184 161 129 15 97 151 107 101 125 157 110 3 125 146 49 139 11 91 191 188 105 191 93 136 28 110 5 78 45 190 53 79 92 103 59 142 161 117 99 172 113 68 164 159 164 126 170 115 157 62 109 159 56 151 182 26 44 92 17 133 112 36 173 2 54 156 59 135 56 77 181 24 56 168 77 75 81 179 153 29 133 103 15 123 114 146 92 112 77 127 160 179 125 122 1 22 135 6 142 127 182 42 15 146 101 73 71 96 152 48 8 37 69 162 54 149 42 61 73 47 41 40 144 103 195 96 1 106 146 39 67 182 16 45 166 48 136 51 137 74 176 193 81 104 92 10 176 197 83 166 13 181 86 146 86 35 158 26 72 47 93 49 6 52 80 156 115 75 81 164 89 9 81 186 183 177 38 45 31 163 146 90 15 148 74 24 31 187 161 38 124 143 79 19 112 141 97 108 192 116 62 95 27 50 164 76 39 101 71 174 107 185 36 130 196 2 90 77 63 90 44 42 119 115 172 21 131 165 10 52 12 7 148 68 131 186 155 190 159 165 132 184 113 172 12 168 168 94 149 48 111 124 23 8 165 197 75 175 72 35 142 91 41 104 49 169 134 58 100 170 100 33 147 81 4 23 81 49 103 71 34 115 89 98 1 66 51 33 81 25 62 105 159 160 185 64 56 10 183 87 152 187 172 25 139 137 95 122 74 132 189 196 102 96 136 53 174 24 94 69 168 182 174 127 84 162 46 44 114 23 148 49 150 85 89 163 138 177 170 96 145 54 95 69 39 191 148 101 128 89 13 39 106 3 20 101 194 41 135 33 121 99 170 123 86 198 89 109 190 194 24 144 33 67 58 180 134 107 17 100 178 149 192 144 126 0 36 11 28 81 70 96 197 85 100 3 97 150 34 165 161 118 173 88 13 92 37 114 44 82 99 157 75 150 14 55 186 168 141 167 164 35 116 184 20 6 12 155 26 50 147 193 73 196 118 102 134 46 54 190 47 52 40 36 188 119 94 139 44 189 104 141 63 196 43 154 83 192 12 172 37 26 162 117 6 3 129 125 98 21 120 108 6 108 177 25 3 178 63 106 83 159 172 194 82 59 59 0 143 5 22 176 34 82 127 111 164 138 2 65 133 134 79 177 177 191 3 194 6 118 119 86 144 63 35 161 30 29 176 80 117 24 24 76 133 36 147 27 123 123 61 53 139 119 71 75 67 8 128 194 63 108 115 132 74 167 66 128 80 27 197 7 118 55 184 73 143 193 130 16 133 173 196 151 151 18 78 134 130 198 145 63 139 66 15 164 68 15 9 16 146 142 90 198 130 136 128 129 40 157 153 27 41 75 72 32 86 54 120 17 159 29 139 54 21 156 138 121 89 42 53 132 112 110 104 42 180 22 63 98 175 169 35 11 154 4 176 84 155 152 98 0 144 31 140 16 109 120 183 47 137 175 122 33 12 141 38 195 93 113 57 25 130 29 30 103 179 184 153 147 0 32 52 43 129 107 174 103 29 97 194 54 122 194 179 103 19 186 109 170 69 85 59 184 112 193 180 63 71 20 75 110 161 188 197 87 37 13 124 64 116 166 49 90 57 68 59 11 141 167 113 67 157 34 184 137 66 198 14 87 198 21 44 121 114 66 158 0 91 154 156 64 9 53 61 60 180 171 41 70 195 108 123 190 187 19 98 26 176 46 32 145 68 11 65 70 102 165 151 15 106 43 176 97 6 10 52 33 59 88 18 2 57 120 188 151 20 106 123 178 120 171 5 189 140 17 12 84 70 183 4 42 50
0 : [392, 494, 638, 667, 734] (45)
1 : [101, 133, 291] (12)
2 : [70, 222, 505, 778] (46)
3 : [18, 360, 402, 472, 483, 513] (38)
4 : [281, 632, 797] (40)
5 : [33, 496, 789] (55)
6 : [104, 169, 432, 471, 479, 515, 771] (40)
7 : [238, 558] (41)
8 : [117, 260, 544] (42)
9 : [178, 585, 739] (43)
10 : [152, 235, 304, 772] (41)
11 : [23, 394, 630, 714, 760] (49)
12 : [237, 251, 433, 465, 651, 793] (48)
13 : [157, 357, 411, 704] (54)
14 : [421, 725] (46)
15 : [10, 89, 109, 189, 581, 584, 766] (35)
16 : [139, 566, 586, 642] (41)
17 : [65, 385, 606, 792] (46)
18 : [572, 777] (52)
19 : [200, 683, 752] (48)
20 : [361, 431, 696, 783] (40)
21 : [232, 476, 611, 728] (22)
22 : [102, 497, 624] (47)
23 : [259, 282, 336] (49)
24 : [78, 192, 324, 377, 528, 529] (21)
25 : [296, 310, 482, 658] (40)
26 : [62, 164, 435, 468, 754] (44)
27 : [209, 534, 556, 598] (45)
28 : [31, 395] (48)
29 : [86, 524, 608, 660, 675] (41)
30 : [523, 661] (58)
31 : [185, 193, 640] (25)
32 : [602, 668, 757] (35)
33 : [278, 294, 366, 379, 650, 774] (42)
34 : [287, 405, 499, 720] (47)
35 : [162, 266, 428, 521, 629] (48)
36 : [68, 219, 393, 450, 532] (50)
37 : [118, 413, 467, 703] (41)
38 : [183, 196, 653] (50)
39 : [136, 213, 351, 358] (55)
40 : [128, 449, 595] (44)
41 : [127, 269, 364, 599, 745] (41)
42 : [108, 123, 228, 616, 622, 798] (41)
43 : [461, 670, 768] (47)
44 : [63, 227, 334, 415, 455, 729] (32)
45 : [35, 140, 184] (57)
46 : [333, 444, 756] (48)
47 : [126, 166, 447, 646] (49)
48 : [116, 142, 256] (51)
49 : [21, 168, 271, 284, 338, 709] (47)
50 : [210, 436, 799] (50)
51 : [144, 293] (47)
52 : [170, 236, 448, 669, 773] (50)
53 : [37, 322, 538, 617, 740] (36)
54 : [71, 121, 348, 445, 604, 610, 678] (31)
55 : [422, 560] (48)
56 : [59, 75, 79, 303] (52)
57 : [657, 711, 779] (46)
58 : [274, 381] (43)
59 : [0, 41, 73, 492, 493, 689, 713, 775] (41)
60 : [742] (41)
61 : [124, 537, 741] (45)
62 : [56, 207, 297] (43)
63 : [225, 459, 485, 520, 547, 578, 625, 694] (49)
64 : [302, 706, 738] (42)
65 : [506, 761] (47)
66 : [292, 553, 580, 723, 732] (55)
67 : [137, 380, 543, 718] (57)
68 : [48, 240, 583, 712, 759] (52)
69 : [119, 326, 350, 687] (55)
70 : [397, 746, 762, 795] (62)
71 : [113, 215, 286, 541, 695] (46)
72 : [165, 265, 601] (43)
73 : [112, 125, 439, 562] (57)
74 : [146, 191, 315, 551] (44)
75 : [3, 82, 174, 263, 419, 542, 600, 697] (43)
76 : [212, 530] (44)
77 : [76, 81, 95, 224] (48)
78 : [34, 573] (41)
79 : [38, 199, 509] (45)
80 : [171, 526, 555] (42)
81 : [83, 149, 175, 179, 280, 283, 295, 396] (38)
82 : [416, 491, 500] (47)
83 : [155, 463, 487] (45)
84 : [331, 634, 794] (44)
85 : [340, 400, 688] (46)
86 : [159, 161, 371, 518, 603] (53)
87 : [306, 702, 726] (44)
88 : [410, 776] (46)
89 : [177, 289, 341, 356, 373, 615] (60)
90 : [188, 223, 226, 589, 710] (50)
91 : [24, 268, 735] (48)
92 : [4, 39, 64, 93, 151, 412] (58)
93 : [29, 167, 655] (60)
94 : [254, 325, 453] (62)
95 : [208, 313, 349] (49)
96 : [114, 132, 320, 346, 398] (57)
97 : [11, 203, 403, 676, 770] (40)
98 : [290, 475, 626, 637, 753] (36)
99 : [45, 368, 417] (33)
100 : [275, 277, 386, 401] (50)
101 : [14, 111, 214, 354, 362] (57)
102 : [319, 442, 763] (71)
103 : [40, 88, 130, 285, 662, 674, 682] (42)
104 : [150, 270, 457, 621] (56)
105 : [27, 298] (44)
106 : [134, 359, 486, 767, 784] (47)
107 : [13, 217, 384, 672] (58)
108 : [204, 478, 480, 548, 748] (53)
109 : [57, 374, 643, 685] (58)
110 : [17, 32, 620, 698] (60)
111 : [257, 502] (56)
112 : [67, 94, 201, 619, 691] (33)
113 : [47, 249, 656, 717] (45)
114 : [91, 335, 414, 731] (54)
115 : [54, 173, 230, 288, 549] (50)
116 : [206, 429, 707] (56)
117 : [44, 470, 527] (62)
118 : [408, 441, 516, 559] (45)
119 : [229, 452, 517, 540] (50)
120 : [477, 605, 644, 780, 787] (63)
121 : [367, 614, 730] (49)
122 : [100, 314, 649, 679] (47)
123 : [90, 370, 535, 536, 749, 785] (30)
124 : [197, 258, 705] (62)
125 : [5, 15, 19, 99, 474] (48)
126 : [52, 391] (48)
127 : [96, 106, 330, 501] (53)
128 : [355, 545, 554, 593] (58)
129 : [9, 473, 594, 671] (48)
130 : [220, 565, 575, 591, 659] (58)
131 : [233, 241] (61)
132 : [247, 316, 550, 618] (59)
133 : [66, 87, 507, 531, 567] (57)
134 : [273, 383, 443, 508, 574] (60)
135 : [74, 103, 365] (48)
136 : [30, 143, 321, 592] (41)
137 : [145, 312, 647, 722] (43)
138 : [343, 504, 613] (68)
139 : [22, 311, 454, 539, 579, 609] (58)
140 : [641, 791] (43)
141 : [202, 425, 458, 652, 715] (53)
142 : [42, 105, 267, 588] (59)
143 : [198, 495, 563] (54)
144 : [129, 378, 390, 519, 639] (51)
145 : [347, 577, 758] (68)
146 : [20, 92, 110, 135, 160, 187, 587] (52)
147 : [279, 437, 533, 666] (47)
148 : [190, 239, 337, 353] (51)
149 : [122, 255, 388] (45)
150 : [339, 404, 420] (53)
151 : [12, 60, 570, 571, 765, 782] (58)
152 : [115, 307, 636] (60)
153 : [85, 597, 665] (61)
154 : [462, 631, 736] (56)
155 : [243, 434, 635] (47)
156 : [72, 172, 612, 737] (59)
157 : [16, 55, 418, 596, 719] (59)
158 : [2, 163, 733] (58)
159 : [50, 58, 245, 299, 488, 607] (59)
160 : [97, 300] (57)
161 : [8, 43, 195, 407, 522, 699] (58)
162 : [120, 332, 469] (43)
163 : [186, 342] (68)
164 : [49, 51, 176, 211, 427, 503, 582] (52)
165 : [234, 246, 261, 406, 764] (58)
166 : [141, 156, 708] (60)
167 : [426, 552, 716] (51)
168 : [80, 252, 253, 327, 424] (58)
169 : [272, 628] (57)
170 : [53, 276, 345, 369, 686] (49)
171 : [744, 788] (59)
172 : [46, 231, 250, 309, 466, 489] (65)
173 : [69, 409, 568] (58)
174 : [216, 323, 329, 673] (60)
175 : [264, 627, 648] (76)
176 : [147, 153, 498, 525, 633, 755, 769] (60)
177 : [182, 344, 481, 510, 511] (57)
178 : [387, 484, 786] (58)
179 : [84, 98, 663, 681] (60)
180 : [382, 623, 693, 743] (58)
181 : [1, 77, 158] (46)
182 : [61, 107, 138, 328] (55)
183 : [181, 305, 645, 796] (60)
184 : [7, 248, 430, 561, 664, 690, 721] (58)
185 : [218, 301] (64)
186 : [180, 242, 423, 684] (60)
187 : [194, 308, 751] (68)
188 : [26, 451, 700, 781] (61)
189 : [317, 456, 790] (67)
190 : [36, 244, 375, 446, 750] (59)
191 : [25, 28, 352, 512] (64)
192 : [205, 389, 464] (64)
193 : [148, 438, 564, 692] (60)
194 : [6, 363, 376, 490, 514, 546, 677, 680] (60)
195 : [131, 654, 747] (43)
196 : [221, 318, 440, 460, 569] (50)
197 : [154, 262, 399, 557, 701] (67)
198 : [372, 576, 590, 724, 727] (69)
