Name: 800-20-30
Time: 55.659138441085815 
Result: 25018
Solution:  89 120 121 65 98 45 17 6 113 72 60 76 98 43 120 118 123 5 17 39 31 91 88 99 122 61 101 73 126 74 37 94 106 17 13 34 75 82 69 102 88 100 51 99 9 128 104 35 13 120 66 2 44 4 25 83 68 109 122 46 41 128 122 50 5 37 33 125 29 71 71 0 71 101 97 88 119 105 28 18 56 90 13 25 74 14 120 18 123 122 94 117 126 119 59 115 128 129 21 128 58 118 115 49 11 58 102 0 42 53 30 48 21 74 25 116 59 18 53 53 2 80 79 119 41 28 65 16 25 96 63 1 97 69 85 78 40 10 40 43 129 47 12 79 1 53 70 35 117 35 47 100 70 15 56 86 64 92 114 76 76 95 68 72 47 99 2 54 86 107 69 63 113 110 34 56 81 112 118 89 109 39 112 103 66 14 1 2 84 79 128 57 54 114 62 128 105 17 71 116 108 122 29 92 17 51 69 83 125 1 68 128 129 122 125 72 53 110 125 90 59 27 50 3 86 7 112 62 107 59 54 21 124 57 99 53 46 77 18 86 103 96 9 108 44 10 31 77 97 82 22 11 117 85 101 6 63 36 34 113 129 54 87 47 21 29 93 108 109 17 112 6 1 27 100 118 58 29 85 106 121 48 19 41 121 113 48 59 80 95 25 104 37 0 116 87 108 50 54 23 103 54 57 50 112 106 27 35 96 92 74 13 35 93 64 49 42 91 23 40 85 79 126 16 103 105 76 45 53 120 122 32 5 109 99 72 46 89 99 79 31 40 40 28 20 6 89 88 8 125 95 77 48 22 85 35 52 55 53 33 13 56 108 13 84 58 125 93 81 30 100 113 75 103 40 111 1 109 23 110 78 16 42 66 22 115 119 5 30 24 112 112 6 29 8 42 23 123 84 3 65 8 48 87 71 93 85 29 113 118 107 30 87 55 27 126 62 41 19 101 21 8 40 70 7 123 6 47 42 41 37 18 36 72 26 98 86 18 104 126 66 61 83 119 38 127 97 47 12 95 22 49 40 10 66 100 23 65 48 2 5 52 62 107 36 100 11 88 53 61 62 6 32 41 26 92 71 33 26 76 83 81 62 126 105 45 117 77 84 102 96 113 104 51 8 127 15 3 40 128 104 121 81 108 104 23 126 70 59 88 87 38 97 108 23 60 60 121 71 115 92 54 59 122 36 51 52 62 33 96 13 125 104 115 101 15 41 62 90 2 46 48 60 32 75 63 110 12 57 71 21 45 113 80 19 129 67 42 29 110 24 77 28 4 58 94 111 38 125 36 95 29 124 107 0 126 94 108 69 19 97 32 91 50 46 85 25 32 112 25 4 125 103 9 86 25 3 117 23 59 11 44 127 108 93 84 97 66 10 42 57 11 123 45 0 56 83 18 80 89 66 12 18 27 91 26 112 87 117 31 44 59 37 94 47 76 119 123 32 46 15 63 20 107 29 70 43 123 100 119 76 70 22 114 84 78 0 58 47 96 80 28 67 114 9 106 103 28 73 4 75 79 11 59 73 97 99 10 79 23 72 12 68 47 44 111 109 69 127 11 124 8 65 30 75 68 116 43 38 93 119 67 4 113 41 102 5 109 122 14 20 85 42 76 3 16 75 49 36 82 12 17 124 8 21 38 99 7 9 35 98 20 52 26 60 74 107 118 129 43 14 76 73 103 94 74 18 70 38 24 117 55 65 8 123 116 114 78 24 119 80 114 30 9 81 4 63 114 72 129 117 59 36 70 65 29 66 93 50 92 63 82 126 115 82 15 45 111 63 90 32 82 91 111 104 2 13 15 3 68
0 : [71, 107, 293, 574, 614, 656] (22)
1 : [131, 144, 186, 209, 272, 376] (23)
2 : [51, 120, 166, 187, 459, 539, 795] (18)
3 : [223, 399, 497, 596, 714, 798] (20)
4 : [53, 563, 590, 669, 702, 765] (17)
5 : [17, 64, 332, 387, 460, 706] (15)
6 : [7, 255, 271, 345, 392, 426, 471] (20)
7 : [225, 424, 727] (23)
8 : [348, 394, 401, 421, 494, 691, 723, 753] (21)
9 : [44, 242, 593, 664, 728, 763] (24)
10 : [137, 245, 453, 608, 677] (25)
11 : [104, 251, 466, 600, 611, 672, 689] (21)
12 : [142, 448, 547, 621, 681, 720] (21)
13 : [34, 48, 82, 311, 360, 363, 530, 796] (23)
14 : [85, 185, 709, 740] (21)
15 : [153, 496, 535, 640, 785, 797] (22)
16 : [127, 323, 381, 715] (21)
17 : [6, 18, 33, 197, 204, 269, 721] (22)
18 : [79, 87, 117, 238, 431, 437, 617, 622, 746] (20)
19 : [282, 418, 554, 579] (20)
20 : [344, 642, 710, 731] (24)
21 : [98, 112, 231, 264, 420, 550, 724] (22)
22 : [250, 353, 384, 450, 652] (21)
23 : [299, 318, 378, 396, 456, 505, 514, 598, 679] (18)
24 : [389, 560, 749, 758] (21)
25 : [54, 83, 114, 128, 290, 586, 589, 595] (20)
26 : [434, 474, 478, 625, 733] (22)
27 : [221, 273, 306, 414, 623] (23)
28 : [78, 125, 343, 562, 661, 667] (26)
29 : [68, 202, 265, 277, 393, 407, 558, 571, 644, 775] (21)
30 : [110, 369, 388, 411, 693, 762] (23)
31 : [20, 246, 340, 629] (21)
32 : [331, 472, 543, 581, 587, 638, 790] (21)
33 : [66, 359, 477, 528] (21)
34 : [35, 174, 258] (21)
35 : [47, 147, 149, 307, 312, 355, 729] (21)
36 : [257, 432, 464, 524, 569, 718, 772] (24)
37 : [30, 65, 292, 430, 632] (24)
38 : [444, 511, 567, 698, 725, 748] (23)
39 : [19, 181] (22)
40 : [136, 138, 319, 341, 342, 374, 422, 452, 498] (22)
41 : [60, 124, 283, 417, 429, 473, 536, 704] (23)
42 : [108, 316, 382, 395, 428, 557, 609, 712] (28)
43 : [13, 139, 646, 697, 739] (27)
44 : [52, 244, 601, 630, 684] (23)
45 : [5, 327, 485, 551, 613, 786] (22)
46 : [59, 236, 336, 540, 584, 639] (26)
47 : [141, 150, 164, 263, 427, 447, 634, 658, 683] (21)
48 : [111, 281, 286, 352, 402, 458, 541] (27)
49 : [103, 315, 451, 717] (24)
50 : [63, 222, 297, 303, 583, 778] (27)
51 : [42, 205, 493, 525] (24)
52 : [356, 461, 526, 732] (23)
53 : [109, 118, 119, 145, 216, 235, 328, 358, 468] (21)
54 : [167, 192, 230, 261, 298, 301, 521] (24)
55 : [357, 413, 751] (22)
56 : [80, 154, 175, 361, 615] (24)
57 : [191, 233, 302, 548, 610] (27)
58 : [100, 105, 276, 365, 564, 657] (30)
59 : [94, 116, 220, 229, 287, 508, 522, 599, 631, 673, 771] (23)
60 : [10, 515, 516, 542, 734] (26)
61 : [25, 441, 469] (21)
62 : [194, 227, 416, 462, 470, 482, 527, 537] (26)
63 : [130, 171, 256, 545, 641, 766, 780, 788] (28)
64 : [156, 314] (21)
65 : [3, 126, 400, 457, 692, 752, 774] (22)
66 : [50, 184, 383, 440, 454, 607, 620, 776] (27)
67 : [556, 662, 701] (27)
68 : [56, 162, 210, 682, 695, 799] (30)
69 : [38, 133, 170, 206, 578, 687] (27)
70 : [146, 152, 423, 507, 645, 651, 747, 773] (21)
71 : [69, 70, 72, 198, 404, 476, 518, 549] (27)
72 : [9, 163, 215, 335, 433, 680, 768] (33)
73 : [27, 668, 674, 742] (30)
74 : [29, 84, 113, 310, 735, 745] (28)
75 : [36, 372, 544, 670, 694, 716] (29)
76 : [11, 159, 160, 326, 479, 635, 650, 713, 741] (28)
77 : [237, 247, 351, 487, 561] (30)
78 : [135, 380, 655, 757] (28)
79 : [122, 143, 189, 321, 339, 671, 678] (28)
80 : [121, 288, 553, 618, 660, 760] (27)
81 : [176, 368, 481, 502, 764] (23)
82 : [37, 249, 719, 781, 784, 791] (26)
83 : [55, 207, 442, 480, 616] (27)
84 : [188, 364, 398, 488, 605, 654] (30)
85 : [134, 253, 278, 320, 354, 406, 585, 711] (28)
86 : [155, 168, 224, 239, 436, 594] (26)
87 : [262, 295, 403, 412, 510, 627] (28)
88 : [22, 40, 75, 347, 467, 509] (27)
89 : [0, 179, 337, 346, 619] (30)
90 : [81, 219, 538, 789] (23)
91 : [21, 317, 582, 624, 792] (27)
92 : [157, 203, 309, 475, 520, 779] (21)
93 : [266, 313, 367, 405, 604, 699, 777] (30)
94 : [31, 90, 565, 576, 633, 744] (30)
95 : [161, 289, 350, 449, 570] (27)
96 : [129, 241, 308, 490, 529, 659] (30)
97 : [74, 132, 248, 446, 512, 580, 606, 675] (29)
98 : [4, 12, 435, 730] (30)
99 : [23, 43, 165, 234, 334, 338, 676, 726] (30)
100 : [41, 151, 274, 370, 455, 465, 648] (31)
101 : [26, 73, 254, 419, 534] (31)
102 : [39, 106, 489, 705] (29)
103 : [183, 240, 300, 324, 373, 592, 666, 743] (30)
104 : [46, 291, 438, 492, 500, 504, 532, 794] (31)
105 : [77, 196, 325, 484] (30)
106 : [32, 279, 305, 665] (30)
107 : [169, 228, 410, 463, 573, 643, 736] (30)
108 : [200, 243, 267, 296, 362, 503, 513, 577, 603] (28)
109 : [57, 180, 268, 333, 377, 686, 707] (30)
110 : [173, 217, 379, 546, 559] (33)
111 : [375, 566, 685, 787, 793] (30)
112 : [177, 182, 226, 270, 304, 390, 391, 588, 626] (26)
113 : [8, 172, 259, 285, 371, 408, 491, 552, 703] (30)
114 : [158, 193, 653, 663, 756, 761, 767] (30)
115 : [95, 102, 385, 519, 533, 783] (29)
116 : [115, 199, 294, 696, 755] (28)
117 : [91, 148, 252, 486, 597, 628, 750, 770] (30)
118 : [15, 101, 178, 275, 409, 737] (30)
119 : [76, 93, 123, 386, 443, 636, 649, 700, 759] (31)
120 : [1, 14, 49, 86, 329] (30)
121 : [2, 280, 284, 501, 517] (30)
122 : [24, 58, 62, 89, 201, 213, 330, 523, 708] (27)
123 : [16, 88, 397, 425, 612, 637, 647, 754] (30)
124 : [232, 572, 690, 722] (30)
125 : [67, 208, 214, 218, 349, 366, 531, 568, 591] (30)
126 : [28, 92, 322, 415, 439, 483, 506, 575, 782] (30)
127 : [445, 495, 602, 688] (29)
128 : [45, 61, 96, 99, 190, 195, 211, 499] (31)
129 : [97, 140, 212, 260, 555, 738, 769] (32)
