10 1
6 
0 114 86 133 70 110 92 102 101 113 107 72 36 62 58 53 101 34 134 91 110 
114 0 168 176 46 222 76 31 78 158 23 69 149 174 108 67 123 124 175 92 144 
86 168 0 215 135 132 104 169 110 195 170 101 70 98 143 104 187 115 66 91 61 
133 176 215 0 143 146 206 146 214 22 155 184 147 132 83 159 54 101 267 212 242 
70 46 135 143 0 176 69 35 76 123 38 50 105 129 67 32 93 78 157 81 126 
110 222 132 146 176 0 197 203 205 136 210 180 83 49 128 163 154 100 197 192 188 
92 76 104 206 69 197 0 93 10 185 89 23 115 149 124 48 159 119 100 17 69 
102 31 169 146 35 203 93 0 97 128 10 78 137 158 82 66 93 104 188 107 156 
101 78 110 214 76 205 10 97 0 193 93 31 124 157 132 56 166 128 100 19 69 
113 158 195 22 123 136 185 128 193 0 137 163 128 116 62 138 37 81 247 191 221 
107 23 170 155 38 210 89 10 93 137 0 76 142 164 90 66 102 111 186 104 154 
72 69 101 184 50 180 23 78 31 163 76 0 98 131 102 26 137 98 110 31 78 
36 149 70 147 105 83 115 137 124 128 142 98 0 36 84 85 125 51 130 110 113 
62 174 98 132 129 49 149 158 157 116 164 131 36 0 89 114 124 57 161 144 146 
58 108 143 83 67 128 124 82 132 62 90 102 84 89 0 77 44 34 189 130 162 
53 67 104 159 32 163 48 66 56 138 66 26 85 114 77 0 113 75 127 55 96 
101 123 187 54 93 154 159 93 166 37 102 137 125 124 44 113 0 74 231 167 203 
34 124 115 101 78 100 119 104 128 81 111 98 51 57 34 75 74 0 167 121 143 
134 175 66 267 157 197 100 188 100 247 186 110 130 161 189 127 231 167 0 84 32 
91 92 91 212 81 192 17 107 19 191 104 31 110 144 130 55 167 121 84 0 53 
110 144 61 242 126 188 69 156 69 221 154 78 113 146 162 96 203 143 32 53 0 
