15 3
5 3 1 
0 107 86 141 111 92 93 79 107 36 94 65 98 102 12 81 130 107 35 113 103 112 84 54 83 95 98 95 74 38 94 
107 0 165 43 216 102 112 90 124 97 160 167 202 115 118 64 154 161 126 132 187 48 171 91 165 199 100 202 134 83 187 
86 165 0 206 84 177 179 85 78 121 168 108 123 81 80 163 80 184 52 78 162 187 16 139 149 118 183 100 34 122 144 
141 43 206 0 252 107 118 132 165 122 174 195 230 156 153 75 195 171 165 173 205 42 211 111 185 228 103 234 176 110 209 
111 216 84 252 0 187 183 156 160 137 146 77 65 161 100 189 163 164 92 160 123 222 69 154 121 61 194 38 111 146 101 
92 102 177 107 187 0 12 145 181 57 70 114 144 173 100 39 209 64 126 188 105 66 175 39 87 144 8 158 161 58 114 
93 112 179 118 183 12 0 151 187 58 60 109 137 179 100 49 214 54 127 194 95 77 175 42 78 138 17 153 165 62 106 
79 90 85 132 156 145 151 0 38 101 170 139 169 29 84 115 67 180 70 45 182 125 95 111 162 165 148 157 51 91 172 
107 124 78 165 160 181 187 38 0 134 200 160 185 10 109 152 31 212 87 9 208 162 92 146 189 181 184 168 50 126 195 
36 97 121 122 137 57 58 101 134 0 72 74 108 127 44 53 160 80 70 140 93 87 119 19 71 106 63 114 107 15 91 
94 160 168 174 146 70 60 170 200 72 0 70 88 195 94 99 223 19 122 206 37 133 159 70 26 90 76 110 165 85 51 
65 167 108 195 77 114 109 139 160 74 70 0 35 157 57 124 177 88 74 164 55 160 97 88 46 33 121 44 116 86 37 
98 202 123 230 65 144 137 169 185 108 88 35 0 184 89 158 198 106 100 188 60 193 109 121 63 6 151 29 138 120 39 
102 115 81 156 161 173 179 29 10 127 195 157 184 0 105 143 40 206 84 18 204 153 95 139 184 179 176 168 50 118 191 
12 118 80 153 100 100 100 84 109 44 94 57 89 105 0 92 130 108 29 114 99 123 76 62 80 85 106 84 72 48 88 
81 64 163 75 189 39 49 115 152 53 99 124 158 143 92 0 181 99 113 159 130 36 163 38 110 157 38 166 141 44 135 
130 154 80 195 163 209 214 67 31 160 223 177 198 40 130 181 0 236 105 23 227 192 95 173 210 193 213 178 61 153 212 
107 161 184 171 164 64 54 180 212 80 19 88 106 206 108 99 236 0 136 218 51 129 176 75 44 108 70 128 179 92 68 
35 126 52 165 92 126 127 70 87 70 122 74 100 84 29 113 105 136 0 91 123 140 50 88 106 96 132 87 44 71 109 
113 132 78 173 160 188 194 45 9 140 206 164 188 18 114 159 23 218 91 0 213 170 92 153 194 184 192 170 51 133 199 
103 187 162 205 123 105 95 182 208 93 37 55 60 204 99 130 227 51 123 213 0 165 151 97 23 63 111 86 167 107 22 
112 48 187 42 222 66 77 125 162 87 133 160 193 153 123 36 192 129 140 170 165 0 189 73 145 192 62 200 161 77 170 
84 171 16 211 69 175 175 95 92 119 159 97 109 95 76 163 95 176 50 92 151 189 0 137 139 104 181 86 46 120 132 
54 91 139 111 154 39 42 111 146 19 70 88 121 139 62 38 173 75 88 153 97 73 137 0 75 120 45 129 123 21 99 
83 165 149 185 121 87 78 162 189 71 26 46 63 184 80 110 210 44 106 194 23 145 139 75 0 65 93 85 150 85 28 
95 199 118 228 61 144 138 165 181 106 90 33 6 179 85 157 193 108 96 184 63 192 104 120 65 0 151 24 133 118 42 
98 100 183 103 194 8 17 148 184 63 76 121 151 176 106 38 213 70 132 192 111 62 181 45 93 151 0 165 166 63 121 
95 202 100 234 38 158 153 157 168 114 110 44 29 168 84 166 178 128 87 170 86 200 86 129 85 24 165 0 120 124 64 
74 134 34 176 111 161 165 51 50 107 165 116 138 50 72 141 61 179 44 51 167 161 46 123 150 133 166 120 0 104 151 
38 83 122 110 146 58 62 91 126 15 85 86 120 118 48 44 153 92 71 133 107 77 120 21 85 118 63 124 104 0 104 
94 187 144 209 101 114 106 172 195 91 51 37 39 191 88 135 212 68 109 199 22 170 132 99 28 42 121 64 151 104 0 
