15 2
4 6 
0 51 89 78 86 28 100 93 49 57 59 13 106 99 129 90 82 83 41 134 46 41 103 95 79 95 126 90 66 67 92 
51 0 139 64 37 54 150 143 22 85 45 60 94 50 100 139 121 77 38 174 79 82 131 135 107 46 168 140 16 20 45 
89 139 0 144 174 95 15 32 133 99 139 80 174 186 206 16 62 140 123 80 90 77 116 82 105 184 69 15 154 156 180 
78 64 144 0 65 55 149 160 43 133 107 78 157 70 161 137 100 16 95 148 123 119 179 173 155 91 145 150 68 79 96 
86 37 174 65 0 82 183 179 43 120 72 95 111 13 104 171 147 81 71 200 115 119 164 171 142 28 195 175 24 32 35 
28 54 95 55 82 0 103 107 40 84 79 24 129 93 146 91 68 57 62 121 73 66 129 119 106 98 115 99 68 73 98 
100 150 15 149 183 103 0 43 142 113 152 90 187 195 219 13 60 144 136 69 104 90 130 95 119 195 58 27 165 167 192 
93 143 32 160 179 107 43 0 141 84 132 87 159 191 195 47 90 158 119 111 78 67 90 54 83 185 100 18 157 157 180 
49 22 133 43 43 40 142 141 0 96 65 55 115 54 122 130 106 55 53 159 87 87 143 142 119 61 153 135 32 40 63 
57 85 99 133 120 84 113 84 96 0 55 63 76 132 112 108 123 139 50 167 13 26 47 54 24 116 157 91 96 91 109 
59 45 139 107 72 79 152 132 65 55 0 71 51 83 71 143 140 119 18 192 56 66 94 109 74 62 184 135 50 41 54 
13 60 80 78 95 24 90 87 55 63 71 0 117 107 141 79 70 81 53 122 51 43 107 95 84 105 114 81 75 78 103 
106 94 174 157 111 129 187 159 115 76 51 117 0 119 41 181 187 169 68 236 84 98 91 120 80 91 227 166 93 82 81 
99 50 186 70 13 93 195 191 54 132 83 107 119 0 108 183 157 85 83 210 128 131 176 184 154 31 205 187 37 43 40 
129 100 206 161 104 146 219 195 122 112 71 141 41 108 0 212 210 175 88 262 117 130 131 159 119 78 254 200 93 83 70 
90 139 16 137 171 91 13 47 130 108 143 79 181 183 212 0 49 131 127 66 98 84 129 96 116 184 55 30 154 156 181 
82 121 62 100 147 68 60 90 106 123 140 70 187 157 210 49 0 90 123 54 111 98 157 130 138 166 48 74 135 141 165 
83 77 140 16 81 57 144 158 55 139 119 81 169 85 175 131 90 0 105 136 128 123 185 176 162 107 134 147 82 93 111 
41 38 123 95 71 62 136 119 53 50 18 53 68 83 88 127 123 105 0 174 46 54 94 102 71 68 166 120 47 42 62 
134 174 80 148 200 121 69 111 159 167 192 122 236 210 262 66 54 136 174 0 157 143 194 161 179 219 12 94 188 194 219 
46 79 90 123 115 73 104 78 87 13 56 51 84 128 117 98 111 128 46 157 0 15 57 57 34 114 147 83 91 87 107 
41 82 77 119 119 66 90 67 87 26 66 43 98 131 130 84 98 123 54 143 15 0 65 55 43 120 133 70 96 93 115 
103 131 116 179 164 129 130 90 143 47 94 107 91 176 131 129 157 185 94 194 57 65 0 38 24 156 183 104 140 134 148 
95 135 82 173 171 119 95 54 142 54 109 95 120 184 159 96 130 176 102 161 57 55 38 0 40 169 150 69 148 143 162 
79 107 105 155 142 106 119 83 119 24 74 84 80 154 119 116 138 162 71 179 34 43 24 40 0 135 168 94 118 111 127 
95 46 184 91 28 98 195 185 61 116 62 105 91 31 78 184 166 107 68 219 114 120 156 169 135 0 213 183 31 29 10 
126 168 69 145 195 115 58 100 153 157 184 114 227 205 254 55 48 134 166 12 147 133 183 150 168 213 0 83 182 187 212 
90 140 15 150 175 99 27 18 135 91 135 81 166 187 200 30 74 147 120 94 83 70 104 69 94 183 83 0 155 155 179 
66 16 154 68 24 68 165 157 32 96 50 75 93 37 93 154 135 82 47 188 91 96 140 148 118 31 182 155 0 12 32 
67 20 156 79 32 73 167 157 40 91 41 78 82 43 83 156 141 93 42 194 87 93 134 143 111 29 187 155 12 0 26 
92 45 180 96 35 98 192 180 63 109 54 103 81 40 70 181 165 111 62 219 107 115 148 162 127 10 212 179 32 26 0 
