20 5
1 2 2 2 1 
0 90 89 103 46 46 74 95 59 53 73 67 121 93 105 49 17 94 52 63 100 93 107 76 85 78 127 99 90 88 19 70 43 19 129 69 71 39 107 17 53 
90 0 173 192 112 125 17 142 34 95 138 28 65 180 71 42 74 183 127 150 39 141 184 39 170 83 131 12 176 164 78 78 94 75 182 116 26 56 18 98 69 
89 173 0 54 108 92 158 76 147 131 49 146 181 20 193 136 105 59 98 31 169 148 113 146 9 162 202 183 16 109 107 116 120 100 81 135 149 117 188 92 112 
103 192 54 0 98 79 176 127 161 124 97 168 216 35 193 151 119 14 82 50 199 122 69 174 48 157 185 201 39 73 116 153 116 119 134 119 172 140 209 97 143 
46 112 108 98 0 20 97 136 78 27 110 96 158 103 96 73 51 86 17 78 134 48 73 111 101 60 94 118 102 52 41 114 20 61 166 28 102 77 130 30 97 
46 125 92 79 20 0 109 127 92 46 99 107 166 85 115 85 57 67 8 62 143 58 62 119 84 79 112 132 84 43 49 115 38 64 154 44 112 83 143 31 99 
74 17 158 176 97 109 0 132 19 80 126 17 73 164 68 26 58 167 112 134 46 128 169 35 155 73 123 26 161 148 62 70 79 59 172 102 19 42 34 82 58 
95 142 76 127 136 127 132 0 130 147 32 116 125 95 189 119 101 128 135 82 123 183 173 105 81 170 221 154 90 161 110 66 137 90 40 162 116 95 153 108 74 
59 34 147 161 78 92 19 130 0 62 119 26 89 151 61 12 43 151 93 121 62 110 150 46 143 58 110 41 148 130 45 73 60 48 168 84 31 35 52 65 58 
53 95 131 124 27 46 80 147 62 0 124 84 148 127 70 60 50 112 43 101 122 49 94 102 124 34 75 98 126 74 39 114 11 62 181 23 89 72 112 42 95 
73 138 49 97 110 99 126 32 119 124 0 111 136 67 174 107 83 98 107 51 127 156 142 106 52 150 199 150 62 131 90 71 114 73 57 137 113 85 152 84 72 
67 28 146 168 96 107 17 116 26 84 111 0 65 154 83 24 51 160 110 124 39 133 167 21 143 83 135 39 150 147 58 54 81 50 156 106 6 30 42 77 42 
121 65 181 216 158 166 73 125 89 148 136 65 0 194 136 88 109 210 170 167 28 197 227 47 181 145 195 72 190 208 118 65 144 103 161 170 59 83 59 135 73 
93 180 20 35 103 85 164 95 151 127 67 154 194 0 193 141 109 41 91 31 180 138 97 156 15 160 196 190 6 95 110 130 118 106 100 129 157 125 196 92 123 
105 71 193 193 96 115 68 189 61 70 174 83 136 193 0 71 92 181 112 164 110 99 160 103 187 38 64 66 191 140 87 134 78 101 227 82 86 95 81 102 119 
49 42 136 151 73 85 26 119 12 60 107 24 88 141 71 0 33 142 88 111 62 109 145 43 132 62 116 50 137 125 37 65 57 37 157 82 30 24 59 57 48 
17 74 105 119 51 57 58 101 43 50 83 51 109 109 92 33 0 110 62 79 86 96 118 62 101 69 121 82 106 99 12 65 42 13 137 70 56 26 91 27 47 
94 183 59 14 86 67 167 128 151 112 98 160 210 41 181 142 110 0 70 48 192 109 58 167 52 145 172 191 44 61 107 149 104 111 139 106 164 132 200 87 138 
52 127 98 82 17 8 112 135 93 43 107 110 170 91 112 88 62 70 0 69 147 51 58 123 91 76 106 134 90 38 53 122 37 70 162 39 115 88 145 37 105 
63 150 31 50 78 62 134 82 121 101 51 124 167 31 164 111 79 48 69 0 152 119 92 127 24 132 172 160 28 84 80 104 91 75 99 106 128 95 166 63 95 
100 39 169 199 134 143 46 123 62 122 127 39 28 180 110 62 86 192 147 152 0 171 204 26 168 118 168 48 176 184 95 58 119 82 161 144 33 61 37 113 58 
93 141 148 122 48 58 128 183 110 49 156 133 197 138 99 109 96 109 51 119 171 0 68 151 140 64 66 144 138 51 85 160 55 107 212 27 138 119 158 77 142 
107 184 113 69 73 62 169 173 150 94 142 167 227 97 160 145 118 58 58 92 204 68 0 180 105 123 133 190 99 21 110 174 92 125 190 79 172 144 202 92 159 
76 39 146 174 111 119 35 105 46 102 106 21 47 156 103 43 62 167 123 127 26 151 180 0 144 103 155 51 152 161 71 40 97 57 145 124 17 37 48 89 35 
85 170 9 48 101 84 155 81 143 124 52 143 181 15 187 132 101 52 91 24 168 140 105 144 0 156 195 180 10 101 102 116 114 96 88 128 147 114 185 86 111 
78 83 162 157 60 79 73 170 58 34 150 83 145 160 38 62 69 145 76 132 118 64 123 103 156 0 54 83 158 102 61 125 43 81 206 44 88 82 98 71 107 
127 131 202 185 94 112 123 221 110 75 199 135 195 196 64 116 121 172 106 172 168 66 133 155 195 54 0 127 195 117 111 179 85 133 255 68 139 135 142 116 161 
99 12 183 201 118 132 26 154 41 98 150 39 72 190 66 50 82 191 134 160 48 144 190 51 180 83 127 0 186 169 86 90 99 85 193 119 38 67 16 106 80 
90 176 16 39 102 84 161 90 148 126 62 150 190 6 191 137 106 44 90 28 176 138 99 152 10 158 195 186 0 97 107 125 116 102 96 128 153 121 192 90 119 
88 164 109 73 52 43 148 161 130 74 131 147 208 95 140 125 99 61 38 84 184 51 21 161 101 102 117 169 97 0 90 157 71 107 183 59 153 125 182 73 141 
19 78 107 116 41 49 62 110 45 39 90 58 118 110 87 37 12 107 53 80 95 85 110 71 102 61 111 86 107 90 0 76 31 23 146 59 63 36 95 21 58 
70 78 116 153 114 115 70 66 73 114 71 54 65 130 134 65 65 149 122 104 58 160 174 40 116 125 179 90 125 157 76 0 106 54 106 134 53 44 87 86 19 
43 94 120 116 20 38 79 137 60 11 114 81 144 118 78 57 42 104 37 91 119 55 92 97 114 43 85 99 116 71 31 106 0 53 170 29 86 65 112 31 88 
19 75 100 119 61 64 59 90 48 62 73 50 103 106 101 37 13 111 70 75 82 107 125 57 96 81 133 85 102 107 23 54 53 0 127 81 54 21 91 34 36 
129 182 81 134 166 154 172 40 168 181 57 156 161 100 227 157 137 139 162 99 161 212 190 145 88 206 255 193 96 183 146 106 170 127 0 193 156 134 192 140 114 
69 116 135 119 28 44 102 162 84 23 137 106 170 129 82 82 70 106 39 106 144 27 79 124 128 44 68 119 128 59 59 134 29 81 193 0 112 93 133 55 116 
71 26 149 172 102 112 19 116 31 89 113 6 59 157 86 30 56 164 115 128 33 138 172 17 147 88 139 38 153 153 63 53 86 54 156 112 0 33 40 82 43 
39 56 117 140 77 83 42 95 35 72 85 30 83 125 95 24 26 132 88 95 61 119 144 37 114 82 135 67 121 125 36 44 65 21 134 93 33 0 72 52 26 
107 18 188 209 130 143 34 153 52 112 152 42 59 196 81 59 91 200 145 166 37 158 202 48 185 98 142 16 192 182 95 87 112 91 192 133 40 72 0 115 81 
17 98 92 97 30 31 82 108 65 42 84 77 135 92 102 57 27 87 37 63 113 77 92 89 86 71 116 106 90 73 21 86 31 34 140 55 82 52 115 0 69 
53 69 112 143 97 99 58 74 58 95 72 42 73 123 119 48 47 138 105 95 58 142 159 35 111 107 161 80 119 141 58 19 88 36 114 116 43 26 81 69 0 
