20 6
2 2 1 2 2 3 
0 118 103 103 47 74 84 95 101 18 113 41 119 118 106 72 69 119 57 89 99 13 33 51 90 50 79 36 111 107 72 67 107 102 46 69 48 69 66 27 74 
118 0 189 184 165 167 127 183 218 116 17 101 10 15 49 60 110 160 149 77 46 121 109 99 46 80 122 88 154 157 157 65 37 172 163 185 84 184 145 101 75 
103 189 0 9 86 29 185 8 96 119 177 143 186 196 152 130 171 216 144 188 189 90 87 91 180 112 73 134 63 55 160 162 161 28 98 80 146 111 159 99 172 
103 184 9 0 90 30 185 12 104 119 172 143 181 191 146 124 171 218 147 186 186 90 84 87 177 108 66 132 55 46 162 159 155 19 102 86 145 116 161 96 170 
47 165 86 90 0 62 108 80 54 55 159 80 166 164 149 115 101 135 61 130 144 45 65 84 136 92 100 82 121 114 75 112 152 98 13 22 91 31 77 67 116 
74 167 29 30 62 0 156 22 85 90 156 115 164 172 134 107 143 188 117 160 163 62 61 68 154 87 60 106 66 58 133 134 141 37 73 61 118 89 132 72 144 
84 127 185 185 108 156 0 177 151 67 133 48 134 118 147 119 20 39 52 53 84 97 111 123 82 109 157 66 192 189 47 66 141 185 98 128 58 106 36 100 53 
95 183 8 12 80 22 177 0 93 111 171 136 180 189 147 123 164 209 137 180 182 83 80 85 173 105 69 126 63 54 153 154 155 28 92 75 139 105 152 91 165 
101 218 96 104 54 85 151 93 0 107 212 131 219 218 200 167 147 168 100 180 197 98 115 133 189 143 140 135 150 142 108 165 203 119 58 34 144 46 116 119 167 
18 116 119 119 55 90 67 111 107 0 113 27 119 113 111 77 53 102 44 76 90 30 47 64 82 58 94 29 128 124 58 58 111 119 49 76 37 69 51 39 62 
113 17 177 172 159 156 133 171 212 113 0 101 10 30 33 49 115 168 149 85 56 115 100 88 54 71 108 86 139 143 159 69 21 159 158 179 84 181 147 94 81 
41 101 143 143 80 115 48 136 131 27 101 0 105 96 107 76 30 86 49 50 69 53 64 76 61 63 109 20 145 142 59 37 103 140 73 102 18 90 47 53 37 
119 10 186 181 166 164 134 180 219 119 10 105 0 24 42 57 116 168 154 85 54 122 108 97 54 79 117 91 148 152 163 71 30 167 165 186 88 187 150 101 82 
118 15 196 191 164 172 118 189 218 113 30 96 24 0 62 68 101 149 144 66 34 123 113 105 37 85 130 85 164 166 151 59 50 180 162 186 79 182 138 104 66 
106 49 152 146 149 134 147 147 200 111 33 107 42 62 0 35 127 184 152 105 81 104 85 69 76 58 80 88 109 113 164 82 13 131 150 166 92 174 153 82 97 
72 60 130 124 115 107 119 123 167 77 49 76 57 68 35 0 100 157 119 86 71 70 53 40 63 24 63 57 98 100 132 59 37 113 116 133 62 140 122 48 74 
69 110 171 171 101 143 20 164 147 53 115 30 116 101 127 100 0 58 51 40 69 82 94 105 65 90 139 47 174 172 53 47 122 170 92 122 38 103 40 83 36 
119 160 216 218 135 188 39 209 168 102 168 86 168 149 184 157 58 0 74 84 115 131 148 161 115 147 194 104 228 225 61 102 177 219 123 151 96 124 58 137 88 
57 149 144 147 61 117 52 137 100 44 149 49 154 144 152 119 51 74 0 90 114 67 89 106 108 101 135 65 166 160 17 85 150 151 50 79 66 55 17 81 80 
89 77 188 186 130 160 53 180 180 76 85 50 85 66 105 86 40 84 90 0 32 99 102 107 32 87 140 54 177 176 92 29 97 180 123 151 42 138 80 90 16 
99 46 189 186 144 163 84 182 197 90 56 69 54 34 81 71 69 115 114 32 0 106 103 101 10 80 131 63 168 168 120 33 71 177 139 166 54 158 107 92 35 
13 121 90 90 45 62 97 83 98 30 115 53 122 123 104 70 82 131 67 99 106 0 24 43 98 47 68 46 99 95 83 76 107 89 47 65 58 71 78 23 84 
33 109 87 84 65 61 111 80 115 47 100 64 108 113 85 53 94 148 89 102 103 24 0 20 94 30 47 50 81 78 104 75 89 78 69 82 62 93 98 13 87 
51 99 91 87 84 68 123 85 133 64 88 76 97 105 69 40 105 161 106 107 101 43 20 0 92 22 34 59 71 70 122 78 75 77 88 100 70 112 114 26 92 
90 46 180 177 136 154 82 173 189 82 54 61 54 37 76 63 65 115 108 32 10 98 94 92 0 71 123 55 159 160 115 25 67 168 131 157 46 150 102 83 30 
50 80 112 108 92 87 109 105 143 58 71 63 79 85 58 24 90 147 101 87 80 47 30 22 71 0 54 43 91 90 115 58 61 98 93 110 53 117 105 25 72 
79 122 73 66 100 60 157 69 140 94 108 109 117 130 80 63 139 194 135 140 131 68 47 34 123 54 0 92 37 38 151 111 90 51 108 110 104 130 145 57 125 
36 88 134 132 82 106 66 126 135 29 86 20 91 85 88 57 47 104 65 54 63 46 50 59 55 43 92 0 129 127 76 31 86 128 77 103 13 98 66 38 39 
111 154 63 55 121 66 192 63 150 128 139 145 148 164 109 98 174 228 166 177 168 99 81 71 159 91 37 129 0 9 182 148 120 36 131 126 140 151 177 92 162 
107 157 55 46 114 58 189 54 142 124 143 142 152 166 113 100 172 225 160 176 168 95 78 70 160 90 38 127 9 0 177 148 124 27 124 118 139 144 172 90 161 
72 157 160 162 75 133 47 153 108 58 159 59 163 151 164 132 53 61 17 92 120 83 104 122 115 115 151 76 182 177 0 93 162 167 63 91 75 64 13 97 86 
67 65 162 159 112 134 66 154 165 58 69 37 71 59 82 59 47 102 85 29 33 76 75 78 25 58 111 31 148 148 93 0 76 153 107 134 22 126 80 64 16 
107 37 161 155 152 141 141 155 203 111 21 103 30 50 13 37 122 177 150 97 71 107 89 75 67 61 90 86 120 124 162 76 0 141 152 170 87 176 150 85 90 
102 172 28 19 98 37 185 28 119 119 159 140 167 180 131 113 170 219 151 180 177 89 78 77 168 98 51 128 36 27 167 153 141 0 109 97 140 126 164 90 165 
46 163 98 102 13 73 98 92 58 49 158 73 165 162 150 116 92 123 50 123 139 47 69 88 131 93 108 77 131 124 63 107 152 109 0 31 86 24 66 69 109 
69 185 80 86 22 61 128 75 34 76 179 102 186 186 166 133 122 151 79 151 166 65 82 100 157 110 110 103 126 118 91 134 170 97 31 0 113 32 95 86 138 
48 84 146 145 91 118 58 139 144 37 84 18 88 79 92 62 38 96 66 42 54 58 62 70 46 53 104 13 140 139 75 22 87 140 86 113 0 105 64 50 27 
69 184 111 116 31 89 106 105 46 69 181 90 187 182 174 140 103 124 55 138 158 71 93 112 150 117 130 98 151 144 64 126 176 126 24 32 105 0 71 93 126 
66 145 159 161 77 132 36 152 116 51 147 47 150 138 153 122 40 58 17 80 107 78 98 114 102 105 145 66 177 172 13 80 150 164 66 95 64 71 0 89 73 
27 101 99 96 67 72 100 91 119 39 94 53 101 104 82 48 83 137 81 90 92 23 13 26 83 25 57 38 92 90 97 64 85 90 69 86 50 93 89 0 75 
74 75 172 170 116 144 53 165 167 62 81 37 82 66 97 74 36 88 80 16 35 84 87 92 30 72 125 39 162 161 86 16 90 165 109 138 27 126 73 75 0 
