30 3
7 5 9 
0 94 71 18 72 13 100 57 42 76 102 133 89 77 121 94 58 13 87 41 50 95 51 57 47 82 72 110 105 101 80 77 60 67 57 67 115 100 92 127 61 130 98 72 96 61 29 121 55 106 70 100 42 78 77 24 29 48 98 75 50 
94 0 164 94 163 96 192 76 58 19 124 175 128 167 172 45 38 102 176 57 109 50 132 72 131 75 75 142 156 21 36 169 140 91 94 117 129 13 19 221 148 144 75 85 184 153 92 213 76 197 27 163 92 86 116 76 82 129 181 22 95 
71 164 0 72 15 74 45 108 113 146 145 152 104 46 135 163 129 67 26 108 76 164 46 120 59 133 122 123 124 172 145 27 67 108 97 87 139 170 163 59 50 149 149 116 60 11 87 50 117 36 141 82 97 136 100 93 87 64 49 146 89 
18 94 72 0 69 30 107 43 50 76 119 150 71 88 139 102 61 29 83 37 33 104 40 70 61 69 58 93 123 105 73 83 75 50 40 50 97 102 96 130 73 112 85 56 107 62 46 120 69 104 73 85 59 93 59 36 16 63 90 78 33 
72 163 15 69 0 77 58 102 114 144 154 164 92 60 148 166 129 70 16 106 68 166 37 125 68 125 115 110 136 172 141 41 79 99 89 76 127 170 163 66 62 136 141 108 75 18 92 53 122 35 141 68 102 142 89 95 83 73 36 146 82 
13 96 74 30 77 0 97 67 40 79 90 121 101 72 110 90 58 8 92 47 62 90 60 49 39 92 82 123 93 100 86 75 51 78 69 79 126 100 91 127 54 142 107 83 90 63 18 123 46 109 70 111 31 69 89 20 40 39 106 76 62 
100 192 45 107 58 97 0 147 136 175 141 133 148 30 115 182 155 91 62 140 119 181 89 136 65 172 161 167 109 196 178 24 64 149 138 130 183 196 187 38 48 193 189 157 27 51 104 50 131 53 166 125 109 144 143 117 122 69 86 172 130 
57 76 108 43 102 67 147 0 62 59 146 185 54 130 175 103 59 69 113 34 37 106 66 89 103 27 16 71 158 93 44 123 116 17 18 41 65 87 86 167 115 81 43 17 149 99 79 154 90 135 67 88 89 113 41 61 28 104 111 70 22 
42 58 113 50 114 40 136 62 0 43 86 130 111 110 124 53 20 47 129 29 78 54 90 27 74 80 72 131 107 61 57 114 83 78 73 92 127 60 52 167 91 143 91 78 127 102 35 162 29 147 31 134 38 51 98 20 46 72 139 37 70 
76 19 146 76 144 79 175 59 43 0 119 168 112 151 163 50 24 85 158 39 91 54 113 62 116 62 60 127 146 35 24 152 125 75 76 99 116 29 28 203 132 131 66 70 168 135 77 195 66 179 18 145 80 81 99 60 63 114 162 15 77 
102 124 145 119 154 90 141 146 86 119 0 53 189 113 56 85 99 94 169 114 151 81 148 60 87 166 158 210 44 113 140 129 80 161 154 168 211 119 108 178 98 226 176 163 118 137 73 185 58 178 102 200 61 39 177 87 124 82 188 106 149 
133 175 152 150 164 121 133 185 130 168 53 0 220 110 19 137 146 122 177 156 182 133 170 106 100 207 198 242 29 164 186 130 87 198 189 199 247 170 159 169 102 262 220 201 107 147 107 181 103 180 151 222 97 89 209 125 159 95 200 155 183 
89 128 104 71 92 101 148 54 111 112 189 220 0 141 208 155 112 99 96 84 39 159 61 136 126 58 54 22 192 146 94 127 140 38 38 22 36 139 139 156 132 46 69 44 159 98 117 137 136 118 120 44 129 160 14 103 67 129 83 123 42 
77 167 46 88 60 72 30 130 110 151 113 110 141 0 92 153 129 67 70 117 106 153 81 107 37 156 145 161 84 169 156 21 35 134 123 120 174 170 161 66 20 186 172 142 20 45 77 74 103 71 141 126 81 115 133 91 103 40 94 146 115 
121 172 135 139 148 110 115 175 124 163 56 19 208 92 0 137 141 110 160 148 169 133 155 102 85 199 189 230 18 164 181 113 71 187 178 186 235 169 158 151 86 250 212 191 89 131 97 163 98 163 147 207 88 89 197 116 149 81 183 152 171 
94 45 163 102 166 90 182 103 53 50 85 137 155 153 137 0 45 97 181 73 127 6 142 47 117 110 107 173 122 29 74 161 121 119 118 140 164 36 27 215 134 180 115 116 168 153 78 212 51 199 37 183 73 49 142 71 95 114 191 35 117 
58 38 129 61 129 58 155 59 20 24 99 146 112 129 141 45 0 65 143 29 83 48 101 40 94 71 65 129 124 44 41 132 102 76 74 96 122 42 35 184 111 138 79 73 146 118 55 178 44 163 13 140 57 61 98 39 52 92 150 18 73 
13 102 67 29 70 8 91 69 47 85 94 122 99 67 110 97 65 0 85 51 60 98 54 56 35 95 84 121 94 107 91 68 48 79 69 77 126 107 98 120 49 141 110 84 85 56 24 116 53 102 77 106 36 75 88 27 41 35 99 83 62 
87 176 26 83 16 92 62 113 129 158 169 177 96 70 160 181 143 85 0 120 77 182 47 140 83 135 125 112 149 187 153 50 92 108 98 83 131 184 177 61 75 139 150 118 82 33 107 43 137 23 155 66 118 158 95 110 96 88 25 160 92 
41 57 108 37 106 47 140 34 29 39 114 156 84 117 148 73 29 51 120 0 55 76 75 56 85 52 44 103 131 69 40 116 97 50 46 68 98 66 61 166 100 115 64 49 136 98 52 157 57 141 39 112 60 80 71 33 25 85 125 43 45 
50 109 76 33 68 62 119 37 78 91 151 182 39 106 169 127 83 60 77 55 0 130 32 101 88 58 48 61 153 124 80 96 102 32 22 18 69 119 115 134 96 83 74 41 125 69 79 119 100 100 94 57 91 124 29 67 33 90 75 98 15 
95 50 164 104 166 90 181 106 54 54 81 133 159 153 133 6 48 98 182 76 130 0 143 46 116 115 111 176 119 34 78 161 120 123 121 143 168 41 32 214 133 184 119 120 166 153 78 212 50 199 41 186 72 46 146 72 98 113 192 40 120 
51 132 46 40 37 60 89 66 90 113 148 170 61 81 155 142 101 54 47 75 32 143 0 107 71 89 79 81 141 144 107 67 85 63 53 42 95 140 135 102 74 106 105 72 99 39 77 88 105 70 112 53 90 128 55 73 51 75 50 117 46 
57 72 120 70 125 49 136 89 27 62 60 106 136 107 102 47 40 56 140 56 101 46 107 0 71 107 99 156 85 67 81 116 75 104 99 116 154 70 59 170 88 170 117 105 121 110 34 168 5 156 46 155 27 25 123 35 70 68 154 51 95 
47 131 59 61 68 39 65 103 74 116 87 100 126 37 85 117 94 35 83 85 88 116 71 71 0 128 118 148 71 133 124 47 15 111 101 104 156 134 124 100 18 170 144 117 53 51 40 101 67 93 105 123 45 81 116 56 75 6 103 111 93 
82 75 133 69 125 92 172 27 80 62 166 207 58 156 199 110 71 95 135 52 58 115 89 107 128 0 12 68 182 95 40 149 142 27 37 56 54 87 89 191 141 70 17 18 175 124 102 176 108 157 75 99 111 130 49 83 54 129 130 76 44 
72 75 122 58 115 82 161 16 72 60 158 198 54 145 189 107 65 84 125 44 48 111 79 99 118 12 0 68 172 94 40 138 131 19 27 48 58 87 87 180 130 74 28 11 164 113 92 166 100 148 71 93 102 123 43 74 43 119 121 72 34 
110 142 123 93 110 123 167 71 131 127 210 242 22 161 230 173 129 121 112 103 61 176 81 156 148 68 68 0 214 161 107 147 162 54 58 44 24 154 154 172 153 28 75 58 179 118 138 152 156 133 136 51 150 180 34 124 87 151 95 139 62 
105 156 124 123 136 93 109 158 107 146 44 29 192 84 18 122 124 94 149 131 153 119 141 85 71 182 172 214 0 148 164 103 58 171 162 170 219 153 142 146 75 234 195 174 84 119 80 157 81 154 130 193 71 73 181 99 132 67 172 135 155 
101 21 172 105 172 100 196 93 61 35 113 164 146 169 164 29 44 107 187 69 124 34 144 67 133 95 94 161 148 0 55 174 140 109 110 133 148 9 10 227 150 164 95 104 185 161 93 222 71 206 32 179 91 76 133 80 94 131 193 27 111 
80 36 145 73 141 86 178 44 57 24 140 186 94 156 181 74 41 91 153 40 80 78 107 81 124 40 40 107 164 55 0 155 135 57 62 85 94 48 50 203 139 109 42 51 175 134 89 193 84 175 40 131 94 102 82 70 58 123 154 39 65 
77 169 27 83 41 75 24 123 114 152 129 130 127 21 113 161 132 68 50 116 96 161 67 116 47 149 138 147 103 174 155 0 50 126 115 108 161 174 165 54 32 172 165 134 34 29 83 56 112 51 144 108 90 128 121 95 98 51 74 150 107 
60 140 67 75 79 51 64 116 83 125 80 87 140 35 71 121 102 48 92 97 102 120 85 75 15 142 131 162 58 140 135 50 0 125 115 118 170 141 131 101 19 184 157 131 47 61 48 106 71 100 113 137 49 81 130 66 88 13 114 118 107 
67 91 108 50 99 78 149 17 78 75 161 198 38 134 187 119 76 79 108 50 32 123 63 104 111 27 19 54 171 109 57 126 125 0 12 30 50 102 102 165 122 66 43 10 153 99 91 150 105 131 83 75 102 128 25 75 39 113 103 86 20 
57 94 97 40 89 69 138 18 73 76 154 189 38 123 178 118 74 69 98 46 22 121 53 99 101 37 27 58 162 110 62 115 115 12 0 24 58 104 102 155 111 73 53 20 142 88 83 140 99 121 83 70 95 123 25 68 31 103 95 86 9 
67 117 87 50 76 79 130 41 92 99 168 199 22 120 186 140 96 77 83 68 18 143 42 116 104 56 48 44 170 133 85 108 118 30 24 0 54 128 125 142 111 67 70 39 139 80 95 125 116 105 105 47 108 140 14 83 47 107 75 108 24 
115 129 139 97 127 126 183 65 127 116 211 247 36 174 235 164 122 126 131 98 69 168 95 154 156 54 58 24 219 148 94 161 170 50 58 54 0 141 143 191 164 17 57 50 192 133 141 172 154 152 128 74 152 178 41 124 88 158 116 129 65 
100 13 170 102 170 100 196 87 60 29 119 170 139 170 169 36 42 107 184 66 119 41 140 70 134 87 87 154 153 9 48 174 141 102 104 128 141 0 12 226 151 156 87 97 186 160 94 220 74 204 30 174 93 81 127 80 90 132 190 25 105 
92 19 163 96 163 91 187 86 52 28 108 159 139 161 158 27 35 98 177 61 115 32 135 59 124 89 87 154 142 10 50 165 131 102 102 125 143 12 0 218 141 158 91 97 176 152 84 212 63 197 23 171 83 70 126 71 85 122 184 18 103 
127 221 59 130 66 127 38 167 167 203 178 169 156 66 151 215 184 120 61 166 134 214 102 170 100 191 180 172 146 227 203 54 101 165 155 142 191 226 218 0 84 199 207 174 63 69 137 24 166 40 196 124 144 180 154 147 145 104 79 202 147 
61 148 50 73 62 54 48 115 91 132 98 102 132 20 86 134 111 49 75 100 96 133 74 88 18 141 130 153 75 150 139 32 19 122 111 111 164 151 141 84 0 177 157 128 36 45 58 88 84 82 122 124 62 97 124 73 88 21 98 128 103 
130 144 149 112 136 142 193 81 143 131 226 262 46 186 250 180 138 141 139 115 83 184 106 170 170 70 74 28 234 164 109 172 184 66 73 67 17 156 158 199 177 0 71 66 204 144 156 179 170 160 144 78 167 194 54 140 104 172 122 145 80 
98 75 149 85 141 107 189 43 91 66 176 220 69 172 212 115 79 110 150 64 74 119 105 117 144 17 28 75 195 95 42 165 157 43 53 70 57 87 91 207 157 71 0 33 191 140 116 192 119 173 81 112 124 139 61 97 70 145 144 80 60 
72 85 116 56 108 83 157 17 78 70 163 201 44 142 191 116 73 84 118 49 41 120 72 105 117 18 11 58 174 104 51 134 131 10 20 39 50 97 97 174 128 66 33 0 161 108 95 160 106 141 80 83 105 129 33 77 43 118 113 82 28 
96 184 60 107 75 90 27 149 127 168 118 107 159 20 89 168 146 85 82 136 125 166 99 121 53 175 164 179 84 185 175 34 47 153 142 139 192 186 176 63 36 204 191 161 0 62 93 76 117 78 157 142 95 126 152 108 122 55 107 163 134 
61 153 11 62 18 63 51 99 102 135 137 147 98 45 131 153 118 56 33 98 69 153 39 110 51 124 113 118 119 161 134 29 61 99 88 80 133 160 152 69 45 144 140 108 62 0 77 61 107 47 130 81 87 126 93 82 77 56 53 136 81 
29 92 87 46 92 18 104 79 35 77 73 107 117 77 97 78 55 24 107 52 79 78 77 34 40 102 92 138 80 93 89 83 48 91 83 95 141 94 84 137 58 156 116 95 93 77 0 135 31 123 65 128 13 52 105 20 53 38 122 71 77 
121 213 50 120 53 123 50 154 162 195 185 181 137 74 163 212 178 116 43 157 119 212 88 168 101 176 166 152 157 222 193 56 106 150 140 125 172 220 212 24 88 179 192 160 76 61 135 0 165 20 190 103 144 182 137 142 135 106 58 196 133 
55 76 117 69 122 46 131 90 29 66 58 103 136 103 98 51 44 53 137 57 100 50 105 5 67 108 100 156 81 71 84 112 71 105 99 116 154 74 63 166 84 170 119 106 117 107 31 165 0 153 50 153 22 25 123 33 69 63 151 55 94 
106 197 36 104 35 109 53 135 147 179 178 180 118 71 163 199 163 102 23 141 100 199 70 156 93 157 148 133 154 206 175 51 100 131 121 105 152 204 197 40 82 160 173 141 78 47 123 20 153 0 175 84 132 172 117 128 117 98 40 180 115 
70 27 141 73 141 70 166 67 31 18 102 151 120 141 147 37 13 77 155 39 94 41 112 46 105 75 71 136 130 32 40 144 113 83 83 105 128 30 23 196 122 144 81 80 157 130 65 190 50 175 0 150 66 64 107 50 63 103 162 6 82 
100 163 82 85 68 111 125 88 134 145 200 222 44 126 207 183 140 106 66 112 57 186 53 155 123 99 93 51 193 179 131 108 137 75 70 47 74 174 171 124 124 78 112 83 142 81 128 103 153 84 150 0 141 177 51 120 89 127 46 154 69 
42 92 97 59 102 31 109 89 38 80 61 97 129 81 88 73 57 36 118 60 91 72 90 27 45 111 102 150 71 91 94 90 49 102 95 108 152 93 83 144 62 167 124 105 95 87 13 144 22 132 66 141 0 40 117 29 64 42 134 71 89 
78 86 136 93 142 69 144 113 51 81 39 89 160 115 89 49 61 75 158 80 124 46 128 25 81 130 123 180 73 76 102 128 81 128 123 140 178 81 70 180 97 194 139 129 126 126 52 182 25 172 64 177 40 0 147 58 94 77 173 67 119 
77 116 100 59 89 89 143 41 98 99 177 209 14 133 197 142 98 88 95 71 29 146 55 123 116 49 43 34 181 133 82 121 130 25 25 14 41 127 126 154 124 54 61 33 152 93 105 137 123 117 107 51 117 147 0 91 54 119 85 110 29 
24 76 93 36 95 20 117 61 20 60 87 125 103 91 116 71 39 27 110 33 67 72 73 35 56 83 74 124 99 80 70 95 66 75 68 83 124 80 71 147 73 140 97 77 108 82 20 142 33 128 50 120 29 58 91 0 37 55 121 56 62 
29 82 87 16 83 40 122 28 46 63 124 159 67 103 149 95 52 41 96 25 33 98 51 70 75 54 43 87 132 94 58 98 88 39 31 47 88 90 85 145 88 104 70 43 122 77 53 135 69 117 63 89 64 94 54 37 0 76 100 68 26 
48 129 64 63 73 39 69 104 72 114 82 95 129 40 81 114 92 35 88 85 90 113 75 68 6 129 119 151 67 131 123 51 13 113 103 107 158 132 122 104 21 172 145 118 55 56 38 106 63 98 103 127 42 77 119 55 76 0 108 108 95 
98 181 49 90 36 106 86 111 139 162 188 200 83 94 183 191 150 99 25 125 75 192 50 154 103 130 121 95 172 193 154 74 114 103 95 75 116 190 184 79 98 122 144 113 107 53 122 58 151 40 162 46 134 173 85 121 100 108 0 167 90 
75 22 146 78 146 76 172 70 37 15 106 155 123 146 152 35 18 83 160 43 98 40 117 51 111 76 72 139 135 27 39 150 118 86 86 108 129 25 18 202 128 145 80 82 163 136 71 196 55 180 6 154 71 67 110 56 68 108 167 0 86 
50 95 89 33 82 62 130 22 70 77 149 183 42 115 171 117 73 62 92 45 15 120 46 95 93 44 34 62 155 111 65 107 107 20 9 24 65 105 103 147 103 80 60 28 134 81 77 133 94 115 82 69 89 119 29 62 26 95 90 86 0 
