30 8
2 2 2 1 1 2 1 3 
0 90 74 103 103 110 86 72 104 47 99 123 79 97 118 102 61 34 99 52 65 75 50 41 32 58 7 63 26 34 80 105 56 82 39 98 48 100 91 83 49 47 96 22 88 60 29 87 77 66 24 74 69 56 95 47 113 25 65 42 54 
90 0 40 113 120 137 166 146 25 101 107 154 167 79 157 191 105 122 53 126 62 164 88 128 90 37 84 137 115 123 124 36 142 27 120 186 135 117 18 171 107 126 158 81 90 40 102 96 150 150 109 114 155 77 150 50 37 68 153 110 39 
74 40 0 134 139 153 137 115 37 69 128 115 142 42 170 169 69 102 86 122 24 146 54 114 62 47 70 133 96 106 87 33 118 57 95 170 112 78 26 147 108 98 161 76 111 55 96 116 119 139 97 76 131 41 113 28 76 62 131 80 44 
103 113 134 0 9 29 180 171 137 148 7 222 163 173 53 173 161 123 69 82 142 141 146 108 131 87 98 85 118 116 180 148 147 87 138 147 138 194 128 165 63 146 77 82 24 80 81 19 176 109 97 173 155 145 197 116 102 88 148 144 90 
103 120 139 9 0 20 177 169 144 148 15 224 159 177 44 168 162 121 77 78 145 136 147 104 132 92 99 80 116 114 181 154 144 94 136 141 135 196 134 161 60 144 69 82 31 85 79 24 174 104 95 174 151 147 196 119 110 90 144 144 95 
110 137 153 29 20 0 178 172 161 156 34 232 157 191 25 163 170 123 96 75 158 132 157 104 140 108 107 75 119 115 189 171 145 112 140 133 136 206 151 158 63 148 56 91 50 101 84 42 177 99 98 183 151 158 202 132 129 101 143 150 110 
86 166 137 180 177 178 0 24 173 69 177 96 29 133 176 51 73 58 184 103 116 58 85 75 77 141 93 106 64 64 69 169 34 165 49 80 43 102 161 31 118 42 140 106 171 145 100 167 21 86 84 75 29 98 54 117 196 110 37 57 136 
72 146 115 171 169 172 24 0 151 47 167 80 43 110 173 70 50 49 168 99 93 67 62 71 56 123 78 105 53 58 47 147 32 146 34 92 38 81 139 47 110 26 140 93 159 127 90 156 6 89 75 53 36 76 38 96 177 94 43 36 118 
104 25 37 137 144 161 173 151 0 105 131 146 177 66 181 202 106 135 76 146 60 178 90 144 97 58 98 156 128 137 122 14 152 51 129 201 146 109 14 181 128 134 180 99 114 63 120 121 155 167 125 112 165 77 149 59 53 86 165 116 58 
47 101 69 148 148 156 69 47 105 0 143 76 79 68 164 107 15 51 130 95 47 91 16 73 17 83 50 104 49 59 33 100 56 105 35 118 54 55 93 83 95 34 139 67 131 89 75 131 51 98 64 27 68 30 53 52 134 61 71 16 78 
99 107 128 7 15 34 177 167 131 143 0 218 161 167 58 172 156 120 63 81 136 140 141 106 127 81 94 85 115 114 176 141 144 81 134 147 135 189 122 163 61 142 80 78 18 74 78 13 172 109 94 169 153 139 193 110 96 83 146 140 84 
123 154 115 222 224 232 96 80 146 76 218 0 121 82 239 147 62 118 195 167 94 146 78 142 92 149 126 175 119 128 44 136 109 167 99 172 113 38 140 125 170 93 212 142 205 156 150 205 79 164 138 50 116 82 43 115 190 135 123 84 144 
79 167 142 163 159 157 29 43 177 79 161 121 0 146 153 29 87 47 176 82 124 30 94 56 81 137 86 83 54 50 89 175 25 161 48 52 32 122 164 5 101 45 115 97 156 139 85 151 43 61 70 93 12 107 79 119 192 103 16 64 133 
97 79 42 173 177 191 133 110 66 68 167 82 146 0 205 174 60 115 128 148 34 158 54 134 72 87 95 159 111 122 68 55 123 98 101 184 121 46 62 150 139 102 191 106 151 95 123 155 112 160 119 59 136 43 94 59 115 93 138 83 84 
118 157 170 53 44 25 176 173 181 164 58 239 153 205 0 154 178 125 119 75 172 125 167 103 149 126 116 70 123 116 196 190 144 133 143 122 136 216 170 153 69 151 42 102 72 120 90 64 178 92 102 191 148 170 206 147 152 113 140 155 127 
102 191 169 173 168 163 51 70 202 107 172 147 29 174 154 0 115 69 195 91 151 33 122 70 107 159 108 89 76 69 116 201 52 183 75 37 57 150 189 24 113 73 114 116 170 161 101 164 70 65 87 121 39 135 104 144 214 125 38 92 155 
61 105 69 161 162 170 73 50 106 15 156 62 87 60 178 115 0 65 138 109 47 103 19 87 30 91 64 118 63 73 21 100 66 113 47 130 66 41 95 92 109 45 154 80 143 98 89 143 53 112 79 13 77 29 45 59 140 73 81 28 86 
34 122 102 123 121 123 58 49 135 51 120 118 47 115 125 69 65 0 130 51 87 44 63 24 44 91 40 58 8 10 77 134 25 115 20 70 16 105 121 50 62 27 94 51 114 93 43 110 54 48 27 75 36 73 82 76 146 57 32 37 87 
99 53 86 69 77 96 184 168 76 130 63 195 176 128 119 195 138 130 0 113 103 164 120 126 115 48 92 122 123 128 159 88 154 30 136 180 145 161 71 180 90 143 132 80 47 42 95 56 172 141 108 149 166 113 182 81 34 75 161 133 53 
52 126 122 82 78 75 103 99 146 95 81 167 82 148 75 91 109 51 113 0 115 59 101 29 82 90 54 12 49 42 125 150 70 109 70 69 62 149 132 84 24 77 45 47 80 88 27 74 104 29 31 121 76 108 132 95 139 61 68 84 88 
65 62 24 142 145 158 116 93 60 47 136 94 124 34 172 151 47 87 103 115 0 131 32 103 44 58 62 126 82 92 64 54 99 75 77 157 95 58 50 128 106 79 158 72 121 66 90 124 97 129 88 53 113 18 90 27 98 60 114 61 54 
75 164 146 141 136 132 58 67 178 91 140 146 30 158 125 33 103 44 164 59 131 0 104 39 87 131 81 58 51 41 109 178 38 153 57 28 38 141 164 30 81 59 86 86 138 132 70 132 69 34 57 111 31 116 104 120 185 97 24 76 127 
50 88 54 146 147 157 85 62 90 16 141 78 94 54 167 122 19 63 120 101 32 104 0 82 20 73 51 111 59 70 39 85 71 95 48 131 68 50 79 98 98 49 145 66 127 80 79 128 66 108 71 30 83 14 63 41 122 58 85 30 68 
41 128 114 108 104 104 75 71 144 73 106 142 56 134 103 70 87 24 126 29 103 39 82 0 63 93 46 34 25 15 100 146 42 116 44 58 34 127 130 58 46 50 71 49 102 94 32 96 75 27 20 98 48 92 105 87 147 60 41 60 90 
32 90 62 131 132 140 77 56 97 17 127 92 81 72 149 107 30 44 115 82 44 87 20 63 0 68 34 91 40 51 50 95 56 92 33 113 51 68 85 85 80 37 126 50 115 74 60 114 61 89 51 43 69 30 69 41 121 45 70 20 63 
58 37 47 87 92 108 141 123 58 83 81 149 137 87 126 159 91 91 48 90 58 131 73 93 68 0 51 101 84 91 112 65 113 25 93 151 105 115 46 141 71 100 123 46 65 8 66 69 127 114 74 102 126 67 135 34 56 34 123 87 6 
7 84 70 98 99 107 93 78 98 50 94 126 86 95 116 108 64 40 92 54 62 81 51 46 34 51 0 65 33 40 83 100 63 75 45 103 55 101 85 90 47 53 97 17 83 54 29 82 83 70 27 77 75 55 99 42 107 18 72 46 47 
63 137 133 85 80 75 106 105 156 104 85 175 83 159 70 89 118 58 122 12 126 58 111 34 91 101 65 0 57 49 133 161 75 119 77 63 67 158 143 84 33 84 37 58 86 98 38 79 109 25 41 130 78 118 139 106 148 72 70 92 99 
26 115 96 118 116 119 64 53 128 49 115 119 54 111 123 76 63 8 123 49 82 51 59 25 40 84 33 57 0 12 76 128 31 108 21 75 23 103 115 57 58 29 93 44 108 86 38 104 58 50 22 74 43 69 84 70 139 50 39 36 80 
34 123 106 116 114 115 64 58 137 59 114 128 50 122 116 69 73 10 128 42 92 41 70 15 51 91 40 49 12 0 86 138 31 114 29 65 22 113 124 53 54 36 85 48 108 92 37 104 62 40 21 84 40 80 91 79 146 57 34 46 87 
80 124 87 180 181 189 69 47 122 33 176 44 89 68 196 116 21 77 159 125 64 109 39 100 50 112 83 133 76 86 0 115 72 133 57 136 74 34 113 93 127 52 169 99 163 118 107 163 48 124 95 11 81 48 27 79 159 94 86 41 107 
105 36 33 148 154 171 169 147 14 100 141 136 175 55 190 201 100 134 88 150 54 178 85 146 95 65 100 161 128 138 115 0 150 62 127 202 145 99 20 179 134 131 187 103 124 71 124 130 150 170 127 104 164 72 141 59 66 89 164 113 65 
56 142 118 147 144 145 34 32 152 56 144 109 25 123 144 52 66 25 154 70 99 38 71 42 56 113 63 75 31 31 72 150 0 137 24 65 10 104 139 30 85 22 110 75 138 116 67 134 35 58 51 74 14 83 69 94 168 80 16 41 109 
82 27 57 87 94 112 165 146 51 105 81 167 161 98 133 183 113 115 30 109 75 153 95 116 92 25 75 119 108 114 133 62 137 0 117 173 129 132 43 164 88 124 137 68 64 22 87 71 151 135 97 123 150 86 157 55 32 58 146 111 29 
39 120 95 138 136 140 49 34 129 35 134 99 48 101 143 75 47 20 136 70 77 57 48 44 33 93 45 77 21 29 57 127 24 117 0 84 20 87 116 53 78 9 113 60 125 97 58 123 39 67 43 57 37 61 63 71 148 62 38 20 88 
98 186 170 147 141 133 80 92 201 118 147 172 52 184 122 37 130 70 180 69 157 28 131 58 113 151 103 63 75 65 136 202 65 173 84 0 65 168 188 49 92 86 81 106 148 151 87 141 94 40 77 138 57 142 130 144 204 118 50 103 148 
48 135 112 138 135 136 43 38 146 54 135 113 32 121 136 57 66 16 145 62 95 38 68 34 51 105 55 67 23 22 74 145 10 129 20 65 0 105 133 36 76 22 103 66 129 108 58 125 42 52 42 74 21 80 74 88 161 72 19 39 101 
100 117 78 194 196 206 102 81 109 55 189 38 122 46 216 150 41 105 161 149 58 141 50 127 68 115 101 158 103 113 34 99 104 132 87 168 105 0 103 126 148 83 194 116 174 123 128 176 82 152 119 31 114 50 55 81 154 107 119 68 111 
91 18 26 128 134 151 161 139 14 93 122 140 164 62 170 189 95 121 71 132 50 164 79 130 85 46 85 143 115 124 113 20 139 43 116 188 133 103 0 168 115 121 168 86 105 51 107 111 143 154 111 102 153 66 139 46 53 72 152 104 46 
83 171 147 165 161 158 31 47 181 83 163 125 5 150 153 24 92 50 180 84 128 30 98 58 85 141 90 84 57 53 93 179 30 164 53 49 36 126 168 0 103 50 115 100 159 143 88 154 47 62 73 97 16 112 82 123 196 107 19 69 136 
49 107 108 63 60 63 118 110 128 95 61 170 101 139 69 113 109 62 90 24 106 81 98 46 80 71 47 33 58 54 127 134 85 88 78 92 76 148 115 103 0 86 54 34 57 68 21 51 115 53 36 122 93 102 140 82 116 48 86 88 70 
47 126 98 146 144 148 42 26 134 34 142 93 45 102 151 73 45 27 143 77 79 59 49 50 37 100 53 84 29 36 52 131 22 124 9 86 22 83 121 50 86 0 120 68 134 104 66 131 31 72 51 53 35 62 56 76 155 69 37 19 95 
96 158 161 77 69 56 140 140 180 139 80 212 115 191 42 114 154 94 132 45 158 86 145 71 126 123 97 37 93 85 169 187 110 137 113 81 103 194 168 115 54 120 0 87 88 119 69 79 144 54 76 166 111 151 175 135 162 100 103 128 123 
22 81 76 82 82 91 106 93 99 67 78 142 97 106 102 116 80 51 80 47 72 86 66 49 50 46 17 58 44 48 99 103 75 68 60 106 66 116 86 100 34 68 87 0 67 46 21 65 98 69 30 93 86 68 116 49 99 15 82 63 43 
88 90 111 24 31 50 171 159 114 131 18 205 156 151 72 170 143 114 47 80 121 138 127 102 115 65 83 86 108 108 163 124 138 64 125 148 129 174 105 159 57 134 88 67 0 57 72 9 164 109 88 156 147 125 182 95 80 70 141 129 68 
60 40 55 80 85 101 145 127 63 89 74 156 139 95 120 161 98 93 42 88 66 132 80 94 74 8 54 98 86 92 118 71 116 22 97 151 108 123 51 143 68 104 119 46 57 0 65 62 132 113 75 109 128 74 141 42 54 36 125 92 13 
29 102 96 81 79 84 100 90 120 75 78 150 85 123 90 101 89 43 95 27 90 70 79 32 60 66 29 38 38 37 107 124 67 87 58 87 58 128 107 88 21 66 69 21 72 65 0 68 95 49 17 102 76 84 119 69 117 35 70 67 64 
87 96 116 19 24 42 167 156 121 131 13 205 151 155 64 164 143 110 56 74 124 132 128 96 114 69 82 79 104 104 163 130 134 71 123 141 125 176 111 154 51 131 79 65 9 62 68 0 161 102 84 156 143 126 181 97 88 70 136 128 72 
77 150 119 176 174 177 21 6 155 51 172 79 43 112 178 70 53 54 172 104 97 69 66 75 61 127 83 109 58 62 48 150 35 151 39 94 42 82 143 47 115 31 144 98 164 132 95 161 0 92 80 55 38 79 36 101 181 99 46 41 123 
66 150 139 109 104 99 86 89 167 98 109 164 61 160 92 65 112 48 141 29 129 34 108 27 89 114 70 25 50 40 124 170 58 135 67 40 52 152 154 62 53 72 54 69 109 113 49 102 92 0 43 123 58 118 126 112 165 82 50 85 112 
24 109 97 97 95 98 84 75 125 64 94 138 70 119 102 87 79 27 108 31 88 57 71 20 51 74 27 41 22 21 95 127 51 97 43 77 42 119 111 73 36 51 76 30 88 75 17 84 80 43 0 91 60 78 105 69 128 41 54 54 71 
74 114 76 173 174 183 75 53 112 27 169 50 93 59 191 121 13 75 149 121 53 111 30 98 43 102 77 130 74 84 11 104 74 123 57 138 74 31 102 97 122 53 166 93 156 109 102 156 55 123 91 0 84 38 38 69 149 86 89 39 97 
69 155 131 155 151 151 29 36 165 68 153 116 12 136 148 39 77 36 166 76 113 31 83 48 69 126 75 78 43 40 81 164 14 150 37 57 21 114 153 16 93 35 111 86 147 128 76 143 38 58 60 84 0 96 74 107 181 93 9 53 121 
56 77 41 145 147 158 98 76 77 30 139 82 107 43 170 135 29 73 113 108 18 116 14 92 30 67 55 118 69 80 48 72 83 86 61 142 80 50 66 112 102 62 151 68 125 74 84 126 79 118 78 38 96 0 74 33 112 58 98 44 62 
95 150 113 197 196 202 54 38 149 53 193 43 79 94 206 104 45 82 182 132 90 104 63 105 69 135 99 139 84 91 27 141 69 157 63 130 74 55 139 82 140 56 175 116 182 141 119 181 36 126 105 38 74 74 0 103 184 113 81 53 130 
47 50 28 116 119 132 117 96 59 52 110 115 119 59 147 144 59 76 81 95 27 120 41 87 41 34 42 106 70 79 79 59 94 55 71 144 88 81 46 123 82 76 135 49 95 42 69 97 101 112 69 69 107 33 103 0 82 35 106 60 30 
113 37 76 102 110 129 196 177 53 134 96 190 192 115 152 214 140 146 34 139 98 185 122 147 121 56 107 148 139 146 159 66 168 32 148 204 161 154 53 196 116 155 162 99 80 54 117 88 181 165 128 149 181 112 184 82 0 90 178 141 60 
25 68 62 88 90 101 110 94 86 61 83 135 103 93 113 125 73 57 75 61 60 97 58 60 45 34 18 72 50 57 94 89 80 58 62 118 72 107 72 107 48 69 100 15 70 36 35 70 99 82 41 86 93 58 113 35 90 0 89 61 31 
65 153 131 148 144 143 37 43 165 71 146 123 16 138 140 38 81 32 161 68 114 24 85 41 70 123 72 70 39 34 86 164 16 146 38 50 19 119 152 19 86 37 103 82 141 125 70 136 46 50 54 89 9 98 81 106 178 89 0 56 119 
42 110 80 144 144 150 57 36 116 16 140 84 64 83 155 92 28 37 133 84 61 76 30 60 20 87 46 92 36 46 41 113 41 111 20 103 39 68 104 69 88 19 128 63 129 92 67 128 41 85 54 39 53 44 53 60 141 61 56 0 82 
54 39 44 90 95 110 136 118 58 78 84 144 133 84 127 155 86 87 53 88 54 127 68 90 63 6 47 99 80 87 107 65 109 29 88 148 101 111 46 136 70 95 123 43 68 13 64 72 123 112 71 97 121 62 130 30 60 31 119 82 0 
