30 6
3 4 2 1 4 2 
0 83 81 86 103 88 68 124 95 104 76 36 33 78 89 87 109 26 88 116 42 66 90 64 69 111 129 99 98 83 104 31 22 62 78 81 90 115 100 123 66 63 29 100 83 62 111 82 10 38 53 110 106 76 94 103 42 65 47 85 28 
83 0 161 150 133 88 151 119 174 186 149 100 96 35 163 34 70 80 61 131 100 141 153 60 148 86 208 178 16 94 186 113 104 66 131 5 9 196 52 59 25 44 88 171 9 144 173 39 78 57 119 165 182 79 130 54 100 20 128 163 99 
81 161 0 52 107 130 31 152 63 32 77 67 90 159 79 167 187 98 166 130 70 27 102 141 52 160 48 64 177 119 28 52 60 118 70 159 168 35 164 204 141 131 77 91 163 42 116 163 84 117 54 126 32 122 98 183 96 142 35 12 64 
86 150 52 0 57 92 76 107 113 82 119 53 111 158 125 166 193 110 173 81 50 33 143 149 96 122 78 114 165 80 75 69 73 91 25 146 155 74 136 201 125 110 65 138 154 83 160 163 83 122 34 168 46 89 50 185 119 130 54 43 59 
103 133 107 57 0 51 124 51 162 137 161 70 135 154 170 159 193 127 175 25 62 83 182 156 141 76 134 165 147 41 132 103 101 68 38 129 136 131 102 191 109 90 74 182 140 129 201 159 95 128 63 206 102 56 10 180 144 116 96 99 80 
88 88 130 92 51 0 136 37 172 161 161 69 120 114 173 117 153 108 138 44 63 104 177 123 147 31 167 175 100 13 157 103 98 30 68 84 88 161 51 146 66 47 64 184 96 136 198 119 79 100 77 198 136 13 51 139 129 74 105 125 77 
68 151 31 76 124 136 0 164 39 38 47 68 67 142 50 151 166 78 145 146 74 44 72 121 22 165 70 41 165 127 41 39 47 119 88 149 158 54 163 186 133 127 76 62 150 12 86 145 74 100 64 96 62 127 115 164 71 132 32 42 62 
124 119 152 107 51 37 164 0 202 184 194 99 156 149 205 151 188 144 173 29 92 127 212 160 178 38 184 204 130 41 178 135 130 67 84 115 119 180 73 177 100 82 98 217 128 166 232 154 114 137 102 233 152 50 58 173 165 108 134 146 109 
95 174 63 113 162 172 39 202 0 49 32 104 80 158 23 167 174 95 155 184 110 81 51 133 27 200 86 5 187 163 56 70 77 152 126 173 181 70 194 200 159 157 109 32 172 36 58 160 103 119 101 72 90 162 153 176 80 157 68 74 96 
104 186 32 82 137 161 38 184 49 0 74 96 105 179 70 188 203 115 182 161 100 58 97 158 52 191 38 47 201 150 9 73 82 147 101 184 193 22 193 223 167 159 106 80 186 48 106 182 109 138 85 120 46 153 129 201 108 167 60 39 92 
76 149 77 119 161 161 47 194 32 74 0 95 54 130 15 139 144 70 125 180 103 86 26 104 25 186 110 36 161 154 80 60 64 137 126 149 157 94 175 171 138 138 97 24 146 37 42 132 85 93 99 50 107 149 152 147 51 135 67 88 86 
36 100 67 53 70 69 68 99 104 96 95 0 66 106 106 113 140 61 120 86 8 43 114 97 79 97 111 107 115 60 93 36 32 52 43 97 105 101 98 149 77 65 13 118 103 68 134 110 31 69 20 137 83 59 61 132 75 80 38 66 11 
33 96 90 111 135 120 67 156 80 105 54 66 0 79 68 88 99 17 78 149 74 84 61 55 57 141 136 84 108 116 107 43 39 93 107 96 104 120 125 121 86 89 62 76 93 57 81 81 42 40 80 79 120 108 126 98 9 82 61 98 56 
78 35 159 158 154 114 142 149 158 179 130 106 79 0 144 9 40 65 26 156 109 143 129 30 135 118 206 163 38 118 181 108 100 88 143 38 41 192 86 45 49 67 94 150 27 133 148 6 78 42 125 138 184 103 149 27 80 41 125 163 102 
89 163 79 125 170 173 50 205 23 70 15 106 68 144 0 153 157 84 138 190 113 92 29 117 30 199 107 26 176 165 77 70 76 150 134 163 171 91 189 184 152 152 109 13 160 42 38 146 98 107 108 51 108 162 161 160 66 149 75 90 97 
87 34 167 166 159 117 151 151 167 188 139 113 88 9 153 0 38 74 29 160 116 151 138 38 144 119 215 172 33 122 189 117 108 92 150 37 38 201 86 37 52 71 101 158 25 142 156 9 86 51 133 146 192 107 154 23 88 44 133 171 109 
109 70 187 193 193 153 166 188 174 203 144 140 99 40 157 38 0 90 22 195 145 174 135 46 154 156 233 178 66 157 206 136 128 127 180 74 74 218 122 35 88 107 129 159 61 155 150 35 111 72 160 137 214 142 187 18 96 80 154 192 135 
26 80 98 110 127 108 78 144 95 115 70 61 17 65 84 74 90 0 69 139 68 87 76 44 71 128 144 99 93 105 117 47 40 80 103 80 88 129 110 109 70 74 54 92 77 69 97 68 33 25 78 93 125 95 119 87 22 66 65 103 53 
88 61 166 173 175 138 145 173 155 182 125 120 78 26 138 29 22 69 0 179 124 153 119 25 134 144 212 159 62 140 185 115 107 110 160 64 66 197 112 47 74 91 109 141 52 135 135 22 90 51 139 123 193 126 169 23 76 66 133 171 114 
116 131 130 81 25 44 146 29 184 161 180 86 149 156 190 160 195 139 179 0 78 105 200 162 161 61 158 186 143 39 155 121 118 69 61 127 132 155 92 189 109 90 88 202 139 149 220 161 107 136 83 223 126 54 33 182 157 117 116 123 96 
42 100 70 50 62 63 74 92 110 100 103 8 74 109 113 116 145 68 124 78 0 45 122 102 86 92 113 113 116 53 97 44 40 48 37 97 106 103 95 152 77 63 16 125 104 75 142 114 37 74 19 145 84 54 53 136 82 81 43 68 18 
66 141 27 33 83 104 44 127 81 58 86 43 84 143 92 151 174 87 153 105 45 0 111 129 63 134 69 83 157 93 54 41 47 93 46 139 147 59 140 187 119 107 55 105 143 50 127 147 66 103 28 135 42 96 74 168 91 121 24 23 43 
90 153 102 143 182 177 72 212 51 97 26 114 61 129 29 138 135 76 119 200 122 111 0 101 50 200 134 55 164 171 104 80 83 151 149 153 161 118 186 165 145 149 114 25 149 62 22 130 99 97 121 25 132 165 173 141 55 141 90 113 104 
64 60 141 149 156 123 121 160 133 158 104 97 55 30 117 38 46 44 25 162 102 129 101 0 111 134 188 137 66 124 160 90 83 94 138 61 67 173 106 68 64 79 87 122 53 111 119 30 67 29 116 109 168 111 149 44 53 56 109 147 91 
69 148 52 96 141 147 22 178 27 52 25 79 57 135 30 144 154 71 134 161 86 63 50 111 0 174 88 31 162 139 57 44 51 126 105 147 156 72 168 178 133 131 83 42 147 13 65 138 77 95 79 75 83 136 132 155 59 132 46 63 70 
111 86 160 122 76 31 165 38 200 191 186 97 141 118 199 119 156 128 144 61 92 134 200 134 174 0 198 203 95 43 187 131 124 50 98 82 84 191 37 142 70 56 91 210 95 164 221 123 102 114 107 220 166 39 79 140 149 79 134 155 105 
129 208 48 78 134 167 70 184 86 38 110 111 136 206 107 215 233 144 212 158 113 69 134 188 88 198 0 84 224 155 31 99 107 160 101 206 215 17 207 251 187 175 122 117 210 82 143 210 131 165 95 157 33 162 127 230 141 189 82 46 110 
99 178 64 114 165 175 41 204 5 47 36 107 84 163 26 172 178 99 159 186 113 83 55 137 31 203 84 0 191 166 55 73 81 155 128 177 186 68 198 204 163 161 112 34 176 40 60 165 107 123 104 74 90 165 156 181 84 161 71 75 99 
98 16 177 165 147 100 165 130 187 201 161 115 108 38 176 33 66 93 62 143 116 157 164 66 162 95 224 191 0 107 201 128 119 80 146 19 12 211 59 48 40 58 103 182 16 158 183 40 93 69 134 174 197 92 144 49 111 36 143 179 114 
83 94 119 80 41 13 127 41 163 150 154 60 116 118 165 122 157 105 140 39 53 93 171 124 139 43 155 166 107 0 146 95 90 31 56 90 96 149 61 152 71 52 57 177 101 127 192 123 74 99 66 193 124 16 40 144 124 79 96 114 69 
104 186 28 75 132 157 41 178 56 9 80 93 107 181 77 189 206 117 185 155 97 54 104 160 57 187 31 55 201 146 0 74 83 145 95 184 193 15 191 225 166 157 104 87 187 52 113 184 108 139 81 127 38 149 123 203 111 167 59 33 90 
31 113 52 69 103 103 39 135 70 73 60 36 43 108 70 117 136 47 115 121 44 41 80 90 44 131 99 73 128 95 74 0 9 82 70 111 120 85 126 153 95 89 40 82 114 35 99 112 36 66 42 104 79 93 94 132 51 95 19 57 27 
22 104 60 73 101 98 47 130 77 82 64 32 39 100 76 108 128 40 107 118 40 47 83 83 51 124 107 81 119 90 83 9 0 75 70 103 111 93 118 144 86 81 34 87 105 43 103 103 27 58 42 105 86 86 92 124 47 86 26 65 22 
62 66 118 91 68 30 119 67 152 147 137 52 93 88 150 92 127 80 110 69 48 93 151 94 126 50 160 155 80 31 145 82 75 0 69 62 69 151 47 123 42 23 44 161 72 116 172 93 53 70 66 171 130 17 64 114 101 49 89 116 58 
78 131 70 25 38 68 88 84 126 101 126 43 107 143 134 150 180 103 160 61 37 46 149 138 105 98 101 128 146 56 95 70 70 69 0 127 135 97 113 185 106 90 52 147 136 92 167 148 73 110 29 173 69 65 29 170 116 112 60 63 51 
81 5 159 146 129 84 149 115 173 184 149 97 96 38 163 37 74 80 64 127 97 139 153 61 147 82 206 177 19 90 184 111 103 62 127 0 9 194 49 63 22 40 85 171 13 142 173 42 76 57 116 166 179 75 126 58 100 18 126 161 96 
90 9 168 155 136 88 158 119 181 193 157 105 104 41 171 38 74 88 66 132 106 147 161 67 156 84 215 186 12 96 193 120 111 69 135 9 0 203 49 59 30 47 93 179 15 151 181 44 85 65 124 173 188 80 132 57 108 27 134 170 105 
115 196 35 74 131 161 54 180 70 22 94 101 120 192 91 201 218 129 197 155 103 59 118 173 72 191 17 68 211 149 15 85 93 151 97 194 203 0 198 237 175 165 111 101 197 65 127 196 118 150 86 141 32 154 124 216 125 176 69 36 98 
100 52 164 136 102 51 163 73 194 193 175 98 125 86 189 86 122 110 112 92 95 140 186 106 168 37 207 198 59 61 191 126 118 47 113 49 49 198 0 106 43 38 89 199 61 160 206 90 92 92 113 202 177 49 101 106 132 50 134 162 103 
123 59 204 201 191 146 186 177 200 223 171 149 121 45 184 37 35 109 47 189 152 187 165 68 178 142 251 204 48 152 225 153 144 123 185 63 59 237 106 0 82 101 137 188 51 177 182 42 122 87 169 169 228 137 187 25 120 75 170 208 146 
66 25 141 125 109 66 133 100 159 167 138 77 86 49 152 52 88 70 74 109 77 119 145 64 133 70 187 163 40 71 166 95 86 42 106 22 30 175 43 82 0 20 65 160 31 127 166 54 59 50 95 161 159 56 105 74 91 9 107 141 77 
63 44 131 110 90 47 127 82 157 159 138 65 89 67 152 71 107 74 91 90 63 107 149 79 131 56 175 161 58 52 157 89 81 23 90 40 47 165 38 101 20 0 54 161 50 123 170 72 55 59 82 166 147 37 87 93 96 28 99 130 68 
29 88 77 65 74 64 76 98 109 106 97 13 62 94 109 101 129 54 109 88 16 55 114 87 83 91 122 112 103 57 104 40 34 44 52 85 93 111 89 137 65 54 0 120 91 73 135 99 22 59 32 136 95 53 66 121 70 68 46 77 15 
100 171 91 138 182 184 62 217 32 80 24 118 76 150 13 158 159 92 141 202 125 105 25 122 42 210 117 34 182 177 87 82 87 161 147 171 179 101 199 188 160 161 120 0 167 55 27 151 109 115 120 42 119 173 173 164 72 157 87 102 109 
83 9 163 154 140 96 150 128 172 186 146 103 93 27 160 25 61 77 52 139 104 143 149 53 147 95 210 176 16 101 187 114 105 72 136 13 15 197 61 51 31 50 91 167 0 143 168 30 79 53 122 160 184 86 136 45 96 25 129 165 101 
62 144 42 83 129 136 12 166 36 48 37 68 57 133 42 142 155 69 135 149 75 50 62 111 13 164 82 40 158 127 52 35 43 116 92 142 151 65 160 177 127 123 73 55 143 0 77 136 69 92 67 87 73 126 119 155 61 126 34 52 60 
111 173 116 160 201 198 86 232 58 106 42 134 81 148 38 156 150 97 135 220 142 127 22 119 65 221 143 60 183 192 113 99 103 172 167 173 181 127 206 182 166 170 135 27 168 77 0 148 120 118 140 18 145 186 192 158 75 161 108 127 125 
82 39 163 163 159 119 145 154 160 182 132 110 81 6 146 9 35 68 22 161 114 147 130 30 138 123 210 165 40 123 184 112 103 93 148 42 44 196 90 42 54 72 99 151 30 136 148 0 82 46 130 138 188 108 154 23 81 46 129 167 106 
10 78 84 83 95 79 74 114 103 109 85 31 42 78 98 86 111 33 90 107 37 66 99 67 77 102 131 107 93 74 108 36 27 53 73 76 85 118 92 122 59 55 22 109 79 69 120 82 0 39 50 120 107 67 87 103 51 59 50 87 25 
38 57 117 122 128 100 100 137 119 138 93 69 40 42 107 51 72 25 51 136 74 103 97 29 95 114 165 123 69 99 139 66 58 70 110 57 65 150 92 87 50 59 59 115 53 92 118 46 39 0 88 112 143 87 121 66 44 44 84 122 63 
53 119 54 34 63 77 64 102 101 85 99 20 80 125 108 133 160 78 139 83 19 28 121 116 79 107 95 104 134 66 81 42 42 66 29 116 124 86 113 169 95 82 32 120 122 67 140 130 50 88 0 145 65 69 54 152 88 99 34 50 26 
110 165 126 168 206 198 96 233 72 120 50 137 79 138 51 146 137 93 123 223 145 135 25 109 75 220 157 74 174 193 127 104 105 171 173 166 173 141 202 169 161 166 136 42 160 87 18 138 120 112 145 0 157 186 197 146 71 155 115 137 127 
106 182 32 46 102 136 62 152 90 46 107 83 120 184 108 192 214 125 193 126 84 42 132 168 83 166 33 90 197 124 38 79 86 130 69 179 188 32 177 228 159 147 95 119 184 73 145 188 107 143 65 157 0 131 95 209 126 162 60 23 84 
76 79 122 89 56 13 127 50 162 153 149 59 108 103 162 107 142 95 126 54 54 96 165 111 136 39 162 165 92 16 149 93 86 17 65 75 80 154 49 137 56 37 53 173 86 126 186 108 67 87 69 186 131 0 54 129 116 64 96 119 66 
94 130 98 50 10 51 115 58 153 129 152 61 126 149 161 154 187 119 169 33 53 74 173 149 132 79 127 156 144 40 123 94 92 64 29 126 132 124 101 187 105 87 66 173 136 119 192 154 87 121 54 197 95 54 0 175 135 112 86 90 71 
103 54 183 185 180 139 164 173 176 201 147 132 98 27 160 23 18 87 23 182 136 168 141 44 155 140 230 181 49 144 203 132 124 114 170 58 57 216 106 25 74 93 121 164 45 155 158 23 103 66 152 146 209 129 175 0 97 66 150 188 128 
42 100 96 119 144 129 71 165 80 108 51 75 9 80 66 88 96 22 76 157 82 91 55 53 59 149 141 84 111 124 111 51 47 101 116 100 108 125 132 120 91 96 70 72 96 61 75 81 51 44 88 71 126 116 135 97 0 87 68 104 65 
65 20 142 130 116 74 132 108 157 167 135 80 82 41 149 44 80 66 66 117 81 121 141 56 132 79 189 161 36 79 167 95 86 49 112 18 27 176 50 75 9 28 68 157 25 126 161 46 59 44 99 155 162 64 112 66 87 0 108 144 79 
47 128 35 54 96 105 32 134 68 60 67 38 61 125 75 133 154 65 133 116 43 24 90 109 46 134 82 71 143 96 59 19 26 89 60 126 134 69 134 170 107 99 46 87 129 34 108 129 50 84 34 115 60 96 86 150 68 108 0 39 32 
85 163 12 43 99 125 42 146 74 39 88 66 98 163 90 171 192 103 171 123 68 23 113 147 63 155 46 75 179 114 33 57 65 116 63 161 170 36 162 208 141 130 77 102 165 52 127 167 87 122 50 137 23 119 90 188 104 144 39 0 65 
28 99 64 59 80 77 62 109 96 92 86 11 56 102 97 109 135 53 114 96 18 43 104 91 70 105 110 99 114 69 90 27 22 58 51 96 105 98 103 146 77 68 15 109 101 60 125 106 25 63 26 127 84 66 71 128 65 79 32 65 0 
