30 4
5 6 6 4 
0 112 30 58 92 82 87 113 107 64 97 83 125 82 124 83 94 119 100 106 99 130 45 81 73 85 87 88 36 47 45 60 46 58 70 113 8 107 78 100 80 120 53 71 48 84 60 69 58 106 61 104 47 52 32 79 58 87 94 113 85 
112 0 84 61 173 123 127 26 116 101 196 163 42 147 143 112 64 139 189 197 163 190 90 167 107 39 107 161 146 152 115 116 106 165 103 139 106 153 180 178 188 15 155 137 139 195 136 53 128 164 148 111 156 102 83 190 109 197 192 176 56 
30 84 0 35 112 76 91 84 103 62 118 94 96 95 124 82 69 119 123 123 113 135 30 102 62 57 84 105 65 70 45 66 41 83 58 115 23 105 100 110 106 91 79 74 69 112 67 40 61 109 81 99 76 53 16 108 61 114 120 118 65 
58 61 35 0 115 105 77 71 78 47 152 128 87 90 103 63 75 98 129 157 108 167 59 107 89 51 62 104 88 103 79 59 73 115 85 95 53 136 134 145 137 72 95 107 78 141 101 42 95 141 88 73 98 44 26 133 52 144 132 151 30 
92 173 112 115 0 173 58 185 89 74 147 159 200 31 83 72 179 80 18 165 27 209 136 13 164 162 80 16 70 110 135 58 137 109 161 73 98 194 131 173 119 185 46 157 45 107 144 148 146 188 32 91 66 72 100 83 65 112 36 192 122 
82 123 76 105 173 0 165 107 178 138 95 50 107 164 199 158 65 194 178 86 181 67 47 161 18 85 159 170 107 76 38 139 37 89 22 190 78 31 87 60 104 122 130 26 129 119 36 74 30 42 142 174 115 127 92 131 135 119 168 54 133 
87 127 91 77 58 165 0 144 32 31 172 169 161 28 38 17 151 33 76 186 39 216 120 59 152 127 23 43 88 125 130 27 128 130 148 27 89 192 154 185 148 141 74 157 56 142 146 117 144 192 53 33 92 39 76 123 31 147 90 199 72 
113 26 84 71 185 107 144 0 137 116 188 150 18 161 164 129 43 160 199 186 178 172 82 177 91 29 126 174 148 147 105 129 96 161 88 159 106 134 173 164 183 17 161 123 147 192 125 46 116 148 158 132 159 114 88 191 123 194 200 160 76 
107 116 103 78 89 178 32 137 0 43 198 189 154 59 28 25 152 24 107 210 67 235 131 90 163 124 20 74 115 149 146 51 143 156 159 25 107 207 180 206 175 130 104 174 85 171 165 119 161 209 84 6 121 55 87 153 51 176 122 218 62 
64 101 62 47 74 138 31 116 43 0 157 147 132 47 62 21 120 57 91 168 63 193 92 70 124 97 24 61 77 108 104 18 102 115 120 53 65 166 138 163 136 114 71 132 51 134 123 87 119 167 55 40 84 13 47 118 12 138 99 176 48 
97 196 118 152 147 95 172 188 198 157 0 47 193 156 209 174 152 205 143 22 167 80 107 136 104 161 179 153 85 50 83 147 92 43 105 198 100 90 19 46 29 200 104 71 118 45 65 145 73 74 126 196 83 145 127 69 148 41 123 70 180 
83 163 94 128 159 50 169 150 189 147 47 0 153 160 206 166 111 201 160 37 174 50 74 147 62 125 170 161 90 50 50 142 58 55 63 195 83 46 43 17 62 164 114 28 121 80 28 111 36 33 132 187 94 135 107 98 141 77 145 34 158 
125 42 96 87 200 107 161 18 154 132 193 153 0 177 181 146 43 177 214 189 194 171 90 192 92 40 143 190 160 155 112 145 103 170 90 176 118 133 180 166 191 29 174 126 161 202 130 57 121 147 172 149 171 130 102 202 139 203 214 159 93 
82 147 95 90 31 164 28 161 59 47 156 160 177 0 57 42 161 54 49 172 19 209 122 32 153 140 49 16 73 113 127 32 128 115 150 47 87 189 139 175 130 160 53 152 40 122 140 128 140 186 31 61 74 48 82 101 39 127 63 192 94 
124 143 124 103 83 199 38 164 28 62 209 206 181 57 0 42 178 6 99 224 57 253 153 88 186 151 42 69 125 163 165 64 163 167 181 12 125 228 191 222 184 157 109 193 93 178 183 145 180 228 87 33 128 73 108 157 66 183 118 236 89 
83 112 82 63 72 158 17 129 25 21 174 166 146 42 42 0 138 37 90 186 55 212 111 71 144 113 8 58 91 125 124 27 122 132 140 33 84 186 155 182 151 125 81 152 62 147 142 105 139 187 61 24 97 32 67 130 26 152 102 195 56 
94 64 69 75 179 65 151 43 152 120 152 111 43 161 178 138 0 173 191 147 179 130 53 170 50 30 137 171 129 117 72 130 63 131 48 170 87 92 139 124 152 59 146 84 137 164 88 34 79 106 149 147 139 115 80 167 124 165 187 118 94 
119 139 119 98 80 194 33 160 24 57 205 201 177 54 6 37 173 0 97 219 55 248 148 85 181 146 37 66 121 158 160 60 158 163 176 8 120 223 187 217 180 153 105 188 88 174 178 140 175 223 83 29 124 68 103 153 61 179 115 231 85 
100 189 123 129 18 178 76 199 107 91 143 160 214 49 99 90 191 97 0 162 43 209 144 22 172 175 98 34 73 111 141 74 145 107 169 91 106 197 128 172 114 200 49 161 54 100 148 161 150 190 42 109 67 88 113 75 81 105 22 193 139 
106 197 123 157 165 86 186 186 210 168 22 37 189 172 224 186 147 219 162 0 184 59 107 154 98 160 191 170 100 61 83 160 91 58 100 212 108 75 35 29 50 199 121 64 133 67 61 145 70 58 142 208 100 156 134 90 160 63 143 51 186 
99 163 113 108 27 181 39 178 67 63 167 174 194 19 57 55 179 55 43 184 0 223 140 34 171 158 61 15 86 126 144 50 145 127 167 48 104 205 151 189 140 176 64 168 54 130 156 146 156 202 43 69 85 65 100 107 56 135 62 207 109 
130 190 135 167 209 67 216 172 235 193 80 50 171 209 253 212 130 248 209 59 223 0 109 196 84 152 215 210 139 99 90 189 95 103 88 242 129 39 86 38 104 188 163 62 170 122 71 141 74 27 181 231 143 181 150 143 187 119 193 17 196 
45 90 30 59 136 47 120 82 131 92 107 74 90 122 153 111 53 148 144 107 140 109 0 125 33 55 113 130 78 66 25 94 17 81 29 144 39 77 92 89 102 94 98 50 92 113 47 38 39 83 105 128 88 82 45 115 90 114 138 93 88 
81 167 102 107 13 161 59 177 90 70 136 147 192 32 88 71 170 85 22 154 34 196 125 0 153 153 79 20 58 98 123 53 126 97 150 78 87 182 120 161 108 178 34 145 34 97 132 139 134 176 21 92 54 66 91 73 59 102 32 180 117 
73 107 62 89 164 18 152 91 163 124 104 62 92 153 186 144 50 181 172 98 171 84 33 153 0 68 145 160 101 77 33 126 28 90 5 176 68 48 93 74 108 106 124 35 120 123 41 57 32 58 133 159 110 114 78 131 122 123 163 70 116 
85 39 57 51 162 85 127 29 124 97 161 125 40 140 151 113 30 146 175 160 158 152 55 153 68 0 111 152 121 119 78 108 70 133 65 144 78 115 146 140 155 40 134 99 122 164 99 18 90 126 133 120 132 93 63 163 102 166 174 138 65 
87 107 84 62 80 159 23 126 20 24 179 170 143 49 42 8 137 37 98 191 61 215 113 79 145 111 0 65 97 130 126 34 124 137 141 34 88 188 161 186 157 121 88 155 69 154 145 104 142 190 69 18 103 35 68 137 32 158 110 198 52 
88 161 105 104 16 170 43 174 74 61 153 161 190 16 69 58 171 66 34 170 15 210 130 20 160 152 65 0 72 113 132 46 134 113 157 59 93 193 136 175 126 174 49 156 42 116 144 139 144 189 30 76 71 61 92 93 52 121 50 194 109 
36 146 65 88 70 107 88 148 115 77 85 90 160 73 125 91 129 121 73 100 86 139 78 58 101 121 97 72 0 41 70 65 75 43 99 114 43 125 67 104 60 155 25 88 34 58 75 104 78 119 43 114 11 66 63 46 66 62 62 123 111 
47 152 70 103 110 76 125 147 149 108 50 50 155 113 163 125 117 158 111 61 126 99 66 98 77 119 130 113 41 0 47 99 55 15 76 152 51 89 32 63 37 157 65 54 73 47 41 102 47 80 84 147 45 96 78 55 99 48 96 83 131 
45 115 45 79 135 38 130 105 146 104 83 50 112 127 165 124 72 160 141 83 144 90 25 123 33 78 126 132 70 47 0 103 9 61 31 155 41 63 69 66 81 117 93 29 91 93 23 62 17 64 104 142 78 93 60 100 100 94 131 73 108 
60 116 66 59 58 139 27 129 51 18 147 142 145 32 64 27 130 60 74 160 50 189 94 53 126 108 34 46 65 99 103 0 102 105 123 54 62 166 129 158 124 128 55 130 36 121 120 97 118 165 38 50 70 16 51 104 7 125 82 172 65 
46 106 41 73 137 37 128 96 143 102 92 58 103 128 163 122 63 158 145 91 145 95 17 126 28 70 124 134 75 55 9 102 0 69 25 153 42 65 77 73 90 109 97 34 94 102 31 54 23 68 107 139 84 91 56 107 98 102 136 78 103 
58 165 83 115 109 89 130 161 156 115 43 55 170 115 167 132 131 163 107 58 127 103 81 97 90 133 137 113 43 15 61 105 69 0 90 156 62 98 24 66 23 171 64 65 76 33 53 116 60 87 85 155 43 104 89 44 106 34 90 88 142 
70 103 58 85 161 22 148 88 159 120 105 63 90 150 181 140 48 176 169 100 167 88 29 150 5 65 141 157 99 76 31 123 25 90 0 172 64 52 93 76 108 103 121 36 117 122 41 53 33 62 130 155 108 110 74 130 118 122 160 73 112 
113 139 115 95 73 190 27 159 25 53 198 195 176 47 12 33 170 8 91 212 48 242 144 78 176 144 34 59 114 152 155 54 153 156 172 0 115 218 180 211 173 152 98 183 82 167 172 137 170 218 76 29 117 63 99 146 56 172 108 225 84 
8 106 23 53 98 78 89 106 107 65 100 83 118 87 125 84 87 120 106 108 104 129 39 87 68 78 88 93 43 51 41 62 42 62 64 115 0 104 82 100 85 113 60 69 54 90 59 61 56 104 67 104 54 53 28 86 59 93 101 112 81 
107 153 105 136 194 31 192 134 207 166 90 46 133 189 228 186 92 223 197 75 205 39 77 182 48 115 188 193 125 89 63 166 65 98 52 218 104 0 88 47 107 150 149 38 152 124 50 105 49 18 164 203 132 155 121 141 162 123 184 29 164 
78 180 100 134 131 87 154 173 180 138 19 43 180 139 191 155 139 187 128 35 151 86 92 120 93 146 161 136 67 32 69 129 77 24 93 180 82 88 0 49 20 184 88 62 100 38 53 129 61 74 108 178 66 126 109 58 129 35 110 73 162 
100 178 110 145 173 60 185 164 206 163 46 17 166 175 222 182 124 217 172 29 189 38 89 161 74 140 186 175 104 63 66 158 73 66 76 211 100 47 49 0 68 178 128 42 135 86 44 126 51 30 146 203 107 151 124 106 157 83 156 25 174 
80 188 106 137 119 104 148 183 175 136 29 62 191 130 184 151 152 180 114 50 140 104 102 108 108 155 157 126 60 37 81 124 90 23 108 173 85 107 20 68 0 193 77 79 92 19 69 138 77 93 99 174 57 124 112 41 126 16 95 92 164 
120 15 91 72 185 122 141 17 130 114 200 164 29 160 157 125 59 153 200 199 176 188 94 178 106 40 121 174 155 157 117 128 109 171 103 152 113 150 184 178 193 0 165 137 150 202 138 56 129 163 159 125 165 114 92 199 122 204 203 175 70 
53 155 79 95 46 130 74 161 104 71 104 114 174 53 109 81 146 105 49 121 64 163 98 34 124 134 88 49 25 65 93 55 97 64 121 98 60 149 88 128 77 165 0 113 20 69 100 119 102 143 22 104 22 62 73 50 59 74 41 147 112 
71 137 74 107 157 26 157 123 174 132 71 28 126 152 193 152 84 188 161 64 168 62 50 145 35 99 155 156 88 54 29 130 34 65 36 183 69 38 62 42 79 137 113 0 115 95 14 85 13 36 127 171 95 121 89 108 127 94 148 45 136 
48 139 69 78 45 129 56 147 85 51 118 121 161 40 93 62 137 88 54 133 54 170 92 34 120 122 69 42 34 73 91 36 94 76 117 82 54 152 100 135 92 150 20 115 0 87 102 107 103 148 14 85 36 43 60 69 40 91 54 153 94 
84 195 112 141 107 119 142 192 171 134 45 80 202 122 178 147 164 174 100 67 130 122 113 97 123 164 154 116 58 47 93 121 102 33 122 167 90 124 38 86 19 202 69 95 87 0 84 147 91 111 91 170 51 123 116 25 123 6 80 110 166 
60 136 67 101 144 36 146 125 165 123 65 28 130 140 183 142 88 178 148 61 156 71 47 132 41 99 145 144 75 41 23 120 31 53 41 172 59 50 53 44 69 138 100 14 102 84 0 84 9 46 115 162 82 111 81 96 117 83 135 54 130 
69 53 40 42 148 74 117 46 119 87 145 111 57 128 145 105 34 140 161 145 146 141 38 139 57 18 104 139 104 102 62 97 54 116 53 137 61 105 129 126 138 56 119 85 107 147 84 0 76 115 119 115 115 82 48 146 91 149 159 126 64 
58 128 61 95 146 30 144 116 161 119 73 36 121 140 180 139 79 175 150 70 156 74 39 134 32 90 142 144 78 47 17 118 23 60 33 170 56 49 61 51 77 129 102 13 103 91 9 76 0 49 116 158 86 108 76 102 115 91 139 57 124 
106 164 109 141 188 42 192 148 209 167 74 33 147 186 228 187 106 223 190 58 202 27 83 176 58 126 190 189 119 80 64 165 68 87 62 218 104 18 74 30 93 163 143 36 148 111 46 115 49 0 160 206 124 156 124 130 163 109 176 13 170 
61 148 81 88 32 142 53 158 84 55 126 132 172 31 87 61 149 83 42 142 43 181 105 21 133 133 69 30 43 84 104 38 107 85 130 76 67 164 108 146 99 159 22 127 14 91 115 119 116 160 0 84 43 49 71 71 44 96 45 165 101 
104 111 99 73 91 174 33 132 6 40 196 187 149 61 33 24 147 29 109 208 69 231 128 92 159 120 18 76 114 147 142 50 139 155 155 29 104 203 178 203 174 125 104 171 85 170 162 115 158 206 84 0 120 52 83 153 49 175 123 215 57 
47 156 76 98 66 115 92 159 121 84 83 94 171 74 128 97 139 124 67 100 85 143 88 54 110 132 103 71 11 45 78 70 84 43 108 117 54 132 66 107 57 165 22 95 36 51 82 115 86 124 43 120 0 73 74 36 73 56 54 127 120 
52 102 53 44 72 127 39 114 55 13 145 135 130 48 73 32 115 68 88 156 65 181 82 66 114 93 35 61 66 96 93 16 91 104 110 63 53 155 126 151 124 114 62 121 43 123 111 82 108 156 49 52 73 0 38 108 10 127 93 164 53 
32 83 16 26 100 92 76 88 87 47 127 107 102 82 108 67 80 103 113 134 100 150 45 91 78 63 68 92 63 78 60 51 56 89 74 99 28 121 109 124 112 92 73 89 60 116 81 48 76 124 71 83 74 38 0 108 46 119 112 133 54 
79 190 108 133 83 131 123 191 153 118 69 98 202 101 157 130 167 153 75 90 107 143 115 73 131 163 137 93 46 55 100 104 107 44 130 146 86 141 58 106 41 199 50 108 69 25 96 146 102 130 71 153 36 108 108 0 107 30 55 129 156 
58 109 61 52 65 135 31 123 51 12 148 141 139 39 66 26 124 61 81 160 56 187 90 59 122 102 32 52 66 99 100 7 98 106 118 56 59 162 129 157 126 122 59 127 40 123 117 91 115 163 44 49 73 10 46 107 0 127 88 170 58 
87 197 114 144 112 119 147 194 176 138 41 77 203 127 183 152 165 179 105 63 135 119 114 102 123 166 158 121 62 48 94 125 102 34 122 172 93 123 35 83 16 204 74 94 91 6 83 149 91 109 96 175 56 127 119 30 127 0 85 107 170 
94 192 120 132 36 168 90 200 122 99 123 145 214 63 118 102 187 115 22 143 62 193 138 32 163 174 110 50 62 96 131 82 136 90 160 108 101 184 110 156 95 203 41 148 54 80 135 159 139 176 45 123 54 93 112 55 88 85 0 178 145 
113 176 118 151 192 54 199 160 218 176 70 34 159 192 236 195 118 231 193 51 207 17 93 180 70 138 198 194 123 83 73 172 78 88 73 225 112 29 73 25 92 175 147 45 153 110 54 126 57 13 165 215 127 164 133 129 170 107 178 0 180 
85 56 65 30 122 133 72 76 62 48 180 158 93 94 89 56 94 85 139 186 109 196 88 117 116 65 52 109 111 131 108 65 103 142 112 84 81 164 162 174 164 70 112 136 94 166 130 64 124 170 101 57 120 53 54 156 58 170 145 180 0 
