30 10
3 2 3 2 3 3 1 3 3 1 
0 52 94 83 86 109 111 110 110 100 107 74 104 77 50 99 24 100 18 70 22 113 72 88 100 47 32 71 94 42 89 62 59 62 118 62 70 41 58 66 25 74 92 112 54 17 60 92 61 86 84 68 100 31 62 99 82 109 84 63 68 
52 0 66 65 138 147 69 81 147 53 99 119 145 65 81 55 54 144 69 102 59 143 122 109 79 48 45 35 49 12 132 22 100 32 106 72 89 84 84 118 76 60 144 85 22 52 99 139 45 121 104 59 150 83 32 86 31 155 112 109 65 
94 66 0 129 170 140 118 16 203 96 46 168 142 27 139 34 110 148 103 160 112 203 143 86 16 51 105 31 100 74 135 45 109 37 47 136 74 101 80 146 115 126 177 144 88 104 153 148 111 114 82 125 188 119 97 150 62 163 99 124 40 
83 65 129 0 150 191 50 143 121 58 163 113 186 129 68 110 64 181 99 80 70 107 148 164 142 108 52 99 46 61 171 85 141 96 171 40 145 124 136 138 98 10 153 30 43 69 87 172 23 168 160 18 154 105 33 22 75 188 164 144 127 
86 138 170 150 0 91 190 184 84 183 164 47 82 146 84 182 90 68 71 82 85 103 35 118 170 120 104 153 175 127 69 146 70 144 176 112 111 71 98 25 62 140 9 179 136 89 68 56 134 90 117 133 22 55 141 157 168 62 103 55 133 
109 147 140 191 91 0 215 149 170 200 111 128 10 114 143 166 129 24 93 153 124 186 60 57 132 104 140 140 196 142 25 142 50 133 122 165 68 68 66 75 98 182 98 220 158 123 138 36 170 28 59 176 111 93 168 207 171 37 42 51 102 
111 69 118 50 190 215 0 127 170 23 160 158 212 127 113 89 100 209 129 128 106 156 182 177 133 116 86 92 20 73 197 82 166 94 164 87 157 149 152 175 132 57 194 38 58 102 133 203 57 189 172 63 197 139 50 61 57 219 181 173 130 
110 81 16 143 184 149 127 0 219 105 46 183 152 40 155 40 125 159 118 176 128 219 156 94 18 66 121 46 111 89 146 60 122 52 43 151 84 115 92 160 131 140 192 156 102 120 169 160 125 124 91 139 202 135 111 164 72 174 108 137 53 
110 147 203 121 84 170 170 219 0 173 214 43 161 186 66 201 94 149 107 45 92 24 111 181 209 156 102 176 162 136 147 164 135 168 225 84 169 125 154 96 94 114 80 144 133 100 50 136 117 162 179 108 70 93 132 117 174 145 170 124 176 
100 53 96 58 183 200 23 105 173 0 138 156 197 107 112 66 94 196 118 130 99 162 172 159 111 98 80 71 12 60 184 62 153 74 142 90 140 136 136 166 123 62 188 57 48 94 132 191 57 173 154 67 193 130 44 74 35 207 164 161 111 
107 99 46 163 164 111 160 46 214 138 0 174 116 35 156 79 128 125 108 176 128 219 131 56 31 61 128 69 141 104 113 81 95 69 13 161 53 95 66 139 121 158 172 183 121 121 166 129 143 89 54 156 184 123 131 184 104 141 72 111 40 
74 119 168 113 47 128 158 183 43 156 174 0 120 148 46 171 66 108 67 37 61 59 69 139 172 119 78 144 146 108 104 134 92 135 186 73 127 83 113 54 54 104 47 141 111 69 26 96 102 119 137 97 43 52 113 117 149 106 127 81 138 
104 145 142 186 82 10 212 152 161 197 116 120 0 115 136 167 123 15 88 145 119 178 51 61 135 103 135 140 193 139 17 141 46 133 127 159 69 63 66 66 92 177 88 215 155 118 130 26 165 29 63 171 102 86 164 201 170 29 45 44 103 
77 65 27 129 146 114 127 40 186 107 35 148 115 0 125 55 96 121 82 146 97 189 117 61 25 30 95 36 108 69 108 47 83 35 43 128 47 76 53 121 95 123 154 149 86 89 137 122 108 87 57 121 164 98 97 150 72 136 72 98 14 
50 81 139 68 84 143 113 155 66 112 156 46 136 125 0 135 30 127 56 22 29 64 90 135 147 96 37 111 101 70 120 99 97 104 167 29 118 81 105 77 47 58 86 96 68 37 21 117 56 126 132 51 87 51 69 74 109 131 128 93 117 
99 55 34 110 182 166 89 40 201 66 79 171 167 55 135 0 107 170 112 156 111 197 159 115 49 66 99 30 73 65 157 38 129 39 80 126 100 117 102 159 122 108 189 120 73 103 152 169 95 139 111 109 197 128 80 130 36 185 125 142 65 
24 54 110 64 90 129 100 125 94 94 128 66 123 96 30 107 0 117 36 51 6 94 85 111 117 67 14 82 85 43 107 70 80 74 138 39 93 62 81 76 34 55 95 94 47 8 45 109 45 108 107 48 99 41 51 79 84 124 107 81 88 
100 144 148 181 68 24 209 159 149 196 125 108 15 121 127 170 117 0 83 135 112 166 40 70 142 106 130 143 191 137 14 142 44 135 136 152 75 61 69 55 85 171 74 210 152 112 119 13 160 37 72 165 88 79 161 195 170 17 54 37 108 
18 69 103 99 71 93 129 118 107 118 108 67 88 82 56 112 36 83 0 72 32 114 54 80 106 53 48 83 111 60 72 76 44 74 120 73 64 27 50 50 13 90 78 128 72 30 59 75 78 72 77 83 86 17 80 114 99 91 73 46 71 
70 102 160 80 82 153 128 176 45 130 176 37 145 146 22 156 51 135 72 0 49 44 96 151 168 116 58 132 119 91 129 120 109 125 187 41 135 95 121 82 61 72 82 107 88 57 16 123 74 138 148 65 79 63 87 82 129 136 142 103 137 
22 59 112 70 85 124 106 128 92 99 128 61 119 97 29 111 6 112 32 49 0 92 79 109 119 67 20 85 91 48 103 74 75 77 138 42 91 58 79 70 29 60 89 99 52 9 42 103 51 104 105 53 94 35 57 83 89 119 104 76 89 
113 143 203 107 103 186 156 219 24 162 219 59 178 189 64 197 94 166 114 44 92 0 127 192 211 159 99 174 151 132 162 162 147 167 230 74 177 135 163 112 102 101 100 127 126 100 55 154 108 175 189 96 92 103 123 100 167 164 182 138 180 
72 122 143 148 35 60 182 156 111 172 131 69 51 117 90 159 85 40 54 96 79 127 0 83 141 94 98 130 165 113 36 126 37 121 144 116 79 43 67 16 51 139 43 178 125 81 81 28 129 55 83 132 56 44 133 161 151 41 68 21 104 
88 109 86 164 118 57 177 94 181 159 56 139 61 61 135 115 111 70 80 151 109 192 83 0 77 61 118 92 157 107 59 98 49 87 67 149 20 57 31 94 91 157 126 190 125 104 138 75 142 34 5 152 139 90 136 183 126 86 17 63 51 
100 79 16 142 170 132 133 18 209 111 31 172 135 25 147 49 117 142 106 168 119 211 141 77 0 54 114 44 115 85 129 58 106 47 32 146 67 100 76 146 119 138 178 159 100 111 159 144 123 107 74 137 189 122 110 163 77 158 91 121 37 
47 48 51 108 120 104 116 66 156 98 61 119 103 30 96 66 67 106 53 116 67 159 94 61 54 0 67 38 97 48 93 39 63 30 72 101 42 52 39 96 65 101 127 131 66 60 107 104 86 77 56 97 137 69 77 128 68 119 66 76 22 
32 45 105 52 104 140 86 121 102 80 128 78 135 95 37 99 14 130 48 58 20 99 98 118 114 67 0 76 71 34 119 63 90 69 137 34 99 72 88 90 47 43 109 81 34 18 55 121 32 117 114 37 113 54 37 68 73 137 115 93 89 
71 35 31 99 153 140 92 46 176 71 69 144 140 36 111 30 82 143 83 132 85 174 130 92 44 38 76 0 73 44 130 14 100 10 74 106 75 88 75 130 94 95 160 115 57 77 127 141 80 113 88 94 168 99 66 120 37 157 100 113 42 
94 49 100 46 175 196 20 111 162 12 141 146 193 108 101 73 85 191 111 119 91 151 165 157 115 97 71 73 0 54 179 62 148 74 146 79 138 131 133 158 115 50 180 47 40 86 122 185 46 170 153 55 183 122 34 63 39 201 161 155 111 
42 12 74 61 127 142 73 89 136 60 104 108 139 69 70 65 43 137 60 91 48 132 113 107 85 48 34 44 54 0 125 30 94 38 112 63 87 77 80 108 66 55 133 84 19 41 88 131 40 116 102 53 139 73 30 81 42 148 109 102 67 
89 132 135 171 69 25 197 146 147 184 113 104 17 108 120 157 107 14 72 129 103 162 36 59 129 93 119 130 179 125 0 130 32 122 125 143 63 49 56 51 75 161 76 200 140 102 114 17 150 26 60 155 90 70 150 185 158 29 42 28 95 
62 22 45 85 146 142 82 60 164 62 81 134 141 47 99 38 70 142 76 120 74 162 126 98 58 39 63 14 62 30 130 0 99 13 87 92 79 85 77 124 86 81 153 103 43 66 115 139 66 115 93 80 161 92 53 106 30 155 104 110 50 
59 100 109 141 70 50 166 122 135 153 95 92 46 83 97 129 80 44 44 109 75 147 37 49 106 63 90 100 148 94 32 99 0 92 107 117 42 18 31 46 51 132 78 170 110 74 95 41 120 30 47 126 91 47 119 157 127 57 35 16 70 
62 32 37 96 144 133 94 52 168 74 69 135 133 35 104 39 74 135 74 125 77 167 121 87 47 30 69 10 74 38 122 13 92 0 75 100 69 79 68 121 85 91 151 115 53 69 119 132 76 106 82 90 159 90 64 117 40 148 94 104 38 
118 106 47 171 176 122 164 43 225 142 13 186 127 43 167 80 138 136 120 187 138 230 144 67 32 72 137 74 146 112 125 87 107 75 0 170 65 107 78 151 132 166 184 189 128 131 177 140 150 100 65 164 196 134 138 192 108 152 83 123 50 
62 72 136 40 112 165 87 151 84 90 161 73 159 128 29 126 39 152 73 41 42 74 116 149 146 101 34 106 79 63 143 92 117 100 170 0 131 99 119 104 68 31 115 68 54 46 48 142 34 145 145 25 115 74 50 46 94 157 145 116 122 
70 89 74 145 111 68 157 84 169 140 53 127 69 47 118 100 93 75 64 135 91 177 79 20 67 42 99 75 138 87 63 79 42 69 65 131 0 44 15 87 76 137 120 170 105 86 123 78 123 41 16 133 132 76 116 164 108 91 26 58 35 
41 84 101 124 71 68 149 115 125 136 95 83 63 76 81 117 62 61 27 95 58 135 43 57 100 52 72 88 131 77 49 85 18 79 107 99 44 0 30 46 35 114 79 152 92 56 81 55 102 46 54 108 90 33 101 140 112 72 48 26 63 
58 84 80 136 98 66 152 92 154 136 66 113 66 53 105 102 81 69 50 121 79 163 67 31 76 39 88 75 133 80 56 77 31 68 78 119 15 30 0 74 62 127 107 162 98 74 109 69 113 39 27 123 119 62 108 154 106 84 29 46 40 
66 118 146 138 25 75 175 160 96 166 139 54 66 121 77 159 76 55 50 82 70 112 16 94 146 96 90 130 158 108 51 124 46 121 151 104 87 46 74 0 44 129 33 168 119 73 66 43 120 68 93 122 45 36 125 149 148 55 80 32 109 
25 76 115 98 62 98 132 131 94 123 121 54 92 95 47 122 34 85 13 61 29 102 51 91 119 65 47 94 115 66 75 86 51 85 132 68 76 35 62 44 0 88 68 127 76 30 47 75 78 80 88 81 76 8 82 111 106 91 82 48 84 
74 60 126 10 140 182 57 140 114 62 158 104 177 123 58 108 55 171 90 72 60 101 139 157 138 101 43 95 50 55 161 81 132 91 166 31 137 114 127 129 88 0 143 40 39 60 78 163 16 159 152 8 144 95 29 28 74 178 155 134 121 
92 144 177 153 9 98 194 192 80 188 172 47 88 154 86 189 95 74 78 82 89 100 43 126 178 127 109 160 180 133 76 153 78 151 184 115 120 79 107 33 68 143 0 182 141 95 69 62 138 97 125 136 14 62 146 160 174 67 110 63 141 
112 85 144 30 179 220 38 156 144 57 183 141 215 149 96 120 94 210 128 107 99 127 178 190 159 131 81 115 47 84 200 103 170 115 189 68 170 152 162 168 127 40 182 0 66 98 115 202 51 196 186 47 182 134 55 28 85 218 191 173 149 
54 22 88 43 136 158 58 102 133 48 121 111 155 86 68 73 47 152 72 88 52 126 125 125 100 66 34 57 40 19 140 43 110 53 128 54 105 92 98 119 76 39 141 66 0 47 88 146 24 133 121 38 146 83 12 64 42 162 126 116 85 
17 52 104 69 89 123 102 120 100 94 121 69 118 89 37 103 8 112 30 57 9 100 81 104 111 60 18 77 86 41 102 66 74 69 131 46 86 56 74 73 30 60 95 98 47 0 50 104 49 101 100 53 100 38 53 84 82 120 100 75 81 
60 99 153 87 68 138 133 169 50 132 166 26 130 137 21 152 45 119 59 16 42 55 81 138 159 107 55 127 122 88 114 115 95 119 177 48 123 81 109 66 47 78 69 115 88 50 0 108 77 123 135 71 68 49 89 92 127 121 128 88 127 
92 139 148 172 56 36 203 160 136 191 129 96 26 122 117 169 109 13 75 123 103 154 28 75 144 104 121 141 185 131 17 139 41 132 140 142 78 55 69 43 75 163 62 202 146 104 108 0 152 42 76 156 76 69 154 186 166 17 59 30 109 
61 45 111 23 134 170 57 125 117 57 143 102 165 108 56 95 45 160 78 74 51 108 129 142 123 86 32 80 46 40 150 66 120 76 150 34 123 102 113 120 78 16 138 51 24 49 77 152 0 146 138 15 140 85 16 43 62 168 141 123 105 
86 121 114 168 90 28 189 124 162 173 89 119 29 87 126 139 108 37 72 138 104 175 55 34 107 77 117 113 170 116 26 115 30 106 100 145 41 46 39 68 80 159 97 196 133 101 123 42 146 0 36 153 111 76 143 185 144 53 18 38 75 
84 104 82 160 117 59 172 91 179 154 54 137 63 57 132 111 107 72 77 148 105 189 83 5 74 56 114 88 153 102 60 93 47 82 65 145 16 54 27 93 88 152 125 186 121 100 135 76 138 36 0 148 138 87 131 179 122 88 19 62 46 
68 59 125 18 133 176 63 139 108 67 156 97 171 121 51 109 48 165 83 65 53 96 132 152 137 97 37 94 55 53 155 80 126 90 164 25 133 108 123 122 81 8 136 47 38 53 71 156 15 153 148 0 137 88 30 32 76 172 150 128 118 
100 150 188 154 22 111 197 202 70 193 184 43 102 164 87 197 99 88 86 79 94 92 56 139 189 137 113 168 183 139 90 161 91 159 196 115 132 90 119 45 76 144 14 182 146 100 68 76 140 111 138 137 0 70 149 159 180 80 124 76 152 
31 83 119 105 55 93 139 135 93 130 123 52 86 98 51 128 41 79 17 63 35 103 44 90 122 69 54 99 122 73 70 92 47 90 134 74 76 33 62 36 8 95 62 134 83 38 49 69 85 76 87 88 70 0 90 117 113 84 80 43 87 
62 32 97 33 141 168 50 111 132 44 131 113 164 97 69 80 51 161 80 87 57 123 133 136 110 77 37 66 34 30 150 53 119 64 138 50 116 101 108 125 82 29 146 55 12 53 89 154 16 143 131 30 149 90 0 54 46 170 137 124 96 
99 86 150 22 157 207 61 164 117 74 184 117 201 150 74 130 79 195 114 82 83 100 161 183 163 128 68 120 63 81 185 106 157 117 192 46 164 140 154 149 111 28 160 28 64 84 92 186 43 185 179 32 159 117 54 0 95 201 182 158 147 
82 31 62 75 168 171 57 72 174 35 104 149 170 72 109 36 84 170 99 129 89 167 151 126 77 68 73 37 39 42 158 30 127 40 108 94 108 112 106 148 106 74 174 85 42 82 127 166 62 144 122 76 180 113 46 95 0 183 133 137 77 
109 155 163 188 62 37 219 174 145 207 141 106 29 136 131 185 124 17 91 136 119 164 41 86 158 119 137 157 201 148 29 155 57 148 152 157 91 72 84 55 91 178 67 218 162 120 121 17 168 53 88 172 80 84 170 201 183 0 70 47 123 
84 112 99 164 103 42 181 108 170 164 72 127 45 72 128 125 107 54 73 142 104 182 68 17 91 66 115 100 161 109 42 104 35 94 83 145 26 48 29 80 82 155 110 191 126 100 128 59 141 18 19 150 124 80 137 182 133 70 0 49 61 
63 109 124 144 55 51 173 137 124 161 111 81 44 98 93 142 81 37 46 103 76 138 21 63 121 76 93 113 155 102 28 110 16 104 123 116 58 26 46 32 48 134 63 173 116 75 88 30 123 38 62 128 76 43 124 158 137 47 49 0 85 
68 65 40 127 133 102 130 53 176 111 40 138 103 14 117 65 88 108 71 137 89 180 104 51 37 22 89 42 111 67 95 50 70 38 50 122 35 63 40 109 84 121 141 149 85 81 127 109 105 75 46 118 152 87 96 147 77 123 61 85 0 
