50 15
2 1 1 1 1 2 1 1 1 3 3 3 1 2 1 
0 117 87 27 82 73 100 46 76 82 46 100 99 64 89 68 35 102 67 26 95 47 65 41 88 12 79 115 81 111 77 103 72 25 53 41 102 90 130 46 77 100 69 22 87 78 78 91 95 85 100 56 67 70 92 99 78 84 89 100 65 90 107 99 59 86 98 82 50 128 79 63 44 54 70 60 24 93 114 92 129 92 30 67 136 112 73 60 95 101 55 37 51 28 96 42 99 94 90 66 57 
117 0 183 124 135 53 45 115 174 136 121 143 173 168 98 138 104 27 182 107 27 131 172 99 58 111 111 174 138 226 168 143 168 92 112 101 216 176 30 162 124 175 84 139 193 171 148 186 88 169 83 166 181 54 34 160 172 195 202 133 53 169 179 27 110 127 22 73 89 22 149 156 81 146 142 109 99 162 12 25 162 202 110 114 171 136 154 116 190 39 171 153 108 145 160 150 101 35 98 182 161 
87 183 0 106 162 152 180 68 129 62 127 73 36 25 175 145 121 176 83 112 168 124 109 127 171 83 164 59 59 73 15 183 128 105 137 82 111 149 204 70 71 164 155 72 24 13 152 5 181 148 125 37 91 149 167 172 133 37 48 83 135 156 41 173 143 75 162 118 136 199 152 27 128 123 145 77 109 43 176 159 93 115 115 151 94 94 33 70 9 153 77 70 136 71 169 99 185 170 105 84 31 
27 124 106 0 57 74 98 72 55 108 22 126 123 82 72 42 22 104 62 17 99 21 48 29 83 38 60 140 107 115 99 78 50 38 33 66 93 65 132 48 103 74 58 35 102 99 52 110 81 60 122 72 59 72 95 73 55 95 98 126 74 65 131 102 39 112 107 102 41 131 53 86 44 29 44 85 27 118 124 101 155 78 15 46 162 138 98 86 114 115 53 42 32 37 70 27 82 96 114 61 76 
82 135 162 57 0 83 94 125 60 162 36 180 179 137 43 19 52 109 100 59 109 38 72 51 78 91 26 196 161 157 155 22 55 80 32 116 116 50 130 97 156 43 52 90 154 155 20 165 56 42 163 126 93 84 102 26 56 146 146 178 99 39 188 109 29 164 125 142 53 132 20 142 67 43 20 136 68 174 139 118 209 98 54 23 216 189 154 138 169 142 97 93 36 91 26 67 48 101 160 99 131 
73 53 152 74 83 0 28 90 121 121 68 135 153 133 53 85 52 31 134 58 27 78 120 47 21 71 61 161 122 183 140 94 116 49 59 75 166 123 59 117 111 123 33 95 158 142 96 156 47 116 93 128 132 5 22 108 120 156 162 128 25 116 161 29 58 117 42 74 36 58 97 126 31 93 89 91 51 144 57 35 160 151 59 62 168 135 129 97 160 61 124 108 55 100 108 100 59 23 98 134 126 
100 45 180 98 94 28 0 117 141 147 88 159 179 161 55 100 76 19 160 83 25 98 143 70 17 99 69 187 148 210 168 100 135 77 77 101 189 139 37 143 136 136 45 122 185 169 110 184 43 132 110 155 156 32 20 118 139 184 189 151 49 130 187 22 74 141 47 93 58 39 111 154 57 114 105 117 78 170 54 41 182 173 83 75 191 156 157 123 188 70 150 135 74 127 119 124 56 16 119 159 154 
46 115 68 72 125 90 117 0 119 37 90 55 64 56 124 113 75 110 96 67 102 92 104 78 110 35 119 75 37 121 54 146 116 50 95 16 133 135 137 73 32 145 101 52 80 56 124 71 126 130 67 58 99 86 102 144 121 85 95 55 70 136 72 106 100 40 94 54 83 132 124 42 72 100 115 17 59 55 108 92 84 126 72 108 91 66 41 14 75 86 84 65 92 58 141 83 133 105 51 96 50 
76 174 129 55 60 121 141 119 0 151 54 170 155 105 98 44 71 151 50 70 148 44 21 75 125 88 80 177 149 104 127 75 6 92 64 117 57 22 177 59 149 38 96 69 115 126 41 132 111 24 175 93 42 120 142 54 6 102 99 172 127 32 163 150 68 158 159 156 86 177 41 117 94 29 41 134 81 154 175 152 199 39 66 69 204 184 133 133 135 169 53 61 68 65 50 36 105 143 165 49 102 
82 136 62 108 162 121 147 37 151 0 127 19 39 65 159 149 111 137 120 104 128 129 135 115 142 72 155 41 4 131 48 182 149 86 132 50 155 169 161 99 12 180 136 83 83 51 160 64 161 165 66 73 125 117 130 180 154 93 104 24 99 171 44 133 137 13 116 64 120 155 160 46 107 134 151 31 96 27 127 115 48 153 109 145 54 36 31 26 66 101 109 93 128 87 177 116 169 134 45 120 62 
46 121 127 22 36 68 88 90 54 127 0 145 143 103 53 24 20 98 77 24 95 11 56 23 72 55 39 160 126 132 120 57 48 47 13 81 102 58 124 67 121 61 44 56 123 120 36 131 64 51 133 93 72 67 89 55 52 115 117 143 76 53 152 96 19 129 106 112 32 124 37 107 42 26 27 102 35 138 122 99 173 86 19 25 180 154 118 103 135 119 70 62 15 58 53 40 63 89 127 76 97 
100 143 73 126 180 135 159 55 170 19 145 0 42 80 175 168 129 148 137 122 139 147 153 132 155 90 172 33 21 144 61 200 167 103 150 66 172 187 170 117 25 198 152 102 95 64 178 74 176 183 66 89 143 131 141 199 173 107 118 13 111 189 44 144 154 18 124 70 136 164 179 61 123 153 170 46 113 32 133 125 30 170 127 162 36 21 45 42 75 106 127 111 146 106 196 134 185 145 47 138 78 
99 173 36 123 179 153 179 64 155 39 143 42 0 52 184 164 132 172 114 124 163 143 136 137 173 91 177 24 36 108 29 200 154 111 151 79 145 175 197 97 50 189 162 91 59 31 173 36 188 173 104 65 121 149 164 193 159 73 83 54 132 180 9 168 157 50 152 102 144 192 173 39 133 145 165 65 118 12 164 151 58 147 128 165 58 63 26 58 36 139 106 95 149 93 190 122 194 167 83 115 54 
64 168 25 82 137 133 161 56 105 65 103 80 52 0 152 120 98 159 62 89 151 100 86 104 150 63 141 75 62 68 24 158 105 85 114 68 94 126 187 47 70 140 133 48 26 22 128 29 159 124 120 13 70 130 149 148 109 30 40 88 118 132 60 155 120 76 147 109 114 183 128 20 107 99 121 69 87 54 162 144 104 95 92 127 107 100 36 63 33 141 54 46 113 47 144 75 162 153 101 63 8 
89 98 175 72 43 53 55 124 98 159 53 175 184 152 0 54 55 72 130 64 74 62 106 49 40 94 18 198 159 185 165 46 92 75 41 110 152 91 89 119 151 84 24 105 173 166 61 179 14 84 143 142 124 55 66 65 95 167 169 171 75 81 193 72 35 158 93 124 41 93 62 151 53 74 58 130 67 177 105 86 203 135 61 31 211 180 159 134 183 113 123 114 41 108 66 93 11 64 145 129 145 
68 138 145 42 19 85 100 113 44 149 24 168 164 120 54 0 43 113 82 48 112 22 55 44 84 78 37 182 148 139 139 39 39 71 27 105 100 39 137 79 144 39 56 74 137 139 12 149 67 32 156 109 75 85 105 32 41 128 128 167 97 32 172 112 28 153 126 136 51 138 13 126 63 25 5 125 59 160 141 119 196 82 43 26 203 178 139 126 152 140 79 76 32 74 29 49 61 105 151 81 115 
35 104 121 22 52 52 76 75 71 111 20 129 132 98 55 43 0 83 84 10 79 29 69 7 61 41 45 147 111 136 111 72 65 28 21 64 114 77 110 69 105 81 37 52 119 112 55 125 62 70 113 88 80 51 73 74 70 114 118 127 57 73 141 81 26 113 88 93 19 110 56 98 23 43 47 85 17 126 105 82 158 99 8 34 165 137 107 87 129 100 75 62 18 55 72 48 65 75 108 83 91 
102 27 176 104 109 31 19 110 151 137 98 148 172 159 72 113 83 0 165 88 10 108 151 77 32 98 85 177 138 212 163 116 146 77 88 95 196 152 29 146 126 150 58 124 184 165 123 180 61 144 94 154 162 33 10 134 150 183 190 139 41 144 179 5 86 131 29 80 66 27 124 150 61 123 117 108 81 162 35 25 169 181 90 88 178 143 150 114 184 53 154 138 84 129 134 130 74 9 105 164 151 
67 182 83 62 100 134 160 96 50 120 77 137 114 62 130 82 84 165 0 78 159 69 31 91 145 75 114 137 117 57 85 119 52 91 90 99 38 71 193 24 121 88 119 47 66 84 85 86 141 73 160 50 9 132 155 102 55 53 49 143 131 81 121 162 95 129 163 144 103 191 85 78 104 58 81 112 84 116 180 158 164 34 77 100 168 155 95 108 89 167 13 32 91 41 98 38 139 157 146 2 61 
26 107 112 17 59 58 83 67 70 104 24 122 124 89 64 48 10 88 78 0 83 30 65 16 69 33 54 139 103 129 102 79 65 24 29 58 109 78 116 61 98 84 46 43 110 103 59 116 71 72 110 80 75 55 78 79 70 105 109 120 58 75 132 86 34 106 91 90 27 115 60 89 27 43 51 78 12 118 107 84 150 95 6 42 158 131 98 80 120 100 68 54 26 47 77 43 74 80 104 77 82 
95 27 168 99 109 27 25 102 148 128 95 139 163 151 74 112 79 10 159 83 0 105 147 74 34 91 85 168 129 206 154 118 142 71 86 87 192 150 36 140 117 149 58 117 176 157 122 172 64 143 86 147 157 29 8 134 147 176 183 130 33 142 170 6 84 122 22 71 63 33 123 142 56 120 116 99 76 153 32 17 160 177 85 88 169 134 142 105 175 45 148 131 82 123 134 126 77 11 96 159 144 
47 131 124 21 38 78 98 92 44 129 11 147 143 100 62 22 29 108 69 30 105 0 46 32 83 58 46 161 127 124 118 59 38 53 22 85 92 49 134 61 124 55 55 53 118 118 32 128 73 42 139 89 63 77 99 52 42 110 111 147 85 46 151 107 28 132 116 119 42 134 32 105 51 16 23 105 41 138 132 109 176 76 25 32 182 158 118 106 132 128 63 57 26 54 49 32 71 100 132 68 94 
65 172 109 48 72 120 143 104 21 135 56 153 136 86 106 55 69 151 31 65 147 46 0 74 127 76 89 158 133 86 108 90 22 84 68 104 47 42 178 39 134 58 100 53 94 107 55 112 118 42 164 73 23 119 141 72 25 82 79 156 122 51 144 149 73 142 155 146 86 178 55 98 91 32 52 120 74 136 171 149 181 31 62 76 186 168 115 118 115 162 33 43 71 48 68 24 114 143 152 30 83 
41 99 127 29 51 47 70 78 75 115 23 132 137 104 49 44 7 77 91 16 74 32 74 0 55 46 41 152 115 143 117 69 70 30 19 67 120 80 104 76 108 82 31 58 126 118 56 131 55 73 113 95 87 45 68 73 74 121 124 130 54 74 146 76 22 116 84 93 13 104 57 103 20 47 48 88 20 130 100 78 161 105 14 30 168 139 112 90 135 97 82 69 15 62 72 54 59 69 110 90 97 
88 58 171 83 78 21 17 110 125 142 72 155 173 150 40 84 61 32 145 69 34 83 127 55 0 88 54 182 142 197 159 85 119 66 61 95 174 123 53 129 132 120 29 109 174 160 94 174 31 116 112 144 141 25 27 103 123 171 176 149 45 114 181 33 58 138 54 94 43 55 95 145 44 98 88 112 65 164 65 48 180 158 69 59 189 155 149 117 178 77 136 121 58 114 103 109 43 25 118 144 143 
12 111 83 38 91 71 99 35 88 72 55 90 91 63 94 78 41 98 75 33 91 58 76 46 88 0 86 107 71 116 73 111 84 23 61 29 112 102 127 53 66 111 73 29 87 74 89 87 99 97 89 57 76 68 88 109 89 86 92 89 59 102 100 95 66 75 91 71 54 123 90 59 45 66 80 48 27 85 107 86 119 102 38 74 125 100 66 49 91 92 63 44 58 35 107 53 103 91 78 75 55 
79 111 164 60 26 61 69 119 80 155 39 172 177 141 18 37 45 85 114 54 85 46 89 41 54 86 0 192 155 170 156 34 75 70 28 107 135 74 105 105 148 68 29 94 161 156 43 168 32 66 147 131 108 62 78 50 77 154 155 169 80 63 186 85 22 156 103 126 37 107 44 142 51 57 40 127 61 171 116 96 200 117 50 15 208 178 152 130 172 121 108 100 29 96 50 77 26 77 146 113 134 
115 174 59 140 196 161 187 75 177 41 160 33 24 75 198 182 147 177 137 139 168 161 158 152 182 107 192 0 40 131 52 217 175 124 167 88 168 196 201 119 52 209 175 110 82 55 191 58 200 193 98 87 144 157 170 212 180 96 106 44 139 200 20 173 172 48 155 102 157 194 192 60 146 164 183 71 132 23 165 155 37 170 144 180 36 49 44 65 58 138 128 116 164 113 209 143 207 174 79 138 77 
81 138 59 107 161 122 148 37 149 4 126 21 36 62 159 148 111 138 117 103 129 127 133 115 142 71 155 40 0 127 45 182 147 86 131 50 152 167 163 96 14 178 136 81 80 48 158 61 161 163 68 70 123 118 131 179 152 90 100 27 100 169 42 134 136 16 117 66 119 157 159 43 107 133 150 32 95 25 129 117 50 150 108 144 56 39 27 26 63 103 106 90 128 85 176 114 169 135 48 118 59 
111 226 73 115 157 183 210 121 104 131 132 144 108 68 185 139 136 212 57 129 206 124 86 143 197 116 170 131 127 0 84 175 107 136 145 131 58 124 241 68 137 141 173 89 50 81 141 73 196 127 187 64 64 180 202 157 109 38 28 153 174 135 112 209 151 142 206 175 155 238 141 86 154 115 137 135 133 115 222 201 165 72 129 156 165 164 101 129 73 204 63 76 146 84 153 93 195 205 168 58 73 
77 168 15 99 155 140 168 54 127 48 120 61 29 24 165 139 111 163 85 102 154 118 108 117 159 73 156 52 45 84 0 176 127 94 129 69 117 147 190 69 56 162 145 66 35 4 147 18 171 146 110 36 93 136 154 168 131 47 58 70 122 153 37 159 135 61 147 103 126 185 148 15 117 119 140 62 99 32 161 145 83 118 106 143 85 81 18 55 22 138 77 67 127 66 164 95 175 157 90 86 26 
103 143 183 78 22 94 100 146 75 182 57 200 200 158 46 39 72 116 119 79 118 59 90 69 85 111 34 217 182 175 176 0 70 99 51 135 131 60 134 117 176 47 63 112 175 176 35 187 58 54 179 147 112 96 111 25 70 166 166 198 113 47 209 117 47 184 136 159 69 138 35 163 83 63 40 156 88 195 149 129 229 113 74 39 236 208 175 158 190 155 117 114 55 112 28 87 46 109 178 118 152 
72 168 128 50 55 116 135 116 6 149 48 167 154 105 92 39 65 146 52 65 142 38 22 70 119 84 75 175 147 107 127 70 0 87 58 113 62 21 171 58 146 37 91 66 115 126 36 132 105 21 171 92 44 114 137 51 6 104 101 169 121 29 162 144 62 155 153 152 80 172 36 116 88 23 36 131 76 153 169 147 196 44 61 63 202 181 131 130 135 164 53 60 62 63 47 34 100 137 161 51 101 
25 92 105 38 80 49 77 50 92 86 47 103 111 85 75 71 28 77 91 24 71 53 84 30 66 23 70 124 86 136 94 99 87 0 49 37 125 101 106 70 78 107 52 47 109 95 82 109 78 95 87 79 90 46 67 101 92 107 113 100 40 99 119 74 52 86 73 66 34 103 83 80 24 65 74 58 13 103 90 68 131 113 29 60 138 110 86 61 113 79 79 62 44 53 99 61 84 70 81 90 77 
53 112 137 33 32 59 77 95 64 132 13 150 151 114 41 27 21 88 90 29 86 22 68 19 61 61 28 167 131 145 129 51 58 49 0 85 114 64 113 79 125 65 33 67 134 130 38 141 52 57 132 104 84 59 80 55 62 127 129 147 71 58 160 87 7 134 100 111 25 114 39 116 37 37 31 105 37 146 115 93 178 98 24 14 185 158 126 108 145 114 83 73 6 69 53 52 51 80 128 89 107 
41 101 82 66 116 75 101 16 117 50 81 66 79 68 110 105 64 95 99 58 87 85 104 67 95 29 107 88 50 131 69 135 113 37 85 0 137 130 122 76 41 139 87 54 93 71 116 86 112 125 62 68 102 71 86 136 118 96 105 63 54 130 87 91 89 49 80 45 71 117 117 56 58 94 108 21 48 70 94 77 94 129 63 97 102 73 56 24 90 74 87 68 81 60 134 82 120 90 49 99 61 
102 216 111 93 116 166 189 133 57 155 102 172 145 94 152 100 114 196 38 109 192 92 47 120 174 112 135 168 152 58 117 131 62 125 114 137 0 74 224 61 158 90 146 84 90 114 98 113 164 78 197 83 36 164 187 109 61 76 67 178 165 86 151 194 119 165 198 181 132 223 97 112 136 78 97 149 117 148 214 192 198 19 107 122 201 191 129 145 115 203 50 69 117 78 105 67 160 188 183 38 95 
90 176 149 65 50 123 139 135 22 169 58 187 175 126 91 39 77 152 71 78 150 49 42 80 123 102 74 196 167 124 147 60 21 101 64 130 74 0 175 79 166 18 95 86 136 146 31 153 105 8 187 113 63 123 143 36 17 124 120 189 133 13 183 151 66 174 163 167 88 177 30 137 99 37 35 149 89 173 179 156 216 55 73 65 222 200 152 149 156 176 74 81 69 83 33 54 97 143 179 70 122 
130 30 204 132 130 59 37 137 177 161 124 170 197 187 89 137 110 29 193 116 36 134 178 104 53 127 105 201 163 241 190 134 171 106 113 122 224 175 0 174 150 171 81 152 212 192 146 207 77 168 111 183 190 61 39 154 175 212 218 161 69 166 204 32 110 154 47 101 93 9 147 177 89 149 141 133 109 187 41 47 190 208 117 111 199 164 177 140 211 67 182 166 109 158 154 158 89 37 126 192 179 
46 162 70 48 97 117 143 73 59 99 67 117 97 47 119 79 69 146 24 61 140 61 39 76 129 53 105 119 96 68 69 117 58 70 79 76 61 79 174 0 99 94 106 25 59 68 84 74 129 78 137 34 27 114 136 104 63 50 51 121 110 86 105 143 85 107 143 121 87 172 84 60 86 55 78 89 66 97 159 138 144 55 62 91 148 133 76 85 77 145 12 9 80 18 100 31 129 138 123 24 44 
77 124 71 103 156 111 136 32 149 12 121 25 50 70 151 144 105 126 121 98 117 124 134 108 132 66 148 52 14 137 56 176 146 78 125 41 158 166 150 99 0 176 127 82 90 60 155 73 152 161 55 77 126 107 119 175 152 99 110 24 88 167 56 122 130 9 104 52 111 144 155 51 98 131 146 21 89 39 115 104 53 154 103 138 61 35 39 18 76 89 110 93 122 86 172 114 160 123 35 122 66 
100 175 164 74 43 123 136 145 38 180 61 198 189 140 84 39 81 150 88 84 149 55 58 82 120 111 68 209 178 141 162 47 37 107 65 139 90 18 171 94 176 0 92 99 152 161 28 168 98 17 193 128 80 123 142 22 33 140 137 199 135 10 197 149 66 185 164 173 89 174 27 150 101 46 35 159 95 186 179 157 227 72 79 62 233 211 165 159 171 178 90 95 70 97 20 67 89 141 187 87 136 
69 84 155 58 52 33 45 101 96 136 44 152 162 133 24 56 37 58 119 46 58 55 100 31 29 73 29 175 136 173 145 63 91 52 33 87 146 95 81 106 127 92 0 88 155 146 66 159 27 87 120 124 115 34 51 77 94 151 154 147 52 86 171 58 29 135 74 100 20 83 67 131 30 69 60 107 47 155 88 67 179 130 44 31 187 156 137 111 163 93 111 99 30 92 77 82 33 50 122 119 126 
22 139 72 35 90 95 122 52 69 83 56 102 91 48 105 74 52 124 47 43 117 53 53 58 109 29 94 110 81 89 66 112 66 47 67 54 84 86 152 25 82 99 88 0 68 65 82 76 113 83 115 38 49 92 114 103 72 63 68 104 87 90 99 121 73 90 119 98 69 150 83 53 66 54 75 68 44 88 135 114 130 76 45 80 136 116 67 66 80 121 35 16 66 7 100 33 115 116 101 47 42 
87 193 24 102 154 158 185 80 115 83 123 95 59 26 173 137 119 184 66 110 176 118 94 126 174 87 161 82 80 50 35 175 115 109 134 93 90 136 212 59 90 152 155 68 0 32 143 25 181 136 143 31 75 154 174 162 119 15 25 105 143 144 64 180 140 95 172 133 136 208 143 40 130 114 136 92 110 66 187 169 116 96 113 147 117 116 53 86 26 166 62 62 133 66 158 89 183 177 123 67 33 
78 171 13 99 155 142 169 56 126 51 120 64 31 22 166 139 112 165 84 103 157 118 107 118 160 74 156 55 48 81 4 176 126 95 130 71 114 146 192 68 60 161 146 65 32 0 147 16 172 145 113 34 91 138 156 167 130 44 55 73 124 152 38 161 135 64 150 106 127 187 147 16 118 118 139 65 100 35 164 147 86 116 107 143 88 84 22 58 19 141 76 66 128 66 164 95 176 159 93 84 25 
78 148 152 52 20 96 110 124 41 160 36 178 173 128 61 12 55 123 85 59 122 32 55 56 94 89 43 191 158 141 147 35 36 82 38 116 98 31 146 84 155 28 66 82 143 147 0 156 74 24 168 116 77 96 115 21 37 133 132 178 108 21 181 123 39 163 137 147 62 148 2 135 74 30 9 136 70 169 152 130 207 79 54 35 213 189 148 137 160 151 83 82 43 82 18 54 67 115 162 84 122 
91 186 5 110 165 156 184 71 132 64 131 74 36 29 179 149 125 180 86 116 172 128 112 131 174 87 168 58 61 73 18 187 132 109 141 86 113 153 207 74 73 168 159 76 25 16 156 0 185 152 127 41 94 152 171 176 136 39 49 84 139 159 40 176 147 77 165 121 140 203 156 31 132 127 149 80 113 43 179 162 93 118 119 155 93 95 35 73 5 156 80 74 140 75 172 103 189 174 107 87 35 
95 88 181 81 56 47 43 126 111 161 64 176 188 159 14 67 62 61 141 71 64 73 118 55 31 99 32 200 161 196 171 58 105 78 52 112 164 105 77 129 152 98 27 113 181 172 74 185 0 97 140 150 135 50 57 78 108 175 179 171 71 94 197 63 46 159 85 121 46 81 75 157 55 86 71 131 73 180 95 78 203 147 69 43 211 179 163 136 189 107 133 123 50 116 80 103 13 55 143 140 151 
85 169 148 60 42 116 132 130 24 165 51 183 173 124 84 32 70 144 73 72 143 42 42 73 116 97 66 193 163 127 146 54 21 95 57 125 78 8 168 78 161 17 87 83 136 145 24 152 97 0 181 112 64 115 136 31 19 124 121 184 126 9 181 143 59 170 156 161 81 169 23 134 92 31 28 144 83 170 171 149 212 60 67 57 218 196 149 144 155 169 74 79 62 81 27 51 90 136 173 72 120 
100 83 125 122 163 93 110 67 175 66 133 66 104 120 143 156 113 94 160 110 86 139 164 113 112 89 147 98 68 187 110 179 171 87 132 62 197 187 111 137 55 193 120 115 143 113 168 127 140 181 0 124 163 90 90 186 176 149 160 55 69 185 108 90 134 54 67 21 111 104 169 103 97 151 160 52 99 92 72 70 80 190 115 141 89 54 93 58 130 45 148 129 127 121 184 141 151 94 21 160 114 
56 166 37 72 126 128 155 58 93 73 93 89 65 13 142 109 88 154 50 80 147 89 73 95 144 57 131 87 70 64 36 147 92 79 104 68 83 113 183 34 77 128 124 38 31 34 116 41 150 112 124 0 57 124 145 136 97 30 38 96 115 119 72 151 110 84 145 111 105 179 116 29 100 87 109 72 79 66 160 141 115 83 82 117 118 108 46 67 45 141 42 34 103 36 132 62 152 148 106 51 12 
67 181 91 59 93 132 156 99 42 125 72 143 121 70 124 75 80 162 9 75 157 63 23 87 141 76 108 144 123 64 93 112 44 90 84 102 36 63 190 27 126 80 115 49 75 91 77 94 135 64 163 57 0 129 152 94 47 62 58 148 129 72 129 160 90 134 162 146 99 189 77 85 101 51 73 115 82 122 179 157 170 28 74 94 174 160 102 112 97 167 17 35 86 43 90 33 133 154 149 8 68 
70 54 149 72 84 5 32 86 120 117 67 131 149 130 55 85 51 33 132 55 29 77 119 45 25 68 62 157 118 180 136 96 114 46 59 71 164 123 61 114 107 123 34 92 154 138 96 152 50 115 90 124 129 0 24 109 119 152 158 124 22 116 157 31 58 113 42 71 35 60 97 123 29 92 89 87 49 140 57 35 156 149 57 62 164 131 125 93 156 60 122 105 54 97 108 98 61 25 94 131 122 
92 34 167 95 102 22 20 102 142 130 89 141 164 149 66 105 73 10 155 78 8 99 141 68 27 88 78 170 131 202 154 111 137 67 80 86 187 143 39 136 119 142 51 114 174 156 115 171 57 136 90 145 152 24 0 127 141 174 180 133 33 136 171 8 78 124 28 75 57 37 116 141 52 114 109 100 71 154 39 22 163 172 80 81 172 138 142 106 175 51 144 128 75 119 127 121 70 5 100 154 142 
99 160 172 73 26 108 118 144 54 180 55 199 193 148 65 32 74 134 102 79 134 52 72 73 103 109 50 212 179 157 168 25 51 101 55 136 109 36 154 104 175 22 77 103 162 167 21 176 78 31 186 136 94 109 127 0 49 152 150 198 124 24 202 134 53 184 150 166 77 157 21 155 91 50 30 156 90 190 164 143 228 91 74 48 234 209 169 158 180 167 101 102 60 102 5 74 68 126 182 101 143 
78 172 133 55 56 120 139 121 6 154 52 173 159 109 95 41 70 150 55 70 147 42 25 74 123 89 77 180 152 109 131 70 6 92 62 118 61 17 175 63 152 33 94 72 119 130 37 136 108 19 176 97 47 119 141 49 0 107 104 175 126 27 167 148 65 160 158 157 84 175 36 121 93 28 37 136 81 158 174 151 201 43 66 66 207 187 136 135 140 169 57 65 66 68 45 39 102 141 167 54 106 
84 195 37 95 146 156 184 85 102 93 115 107 73 30 167 128 114 183 53 105 176 110 82 121 171 86 154 96 90 38 47 166 104 107 127 96 76 124 212 50 99 140 151 63 15 44 133 39 175 124 149 30 62 152 174 152 107 0 12 115 144 132 78 180 133 105 174 138 132 208 133 48 128 104 127 98 107 78 189 170 129 82 107 139 130 127 63 92 40 170 51 54 127 59 148 80 177 176 131 54 36 
89 202 48 98 146 162 189 95 99 104 117 118 83 40 169 128 118 190 49 109 183 111 79 124 176 92 155 106 100 28 58 166 101 113 129 105 67 120 218 51 110 137 154 68 25 55 132 49 179 121 160 38 58 158 180 150 104 12 0 126 151 129 88 187 135 115 182 148 136 215 132 59 133 104 127 108 112 89 197 177 139 75 111 141 141 138 74 102 50 178 50 56 129 63 146 80 179 183 141 50 46 
100 133 83 126 178 128 151 55 172 24 143 13 54 88 171 167 127 139 143 120 130 147 156 130 149 89 169 44 27 153 70 198 169 100 147 63 178 189 161 121 24 199 147 104 105 73 178 84 171 184 55 96 148 124 133 198 175 115 126 0 104 190 56 135 151 15 115 61 132 154 178 69 119 154 169 42 110 43 123 116 32 175 125 159 41 13 53 41 86 96 132 115 143 109 195 137 180 137 36 143 85 
65 53 135 74 99 25 49 70 127 99 76 111 132 118 75 97 57 41 131 58 33 85 122 54 45 59 80 139 100 174 122 113 121 40 71 54 165 133 69 110 88 135 52 87 143 124 108 139 71 126 69 115 129 22 33 124 126 144 151 104 0 127 139 38 71 94 34 50 47 65 109 109 35 99 100 69 48 122 50 28 135 152 61 77 144 110 110 75 143 44 119 101 65 93 123 100 82 36 73 130 111 
90 169 156 65 39 116 130 136 32 171 53 189 180 132 81 32 73 144 81 75 142 46 51 74 114 102 63 200 169 135 153 47 29 99 58 130 86 13 166 86 167 10 86 90 144 152 21 159 94 9 185 119 72 116 136 24 27 132 129 190 127 0 188 143 59 176 157 164 82 168 20 141 93 37 28 149 87 177 172 150 218 67 70 56 224 201 156 150 163 171 82 86 63 88 20 58 86 135 178 80 127 
107 179 41 131 188 161 187 72 163 44 152 44 9 60 193 172 141 179 121 132 170 151 144 146 181 100 186 20 42 112 37 209 162 119 160 87 151 183 204 105 56 197 171 99 64 38 181 40 197 181 108 72 129 157 171 202 167 78 88 56 139 188 0 175 165 55 159 108 152 198 182 47 142 153 173 72 126 18 170 158 55 154 136 173 55 64 34 65 39 145 113 103 157 101 198 131 203 175 88 122 62 
99 27 173 102 109 29 22 106 150 133 96 144 168 155 72 112 81 5 162 86 6 107 149 76 33 95 85 173 134 209 159 117 144 74 87 91 194 151 32 143 122 149 58 121 180 161 123 176 63 143 90 151 160 31 8 134 148 180 187 135 38 143 175 0 85 127 26 76 65 30 124 146 59 122 116 104 79 158 33 21 165 180 87 88 174 139 146 110 180 49 152 135 83 126 134 128 75 9 101 162 148 
59 110 143 39 29 58 74 100 68 137 19 154 157 120 35 28 26 86 95 34 84 28 73 22 58 66 22 172 136 151 135 47 62 52 7 89 119 66 110 85 130 66 29 73 140 135 39 147 46 59 134 110 90 58 78 53 65 133 135 151 71 59 165 85 0 138 99 114 25 111 40 121 38 42 32 110 42 151 114 92 182 102 30 9 190 161 131 112 151 114 89 80 9 75 52 58 44 77 131 94 113 
86 127 75 112 164 117 141 40 158 13 129 18 50 76 158 153 113 131 129 106 122 132 142 116 138 75 156 48 16 142 61 184 155 86 134 49 165 174 154 107 9 185 135 90 95 64 163 77 159 170 54 84 134 113 124 184 160 105 115 15 94 176 55 127 138 0 108 55 119 147 164 57 106 139 155 29 97 39 118 108 45 162 111 146 53 27 43 27 79 91 118 101 130 95 181 122 167 128 34 129 73 
98 22 162 107 125 42 47 94 159 116 106 124 152 147 93 126 88 29 163 91 22 116 155 84 54 91 103 155 117 206 147 136 153 73 100 80 198 163 47 143 104 164 74 119 172 150 137 165 85 156 67 145 162 42 28 150 158 174 182 115 34 157 159 26 99 108 0 55 76 40 138 135 66 131 130 88 81 142 17 8 144 185 94 103 153 118 133 95 168 24 152 134 95 125 149 133 97 32 80 163 140 
82 73 118 102 142 74 93 54 156 64 112 70 102 109 124 136 93 80 144 90 71 119 146 93 94 71 126 102 66 175 103 159 152 66 111 45 181 167 101 121 52 173 100 98 133 106 147 121 121 161 21 111 146 71 75 166 157 138 148 61 50 164 108 76 114 55 55 0 90 94 148 93 76 131 139 42 78 91 64 56 90 172 94 121 99 64 86 49 124 37 132 112 107 104 164 123 131 79 26 144 103 
50 89 136 41 53 36 58 83 86 120 32 136 144 114 41 51 19 66 103 27 63 42 86 13 43 54 37 157 119 155 126 69 80 34 25 71 132 88 93 87 111 89 20 69 136 127 62 140 46 81 111 105 99 35 57 77 84 132 136 132 47 82 152 65 25 119 76 90 0 93 63 112 15 58 55 91 28 137 91 69 164 116 26 31 172 142 119 94 144 90 94 80 20 73 76 66 51 58 109 102 106 
128 22 199 131 132 58 39 132 177 155 124 164 192 183 93 138 110 27 191 115 33 134 178 104 55 123 107 194 157 238 185 138 172 103 114 117 223 177 9 172 144 174 83 150 208 187 148 203 81 169 104 179 189 60 37 157 175 208 215 154 65 168 198 30 111 147 40 94 93 0 149 173 88 149 142 127 108 181 33 41 183 208 116 113 192 157 172 134 206 60 181 164 110 155 157 157 93 35 119 191 176 
79 149 152 53 20 97 111 124 41 160 37 179 173 128 62 13 56 124 85 60 123 32 55 57 95 90 44 192 159 141 148 35 36 83 39 117 97 30 147 84 155 27 67 83 143 147 2 156 75 23 169 116 77 97 116 21 36 133 132 178 109 20 182 124 40 164 138 148 63 149 0 135 75 30 10 137 71 169 153 131 208 79 55 36 214 189 149 138 160 152 83 83 44 82 18 54 67 116 163 84 123 
63 156 27 86 142 126 154 42 117 46 107 61 39 20 151 126 98 150 78 89 142 105 98 103 145 59 142 60 43 86 15 163 116 80 116 56 112 137 177 60 51 150 131 53 40 16 135 31 157 134 103 29 85 123 141 155 121 48 59 69 109 141 47 146 121 57 135 93 112 173 135 0 103 107 127 53 85 38 150 133 87 111 92 129 90 81 18 46 34 127 69 56 114 54 152 84 161 144 83 79 18 
44 81 128 44 67 31 57 72 94 107 42 123 133 107 53 63 23 61 104 27 56 51 91 20 44 45 51 146 107 154 117 83 88 24 37 58 136 99 89 86 98 101 30 66 130 118 74 132 55 92 97 100 101 29 52 91 93 128 133 119 35 93 142 59 38 106 66 76 15 88 75 103 0 66 66 78 22 126 82 59 150 121 29 45 158 128 109 82 136 78 94 78 32 70 89 70 62 53 95 103 99 
54 146 123 29 43 93 114 100 29 134 26 153 145 99 74 25 43 123 58 43 120 16 32 47 98 66 57 164 133 115 119 63 23 65 37 94 78 37 149 55 131 46 69 54 114 118 30 127 86 31 151 87 51 92 114 50 28 104 104 154 99 37 153 122 42 139 131 131 58 149 30 107 66 0 24 114 54 142 147 124 182 61 39 44 188 165 121 113 131 142 55 53 40 53 46 25 83 115 143 57 94 
70 142 145 44 20 89 105 115 41 151 27 170 165 121 58 5 47 117 81 51 116 23 52 48 88 80 40 183 150 137 140 40 36 74 31 108 97 35 141 78 146 35 60 75 136 139 9 149 71 28 160 109 73 89 109 30 37 127 127 169 100 28 173 116 32 155 130 139 55 142 10 127 66 24 0 128 62 161 145 123 199 78 46 30 205 180 140 129 153 144 78 76 36 74 27 48 65 109 154 80 115 
60 109 77 85 136 91 117 17 134 31 102 46 65 69 130 125 85 108 112 78 99 105 120 88 112 48 127 71 32 135 62 156 131 58 105 21 149 149 133 89 21 159 107 68 92 65 136 80 131 144 52 72 115 87 100 156 136 98 108 42 69 149 72 104 110 29 88 42 91 127 137 53 78 114 128 0 69 54 101 87 73 142 83 118 81 53 46 8 83 77 100 81 102 73 154 99 139 104 35 112 63 
24 99 109 27 68 51 78 59 81 96 35 113 118 87 67 59 17 81 84 12 76 41 74 20 65 27 61 132 95 133 99 88 76 13 37 48 117 89 109 66 89 95 47 44 110 100 70 113 73 83 99 79 82 49 71 90 81 107 112 110 48 87 126 79 42 97 81 78 28 108 71 85 22 54 62 69 0 111 98 75 141 104 17 50 149 121 92 71 117 89 74 57 34 49 87 52 77 73 93 84 80 
93 162 43 118 174 144 170 55 154 27 138 32 12 54 177 160 126 162 116 118 153 138 136 130 164 85 171 23 25 115 32 195 153 103 146 70 148 173 187 97 39 186 155 88 66 35 169 43 180 170 92 66 122 140 154 190 158 78 89 43 122 177 18 158 151 39 142 91 137 181 169 38 126 142 161 54 111 0 153 141 51 149 122 159 53 53 22 48 44 128 106 93 143 90 186 120 187 158 72 116 55 
114 12 176 124 139 57 54 108 175 127 122 133 164 162 105 141 105 35 180 107 32 132 171 100 65 107 116 165 129 222 161 149 169 90 115 94 214 179 41 159 115 179 88 135 187 164 152 179 95 171 72 160 179 57 39 164 174 189 197 123 50 172 170 33 114 118 17 64 91 33 153 150 82 147 145 101 98 153 0 23 151 201 110 118 160 125 146 108 182 28 169 150 110 141 164 149 108 41 87 180 155 
92 25 159 101 118 35 41 92 152 115 99 125 151 144 86 119 82 25 158 84 17 109 149 78 48 86 96 155 117 201 145 129 147 68 93 77 192 156 47 138 104 157 67 114 169 147 130 162 78 149 70 141 157 35 22 143 151 170 177 116 28 150 158 21 92 108 8 56 69 41 131 133 59 124 123 87 75 141 23 0 145 179 87 96 154 119 131 94 166 30 147 129 88 120 142 126 91 26 81 157 136 
129 162 93 155 209 160 182 84 199 48 173 30 58 104 203 196 158 169 164 150 160 176 181 161 180 119 200 37 50 165 83 229 196 131 178 94 198 216 190 144 53 227 179 130 116 86 207 93 203 212 80 115 170 156 163 228 201 129 139 32 135 218 55 165 182 45 144 90 164 183 208 87 150 182 199 73 141 51 151 145 0 197 155 190 10 27 69 71 93 124 154 139 174 134 225 163 212 168 65 165 104 
92 202 115 78 98 151 173 126 39 153 86 170 147 95 135 82 99 181 34 95 177 76 31 105 158 102 117 170 150 72 118 113 44 113 98 129 19 55 208 55 154 72 130 76 96 116 79 118 147 60 190 83 28 149 172 91 43 82 75 175 152 67 154 180 102 162 185 172 116 208 79 111 121 61 78 142 104 149 201 179 197 0 93 105 201 188 128 139 120 191 44 62 101 70 87 53 142 173 176 33 94 
30 110 115 15 54 59 83 72 66 109 19 127 128 92 61 43 8 90 77 6 85 25 62 14 69 38 50 144 108 129 106 74 61 29 24 63 107 73 117 62 103 79 44 45 113 107 54 119 69 67 115 82 74 57 80 74 66 107 111 125 61 70 136 87 30 111 94 94 26 116 55 92 29 39 46 83 17 122 110 87 155 93 0 38 162 136 102 85 123 104 68 55 22 48 72 41 71 81 109 76 85 
67 114 151 46 23 62 75 108 69 145 25 162 165 127 31 26 34 88 100 42 88 32 76 30 59 74 15 180 144 156 143 39 63 60 14 97 122 65 111 91 138 62 31 80 147 143 35 155 43 57 141 117 94 62 81 48 66 139 141 159 77 56 173 88 9 146 103 121 31 113 36 129 45 44 30 118 50 159 118 96 190 105 38 0 198 169 139 120 159 120 94 86 17 82 47 63 39 80 139 99 120 
136 171 94 162 216 168 191 91 204 54 180 36 58 107 211 203 165 178 168 158 169 182 186 168 189 125 208 36 56 165 85 236 202 138 185 102 201 222 199 148 61 233 187 136 117 88 213 93 211 218 89 118 174 164 172 234 207 130 141 41 144 224 55 174 190 53 153 99 172 192 214 90 158 188 205 81 149 53 160 154 10 201 162 198 0 36 73 78 93 133 158 144 182 139 231 169 220 176 74 168 107 
112 136 94 138 189 135 156 66 184 36 154 21 63 100 180 178 137 143 155 131 134 158 168 139 155 100 178 49 39 164 81 208 181 110 158 73 191 200 164 133 35 211 156 116 116 84 189 95 179 196 54 108 160 131 138 209 187 127 138 13 110 201 64 139 161 27 118 64 142 157 189 81 128 165 180 53 121 53 125 119 27 188 136 169 36 0 65 52 96 98 144 127 153 121 206 149 188 142 39 155 97 
73 154 33 98 154 129 157 41 133 31 118 45 26 36 159 139 107 150 95 98 142 118 115 112 149 66 152 44 27 101 18 175 131 86 126 56 129 152 177 76 39 165 137 67 53 22 148 35 163 149 93 46 102 125 142 169 136 63 74 53 110 156 34 146 131 43 133 86 119 172 149 18 109 121 140 46 92 22 146 131 69 128 102 139 73 65 0 39 38 122 86 72 124 69 166 99 169 145 72 96 35 
60 116 70 86 138 97 123 14 133 26 103 42 58 63 134 126 87 114 108 80 105 106 118 90 117 49 130 65 26 129 55 158 130 61 108 24 145 149 140 85 18 159 111 66 86 58 137 73 136 144 58 67 112 93 106 158 135 92 102 41 75 150 65 110 112 27 95 49 94 134 138 46 82 113 129 8 71 48 108 94 71 139 85 120 78 52 39 0 76 84 96 78 104 71 155 97 144 110 40 108 57 
95 190 9 114 169 160 188 75 135 66 135 75 36 33 183 152 129 184 89 120 175 132 115 135 178 91 172 58 63 73 22 190 135 113 145 90 115 156 211 77 76 171 163 80 26 19 160 5 189 155 130 45 97 156 175 180 140 40 50 86 143 163 39 180 151 79 168 124 144 206 160 34 136 131 153 83 117 44 182 166 93 120 123 159 93 96 38 76 0 159 83 78 144 79 176 106 193 178 110 90 39 
101 39 153 115 142 61 70 86 169 101 119 106 139 141 113 140 100 53 167 100 45 128 162 97 77 92 121 138 103 204 138 155 164 79 114 74 203 176 67 145 89 178 93 121 166 141 151 156 107 169 45 141 167 60 51 167 169 170 178 96 44 171 145 49 114 91 24 37 90 60 152 127 78 142 144 77 89 128 28 30 124 191 104 120 133 98 122 84 159 0 155 136 109 127 166 139 119 55 60 166 134 
55 171 77 53 97 124 150 84 53 109 70 127 106 54 123 79 75 154 13 68 148 63 33 82 136 63 108 128 106 63 77 117 53 79 83 87 50 74 182 12 110 90 111 35 62 76 83 80 133 74 148 42 17 122 144 101 57 51 50 132 119 82 113 152 89 118 152 132 94 181 83 69 94 55 78 100 74 106 169 147 154 44 68 94 158 144 86 96 83 155 0 20 84 29 97 31 132 146 134 13 52 
37 153 70 42 93 108 135 65 61 93 62 111 95 46 114 76 62 138 32 54 131 57 43 69 121 44 100 116 90 76 67 114 60 62 73 68 69 81 166 9 93 95 99 16 62 66 82 74 123 79 129 34 35 105 128 102 65 54 56 115 101 86 103 135 80 101 134 112 80 164 83 56 78 53 76 81 57 93 150 129 139 62 55 86 144 127 72 78 78 136 20 0 74 9 99 29 123 130 115 32 42 
51 108 136 32 36 55 74 92 68 128 15 146 149 113 41 32 18 84 91 26 82 26 71 15 58 58 29 164 128 146 127 55 62 44 6 81 117 69 109 80 122 70 30 66 133 128 43 140 50 62 127 103 86 54 75 60 66 127 129 143 65 63 157 83 9 130 95 107 20 110 44 114 32 40 36 102 34 143 110 88 174 101 22 17 182 153 124 104 144 109 84 74 0 68 58 54 50 75 124 90 106 
28 145 71 37 91 100 127 58 65 87 58 106 93 47 108 74 55 129 41 47 123 54 48 62 114 35 96 113 85 84 66 112 63 53 69 60 78 83 158 18 86 97 92 7 66 66 82 75 116 81 121 36 43 97 119 102 68 59 63 109 93 88 101 126 75 95 125 104 73 155 82 54 70 53 74 73 49 90 141 120 134 70 48 82 139 121 69 71 79 127 29 9 68 0 98 30 118 122 107 41 41 
96 160 169 70 26 108 119 141 50 177 53 196 190 144 66 29 72 134 98 77 134 49 68 72 103 107 50 209 176 153 164 28 47 99 53 134 105 33 154 100 172 20 77 100 158 164 18 172 80 27 184 132 90 108 127 5 45 148 146 195 123 20 198 134 52 181 149 164 76 157 18 152 89 46 27 154 87 186 164 142 225 87 72 47 231 206 166 155 176 166 97 99 58 98 0 70 70 126 179 97 139 
42 150 99 27 67 100 124 83 36 116 40 134 122 75 93 49 48 130 38 43 126 32 24 54 109 53 77 143 114 93 95 87 34 61 52 82 67 54 158 31 114 67 82 33 89 95 54 103 103 51 141 62 33 98 121 74 39 80 80 137 100 58 131 128 58 122 133 123 66 157 54 84 70 25 48 99 52 120 149 126 163 53 41 63 169 149 99 97 106 139 31 29 54 30 70 0 102 122 130 37 70 
99 101 185 82 48 59 56 133 105 169 63 185 194 162 11 61 65 74 139 74 77 71 114 59 43 103 26 207 169 195 175 46 100 84 51 120 160 97 89 129 160 89 33 115 183 176 67 189 13 90 151 152 133 61 70 68 102 177 179 180 82 86 203 75 44 167 97 131 51 93 67 161 62 83 65 139 77 187 108 91 212 142 71 39 220 188 169 144 193 119 132 123 50 118 70 102 0 67 153 138 155 
94 35 170 96 101 23 16 105 143 134 89 145 167 153 64 105 75 9 157 80 11 100 143 69 25 91 77 174 135 205 157 109 137 70 80 90 188 143 37 138 123 141 50 116 177 159 115 174 55 136 94 148 154 25 5 126 141 176 183 137 36 135 175 9 77 128 32 79 58 35 116 144 53 115 109 104 73 158 41 26 168 173 81 80 176 142 145 110 178 55 146 130 75 122 126 122 67 0 104 156 145 
90 98 105 114 160 98 119 51 165 45 127 47 83 101 145 151 108 105 146 104 96 132 152 110 118 78 146 79 48 168 90 178 161 81 128 49 183 179 126 123 35 187 122 101 123 93 162 107 143 173 21 106 149 94 100 182 167 131 141 36 73 178 88 101 131 34 80 26 109 119 163 83 95 143 154 35 93 72 87 81 65 176 109 139 74 39 72 40 110 60 134 115 124 107 179 130 153 104 0 146 96 
66 182 84 61 99 134 159 96 49 120 76 138 115 63 129 81 83 164 2 77 159 68 30 90 144 75 113 138 118 58 86 118 51 90 89 99 38 70 192 24 122 87 119 47 67 84 84 87 140 72 160 51 8 131 154 101 54 54 50 143 130 80 122 162 94 129 163 144 102 191 84 79 103 57 80 112 84 116 180 157 165 33 76 99 168 155 96 108 90 166 13 32 90 41 97 37 138 156 146 0 62 
57 161 31 76 131 126 154 50 102 62 97 78 54 8 145 115 91 151 61 82 144 94 83 97 143 55 134 77 59 73 26 152 101 77 107 61 95 122 179 44 66 136 126 42 33 25 122 35 151 120 114 12 68 122 142 143 106 36 46 85 111 127 62 148 113 73 140 103 106 176 123 18 99 94 115 63 80 55 155 136 104 94 85 120 107 97 35 57 39 134 52 42 106 41 139 70 155 145 96 62 0 
