50 10
5 1 3 5 2 5 2 3 2 5 
0 95 116 54 79 18 59 93 102 86 84 54 88 43 67 109 49 48 63 66 85 99 91 62 71 82 70 22 28 113 22 90 58 81 102 97 100 73 82 53 69 82 82 19 111 55 81 84 14 75 86 110 92 123 76 79 92 68 62 71 69 121 73 76 57 122 29 97 71 100 45 70 85 84 107 104 14 36 57 18 82 141 101 88 51 86 124 102 98 68 88 88 119 54 26 86 123 62 71 111 52 
95 0 161 115 132 98 136 120 157 180 151 87 149 126 160 200 125 50 73 161 133 193 184 100 149 85 100 105 114 207 96 155 47 161 192 9 153 70 24 58 155 37 72 102 153 109 57 178 82 41 169 20 66 218 118 174 40 62 51 130 163 147 98 159 126 216 97 166 165 25 93 29 84 34 201 155 108 123 100 80 176 46 191 141 128 159 219 112 108 142 22 181 147 54 74 94 218 72 107 154 142 
116 161 0 62 37 99 67 43 213 119 191 168 197 149 142 112 71 123 172 124 199 124 158 177 65 193 185 134 136 156 95 37 154 178 176 168 211 180 138 156 80 173 188 133 225 170 182 146 123 121 74 161 102 146 191 137 183 173 111 46 140 30 64 74 167 154 144 200 133 180 78 153 196 128 140 14 118 139 172 126 148 199 172 200 71 53 147 217 212 60 169 115 27 111 110 199 164 170 55 224 92 
54 115 62 0 25 37 26 45 153 86 133 106 138 90 93 95 19 69 112 80 138 97 114 115 37 132 123 73 76 123 33 42 97 123 130 121 151 120 94 97 48 119 129 72 164 109 124 104 61 79 58 122 76 122 130 95 129 114 65 18 92 69 36 49 108 126 83 144 89 130 23 100 135 89 110 50 58 80 111 65 104 159 127 140 20 44 124 155 150 29 118 85 67 62 51 138 133 110 27 164 47 
79 132 37 25 0 62 35 32 177 96 156 131 161 113 111 97 36 90 136 95 162 104 129 140 40 156 148 98 100 134 58 26 119 144 147 138 175 144 110 120 55 140 153 97 188 133 147 119 86 94 57 136 82 128 154 109 150 137 81 10 109 48 39 51 131 135 108 166 104 149 43 121 159 102 119 26 82 103 135 90 119 173 143 164 36 37 130 180 175 32 138 93 46 80 74 163 143 134 27 188 62 
18 98 99 37 62 0 46 76 118 83 99 70 104 58 73 103 35 48 77 68 102 97 97 79 58 97 86 38 43 115 6 75 67 94 111 101 116 86 80 65 59 91 95 36 128 72 93 89 26 71 75 109 82 122 93 82 101 81 56 54 74 104 58 65 73 122 46 112 74 106 29 76 100 81 106 87 25 49 74 30 87 143 108 104 37 72 123 119 114 54 94 85 102 50 24 102 125 75 55 128 45 
59 136 67 26 35 46 0 65 148 62 126 113 132 85 77 70 12 88 121 60 136 72 95 119 14 140 128 74 74 100 44 34 112 112 113 141 147 131 116 110 23 135 140 73 161 110 138 84 71 103 34 145 101 98 131 74 145 126 88 26 75 83 61 24 104 102 86 135 70 148 45 118 144 113 86 53 57 75 114 75 85 181 109 137 10 27 99 161 156 9 137 60 80 84 66 145 110 120 50 161 27 
93 120 43 45 32 76 65 0 194 126 175 140 179 133 137 129 62 86 140 123 177 135 157 150 71 161 157 113 118 164 71 55 118 167 175 127 192 147 97 122 86 135 155 112 203 147 147 147 95 80 89 119 60 160 167 138 145 139 71 40 136 31 24 83 149 166 120 187 132 140 49 115 163 87 150 41 99 123 146 98 147 157 171 180 63 68 161 187 182 62 130 124 30 73 79 169 174 139 22 203 90 
102 157 213 153 177 118 148 194 0 127 24 71 16 64 87 157 142 131 85 107 25 137 93 58 154 78 58 81 77 123 124 181 112 47 83 153 5 89 157 101 144 123 92 83 21 52 106 99 103 160 159 176 185 147 40 104 126 96 152 167 91 222 175 152 46 137 76 26 100 143 146 130 81 166 131 199 96 74 59 101 95 191 87 17 143 170 148 64 64 156 138 133 220 144 121 71 129 86 173 20 126 
86 180 119 86 96 83 62 126 127 0 104 125 113 77 42 31 68 131 139 24 126 14 44 124 57 153 133 84 77 39 86 82 143 82 62 182 128 150 163 136 42 167 158 86 146 111 162 33 99 153 46 192 159 39 128 25 176 148 139 87 37 141 122 46 95 41 98 106 28 184 100 155 158 163 25 106 74 71 120 103 36 225 57 122 66 66 40 164 160 65 173 6 138 132 107 154 48 139 112 145 41 
84 151 191 133 156 99 126 175 24 104 0 64 10 43 63 134 120 119 81 83 30 114 71 53 131 81 58 63 57 101 105 158 104 25 64 149 25 88 148 93 121 120 93 65 43 42 105 76 87 149 136 169 171 125 41 81 125 93 139 146 68 201 157 129 28 115 61 16 76 141 128 123 85 156 109 177 76 53 52 86 72 189 67 22 121 147 126 75 74 134 134 109 199 131 106 76 109 82 154 42 103 
54 87 168 106 131 70 113 140 71 125 64 0 62 51 91 153 103 64 18 102 47 138 111 14 123 30 18 43 48 140 74 144 42 78 114 85 67 28 87 31 120 56 35 42 70 23 43 110 46 92 137 106 118 158 33 109 62 30 85 124 95 169 117 127 43 152 29 80 101 77 92 60 34 97 140 156 58 54 13 42 107 125 115 55 104 139 159 49 44 121 70 129 168 78 61 33 150 19 119 71 101 
88 149 197 138 161 104 132 179 16 113 10 62 0 49 72 143 126 120 78 91 22 123 80 50 139 75 53 67 62 110 109 165 103 34 73 147 16 84 148 92 128 117 88 69 34 42 101 85 89 149 144 168 173 134 35 90 121 90 140 152 76 207 161 137 31 124 63 20 85 138 132 121 79 156 118 184 81 59 50 88 81 186 76 14 127 155 135 68 66 140 131 118 205 132 108 70 117 79 158 33 110 
43 126 149 90 113 58 85 133 64 77 43 51 49 0 41 107 78 85 68 54 53 90 61 48 92 78 57 24 16 90 63 118 81 39 67 126 63 78 117 71 83 102 85 27 78 34 92 60 50 115 99 143 134 108 52 59 109 78 103 104 45 159 115 91 20 102 30 55 52 122 86 98 83 123 90 136 34 10 44 50 56 168 67 53 79 108 109 88 84 93 113 82 157 95 68 78 100 68 111 77 64 
67 160 142 93 111 73 77 137 87 42 63 91 72 41 0 72 76 114 108 21 86 53 25 88 78 118 97 56 47 50 78 106 117 42 39 161 87 118 148 109 65 140 125 59 105 74 132 20 79 141 77 175 154 68 88 20 148 118 128 101 6 159 126 72 55 62 67 66 14 160 99 133 123 151 51 128 53 39 84 81 17 204 36 81 76 93 69 126 122 83 149 47 156 120 92 118 60 107 118 104 50 
109 200 112 95 97 103 70 129 157 31 134 153 143 107 72 0 79 151 167 54 156 22 70 154 60 182 163 111 105 52 105 78 167 112 87 204 158 177 182 162 48 191 186 113 176 140 188 61 123 170 41 211 171 35 158 54 201 175 155 90 67 138 130 48 125 45 125 135 58 208 114 178 186 180 35 100 99 100 149 127 65 246 82 152 77 62 36 194 190 69 196 26 134 150 127 183 57 166 119 175 59 
49 125 71 19 36 35 12 62 142 68 120 103 126 78 76 79 0 77 111 62 129 79 96 110 25 130 118 65 66 105 33 42 100 109 113 130 141 120 105 99 32 123 129 64 154 101 127 86 60 92 44 134 93 105 122 77 134 115 78 27 75 84 54 34 97 108 77 130 71 137 35 107 134 102 92 58 49 68 105 64 86 170 110 130 3 38 106 151 146 20 125 67 81 73 55 135 115 109 45 154 29 
48 50 123 69 90 48 88 86 131 131 119 64 120 85 114 151 77 0 58 113 109 144 138 77 101 78 81 62 71 160 47 110 33 123 149 54 128 63 34 39 106 51 70 59 133 79 61 132 37 31 120 62 55 169 95 126 61 54 22 86 116 116 62 110 92 168 59 134 118 61 48 32 80 38 153 114 61 80 74 35 130 95 148 115 79 112 170 106 101 95 49 132 116 15 25 87 171 56 68 134 93 
63 73 172 112 136 77 121 140 85 139 81 18 78 68 108 167 111 58 0 117 61 153 129 29 133 22 28 56 63 157 80 151 29 95 132 69 81 11 76 20 131 39 20 54 81 40 25 127 51 83 148 92 111 174 46 125 44 13 79 129 112 170 117 138 61 169 42 96 117 60 94 46 24 86 156 161 69 70 30 47 123 108 133 69 112 147 175 49 44 129 53 143 169 73 63 30 167 2 120 82 112 
66 161 124 80 95 68 60 123 107 24 83 102 91 54 21 54 62 113 117 0 103 37 35 101 59 130 110 62 55 48 71 87 122 62 53 163 107 127 147 115 45 146 136 64 124 87 140 25 80 138 56 175 147 58 105 16 154 126 124 85 17 142 114 52 72 56 75 87 10 164 89 136 135 148 41 110 54 48 97 83 25 206 49 100 61 73 59 141 137 65 153 29 140 117 90 131 58 116 106 124 34 
85 133 199 138 162 102 136 177 25 126 30 47 22 53 86 156 129 109 61 103 0 138 98 34 144 55 34 65 63 128 107 169 88 53 93 129 21 65 133 77 136 99 68 66 27 31 82 101 83 138 152 152 163 151 16 105 102 72 130 153 91 205 156 144 34 142 57 42 99 119 129 106 58 143 134 186 81 63 35 81 97 167 95 10 130 160 152 46 45 145 114 131 204 122 101 48 136 62 155 27 116 
99 193 124 97 104 97 72 135 137 14 114 138 123 90 53 22 79 144 153 37 138 0 49 138 64 167 146 98 91 34 99 88 156 91 66 196 139 164 177 150 50 180 172 100 156 123 176 40 113 166 50 206 171 26 140 34 190 162 151 95 48 148 132 53 107 32 111 115 40 198 112 169 171 176 17 111 88 85 133 116 44 239 61 133 77 72 28 177 173 73 187 13 145 145 120 167 41 153 122 156 54 
91 184 158 114 129 97 95 157 93 44 71 111 80 61 25 70 96 138 129 35 98 49 0 107 93 137 115 79 70 31 101 121 140 47 19 184 95 138 172 131 79 162 146 82 113 92 153 12 103 166 87 199 178 55 104 22 170 139 152 120 23 177 148 85 72 45 90 68 26 183 121 156 142 175 39 144 77 62 103 105 11 228 15 91 95 106 56 141 138 100 172 49 174 144 116 136 40 128 140 112 68 
62 100 177 115 140 79 119 150 58 124 53 14 50 48 88 154 110 77 29 101 34 138 107 0 129 31 10 47 50 136 83 151 55 69 108 97 54 35 100 44 124 68 41 46 57 15 52 107 56 105 141 119 131 155 19 107 72 41 98 132 93 180 129 132 36 149 34 68 100 88 103 73 35 110 138 165 63 54 6 53 103 136 109 42 111 145 157 42 38 128 82 129 179 91 73 30 146 29 129 58 104 
71 149 65 37 40 58 14 71 154 57 131 123 139 92 78 60 25 101 133 59 144 64 93 129 0 152 138 83 82 95 57 29 124 116 112 154 154 143 129 122 16 148 152 83 169 119 150 82 83 115 21 158 113 89 140 72 158 138 101 32 75 85 71 13 111 95 96 139 69 161 58 131 155 125 80 51 67 82 124 87 84 194 107 144 23 17 90 171 166 9 149 54 82 97 79 156 104 132 60 168 30 
82 85 193 132 156 97 140 161 78 153 81 30 75 78 118 182 130 78 22 130 55 167 137 31 152 0 24 72 77 167 100 171 48 99 138 80 74 17 92 40 149 49 15 71 70 46 30 137 71 101 166 104 131 185 40 137 50 26 99 149 123 191 138 156 66 179 58 95 129 68 115 62 5 104 168 182 87 83 35 68 133 114 139 64 132 167 187 29 24 149 64 157 190 93 84 10 176 23 141 71 130 
70 100 185 123 148 86 128 157 58 133 58 18 53 57 97 163 118 81 28 110 34 146 115 10 138 24 0 55 59 145 91 159 56 76 115 96 54 32 102 45 133 65 35 55 55 24 48 115 63 108 150 119 135 164 19 116 69 39 102 140 101 187 135 140 43 157 42 72 108 86 110 73 28 112 147 173 72 63 15 60 111 133 116 43 120 153 165 33 29 136 80 138 186 95 79 22 154 29 136 55 113 
22 105 134 73 98 38 74 113 81 84 63 43 67 24 56 111 65 62 56 62 65 98 79 47 83 72 55 0 9 105 43 106 62 62 88 106 79 67 95 54 78 85 75 4 91 37 79 75 27 92 95 121 111 119 58 72 94 65 80 89 59 141 94 86 36 115 15 76 63 104 66 78 76 100 102 122 17 18 42 27 72 149 87 67 66 99 120 88 84 82 94 87 139 72 45 75 115 56 92 91 59 
28 114 136 76 100 43 74 118 77 77 57 48 62 16 47 105 66 71 63 55 63 91 70 50 82 77 59 9 0 96 48 107 71 54 79 115 76 73 104 62 75 93 81 13 89 38 86 66 35 100 92 130 119 112 58 64 102 72 88 91 51 145 100 83 32 107 21 70 55 113 71 87 81 109 94 123 19 9 45 36 63 158 78 64 67 98 113 91 87 82 103 81 143 80 53 79 107 62 97 89 56 
113 207 156 123 134 115 100 164 123 39 101 140 110 90 50 52 105 160 157 48 128 34 31 136 95 167 145 105 96 0 118 120 166 77 42 209 125 167 193 158 80 189 175 107 143 122 181 31 125 185 82 222 194 26 134 34 197 167 171 125 46 179 158 84 102 15 117 98 42 208 135 181 171 195 18 143 99 88 132 128 34 252 37 122 103 104 26 172 169 103 198 42 176 164 136 166 11 157 149 142 77 
22 96 95 33 58 6 44 71 124 86 105 74 109 63 78 105 33 47 80 71 107 99 101 83 57 100 91 43 48 118 0 72 68 99 115 100 122 89 78 67 60 92 98 41 133 77 95 93 29 68 75 107 77 124 98 86 102 83 53 50 79 99 53 64 78 125 51 117 78 106 24 76 103 78 109 83 30 54 78 33 92 142 113 110 35 70 126 123 118 52 94 87 97 47 23 106 129 78 50 133 47 
90 155 37 42 26 75 34 55 181 82 158 144 165 118 106 78 42 110 151 87 169 88 121 151 29 171 159 106 107 120 72 0 138 144 140 161 180 160 133 137 43 160 169 106 194 142 165 110 100 117 39 160 107 111 163 100 170 154 104 25 104 61 64 37 137 119 118 167 97 170 63 141 174 126 104 24 90 108 146 104 111 197 135 170 40 17 112 192 187 25 159 78 58 102 92 176 128 150 52 194 57 
58 47 154 97 119 67 112 118 112 143 104 42 103 81 117 167 100 33 29 122 88 156 140 55 124 48 56 62 71 166 68 138 0 114 147 46 108 32 47 12 126 25 38 59 110 62 29 136 44 54 142 65 83 179 73 133 34 22 52 114 121 148 94 131 80 176 52 120 124 43 77 19 49 58 162 144 69 79 54 41 134 88 147 96 102 137 181 76 71 119 33 145 148 47 47 57 177 28 100 111 109 
81 161 178 123 144 94 112 167 47 82 25 78 34 39 42 112 109 123 95 62 53 91 47 69 116 99 76 62 54 77 99 144 114 0 41 160 49 104 154 104 104 133 110 65 67 56 120 52 88 152 118 178 172 101 61 58 139 107 141 135 46 192 151 112 35 91 65 25 55 154 123 132 103 160 85 164 70 46 67 88 48 201 43 46 109 131 102 98 95 119 145 88 189 133 106 95 84 96 146 66 87 
102 192 176 130 147 111 113 175 83 62 64 114 73 67 39 87 113 149 132 53 93 66 19 108 112 138 115 88 79 42 115 140 147 41 0 192 86 141 182 138 97 168 148 91 104 93 157 31 113 177 106 208 192 67 101 40 175 144 164 138 39 195 164 104 73 55 96 58 44 189 137 164 142 186 54 162 89 70 105 114 29 235 6 85 112 125 67 138 136 118 179 68 192 156 128 135 47 132 156 103 86 
97 9 168 121 138 101 141 127 153 182 149 85 147 126 161 204 130 54 69 163 129 196 184 97 154 80 96 106 115 209 100 161 46 160 192 0 149 66 31 56 159 32 66 103 149 107 51 179 84 48 174 25 74 220 114 175 33 58 58 136 164 154 105 163 125 218 96 164 167 17 99 29 79 42 204 161 110 123 97 81 177 44 192 138 132 164 221 106 102 147 17 184 155 59 77 89 219 68 114 150 145 
100 153 211 151 175 116 147 192 5 128 25 67 16 63 87 158 141 128 81 107 21 139 95 54 154 74 54 79 76 125 122 180 108 49 86 149 0 85 153 97 144 119 87 81 19 49 101 100 100 157 159 172 182 149 36 105 122 92 149 166 92 220 172 152 44 139 73 29 101 139 144 126 77 162 133 198 94 73 55 98 96 187 89 13 141 170 150 60 60 155 133 134 218 141 119 66 131 82 171 18 125 
73 70 180 120 144 86 131 147 89 150 88 28 84 78 118 177 120 63 11 127 65 164 138 35 143 17 32 67 73 167 89 160 32 104 141 66 85 0 76 25 141 35 10 65 84 49 17 137 61 85 158 89 115 184 50 136 38 10 83 138 122 177 123 148 69 179 53 103 128 55 102 46 17 88 166 169 80 80 38 57 133 102 142 74 122 157 185 45 40 139 50 154 176 78 71 26 177 12 128 85 123 
82 24 138 94 110 80 116 97 157 163 148 87 148 117 148 182 105 34 76 147 133 177 172 100 129 92 102 95 104 193 78 133 47 154 182 31 153 76 0 57 136 49 80 92 156 107 67 165 70 18 149 30 45 202 119 160 55 67 29 108 150 124 75 139 121 202 89 163 152 45 72 31 92 13 186 132 95 113 99 68 163 65 181 141 108 138 203 120 116 122 37 165 125 33 58 102 204 74 85 157 124 
53 58 156 97 120 65 110 122 101 136 93 31 92 71 109 162 99 39 20 115 77 150 131 44 122 40 45 54 62 158 67 137 12 104 138 56 97 25 57 0 122 32 33 51 99 51 29 128 40 64 138 76 92 172 62 125 40 17 60 114 112 152 99 128 69 169 42 109 117 52 78 30 42 68 155 146 63 71 43 36 125 98 138 85 101 136 174 68 63 118 42 139 152 54 47 49 168 19 103 100 105 
69 155 80 48 55 59 23 86 144 42 121 120 128 83 65 48 32 106 131 45 136 50 79 124 16 149 133 78 75 80 60 43 126 104 97 159 144 141 136 122 0 149 150 79 160 113 150 67 82 123 18 165 123 75 133 58 159 137 108 46 62 100 83 9 103 81 92 128 55 165 66 134 153 133 65 66 63 74 119 86 69 200 93 135 30 29 77 166 161 24 153 39 98 103 82 152 89 130 72 159 20 
82 37 173 119 140 91 135 135 123 167 120 56 117 102 140 191 123 51 39 146 99 180 162 68 148 49 65 85 93 189 92 160 25 133 168 32 119 35 49 32 149 0 35 82 118 79 20 159 69 62 165 56 92 203 84 156 11 27 66 136 144 165 112 155 98 200 73 135 148 22 98 21 48 61 186 164 93 102 68 65 156 69 168 108 126 160 204 76 72 142 16 169 165 63 69 58 199 39 119 119 133 
82 72 188 129 153 95 140 155 92 158 93 35 88 85 125 186 129 70 20 136 68 172 146 41 152 15 35 75 81 175 98 169 38 110 148 66 87 10 80 33 150 35 0 74 84 55 16 144 70 91 167 90 120 192 53 144 36 17 90 147 130 185 131 157 76 187 61 107 136 54 111 50 13 92 174 178 88 88 44 66 141 100 149 77 131 166 193 41 37 148 50 162 184 85 79 24 184 21 136 85 131 
19 102 133 72 97 36 73 112 83 86 65 42 69 27 59 113 64 59 54 64 66 100 82 46 83 71 55 4 13 107 41 106 59 65 91 103 81 65 92 51 79 82 74 0 92 37 77 78 24 89 96 118 108 121 58 74 91 63 77 88 62 139 92 86 38 118 14 79 66 102 64 75 75 97 104 121 17 22 41 24 75 146 90 69 66 99 123 88 83 82 91 89 138 69 42 74 118 54 90 92 60 
111 153 225 164 188 128 161 203 21 146 43 70 34 78 105 176 154 133 81 124 27 156 113 57 169 70 55 91 89 143 133 194 110 67 104 149 19 84 156 99 160 118 84 92 0 57 99 118 109 161 175 172 188 167 39 123 119 92 155 179 110 231 182 168 58 157 83 47 118 137 155 127 72 166 151 212 107 87 60 107 114 183 107 26 155 185 168 50 51 170 133 151 230 147 127 61 149 83 182 2 141 
55 109 170 109 133 72 110 147 52 111 42 23 42 34 74 140 101 79 40 87 31 123 92 15 119 46 24 37 38 122 77 142 62 56 93 107 49 49 107 51 113 79 55 37 57 0 65 92 52 109 129 127 133 141 22 93 84 52 100 125 78 175 126 120 21 134 27 58 85 100 98 81 50 115 124 157 53 41 12 50 88 147 94 36 103 135 142 55 51 118 92 115 174 93 71 45 131 41 125 57 93 
81 57 182 124 147 93 138 147 106 162 105 43 101 92 132 188 127 61 25 140 82 176 153 52 150 30 48 79 86 181 95 165 29 120 157 51 101 17 67 29 150 20 16 77 99 65 0 151 68 78 166 75 108 197 67 149 21 14 79 142 136 176 123 156 85 193 66 120 141 39 105 37 28 79 180 172 90 94 54 64 148 86 157 91 129 164 198 56 52 146 35 165 176 75 74 39 191 25 128 100 132 
84 178 146 104 119 89 84 147 99 33 76 110 85 60 20 61 86 132 127 25 101 40 12 107 82 137 115 75 66 31 93 110 136 52 31 179 100 137 165 128 67 159 144 78 118 92 151 0 97 158 76 193 170 50 106 10 167 137 144 109 16 166 138 74 73 43 86 75 16 179 112 152 141 168 34 133 71 58 102 99 5 223 26 96 85 95 51 143 140 89 168 39 163 137 109 136 41 126 130 117 58 
14 82 123 61 86 26 71 95 103 99 87 46 89 50 79 123 60 37 51 80 83 113 103 56 83 71 63 27 35 125 29 100 44 88 113 84 100 61 70 40 82 69 70 24 109 52 68 97 0 66 99 97 85 137 72 92 78 56 54 79 81 124 74 88 59 135 27 101 84 86 47 57 75 74 120 111 27 44 51 5 95 127 112 87 62 97 138 94 90 79 74 102 123 46 19 77 136 50 74 109 65 
75 41 121 79 94 71 103 80 160 153 149 92 149 115 141 170 92 31 83 138 138 166 166 105 115 101 108 92 100 185 68 117 54 152 177 48 157 85 18 64 123 62 91 89 161 109 78 158 66 0 136 43 30 192 124 152 70 76 15 93 143 107 58 126 122 192 89 164 144 62 58 42 102 10 177 115 89 109 103 65 157 81 176 144 94 123 193 130 125 108 53 154 108 22 50 111 196 81 68 162 113 
86 169 74 58 57 75 34 89 159 46 136 137 144 99 77 41 44 120 148 56 152 50 87 141 21 166 150 95 92 82 75 39 142 118 106 174 159 158 149 138 18 165 167 96 175 129 166 76 99 136 0 178 133 73 149 67 175 154 121 51 73 99 91 11 119 81 109 142 66 180 78 150 170 146 66 62 80 90 136 103 79 214 102 150 42 23 74 183 178 30 168 41 96 117 98 169 90 147 79 175 37 
110 20 161 122 136 109 145 119 176 192 169 106 168 143 175 211 134 62 92 175 152 206 199 119 158 104 119 121 130 222 107 160 65 178 208 25 172 89 30 76 165 56 90 118 172 127 75 193 97 43 178 0 62 231 137 188 58 81 57 136 178 145 99 168 144 230 114 185 180 41 100 47 103 34 215 157 123 139 118 95 191 38 208 160 136 166 232 131 127 150 41 194 146 62 86 113 232 91 110 173 153 
92 66 102 76 82 82 101 60 185 159 171 118 173 134 154 171 93 55 111 147 163 171 178 131 113 131 135 111 119 194 77 107 83 172 192 74 182 115 45 92 123 92 120 108 188 133 108 170 85 30 133 62 0 197 150 162 99 105 34 85 156 84 44 124 144 199 111 185 155 90 59 72 131 32 183 100 104 127 128 86 169 98 190 169 95 117 198 159 154 104 82 158 85 41 67 140 204 110 56 188 118 
123 218 146 122 128 122 98 160 147 39 125 158 134 108 68 35 105 169 174 58 151 26 55 155 89 185 164 119 112 26 124 111 179 101 67 220 149 184 202 172 75 203 192 121 167 141 197 50 137 192 73 231 197 0 155 49 212 183 177 121 63 171 158 77 123 13 132 122 57 222 138 193 190 202 18 134 111 104 151 140 54 263 62 145 103 95 2 193 189 98 210 39 168 171 145 185 25 173 147 166 79 
76 118 191 130 154 93 131 167 40 128 41 33 35 52 88 158 122 95 46 105 16 140 104 19 140 40 19 58 58 134 98 163 73 61 101 114 36 50 119 62 133 84 53 58 39 22 67 106 72 124 149 137 150 155 0 108 87 57 117 146 93 196 145 141 34 148 47 55 101 104 119 91 44 129 138 179 74 60 22 70 102 152 103 25 124 156 156 38 35 139 98 133 194 109 90 35 143 47 145 39 113 
79 174 137 95 109 82 74 138 104 25 81 109 90 59 20 54 77 126 125 16 105 34 22 107 72 137 116 72 64 34 86 100 133 58 40 175 105 136 160 125 58 156 144 74 123 93 149 10 92 152 67 188 162 49 108 0 165 135 138 99 15 156 129 64 75 44 84 82 9 175 104 148 141 162 32 123 66 56 103 95 13 219 36 100 76 85 50 145 142 79 165 31 154 131 103 137 45 125 121 122 49 
92 40 183 129 150 101 145 145 126 176 125 62 121 109 148 201 134 61 44 154 102 190 170 72 158 50 69 94 102 197 102 170 34 139 175 33 122 38 55 40 159 11 36 91 119 84 21 167 78 70 175 58 99 212 87 165 0 32 75 146 152 174 121 165 104 208 81 140 156 19 108 30 48 68 195 174 103 110 73 74 164 65 175 111 136 170 213 74 71 152 19 179 174 72 79 59 208 44 128 120 143 
68 62 173 114 137 81 126 139 96 148 93 30 90 78 118 175 115 54 13 126 72 162 139 41 138 26 39 65 72 167 83 154 22 107 144 58 92 10 67 17 137 27 17 63 92 52 14 137 56 76 154 81 105 183 57 135 32 0 74 131 122 169 115 143 72 179 52 108 127 48 95 37 27 78 166 162 76 80 42 52 134 96 144 81 117 152 185 54 50 134 42 152 168 69 64 35 178 12 120 93 119 
62 51 111 65 81 56 88 71 152 139 139 85 140 103 128 155 78 22 79 124 130 151 152 98 101 99 102 80 88 171 53 104 52 141 164 58 149 83 29 60 108 66 90 77 155 100 79 144 54 15 121 57 34 177 117 138 75 74 0 80 129 100 48 111 111 178 78 153 130 70 44 45 100 25 162 104 75 96 95 54 143 94 162 136 80 109 178 127 122 93 59 139 100 9 36 108 181 78 57 155 98 
71 130 46 18 10 54 26 40 167 87 146 124 152 104 101 90 27 86 129 85 153 95 120 132 32 149 140 89 91 125 50 25 114 135 138 136 166 138 108 114 46 136 147 88 179 125 142 109 79 93 51 136 85 121 146 99 146 131 80 0 100 58 42 44 122 126 99 156 95 146 39 117 153 102 111 33 73 94 127 82 110 173 134 155 26 32 122 172 167 23 134 84 56 77 68 155 134 128 30 179 52 
69 163 140 92 109 74 75 136 91 37 68 95 76 45 6 67 75 116 112 17 91 48 23 93 75 123 101 59 51 46 79 104 121 46 39 164 92 122 150 112 62 144 130 62 110 78 136 16 81 143 73 178 156 63 93 15 152 122 129 100 0 157 126 69 60 57 71 70 9 163 99 136 127 153 46 126 56 43 89 84 14 207 36 86 74 90 64 131 127 81 153 42 155 122 94 123 56 111 118 109 48 
121 147 30 69 48 104 83 31 222 141 201 169 207 159 159 138 84 116 170 142 205 148 177 180 85 191 187 141 145 179 99 61 148 192 195 154 220 177 124 152 100 165 185 139 231 175 176 166 124 107 99 145 84 171 196 156 174 169 100 58 157 0 54 96 176 179 149 212 152 168 78 144 193 113 164 38 126 149 175 128 167 181 191 208 84 77 172 217 212 78 158 138 4 102 109 199 188 169 51 231 109 
73 98 64 36 39 58 61 24 175 122 157 117 161 115 126 130 54 62 117 114 156 132 148 129 71 138 135 94 100 158 53 64 94 151 164 105 172 123 75 99 83 112 131 92 182 126 123 138 74 58 91 99 44 158 145 129 121 115 48 42 126 54 0 83 130 162 100 169 123 117 29 91 140 66 146 58 82 106 124 76 138 137 161 160 56 73 159 164 159 62 107 120 54 49 56 146 169 115 13 183 82 
76 159 74 49 51 65 24 83 152 46 129 127 137 91 72 48 34 110 138 52 144 53 85 132 13 156 140 86 83 84 64 37 131 112 104 163 152 148 139 128 9 155 157 86 168 120 156 74 88 126 11 168 124 77 141 64 165 143 111 44 69 96 83 0 111 84 99 135 62 170 69 139 160 136 69 60 70 82 126 92 76 204 99 143 32 22 79 173 169 22 158 43 93 107 87 159 93 137 72 167 28 
57 126 167 108 131 73 104 149 46 95 28 43 31 20 55 125 97 92 61 72 34 107 72 36 111 66 43 36 32 102 78 137 80 35 73 125 44 69 121 69 103 98 76 38 58 21 85 73 59 122 119 144 144 123 34 75 104 72 111 122 60 176 130 111 0 115 34 43 68 119 101 98 70 129 105 154 50 30 32 58 69 166 74 33 98 127 124 71 67 112 111 100 174 103 78 64 111 61 127 58 83 
122 216 154 126 135 122 102 166 137 41 115 152 124 102 62 45 108 168 169 56 142 32 45 149 95 179 157 115 107 15 125 119 176 91 55 218 139 179 202 169 81 200 187 118 157 134 193 43 135 192 81 230 199 13 148 44 208 179 178 126 57 179 162 84 115 0 128 112 53 219 141 191 184 202 17 142 109 100 145 138 47 261 51 136 107 103 14 185 182 104 208 42 176 171 145 179 13 168 152 156 82 
29 97 144 83 108 46 86 120 76 98 61 29 63 30 67 125 77 59 42 75 57 111 90 34 96 58 42 15 21 117 51 118 52 65 96 96 73 53 89 42 92 73 61 14 83 27 66 86 27 89 109 114 111 132 47 84 81 52 78 99 71 149 100 99 34 128 0 76 76 93 72 69 62 96 115 132 30 29 29 26 83 139 96 61 78 112 133 75 71 94 84 101 148 70 46 61 127 42 99 83 73 
97 166 200 144 166 112 135 187 26 106 16 80 20 55 66 135 130 134 96 87 42 115 68 68 139 95 72 76 70 98 117 167 120 25 58 164 29 103 163 109 128 135 107 79 47 58 120 75 101 164 142 185 185 122 55 82 140 108 153 156 70 212 169 135 43 112 76 0 79 156 141 138 98 171 107 187 88 64 68 100 71 204 62 32 131 155 123 86 85 142 149 112 210 145 120 89 104 97 166 45 110 
71 165 133 89 104 74 70 132 100 28 76 101 85 52 14 58 71 118 117 10 99 40 26 100 69 129 108 63 55 42 78 97 124 55 44 167 101 128 152 117 55 148 136 66 118 85 141 16 84 144 66 180 155 57 101 9 156 127 130 95 9 152 123 62 68 53 76 79 0 167 97 139 134 154 39 120 58 48 95 86 16 210 40 94 70 83 58 138 134 75 156 34 149 123 95 129 53 117 115 117 43 
100 25 180 130 149 106 148 140 143 184 141 77 138 122 160 208 137 61 60 164 119 198 183 88 161 68 86 104 113 208 106 170 43 154 189 17 139 55 45 52 165 22 54 102 137 100 39 179 86 62 180 41 90 222 104 175 19 48 70 146 163 168 117 170 119 219 93 156 167 0 108 31 66 58 205 173 111 122 89 82 176 48 189 128 139 172 223 92 89 155 12 187 169 70 83 77 219 60 126 138 149 
45 93 78 23 43 29 45 49 146 100 128 92 132 86 99 114 35 48 94 89 129 112 121 103 58 115 110 66 71 135 24 63 77 123 137 99 144 102 72 78 66 98 111 64 155 98 105 112 47 58 78 100 59 138 119 104 108 95 44 39 99 78 29 69 101 141 72 141 97 108 0 79 118 68 124 68 53 77 98 50 112 137 134 132 37 66 139 140 135 50 96 100 77 40 32 122 146 93 27 155 60 
70 29 153 100 121 76 118 115 130 155 123 60 121 98 133 178 107 32 46 136 106 169 156 73 131 62 73 78 87 181 76 141 19 132 164 29 126 46 31 30 134 21 50 75 127 81 37 152 57 42 150 47 72 193 91 148 30 37 45 117 136 144 91 139 98 191 69 138 139 31 79 0 62 43 176 145 83 95 72 54 149 72 164 114 109 143 194 90 86 125 19 158 144 42 53 71 192 45 99 128 120 
85 84 196 135 159 100 144 163 81 158 85 34 79 83 123 186 134 80 24 135 58 171 142 35 155 5 28 76 81 171 103 174 49 103 142 79 77 17 92 42 153 48 13 75 72 50 28 141 75 102 170 103 131 190 44 141 48 27 100 153 127 193 140 160 70 184 62 98 134 66 118 62 0 104 172 185 91 87 39 71 138 112 144 68 135 170 191 29 25 152 63 162 193 95 86 12 181 26 144 73 134 
84 34 128 89 102 81 113 87 166 163 156 97 156 123 151 180 102 38 86 148 143 176 175 110 125 104 112 100 109 195 78 126 58 160 186 42 162 88 13 68 133 61 92 97 166 115 79 168 74 10 146 34 32 202 129 162 68 78 25 102 153 113 66 136 129 202 96 171 154 58 68 43 104 0 186 123 98 117 108 73 166 72 185 150 104 133 203 132 128 117 50 164 114 32 59 113 205 85 76 167 123 
107 201 140 110 119 106 86 150 131 25 109 140 118 90 51 35 92 153 156 41 134 17 39 138 80 168 147 102 94 18 109 104 162 85 54 204 133 166 186 155 65 186 174 104 151 124 180 34 120 177 66 215 183 18 138 32 195 166 162 111 46 164 146 69 105 17 115 107 39 205 124 176 172 186 0 127 94 87 134 123 38 247 49 129 91 88 19 175 172 88 194 27 161 155 129 168 25 156 136 150 65 
104 155 14 50 26 87 53 41 199 106 177 156 184 136 128 100 58 114 161 110 186 111 144 165 51 182 173 122 123 143 83 24 144 164 162 161 198 169 132 146 66 164 178 121 212 157 172 133 111 115 62 157 100 134 179 123 174 162 104 33 126 38 58 60 154 142 132 187 120 173 68 145 185 123 127 0 105 126 160 115 134 194 158 187 57 40 135 205 200 46 162 102 35 104 99 188 151 160 48 211 79 
14 108 118 58 82 25 57 99 96 74 76 58 81 34 53 99 49 61 69 54 81 88 77 63 67 87 72 17 19 99 30 90 69 70 89 110 94 80 95 63 63 93 88 17 107 53 90 71 27 89 80 123 104 111 74 66 103 76 75 73 56 126 82 70 50 109 30 88 58 111 53 83 91 98 94 105 0 25 58 30 69 153 87 83 50 82 112 105 100 66 100 77 125 68 39 90 110 68 78 107 44 
36 123 139 80 103 49 75 123 74 71 53 54 59 10 39 100 68 80 70 48 63 85 62 54 82 83 63 18 9 88 54 108 79 46 70 123 73 80 113 71 74 102 88 22 87 41 94 58 44 109 90 139 127 104 60 56 110 80 96 94 43 149 106 82 30 100 29 64 48 122 77 95 87 117 87 126 25 0 49 45 55 167 69 62 69 98 106 95 91 83 111 76 147 88 61 84 98 69 102 87 54 
57 100 172 111 135 74 114 146 59 120 52 13 50 44 84 149 105 74 30 97 35 133 103 6 124 35 15 42 45 132 78 146 54 67 105 97 55 38 99 43 119 68 44 41 60 12 54 102 51 103 136 118 128 151 22 103 73 42 95 127 89 175 124 126 32 145 29 68 95 89 98 72 39 108 134 160 58 49 0 49 99 137 106 43 106 140 152 47 43 123 82 124 174 88 69 35 142 30 125 61 99 
18 80 126 65 90 30 75 98 101 103 86 42 88 50 81 127 64 35 47 83 81 116 105 53 87 68 60 27 36 128 33 104 41 88 114 81 98 57 68 36 86 65 66 24 107 50 64 99 5 65 103 95 86 140 70 95 74 52 54 82 84 128 76 92 58 138 26 100 86 82 50 54 71 73 123 115 30 45 49 0 97 124 113 86 66 101 141 91 86 83 71 105 126 46 21 74 139 46 77 107 69 
82 176 148 104 119 87 85 147 95 36 72 107 81 56 17 65 86 130 123 25 97 44 11 103 84 133 111 72 63 34 92 111 134 48 29 177 96 133 163 125 69 156 141 75 114 88 148 5 95 157 79 191 169 54 102 13 164 134 143 110 14 167 138 76 69 47 83 71 16 176 112 149 138 166 38 134 69 55 99 97 0 220 25 92 85 97 55 139 136 90 165 42 164 135 107 132 44 123 130 113 58 
141 46 199 159 173 143 181 157 191 225 189 125 186 168 204 246 170 95 108 206 167 239 228 136 194 114 133 149 158 252 142 197 88 201 235 44 187 102 65 98 200 69 100 146 183 147 86 223 127 81 214 38 98 263 152 219 65 96 94 173 207 181 137 204 166 261 139 204 210 48 137 72 112 72 247 194 153 167 137 124 220 0 235 176 172 203 264 137 134 187 56 227 182 98 119 123 263 107 148 184 187 
101 191 172 127 143 108 109 171 87 57 67 115 76 67 36 82 110 148 133 49 95 61 15 109 107 139 116 87 78 37 113 135 147 43 6 192 89 142 181 138 93 168 149 90 107 94 157 26 112 176 102 208 190 62 103 36 175 144 162 134 36 191 161 99 74 51 96 62 40 189 134 164 144 185 49 158 87 69 106 113 25 235 0 88 109 120 63 140 138 114 179 63 188 155 126 137 43 133 153 106 82 
88 141 200 140 164 104 137 180 17 122 22 55 14 53 81 152 130 115 69 100 10 133 91 42 144 64 43 67 64 122 110 170 96 46 85 138 13 74 141 85 135 108 77 69 26 36 91 96 87 144 150 160 169 145 25 100 111 81 136 155 86 208 160 143 33 136 61 32 94 128 132 114 68 150 129 187 83 62 43 86 92 176 88 0 131 160 146 55 54 145 122 127 206 128 106 58 130 70 159 25 116 
51 128 71 20 36 37 10 63 143 66 121 104 127 79 76 77 3 79 112 61 130 77 95 111 23 132 120 66 67 103 35 40 102 109 112 132 141 122 108 101 30 126 131 66 155 103 129 85 62 94 42 136 95 103 124 76 136 117 80 26 74 84 56 32 98 107 78 131 70 139 37 109 135 104 91 57 50 69 106 66 85 172 109 131 0 36 104 153 148 18 127 65 82 75 57 137 113 111 46 155 28 
86 159 53 44 37 72 27 68 170 66 147 139 155 108 93 62 38 112 147 73 160 72 106 145 17 167 153 99 98 104 70 17 137 131 125 164 170 157 138 136 29 160 166 99 185 135 164 95 97 123 23 166 117 95 156 85 170 152 109 32 90 77 73 22 127 103 112 155 83 172 66 143 170 133 88 40 82 98 140 101 97 203 120 160 36 0 96 186 182 19 161 62 74 106 91 171 112 146 61 185 45 
124 219 147 124 130 123 99 161 148 40 126 159 135 109 69 36 106 170 175 59 152 28 56 157 90 187 165 120 113 26 126 112 181 102 67 221 150 185 203 174 77 204 193 123 168 142 198 51 138 193 74 232 198 2 156 50 213 185 178 122 64 172 159 79 124 14 133 123 58 223 139 194 191 203 19 135 112 106 152 141 55 264 63 146 104 96 0 194 191 99 212 40 169 172 146 186 25 175 149 167 81 
102 112 217 155 180 119 161 187 64 164 75 49 68 88 126 194 151 106 49 141 46 177 141 42 171 29 33 88 91 172 123 192 76 98 138 106 60 45 120 68 166 76 41 88 50 55 56 143 94 130 183 131 159 193 38 145 74 54 127 172 131 217 164 173 71 185 75 86 138 92 140 90 29 132 175 205 105 95 47 91 139 137 140 55 153 186 194 0 6 169 90 169 216 121 109 20 180 50 167 51 146 
98 108 212 150 175 114 156 182 64 160 74 44 66 84 122 190 146 101 44 137 45 173 138 38 166 24 29 84 87 169 118 187 71 95 136 102 60 40 116 63 161 72 37 83 51 51 52 140 90 125 178 127 154 189 35 142 71 50 122 167 127 212 159 169 67 182 71 85 134 89 135 86 25 128 172 200 100 91 43 86 136 134 138 54 148 182 191 6 0 164 87 165 211 116 104 15 177 45 162 53 142 
68 142 60 29 32 54 9 62 156 65 134 121 140 93 83 69 20 95 129 65 145 73 100 128 9 149 136 82 82 103 52 25 119 119 118 147 155 139 122 118 24 142 148 82 170 118 146 89 79 108 30 150 104 98 139 79 152 134 93 23 81 78 62 22 112 104 94 142 75 155 50 125 152 117 88 46 66 83 123 83 90 187 114 145 18 19 99 169 164 0 143 62 75 90 73 154 112 128 51 169 33 
88 22 169 118 138 94 137 130 138 173 134 70 131 113 149 196 125 49 53 153 114 187 172 82 149 64 80 94 103 198 94 159 33 145 179 17 133 50 37 42 153 16 50 91 133 92 35 168 74 53 168 41 82 210 98 165 19 42 59 134 153 158 107 158 111 208 84 149 156 12 96 19 63 50 194 162 100 111 82 71 165 56 179 122 127 161 212 90 87 143 0 176 159 59 71 73 208 53 115 134 138 
88 181 115 85 93 85 60 124 133 6 109 129 118 82 47 26 67 132 143 29 131 13 49 129 54 157 138 87 81 42 87 78 145 88 68 184 134 154 165 139 39 169 162 89 151 115 165 39 102 154 41 194 158 39 133 31 179 152 139 84 42 138 120 43 100 42 101 112 34 187 100 158 162 164 27 102 77 76 124 105 42 227 63 127 65 62 40 169 165 62 176 0 135 133 108 159 51 143 110 151 41 
119 147 27 67 46 102 80 30 220 138 199 168 205 157 156 134 81 116 169 140 204 145 174 179 82 190 186 139 143 176 97 58 148 189 192 155 218 176 125 152 98 165 184 138 230 174 176 163 123 108 96 146 85 168 194 154 174 168 100 56 155 4 54 93 174 176 148 210 149 169 77 144 193 114 161 35 125 147 174 126 164 182 188 206 82 74 169 216 211 75 159 135 0 102 108 198 185 168 50 230 107 
54 54 111 62 80 50 84 73 144 132 131 78 132 95 120 150 73 15 73 117 122 145 144 91 97 93 95 72 80 164 47 102 47 133 156 59 141 78 33 54 103 63 85 69 147 93 75 137 46 22 117 62 41 171 109 131 72 69 9 77 122 102 49 107 103 171 70 145 123 70 40 42 95 32 155 104 68 88 88 46 135 98 155 128 75 106 172 121 116 90 59 133 102 0 29 102 174 71 57 148 92 
26 74 110 51 74 24 66 79 121 107 106 61 108 68 92 127 55 25 63 90 101 120 116 73 79 84 79 45 53 136 23 92 47 106 128 77 119 71 58 47 82 69 79 42 127 71 74 109 19 50 98 86 67 145 90 103 79 64 36 68 94 109 56 87 78 145 46 120 95 83 32 53 86 59 129 99 39 61 69 21 107 119 126 106 57 91 146 109 104 73 71 108 108 29 0 91 147 61 58 128 69 
86 94 199 138 163 102 145 169 71 154 76 33 70 78 118 183 135 87 30 131 48 167 136 30 156 10 22 75 79 166 106 176 57 95 135 89 66 26 102 49 152 58 24 74 61 45 39 136 77 111 169 113 140 185 35 137 59 35 108 155 123 199 146 159 64 179 61 89 129 77 122 71 12 113 168 188 90 84 35 74 132 123 137 58 137 171 186 20 15 154 73 159 198 102 91 0 175 31 148 62 133 
123 218 164 133 143 125 110 174 129 48 109 150 117 100 60 57 115 171 167 58 136 41 40 146 104 176 154 115 107 11 129 128 177 84 47 219 131 177 204 168 89 199 184 118 149 131 191 41 136 196 90 232 204 25 143 45 208 178 181 134 56 188 169 93 111 13 127 104 53 219 146 192 181 205 25 151 110 98 142 139 44 263 43 130 113 112 25 180 177 112 208 51 185 174 147 175 0 167 159 148 87 
62 72 170 110 134 75 120 139 86 139 82 19 79 68 107 166 109 56 2 116 62 153 128 29 132 23 29 56 62 157 78 150 28 96 132 68 82 12 74 19 130 39 21 54 83 41 25 126 50 81 147 91 110 173 47 125 44 12 78 128 111 169 115 137 61 168 42 97 117 60 93 45 26 85 156 160 68 69 30 46 123 107 133 70 111 146 175 50 45 128 53 143 168 71 61 31 167 0 119 83 111 
71 107 55 27 27 55 50 22 173 112 154 119 158 111 118 119 45 68 120 106 155 122 140 129 60 141 136 92 97 149 50 52 100 146 156 114 171 128 85 103 72 119 136 90 182 125 128 130 74 68 79 110 56 147 145 121 128 120 57 30 118 51 13 72 127 152 99 166 115 126 27 99 144 76 136 48 78 102 125 77 130 148 153 159 46 61 149 167 162 51 115 110 50 57 58 148 159 119 0 182 73 
111 154 224 164 188 128 161 203 20 145 42 71 33 77 104 175 154 134 82 124 27 156 112 58 168 71 55 91 89 142 133 194 111 66 103 150 18 85 157 100 159 119 85 92 2 57 100 117 109 162 175 173 188 166 39 122 120 93 155 179 109 231 183 167 58 156 83 45 117 138 155 128 73 167 150 211 107 87 61 107 113 184 106 25 155 185 167 51 53 169 134 151 230 148 128 62 148 83 182 0 140 
52 142 92 47 62 45 27 90 126 41 103 101 110 64 50 59 29 93 112 34 116 54 68 104 30 130 113 59 56 77 47 57 109 87 86 145 125 123 124 105 20 133 131 60 141 93 132 58 65 113 37 153 118 79 113 49 143 119 98 52 48 109 82 28 83 82 73 110 43 149 60 120 134 123 65 79 44 54 99 69 58 187 82 116 28 45 81 146 142 33 138 41 107 92 69 133 87 111 73 140 0 
