50 3
9 9 10 
0 16 89 95 76 38 54 88 107 75 54 84 59 26 78 54 96 65 101 109 54 80 129 32 86 64 51 107 85 70 64 123 19 135 124 60 122 63 99 16 70 24 84 68 117 44 21 32 96 51 107 95 95 71 93 41 127 29 113 38 67 66 30 56 106 69 93 42 21 108 81 122 59 65 79 84 51 84 67 118 57 126 85 83 134 83 55 105 82 117 93 113 98 71 72 76 62 110 69 103 100 
16 0 74 110 85 49 51 103 113 66 53 99 70 12 85 45 86 51 101 94 61 66 138 37 71 50 66 97 97 70 56 135 19 127 136 75 133 63 112 6 85 25 69 53 127 59 25 34 99 43 100 100 102 86 107 26 119 41 124 52 69 69 21 66 109 76 106 46 6 101 81 130 55 80 66 72 38 95 54 107 69 139 87 75 122 80 56 90 97 125 99 123 99 64 86 66 52 100 83 88 103 
89 74 0 183 142 116 86 176 160 68 94 170 134 64 136 68 76 42 129 36 119 22 193 96 5 38 138 75 164 107 70 200 83 115 204 148 197 103 178 74 158 86 24 22 187 132 90 90 138 71 99 143 152 159 176 48 111 110 181 123 111 117 71 127 145 128 171 101 68 103 116 180 81 153 43 56 50 161 47 75 136 207 125 76 73 105 99 23 168 175 151 182 129 81 155 68 62 88 152 22 137 
95 110 183 0 83 76 122 24 111 157 115 25 69 120 98 137 176 154 148 200 94 173 104 96 180 157 46 185 65 121 141 79 105 205 73 42 88 117 54 109 27 102 176 162 85 51 97 102 130 133 177 114 101 26 52 135 197 78 89 63 119 111 119 78 131 95 58 98 115 177 132 112 130 34 170 167 140 68 157 197 63 73 128 158 219 144 112 198 26 108 109 85 135 147 52 158 147 187 48 196 131 
76 85 142 83 0 39 59 96 35 149 50 59 21 87 15 129 170 103 172 145 117 124 54 49 141 131 58 116 122 46 79 151 94 210 148 84 157 45 44 80 63 62 125 127 45 62 60 54 162 126 182 32 23 64 119 103 202 48 40 49 137 133 104 20 49 17 35 42 88 183 152 47 66 80 149 105 92 123 137 128 28 149 154 89 153 157 46 148 57 42 151 41 53 146 104 150 136 184 36 147 48 
38 49 116 76 39 0 47 79 72 113 40 57 22 54 44 92 134 81 135 126 81 101 91 21 114 98 34 110 94 50 66 128 56 172 126 58 131 44 64 45 50 31 104 98 79 34 27 27 126 89 144 63 59 51 95 72 165 10 76 17 100 96 67 19 77 36 57 22 53 146 114 85 55 58 115 92 68 94 102 122 21 128 117 82 144 119 38 127 55 80 116 75 73 109 76 114 100 147 37 125 73 
54 51 86 122 59 47 0 125 75 111 10 102 57 45 50 93 130 45 151 87 107 67 107 29 86 84 80 64 134 22 21 170 69 172 169 101 171 17 100 46 96 31 68 75 103 78 35 25 149 91 147 58 66 98 138 57 165 47 96 62 119 119 71 48 63 43 91 25 51 149 131 94 9 103 102 48 37 133 93 76 62 172 137 36 99 131 14 90 100 90 146 98 50 113 118 111 97 144 79 90 55 
88 103 176 24 96 79 125 0 127 142 119 43 79 114 110 124 160 151 127 196 75 168 124 97 173 146 46 187 41 128 142 58 94 186 53 29 65 123 74 103 33 101 171 154 105 48 96 103 108 120 158 128 116 32 29 128 178 78 109 63 100 91 108 87 144 106 78 101 108 158 111 131 133 24 157 167 137 44 144 199 72 53 107 160 219 125 117 192 44 127 86 105 146 130 30 143 134 169 60 191 143 
107 113 160 111 35 72 75 127 0 178 67 87 56 113 29 158 199 119 206 155 151 140 37 77 160 156 92 118 156 54 91 184 125 240 180 118 190 58 62 108 95 89 140 149 42 97 89 80 197 156 212 18 13 96 152 128 232 81 34 83 171 167 134 53 27 38 55 68 116 214 185 20 79 114 174 114 112 157 163 130 62 180 188 95 156 189 63 162 86 17 186 38 41 177 138 179 165 213 68 161 32 
75 66 68 157 149 113 111 142 178 0 115 153 134 67 150 22 21 84 61 104 69 80 203 102 64 35 119 133 117 132 106 149 58 62 154 115 142 126 172 71 136 90 84 53 191 111 90 98 73 25 37 164 167 137 132 55 55 104 188 111 51 60 46 130 172 141 167 111 63 40 51 195 111 123 27 108 80 113 24 137 131 158 61 121 140 38 118 91 151 190 90 187 160 15 115 2 14 35 142 89 165 
54 53 94 115 50 40 10 119 67 115 0 94 49 49 42 97 135 54 153 96 107 75 99 25 94 90 74 71 130 18 30 166 70 177 165 96 168 11 91 48 89 31 77 82 94 72 34 23 149 95 151 51 58 91 134 63 170 42 88 56 120 119 74 40 57 34 82 18 54 153 133 86 17 97 108 57 45 129 98 84 54 167 138 44 107 133 5 99 92 81 145 89 46 116 114 116 102 149 71 99 50 
84 99 170 25 59 57 102 43 87 153 94 0 47 107 74 132 173 138 153 183 97 157 82 78 168 147 34 165 79 98 122 100 97 206 95 46 107 95 33 97 18 86 160 151 63 42 82 84 138 128 177 90 77 18 70 124 197 62 67 48 122 114 111 56 107 72 36 78 104 177 135 89 110 38 162 148 124 81 149 177 41 95 134 137 200 146 91 183 3 85 119 63 112 144 62 154 142 185 25 182 107 
59 70 134 69 21 22 57 79 56 134 49 47 0 75 32 113 155 98 153 142 97 119 71 39 133 119 38 119 102 52 78 132 77 193 130 64 137 49 45 66 46 50 121 117 58 42 47 45 142 110 165 51 43 48 100 92 185 31 55 29 118 114 88 10 67 27 37 35 74 166 133 67 65 61 136 105 86 103 123 132 8 131 134 92 155 139 46 144 45 62 131 54 68 129 84 135 121 168 23 143 65 
26 12 64 120 87 54 45 114 113 67 49 107 75 0 85 48 86 40 108 83 71 55 140 38 62 45 75 86 109 66 47 146 29 128 148 86 145 60 117 11 94 26 58 45 131 69 28 33 107 46 102 98 102 95 118 18 121 47 126 60 77 78 27 69 106 76 111 46 8 104 89 130 47 91 62 61 27 107 51 96 74 151 95 66 110 86 52 79 105 126 109 126 95 68 97 67 53 101 89 78 99 
78 85 136 98 15 44 50 110 29 150 42 74 32 85 0 130 170 95 178 135 124 116 58 49 135 129 69 103 133 34 69 164 97 211 161 95 169 35 58 80 77 61 117 123 54 73 60 52 169 127 184 20 18 78 132 101 204 53 47 58 143 140 105 27 35 10 49 39 87 185 157 46 56 92 146 95 86 134 135 116 39 162 160 77 141 161 38 140 72 41 160 49 38 148 115 150 136 184 51 139 34 
54 45 68 137 129 92 93 124 158 22 97 132 113 48 130 0 42 73 66 101 55 74 182 81 64 31 98 123 102 114 91 137 37 82 141 97 132 107 151 51 116 70 79 48 170 90 70 79 72 5 55 145 146 116 116 40 75 83 167 90 44 50 25 110 153 120 146 91 43 57 50 175 94 104 35 97 66 99 24 129 110 145 58 108 136 42 99 90 130 170 83 166 142 20 98 22 11 56 121 89 146 
96 86 76 176 170 134 130 160 199 21 135 173 155 86 170 42 0 100 63 112 86 92 224 122 72 49 139 146 132 151 124 162 79 43 168 134 154 145 193 91 156 110 96 65 212 131 111 119 79 46 24 184 187 156 148 73 37 125 209 131 64 73 67 151 192 161 188 131 83 27 60 216 129 142 35 122 97 128 39 149 152 172 69 137 149 43 138 97 171 211 100 208 179 30 132 21 34 15 163 96 184 
65 51 42 154 103 81 45 151 119 84 54 138 98 40 95 73 100 0 138 46 110 22 152 60 42 51 109 50 148 65 29 186 68 142 187 124 184 62 142 49 128 52 24 36 147 104 57 54 141 73 121 102 111 129 157 35 136 77 141 92 111 114 61 90 104 88 134 64 47 123 121 139 40 128 67 25 14 146 62 58 100 190 128 39 71 114 58 47 136 134 147 142 89 92 136 84 73 113 117 46 96 
101 101 129 148 172 135 151 127 206 61 153 153 153 108 178 66 63 138 0 164 58 138 222 133 124 93 125 188 90 170 154 111 84 66 118 109 101 163 181 106 136 123 143 112 207 117 121 132 22 65 45 195 193 136 106 104 59 126 206 125 35 40 82 153 207 169 179 142 101 43 21 219 154 117 88 162 130 86 83 194 148 122 20 172 200 25 155 151 153 214 47 204 199 49 97 62 68 63 153 150 201 
109 94 36 200 145 126 87 196 155 104 96 183 142 83 135 101 112 46 164 0 148 30 190 106 41 71 154 49 190 102 67 227 108 150 230 168 225 101 185 93 173 98 26 53 188 150 103 99 172 103 135 138 149 175 200 72 146 123 181 137 144 149 98 133 135 129 177 108 90 138 150 175 80 173 78 42 60 188 81 44 145 233 159 62 38 139 100 16 181 171 182 183 119 115 179 103 96 123 162 17 127 
54 61 119 94 117 81 107 75 151 69 107 97 97 71 124 55 86 110 58 148 0 119 165 84 115 83 67 157 48 123 116 83 43 111 87 53 78 116 124 65 79 77 123 97 150 60 74 85 46 51 83 143 139 79 63 77 103 72 149 69 26 18 50 99 156 116 121 93 64 83 39 163 112 61 89 132 98 45 78 166 92 91 38 135 179 51 108 139 96 158 39 147 150 57 47 70 64 95 95 138 151 
80 66 22 173 124 101 67 168 140 80 75 157 119 55 116 74 92 22 138 30 119 0 173 81 24 46 127 55 161 86 49 198 79 133 201 140 196 83 163 65 146 72 5 28 169 122 76 75 145 76 115 123 132 148 171 43 128 96 163 111 116 121 69 111 123 109 155 85 61 118 123 159 61 145 58 34 34 159 57 58 121 204 132 54 62 114 80 26 155 155 154 164 108 90 150 80 71 105 137 25 115 
129 138 193 104 54 91 107 124 37 203 99 82 71 140 58 182 224 152 222 190 165 173 0 103 192 185 100 154 159 88 125 181 147 263 176 123 189 91 51 134 96 115 174 179 20 107 114 107 210 179 235 54 42 97 152 157 255 100 17 98 188 182 157 73 62 66 48 95 142 236 202 19 113 117 202 149 143 161 190 166 75 176 203 130 192 209 94 196 82 21 195 20 77 199 142 204 190 237 72 196 68 
32 37 96 96 49 21 29 97 77 102 25 78 39 38 49 81 122 60 133 106 84 81 103 0 95 82 53 91 106 40 46 142 50 163 141 73 144 33 83 32 70 13 83 79 94 50 12 7 127 79 136 64 66 71 110 55 155 20 89 35 98 97 57 32 75 39 75 10 39 137 112 94 36 75 100 71 48 105 88 102 41 144 116 63 123 114 25 106 76 89 122 89 67 100 90 102 88 136 57 105 69 
86 71 5 180 141 114 86 173 160 64 94 168 133 62 135 64 72 42 124 41 115 24 192 95 0 33 136 78 160 107 71 197 80 111 200 144 193 102 177 72 155 84 27 19 186 129 88 89 134 66 95 143 151 156 172 45 107 108 180 121 107 113 67 126 145 127 169 100 66 98 112 179 82 150 38 58 50 157 42 79 134 203 121 77 78 100 98 27 166 175 146 181 130 76 152 63 58 84 150 26 137 
64 50 38 157 131 98 84 146 156 35 90 147 119 45 129 31 49 51 93 71 83 46 185 82 33 0 114 99 130 106 76 165 53 92 169 118 161 100 161 53 133 70 51 19 175 107 73 78 102 34 70 141 146 134 143 29 86 90 171 101 74 80 39 114 146 120 155 90 45 73 79 174 83 124 18 74 49 127 12 103 118 173 88 89 107 69 94 60 145 170 114 171 133 45 123 35 26 63 132 58 139 
51 66 138 46 58 34 80 46 92 119 74 34 38 75 69 98 139 109 125 154 67 127 100 53 136 114 0 142 65 83 98 96 63 173 94 27 100 78 57 64 20 57 130 118 83 9 52 58 111 94 144 88 80 21 63 91 165 34 83 18 91 85 77 44 104 63 55 56 71 145 105 100 88 25 128 123 95 66 115 154 31 95 105 115 175 114 72 152 33 96 96 81 104 111 47 120 108 151 29 151 101 
107 97 75 185 116 110 64 187 118 133 71 165 119 86 103 123 146 50 188 49 157 55 154 91 78 99 142 0 192 70 46 229 115 187 229 162 229 72 159 94 159 88 51 81 155 140 93 85 191 123 168 101 114 161 198 85 182 110 147 125 161 163 110 110 94 99 150 88 94 171 170 137 56 165 112 26 60 190 110 13 125 232 178 28 39 164 74 62 163 134 195 150 78 141 177 133 122 159 141 62 87 
85 97 164 65 122 94 134 41 156 117 130 79 102 109 133 102 132 148 90 190 48 161 159 106 160 130 65 192 0 143 147 38 82 152 40 39 38 137 110 100 64 105 165 142 141 61 100 110 70 99 126 152 144 63 17 119 145 89 143 77 69 60 94 107 168 127 112 113 102 125 77 162 141 43 137 168 135 5 125 202 95 44 72 167 218 93 129 183 79 158 46 139 166 104 19 118 112 140 89 182 165 
70 70 107 121 46 50 22 128 54 132 18 98 52 66 34 114 151 65 170 102 123 86 88 40 107 106 83 70 143 0 38 177 87 194 176 107 180 8 89 65 96 47 87 97 87 83 50 39 165 112 168 37 47 98 145 79 187 55 80 67 136 135 91 43 41 29 81 31 71 170 150 74 26 107 124 62 59 143 114 83 58 178 154 44 108 150 16 108 96 70 161 82 29 133 126 133 118 166 74 108 34 
64 56 70 141 79 66 21 142 91 106 30 122 78 47 69 91 124 29 154 67 116 49 125 46 71 76 98 46 147 38 0 184 74 167 184 117 185 35 120 51 115 43 50 63 122 95 48 40 153 90 143 74 84 116 153 52 160 65 115 80 123 124 73 69 75 63 112 44 54 145 135 111 14 119 93 27 27 146 86 57 82 187 141 20 79 131 34 72 120 107 154 117 60 111 133 106 93 138 99 71 67 
123 135 200 79 151 128 170 58 184 149 166 100 132 146 164 137 162 186 111 227 83 198 181 142 197 165 96 229 38 177 184 0 120 176 9 71 13 171 131 137 89 141 202 179 162 95 137 146 90 133 152 183 172 88 33 156 169 124 166 111 99 90 131 139 199 159 135 148 139 151 104 188 177 72 171 206 172 40 160 239 125 13 96 204 256 120 165 220 101 184 65 162 199 135 52 150 146 168 116 219 197 
19 19 83 105 94 56 69 94 125 58 70 97 77 29 97 37 79 68 84 108 43 79 147 50 80 53 63 115 82 87 74 120 0 117 122 66 117 80 115 24 81 40 83 61 134 55 38 49 81 33 88 113 113 82 93 37 109 47 132 53 51 51 15 75 124 88 110 60 22 90 64 141 73 72 66 90 56 80 53 124 74 125 69 94 138 65 72 102 95 136 81 130 115 53 73 59 46 92 85 100 118 
135 127 115 205 210 172 172 186 240 62 177 206 193 128 211 82 43 142 66 150 111 133 263 163 111 92 173 187 152 194 167 176 117 0 183 163 166 187 229 132 188 151 136 108 250 165 151 160 87 85 29 226 228 188 169 116 9 163 248 168 87 95 107 191 234 202 225 172 125 29 75 256 172 171 76 164 140 148 82 189 190 187 81 180 187 61 180 135 204 251 112 246 222 64 156 62 76 29 199 134 227 
124 136 204 73 148 126 169 53 180 154 165 95 130 148 161 141 168 187 118 230 87 201 176 141 200 169 94 229 40 176 184 9 122 183 0 69 21 170 126 138 85 142 205 182 157 93 137 146 97 137 159 179 169 84 32 158 176 123 161 110 104 95 133 137 196 156 130 147 141 158 110 183 177 70 176 206 174 43 164 240 122 5 103 204 257 126 163 223 96 179 72 157 197 140 52 155 150 174 112 222 194 
60 75 148 42 84 58 101 29 118 115 96 46 64 86 95 97 134 124 109 168 53 140 123 73 144 118 27 162 39 107 117 71 66 163 69 0 74 102 76 76 29 75 144 126 105 25 70 78 92 93 135 114 106 28 38 100 155 55 106 41 78 70 80 70 130 89 76 79 80 135 91 125 109 9 130 141 110 40 117 174 57 71 89 136 193 103 95 164 45 120 74 103 129 105 21 116 107 145 52 163 127 
122 133 197 88 157 131 171 65 190 142 168 107 137 145 169 132 154 184 101 225 78 196 189 144 193 161 100 229 38 180 185 13 117 166 21 74 0 174 139 136 96 142 200 175 170 98 137 147 80 128 143 188 178 95 39 153 159 126 173 114 92 83 127 144 204 163 142 150 137 142 95 195 178 77 166 205 171 39 155 239 130 25 87 204 254 112 167 217 108 191 55 170 203 128 55 143 140 159 123 215 201 
63 63 103 117 45 44 17 123 58 126 11 95 49 60 35 107 145 62 163 101 116 83 91 33 102 100 78 72 137 8 35 171 80 187 170 102 174 0 88 58 92 40 83 92 88 77 43 32 158 105 161 42 50 93 139 73 180 48 81 61 129 128 84 39 47 29 79 24 64 163 143 77 22 102 118 61 54 136 108 84 55 172 147 44 109 143 9 106 93 73 154 83 36 127 120 126 112 160 71 105 40 
99 112 178 54 44 64 100 74 62 172 91 33 45 117 58 151 193 142 181 185 124 163 51 83 177 161 57 159 110 89 120 131 115 229 126 76 139 88 0 108 48 94 165 161 32 65 90 89 167 148 200 70 55 48 102 135 221 71 36 62 148 141 128 53 85 61 9 79 116 201 162 59 107 69 177 147 130 113 165 172 43 126 161 132 196 171 87 188 32 56 149 32 94 166 94 173 160 206 31 187 88 
16 6 74 109 80 45 46 103 108 71 48 97 66 11 80 51 91 49 106 93 65 65 134 32 72 53 64 94 100 65 51 137 24 132 138 76 136 58 108 0 84 20 69 55 123 58 21 29 104 48 105 95 97 85 108 28 125 38 119 50 74 74 26 62 104 71 102 41 9 107 86 125 50 80 70 69 36 98 58 103 66 141 92 71 119 86 50 89 95 120 103 119 94 70 87 71 57 105 80 88 97 
70 85 158 27 63 50 96 33 95 136 89 18 46 94 77 116 156 128 136 173 79 146 96 70 155 133 20 159 64 96 115 89 81 188 85 29 96 92 48 84 0 76 149 137 78 27 71 76 120 112 159 95 84 2 58 110 180 51 80 36 104 97 95 55 111 73 49 72 90 160 117 100 104 22 146 141 114 66 133 171 39 86 116 132 193 128 87 172 17 96 102 76 114 127 46 137 125 167 28 170 110 
24 25 86 102 62 31 31 101 89 90 31 86 50 26 61 70 110 52 123 98 77 72 115 13 84 70 57 88 105 47 43 141 40 151 142 75 142 40 94 20 76 0 74 68 106 53 6 9 119 67 124 75 78 77 111 43 144 25 101 40 90 89 45 44 85 51 86 22 27 126 103 106 37 78 87 67 39 103 76 99 51 144 108 63 119 104 32 97 84 101 116 101 76 89 90 90 76 124 67 96 79 
84 69 24 176 125 104 68 171 140 84 77 160 121 58 117 79 96 24 143 26 123 5 174 83 27 51 130 51 165 87 50 202 83 136 205 144 200 83 165 69 149 74 0 32 170 125 79 77 149 80 119 123 133 151 175 47 131 99 164 114 120 125 74 113 123 110 157 87 65 122 128 160 62 148 62 32 36 163 61 54 123 208 136 52 58 119 81 24 158 156 158 165 107 95 154 84 75 108 140 23 115 
68 53 22 162 127 98 75 154 149 53 82 151 117 45 123 48 65 36 112 53 97 28 179 79 19 19 118 81 142 97 63 179 61 108 182 126 175 92 161 55 137 68 32 0 172 112 71 74 119 50 88 133 139 138 154 28 102 91 167 104 91 96 49 111 136 114 154 86 48 91 97 168 72 132 32 57 38 139 30 85 118 185 106 74 89 87 86 43 149 163 130 167 122 63 133 53 44 79 133 42 129 
117 127 187 85 45 79 103 105 42 191 94 63 58 131 54 170 212 147 207 188 150 169 20 94 186 175 83 155 141 87 122 162 134 250 157 105 170 88 32 123 78 106 170 172 0 90 103 99 194 167 222 56 42 78 133 148 242 88 9 83 172 167 146 62 69 60 30 87 131 223 187 32 109 99 192 148 137 143 180 167 61 157 187 130 193 194 90 193 63 30 178 6 81 187 124 192 178 226 55 192 73 
44 59 132 51 62 34 78 48 97 111 72 42 42 69 73 90 131 104 117 150 60 122 107 50 129 107 9 140 61 83 95 95 55 165 93 25 98 77 65 58 27 53 125 112 90 0 48 55 104 87 136 92 84 28 62 85 157 31 90 17 83 77 69 47 107 66 62 55 64 137 97 106 85 25 120 119 90 62 107 151 35 95 98 113 171 106 71 147 41 101 90 88 106 103 44 112 100 143 36 146 104 
21 25 90 97 60 27 35 96 89 90 34 82 47 28 60 70 111 57 121 103 74 76 114 12 88 73 52 93 100 50 48 137 38 151 137 70 137 43 90 21 71 6 79 71 103 48 0 12 116 67 124 76 77 72 106 45 144 21 99 35 87 86 45 42 86 51 83 22 29 126 101 105 41 73 90 72 44 99 78 104 47 139 105 67 124 103 35 102 80 100 112 99 78 89 85 91 77 125 63 100 80 
32 34 90 102 54 27 25 103 80 98 23 84 45 33 52 79 119 54 132 99 85 75 107 7 89 78 58 85 110 39 40 146 49 160 146 78 147 32 89 29 76 9 77 74 99 55 12 0 127 76 133 67 69 77 115 50 153 25 94 40 98 97 54 38 76 43 81 13 36 135 112 98 32 80 95 66 42 109 84 97 47 148 116 59 118 113 24 100 82 93 123 94 67 98 94 99 85 133 63 99 70 
96 99 138 130 162 126 149 108 197 73 149 138 142 107 169 72 79 141 22 172 46 145 210 127 134 102 111 191 70 165 153 90 81 87 97 92 80 158 167 104 120 119 149 119 194 104 116 127 0 70 65 188 184 120 86 107 80 117 194 114 31 31 82 144 200 161 165 136 100 63 23 209 153 100 100 165 132 66 92 198 137 101 14 172 207 37 150 161 137 204 26 191 194 59 79 74 77 81 139 159 195 
51 43 71 133 126 89 91 120 156 25 95 128 110 46 127 5 46 73 65 103 51 76 179 79 66 34 94 123 99 112 90 133 33 85 137 93 128 105 148 48 112 67 80 50 167 87 67 76 70 0 57 142 144 113 113 40 77 80 164 86 41 47 23 107 151 118 143 89 41 59 48 172 93 100 39 98 66 95 27 130 107 141 56 108 137 42 98 92 127 167 80 163 141 22 94 26 15 59 118 91 145 
107 100 99 177 182 144 147 158 212 37 151 177 165 102 184 55 24 121 45 135 83 115 235 136 95 70 144 168 126 168 143 152 88 29 159 135 143 161 200 105 159 124 119 88 222 136 124 133 65 57 0 199 200 160 142 91 21 135 219 139 59 68 79 163 208 174 196 145 98 4 50 228 147 143 58 144 117 122 59 172 161 163 57 158 172 34 154 121 176 223 88 218 196 36 129 37 50 18 170 120 201 
95 100 143 114 32 63 58 128 18 164 51 90 51 98 20 145 184 102 195 138 143 123 54 64 143 141 88 101 152 37 74 183 113 226 179 114 188 42 70 95 95 75 123 133 56 92 76 67 188 142 199 0 16 96 150 113 219 71 48 77 161 158 120 46 17 27 61 54 102 201 175 38 62 111 158 97 95 153 148 113 58 180 178 77 139 178 47 145 88 34 178 51 26 164 134 165 151 199 68 144 18 
95 102 152 101 23 59 66 116 13 167 58 77 43 102 18 146 187 111 193 149 139 132 42 66 151 146 80 114 144 47 84 172 113 228 169 106 178 50 55 97 84 78 133 139 42 84 77 69 184 144 200 16 0 85 140 118 220 68 34 71 158 155 122 40 31 27 47 56 104 202 173 29 71 102 163 108 102 145 152 127 50 169 175 90 152 177 54 155 76 24 173 37 41 165 126 167 153 201 57 154 34 
71 86 159 26 64 51 98 32 96 137 91 18 48 95 78 116 156 129 136 175 79 148 97 71 156 134 21 161 63 98 116 88 82 188 84 28 95 93 48 85 2 77 151 138 78 28 72 77 120 113 160 96 85 0 57 111 180 53 80 38 104 97 96 56 112 74 49 73 91 160 118 101 106 21 147 142 115 65 134 173 40 85 116 133 194 128 88 173 18 97 102 77 115 128 46 138 126 168 29 172 111 
93 107 176 52 119 95 138 29 152 132 134 70 100 118 132 116 148 157 106 200 63 171 152 110 172 143 63 198 17 145 153 33 93 169 32 38 39 139 102 108 58 111 175 154 133 62 106 115 86 113 142 150 140 57 0 130 161 92 136 79 85 76 106 107 166 126 104 116 111 142 94 157 146 40 151 176 144 21 139 209 93 34 88 173 227 109 133 194 71 153 62 132 167 119 22 133 126 156 85 193 164 
41 26 48 135 103 72 57 128 128 55 63 124 92 18 101 40 73 35 104 72 77 43 157 55 45 29 91 85 119 79 52 156 37 116 158 100 153 73 135 28 110 43 47 28 148 85 45 50 107 40 91 113 118 111 130 0 109 64 143 77 77 80 27 86 119 92 128 62 21 94 86 146 57 105 46 59 27 116 36 92 92 162 94 69 103 81 66 66 122 142 113 143 107 59 109 55 42 88 107 64 112 
127 119 111 197 202 165 165 178 232 55 170 197 185 121 204 75 37 136 59 146 103 128 255 155 107 86 165 182 145 187 160 169 109 9 176 155 159 180 221 125 180 144 131 102 242 157 144 153 80 77 21 219 220 180 161 109 0 155 240 160 79 87 99 183 227 194 217 165 117 21 68 248 166 163 71 159 134 140 75 184 182 180 74 174 183 53 173 131 196 243 105 239 215 56 149 55 69 24 191 130 220 
29 41 110 78 48 10 47 78 81 104 42 62 31 47 53 83 125 77 126 123 72 96 100 20 108 90 34 110 89 55 65 124 47 163 123 55 126 48 71 38 51 25 99 91 88 31 21 25 117 80 135 71 68 53 92 64 155 0 85 16 91 87 58 29 84 44 65 25 45 136 105 95 55 56 107 90 64 88 94 121 29 125 108 83 142 110 41 122 59 90 109 84 80 100 72 105 91 138 43 121 80 
113 124 181 89 40 76 96 109 34 188 88 67 55 126 47 167 209 141 206 181 149 163 17 89 180 171 83 147 143 80 115 166 132 248 161 106 173 81 36 119 80 101 164 167 9 90 99 94 194 164 219 48 34 80 136 143 240 85 0 82 171 166 142 58 60 54 32 82 127 220 186 25 103 100 188 141 131 145 176 160 59 161 187 123 186 193 83 186 66 23 179 5 74 184 125 189 175 222 55 185 65 
38 52 123 63 49 17 62 63 83 111 56 48 29 60 58 90 131 92 125 137 69 111 98 35 121 101 18 125 77 67 80 111 53 168 110 41 114 61 62 50 36 40 114 104 83 17 35 40 114 86 139 77 71 38 79 77 160 16 82 0 90 86 66 32 92 51 57 38 57 140 105 95 70 41 116 105 78 78 104 137 24 112 106 97 157 112 55 136 46 90 103 80 89 105 60 111 98 144 32 135 88 
67 69 111 119 137 100 119 100 171 51 120 122 118 77 143 44 64 111 35 144 26 116 188 98 107 74 91 161 69 136 123 99 51 87 104 78 92 129 148 74 104 90 120 91 172 83 87 98 31 41 59 161 158 104 85 77 79 91 171 90 0 10 51 119 173 134 145 108 70 59 15 184 123 86 76 135 101 65 66 168 113 108 19 142 178 26 121 133 121 179 40 169 165 37 71 52 51 72 119 132 167 
66 69 117 111 133 96 119 91 167 60 119 114 114 78 140 50 73 114 40 149 18 121 182 97 113 80 85 163 60 135 124 90 51 95 95 70 83 128 141 74 97 89 125 96 167 77 86 97 31 47 68 158 155 97 76 80 87 87 166 86 10 0 54 115 170 131 139 106 71 67 21 180 123 78 83 138 104 56 73 171 109 99 21 143 182 34 120 139 113 175 34 164 163 46 62 61 58 81 113 137 165 
30 21 71 119 104 67 71 108 134 46 74 111 88 27 105 25 67 61 82 98 50 69 157 57 67 39 77 110 94 91 73 131 15 107 133 80 127 84 128 26 95 45 74 49 146 69 45 54 82 23 79 120 122 96 106 27 99 58 142 66 51 54 0 85 130 96 122 67 20 81 63 150 73 86 52 84 50 91 39 118 86 137 69 91 129 60 76 90 109 145 86 142 120 44 85 47 33 81 98 89 123 
56 66 127 78 20 19 48 87 53 130 40 56 10 69 27 110 151 90 153 133 99 111 73 32 126 114 44 110 107 43 69 139 75 191 137 70 144 39 53 62 55 44 113 111 62 47 42 38 144 107 163 46 40 56 107 86 183 29 58 32 119 115 85 0 61 20 45 27 70 164 133 67 56 68 131 96 78 108 119 123 16 138 135 82 146 138 36 136 54 62 134 58 60 127 90 131 117 165 32 135 58 
106 109 145 131 49 77 63 144 27 172 57 107 67 106 35 153 192 104 207 135 156 123 62 75 145 146 104 94 168 41 75 199 124 234 196 130 204 47 85 104 111 85 123 136 69 107 86 76 200 151 208 17 31 112 166 119 227 84 60 92 173 170 130 61 0 42 77 65 111 210 186 44 65 127 164 95 99 168 155 106 74 197 190 74 132 188 54 144 105 42 192 64 17 173 150 173 159 206 84 143 9 
69 76 128 95 17 36 43 106 38 141 34 72 27 76 10 120 161 88 169 129 116 109 66 39 127 120 63 99 127 29 63 159 88 202 156 89 163 29 61 71 73 51 110 114 60 66 51 43 161 118 174 27 27 74 126 92 194 44 54 51 134 131 96 20 42 0 52 30 78 176 148 55 50 87 137 89 78 127 126 112 35 157 151 72 137 152 30 133 70 50 152 55 41 139 109 141 127 175 48 132 38 
93 106 171 58 35 57 91 78 55 167 82 36 37 111 49 146 188 134 179 177 121 155 48 75 169 155 55 150 112 81 112 135 110 225 130 76 142 79 9 102 49 86 157 154 30 62 83 81 165 143 196 61 47 49 104 128 217 65 32 57 145 139 122 45 77 52 0 71 110 197 159 54 99 69 171 138 122 114 159 163 37 130 159 123 188 167 79 180 35 50 149 28 86 161 94 168 155 201 27 179 79 
42 46 101 98 42 22 25 101 68 111 18 78 35 46 39 91 131 64 142 108 93 85 95 10 100 90 56 88 113 31 44 148 60 172 147 79 150 24 79 41 72 22 87 86 87 55 22 13 136 89 145 54 56 73 116 62 165 25 82 38 108 106 67 27 65 30 71 0 49 147 122 85 33 79 108 71 52 112 97 100 38 149 126 61 123 124 17 110 76 80 131 82 58 110 96 112 97 146 55 109 59 
21 6 68 115 88 53 51 108 116 63 54 104 74 8 87 43 83 47 101 90 64 61 142 39 66 45 71 94 102 71 54 139 22 125 141 80 137 64 116 9 90 27 65 48 131 64 29 36 100 41 98 102 104 91 111 21 117 45 127 57 70 71 20 70 111 78 110 49 0 100 82 133 54 85 62 69 35 100 50 103 74 144 88 73 117 80 57 85 102 128 102 127 100 63 90 64 49 97 87 83 104 
108 101 103 177 183 146 149 158 214 40 153 177 166 104 185 57 27 123 43 138 83 118 236 137 98 73 145 171 125 170 145 151 90 29 158 135 142 163 201 107 160 126 122 91 223 137 126 135 63 59 4 201 202 160 142 94 21 136 220 140 59 67 81 164 210 176 197 147 100 0 49 230 150 143 61 147 119 121 62 175 163 162 56 161 175 33 156 124 176 225 87 219 199 38 129 40 53 21 171 123 203 
81 81 116 132 152 114 131 111 185 51 133 135 133 89 157 50 60 121 21 150 39 123 202 112 112 79 105 170 77 150 135 104 64 75 110 91 95 143 162 86 117 103 128 97 187 97 101 112 23 48 50 175 173 118 94 86 68 105 186 105 15 21 63 133 186 148 159 122 82 49 0 199 135 99 78 145 112 73 70 177 128 114 10 153 185 17 135 138 134 194 41 184 178 37 82 52 55 64 133 137 181 
122 130 180 112 47 85 94 131 20 195 86 89 67 130 46 175 216 139 219 175 163 159 19 94 179 174 100 137 162 74 111 188 141 256 183 125 195 77 59 125 100 106 160 168 32 106 105 98 209 172 228 38 29 101 157 146 248 95 25 95 184 180 150 67 44 55 54 85 133 230 199 0 99 120 192 134 131 164 181 149 72 183 200 114 175 204 82 182 88 6 196 29 60 193 145 196 182 230 73 181 51 
59 55 81 130 66 55 9 133 79 111 17 110 65 47 56 94 129 40 154 80 112 61 113 36 82 83 88 56 141 26 14 177 73 172 177 109 178 22 107 50 104 37 62 72 109 85 41 32 153 93 147 62 71 106 146 57 166 55 103 70 123 123 73 56 65 50 99 33 54 150 135 99 0 110 100 40 34 140 92 68 70 179 141 28 91 133 21 84 108 94 151 104 51 114 125 111 98 144 87 83 57 
65 80 153 34 80 58 103 24 114 123 97 38 61 91 92 104 142 128 117 173 61 145 117 75 150 124 25 165 43 107 119 72 72 171 70 9 77 102 69 80 22 78 148 132 99 25 73 80 100 100 143 111 102 21 40 105 163 56 100 41 86 78 86 68 127 87 69 79 85 143 99 120 110 0 137 144 114 45 124 176 54 71 97 138 196 111 95 169 38 115 81 97 128 113 26 124 114 153 47 168 125 
79 66 43 170 149 115 102 157 174 27 108 162 136 62 146 35 35 67 88 78 89 58 202 100 38 18 128 112 137 124 93 171 66 76 176 130 166 118 177 70 146 87 62 32 192 120 90 95 100 39 58 158 163 147 151 46 71 107 188 116 76 83 52 131 164 137 171 108 62 61 78 192 100 137 0 89 67 134 14 115 135 180 87 105 115 64 112 65 160 187 115 188 151 41 132 27 26 48 148 63 156 
84 72 56 167 105 92 48 167 114 108 57 148 105 61 95 97 122 25 162 42 132 34 149 71 58 74 123 26 168 62 27 206 90 164 206 141 205 61 147 69 141 67 32 57 148 119 72 66 165 98 144 97 108 142 176 59 159 90 141 105 135 138 84 96 95 89 138 71 69 147 145 134 40 144 89 0 35 167 85 35 109 209 152 22 53 138 60 50 146 130 170 143 78 116 155 108 97 136 126 49 87 
51 38 50 140 92 68 37 137 112 80 45 124 86 27 86 66 97 14 130 60 98 34 143 48 50 49 95 60 135 59 27 172 56 140 174 110 171 54 130 36 114 39 36 38 137 90 44 42 132 66 117 95 102 115 144 27 134 64 131 78 101 104 50 78 99 78 122 52 35 119 112 131 34 114 67 35 0 133 59 69 88 177 119 43 84 107 49 59 122 126 135 132 85 85 122 80 67 111 104 58 91 
84 95 161 68 123 94 133 44 157 113 129 81 103 107 134 99 128 146 86 188 45 159 161 105 157 127 66 190 5 143 146 40 80 148 43 40 39 136 113 98 66 103 163 139 143 62 99 109 66 95 122 153 145 65 21 116 140 88 145 78 65 56 91 108 168 127 114 112 100 121 73 164 140 45 134 167 133 0 122 201 96 47 67 165 216 89 129 181 81 159 42 141 166 100 20 114 108 136 91 179 165 
67 54 47 157 137 102 93 144 163 24 98 149 123 51 135 24 39 62 83 81 78 57 190 88 42 12 115 110 125 114 86 160 53 82 164 117 155 108 165 58 133 76 61 30 180 107 78 84 92 27 59 148 152 134 139 36 75 94 176 104 66 73 39 119 155 126 159 97 50 62 70 181 92 124 14 85 59 122 0 114 122 168 79 100 118 59 102 69 147 176 106 176 142 35 120 24 16 53 135 68 147 
118 107 75 197 128 122 76 199 130 137 84 177 132 96 116 129 149 58 194 44 166 58 166 102 79 103 154 13 202 83 57 239 124 189 240 174 239 84 172 103 171 99 54 85 167 151 104 97 198 130 172 113 127 173 209 92 184 121 160 137 168 171 118 123 106 112 163 100 103 175 177 149 68 176 115 35 69 201 114 0 137 243 185 41 27 170 87 59 175 146 204 162 90 146 188 137 127 161 154 60 99 
57 69 136 63 28 21 62 72 62 131 54 41 8 74 39 110 152 100 148 145 92 121 75 41 134 118 31 125 95 58 82 125 74 190 122 57 130 55 43 66 39 51 123 118 61 35 47 47 137 107 161 58 50 40 93 92 182 29 59 24 113 109 86 16 74 35 37 38 74 163 128 72 70 54 135 109 88 96 122 137 0 124 129 97 160 134 51 146 39 67 124 57 75 126 77 132 119 166 18 145 72 
126 139 207 73 149 128 172 53 180 158 167 95 131 151 162 145 172 190 122 233 91 204 176 144 203 173 95 232 44 178 187 13 125 187 5 71 25 172 126 141 86 144 208 185 157 95 139 148 101 141 163 180 169 85 34 162 180 125 161 112 108 99 137 138 197 157 130 149 144 162 114 183 179 71 180 209 177 47 168 243 124 0 107 206 260 130 165 226 96 179 76 157 198 144 55 159 154 178 113 225 195 
85 87 125 128 154 117 137 107 188 61 138 134 134 95 160 58 69 128 20 159 38 132 203 116 121 88 105 178 72 154 141 96 69 81 103 89 87 147 161 92 116 108 136 106 187 98 105 116 14 56 57 178 175 116 88 94 74 108 187 106 19 21 69 135 190 151 159 126 88 56 10 200 141 97 87 152 119 67 79 185 129 107 0 160 193 26 139 147 133 196 33 184 183 46 78 61 64 72 133 146 185 
83 75 76 158 89 82 36 160 95 121 44 137 92 66 77 108 137 39 172 62 135 54 130 63 77 89 115 28 167 44 20 204 94 180 204 136 204 44 132 71 132 63 52 74 130 113 67 59 172 108 158 77 90 133 173 69 174 83 123 97 142 143 91 82 74 72 123 61 73 161 153 114 28 138 105 22 43 165 100 41 97 206 160 0 65 149 47 71 135 111 174 125 58 127 152 122 109 151 114 70 66 
134 122 73 219 153 144 99 219 156 140 107 200 155 110 141 136 149 71 200 38 179 62 192 123 78 107 175 39 218 108 79 256 138 187 257 193 254 109 196 119 193 119 58 89 193 171 124 118 207 137 172 139 152 194 227 103 183 142 186 157 178 182 129 146 132 137 188 123 117 175 185 175 91 196 115 53 84 216 118 27 160 260 193 65 0 175 110 53 198 172 215 188 116 151 206 140 132 160 177 54 125 
83 80 105 144 157 119 131 125 189 38 133 146 139 86 161 42 43 114 25 139 51 114 209 114 100 69 114 164 93 150 131 120 65 61 126 103 112 143 171 86 128 104 119 87 194 106 103 113 37 42 34 178 177 128 109 81 53 110 193 112 26 34 60 138 188 152 167 124 80 33 17 204 133 111 64 138 107 89 59 170 134 130 26 149 175 0 135 127 145 199 57 191 179 25 96 38 44 48 141 126 182 
55 56 99 112 46 38 14 117 63 118 5 91 46 52 38 99 138 58 155 100 108 80 94 25 98 94 72 74 129 16 34 165 72 180 163 95 167 9 87 50 87 32 81 86 90 71 35 24 150 98 154 47 54 88 133 66 173 41 83 55 121 120 76 36 54 30 79 17 57 156 135 82 21 95 112 60 49 129 102 87 51 165 139 47 110 135 0 103 89 77 146 85 44 119 113 119 105 153 68 103 47 
105 90 23 198 148 127 90 192 162 91 99 183 144 79 140 90 97 47 151 16 139 26 196 106 27 60 152 62 183 108 72 220 102 135 223 164 217 106 188 89 172 97 24 43 193 147 102 100 161 92 121 145 155 173 194 66 131 122 186 136 133 139 90 136 144 133 180 110 85 124 138 182 84 169 65 50 59 181 69 59 146 226 147 71 53 127 103 0 181 178 172 188 128 103 174 90 84 108 163 2 136 
82 97 168 26 57 55 100 44 86 151 92 3 45 105 72 130 171 136 153 181 96 155 82 76 166 145 33 163 79 96 120 101 95 204 96 45 108 93 32 95 17 84 158 149 63 41 80 82 137 127 176 88 76 18 71 122 196 59 66 46 121 113 109 54 105 70 35 76 102 176 134 88 108 38 160 146 122 81 147 175 39 96 133 135 198 145 89 181 0 84 119 62 110 143 62 152 140 183 22 179 105 
117 125 175 108 42 80 90 127 17 190 81 85 62 126 41 170 211 134 214 171 158 155 21 89 175 170 96 134 158 70 107 184 136 251 179 120 191 73 56 120 96 101 156 163 30 101 100 93 204 167 223 34 24 97 153 142 243 90 23 90 179 175 145 62 42 50 50 80 128 225 194 6 94 115 187 130 126 159 176 146 67 179 196 111 172 199 77 178 84 0 191 27 57 188 140 191 177 225 69 177 48 
93 99 151 109 151 116 146 86 186 90 145 119 131 109 160 83 100 147 47 182 39 154 195 122 146 114 96 195 46 161 154 65 81 112 72 74 55 154 149 103 102 116 158 130 178 90 112 123 26 80 88 178 173 102 62 113 105 109 179 103 40 34 86 134 192 152 149 131 102 87 41 196 151 81 115 170 135 42 106 204 124 76 33 174 215 57 146 172 119 191 0 176 188 76 58 91 91 104 124 171 188 
113 123 182 85 41 75 98 105 38 187 89 63 54 126 49 166 208 142 204 183 147 164 20 89 181 171 81 150 139 82 117 162 130 246 157 103 170 83 32 119 76 101 165 167 6 88 99 94 191 163 218 51 37 77 132 143 239 84 5 80 169 164 142 58 64 55 28 82 127 219 184 29 104 97 188 143 132 141 176 162 57 157 184 125 188 191 85 188 62 27 176 0 77 183 122 188 174 222 52 187 69 
98 99 129 135 53 73 50 146 41 160 46 112 68 95 38 142 179 89 199 119 150 108 77 67 130 133 104 78 166 29 60 199 115 222 197 129 203 36 94 94 114 76 107 122 81 106 78 67 194 141 196 26 41 115 167 107 215 80 74 89 165 163 120 60 17 41 86 58 100 199 178 60 51 128 151 78 85 166 142 90 75 198 183 58 116 179 44 128 110 57 188 77 0 162 149 161 147 194 88 127 10 
71 64 81 147 146 109 113 130 177 15 116 144 129 68 148 20 30 92 49 115 57 90 199 100 76 45 111 141 104 133 111 135 53 64 140 105 128 127 166 70 127 89 95 63 187 103 89 98 59 22 36 164 165 128 119 59 56 100 184 105 37 46 44 127 173 139 161 110 63 38 37 193 114 113 41 116 85 100 35 146 126 144 46 127 151 25 119 103 143 188 76 183 162 0 103 16 20 41 136 102 166 
72 86 155 52 104 76 118 30 138 115 114 62 84 97 115 98 132 136 97 179 47 150 142 90 152 123 47 177 19 126 133 52 73 156 52 21 55 120 94 87 46 90 154 133 124 44 85 94 79 94 129 134 126 46 22 109 149 72 125 60 71 62 85 90 150 109 94 96 90 129 82 145 125 26 132 155 122 20 120 188 77 55 78 152 206 96 113 174 62 140 58 122 149 103 0 116 108 141 72 172 147 
76 66 68 158 150 114 111 143 179 2 116 154 135 67 150 22 21 84 62 103 70 80 204 102 63 35 120 133 118 133 106 150 59 62 155 116 143 126 173 71 137 90 84 53 192 112 91 99 74 26 37 165 167 138 133 55 55 105 189 111 52 61 47 131 173 141 168 112 64 40 52 196 111 124 27 108 80 114 24 137 132 159 61 122 140 38 119 90 152 191 91 188 161 16 116 0 15 34 143 89 166 
62 52 62 147 136 100 97 134 165 14 102 142 121 53 136 11 34 73 68 96 64 71 190 88 58 26 108 122 112 118 93 146 46 76 150 107 140 112 160 57 125 76 75 44 178 100 77 85 77 15 50 151 153 126 126 42 69 91 175 98 51 58 33 117 159 127 155 97 49 53 55 182 98 114 26 97 67 108 16 127 119 154 64 109 132 44 105 84 140 177 91 174 147 20 108 15 0 49 130 83 151 
110 100 88 187 184 147 144 169 213 35 149 185 168 101 184 56 15 113 63 123 95 105 237 136 84 63 151 159 140 166 138 168 92 29 174 145 159 160 206 105 167 124 108 79 226 143 125 133 81 59 18 199 201 168 156 88 24 138 222 144 72 81 81 165 206 175 201 146 97 21 64 230 144 153 48 136 111 136 53 161 166 178 72 151 160 48 153 108 183 225 104 222 194 41 141 34 49 0 176 107 199 
69 83 152 48 36 37 79 60 68 142 71 25 23 89 51 121 163 117 153 162 95 137 72 57 150 132 29 141 89 74 99 116 85 199 112 52 123 71 31 80 28 67 140 133 55 36 63 63 139 118 170 68 57 29 85 107 191 43 55 32 119 113 98 32 84 48 27 55 87 171 133 73 87 47 148 126 104 91 135 154 18 113 133 114 177 141 68 163 22 69 124 52 88 136 72 143 130 176 0 161 84 
103 88 22 196 147 125 90 191 161 89 99 182 143 78 139 89 96 46 150 17 138 25 196 105 26 58 151 62 182 108 71 219 100 134 222 163 215 105 187 88 170 96 23 42 192 146 100 99 159 91 120 144 154 172 193 64 130 121 185 135 132 137 89 135 143 132 179 109 83 123 137 181 83 168 63 49 58 179 68 60 145 225 146 70 54 126 103 2 179 177 171 187 127 102 172 89 83 107 161 0 135 
100 103 137 131 48 73 55 143 32 165 50 107 65 99 34 146 184 96 201 127 151 115 68 69 137 139 101 87 165 34 67 197 118 227 194 127 201 40 88 97 110 79 115 129 73 104 80 70 195 145 201 18 34 111 164 112 220 80 65 88 167 165 123 58 9 38 79 59 104 203 181 51 57 125 156 87 91 165 147 99 72 195 185 66 125 182 47 136 105 48 188 69 10 166 147 166 151 199 84 135 0 
