50 4
10 6 1 8 
0 13 50 55 59 86 80 102 84 93 81 103 127 53 83 118 54 116 92 92 95 54 41 98 81 51 94 42 66 69 109 121 71 93 89 74 70 133 124 80 99 77 69 105 83 109 100 97 92 33 25 99 86 73 101 36 58 78 68 93 82 29 84 15 114 89 101 62 62 96 105 87 78 79 75 38 83 104 79 104 59 45 77 81 98 50 111 57 110 117 57 34 115 57 50 85 129 87 106 98 63 
13 0 42 59 51 89 70 114 73 97 83 92 139 45 96 115 65 128 102 86 90 66 30 110 94 57 90 44 77 79 122 115 83 86 77 62 78 122 130 74 100 66 58 93 92 115 112 100 100 43 12 87 73 86 88 49 70 88 63 81 70 20 71 27 119 102 95 66 72 97 118 86 82 83 87 37 95 113 85 95 60 34 70 68 111 55 99 64 115 123 61 33 113 56 45 73 141 75 118 99 75 
50 42 0 49 9 69 86 135 40 137 122 94 155 72 121 78 81 149 142 111 51 101 50 129 122 98 55 35 88 119 147 73 105 44 55 53 119 126 171 102 139 73 72 81 133 156 141 140 96 83 36 68 66 118 76 80 102 95 93 57 49 22 55 63 160 134 55 59 111 135 146 122 123 72 115 76 126 119 127 54 42 51 29 54 141 96 98 105 156 164 102 27 80 93 14 45 157 73 145 137 94 
55 59 49 0 52 31 124 96 85 146 136 139 111 102 86 72 44 108 132 143 59 83 83 89 90 102 50 16 47 109 111 89 70 69 103 100 117 171 171 132 153 115 111 129 126 157 109 150 48 79 63 116 113 93 124 62 79 49 121 105 97 49 103 61 164 107 69 10 103 150 113 142 130 26 84 92 97 72 128 86 12 86 55 102 110 102 144 107 160 166 111 28 66 112 36 93 114 118 111 153 58 
59 51 9 52 0 70 90 142 34 146 130 96 161 78 128 72 87 155 151 117 45 109 56 136 130 107 51 41 94 128 155 65 113 36 52 54 128 127 180 108 147 76 76 79 141 165 149 148 99 92 44 65 66 126 74 89 110 100 100 54 46 31 54 72 169 142 47 62 120 143 154 129 131 74 123 84 134 123 136 45 44 56 21 53 149 105 98 114 165 173 111 35 75 101 17 41 163 74 153 145 101 
86 89 69 31 70 0 152 107 99 177 167 163 115 132 103 54 64 116 159 173 53 109 111 99 109 132 40 46 61 136 124 81 87 70 121 122 146 195 200 162 184 141 138 148 154 186 126 180 40 108 92 134 135 115 143 90 104 56 151 122 115 76 123 91 194 127 65 27 132 181 129 173 160 17 104 123 118 70 158 90 30 114 62 122 128 133 167 137 190 195 141 57 44 142 57 109 118 142 126 184 76 
80 70 86 124 90 152 0 178 84 96 76 32 205 29 158 161 134 193 133 33 133 120 42 175 154 85 140 108 146 118 182 145 148 119 66 44 105 55 137 32 87 18 15 56 121 125 170 97 168 93 62 64 42 142 54 111 128 157 35 70 63 76 56 88 123 156 132 133 111 83 175 63 91 149 148 57 152 183 103 116 122 38 109 52 168 80 43 91 118 129 78 97 164 54 97 74 206 34 177 83 142 
102 114 135 96 142 107 178 0 174 141 143 204 29 150 22 160 55 15 95 181 153 63 142 8 29 107 142 102 50 83 20 183 31 164 186 175 103 232 142 168 156 178 169 206 99 132 29 145 72 88 125 198 186 45 201 68 53 51 156 189 179 122 183 91 143 43 164 89 86 155 30 159 127 90 33 124 38 48 115 181 107 146 149 180 33 111 212 106 141 141 119 108 150 137 126 179 30 188 24 158 42 
84 73 40 85 34 99 84 174 0 159 142 79 194 83 160 86 120 188 174 115 59 137 64 168 160 126 70 74 127 152 186 63 144 40 25 40 149 108 197 110 157 66 71 53 163 183 179 162 131 116 63 37 48 156 50 118 140 133 105 24 23 57 32 98 185 172 54 95 144 153 184 136 147 106 153 99 164 156 154 33 77 62 38 34 179 124 78 134 180 190 128 67 92 112 50 13 196 57 184 154 133 
93 97 137 146 146 177 96 141 159 0 20 126 169 79 121 210 124 152 55 73 187 82 95 142 112 45 186 135 136 58 134 210 121 181 151 128 38 139 42 66 17 110 99 150 45 31 119 5 171 70 102 154 132 96 147 92 92 150 62 156 146 116 142 86 27 102 191 150 56 19 123 36 17 166 110 62 104 170 26 187 152 98 166 137 115 44 137 41 23 34 36 127 208 48 141 153 169 126 128 22 123 
81 83 122 136 130 167 76 143 142 20 0 107 172 60 123 197 120 156 67 55 172 81 78 144 115 39 173 123 132 63 140 194 120 165 133 110 43 121 61 47 18 90 80 131 55 50 124 21 166 64 86 135 113 99 128 88 92 146 43 137 127 102 123 77 47 108 176 141 59 15 129 19 20 157 111 47 108 167 34 170 140 80 150 119 121 37 118 38 42 53 28 115 195 30 127 135 172 107 133 18 120 
103 92 94 139 96 163 32 204 79 126 107 0 230 58 185 163 156 219 164 58 135 148 63 200 181 115 144 124 167 149 210 141 174 118 55 42 136 32 168 61 116 27 36 34 152 156 198 127 186 121 82 48 32 170 34 137 156 178 66 58 57 92 48 114 153 185 132 149 141 112 203 92 122 164 175 87 180 204 134 110 135 59 112 46 196 111 12 122 149 160 109 112 168 85 107 67 231 23 205 112 166 
127 139 155 111 161 115 205 29 194 169 172 230 0 177 50 167 76 19 121 209 165 92 167 30 58 136 153 120 67 112 39 195 57 178 208 198 131 259 168 196 184 203 195 229 126 159 54 173 76 116 149 220 210 74 224 95 82 63 184 211 201 144 205 117 170 69 176 102 114 184 52 188 155 100 61 151 66 46 144 197 121 172 165 203 58 139 238 134 169 167 147 128 157 165 144 199 4 213 46 187 65 
53 45 72 102 78 132 29 150 83 79 60 58 177 0 130 149 107 164 108 42 122 91 23 147 126 58 126 87 119 91 154 140 120 112 73 50 80 84 119 31 75 35 24 74 96 106 141 81 144 64 41 76 55 113 70 83 99 131 22 77 68 57 64 60 105 128 124 111 83 70 146 54 70 127 119 29 123 156 80 114 103 22 99 59 139 54 68 65 101 111 54 76 150 32 81 76 178 51 149 71 114 
83 96 121 86 128 103 158 22 160 121 123 185 50 130 0 155 43 35 77 160 145 42 123 22 10 86 135 90 43 63 27 175 17 153 170 157 83 212 124 147 135 159 150 188 80 114 23 124 74 67 107 181 168 26 183 48 32 50 135 173 163 105 166 72 125 28 155 81 65 135 27 138 106 87 12 103 20 57 95 170 97 127 138 163 25 90 193 85 123 123 98 94 146 116 113 163 51 170 26 138 29 
118 115 78 72 72 54 161 160 86 210 197 163 167 149 155 0 114 170 203 189 29 155 127 152 160 168 25 78 113 180 177 37 139 46 110 122 186 193 240 180 214 146 147 138 196 225 178 214 92 147 112 122 132 164 135 133 151 109 171 109 107 96 116 127 231 178 33 75 174 211 182 199 195 70 154 151 168 122 196 60 63 128 53 118 179 167 163 174 227 234 175 84 12 169 71 98 170 141 179 213 127 
54 65 81 44 87 64 134 55 120 124 120 156 76 107 43 114 0 69 97 143 102 47 94 49 47 82 93 48 13 76 69 133 27 111 133 123 90 186 141 131 136 130 123 154 94 128 65 128 48 57 75 145 135 51 149 33 41 27 118 136 126 69 130 48 137 64 112 40 73 134 70 131 108 49 41 86 55 51 102 128 55 98 96 127 66 84 163 84 134 137 93 54 107 103 71 125 78 138 68 137 15 
116 128 149 108 155 116 193 15 188 152 156 219 19 164 35 170 69 0 103 195 165 77 156 20 41 120 153 115 62 94 21 195 46 176 201 189 115 247 150 182 167 192 184 220 109 141 36 156 80 102 139 212 201 57 215 82 67 62 170 203 193 136 197 105 152 51 176 101 98 167 34 172 139 101 46 138 49 52 127 194 119 161 162 194 40 124 227 118 151 149 132 122 160 150 139 192 18 203 28 170 56 
92 102 142 132 151 159 133 95 174 55 67 164 121 108 77 203 97 103 0 119 184 51 115 98 68 51 179 126 106 24 84 212 83 184 173 153 29 184 48 108 72 142 131 181 13 38 69 58 142 60 111 180 161 53 177 71 57 118 100 178 167 121 166 79 50 53 192 132 31 73 72 86 48 145 68 81 58 132 33 196 141 119 168 161 65 55 175 44 49 47 55 123 198 79 141 172 121 158 77 76 90 
92 86 111 143 117 173 33 181 115 73 55 58 209 42 160 189 143 195 119 0 161 119 63 179 154 77 166 128 156 110 182 176 153 148 98 77 92 67 114 14 61 51 44 87 107 103 167 73 184 94 82 97 74 140 86 116 128 169 26 103 96 98 89 96 99 152 161 151 103 57 172 38 73 168 149 59 150 194 87 147 144 61 137 85 165 73 68 81 95 106 67 117 190 45 121 106 210 66 176 56 149 
95 90 51 59 45 53 133 153 59 187 172 135 165 122 145 29 102 165 184 161 0 137 100 146 149 146 15 60 104 161 169 31 128 21 83 94 165 165 218 153 189 118 119 112 176 203 167 190 92 126 87 95 104 150 108 116 136 104 144 82 80 71 89 106 209 165 12 65 154 186 172 173 172 66 142 126 155 122 174 39 48 101 25 90 168 144 135 152 204 212 151 62 34 144 46 71 168 113 169 188 116 
54 66 101 83 109 109 120 63 137 82 81 148 92 91 42 155 47 77 51 119 137 0 89 63 36 44 131 78 57 29 64 166 40 140 142 125 45 174 94 106 95 123 113 156 47 81 50 86 94 27 77 151 136 22 151 22 11 71 95 146 135 81 136 40 91 38 146 83 27 94 56 97 66 95 31 63 32 89 58 154 92 93 124 133 48 48 158 44 88 91 56 77 149 74 97 138 92 136 58 97 42 
41 30 50 83 56 111 42 142 64 95 78 63 167 23 123 127 94 156 115 63 100 89 0 138 120 66 104 67 106 96 149 119 111 90 59 39 88 93 134 53 94 37 29 68 104 120 138 98 127 63 21 66 48 110 63 75 95 117 44 63 53 36 51 52 121 126 102 92 88 90 143 74 84 108 114 36 120 142 92 93 82 5 77 47 136 62 71 73 117 126 65 56 128 48 59 59 169 48 145 91 103 
98 110 129 89 136 99 175 8 168 142 144 200 30 147 22 152 49 20 98 179 146 63 138 0 31 107 135 95 43 85 27 176 27 157 181 170 104 229 145 166 157 174 166 201 101 135 35 146 65 86 121 192 182 47 196 65 52 44 154 184 174 116 178 88 146 47 157 82 86 156 36 159 127 83 33 122 41 41 117 174 100 143 142 175 39 110 209 106 144 144 118 102 143 135 119 173 32 184 31 159 36 
81 94 122 90 130 109 154 29 160 112 115 181 58 126 10 160 47 41 68 154 149 36 120 31 0 79 140 92 49 55 29 179 22 156 170 155 75 209 115 141 127 156 146 186 71 105 20 116 82 62 106 180 166 17 182 46 27 58 130 173 162 105 165 69 116 20 159 86 57 127 25 131 98 93 8 98 11 66 87 172 101 125 140 161 20 83 190 77 114 114 91 96 152 110 115 163 58 167 25 130 34 
51 57 98 102 107 132 85 107 126 45 39 115 136 58 86 168 82 120 51 77 146 44 66 107 79 0 144 91 94 34 106 171 82 142 124 103 23 137 74 65 55 92 81 131 39 59 91 49 128 26 65 130 111 64 127 50 55 108 54 128 118 77 116 42 64 76 151 106 27 53 96 53 28 122 75 31 74 129 29 151 108 69 126 112 88 5 126 8 60 67 12 85 165 33 100 123 136 108 100 56 82 
94 90 55 50 51 40 140 142 70 186 173 144 153 126 135 25 93 153 179 166 15 131 104 135 140 144 0 54 94 156 159 43 119 34 94 102 162 175 216 157 190 126 126 123 172 201 158 189 79 123 89 107 114 142 119 110 129 92 148 94 90 72 99 103 207 156 26 54 150 187 162 175 171 54 133 127 147 108 172 53 40 105 33 100 159 143 146 150 203 210 150 60 25 145 47 82 156 122 159 189 107 
42 44 35 16 41 46 108 102 74 135 123 124 120 87 90 78 48 115 126 128 60 78 67 95 92 91 54 0 54 102 116 89 74 64 90 85 108 155 162 117 141 99 95 114 119 148 111 138 63 69 47 103 98 92 109 57 77 60 106 92 83 33 89 50 154 107 68 26 96 137 116 128 119 42 85 79 98 84 119 81 18 70 49 87 112 91 129 97 150 157 99 12 74 98 25 80 123 103 115 140 62 
66 77 88 47 94 61 146 50 127 136 132 167 67 119 43 113 13 62 106 156 104 57 106 43 49 94 94 54 0 85 66 135 27 115 142 133 100 198 151 143 148 141 134 164 104 138 65 140 37 69 86 154 146 57 159 45 49 15 131 145 135 79 139 61 147 67 115 40 83 146 69 144 120 45 44 98 58 38 113 132 58 110 100 137 67 96 174 96 144 147 105 62 104 115 78 133 69 149 66 149 17 
69 79 119 109 128 136 118 83 152 58 63 149 112 91 63 180 76 94 24 110 161 29 96 85 55 34 156 102 85 0 77 188 66 161 153 134 21 171 66 98 74 125 114 162 19 53 62 62 122 37 89 161 142 38 158 47 37 99 88 157 146 98 146 56 63 45 168 110 9 73 66 81 45 123 53 63 46 115 33 173 117 100 145 142 58 39 159 29 61 63 43 99 174 66 117 150 112 140 71 77 70 
109 122 147 111 155 124 182 20 186 134 140 210 39 154 27 177 69 21 84 182 169 64 149 27 29 106 159 116 66 77 0 200 43 179 197 183 98 237 130 169 150 184 174 214 90 122 16 138 91 90 133 207 194 42 209 74 55 70 158 200 189 132 192 97 133 33 180 105 81 150 14 157 122 108 35 126 33 67 109 196 122 153 164 189 20 110 219 103 132 130 117 120 168 137 139 190 38 195 8 153 55 
121 115 73 89 65 81 145 183 63 210 194 141 195 140 175 37 133 195 212 176 31 166 119 176 179 171 43 89 135 188 200 0 159 30 86 102 191 169 244 169 211 129 132 113 204 229 197 213 121 153 109 96 110 180 110 145 165 134 162 84 85 95 94 133 233 195 21 95 182 207 202 192 196 96 172 148 186 150 199 32 78 118 45 97 198 169 139 177 229 237 175 90 48 165 72 75 198 120 200 209 147 
71 83 105 70 113 87 148 31 144 121 120 174 57 120 17 139 27 46 83 153 128 40 111 27 22 82 119 74 27 66 43 159 0 137 156 144 84 202 130 140 134 147 139 175 84 118 39 125 61 60 94 167 155 32 170 38 30 37 128 159 149 91 152 61 128 41 139 65 66 133 44 135 106 72 18 95 32 50 97 154 81 116 122 149 41 86 182 83 126 127 94 78 131 110 97 148 59 158 42 136 13 
93 86 44 69 36 70 119 164 40 181 165 118 178 112 153 46 111 176 184 148 21 140 90 157 156 142 34 64 115 161 179 30 137 0 64 77 163 147 215 141 182 102 105 92 176 200 175 184 108 126 80 76 87 155 89 119 140 116 133 63 62 66 71 106 204 171 15 76 154 178 180 164 167 81 149 119 162 136 171 20 58 90 17 73 175 140 117 149 200 208 146 63 53 136 44 52 181 96 178 180 125 
89 77 55 103 52 121 66 186 25 151 133 55 208 73 170 110 133 201 173 98 83 142 59 181 170 124 94 90 142 153 197 86 156 64 0 24 147 84 191 95 147 48 56 29 162 177 188 153 151 119 66 13 26 162 25 125 146 149 92 5 8 65 10 103 178 178 78 113 145 142 193 124 141 126 163 95 171 174 150 55 96 56 62 15 187 121 54 131 173 183 123 81 116 104 68 13 210 35 194 143 145 
74 62 53 100 54 122 44 175 40 128 110 42 198 50 157 122 123 189 153 77 94 125 39 170 155 103 102 85 133 134 183 102 144 77 24 0 126 74 169 73 124 27 33 32 141 155 173 130 147 100 50 28 13 147 27 110 131 142 69 28 20 55 14 87 155 162 91 110 126 119 179 101 119 124 148 73 156 167 128 72 95 35 70 9 172 99 45 110 151 161 101 74 126 81 66 30 200 20 180 120 134 
70 78 119 117 128 146 105 103 149 38 43 136 131 80 83 186 90 115 29 92 165 45 88 104 75 23 162 108 100 21 98 191 84 163 147 126 0 156 55 81 53 114 103 153 17 40 82 42 137 40 86 153 133 58 149 58 55 114 72 151 140 98 138 59 48 66 171 120 19 53 86 61 25 134 72 53 66 133 14 172 125 92 147 134 79 27 146 16 45 49 27 103 182 51 120 146 131 130 91 56 86 
133 122 126 171 127 195 55 232 108 139 121 32 259 84 212 193 186 247 184 67 165 174 93 229 209 137 175 155 198 171 237 169 202 147 84 74 156 0 180 76 127 57 64 57 171 170 224 139 217 147 113 74 62 196 60 165 182 209 84 86 86 123 77 142 165 210 161 180 164 123 229 104 138 196 202 111 206 234 152 138 167 89 142 76 222 133 31 143 161 172 129 144 198 105 139 96 260 54 232 122 195 
124 130 171 171 180 200 137 142 197 42 61 168 168 119 124 240 141 150 48 114 218 94 134 145 115 74 216 162 151 66 130 244 130 215 191 169 55 180 0 107 54 151 140 191 48 15 115 42 188 94 137 195 173 100 188 112 103 164 103 196 185 150 182 113 16 100 224 173 69 58 117 77 51 188 115 99 105 179 45 223 179 136 199 177 111 75 179 67 20 9 70 157 236 88 173 192 167 168 123 59 135 
80 74 102 132 108 162 32 168 110 66 47 61 196 31 147 180 131 182 108 14 153 106 53 166 141 65 157 117 143 98 169 169 140 141 95 73 81 76 107 0 56 49 40 88 96 96 155 66 171 81 71 95 72 127 86 103 115 156 13 100 92 87 85 83 92 140 154 139 91 51 160 32 63 156 136 46 137 181 76 141 133 52 129 81 152 60 72 69 88 99 55 106 181 32 111 101 197 65 163 51 136 
99 100 139 153 147 184 87 156 157 17 18 116 184 75 135 214 136 167 72 61 189 95 94 157 127 55 190 141 148 74 150 211 134 182 147 124 53 127 54 56 0 103 93 142 62 45 135 15 182 80 103 149 126 111 140 104 106 162 55 151 142 119 137 94 39 118 193 158 71 5 139 24 30 174 124 64 119 182 42 186 158 95 167 133 131 53 127 53 35 46 44 132 213 47 144 150 184 119 144 6 135 
77 66 73 115 76 141 18 178 66 110 90 27 203 35 159 146 130 192 142 51 118 123 37 174 156 92 126 99 141 125 184 129 147 102 48 27 114 57 151 49 103 0 12 41 130 138 172 111 161 96 56 47 24 145 38 111 130 152 48 52 46 67 38 88 137 160 116 124 117 98 178 79 102 140 149 63 154 178 114 99 112 32 94 34 170 88 35 99 132 143 88 88 150 65 85 56 205 17 180 98 139 
69 58 72 111 76 138 15 169 71 99 80 36 195 24 150 147 123 184 131 44 119 113 29 166 146 81 126 95 134 114 174 132 139 105 56 33 103 64 140 40 93 12 0 51 119 127 163 100 156 86 50 56 34 135 48 102 120 146 38 60 52 63 46 79 126 149 119 120 106 88 168 70 92 136 140 52 145 171 103 103 109 26 95 42 161 77 45 88 122 132 77 83 150 54 83 62 197 28 170 89 131 
105 93 81 129 79 148 56 206 53 150 131 34 229 74 188 138 154 220 181 87 112 156 68 201 186 131 123 114 164 162 214 113 175 92 29 32 153 57 191 88 142 41 51 0 169 178 204 151 176 130 82 18 21 177 6 141 162 172 88 30 34 86 26 118 177 193 106 138 154 138 210 119 143 152 180 101 187 198 153 82 122 64 90 27 203 127 28 138 172 183 127 104 145 105 94 42 231 24 211 138 165 
83 92 133 126 141 154 121 99 163 45 55 152 126 96 80 196 94 109 13 107 176 47 104 101 71 39 172 119 104 19 90 204 84 176 162 141 17 171 48 96 62 130 119 169 0 35 75 49 140 51 101 169 149 55 165 65 56 117 88 166 156 111 154 71 46 58 183 127 23 63 78 74 36 141 70 69 61 133 22 186 134 107 159 150 71 43 162 32 44 44 43 115 192 67 132 161 126 146 83 66 88 
109 115 156 157 165 186 125 132 183 31 50 156 159 106 114 225 128 141 38 103 203 81 120 135 105 59 201 148 138 53 122 229 118 200 177 155 40 170 15 96 45 138 127 178 35 0 106 32 174 79 122 181 160 89 175 98 90 151 91 182 171 135 168 98 12 90 209 159 56 49 109 66 37 174 104 84 95 167 30 209 164 122 184 164 102 61 167 52 13 10 56 142 222 74 158 178 158 155 115 50 123 
100 112 141 109 149 126 170 29 179 119 124 198 54 141 23 178 65 36 69 167 167 50 138 35 20 91 158 111 65 62 16 197 39 175 188 173 82 224 115 155 135 172 163 204 75 106 0 122 96 77 124 198 184 29 199 64 43 72 144 192 181 124 183 87 118 17 177 104 66 135 6 142 106 110 27 113 19 75 94 191 120 142 159 180 5 95 207 88 116 114 102 115 169 123 134 182 53 185 9 138 51 
97 100 140 150 148 180 97 145 162 5 21 127 173 81 124 214 128 156 58 73 190 86 98 146 116 49 189 138 140 62 138 213 125 184 153 130 42 139 42 66 15 111 100 151 49 32 122 0 175 74 105 156 133 100 148 96 96 154 63 158 148 119 144 90 27 106 194 154 60 18 126 36 21 170 114 65 108 174 30 190 155 100 169 139 119 48 138 45 23 34 40 131 211 50 144 156 173 128 131 20 127 
92 100 96 48 99 40 168 72 131 171 166 186 76 144 74 92 48 80 142 184 92 94 127 65 82 128 79 63 37 122 91 121 61 108 151 147 137 217 188 171 182 161 156 176 140 174 96 175 0 103 107 163 160 92 171 79 86 25 159 152 144 94 150 91 184 101 104 38 119 180 98 176 155 27 78 128 92 31 149 127 55 131 97 149 98 130 191 131 181 184 139 74 81 146 83 140 79 165 94 183 53 
33 43 83 79 92 108 93 88 116 70 64 121 116 64 67 147 57 102 60 94 126 27 63 86 62 26 123 69 69 37 90 153 60 126 119 100 40 147 94 81 80 96 86 130 51 79 77 74 103 0 54 127 110 49 126 25 36 83 69 123 112 62 112 21 86 64 133 82 29 78 83 76 53 97 56 37 59 105 50 137 86 67 109 108 75 28 131 29 82 88 37 64 143 50 82 115 117 109 85 81 58 
25 12 36 63 44 92 62 125 63 102 86 82 149 41 107 112 75 139 111 82 87 77 21 121 106 65 89 47 86 89 133 109 94 80 66 50 86 113 137 71 103 56 50 82 101 122 124 105 107 54 0 75 62 97 77 60 82 97 60 70 59 17 60 38 125 113 90 71 82 100 129 87 88 88 99 40 106 122 93 87 63 25 65 57 123 62 89 72 121 130 67 36 112 57 42 62 151 64 130 102 85 
99 87 68 116 65 134 64 198 37 154 135 48 220 76 181 122 145 212 180 97 95 151 66 192 180 130 107 103 154 161 207 96 167 76 13 28 153 74 195 95 149 47 56 18 169 181 198 156 163 127 75 0 24 172 15 135 156 161 94 13 20 77 16 113 181 188 89 126 153 144 204 126 145 138 173 100 181 186 155 65 109 62 74 20 197 127 44 138 177 187 128 93 128 108 80 26 222 32 204 145 157 
86 73 66 113 66 135 42 186 48 132 113 32 210 55 168 132 135 201 161 74 104 136 48 182 166 111 114 98 146 142 194 110 155 87 26 13 133 62 173 72 126 24 34 21 149 160 184 133 160 110 62 24 0 157 17 121 142 155 71 30 26 68 17 98 159 173 101 123 134 121 189 103 124 137 160 81 167 180 134 80 107 43 81 15 183 107 33 118 155 165 107 87 137 86 79 36 212 10 191 122 146 
73 86 118 93 126 115 142 45 156 96 99 170 74 113 26 164 51 57 53 140 150 22 110 47 17 64 142 92 57 38 42 180 32 155 162 147 58 196 100 127 111 145 135 177 55 89 29 100 92 49 97 172 157 0 173 39 17 68 116 166 155 100 157 60 100 17 159 90 41 110 34 115 82 100 16 85 11 80 71 170 103 115 139 153 26 68 179 62 98 98 75 93 157 95 112 157 74 157 37 114 40 
101 88 76 124 74 143 54 201 50 147 128 34 224 70 183 135 149 215 177 86 108 151 63 196 182 127 119 109 159 158 209 110 170 89 25 27 149 60 188 86 140 38 48 6 165 175 199 148 171 126 77 15 17 173 0 136 157 167 86 27 29 81 21 113 174 188 103 134 150 135 205 116 139 147 175 97 182 193 150 79 117 59 86 22 198 123 30 134 169 180 123 99 141 101 89 38 226 21 206 136 160 
36 49 80 62 89 90 111 68 118 92 88 137 95 83 48 133 33 82 71 116 116 22 75 65 46 50 110 57 45 47 74 145 38 119 125 110 58 165 112 103 104 111 102 141 65 98 64 96 79 25 60 135 121 39 136 0 23 59 91 128 118 62 120 24 106 55 124 63 43 102 69 100 76 77 39 58 47 81 71 133 71 80 103 116 63 52 146 52 103 107 61 56 128 73 76 119 96 122 70 105 34 
58 70 102 79 110 104 128 53 140 92 92 156 82 99 32 151 41 67 57 128 136 11 95 52 27 55 129 77 49 37 55 165 30 140 146 131 55 182 103 115 106 130 120 162 56 90 43 96 86 36 82 156 142 17 157 23 0 62 104 150 139 84 141 44 100 33 145 78 37 105 48 107 77 89 21 72 26 79 68 154 89 100 124 138 42 58 165 54 97 99 66 77 145 84 97 141 82 142 50 108 33 
78 88 95 49 100 56 157 51 133 150 146 178 63 131 50 109 27 62 118 169 104 71 117 44 58 108 92 60 15 99 70 134 37 116 149 142 114 209 164 156 162 152 146 172 117 151 72 154 25 83 97 161 155 68 167 59 62 0 144 151 142 88 148 74 161 77 115 40 97 160 75 157 134 40 54 112 68 26 127 134 59 121 103 146 75 110 184 110 158 161 119 69 99 129 83 139 65 159 72 163 29 
68 63 93 121 100 151 35 156 105 62 43 66 184 22 135 171 118 170 100 26 144 95 44 154 130 54 148 106 131 88 158 162 128 133 92 69 72 84 103 13 55 48 38 88 88 91 144 63 159 69 60 94 71 116 86 91 104 144 0 97 88 77 83 71 89 129 146 128 81 51 149 33 57 145 124 34 126 169 69 135 122 44 120 78 141 50 77 60 85 95 46 95 172 22 102 97 185 65 152 51 124 
93 81 57 105 54 122 70 189 24 156 137 58 211 77 173 109 136 203 178 103 82 146 63 184 173 128 94 92 145 157 200 84 159 63 5 28 151 86 196 100 151 52 60 30 166 182 192 158 152 123 70 13 30 166 27 128 150 151 97 0 12 69 15 107 182 182 77 115 149 147 197 129 146 127 166 99 175 176 154 53 97 60 62 19 191 125 56 136 178 188 127 83 116 108 70 13 213 39 197 147 148 
82 70 49 97 46 115 63 179 23 146 127 57 201 68 163 107 126 193 167 96 80 135 53 174 162 118 90 83 135 146 189 85 149 62 8 20 140 86 185 92 142 46 52 34 156 171 181 148 144 112 59 20 26 155 29 118 139 142 88 12 0 58 10 96 172 171 76 107 138 138 186 120 135 120 155 88 164 167 144 54 90 50 57 12 180 114 56 125 168 178 117 74 113 98 61 11 203 35 187 139 138 
29 20 22 49 31 76 76 122 57 116 102 92 144 57 105 96 69 136 121 98 71 81 36 116 105 77 72 33 79 98 132 95 91 66 65 55 98 123 150 87 119 67 63 86 111 135 124 119 94 62 17 77 68 100 81 62 84 88 77 69 58 0 62 43 139 116 76 58 90 115 129 103 102 74 98 55 108 113 105 76 47 38 50 59 123 75 98 84 135 143 81 21 96 73 26 58 146 72 129 117 81 
84 71 55 103 54 123 56 183 32 142 123 48 205 64 166 116 130 197 166 89 89 136 51 178 165 116 99 89 139 146 192 94 152 71 10 14 138 77 182 85 137 38 46 26 154 168 183 144 150 112 60 16 17 157 21 120 141 148 83 15 10 62 0 97 168 173 85 113 138 133 188 115 132 126 158 86 166 172 141 63 97 47 66 5 182 112 47 123 164 174 114 79 122 95 68 20 207 26 189 133 142 
15 27 63 61 72 91 88 91 98 86 77 114 117 60 72 127 48 105 79 96 106 40 52 88 69 42 103 50 61 56 97 133 61 106 103 87 59 142 113 83 94 88 79 118 71 98 87 90 91 21 38 113 98 60 113 24 44 74 71 107 96 43 97 0 105 76 113 65 49 91 92 86 70 81 62 38 69 98 69 117 67 56 89 94 85 42 122 47 101 107 51 44 124 56 62 99 119 99 93 94 54 
114 119 160 164 169 194 123 143 185 27 47 153 170 105 125 231 137 152 50 99 209 91 121 146 116 64 207 154 147 63 133 233 128 204 178 155 48 165 16 92 39 137 126 177 46 12 118 27 184 86 125 181 159 100 174 106 100 161 89 182 172 139 168 105 0 102 214 167 65 43 121 62 38 182 115 87 106 178 36 212 171 124 189 164 114 65 164 58 5 8 59 148 228 74 163 180 170 153 126 44 132 
89 102 134 107 142 127 156 43 172 102 108 185 69 128 28 178 64 51 53 152 165 38 126 47 20 76 156 107 67 45 33 195 41 171 178 162 66 210 100 140 118 160 149 193 58 90 17 106 101 64 113 188 173 17 188 55 33 77 129 182 171 116 173 76 102 0 174 103 50 118 21 125 90 112 24 99 10 85 77 186 117 130 154 169 14 80 194 72 100 99 86 109 170 108 128 173 69 173 26 121 52 
101 95 55 69 47 65 132 164 54 191 176 132 176 124 155 33 112 176 192 161 12 146 102 157 159 151 26 68 115 168 180 21 139 15 78 91 171 161 224 154 193 116 119 106 183 209 177 194 104 133 90 89 101 159 103 124 145 115 146 77 76 76 85 113 214 174 0 76 161 189 182 175 177 78 152 130 165 133 180 29 58 102 26 87 178 150 131 158 210 218 156 70 41 147 52 66 179 110 180 191 126 
62 66 59 10 62 27 133 89 95 150 141 149 102 111 81 75 40 101 132 151 65 83 92 82 86 106 54 26 40 110 105 95 65 76 113 110 120 180 173 139 158 124 120 138 127 159 104 154 38 82 71 126 123 90 134 63 78 40 128 115 107 58 113 65 167 103 76 0 105 155 108 148 134 18 80 99 94 62 131 95 19 95 63 112 105 106 154 110 163 168 115 37 67 118 46 103 105 128 106 158 53 
62 72 111 103 120 132 111 86 144 56 59 141 114 83 65 174 73 98 31 103 154 27 88 86 57 27 150 96 83 9 81 182 66 154 145 126 19 164 69 91 71 117 106 154 23 56 66 60 119 29 82 153 134 41 150 43 37 97 81 149 138 90 138 49 65 50 161 105 0 70 71 76 42 119 54 55 50 115 32 165 112 92 138 134 63 31 151 22 62 65 37 92 169 59 110 143 114 132 75 73 68 
96 97 135 150 143 181 83 155 153 19 15 112 184 70 135 211 134 167 73 57 186 94 90 156 127 53 187 137 146 73 150 207 133 178 142 119 53 123 58 51 5 98 88 138 63 49 135 18 180 78 100 144 121 110 135 102 105 160 51 147 138 115 133 91 43 118 189 155 70 0 139 20 29 172 124 60 119 181 42 182 155 91 163 128 131 51 123 51 39 50 42 129 209 43 141 146 184 115 144 4 133 
105 118 146 113 154 129 175 30 184 123 129 203 52 146 27 182 70 34 72 172 172 56 143 36 25 96 162 116 69 66 14 202 44 180 193 179 86 229 117 160 139 178 168 210 78 109 6 126 98 83 129 204 189 34 205 69 48 75 149 197 186 129 188 92 121 21 182 108 71 139 0 146 110 113 32 118 24 77 98 196 124 147 164 185 8 100 212 93 120 117 107 120 173 128 139 187 51 190 7 142 56 
87 86 122 142 129 173 63 159 136 36 19 92 188 54 138 199 131 172 86 38 173 97 74 159 131 53 175 128 144 81 157 192 135 164 124 101 61 104 77 32 24 79 70 119 74 66 142 36 176 76 87 126 103 115 116 100 107 157 33 129 120 103 115 86 62 125 175 148 76 20 146 0 39 165 127 50 125 180 53 167 145 75 150 110 138 50 103 54 58 69 41 119 198 31 129 129 188 96 150 20 133 
78 82 123 130 131 160 91 127 147 17 20 122 155 70 106 195 108 139 48 73 172 66 84 127 98 28 171 119 120 45 122 196 106 167 141 119 25 138 51 63 30 102 92 143 36 37 106 21 155 53 88 145 124 82 139 76 77 134 57 146 135 102 132 70 38 90 177 134 42 29 110 39 0 149 95 49 90 154 15 174 136 86 151 128 103 28 133 25 34 43 21 111 192 38 126 142 155 119 115 32 107 
79 83 72 26 74 17 149 90 106 166 157 164 100 127 87 70 49 101 145 168 66 95 108 83 93 122 54 42 45 123 108 96 72 81 126 124 134 196 188 156 174 140 136 152 141 174 110 170 27 97 88 138 137 100 147 77 89 40 145 127 120 74 126 81 182 112 78 18 119 172 113 165 149 0 88 116 102 56 146 101 30 112 71 126 112 123 169 126 178 183 131 53 60 135 59 114 103 143 110 174 61 
75 87 115 84 123 104 148 33 153 110 111 175 61 119 12 154 41 46 68 149 142 31 114 33 8 75 133 85 44 53 35 172 18 149 163 148 72 202 115 136 124 149 140 180 70 104 27 114 78 56 99 173 160 16 175 39 21 54 124 166 155 98 158 62 115 24 152 80 54 124 32 127 95 88 0 92 15 65 85 165 95 118 133 155 27 79 184 74 113 113 86 89 146 105 108 156 62 161 32 127 28 
38 37 76 92 84 123 57 124 99 62 47 87 151 29 103 151 86 138 81 59 126 63 36 122 98 31 127 79 98 63 126 148 95 119 95 73 53 111 99 46 64 63 52 101 69 84 113 65 128 37 40 100 81 85 97 58 72 112 34 99 88 55 86 38 87 99 130 99 55 60 118 50 49 116 92 0 95 136 56 126 96 40 104 82 111 27 97 38 82 91 29 69 150 20 81 95 152 78 121 63 90 
83 95 126 97 134 118 152 38 164 104 108 180 66 123 20 168 55 49 58 150 155 32 120 41 11 74 147 98 58 46 33 186 32 162 171 156 66 206 105 137 119 154 145 187 61 95 19 108 92 59 106 181 167 11 182 47 26 68 126 175 164 108 166 69 106 10 165 94 50 119 24 125 90 102 15 95 0 77 79 177 108 124 146 163 17 78 189 71 104 104 85 100 161 105 119 166 66 167 27 122 42 
104 113 119 72 123 70 183 48 156 170 167 204 46 156 57 122 51 52 132 194 122 89 142 41 66 129 108 84 38 115 67 150 50 136 174 167 133 234 179 181 182 178 171 198 133 167 75 174 31 105 122 186 180 80 193 81 79 26 169 176 167 113 172 98 178 85 133 62 115 181 77 180 154 56 65 136 77 0 146 155 81 146 124 171 78 132 210 130 175 177 140 94 111 153 107 164 49 184 71 184 48 
79 85 127 128 136 158 103 115 154 26 34 134 144 80 95 196 102 127 33 87 174 58 92 117 87 29 172 119 113 33 109 199 97 171 150 128 14 152 45 76 42 114 103 153 22 30 94 30 149 50 93 155 134 71 150 71 68 127 69 154 144 105 141 69 36 77 180 131 32 42 98 53 15 146 85 56 79 146 0 179 135 95 155 137 90 31 145 22 33 39 27 112 192 50 129 150 144 130 102 45 99 
104 95 54 86 45 90 116 181 33 187 170 110 197 114 170 60 128 194 196 147 39 154 93 174 172 151 53 81 132 173 196 32 154 20 55 72 172 138 223 141 186 99 103 82 186 209 191 190 127 137 87 65 80 170 79 133 154 134 135 53 54 76 63 117 212 186 29 95 165 182 196 167 174 101 165 126 177 155 179 0 76 92 33 66 191 149 108 158 207 216 154 78 69 141 58 44 199 89 195 184 142 
59 60 42 12 44 30 122 107 77 152 140 135 121 103 97 63 55 119 141 144 48 92 82 100 101 108 40 18 58 117 122 78 81 58 96 95 125 167 179 133 158 112 109 122 134 164 120 155 55 86 63 109 107 103 117 71 89 59 122 97 90 47 97 67 171 117 58 19 112 155 124 145 136 30 95 96 108 81 135 76 0 85 44 96 121 108 139 113 167 173 116 28 58 115 29 85 124 114 122 157 69 
45 34 51 86 56 114 38 146 62 98 80 59 172 22 127 128 98 161 119 61 101 93 5 143 125 69 105 70 110 100 153 118 116 90 56 35 92 89 136 52 95 32 26 64 107 122 142 100 131 67 25 62 43 115 59 80 100 121 44 60 50 38 47 56 124 130 102 95 92 91 147 75 86 112 118 40 124 146 95 92 85 0 77 43 141 66 67 76 119 129 68 59 130 50 61 56 173 43 149 92 108 
77 70 29 55 21 62 109 149 38 166 150 112 165 99 138 53 96 162 168 137 25 124 77 142 140 126 33 49 100 145 164 45 122 17 62 70 147 142 199 129 167 94 95 90 159 184 159 169 97 109 65 74 81 139 86 103 124 103 120 62 57 50 66 89 189 154 26 63 138 163 164 150 151 71 133 104 146 124 155 33 44 77 0 67 160 124 113 133 184 192 131 47 57 121 28 49 168 89 163 165 110 
81 68 54 102 53 122 52 180 34 137 119 46 203 59 163 118 127 194 161 85 90 133 47 175 161 112 100 87 137 142 189 97 149 73 15 9 134 76 177 81 133 34 42 27 150 164 180 139 149 108 57 20 15 153 22 116 138 146 78 19 12 59 5 94 164 169 87 112 134 128 185 110 128 126 155 82 163 171 137 66 96 43 67 0 179 108 46 119 160 170 110 77 123 90 67 23 205 24 186 129 139 
98 111 141 110 149 128 168 33 179 115 121 196 58 139 25 179 66 40 65 165 168 48 136 39 20 88 159 112 67 58 20 198 41 175 187 172 79 222 111 152 131 170 161 203 71 102 5 119 98 75 123 197 183 26 198 63 42 75 141 191 180 123 182 85 114 14 178 105 63 131 8 138 103 112 27 111 17 78 90 191 121 141 160 179 0 92 205 85 113 111 99 115 171 120 134 181 57 183 13 134 53 
50 55 96 102 105 133 80 111 124 44 37 111 139 54 90 167 84 124 55 73 144 48 62 110 83 5 143 91 96 39 110 169 86 140 121 99 27 133 75 60 53 88 77 127 43 61 95 48 130 28 62 127 107 68 123 52 58 110 50 125 114 75 112 42 65 80 150 106 31 51 100 50 28 123 79 27 78 132 31 149 108 66 124 108 92 0 121 12 61 69 10 84 164 29 99 120 140 104 104 54 84 
111 99 98 144 98 167 43 212 78 137 118 12 238 68 193 163 163 227 175 68 135 158 71 209 190 126 146 129 174 159 219 139 182 117 54 45 146 31 179 72 127 35 45 28 162 167 207 138 191 131 89 44 33 179 30 146 165 184 77 56 56 98 47 122 164 194 131 154 151 123 212 103 133 169 184 97 189 210 145 108 139 67 113 46 205 121 0 132 160 171 120 118 168 96 111 66 239 26 214 123 173 
57 64 105 107 114 137 91 106 134 41 38 122 134 65 85 174 84 118 44 81 152 44 73 106 77 8 150 97 96 29 103 177 83 149 131 110 16 143 67 69 53 99 88 138 32 52 88 45 131 29 72 138 118 62 134 52 54 110 60 136 125 84 123 47 58 72 158 110 22 51 93 54 25 126 74 38 71 130 22 158 113 76 133 119 85 12 132 0 54 61 15 91 171 38 107 130 135 115 97 54 83 
110 115 156 160 165 190 118 141 180 23 42 149 169 101 123 227 134 151 49 95 204 88 117 144 114 60 203 150 144 61 132 229 126 200 173 151 45 161 20 88 35 132 122 172 44 13 116 23 181 82 121 177 155 98 169 103 97 158 85 178 168 135 164 101 5 100 210 163 62 39 120 58 34 178 113 82 104 175 33 207 167 119 184 160 113 61 160 54 0 12 54 144 224 70 159 175 168 149 125 40 130 
117 123 164 166 173 195 129 141 190 34 53 160 167 111 123 234 137 149 47 106 212 91 126 144 114 67 210 157 147 63 130 237 127 208 183 161 49 172 9 99 46 143 132 183 44 10 114 34 184 88 130 187 165 98 180 107 99 161 95 188 178 143 174 107 8 99 218 168 65 50 117 69 43 183 113 91 104 177 39 216 173 129 192 170 111 69 171 61 12 0 63 151 231 80 167 185 167 160 123 51 132 
57 61 102 111 111 141 78 119 128 36 28 109 147 54 98 175 93 132 55 67 151 56 65 118 91 12 150 99 105 43 117 175 94 146 123 101 27 129 70 55 44 88 77 127 43 56 102 40 139 37 67 128 107 75 123 61 66 119 46 127 117 81 114 51 59 86 156 115 37 42 107 41 21 131 86 29 85 140 27 154 116 68 131 110 99 10 120 15 54 63 0 91 172 25 106 123 148 104 111 45 93 
34 33 27 28 35 57 97 108 67 127 115 112 128 76 94 84 54 122 123 117 62 77 56 102 96 85 60 12 62 99 120 90 78 63 81 74 103 144 157 106 132 88 83 104 115 142 115 131 74 64 36 93 87 93 99 56 77 69 95 83 74 21 79 44 148 109 70 37 92 129 120 119 111 53 89 69 100 94 112 78 28 59 47 77 115 84 118 91 144 151 91 0 82 88 20 72 130 92 119 131 67 
115 113 80 66 75 44 164 150 92 208 195 168 157 150 146 12 107 160 198 190 34 149 128 143 152 165 25 74 104 174 168 48 131 53 116 126 182 198 236 181 213 150 150 145 192 222 169 211 81 143 112 128 137 157 141 128 145 99 172 116 113 96 122 124 228 170 41 67 169 209 173 198 192 60 146 150 161 111 192 69 58 130 57 123 171 164 168 171 224 231 172 82 0 168 70 104 160 145 170 212 119 
57 56 93 112 101 142 54 137 112 48 30 85 165 32 116 169 103 150 79 45 144 74 48 135 110 33 145 98 115 66 137 165 110 136 104 81 51 105 88 32 47 65 54 105 67 74 123 50 146 50 57 108 86 95 101 73 84 129 22 108 98 73 95 56 74 108 147 118 59 43 128 31 38 135 105 20 105 153 50 141 115 50 121 90 120 29 96 38 70 80 25 88 168 0 99 106 166 81 131 45 106 
50 45 14 36 17 57 97 126 50 141 127 107 144 81 113 71 71 139 141 121 46 97 59 119 115 100 47 25 78 117 139 72 97 44 68 66 120 139 173 111 144 85 83 94 132 158 134 144 83 82 42 80 79 112 89 76 97 83 102 70 61 26 68 62 163 128 52 46 110 141 139 129 126 59 108 81 119 107 129 58 29 61 28 67 134 99 111 107 159 167 106 20 70 99 0 57 147 86 138 143 85 
85 73 45 93 41 109 74 179 13 153 135 67 199 76 163 98 125 192 172 106 71 138 59 173 163 123 82 80 133 150 190 75 148 52 13 30 146 96 192 101 150 56 62 42 161 178 182 156 140 115 62 26 36 157 38 119 141 139 97 13 11 58 20 99 180 173 66 103 143 146 187 129 142 114 156 95 166 164 150 44 85 56 49 23 181 120 66 130 175 185 123 72 104 106 57 0 202 46 187 147 137 
129 141 157 114 163 118 206 30 196 169 172 231 4 178 51 170 78 18 121 210 168 92 169 32 58 136 156 123 69 112 38 198 59 181 210 200 131 260 167 197 184 205 197 231 126 158 53 173 79 117 151 222 212 74 226 96 82 65 185 213 203 146 207 119 170 69 179 105 114 184 51 188 155 103 62 152 66 49 144 199 124 173 168 205 57 140 239 135 168 167 148 130 160 166 147 202 0 215 45 187 67 
87 75 73 118 74 142 34 188 57 126 107 23 213 51 170 141 138 203 158 66 113 136 48 184 167 108 122 103 149 140 195 120 158 96 35 20 130 54 168 65 119 17 28 24 146 155 185 128 165 109 64 32 10 157 21 122 142 159 65 39 35 72 26 99 153 173 110 128 132 115 190 96 119 143 161 78 167 184 130 89 114 43 89 24 183 104 26 115 149 160 104 92 145 81 86 46 215 0 192 115 149 
106 118 145 111 153 126 177 24 184 128 133 205 46 149 26 179 68 28 77 176 169 58 145 31 25 100 159 115 66 71 8 200 42 178 194 180 91 232 123 163 144 180 170 211 83 115 9 131 94 85 130 204 191 37 206 70 50 72 152 197 187 129 189 93 126 26 180 106 75 144 7 150 115 110 32 121 27 71 102 195 122 149 163 186 13 104 214 97 125 123 111 119 170 131 138 187 45 192 0 147 54 
98 99 137 153 145 184 83 158 154 22 18 112 187 71 138 213 137 170 76 56 188 97 91 159 130 56 189 140 149 77 153 209 136 180 143 120 56 122 59 51 6 98 89 138 66 50 138 20 183 81 102 145 122 114 136 105 108 163 51 147 139 117 133 94 44 121 191 158 73 4 142 20 32 174 127 63 122 184 45 184 157 92 165 129 134 54 123 54 40 51 45 131 212 45 143 147 187 115 147 0 136 
63 75 94 58 101 76 142 42 133 123 120 166 65 114 29 127 15 56 90 149 116 42 103 36 34 82 107 62 17 70 55 147 13 125 145 134 86 195 135 136 135 139 131 165 88 123 51 127 53 58 85 157 146 40 160 34 33 29 124 148 138 81 142 54 132 52 126 53 68 133 56 133 107 61 28 90 42 48 99 142 69 108 110 139 53 84 173 83 130 132 93 67 119 106 85 137 67 149 54 136 0 
