50 6
1 4 8 8 4 2 
0 74 81 66 88 85 119 119 86 30 24 93 66 72 78 58 102 3 88 82 118 102 48 81 29 87 65 40 32 66 39 76 74 71 50 100 39 67 58 41 70 59 53 100 58 96 17 124 67 43 37 39 73 58 66 86 15 70 84 113 86 58 70 47 33 115 84 107 31 104 95 89 46 87 30 46 94 68 67 123 89 75 87 55 128 82 105 114 141 51 85 96 60 111 131 111 73 35 94 79 50 
74 0 129 115 35 118 58 56 21 98 62 166 137 5 151 129 115 73 96 151 49 97 115 10 102 153 119 34 43 58 73 89 123 63 66 163 69 104 81 44 5 57 118 106 52 119 65 168 122 33 61 35 74 96 62 96 86 129 81 108 147 127 26 93 103 70 102 178 72 67 108 129 117 160 61 114 26 73 25 190 162 101 52 91 196 13 164 155 210 77 81 96 27 63 122 180 105 105 31 105 123 
81 129 0 135 156 27 185 184 129 55 104 86 99 130 98 57 57 79 168 54 178 79 46 133 75 44 18 105 102 80 119 55 141 150 130 45 61 142 138 116 127 138 39 180 135 173 74 186 131 100 69 99 153 34 76 58 70 128 164 83 138 100 138 38 59 189 163 78 111 113 174 17 90 94 71 100 137 67 135 77 95 152 162 38 83 141 40 180 100 53 74 72 129 183 97 76 150 88 158 157 74 
66 115 135 0 108 147 135 138 134 82 58 100 56 112 71 88 167 68 55 111 143 167 91 124 61 123 118 87 78 130 42 142 9 68 52 137 105 18 39 72 111 64 98 63 68 44 82 58 12 95 103 91 59 121 130 152 69 21 65 179 36 47 97 109 77 118 43 125 46 164 52 148 50 86 95 39 140 134 96 147 87 32 95 119 151 117 146 48 156 117 150 162 90 117 196 131 25 48 120 34 69 
88 35 156 108 0 149 32 33 52 116 68 179 143 32 158 145 149 88 74 169 36 131 134 39 114 173 144 52 57 92 70 122 114 43 57 185 96 93 70 47 35 44 139 81 41 99 85 154 117 57 88 57 54 124 96 130 102 125 57 143 143 132 19 119 119 36 83 194 73 100 86 159 124 170 86 119 53 106 22 210 171 86 21 120 215 25 188 140 227 106 115 130 28 29 156 198 92 113 14 88 135 
85 118 27 147 149 0 175 174 115 67 106 111 118 120 120 78 31 83 172 80 166 53 64 121 89 70 37 100 100 63 123 34 154 150 132 71 55 151 143 115 117 138 58 184 135 181 74 201 144 93 62 93 155 28 59 34 78 143 165 57 155 117 132 39 72 183 169 104 115 91 179 14 106 118 67 115 122 49 129 103 118 160 158 32 108 131 64 193 126 43 52 47 124 176 71 102 158 102 149 164 93 
119 58 185 135 32 175 0 6 68 147 99 210 173 56 189 176 172 119 93 200 20 152 165 57 145 204 174 82 88 115 100 147 140 67 86 216 124 118 96 78 59 72 169 97 70 119 116 176 145 86 117 87 77 152 119 153 133 153 77 163 170 163 49 148 150 27 104 225 103 115 104 186 155 201 115 149 64 130 52 241 202 109 41 148 246 45 218 162 259 134 136 151 59 23 174 229 116 144 27 111 166 
119 56 184 138 33 174 6 0 65 148 100 211 175 55 191 177 170 120 97 201 15 149 165 55 146 204 173 82 88 113 102 145 144 71 89 216 124 122 99 80 58 75 169 101 72 123 116 180 148 85 116 87 81 151 117 151 133 156 81 160 173 165 50 148 151 32 108 226 105 111 108 185 156 202 115 151 61 128 53 241 204 113 44 147 247 44 218 166 259 133 134 149 60 27 171 230 119 146 27 115 167 
86 21 129 134 52 115 68 65 0 107 79 177 151 26 164 138 107 86 117 158 54 85 123 14 115 158 122 50 59 52 92 83 142 84 86 167 72 124 102 63 25 78 125 127 73 140 75 188 140 44 65 48 95 96 56 88 98 146 102 96 164 142 47 96 113 85 123 186 89 49 129 127 131 172 68 130 9 67 45 196 174 122 71 92 202 28 167 175 217 77 71 85 48 78 107 188 126 120 44 125 135 
30 98 55 82 116 67 147 148 107 0 54 70 57 98 64 31 90 29 115 54 145 98 18 105 23 58 38 66 60 73 66 70 88 100 79 70 42 88 85 71 95 89 23 127 87 119 34 135 78 66 45 63 102 43 71 79 17 77 112 107 90 53 98 31 8 145 109 80 58 113 120 67 41 69 40 49 115 68 96 94 70 98 117 42 100 108 75 127 113 47 84 91 89 140 125 83 95 36 122 102 33 
24 62 104 58 68 106 99 100 79 54 0 111 77 59 92 79 119 26 66 104 101 115 71 71 47 111 88 30 21 74 19 92 66 47 27 124 55 52 38 21 58 35 77 79 34 78 33 115 63 38 50 34 50 79 76 102 38 68 61 126 86 67 51 69 55 93 64 128 13 107 74 112 57 103 43 53 86 81 49 145 104 57 65 75 150 67 129 103 161 68 96 110 42 89 144 132 57 46 77 61 68 
93 166 86 100 179 111 210 211 177 70 111 0 45 165 31 40 141 93 152 33 210 158 57 174 65 46 75 133 125 141 114 130 102 152 129 55 110 116 126 132 162 142 59 162 143 144 102 130 90 134 115 131 148 101 138 137 80 83 157 164 81 55 162 92 64 202 142 27 109 180 152 102 58 17 110 67 185 134 159 50 16 130 174 103 53 174 68 130 56 113 148 151 152 199 180 34 124 67 187 133 44 
66 137 99 56 143 118 173 175 151 57 77 45 0 135 17 43 145 67 108 60 177 155 55 145 39 74 83 103 94 127 74 126 58 111 89 87 96 72 84 97 133 103 61 117 104 99 80 92 46 108 98 104 106 99 125 135 57 39 114 164 41 11 127 86 50 162 98 70 71 166 107 114 21 31 91 25 159 124 125 92 32 86 136 98 96 143 98 88 100 103 140 148 118 160 181 76 79 32 153 88 26 
72 5 130 112 32 120 56 55 26 98 59 165 135 0 149 128 118 72 92 150 49 100 115 13 101 153 120 33 41 61 70 92 119 59 62 163 70 100 78 41 4 53 118 102 48 115 65 164 119 32 62 35 70 97 65 99 85 126 77 112 144 125 22 94 102 67 98 177 69 71 104 131 115 159 62 112 30 75 20 190 160 97 48 93 196 11 165 151 210 78 84 99 23 60 125 180 101 103 29 101 122 
78 151 98 71 158 120 189 191 164 64 92 31 17 149 0 42 148 79 124 52 192 161 58 159 50 67 84 117 108 136 90 132 72 127 105 79 105 87 100 112 147 119 63 133 120 114 91 101 61 121 108 117 122 103 134 140 68 53 130 169 51 27 142 92 57 179 113 57 86 176 123 114 35 15 102 41 172 132 140 80 17 101 152 104 83 158 91 100 86 111 147 154 133 176 186 64 95 46 168 104 32 
58 129 57 88 145 78 176 177 138 31 79 40 43 128 42 0 107 57 131 26 175 121 18 136 34 36 42 96 89 101 86 92 92 124 101 50 71 99 103 98 125 113 21 142 112 130 64 133 81 97 75 94 122 63 99 100 44 76 133 128 83 45 127 53 26 172 123 50 80 141 134 73 39 42 71 50 146 95 124 67 42 112 144 64 72 138 59 128 83 74 109 114 117 167 145 54 107 42 151 115 20 
102 115 57 167 149 31 172 170 107 90 119 141 145 118 148 107 0 100 184 110 160 28 91 115 112 100 66 105 108 58 137 28 174 158 144 101 64 168 156 123 115 147 86 196 143 196 88 223 166 97 70 98 165 47 54 20 98 166 175 27 179 142 134 60 97 184 183 134 130 72 193 43 130 147 77 138 112 44 131 132 147 175 161 49 137 127 92 214 155 52 37 24 127 177 41 132 174 124 146 179 119 
3 73 79 68 88 83 119 120 86 29 26 93 67 72 79 57 100 0 90 81 118 100 47 81 30 86 63 40 33 64 41 74 76 73 52 99 37 69 60 42 70 61 52 102 59 98 15 126 69 42 35 39 75 56 64 84 14 72 86 111 88 59 71 45 32 117 86 107 33 102 97 87 47 87 28 48 93 66 68 122 89 77 89 53 128 82 103 116 140 49 83 94 61 112 129 110 76 36 95 81 50 
88 96 168 55 74 172 93 97 117 115 66 152 108 92 124 131 184 90 0 157 106 176 129 104 99 166 152 82 78 134 50 157 57 34 41 180 120 38 31 64 93 41 136 13 46 27 98 84 66 92 115 89 22 144 137 166 99 75 17 188 89 98 71 134 113 70 13 175 58 159 13 177 97 139 108 86 120 144 72 195 140 24 55 141 200 92 187 70 207 133 158 172 70 72 205 180 31 90 87 23 114 
82 151 54 111 169 80 200 201 158 54 104 33 60 150 52 26 110 81 157 0 198 129 36 158 59 15 46 119 113 117 112 102 115 149 126 27 88 123 128 123 148 138 34 167 138 153 86 151 103 119 94 116 148 73 114 108 68 97 158 134 100 66 151 66 50 197 148 28 105 155 159 70 62 44 91 73 166 108 148 41 44 136 169 76 47 161 39 148 60 88 120 122 141 192 150 30 131 67 175 140 43 
118 49 178 143 36 166 20 15 54 145 101 210 177 49 192 175 160 118 106 198 0 138 163 46 146 201 168 79 86 104 105 136 150 78 93 212 118 128 105 80 52 80 166 112 76 132 112 188 152 80 110 83 89 145 108 141 132 161 90 148 178 167 50 142 149 46 116 224 107 99 118 178 157 203 110 153 49 119 52 238 204 121 52 140 244 38 213 174 257 126 124 138 60 40 159 227 127 146 25 123 167 
102 97 79 167 131 53 152 149 85 98 115 158 155 100 161 121 28 100 176 129 138 0 104 96 118 121 84 95 99 43 133 29 175 147 137 123 63 166 151 113 97 137 100 188 133 192 86 225 168 85 66 88 156 58 40 22 102 170 166 13 185 150 118 69 105 166 177 155 126 45 186 67 138 162 73 143 90 34 116 155 162 171 146 57 161 109 117 215 178 53 19 8 113 159 30 153 171 130 127 175 130 
48 115 46 91 134 64 165 165 123 18 71 57 55 115 58 18 91 47 129 36 163 104 0 122 32 40 29 84 78 85 82 75 97 117 95 53 54 100 100 89 112 106 8 141 105 131 51 141 86 83 59 81 118 46 82 83 34 83 128 112 93 55 116 36 17 163 123 63 74 124 134 60 45 58 56 55 131 78 113 76 59 112 135 47 82 125 59 135 95 57 92 97 106 158 129 66 108 44 140 116 30 
81 10 133 124 39 121 57 55 14 105 71 174 145 13 159 136 115 81 104 158 46 96 122 0 110 159 124 43 51 59 82 91 132 71 75 169 74 113 90 53 14 66 125 114 61 127 72 177 131 40 66 43 82 100 63 97 94 138 89 107 156 136 33 98 110 72 110 185 81 62 116 133 125 168 67 123 17 74 32 197 170 110 57 95 202 15 169 164 217 81 80 95 36 65 119 187 114 114 32 113 131 
29 102 75 61 114 89 145 146 115 23 47 65 39 101 50 34 112 30 99 59 146 118 32 110 0 68 58 69 60 88 53 90 67 91 68 82 58 69 70 67 99 80 39 111 80 100 42 113 56 71 59 68 89 65 87 100 19 55 100 128 68 33 97 52 17 139 92 82 47 128 103 88 20 58 53 27 123 87 94 99 60 81 111 64 105 110 89 106 115 66 103 112 87 135 146 86 77 14 122 85 22 
87 153 44 123 173 70 204 204 158 58 111 46 74 153 67 36 100 86 166 15 201 121 40 159 68 0 39 123 117 114 120 95 127 156 134 15 87 134 137 128 150 145 35 177 144 165 89 165 115 121 94 119 156 68 110 100 73 110 167 126 114 79 155 63 56 202 158 35 113 151 169 59 74 58 92 85 166 103 152 39 58 147 174 71 45 163 25 161 61 85 114 114 146 197 140 33 142 77 178 150 55 
65 119 18 118 144 37 174 173 122 38 88 75 83 120 84 42 66 63 152 46 168 84 29 124 58 39 0 93 89 76 103 57 124 135 114 46 51 125 122 102 117 123 22 164 121 156 60 169 114 89 59 87 137 29 72 63 54 112 148 90 121 83 126 27 42 176 146 72 95 112 157 32 73 82 59 83 130 64 123 77 82 136 149 33 82 131 45 163 99 47 76 77 117 170 106 71 133 71 147 140 58 
40 34 105 87 52 100 82 82 50 66 30 133 103 33 117 96 105 40 82 119 79 95 84 43 69 123 93 0 10 52 45 78 94 53 44 134 46 79 59 19 31 43 88 94 38 100 34 143 92 11 39 8 61 74 55 87 53 98 71 107 115 94 34 68 70 84 84 146 41 80 93 109 83 126 35 81 57 63 31 160 128 80 58 70 165 42 137 130 178 58 77 91 25 78 123 149 82 72 56 84 90 
32 43 102 78 57 100 88 88 59 60 21 125 94 41 108 89 108 33 78 113 86 99 78 51 60 117 89 10 0 57 37 80 86 51 38 129 46 71 53 16 39 40 82 90 36 94 29 135 83 18 39 14 58 73 59 89 46 89 68 111 107 85 39 65 63 87 79 139 33 87 88 107 74 118 34 72 66 66 36 153 120 73 60 69 159 50 132 123 172 58 81 95 29 82 128 142 75 63 63 78 82 
66 58 80 130 92 63 115 113 52 73 74 141 127 61 136 101 58 64 134 117 104 43 85 59 88 114 76 52 57 0 92 32 138 105 95 121 32 126 109 71 58 94 84 146 90 151 50 187 132 43 30 45 113 47 5 39 71 135 123 55 151 120 77 51 80 127 135 145 86 41 144 76 108 141 37 111 59 16 74 152 142 130 105 44 157 70 119 176 174 30 25 40 71 120 71 145 131 98 89 134 105 
39 73 119 42 70 123 100 102 92 66 19 114 74 70 90 86 137 41 50 112 105 133 82 82 53 120 103 45 37 92 0 111 50 38 15 134 73 34 20 30 69 29 88 62 31 60 50 98 50 54 69 50 37 96 94 121 50 57 47 145 75 64 56 85 65 89 46 133 9 124 57 128 57 103 61 50 98 99 55 152 105 38 62 93 157 76 140 86 167 86 115 128 49 86 162 138 39 48 81 43 72 
76 89 55 142 122 34 147 145 83 70 92 130 126 92 132 92 28 74 157 102 136 29 75 91 90 95 57 78 80 32 111 0 150 130 116 99 38 142 129 95 89 119 72 169 115 170 62 199 142 69 43 71 137 30 28 11 75 143 148 38 158 122 107 41 77 157 156 128 103 58 166 47 110 133 50 116 90 17 104 131 134 148 134 29 137 102 94 190 154 26 20 22 100 150 56 127 148 102 120 153 102 
74 123 141 9 114 154 140 144 142 88 66 102 58 119 72 92 174 76 57 115 150 175 97 132 67 127 124 94 86 138 50 150 0 74 59 141 113 23 45 80 119 71 104 64 75 43 90 50 13 103 110 99 64 128 138 160 77 20 69 187 32 50 104 116 83 123 45 127 54 172 53 154 54 87 103 43 148 142 103 149 88 34 100 126 153 124 150 40 157 124 158 170 97 122 204 134 27 54 127 35 73 
71 63 150 68 43 150 67 71 84 100 47 152 111 59 127 124 158 73 34 149 78 147 117 71 91 156 135 53 51 105 38 130 74 0 24 170 96 51 30 36 60 13 123 44 16 58 77 111 78 63 89 61 12 123 108 140 84 87 19 160 104 100 38 114 101 52 41 171 44 127 45 157 95 141 84 87 87 116 39 190 142 44 27 119 195 59 175 98 204 108 129 144 37 50 175 176 50 85 56 46 110 
50 66 130 52 57 132 86 89 86 79 27 129 89 62 105 101 144 52 41 126 93 137 95 75 68 134 114 44 38 95 15 116 59 24 0 147 80 39 17 25 62 14 101 53 17 57 58 103 60 54 74 50 24 105 97 126 62 68 35 149 86 78 46 95 79 74 41 148 22 123 50 138 72 118 68 65 91 103 45 167 119 37 47 101 172 66 153 90 181 93 118 132 39 71 165 153 40 62 69 41 87 
100 163 45 137 185 71 216 216 167 70 124 55 87 163 79 50 101 99 180 27 212 123 53 169 82 15 46 134 129 121 134 99 141 170 147 0 96 148 151 141 160 158 48 191 157 179 101 178 129 132 103 130 170 74 117 103 86 124 180 127 127 92 167 72 69 215 172 37 126 157 183 59 88 69 102 99 175 109 164 32 68 161 187 78 38 174 13 175 55 92 119 117 157 210 141 33 156 91 190 164 69 
39 69 61 105 96 55 124 124 72 42 55 110 96 70 105 71 64 37 120 88 118 63 54 74 58 87 51 46 46 32 73 38 113 96 80 96 0 105 92 61 67 84 55 133 81 133 24 163 106 40 8 40 102 29 30 48 41 108 112 74 123 90 79 25 49 130 119 116 66 72 129 63 78 110 13 82 80 30 76 125 111 111 104 24 131 80 96 153 146 13 46 57 70 123 92 117 111 69 98 116 74 
67 104 142 18 93 151 118 122 124 88 52 116 72 100 87 99 168 69 38 123 128 166 100 113 69 134 125 79 71 126 34 142 23 51 39 148 105 0 24 62 100 50 107 46 54 32 81 65 30 88 101 84 42 124 127 152 73 39 47 177 54 62 83 112 84 101 26 139 40 158 37 153 62 102 93 51 129 132 83 161 103 14 78 121 165 104 157 52 171 117 148 160 77 100 195 145 9 58 106 17 81 
58 81 138 39 70 143 96 99 102 85 38 126 84 78 100 103 156 60 31 128 105 151 100 90 70 137 122 59 53 109 20 129 45 30 17 151 92 24 0 41 78 27 106 43 31 42 69 87 49 69 87 66 22 115 111 139 69 58 31 163 75 74 60 104 83 81 27 148 28 139 37 147 70 114 80 61 107 117 60 168 116 21 56 112 172 81 158 74 181 105 133 146 55 79 180 153 24 62 83 25 86 
41 44 116 72 47 115 78 80 63 71 21 132 97 41 112 98 123 42 64 123 80 113 89 53 67 128 102 19 16 71 30 95 80 36 25 141 61 62 41 0 40 25 94 76 21 82 43 126 79 29 54 26 43 88 73 104 56 86 53 125 104 87 31 80 73 75 66 148 29 98 74 122 78 123 49 74 69 81 28 164 125 62 47 84 169 47 145 114 181 73 95 109 21 70 142 151 65 67 56 66 88 
70 5 127 111 35 117 59 58 25 95 58 162 133 4 147 125 115 70 93 148 52 97 112 14 99 150 117 31 39 58 69 89 119 60 62 160 67 100 78 40 0 54 115 103 49 115 62 164 118 30 59 32 71 94 62 96 83 125 78 109 143 124 24 91 100 70 98 175 68 69 105 128 113 157 59 110 30 72 22 187 158 98 50 90 193 14 162 151 207 75 81 96 24 63 123 177 102 101 32 101 120 
59 57 138 64 44 138 72 75 78 89 35 142 103 53 119 113 147 61 41 138 80 137 106 66 80 145 123 43 40 94 29 119 71 13 14 158 84 50 27 25 54 0 112 52 6 62 65 113 74 52 78 50 19 111 97 128 72 82 29 149 99 92 34 102 90 61 45 161 34 119 52 145 85 132 72 78 82 105 34 179 133 45 34 107 184 56 163 99 194 97 119 133 31 58 165 165 50 76 57 48 99 
53 118 39 98 139 58 169 169 125 23 77 59 61 118 63 21 86 52 136 34 166 100 8 125 39 35 22 88 82 84 88 72 104 123 101 48 55 107 106 94 115 112 0 148 110 138 54 148 93 86 60 84 124 43 81 80 40 90 135 108 100 62 121 34 24 168 130 62 81 123 141 54 52 62 58 62 133 76 118 73 63 119 140 45 78 129 52 142 93 55 90 93 111 163 124 63 115 51 144 123 36 
100 106 180 63 81 184 97 101 127 127 79 162 117 102 133 142 196 102 13 167 112 188 141 114 111 177 164 94 90 146 62 169 64 44 53 191 133 46 43 76 103 52 148 0 57 26 111 82 74 104 127 101 34 157 149 179 111 83 25 200 95 107 81 146 125 73 20 185 70 170 11 189 107 148 120 96 130 156 82 206 149 32 61 153 210 101 199 69 217 145 170 184 80 75 217 191 39 101 94 30 125 
58 52 135 68 41 135 70 72 73 87 34 143 104 48 120 112 143 59 46 138 76 133 105 61 80 144 121 38 36 90 31 115 75 16 17 157 81 54 31 21 49 6 110 57 0 67 62 117 77 48 74 45 24 108 93 124 71 85 34 145 102 94 30 99 89 60 50 161 34 114 57 142 86 133 69 80 77 101 30 178 134 50 32 104 184 51 162 104 194 93 114 129 26 56 161 165 54 76 53 53 100 
96 119 173 44 99 181 119 123 140 119 78 144 99 115 114 130 196 98 27 153 132 192 131 127 100 165 156 100 94 151 60 170 43 58 57 179 133 32 42 82 115 62 138 26 67 0 109 58 54 110 128 107 46 154 153 180 104 62 43 204 72 90 95 142 115 96 18 168 67 179 16 184 92 129 121 81 144 158 95 190 130 22 81 151 194 116 188 44 199 145 174 187 92 98 221 174 24 89 113 18 111 
17 65 74 82 85 74 116 116 75 34 33 102 80 65 91 64 88 15 98 86 112 86 51 72 42 89 60 34 29 50 50 62 90 77 58 101 24 81 69 43 62 65 54 111 62 109 0 140 83 33 21 30 81 47 50 72 24 86 92 97 102 72 67 38 39 116 96 113 43 88 106 81 60 98 14 62 83 52 64 126 99 88 89 43 132 75 103 129 146 36 69 80 57 111 115 116 87 49 90 92 61 
124 168 186 58 154 201 176 180 188 135 115 130 92 164 101 133 223 126 84 151 188 225 141 177 113 165 169 143 135 187 98 199 50 111 103 178 163 65 87 126 164 113 148 82 117 58 140 0 58 152 160 148 100 177 188 209 125 58 100 236 51 88 147 164 129 153 73 156 103 221 73 200 97 114 152 87 193 191 146 179 115 69 137 175 182 168 189 15 182 174 208 219 142 155 254 163 64 100 167 66 114 
67 122 131 12 117 144 145 148 140 78 63 90 46 119 61 81 166 69 66 103 152 168 86 131 56 115 114 92 83 132 50 142 13 78 60 129 106 30 49 79 118 74 93 74 77 54 83 58 0 100 104 96 70 119 132 152 68 10 76 179 26 38 105 107 73 129 55 115 51 168 63 144 42 76 96 32 147 135 104 137 77 43 105 118 141 125 139 50 146 117 151 162 98 128 197 122 36 43 129 45 61 
43 33 100 95 57 93 86 85 44 66 38 134 108 32 121 97 97 42 92 119 80 85 83 40 71 121 89 11 18 43 54 69 103 63 54 132 40 88 69 29 30 52 86 104 48 110 33 152 100 0 32 5 71 68 45 78 55 105 81 97 123 99 40 63 71 91 94 146 50 70 103 102 87 129 30 87 52 54 36 158 130 90 66 63 164 43 133 140 178 50 67 81 32 84 113 148 92 76 59 94 92 
37 61 69 103 88 62 117 116 65 45 50 115 98 62 108 75 70 35 115 94 110 66 59 66 59 94 59 39 39 30 69 43 110 89 74 103 8 101 87 54 59 78 60 127 74 128 21 160 104 32 0 32 96 36 29 52 42 107 106 77 123 91 71 33 52 122 114 122 62 69 124 71 79 113 8 82 73 32 68 132 114 107 96 32 138 73 103 150 153 20 48 60 63 116 95 123 107 69 90 111 77 
39 35 99 91 57 93 87 87 48 63 34 131 104 35 117 94 98 39 89 116 83 88 81 43 68 119 87 8 14 45 50 71 99 61 50 130 40 84 66 26 32 50 84 101 45 107 30 148 96 5 32 0 68 68 48 80 51 101 79 100 119 95 40 62 68 90 91 143 46 74 100 102 84 126 29 83 55 56 37 156 127 86 65 63 162 45 132 136 175 51 69 84 31 84 116 146 88 72 61 90 89 
73 74 153 59 54 155 77 81 95 102 50 148 106 70 122 122 165 75 22 148 89 156 118 82 89 156 137 61 58 113 37 137 64 12 24 170 102 42 22 43 71 19 124 34 24 46 81 100 70 71 96 68 0 127 116 147 85 79 12 168 95 95 50 118 101 60 29 169 44 137 34 161 91 136 89 82 99 123 50 188 137 33 38 123 193 71 176 86 202 114 137 152 48 59 184 174 39 82 68 35 107 
58 96 34 121 124 28 152 151 96 43 79 101 99 97 103 63 47 56 144 73 145 58 46 100 65 68 29 74 73 47 96 30 128 123 105 74 29 124 115 88 94 111 43 157 108 154 47 177 119 68 36 68 127 0 44 38 52 119 138 66 132 96 107 13 50 158 141 100 88 83 152 35 84 104 40 91 104 36 104 105 105 132 132 5 111 108 72 168 128 20 48 51 98 151 83 100 131 78 125 137 73 
66 62 76 130 96 59 119 117 56 71 76 138 125 65 134 99 54 64 137 114 108 40 82 63 87 110 72 55 59 5 94 28 138 108 97 117 30 127 111 73 62 97 81 149 93 153 50 188 132 45 29 48 116 44 0 35 70 135 126 52 151 119 81 48 78 131 137 142 87 43 146 72 107 139 37 110 63 11 78 148 140 131 108 40 154 75 115 177 170 26 22 37 75 124 69 142 132 97 93 136 103 
86 96 58 152 130 34 153 151 88 79 102 137 135 99 140 100 20 84 166 108 141 22 83 97 100 100 63 87 89 39 121 11 160 140 126 103 48 152 139 104 96 128 80 179 124 180 72 209 152 78 52 80 147 38 35 0 85 153 157 29 167 132 115 49 86 165 166 134 113 58 175 48 119 141 60 126 95 25 112 135 142 158 142 37 140 109 97 199 158 36 20 15 108 158 47 132 158 112 127 163 110 
15 86 70 69 102 78 133 133 98 17 38 80 57 85 68 44 98 14 99 68 132 102 34 94 19 73 54 53 46 71 50 75 77 84 62 86 41 73 69 56 83 72 40 111 71 104 24 125 68 55 42 51 85 52 70 85 0 69 96 113 83 50 84 40 18 130 93 93 42 110 104 81 38 75 35 42 105 70 81 109 76 83 102 50 114 95 92 116 126 50 86 96 74 125 131 97 81 28 108 87 38 
70 129 128 21 125 143 153 156 146 77 68 83 39 126 53 76 166 72 75 97 161 170 83 138 55 110 112 98 89 135 57 143 20 87 68 124 108 39 58 86 125 82 90 83 85 62 86 58 10 105 107 101 79 119 135 153 69 0 85 181 19 32 113 107 72 138 64 108 58 172 72 142 39 68 99 29 153 137 111 130 69 52 114 118 134 132 134 52 138 118 154 164 105 136 199 114 45 42 137 54 57 
84 81 164 65 57 165 77 81 102 112 61 157 114 77 130 133 175 86 17 158 90 166 128 89 100 167 148 71 68 123 47 148 69 19 35 180 112 47 31 53 78 29 135 25 34 43 92 100 76 81 106 79 12 138 126 157 96 85 0 178 100 104 56 129 112 56 28 178 55 145 29 172 100 145 100 91 105 134 57 198 146 35 38 134 203 76 187 86 211 125 147 162 56 56 194 183 42 92 71 36 117 
113 108 83 179 143 57 163 160 96 107 126 164 164 112 169 128 27 111 188 134 148 13 112 107 128 126 90 107 111 55 145 38 187 160 149 127 74 177 163 125 109 149 108 200 145 204 97 236 179 97 77 100 168 66 52 29 113 181 178 0 195 160 130 78 115 178 189 160 138 53 198 69 148 169 85 154 100 46 128 159 170 183 158 66 164 120 119 226 182 63 31 17 125 171 18 158 183 140 138 187 139 
86 147 138 36 143 155 170 173 164 90 86 81 41 144 51 83 179 88 89 100 178 185 93 156 68 114 121 115 107 151 75 158 32 104 86 127 123 54 75 104 143 99 100 95 102 72 102 51 26 123 123 119 95 132 151 167 83 19 100 195 0 39 130 120 83 154 77 107 76 189 84 153 49 65 115 42 171 152 129 130 66 66 130 131 133 150 138 50 134 133 169 179 123 153 213 114 59 56 155 67 64 
58 127 100 47 132 117 163 165 142 53 67 55 11 125 27 45 142 59 98 66 167 150 55 136 33 79 83 94 85 120 64 122 50 100 78 92 90 62 74 87 124 92 62 107 94 90 72 88 38 99 91 95 95 96 119 132 50 32 104 160 39 0 117 83 46 152 88 78 60 160 98 115 13 41 84 14 150 119 115 100 43 76 125 95 104 133 103 83 110 98 135 144 108 149 178 85 70 24 142 79 26 
70 26 138 97 19 132 49 50 47 98 51 162 127 22 142 127 134 71 71 151 50 118 116 33 97 155 126 34 39 77 56 107 104 38 46 167 79 83 60 31 24 34 121 81 30 95 67 147 105 40 71 40 50 107 81 115 84 113 56 130 130 117 0 101 102 51 78 177 57 92 83 141 108 153 68 103 50 91 4 192 155 79 28 102 197 22 170 133 210 89 101 116 10 45 145 180 83 97 26 82 118 
47 93 38 109 119 39 148 148 96 31 69 92 86 94 92 53 60 45 134 66 142 69 36 98 52 63 27 68 65 51 85 41 116 114 95 72 25 112 104 80 91 102 34 146 99 142 38 164 107 63 33 62 118 13 48 49 40 107 129 78 120 83 101 0 37 152 130 94 77 90 141 44 71 94 34 78 104 43 98 101 94 121 125 13 107 105 71 156 123 22 57 62 92 146 95 94 119 65 122 125 61 
33 103 59 77 119 72 150 151 113 8 55 64 50 102 57 26 97 32 113 50 149 105 17 110 17 56 42 70 63 80 65 77 83 101 79 69 49 84 83 73 100 90 24 125 89 115 39 129 73 71 52 68 101 50 78 86 18 72 112 115 83 46 102 37 0 147 107 76 58 120 118 72 34 62 47 43 121 75 99 91 63 96 119 49 96 112 75 122 109 54 91 98 92 143 132 79 92 30 126 100 26 
115 70 189 118 36 183 27 32 85 145 93 202 162 67 179 172 184 117 70 197 46 166 163 72 139 202 176 84 87 127 89 157 123 52 74 215 130 101 81 75 70 61 168 73 60 96 116 153 129 91 122 90 60 158 131 165 130 138 56 178 154 152 51 152 147 0 82 220 94 133 81 192 146 192 119 138 84 141 55 237 193 90 29 153 243 58 219 139 254 140 150 165 60 8 191 225 97 136 42 91 159 
84 102 163 43 83 169 104 108 123 109 64 142 98 98 113 123 183 86 13 148 116 177 123 110 92 158 146 84 79 135 46 156 45 41 41 172 119 26 27 66 98 45 130 20 50 18 96 73 55 94 114 91 29 141 137 166 93 64 28 189 77 88 78 130 107 82 0 165 54 163 12 173 87 128 107 77 127 144 78 186 129 13 65 138 191 99 180 59 197 131 159 172 75 83 206 171 19 82 96 10 106 
107 178 78 125 194 104 225 226 186 80 128 27 70 177 57 50 134 107 175 28 224 155 63 185 82 35 72 146 139 145 133 128 127 171 148 37 116 139 148 148 175 161 62 185 161 168 113 156 115 146 122 143 169 100 142 134 93 108 178 160 107 78 177 94 76 220 165 0 127 183 175 93 79 43 119 89 194 135 174 24 42 153 192 103 27 187 49 156 34 116 147 148 167 216 174 8 147 87 201 156 62 
31 72 111 46 73 115 103 105 89 58 13 109 71 69 86 80 130 33 58 105 107 126 74 81 47 113 95 41 33 86 9 103 54 44 22 126 66 40 28 29 68 34 81 70 34 67 43 103 51 50 62 46 44 88 87 113 42 58 55 138 76 60 57 77 58 94 54 127 0 119 65 120 53 99 54 47 96 92 56 146 100 46 66 85 151 75 132 91 161 78 108 121 49 90 155 132 46 42 83 50 66 
104 67 113 164 100 91 115 111 49 113 107 180 166 71 176 141 72 102 159 155 99 45 124 62 128 151 112 80 87 41 124 58 172 127 123 157 72 158 139 98 69 119 123 170 114 179 88 221 168 70 69 74 137 83 43 58 110 172 145 53 189 160 92 90 120 133 163 183 119 0 170 105 147 181 76 149 51 48 90 188 182 159 118 80 194 76 152 209 211 68 39 48 90 126 61 183 162 137 92 163 145 
95 108 174 52 86 179 104 108 129 120 74 152 107 104 123 134 193 97 13 159 118 186 134 116 103 169 157 93 88 144 57 166 53 45 50 183 129 37 37 74 105 52 141 11 57 16 106 73 63 103 124 100 34 152 146 175 104 72 29 198 84 98 83 141 118 81 12 175 65 170 0 184 98 138 117 87 132 153 84 197 139 23 67 149 201 104 191 59 207 141 168 182 82 83 215 181 29 93 99 20 116 
89 129 17 148 159 14 186 185 127 67 112 102 114 131 114 73 43 87 177 70 178 67 60 133 88 59 32 109 107 76 128 47 154 157 138 59 63 153 147 122 128 145 54 189 142 184 81 200 144 102 71 102 161 35 72 48 81 142 172 69 153 115 141 44 72 192 173 93 120 105 184 0 104 110 74 114 135 61 138 90 111 163 166 40 95 142 51 193 113 53 66 61 133 186 83 90 161 101 159 167 89 
46 117 90 50 124 106 155 156 131 41 57 58 21 115 35 39 130 47 97 62 157 138 45 125 20 74 73 83 74 108 57 110 54 95 72 88 78 62 70 78 113 85 52 107 86 92 60 97 42 87 79 84 91 84 107 119 38 39 100 148 49 13 108 71 34 146 87 79 53 147 98 104 0 47 72 12 138 106 106 99 48 75 118 83 104 123 97 91 112 86 123 131 98 142 165 84 70 12 133 79 20 
87 160 94 86 170 118 201 202 172 69 103 17 31 159 15 42 147 87 139 44 203 162 58 168 58 58 82 126 118 141 103 133 87 141 118 69 110 102 114 123 157 132 62 148 133 129 98 114 76 129 113 126 136 104 139 141 75 68 145 169 65 41 153 94 62 192 128 43 99 181 138 110 47 0 108 54 180 135 151 66 2 116 164 105 69 168 81 114 71 114 150 155 144 188 186 50 110 57 179 119 38 
30 61 71 95 86 67 115 115 68 40 43 110 91 62 102 71 77 28 108 91 110 73 56 67 53 92 59 35 34 37 61 50 103 84 68 102 13 93 80 49 59 72 58 120 69 121 14 152 96 30 8 29 89 40 37 60 35 99 100 85 115 84 68 34 47 119 107 119 54 76 117 74 72 108 0 75 76 39 65 130 109 99 92 36 136 72 104 142 150 26 56 68 59 113 102 121 99 62 89 104 71 
46 114 100 39 119 115 149 151 130 49 53 67 25 112 41 50 138 48 86 73 153 143 55 123 27 85 83 81 72 111 50 116 43 87 65 99 82 51 61 74 110 78 62 96 80 81 62 87 32 87 82 83 82 91 110 126 42 29 91 154 42 14 103 78 43 138 77 89 47 149 87 114 12 54 75 0 137 111 101 110 56 65 111 90 114 120 108 81 121 91 128 137 94 135 171 95 59 14 129 68 31 
94 26 137 140 53 122 64 61 9 115 86 185 159 30 172 146 112 93 120 166 49 90 131 17 123 166 130 57 66 59 98 90 148 87 91 175 80 129 107 69 30 82 133 130 77 144 83 193 147 52 73 55 99 104 63 95 105 153 105 100 171 150 50 104 121 84 127 194 96 51 132 135 138 180 76 137 0 74 49 204 181 126 72 100 210 30 175 180 225 85 76 90 53 76 111 196 131 127 43 130 143 
68 73 67 134 106 49 130 128 67 68 81 134 124 75 132 95 44 66 144 108 119 34 78 74 87 103 64 63 66 16 99 17 142 116 103 109 30 132 117 81 72 105 76 156 101 158 52 191 135 54 32 56 123 36 11 25 70 137 134 46 152 119 91 43 75 141 144 135 92 48 153 61 106 135 39 111 74 0 88 140 136 137 118 33 146 85 106 181 163 22 17 29 84 134 64 135 137 98 103 141 101 
67 25 135 96 22 129 52 53 45 96 49 159 125 20 140 124 131 68 72 148 52 116 113 32 94 152 123 31 36 74 55 104 103 39 45 164 76 83 60 28 22 34 118 82 30 95 64 146 104 36 68 37 50 104 78 112 81 111 57 128 129 115 4 98 99 55 78 174 56 90 84 138 106 151 65 101 49 88 0 189 152 79 31 99 195 22 167 133 207 86 98 113 8 48 142 177 83 94 28 82 115 
123 190 77 147 210 103 241 241 196 94 145 50 92 190 80 67 132 122 195 41 238 155 76 197 99 39 77 160 153 152 152 131 149 190 167 32 125 161 168 164 187 179 73 206 178 190 126 179 137 158 132 156 188 105 148 135 109 130 198 159 130 100 192 101 91 237 186 24 146 188 197 90 99 66 130 110 204 140 189 0 65 174 209 109 6 201 41 179 24 123 150 149 182 233 172 17 169 106 216 177 82 
89 162 95 87 171 118 202 204 174 70 104 16 32 160 17 42 147 89 140 44 204 162 59 170 60 58 82 128 120 142 105 134 88 142 119 68 111 103 116 125 158 133 63 149 134 130 99 115 77 130 114 127 137 105 140 142 76 69 146 170 66 43 155 94 63 193 129 42 100 182 139 111 48 2 109 56 181 136 152 65 0 117 166 106 68 169 81 115 70 115 151 155 145 190 186 49 111 59 180 120 39 
75 101 152 32 86 160 109 113 122 98 57 130 86 97 101 112 175 77 24 136 121 171 112 110 81 147 136 80 73 130 38 148 34 44 37 161 111 14 21 62 98 45 119 32 50 22 88 69 43 90 107 86 33 132 131 158 83 52 35 183 66 76 79 121 96 90 13 153 46 159 23 163 75 116 99 65 126 137 79 174 117 0 70 129 179 100 169 55 185 124 153 166 74 90 200 159 8 70 99 5 94 
87 52 162 95 21 158 41 44 71 117 65 174 136 48 152 144 161 89 55 169 52 146 135 57 111 174 149 58 60 105 62 134 100 27 47 187 104 78 56 47 50 34 140 61 32 81 89 137 105 66 96 65 38 132 108 142 102 114 38 158 130 125 28 125 119 29 65 192 66 118 67 166 118 164 92 111 72 118 31 209 166 70 0 127 215 43 191 123 226 115 129 144 35 25 172 197 76 108 34 72 131 
55 91 38 119 120 32 148 147 92 42 75 103 98 93 104 64 49 53 141 76 140 57 47 95 64 71 33 70 69 44 93 29 126 119 101 78 24 121 112 84 90 107 45 153 104 151 43 175 118 63 32 63 123 5 40 37 50 118 134 66 131 95 102 13 49 153 138 103 85 80 149 40 83 105 36 90 100 33 99 109 106 129 127 0 115 103 76 166 131 15 46 50 94 147 83 103 128 76 121 134 74 
128 196 83 151 215 108 246 247 202 100 150 53 96 196 83 72 137 128 200 47 244 161 82 202 105 45 82 165 159 157 157 137 153 195 172 38 131 165 172 169 193 184 78 210 184 194 132 182 141 164 138 162 193 111 154 140 114 134 203 164 133 104 197 107 96 243 191 27 151 194 201 95 104 69 136 114 210 146 195 6 68 179 215 115 0 206 46 182 19 128 156 154 188 238 177 20 173 111 221 182 86 
82 13 141 117 25 131 45 44 28 108 67 174 143 11 158 138 127 82 92 161 38 109 125 15 110 163 131 42 50 70 76 102 124 59 66 174 80 104 81 47 14 56 129 101 51 116 75 168 125 43 73 45 71 108 75 109 95 132 76 120 150 133 22 105 112 58 99 187 75 76 104 142 123 168 72 120 30 85 22 201 169 100 43 103 206 0 175 154 220 89 93 108 28 51 133 190 105 112 19 103 131 
105 164 40 146 188 64 218 218 167 75 129 68 98 165 91 59 92 103 187 39 213 117 59 169 89 25 45 137 132 119 140 94 150 175 153 13 96 157 158 145 162 163 52 199 162 188 103 189 139 133 103 132 176 72 115 97 92 134 187 119 138 103 170 71 75 219 180 49 132 152 191 51 97 81 104 108 175 106 167 41 81 169 191 76 46 175 0 185 64 91 114 110 160 213 132 44 165 100 192 173 78 
114 155 180 48 140 193 162 166 175 127 103 130 88 151 100 128 214 116 70 148 174 215 135 164 106 161 163 130 123 176 86 190 40 98 90 175 153 52 74 114 151 99 142 69 104 44 129 15 50 140 150 136 86 168 177 199 116 52 86 226 50 83 133 156 122 139 59 156 91 209 59 193 91 114 142 81 180 181 133 179 115 55 123 166 182 154 185 0 183 164 197 209 128 141 244 163 50 93 153 52 109 
141 210 100 156 227 126 259 259 217 113 161 56 100 210 86 83 155 140 207 60 257 178 95 217 115 61 99 178 172 174 167 154 157 204 181 55 146 171 181 181 207 194 93 217 194 199 146 182 146 178 153 175 202 128 170 158 126 138 211 182 134 110 210 123 109 254 197 34 161 211 207 113 112 71 150 121 225 163 207 24 70 185 226 131 19 220 64 183 0 145 173 172 200 250 195 30 179 120 234 188 95 
51 77 53 117 106 43 134 133 77 47 68 113 103 78 111 74 52 49 133 88 126 53 57 81 66 85 47 58 58 30 86 26 124 108 93 92 13 117 105 73 75 97 55 145 93 145 36 174 117 50 20 51 114 20 26 36 50 118 125 63 133 98 89 22 54 140 131 116 78 68 141 53 86 114 26 91 85 22 86 123 115 124 115 15 128 89 91 164 145 0 38 46 81 134 81 116 123 78 107 128 80 
85 81 74 150 115 52 136 134 71 84 96 148 140 84 147 109 37 83 158 120 124 19 92 80 103 114 76 77 81 25 115 20 158 129 118 119 46 148 133 95 81 119 90 170 114 174 69 208 151 67 48 69 137 48 22 20 86 154 147 31 169 135 101 57 91 150 159 147 108 39 168 66 123 150 56 128 76 17 98 150 151 153 129 46 156 93 114 197 173 38 0 16 96 143 48 146 153 114 111 157 116 
96 96 72 162 130 47 151 149 85 91 110 151 148 99 154 114 24 94 172 122 138 8 97 95 112 114 77 91 95 40 128 22 170 144 132 117 57 160 146 109 96 133 93 184 129 187 80 219 162 81 60 84 152 51 37 15 96 164 162 17 179 144 116 62 98 165 172 148 121 48 182 61 131 155 68 137 90 29 113 149 155 166 144 50 154 108 110 209 172 46 16 0 111 158 35 146 166 123 126 170 123 
60 27 129 90 28 124 59 60 48 89 42 152 118 23 133 117 127 61 70 141 60 113 106 36 87 146 117 25 29 71 49 100 97 37 39 157 70 77 55 21 24 31 111 80 26 92 57 142 98 32 63 31 48 98 75 108 74 105 56 125 123 108 10 92 92 60 75 167 49 90 82 133 98 144 59 94 53 84 8 182 145 74 35 94 188 28 160 128 200 81 96 111 0 54 141 170 79 87 35 78 108 
111 63 183 117 29 176 23 27 78 140 89 199 160 60 176 167 177 112 72 192 40 159 158 65 135 197 170 78 82 120 86 150 122 50 71 210 123 100 79 70 63 58 163 75 56 98 111 155 128 84 116 84 59 151 124 158 125 136 56 171 153 149 45 146 143 8 83 216 90 126 83 186 142 188 113 135 76 134 48 233 190 90 25 147 238 51 213 141 250 134 143 158 54 0 184 220 97 132 34 91 155 
131 122 97 196 156 71 174 171 107 125 144 180 181 125 186 145 41 129 205 150 159 30 129 119 146 140 106 123 128 71 162 56 204 175 165 141 92 195 180 142 123 165 124 217 161 221 115 254 197 113 95 116 184 83 69 47 131 199 194 18 213 178 145 95 132 191 206 174 155 61 215 83 165 186 102 171 111 64 142 172 186 200 172 83 177 133 132 244 195 81 48 35 141 184 0 172 200 158 150 204 156 
111 180 76 131 198 102 229 230 188 83 132 34 76 180 64 54 132 110 180 30 227 153 66 187 86 33 71 149 142 145 138 127 134 176 153 33 117 145 153 151 177 165 63 191 165 174 116 163 122 148 123 146 174 100 142 132 97 114 183 158 114 85 180 94 79 225 171 8 132 183 181 90 84 50 121 95 196 135 177 17 49 159 197 103 20 190 44 163 30 116 146 146 170 220 172 0 153 92 204 162 67 
73 105 150 25 92 158 116 119 126 95 57 124 79 101 95 107 174 76 31 131 127 171 108 114 77 142 133 82 75 131 39 148 27 50 40 156 111 9 24 65 102 50 115 39 54 24 87 64 36 92 107 88 39 131 132 158 81 45 42 183 59 70 83 119 92 97 19 147 46 162 29 161 70 110 99 59 131 137 83 169 111 8 76 128 173 105 165 50 179 123 153 166 79 97 200 153 0 66 105 9 89 
35 105 88 48 113 102 144 146 120 36 46 67 32 103 46 42 124 36 90 67 146 130 44 114 14 77 71 72 63 98 48 102 54 85 62 91 69 58 62 67 101 76 51 101 76 89 49 100 43 76 69 72 82 78 97 112 28 42 92 140 56 24 97 65 30 136 82 87 42 137 93 101 12 57 62 14 127 98 94 106 59 70 108 76 111 112 100 93 120 78 114 123 87 132 158 92 66 0 122 74 25 
94 31 158 120 14 149 27 27 44 122 77 187 153 29 168 151 146 95 87 175 25 127 140 32 122 178 147 56 63 89 81 120 127 56 69 190 98 106 83 56 32 57 144 94 53 113 90 167 129 59 90 61 68 125 93 127 108 137 71 138 155 142 26 122 126 42 96 201 83 92 99 159 133 179 89 129 43 103 28 216 180 99 34 121 221 19 192 153 234 107 111 126 35 34 150 204 105 122 0 102 143 
79 105 157 34 88 164 111 115 125 102 61 133 88 101 104 115 179 81 23 140 123 175 116 113 85 150 140 84 78 134 43 153 35 46 41 164 116 17 25 66 101 48 123 30 53 18 92 66 45 94 111 90 35 137 136 163 87 54 36 187 67 79 82 125 100 91 10 156 50 163 20 167 79 119 104 68 130 141 82 177 120 5 72 134 182 103 173 52 188 128 157 170 78 91 204 162 9 74 102 0 97 
50 123 74 69 135 93 166 167 135 33 68 44 26 122 32 20 119 50 114 43 167 130 30 131 22 55 58 90 82 105 72 102 73 110 87 69 74 81 86 88 120 99 36 125 100 111 61 114 61 92 77 89 107 73 103 110 38 57 117 139 64 26 118 61 26 159 106 62 66 145 116 89 20 38 71 31 143 101 115 82 39 94 131 74 86 131 78 109 95 80 116 123 108 155 156 67 89 25 143 97 0 
