7 2
2 2 
0 64 25 65 77 86 121 27 39 73 117 77 60 63 125 
64 0 66 76 55 144 138 43 70 102 54 140 30 116 188 
25 66 0 41 95 103 97 24 63 98 116 82 73 84 127 
65 76 41 0 120 141 64 49 100 137 112 112 95 124 152 
77 55 95 120 0 129 184 74 52 66 86 144 27 99 191 
86 144 103 141 129 0 180 112 79 71 196 50 128 30 77 
121 138 97 64 184 180 0 111 159 194 166 137 159 171 163 
27 43 24 49 74 112 111 0 54 91 94 100 51 89 147 
39 70 63 100 52 79 159 54 0 38 119 93 49 50 139 
73 102 98 137 66 71 194 91 38 0 147 104 77 45 144 
117 54 116 112 86 196 166 94 119 147 0 193 72 168 241 
77 140 82 112 144 50 137 100 93 104 193 0 134 61 49 
60 30 73 95 27 128 159 51 49 77 72 134 0 98 182 
63 116 84 124 99 30 171 89 50 45 168 61 98 0 100 
125 188 127 152 191 77 163 147 139 144 241 49 182 100 0 
