7 4
1 2 1 1 
0 45 102 63 100 102 97 80 61 96 43 59 95 97 35 
45 0 96 93 56 146 68 113 84 135 82 71 106 134 30 
102 96 0 164 110 159 161 92 63 123 96 157 194 116 119 
63 93 164 0 143 99 105 118 115 118 83 37 50 124 65 
100 56 110 143 0 201 72 159 126 185 133 114 143 182 79 
102 146 159 99 201 0 191 70 97 45 71 130 148 54 133 
97 68 161 105 72 191 0 175 150 191 139 69 84 193 62 
80 113 92 118 159 70 175 0 35 32 38 133 164 26 114 
61 84 63 115 126 97 150 35 0 65 36 120 155 60 92 
96 135 123 118 185 45 191 32 65 0 54 141 167 10 130 
43 82 96 83 133 71 139 38 36 54 0 95 127 54 78 
59 71 157 37 114 130 69 133 120 141 95 0 38 144 42 
95 106 194 50 143 148 84 164 155 167 127 38 0 172 78 
97 134 116 124 182 54 193 26 60 10 54 144 172 0 131 
35 30 119 65 79 133 62 114 92 130 78 42 78 131 0 
