35 40
4 0 1 6 10 8 3 8 7 10 6 2 2 7 9 0 8 1 0 5 10 0 4 10 6 10 7 10 9 1 2 4 4 2 3 3 2 7 10 3
0 7 9 8 1 10 10 0 3 0 4 10 2 0 3 10 9 5 10 1 10 0 4 9 1 8 2 2 4 5 10 3 8 8 5 9 10 7 10 6
2 2 9 2 1 5 4 3 2 5 10 3 6 6 3 8 7 4 3 9 9 3 7 7 4 1 8 1 9 8 3 4 5 2 9 4 10 2 0 4
0 7 7 6 6 4 7 9 1 6 0 6 10 7 4 5 9 1 8 5 6 2 6 5 5 10 2 1 6 8 3 1 5 3 1 0 10 9 1 8
0 0 9 2 8 2 1 2 0 4 5 5 2 3 8 9 0 1 6 8 0 8 7 1 0 10 7 3 2 4 7 8 2 8 6 10 9 7 2 9
6 2 10 10 10 8 4 6 3 3 1 10 3 8 6 2 5 2 4 10 9 5 0 10 4 3 6 4 5 2 7 1 0 10 9 4 3 8 10 3
4 9 1 2 6 4 10 8 4 4 2 10 3 7 3 5 6 4 10 2 10 4 0 10 5 7 10 5 8 2 7 1 9 4 9 6 7 10 0 4
3 1 4 1 8 8 6 10 3 3 0 2 7 6 4 6 4 9 0 6 0 2 7 4 1 6 7 4 6 6 8 9 2 10 9 2 0 4 8 2
10 9 1 1 2 7 3 1 10 4 1 8 7 0 3 2 9 2 10 1 5 4 3 5 5 5 7 5 2 1 7 0 4 3 4 0 9 4 9 0
4 8 6 0 4 1 9 4 5 1 7 1 6 5 7 4 9 8 2 5 7 1 7 2 4 2 9 5 4 0 9 1 10 9 0 1 0 4 8 7
1 8 5 0 8 2 5 0 1 7 4 8 5 9 1 5 6 7 3 8 10 5 6 1 0 2 5 2 0 7 5 1 8 8 9 2 4 8 4 6
4 3 7 1 6 7 9 7 10 5 1 0 0 5 0 2 10 9 10 6 4 3 8 3 8 5 0 4 3 2 5 7 6 10 10 3 4 0 0 1
4 9 8 7 6 4 9 1 5 9 1 8 7 9 9 9 10 9 8 10 9 8 7 3 0 5 8 0 1 5 10 1 10 5 2 10 6 2 3 1
2 4 0 5 9 1 6 4 9 8 9 0 10 3 2 1 3 6 4 8 1 4 5 4 0 10 9 9 6 2 2 3 3 6 7 10 4 2 4 4
4 0 8 4 0 6 2 10 0 7 7 10 2 1 5 8 10 5 8 9 1 9 9 1 1 4 6 2 8 2 9 6 7 4 8 4 7 0 10 3
0 1 2 3 6 9 10 8 3 9 10 8 3 3 5 3 7 2 8 0 0 9 7 4 4 5 10 6 9 10 6 3 8 0 4 7 4 4 3 8
9 9 7 0 4 8 7 0 10 1 10 5 6 7 2 3 6 2 9 4 0 10 4 9 9 8 1 5 4 9 10 10 10 4 2 4 9 1 0 0
3 10 1 9 0 5 4 0 5 1 0 4 3 9 1 9 6 10 10 1 4 5 0 3 9 5 5 2 5 5 2 4 8 9 3 3 0 2 8 6
5 8 6 7 10 1 10 9 3 9 5 9 9 5 9 0 7 9 2 7 3 1 5 2 4 9 5 4 3 3 7 2 8 2 1 2 6 7 8 1
5 9 5 8 8 6 10 2 0 1 3 3 5 4 8 3 3 1 6 7 10 7 8 6 4 6 1 2 5 2 10 6 6 6 6 4 10 7 9 6
5 3 5 2 9 7 1 7 9 8 3 10 9 6 8 4 1 0 9 0 10 10 9 5 4 0 7 5 4 0 2 0 9 6 0 1 1 2 10 6
5 10 2 0 0 9 8 5 3 3 8 9 6 10 9 6 1 7 3 10 0 5 7 3 1 5 9 10 8 10 5 9 6 1 10 2 5 9 7 7
9 1 8 8 4 1 3 7 3 5 2 6 3 2 2 1 0 10 4 0 9 7 3 10 8 7 2 10 8 2 8 3 1 6 9 4 3 2 3 3
3 2 9 5 0 5 9 2 9 7 0 8 2 7 3 5 4 2 5 6 9 2 1 8 0 10 3 2 6 6 9 0 10 2 10 0 3 10 10 10
5 7 10 3 2 8 7 5 6 6 2 1 4 2 10 10 2 1 4 3 5 5 1 1 2 3 10 8 8 8 7 4 4 8 7 1 9 3 0 8
1 3 9 2 3 9 1 4 1 10 8 5 9 5 2 7 5 8 9 4 7 2 10 6 1 5 9 10 1 4 7 4 2 0 7 9 7 2 5 4
2 5 4 7 2 7 9 2 3 10 5 0 9 8 10 4 3 1 2 3 9 5 0 10 6 7 10 10 9 8 1 6 6 1 5 1 8 3 7 3
10 0 9 9 6 0 5 0 1 0 9 10 3 1 7 5 2 0 6 7 9 8 3 10 0 4 10 8 4 3 6 3 4 7 9 2 2 5 0 10
9 6 7 8 3 6 6 10 1 1 4 10 7 3 0 5 0 1 6 7 3 2 7 3 5 5 0 4 6 10 3 0 6 4 3 5 6 1 8 7
10 7 0 7 3 8 5 7 5 3 8 0 7 2 7 2 8 9 3 6 0 10 4 8 0 6 3 10 6 3 1 3 7 0 9 6 4 4 1 6
2 0 6 2 0 4 0 1 6 5 8 4 7 7 6 8 7 4 6 0 5 4 8 6 3 4 9 1 10 3 9 5 7 4 2 7 4 0 4 9
5 3 0 3 6 10 9 5 1 4 4 3 1 0 8 10 0 7 5 6 8 7 10 2 3 6 7 0 3 4 3 0 3 5 0 0 8 3 7 10
6 8 3 5 1 1 10 7 0 0 8 0 7 9 5 3 9 8 0 0 0 10 6 9 5 5 0 9 10 5 0 5 3 7 5 8 9 6 7 10
6 1 8 10 10 9 6 7 1 0 7 9 2 6 10 8 0 7 1 5 1 3 2 5 9 9 7 6 3 4 8 8 5 2 6 7 4 10 10 8
0 10 6 10 8 3 10 3 6 10 1 7 6 2 9 8 10 10 2 9 10 1 7 8 5 6 8 4 3 4 1 5 9 2 5 7 7 5 9 4
0 12 75 83 35 6 96 52 72 52 74 69 76 26 28 42 32 90 73 61 61 68 29 36 73 75 26 83 11 8 88 83 99 8 40 26 94 18 2 86 46
12 0 100 19 48 96 18 55 35 56 44 84 50 29 73 52 34 58 36 59 38 25 41 87 63 75 34 78 39 10 41 55 4 8 1 90 50 71 95 81 14
75 100 0 4 84 72 17 9 19 11 46 81 27 90 32 1 11 59 96 59 38 93 89 46 28 99 17 68 97 14 15 90 64 27 25 81 54 29 78 29 70
83 19 4 0 75 39 39 90 15 3 43 20 87 42 19 56 88 18 46 26 24 82 26 66 95 62 76 16 37 43 78 6 82 10 5 21 96 34 51 15 73
35 48 84 75 0 51 52 1 31 19 39 6 94 93 79 44 69 77 29 76 7 74 97 79 23 32 49 66 21 67 98 63 79 43 33 100 45 34 67 67 95
6 96 72 39 51 0 5 78 68 40 79 1 57 55 31 70 1 36 29 58 62 30 53 90 38 99 2 91 85 62 93 35 27 12 17 57 86 5 87 73 26
96 18 17 39 52 5 0 77 85 82 88 45 38 86 78 60 100 30 60 48 44 69 36 69 31 69 2 96 60 5 98 100 35 70 11 23 10 42 98 80 11
52 55 9 90 1 78 77 0 84 26 47 11 81 44 75 68 82 25 98 91 29 59 2 44 6 30 44 36 65 90 88 51 27 41 66 9 1 89 13 61 75
72 35 19 15 31 68 85 84 0 5 16 8 60 52 83 60 73 70 82 63 72 75 70 70 23 87 72 9 65 82 94 42 86 79 69 55 90 81 91 58 43
52 56 11 3 19 40 82 26 5 0 93 33 95 14 14 68 20 19 72 68 82 53 90 61 92 36 15 68 10 58 96 69 16 78 6 18 22 57 13 82 82
74 44 46 43 39 79 88 47 16 93 0 45 89 76 79 8 100 17 54 73 33 95 57 17 6 81 79 67 67 7 90 66 74 87 6 84 48 6 95 16 23
69 84 81 20 6 1 45 11 8 33 45 0 64 61 9 1 6 51 63 98 90 84 2 24 56 55 26 89 61 29 72 20 59 87 87 29 90 28 93 59 84
76 50 27 87 94 57 38 81 60 95 89 64 0 65 24 10 42 49 38 2 4 5 1 67 71 57 39 5 11 15 44 50 24 65 39 53 71 47 16 60 77
26 29 90 42 93 55 86 44 52 14 76 61 65 0 29 36 14 40 55 32 87 86 24 63 92 91 68 50 9 7 94 50 50 32 100 30 2 100 11 74 3
28 73 32 19 79 31 78 75 83 14 79 9 24 29 0 45 5 70 80 42 11 88 81 16 27 94 53 81 65 88 92 92 53 3 33 71 56 76 75 8 58
42 52 1 56 44 70 60 68 60 68 8 1 10 36 45 0 13 13 53 27 54 73 19 47 45 56 68 41 97 11 55 51 94 4 48 14 94 1 36 87 90
32 34 11 88 69 1 100 82 73 20 100 6 42 14 5 13 0 70 68 53 85 33 97 88 63 27 44 96 47 100 88 7 13 10 72 12 93 18 66 75 20
90 58 59 18 77 36 30 25 70 19 17 51 49 40 70 13 70 0 58 48 73 96 94 28 56 31 77 5 81 7 72 40 91 85 64 44 45 45 1 6 11
73 36 96 46 29 29 60 98 82 72 54 63 38 55 80 53 68 58 0 46 71 66 1 76 20 35 15 6 45 22 87 99 45 63 58 39 97 51 44 84 22
61 59 59 26 76 58 48 91 63 68 73 98 2 32 42 27 53 48 46 0 90 27 17 83 24 26 85 50 84 52 91 92 36 73 34 26 100 78 80 90 13
61 38 38 24 7 62 44 29 72 82 33 90 4 87 11 54 85 73 71 90 0 25 18 55 58 68 37 8 82 12 4 73 27 20 74 84 8 92 17 49 47
68 25 93 82 74 30 69 59 75 53 95 84 5 86 88 73 33 96 66 27 25 0 1 18 92 10 8 53 27 66 2 77 29 76 24 46 8 10 81 99 76
29 41 89 26 97 53 36 2 70 90 57 2 1 24 81 19 97 94 1 17 18 1 0 67 43 74 62 62 89 74 30 12 43 54 17 15 59 69 80 70 62
36 87 46 66 79 90 69 44 70 61 17 24 67 63 16 47 88 28 76 83 55 18 67 0 81 66 32 65 21 100 18 96 67 11 92 37 10 65 70 95 38
73 63 28 95 23 38 31 6 23 92 6 56 71 92 27 45 63 56 20 24 58 92 43 81 0 44 38 17 64 74 40 75 86 21 7 42 24 51 13 80 8
75 75 99 62 32 99 69 30 87 36 81 55 57 91 94 56 27 31 35 26 68 10 74 66 44 0 83 76 77 5 6 60 75 39 53 45 95 15 42 86 19
26 34 17 76 49 2 2 44 72 15 79 26 39 68 53 68 44 77 15 85 37 8 62 32 38 83 0 31 18 39 51 91 50 61 73 62 92 63 44 64 45
83 78 68 16 66 91 96 36 9 68 67 89 5 50 81 41 96 5 6 50 8 53 62 65 17 76 31 0 34 43 27 99 10 64 22 20 47 35 52 13 55
11 39 97 37 21 85 60 65 65 10 67 61 11 9 65 97 47 81 45 84 82 27 89 21 64 77 18 34 0 27 92 23 23 78 71 79 23 95 44 67 80
8 10 14 43 67 62 5 90 82 58 7 29 15 7 88 11 100 7 22 52 12 66 74 100 74 5 39 43 27 0 21 32 78 7 60 75 61 54 3 96 33
88 41 15 78 98 93 98 88 94 96 90 72 44 94 92 55 88 72 87 91 4 2 30 18 40 6 51 27 92 21 0 21 4 61 78 46 35 99 17 90 66
83 55 90 6 63 35 100 51 42 69 66 20 50 50 92 51 7 40 99 92 73 77 12 96 75 60 91 99 23 32 21 0 89 40 7 41 39 23 54 91 32
99 4 64 82 79 27 35 27 86 16 74 59 24 50 53 94 13 91 45 36 27 29 43 67 86 75 50 10 23 78 4 89 0 35 84 50 30 67 93 10 87
8 8 27 10 43 12 70 41 79 78 87 87 65 32 3 4 10 85 63 73 20 76 54 11 21 39 61 64 78 7 61 40 35 0 26 6 44 23 23 53 97
40 1 25 5 33 17 11 66 69 6 6 87 39 100 33 48 72 64 58 34 74 24 17 92 7 53 73 22 71 60 78 7 84 26 0 64 67 90 22 45 65
26 90 81 21 100 57 23 9 55 18 84 29 53 30 71 14 12 44 39 26 84 46 15 37 42 45 62 20 79 75 46 41 50 6 64 0 32 8 49 25 70
94 50 54 96 45 86 10 1 90 22 48 90 71 2 56 94 93 45 97 100 8 8 59 10 24 95 92 47 23 61 35 39 30 44 67 32 0 52 27 74 50
18 71 29 34 34 5 42 89 81 57 6 28 47 100 76 1 18 45 51 78 92 10 69 65 51 15 63 35 95 54 99 23 67 23 90 8 52 0 78 6 90
2 95 78 51 67 87 98 13 91 13 95 93 16 11 75 36 66 1 44 80 17 81 80 70 13 42 44 52 44 3 17 54 93 23 22 49 27 78 0 27 19
86 81 29 15 67 73 80 61 58 82 16 59 60 74 8 87 75 6 84 90 49 99 70 95 80 86 64 13 67 96 90 91 10 53 45 25 74 6 27 0 21
46 14 70 73 95 26 11 75 43 82 23 84 77 3 58 90 20 11 22 13 47 76 62 38 8 19 45 55 80 33 66 32 87 97 65 70 50 90 19 21 0
58 7 79 75 81 108 21 24 42 10 43 69 73 8 24 21 32 43 12 103 67 4 60 0 30 18 78 79 84 60 20 78 22 83 68
0 38 29 13 36 7 4 20 12 22 21 30 32 1 34 3 2 15 11 5 0
58
2.0639259815216064