35 60
9 1 3 1 10 1 10 1 1 8 7 1 3 0 1 3 8 6 0 4 7 8 6 6 2 3 4 6 2 7 3 0 10 4 1 9 9 10 8 5 5 3 2 10 10 1 8 7 0 7 2 5 6 10 1 10 6 10 5 10
10 10 7 6 6 8 9 9 8 5 5 6 9 4 0 0 6 6 0 0 8 3 2 9 0 7 9 7 2 10 7 9 3 7 7 10 9 4 3 0 6 5 2 4 10 5 6 10 3 4 1 7 6 5 3 0 5 1 3 4
0 4 0 7 9 6 5 8 8 10 8 10 0 5 2 1 5 0 0 4 9 9 1 4 10 0 8 10 5 9 7 8 9 2 8 10 9 5 6 2 7 6 2 10 6 7 6 9 5 7 1 1 1 3 3 10 4 8 2 7
0 0 0 7 0 8 4 0 0 7 10 8 1 0 0 2 6 5 7 10 10 0 8 1 8 0 2 3 8 7 7 3 7 0 9 2 3 2 4 10 10 5 4 2 10 3 2 3 0 6 2 4 5 9 2 4 0 8 6 6
7 5 3 2 2 2 6 2 4 2 5 5 9 9 5 3 7 6 6 8 5 6 6 1 10 0 8 9 2 3 7 1 1 3 4 6 8 10 10 2 6 3 2 5 8 8 0 1 5 10 10 0 9 4 10 8 8 8 6 0
8 4 4 10 7 10 8 4 3 5 7 6 4 6 10 3 8 8 2 0 5 1 7 6 10 3 10 5 10 3 9 8 8 7 7 0 4 7 7 5 9 7 10 0 8 7 2 3 10 7 4 5 2 0 1 9 9 8 6 7
4 2 8 7 7 5 1 0 8 0 8 10 1 9 8 0 4 9 8 2 10 8 1 7 2 9 7 4 3 5 7 0 10 7 5 0 4 7 5 2 4 10 10 2 10 3 5 9 8 9 2 10 8 4 4 1 4 1 5 2
5 10 10 6 1 2 4 9 9 9 5 6 2 4 2 8 2 0 5 5 4 5 3 1 6 7 0 10 6 4 5 2 6 10 8 3 0 7 2 3 7 1 0 4 7 4 5 4 0 9 2 4 8 2 4 6 5 6 5 5
1 2 2 9 1 3 2 9 3 3 9 1 1 1 0 4 7 1 9 8 6 7 1 10 10 8 10 1 2 1 10 5 7 8 3 9 0 4 5 8 6 7 4 0 3 2 8 10 8 1 8 5 5 9 6 2 3 4 3 8
6 9 6 1 6 10 6 6 8 1 7 10 0 5 10 5 10 6 7 4 0 8 10 6 4 0 8 4 3 2 8 4 7 4 4 3 0 2 8 6 0 9 7 2 9 5 3 3 3 8 1 2 1 7 8 1 6 1 9 10
4 1 8 6 9 6 5 0 1 8 5 6 7 0 7 8 8 9 4 8 0 6 4 3 10 9 5 2 9 6 8 4 9 5 7 7 7 3 8 2 4 8 4 7 8 8 8 1 7 4 1 1 4 2 0 1 6 0 5 6
0 9 5 7 0 7 2 10 8 2 0 4 9 2 8 1 3 6 2 2 9 6 5 7 1 1 0 7 10 1 0 5 5 5 10 3 4 4 6 6 9 4 3 7 3 7 1 5 5 5 10 4 9 9 9 8 10 8 0 0
3 6 0 9 7 4 3 8 9 1 4 5 7 0 6 4 2 3 8 10 4 2 2 5 5 5 5 9 6 0 7 0 10 3 7 8 6 9 0 0 9 8 4 8 8 4 6 4 8 4 10 6 4 1 4 9 5 0 9 0
1 10 7 1 0 10 10 5 1 1 1 8 2 3 1 1 6 5 1 8 8 10 7 0 10 8 4 2 1 0 10 8 1 10 3 2 6 10 1 8 10 6 4 4 5 2 7 0 0 6 5 6 10 5 6 6 4 10 6 1
10 2 9 1 8 10 4 10 2 7 4 5 9 1 4 6 9 0 0 0 10 2 5 4 2 8 5 8 5 7 4 8 2 8 8 10 10 6 0 7 4 5 7 9 2 7 4 2 2 3 7 9 3 3 7 5 3 3 2 7
1 7 1 9 2 0 4 10 10 2 0 0 4 4 6 5 3 9 1 5 4 0 4 9 10 7 5 9 3 7 1 4 5 5 10 5 2 6 6 10 3 6 3 1 9 4 1 1 2 9 7 8 6 2 3 0 0 1 5 7
9 8 4 7 0 4 6 7 7 7 7 0 8 7 5 1 1 2 8 5 8 6 0 6 4 5 9 5 5 3 4 7 8 4 9 9 8 7 4 1 10 9 9 10 10 3 4 3 4 10 8 2 4 8 9 2 7 9 8 3
1 10 6 1 0 9 3 1 2 1 7 2 8 1 4 10 9 7 3 5 4 7 8 1 10 8 8 9 5 4 6 3 8 0 9 8 7 0 4 7 7 3 6 5 2 6 9 10 6 7 1 10 7 9 8 5 0 1 8 9
2 0 6 5 3 1 2 7 3 3 6 0 10 8 3 9 4 7 0 5 4 9 3 9 6 5 0 4 0 1 7 6 8 6 10 8 2 5 4 0 0 9 0 4 3 3 10 3 0 4 0 7 0 10 4 4 0 5 7 7
1 1 0 5 7 9 1 10 10 0 1 4 1 1 9 4 6 6 2 3 6 6 7 4 5 10 8 8 0 10 9 5 9 2 4 8 4 9 0 0 6 0 2 6 6 3 3 2 4 9 5 8 7 8 1 8 8 0 0 3
3 1 10 10 7 10 8 2 2 3 1 2 5 2 7 7 1 7 7 6 1 3 9 1 0 9 1 10 4 10 2 7 7 6 6 8 8 4 5 9 2 10 6 0 9 2 0 4 0 6 2 1 10 9 9 1 2 1 4 4
9 9 6 9 10 4 10 10 5 10 9 7 8 5 9 7 3 0 2 0 1 2 5 10 8 8 9 10 8 9 1 3 1 2 8 10 6 6 8 0 0 7 9 7 5 10 4 7 6 6 3 2 3 8 5 5 7 6 8 8
6 4 3 10 4 9 9 2 1 9 8 6 0 5 7 9 5 8 9 10 4 8 2 9 0 7 8 5 0 10 2 9 5 7 8 2 3 6 4 0 4 4 3 6 3 6 5 10 2 7 9 1 4 0 6 6 6 3 2 2
9 10 2 10 1 9 10 3 9 4 10 1 9 2 10 5 1 3 2 4 3 7 1 7 8 9 0 10 6 8 7 7 2 2 10 0 6 7 10 9 3 6 1 0 6 6 10 9 5 4 10 8 8 2 7 0 3 9 3 1
6 6 6 8 3 1 0 1 8 10 0 3 10 8 4 8 7 8 10 0 1 1 5 9 4 0 10 5 0 3 2 2 1 2 8 5 2 9 5 5 4 8 8 0 3 10 4 9 0 4 9 7 9 2 10 0 10 7 4 4
5 4 9 10 10 9 10 8 2 6 9 4 6 5 10 7 1 6 2 1 1 6 1 9 1 1 8 10 4 1 0 1 0 0 10 6 5 2 0 8 9 3 2 8 4 4 5 10 8 9 7 5 2 4 3 2 5 0 2 4
9 8 8 1 8 2 10 4 4 4 6 10 5 3 6 8 5 0 3 5 3 8 0 3 2 2 6 3 7 10 6 4 10 6 4 5 4 8 7 9 5 6 10 2 1 8 8 8 5 1 9 1 10 9 1 1 4 1 4 8
6 10 3 8 7 7 9 0 9 9 9 6 5 8 1 9 4 1 6 7 5 9 4 2 8 9 4 10 5 9 10 6 7 0 4 10 10 9 10 6 4 5 0 0 8 0 6 4 7 6 6 4 0 5 10 2 6 0 6 8
5 9 0 5 3 4 6 9 8 0 6 8 2 0 2 6 3 0 2 6 7 5 4 10 5 1 5 8 7 10 4 1 7 5 8 8 6 4 10 6 10 2 8 4 9 6 6 0 7 7 9 4 6 1 2 9 4 8 5 3
8 5 4 6 4 6 6 7 7 0 10 6 0 6 1 2 9 5 6 9 0 6 4 6 2 4 7 7 9 7 0 10 3 8 6 0 6 3 10 1 8 9 0 6 4 6 5 8 9 9 0 0 8 6 3 10 10 8 0 9
6 1 4 6 10 4 5 2 8 5 3 5 7 5 3 7 7 4 0 3 4 6 0 8 3 8 7 8 7 6 0 7 10 0 1 10 3 6 5 0 7 5 2 4 5 10 0 8 9 3 2 1 7 5 4 1 8 7 10 8
2 9 7 5 3 5 2 7 10 8 5 3 5 2 7 1 2 8 3 1 10 3 10 9 10 7 7 6 10 9 1 5 6 1 10 3 5 5 8 7 10 9 9 7 9 8 4 8 1 3 3 9 6 5 6 9 4 2 4 1
9 10 3 9 4 4 4 10 3 10 7 1 1 6 5 8 9 7 5 10 5 0 10 2 2 9 5 8 8 4 10 1 6 9 1 2 7 3 0 1 4 10 4 4 5 7 4 4 8 9 9 8 5 10 2 9 9 8 0 5
7 3 10 4 6 1 9 9 7 6 2 2 8 1 6 5 6 4 10 0 8 9 9 4 3 4 6 0 9 7 7 1 9 3 1 10 8 9 0 10 4 2 1 8 2 8 0 6 6 4 0 2 6 7 8 2 1 3 9 5
5 1 4 4 4 1 10 5 8 6 0 2 10 10 0 7 7 8 5 4 3 4 1 8 7 1 4 0 0 7 1 7 6 7 7 9 6 10 7 3 6 9 1 0 2 8 8 3 2 6 6 8 4 1 3 3 7 6 9 6
0 43 99 49 51 36 45 7 12 76 52 67 4 82 72 98 80 14 79 95 80 94 55 15 69 28 83 35 25 85 58 81 59 3 11 5 92 42 57 31 2 36 29 96 19 11 38 34 30 85 45 95 52 92 81 29 14 95 58 97 96
43 0 2 86 65 87 65 11 34 26 6 86 18 81 6 90 31 50 74 6 63 6 4 65 65 44 31 61 58 43 84 48 5 44 46 66 97 70 39 63 3 30 66 80 95 56 65 30 84 89 29 92 12 50 39 14 12 79 92 1 89
99 2 0 36 70 30 31 57 90 58 9 63 22 33 39 17 71 75 88 39 54 27 92 9 1 70 85 22 97 24 39 66 52 37 38 45 71 61 36 10 59 68 45 22 52 75 42 45 64 8 23 20 20 69 34 19 38 33 49 40 99
49 86 36 0 81 67 82 17 83 21 25 96 97 69 10 98 4 8 67 28 87 62 54 13 37 20 27 23 30 27 27 47 67 24 72 69 53 13 57 85 36 45 35 10 72 65 41 19 30 92 3 75 14 86 47 57 56 86 63 45 28
51 65 70 81 0 56 71 7 55 57 15 84 96 4 1 40 69 64 98 22 17 83 60 45 30 26 19 17 88 23 61 53 93 28 48 6 44 59 64 60 69 37 43 100 81 55 80 98 97 49 94 59 4 36 89 97 5 24 97 79 11
36 87 30 67 56 0 33 36 96 19 59 55 18 76 22 42 76 96 72 88 71 15 35 93 42 6 99 52 93 66 44 39 70 90 84 61 14 5 32 51 28 58 65 37 94 29 49 32 63 15 87 93 75 81 72 70 93 82 14 61 23
45 65 31 82 71 33 0 62 7 25 66 45 57 4 43 12 14 76 46 20 93 64 86 56 87 87 45 42 95 45 60 61 96 68 68 11 85 59 58 14 72 24 76 6 42 62 44 37 71 36 11 90 39 79 7 20 82 66 79 18 9
7 11 57 17 7 36 62 0 18 54 75 39 68 28 85 31 77 26 10 35 96 24 82 91 60 34 92 1 8 99 81 81 86 44 67 80 96 48 21 88 22 48 37 33 5 20 23 18 7 6 35 66 9 18 93 1 9 53 12 65 93
12 34 90 83 55 96 7 18 0 82 86 64 63 48 65 32 71 1 17 93 94 34 60 41 31 63 84 57 44 15 42 74 26 76 91 18 81 50 87 64 47 63 31 92 33 73 43 25 17 35 75 64 48 28 98 100 45 2 83 35 63
76 26 58 21 57 19 25 54 82 0 85 14 30 28 16 77 72 52 72 98 58 15 93 32 84 61 40 32 1 18 28 52 74 79 71 44 12 54 90 2 44 18 33 31 3 39 49 36 54 21 70 28 88 22 70 96 15 85 15 66 71
52 6 9 25 15 59 66 75 86 85 0 20 92 43 35 63 8 47 61 15 28 38 79 71 35 21 49 51 51 2 24 16 62 76 22 36 6 30 33 15 24 40 4 13 26 85 35 62 74 19 1 80 4 70 48 7 55 92 88 33 7
67 86 63 96 84 55 45 39 64 14 20 0 76 35 39 30 86 80 46 65 45 48 26 41 31 58 19 3 32 30 23 18 6 93 91 61 23 78 26 33 44 40 70 85 22 96 93 40 51 79 37 63 6 23 75 84 68 91 74 52 46
4 18 22 97 96 18 57 68 63 30 92 76 0 12 55 48 71 41 10 9 41 13 1 93 88 100 11 10 4 66 50 52 17 53 82 63 27 51 77 61 97 48 66 8 37 69 8 54 79 68 60 17 55 51 72 80 15 54 33 8 51
82 81 33 69 4 76 4 28 48 28 43 35 12 0 21 69 35 18 43 98 27 54 3 36 30 5 51 6 2 100 16 20 11 41 13 65 55 71 71 88 66 66 67 72 61 64 35 99 59 35 57 69 70 7 61 14 78 32 59 16 27
72 6 39 10 1 22 43 85 65 16 35 39 55 21 0 48 72 24 50 46 92 5 58 23 21 88 11 23 20 86 53 91 43 43 58 80 1 2 10 56 99 30 83 63 53 56 33 43 33 20 51 93 36 28 59 83 20 39 36 67 24
98 90 17 98 40 42 12 31 32 77 63 30 48 69 48 0 64 49 80 42 7 47 35 79 31 8 45 47 69 80 60 75 17 5 27 79 19 74 28 18 57 63 90 50 25 86 48 14 15 91 2 48 11 100 30 93 66 67 74 23 92
80 31 71 4 69 76 14 77 71 72 8 86 71 35 72 64 0 13 70 75 86 19 12 36 13 16 56 50 42 27 30 74 20 10 54 66 89 61 11 7 9 93 7 76 5 68 10 7 14 36 98 9 74 4 44 68 10 5 57 45 61
14 50 75 8 64 96 76 26 1 52 47 80 41 18 24 49 13 0 12 44 65 43 34 48 28 77 6 47 68 84 7 33 73 100 12 57 14 63 13 78 75 36 100 19 87 67 82 62 83 85 60 96 100 77 13 10 71 99 52 35 47
79 74 88 67 98 72 46 10 17 72 61 46 10 43 50 80 70 12 0 14 34 57 100 87 1 56 58 19 96 9 69 85 12 44 1 90 42 19 69 77 92 2 33 26 94 61 92 62 91 36 83 12 46 42 36 24 20 37 31 5 80
95 6 39 28 22 88 20 35 93 98 15 65 9 98 46 42 75 44 14 0 4 54 56 95 73 63 40 6 79 66 74 81 23 23 27 20 59 53 71 1 71 32 79 95 79 95 2 82 6 42 58 20 51 12 40 13 25 30 22 74 36
80 63 54 87 17 71 93 96 94 58 28 45 41 27 92 7 86 65 34 4 0 84 29 55 36 21 92 94 53 6 18 52 18 16 10 29 43 41 68 38 86 80 13 75 86 50 53 28 42 84 17 97 67 90 27 96 40 27 12 11 45
94 6 27 62 83 15 64 24 34 15 38 48 13 54 5 47 19 43 57 54 84 0 46 77 38 1 55 55 47 60 17 55 72 87 56 69 58 2 17 58 27 10 57 58 82 89 3 83 34 31 92 8 7 60 7 9 69 33 3 77 10
55 4 92 54 60 35 86 82 60 93 79 26 1 3 58 35 12 34 100 56 29 46 0 50 62 7 49 58 87 39 99 37 57 15 34 66 76 68 78 42 5 75 43 68 79 88 67 45 16 56 23 97 31 46 58 25 1 89 62 83 72
15 65 9 13 45 93 56 91 41 32 71 41 93 36 23 79 36 48 87 95 55 77 50 0 38 2 39 84 46 91 29 72 1 11 33 97 78 25 15 14 39 92 20 36 45 33 90 55 18 27 21 8 80 53 12 96 99 94 75 33 32
69 65 1 37 30 42 87 60 31 84 35 31 88 30 21 31 13 28 1 73 36 38 62 38 0 64 77 59 25 43 85 63 46 80 11 47 33 37 61 63 6 92 90 5 95 87 30 67 76 32 46 69 35 57 50 17 8 76 19 33 53
28 44 70 20 26 6 87 34 63 61 21 58 100 5 88 8 16 77 56 63 21 1 7 2 64 0 25 82 94 76 73 54 16 62 81 98 28 64 15 40 1 2 14 69 68 31 77 70 82 2 57 70 98 46 91 85 18 82 21 11 56
83 31 85 27 19 99 45 92 84 40 49 19 11 51 11 45 56 6 58 40 92 55 49 39 77 25 0 92 18 72 36 11 59 68 65 23 60 36 11 1 33 90 16 91 65 21 34 42 92 45 58 95 31 3 6 10 93 96 37 49 69
35 61 22 23 17 52 42 1 57 32 51 3 10 6 23 47 50 47 19 6 94 55 58 84 59 82 92 0 23 80 44 47 10 50 29 29 66 23 91 93 7 43 77 28 34 21 47 44 56 6 25 87 27 76 4 16 74 24 73 58 95
25 58 97 30 88 93 95 8 44 1 51 32 4 2 20 69 42 68 96 79 53 47 87 46 25 94 18 23 0 59 66 15 60 28 91 47 45 91 50 36 97 38 39 20 11 88 49 44 51 71 77 3 49 93 52 2 43 38 97 8 6
85 43 24 27 23 66 45 99 15 18 2 30 66 100 86 80 27 84 9 66 6 60 39 91 43 76 72 80 59 0 84 75 49 47 6 12 26 8 92 14 57 93 80 28 92 31 49 32 89 49 38 45 95 44 89 94 38 72 62 1 2
58 84 39 27 61 44 60 81 42 28 24 23 50 16 53 60 30 7 69 74 18 17 99 29 85 73 36 44 66 84 0 35 35 65 39 53 35 53 48 61 73 10 52 9 72 45 32 96 81 62 92 32 28 69 67 22 19 93 30 30 2
81 48 66 47 53 39 61 81 74 52 16 18 52 20 91 75 74 33 85 81 52 55 37 72 63 54 11 47 15 75 35 0 58 44 52 24 77 29 90 89 38 3 67 68 79 57 74 13 73 46 59 92 42 21 13 15 52 63 16 48 68
59 5 52 67 93 70 96 86 26 74 62 6 17 11 43 17 20 73 12 23 18 72 57 1 46 16 59 10 60 49 35 58 0 19 20 42 40 49 13 11 68 12 52 96 74 34 67 59 45 24 43 89 88 83 82 7 45 26 77 84 91
3 44 37 24 28 90 68 44 76 79 76 93 53 41 43 5 10 100 44 23 16 87 15 11 80 62 68 50 28 47 65 44 19 0 50 40 12 56 61 40 21 31 71 87 26 47 23 74 55 12 91 38 90 71 29 91 45 41 63 61 84
11 46 38 72 48 84 68 67 91 71 22 91 82 13 58 27 54 12 1 27 10 56 34 33 11 81 65 29 91 6 39 52 20 50 0 100 84 54 50 16 24 44 40 66 82 30 24 43 65 29 5 79 56 94 87 30 19 2 89 70 55
5 66 45 69 6 61 11 80 18 44 36 61 63 65 80 79 66 57 90 20 29 69 66 97 47 98 23 29 47 12 53 24 42 40 100 0 32 35 52 16 52 78 99 96 1 23 59 20 6 35 24 19 46 83 48 57 16 58 72 44 54
92 97 71 53 44 14 85 96 81 12 6 23 27 55 1 19 89 14 42 59 43 58 76 78 33 28 60 66 45 26 35 77 40 12 84 32 0 39 71 91 30 70 32 78 33 5 54 34 33 46 96 49 51 5 42 45 90 28 22 49 57
42 70 61 13 59 5 59 48 50 54 30 78 51 71 2 74 61 63 19 53 41 2 68 25 37 64 36 23 91 8 53 29 49 56 54 35 39 0 9 75 21 83 84 18 2 27 90 67 7 100 17 97 93 39 24 87 76 48 56 5 98
57 39 36 57 64 32 58 21 87 90 33 26 77 71 10 28 11 13 69 71 68 17 78 15 61 15 11 91 50 92 48 90 13 61 50 52 71 9 0 46 6 12 93 9 94 10 14 86 95 21 37 57 54 62 37 26 32 24 86 51 16
31 63 10 85 60 51 14 88 64 2 15 33 61 88 56 18 7 78 77 1 38 58 42 14 63 40 1 93 36 14 61 89 11 40 16 16 91 75 46 0 27 21 91 30 96 53 26 68 28 89 98 46 58 67 37 79 70 21 29 87 44
2 3 59 36 69 28 72 22 47 44 24 44 97 66 99 57 9 75 92 71 86 27 5 39 6 1 33 7 97 57 73 38 68 21 24 52 30 21 6 27 0 36 45 33 8 60 83 35 45 32 80 98 33 99 2 19 32 91 80 86 10
36 30 68 45 37 58 24 48 63 18 40 40 48 66 30 63 93 36 2 32 80 10 75 92 92 2 90 43 38 93 10 3 12 31 44 78 70 83 12 21 36 0 91 98 79 7 83 18 78 68 91 99 90 99 32 7 6 28 5 41 94
29 66 45 35 43 65 76 37 31 33 4 70 66 67 83 90 7 100 33 79 13 57 43 20 90 14 16 77 39 80 52 67 52 71 40 99 32 84 93 91 45 91 0 64 42 12 81 20 83 74 72 96 83 79 80 61 85 1 68 52 69
96 80 22 10 100 37 6 33 92 31 13 85 8 72 63 50 76 19 26 95 75 58 68 36 5 69 91 28 20 28 9 68 96 87 66 96 78 18 9 30 33 98 64 0 46 55 48 50 48 58 76 15 27 10 1 80 90 84 90 58 26
19 95 52 72 81 94 42 5 33 3 26 22 37 61 53 25 5 87 94 79 86 82 79 45 95 68 65 34 11 92 72 79 74 26 82 1 33 2 94 96 8 79 42 46 0 16 49 37 36 62 59 49 17 77 62 97 93 37 71 3 89
11 56 75 65 55 29 62 20 73 39 85 96 69 64 56 86 68 67 61 95 50 89 88 33 87 31 21 21 88 31 45 57 34 47 30 23 5 27 10 53 60 7 12 55 16 0 8 77 46 82 95 34 10 37 9 58 5 28 35 55 5
38 65 42 41 80 49 44 23 43 49 35 93 8 35 33 48 10 82 92 2 53 3 67 90 30 77 34 47 49 49 32 74 67 23 24 59 54 90 14 26 83 83 81 48 49 8 0 31 8 71 82 46 50 24 12 75 29 51 83 42 85
34 30 45 19 98 32 37 18 25 36 62 40 54 99 43 14 7 62 62 82 28 83 45 55 67 70 42 44 44 32 96 13 59 74 43 20 34 67 86 68 35 18 20 50 37 77 31 0 15 77 3 10 56 13 15 67 68 14 6 11 85
30 84 64 30 97 63 71 7 17 54 74 51 79 59 33 15 14 83 91 6 42 34 16 18 76 82 92 56 51 89 81 73 45 55 65 6 33 7 95 28 45 78 83 48 36 46 8 15 0 94 12 76 71 30 25 89 29 85 47 73 25
85 89 8 92 49 15 36 6 35 21 19 79 68 35 20 91 36 85 36 42 84 31 56 27 32 2 45 6 71 49 62 46 24 12 29 35 46 100 21 89 32 68 74 58 62 82 71 77 94 0 4 30 7 65 94 79 24 91 89 42 65
45 29 23 3 94 87 11 35 75 70 1 37 60 57 51 2 98 60 83 58 17 92 23 21 46 57 58 25 77 38 92 59 43 91 5 24 96 17 37 98 80 91 72 76 59 95 82 3 12 4 0 39 54 46 66 96 87 65 94 19 47
95 92 20 75 59 93 90 66 64 28 80 63 17 69 93 48 9 96 12 20 97 8 97 8 69 70 95 87 3 45 32 92 89 38 79 19 49 97 57 46 98 99 96 15 49 34 46 10 76 30 39 0 86 70 4 18 19 76 86 10 96
52 12 20 14 4 75 39 9 48 88 4 6 55 70 36 11 74 100 46 51 67 7 31 80 35 98 31 27 49 95 28 42 88 90 56 46 51 93 54 58 33 90 83 27 17 10 50 56 71 7 54 86 0 18 39 3 61 94 43 45 84
92 50 69 86 36 81 79 18 28 22 70 23 51 7 28 100 4 77 42 12 90 60 46 53 57 46 3 76 93 44 69 21 83 71 94 83 5 39 62 67 99 99 79 10 77 37 24 13 30 65 46 70 18 0 62 80 99 47 81 84 64
81 39 34 47 89 72 7 93 98 70 48 75 72 61 59 30 44 13 36 40 27 7 58 12 50 91 6 4 52 89 67 13 82 29 87 48 42 24 37 37 2 32 80 1 62 9 12 15 25 94 66 4 39 62 0 23 54 58 58 43 24
29 14 19 57 97 70 20 1 100 96 7 84 80 14 83 93 68 10 24 13 96 9 25 96 17 85 10 16 2 94 22 15 7 91 30 57 45 87 26 79 19 7 61 80 97 58 75 67 89 79 96 18 3 80 23 0 83 97 40 72 94
14 12 38 56 5 93 82 9 45 15 55 68 15 78 20 66 10 71 20 25 40 69 1 99 8 18 93 74 43 38 19 52 45 45 19 16 90 76 32 70 32 6 85 90 93 5 29 68 29 24 87 19 61 99 54 83 0 60 8 83 50
95 79 33 86 24 82 66 53 2 85 92 91 54 32 39 67 5 99 37 30 27 33 89 94 76 82 96 24 38 72 93 63 26 41 2 58 28 48 24 21 91 28 1 84 37 28 51 14 85 91 65 76 94 47 58 97 60 0 65 96 59
58 92 49 63 97 14 79 12 83 15 88 74 33 59 36 74 57 52 31 22 12 3 62 75 19 21 37 73 97 62 30 16 77 63 89 72 22 56 86 29 80 5 68 90 71 35 83 6 47 89 94 86 43 81 58 40 8 65 0 73 25
97 1 40 45 79 61 18 65 35 66 33 52 8 16 67 23 45 35 5 74 11 77 83 33 33 11 49 58 8 1 30 48 84 61 70 44 49 5 51 87 86 41 52 58 3 55 42 11 73 42 19 10 45 84 43 72 83 96 73 0 79
96 89 99 28 11 23 9 93 63 71 7 46 51 27 24 92 61 47 80 36 45 10 72 32 53 56 69 95 6 2 2 68 91 84 55 54 57 98 16 44 10 94 69 26 89 5 85 85 25 65 47 96 84 64 24 94 50 59 25 79 0
63 26 147 82 23 58 3 31 133 121 137 58 72 33 7 85 37 126 91 30 94 12 122 128 131 129 85 103 133 140 138 138 91 98 148
0 40 54 27 7 55 28 9 39 26 17 8 57 42 10 29 59 1 2 24 18 41 25 21 37 14 4 13 22 12 0
60
14.207453727722168