100 150
7 8 5 10 0 1 1 5 3 6 8 8 1 1 3 10 7 10 7 1 8 3 8 6 8 9 8 7 0 10 0 9 10 10 6 0 2 1 3 8 4 5 7 4 10 3 8 4 4 1 9 8 4 2 5 1 6 10 7 0 6 8 6 1 6 8 4 10 4 5 4 9 10 9 1 8 5 3 10 6 10 2 1 6 3 7 10 9 8 10 4 9 9 2 4 0 9 6 2 8 0 5 4 5 6 10 10 0 1 5 8 6 0 6 7 8 8 6 1 0 3 2 3 6 3 5 1 10 9 9 0 10 0 5 6 9 7 4 6 3 10 7 7 4 0 0 9 6 6 3
2 1 6 9 9 9 2 1 10 7 7 2 7 6 9 1 9 10 7 5 1 2 5 4 9 7 5 9 5 8 5 8 3 8 5 10 2 4 4 5 10 7 8 9 9 10 8 4 9 8 3 4 10 2 8 0 3 7 5 5 1 9 7 10 5 10 2 4 6 0 0 3 2 8 6 0 10 4 5 7 2 9 5 7 0 4 1 7 3 0 3 5 10 7 0 0 9 4 4 4 3 2 6 7 4 7 5 5 8 1 4 0 3 3 3 9 3 0 9 4 10 10 9 8 3 3 2 1 6 6 10 8 3 10 8 7 1 4 5 0 10 2 3 8 7 9 4 4 2 8
8 4 1 8 10 10 9 3 0 1 8 3 2 9 10 2 0 7 10 5 2 3 4 5 3 0 1 6 9 5 3 0 7 5 10 7 9 8 9 8 2 10 5 9 7 6 5 1 6 10 0 4 8 3 2 1 3 4 0 10 7 0 8 5 6 2 4 7 5 0 3 1 4 4 3 7 5 5 10 7 2 3 4 6 9 7 6 9 7 9 5 4 2 7 10 2 3 6 2 3 2 9 10 8 9 8 4 10 6 5 5 3 9 4 9 4 7 1 0 7 3 2 0 2 3 6 5 6 5 4 7 5 10 2 0 10 7 4 8 3 6 3 7 9 8 7 3 8 1 2
3 5 9 10 2 2 4 6 5 9 10 4 4 6 4 10 4 4 7 7 6 6 1 1 4 10 4 0 5 5 8 3 5 6 8 1 6 6 5 10 6 4 2 4 1 2 10 10 7 9 4 0 5 4 8 0 0 9 7 9 6 1 8 1 6 0 6 6 4 8 5 3 6 1 9 10 5 1 6 1 8 7 5 1 7 8 0 1 0 6 8 8 5 5 6 6 5 1 4 7 8 4 3 8 8 0 0 8 8 7 4 2 5 0 6 6 3 2 6 1 2 10 0 10 10 4 5 4 3 8 0 9 8 2 8 8 1 5 7 0 4 9 6 3 1 9 1 8 10 9
5 2 1 9 9 1 1 8 5 8 10 3 8 3 6 5 1 6 7 10 2 5 3 9 0 7 10 8 6 4 9 0 9 9 7 3 10 5 4 1 8 9 6 2 0 9 10 4 7 9 10 5 8 4 8 8 0 9 8 1 2 9 9 3 1 2 2 3 4 5 7 9 8 2 8 10 8 5 8 1 0 6 8 0 5 4 8 6 2 8 10 5 3 8 0 5 2 1 4 10 4 4 6 1 6 7 9 7 7 1 10 5 9 2 4 4 7 4 2 6 1 0 6 0 9 1 8 10 1 8 6 2 9 4 6 0 10 9 9 2 6 6 1 2 5 9 8 10 5 4
9 1 4 10 2 5 10 3 7 3 9 6 1 3 5 5 2 3 6 3 6 5 6 4 1 0 7 0 10 4 2 6 2 5 5 7 7 5 9 9 10 8 6 1 9 9 4 6 6 7 5 3 2 1 6 2 9 1 0 1 4 3 8 4 9 6 6 1 0 3 9 6 6 2 9 9 0 5 4 3 2 2 2 2 8 9 8 10 8 8 2 5 9 2 5 5 6 6 4 1 9 3 3 0 6 3 0 1 1 4 4 4 5 9 10 1 7 9 6 10 4 1 8 10 9 9 0 10 1 9 7 9 10 10 5 9 0 3 9 2 2 7 8 8 6 1 6 1 9 5
1 4 2 5 7 3 10 4 4 9 3 8 1 4 7 0 10 4 4 7 2 0 5 5 1 3 4 2 10 2 6 1 10 2 7 6 6 7 8 5 8 4 6 8 3 8 1 0 1 10 7 2 0 7 4 4 10 8 3 6 0 3 10 5 8 2 6 8 5 2 9 0 5 7 3 3 4 7 0 0 3 7 3 2 0 2 2 9 0 2 5 7 6 0 8 1 2 8 10 9 10 2 10 3 5 7 10 9 10 8 9 3 5 8 10 3 1 3 3 7 10 7 4 9 4 2 2 1 6 8 2 5 10 10 1 6 9 10 6 7 9 6 5 8 2 10 2 6 8 9
7 7 7 3 10 2 7 0 6 5 2 4 2 5 0 7 4 6 3 6 2 2 2 0 1 7 7 0 2 6 8 6 8 1 3 5 2 0 5 9 1 7 7 1 3 1 4 3 6 8 9 3 7 0 1 5 8 7 1 0 8 7 8 7 4 9 3 10 7 1 10 3 7 7 4 5 7 9 9 2 2 10 2 9 7 8 0 10 1 3 4 4 8 7 7 6 9 5 10 2 9 1 9 1 9 0 8 3 1 6 2 2 6 2 4 6 10 3 8 7 8 5 6 0 1 5 0 5 8 2 10 0 9 10 1 0 7 2 3 7 0 2 9 4 2 5 3 7 2 9
0 1 6 3 10 5 2 1 6 7 9 10 8 1 3 5 7 7 3 2 6 4 3 3 8 8 3 2 10 5 3 2 2 10 10 10 3 5 6 2 6 1 6 6 3 2 3 3 7 0 0 1 2 1 4 7 3 9 5 1 7 6 8 5 4 3 7 1 1 4 6 5 9 4 4 2 0 9 5 4 2 0 3 7 9 2 6 0 1 7 4 10 5 9 10 3 0 8 9 9 8 10 9 5 10 9 2 3 1 2 8 5 0 7 5 5 2 5 3 0 9 4 7 2 4 8 3 2 8 0 7 9 0 1 10 7 9 5 7 2 8 6 8 0 9 6 10 10 5 3
10 4 3 8 6 4 7 9 1 3 2 4 10 0 4 4 5 1 8 3 9 6 3 2 10 7 9 0 6 10 8 3 1 3 4 1 6 4 7 3 4 3 8 10 2 0 8 3 9 4 7 8 7 8 2 10 9 0 2 9 8 9 4 2 5 2 3 6 2 4 1 9 7 8 9 8 10 0 4 3 7 4 8 0 2 3 2 6 10 7 8 5 7 5 2 0 3 5 10 2 10 6 5 7 1 10 10 3 8 10 5 7 2 9 2 10 5 5 0 2 9 9 3 7 4 0 7 7 4 3 5 6 0 8 5 9 8 10 7 3 1 4 5 4 3 1 10 4 7 1
8 9 6 3 9 8 9 6 3 8 5 0 8 6 5 6 0 6 4 9 7 10 7 4 0 0 3 3 4 2 6 9 2 7 8 7 3 5 1 3 0 8 4 9 1 6 5 1 10 4 0 5 0 9 4 8 5 2 4 7 0 3 7 6 7 4 0 10 7 10 8 10 4 10 1 10 2 2 4 6 0 7 8 7 1 2 10 7 6 5 0 3 4 0 9 9 0 6 3 2 0 4 9 8 7 1 2 2 2 3 3 2 0 10 7 8 1 2 6 6 4 1 0 2 2 6 9 5 0 2 3 2 0 3 6 8 3 0 2 9 9 0 8 8 10 1 4 0 4 0
8 1 2 2 4 9 3 1 0 9 9 4 2 6 4 4 10 10 2 7 6 4 7 2 0 4 9 6 9 8 10 0 10 0 6 5 1 0 0 10 7 8 2 5 10 3 3 3 7 7 9 3 1 10 3 1 6 9 2 4 5 2 1 4 6 6 6 10 2 10 3 0 4 7 10 4 5 0 1 10 1 10 6 3 2 5 5 3 7 5 5 9 5 6 0 1 10 8 7 3 7 0 4 2 8 4 1 9 0 2 9 5 4 8 3 5 0 7 0 6 1 5 0 5 9 5 4 5 7 5 9 5 8 10 3 7 4 8 0 6 2 8 4 8 9 6 3 0 10 2
2 6 2 0 8 5 7 8 0 9 3 4 2 1 5 10 7 8 7 9 9 7 0 5 5 4 6 7 1 10 8 10 2 6 0 2 5 10 4 8 0 3 10 8 5 5 0 1 4 8 6 6 2 5 9 0 3 2 10 2 6 2 8 3 6 8 5 0 6 0 8 2 4 5 1 3 4 7 1 6 4 1 2 8 10 6 10 3 10 7 4 6 1 4 1 9 2 1 0 2 10 7 5 4 8 2 10 10 5 6 0 7 5 10 10 6 7 10 5 3 3 5 2 2 3 10 4 7 8 2 3 9 6 6 5 4 10 2 2 5 3 4 1 6 4 1 8 8 0 3
3 7 8 5 2 5 4 6 0 8 4 2 1 3 9 9 0 9 6 9 2 0 0 6 9 8 8 1 3 4 9 1 2 3 8 2 3 6 1 5 2 3 3 5 4 3 6 0 4 5 7 2 3 10 10 5 3 2 10 7 4 2 2 10 10 5 3 8 9 6 0 0 1 3 5 6 2 5 7 4 5 3 1 7 5 8 9 8 2 2 4 9 9 1 3 4 9 6 10 8 0 10 0 6 7 3 7 9 0 8 6 3 10 5 8 1 3 8 7 0 3 9 3 8 2 10 10 2 2 6 3 3 6 8 10 6 1 2 2 2 9 6 5 3 3 1 0 8 9 8
9 8 6 0 8 9 2 6 9 10 1 6 8 5 7 7 8 7 3 0 3 5 0 2 10 9 6 8 3 6 2 0 3 10 8 8 6 3 7 1 4 1 8 0 3 7 2 3 6 2 10 10 6 10 2 2 8 7 10 5 4 5 3 9 5 0 4 8 10 0 0 0 5 6 7 6 7 0 5 0 1 3 8 8 4 7 7 2 1 10 6 10 5 10 0 8 5 9 8 3 0 10 10 1 1 2 9 8 9 7 2 0 7 6 2 5 0 4 1 4 10 2 3 8 6 6 3 1 9 8 3 5 7 0 8 1 2 8 9 8 6 10 3 7 10 6 1 8 4 5
10 6 5 8 8 9 7 5 6 5 8 0 1 8 0 7 7 9 0 3 9 5 4 3 3 9 1 5 4 5 3 7 3 0 8 3 3 10 3 3 3 4 10 7 3 9 10 10 7 10 1 0 7 7 3 2 3 2 0 9 1 7 7 4 6 9 1 3 6 7 6 7 7 6 7 5 3 1 0 3 9 5 10 3 4 8 1 5 1 0 7 5 6 9 3 9 5 9 9 1 2 5 0 6 8 9 10 8 3 0 4 4 7 2 2 3 1 5 2 0 5 8 2 6 7 6 5 4 8 4 6 2 5 0 3 7 7 7 0 1 0 6 1 2 0 5 1 5 9 2
10 3 6 1 7 4 4 0 0 4 2 3 3 1 7 9 7 8 9 3 8 2 4 7 3 2 0 5 3 9 4 6 3 7 7 6 1 7 5 4 8 4 0 6 10 4 6 8 8 10 0 4 2 5 8 1 9 10 10 3 6 3 8 4 7 6 5 9 3 8 3 5 8 6 7 10 0 10 7 5 6 6 2 9 8 5 6 3 2 6 1 7 6 8 1 3 9 2 5 8 6 5 5 8 4 3 7 6 1 3 4 6 9 2 7 1 2 1 3 7 7 7 2 7 8 2 10 7 9 3 3 2 10 5 4 0 6 1 7 1 10 8 7 3 10 8 9 2 0 0
10 0 7 8 6 0 1 8 10 8 5 2 1 7 6 0 7 0 6 8 3 10 1 9 6 10 10 10 3 8 8 0 8 2 5 3 5 1 2 2 4 8 0 5 8 10 0 2 6 0 3 4 1 2 5 7 9 2 6 10 3 10 5 1 4 0 3 5 5 1 10 1 0 5 9 3 8 5 4 3 8 8 3 6 9 8 10 3 2 1 4 4 0 3 9 8 4 8 1 3 7 7 6 2 10 7 6 6 3 2 9 3 7 0 10 6 10 5 4 6 6 5 2 2 8 1 0 0 1 8 4 10 9 4 2 10 6 5 6 2 2 6 7 1 5 9 10 2 4 2
10 1 4 7 8 5 2 7 3 0 7 7 5 0 8 6 3 0 6 5 10 10 5 7 7 8 5 8 5 3 10 1 5 4 9 10 1 3 2 5 9 7 0 3 3 0 2 4 10 10 3 6 10 2 5 6 1 9 7 5 1 4 10 6 8 2 10 5 2 1 9 1 1 2 3 2 2 4 7 10 9 2 5 2 5 4 5 10 2 4 4 2 10 7 3 8 4 5 2 7 2 8 2 5 7 0 1 3 4 10 3 7 8 4 10 0 5 1 10 5 7 2 1 5 1 1 0 9 1 10 0 1 9 6 5 2 1 7 3 1 9 8 2 5 1 2 1 0 5 5
1 4 1 4 8 3 4 2 9 1 5 9 9 5 9 7 7 6 0 2 4 3 7 7 4 5 3 4 8 7 1 5 3 1 4 10 2 9 6 6 4 6 10 0 5 1 3 2 6 4 1 10 2 1 8 2 1 1 7 4 2 8 7 1 0 1 4 0 6 1 6 3 7 6 9 5 5 3 4 9 7 2 7 2 3 10 6 5 0 7 9 5 9 0 1 2 1 6 1 5 1 9 6 0 2 5 5 5 1 6 7 10 5 3 3 9 0 4 1 5 3 0 10 8 5 6 2 2 6 0 2 9 5 10 4 3 2 9 9 3 8 4 0 4 1 2 4 10 4 6
2 8 1 5 0 7 7 1 0 1 4 10 0 10 3 3 4 0 3 7 7 5 2 4 2 3 6 4 6 5 4 3 7 10 5 4 10 3 5 5 7 2 10 10 10 2 1 1 1 5 5 9 6 4 1 6 9 0 1 1 9 2 2 9 6 8 1 2 8 6 2 8 4 4 5 9 0 8 7 8 4 5 8 4 1 0 7 6 0 3 4 5 5 5 10 10 2 10 3 8 7 1 5 8 0 9 6 10 6 10 10 2 0 8 8 10 2 8 3 1 8 9 8 0 6 6 0 1 7 6 2 6 8 7 4 4 5 2 6 7 3 10 9 5 4 3 7 1 4 10
3 4 1 10 0 10 6 2 0 5 3 1 6 1 7 6 1 5 5 10 3 1 6 1 10 8 7 2 8 7 2 4 7 0 7 10 0 5 4 0 6 0 3 3 2 2 0 2 10 4 0 6 0 5 2 3 3 8 4 9 4 9 10 10 9 9 5 9 0 5 4 6 1 0 7 4 2 6 1 4 5 10 1 3 0 2 5 5 2 6 9 3 6 6 4 10 0 10 9 1 10 1 7 4 2 8 3 6 6 10 5 8 2 10 3 9 8 6 2 10 4 9 4 4 8 1 0 8 10 10 4 8 7 6 3 8 0 4 1 0 3 10 7 1 7 6 8 8 8 6
2 10 2 3 5 1 9 9 6 1 1 0 6 4 4 6 4 9 4 9 2 9 7 0 4 2 2 4 7 8 5 7 5 10 10 0 10 6 8 4 9 10 5 4 3 7 4 9 1 0 10 2 7 1 8 8 10 9 4 8 9 10 7 4 8 6 0 3 0 10 3 8 3 5 1 3 2 7 0 6 5 4 6 2 4 1 10 7 5 4 8 10 8 10 10 2 8 4 9 10 7 6 9 0 5 10 6 5 2 2 8 6 1 0 8 7 2 4 3 1 5 3 10 1 6 6 0 1 1 2 6 8 2 2 4 7 4 3 6 2 10 3 8 10 8 1 1 10 8 0
5 5 3 9 7 3 3 5 7 4 6 0 6 0 3 5 9 2 10 8 1 3 0 4 3 10 4 1 5 1 1 5 1 4 9 5 4 10 2 6 6 0 4 1 8 8 5 2 9 10 6 2 9 2 6 10 0 5 10 8 6 4 2 9 2 0 2 8 0 4 2 3 9 2 3 6 1 4 1 1 7 2 3 1 6 2 7 6 7 2 10 7 1 10 1 8 10 1 10 1 7 5 9 0 9 7 9 10 4 9 8 1 1 5 1 5 0 3 9 5 1 3 10 10 7 7 2 5 3 0 0 8 0 9 10 5 5 3 9 0 8 3 4 3 10 4 9 5 0 6
9 6 5 4 10 6 3 9 9 9 4 7 8 6 5 4 8 10 6 9 8 6 7 5 4 0 6 1 3 9 5 6 2 4 0 9 1 1 7 0 3 4 2 6 1 5 7 7 8 6 3 6 3 6 0 4 6 3 2 9 7 1 7 5 8 5 2 1 3 0 5 5 7 9 8 6 0 0 4 10 2 9 5 2 0 1 1 7 0 7 7 10 6 5 8 3 10 4 1 8 1 9 3 9 4 10 1 8 5 7 0 10 1 3 6 6 6 3 8 1 4 6 5 3 0 9 6 7 5 5 1 10 6 8 0 5 4 3 4 0 2 1 10 2 8 8 8 1 3 2
2 9 5 5 2 7 10 2 2 0 7 3 2 0 2 9 6 10 5 5 4 10 0 8 7 7 8 1 9 9 9 4 9 4 10 3 0 7 0 8 2 4 6 10 6 1 7 6 10 2 4 1 7 10 4 4 2 6 7 6 4 9 2 4 0 1 10 3 1 9 2 2 10 4 6 10 2 2 4 10 7 10 5 5 4 6 0 0 0 7 3 1 5 1 9 1 8 1 1 7 6 6 7 5 8 8 2 4 10 7 3 10 3 8 2 5 10 7 7 3 1 1 4 4 1 3 0 3 0 4 6 0 6 10 2 7 0 10 8 4 7 4 4 4 6 5 0 8 4 5
5 6 4 3 9 2 10 8 3 2 6 4 0 0 6 5 8 8 5 0 4 4 3 4 8 6 5 6 3 9 6 7 6 4 1 4 9 6 10 8 3 10 8 8 5 2 0 9 5 10 7 4 1 4 3 1 2 6 2 10 4 2 5 6 2 10 2 7 7 3 4 9 7 5 8 2 7 7 0 4 5 7 3 9 4 9 3 10 8 5 3 3 6 5 8 7 2 4 1 0 0 1 9 2 4 9 8 4 3 10 8 9 7 1 6 3 2 3 5 7 7 3 4 2 5 1 0 8 8 8 10 1 3 7 7 5 4 5 3 1 7 4 9 2 7 1 2 6 8 10
2 7 8 3 10 6 5 2 5 9 7 5 6 4 8 5 2 6 9 3 6 1 6 9 1 9 4 0 0 8 4 7 9 5 9 2 9 5 0 3 2 10 1 9 7 7 0 9 7 3 8 10 6 6 7 0 2 6 3 5 6 6 6 0 8 5 8 6 7 8 3 8 8 6 9 8 2 8 4 0 2 2 4 0 2 0 4 6 0 0 9 9 0 2 5 10 7 8 0 5 9 8 5 4 9 9 1 8 10 8 2 4 4 2 3 4 2 10 1 10 9 5 2 0 7 5 3 9 6 7 5 4 8 7 2 7 5 7 3 1 4 9 4 4 2 0 1 0 0 10
2 0 4 1 10 2 10 7 10 6 3 3 2 8 6 5 1 4 9 9 2 0 7 2 7 0 8 2 9 9 6 10 6 1 5 4 6 10 1 5 3 10 10 7 5 9 8 10 9 8 5 2 9 0 8 3 1 10 6 2 5 1 7 1 5 10 0 5 8 9 10 6 10 1 6 4 0 8 4 6 0 0 8 1 7 6 9 0 5 7 10 7 7 7 1 3 9 4 9 4 0 10 1 9 0 6 10 6 4 0 10 2 3 0 3 6 2 0 9 6 8 1 9 6 7 9 3 1 4 2 10 4 5 0 5 4 8 2 0 1 1 1 6 7 9 0 4 3 3 5
1 10 6 4 10 2 3 4 3 10 10 10 9 6 8 5 6 10 0 3 5 1 10 3 1 1 10 3 0 2 6 10 4 7 10 8 3 0 1 3 1 5 9 10 4 9 3 0 10 9 7 9 6 8 9 10 3 4 10 6 3 8 9 0 0 4 8 2 10 5 5 9 5 8 9 5 3 8 8 6 10 10 2 1 0 6 8 10 1 6 6 1 8 10 9 4 6 3 1 8 1 9 4 1 1 3 1 6 6 8 6 1 0 8 0 3 3 7 5 6 2 2 4 3 1 8 4 5 4 8 7 0 0 10 0 0 3 3 5 6 6 4 0 6 10 4 8 10 6 0
2 0 7 2 2 10 3 7 1 5 0 0 7 6 1 6 9 6 9 1 4 6 4 6 8 8 10 5 4 6 6 7 8 2 2 5 8 0 7 0 5 5 6 5 9 6 3 0 5 9 10 1 2 7 1 0 10 7 9 2 10 3 0 3 3 2 6 10 7 10 5 10 3 9 0 1 3 4 2 0 3 6 8 1 10 7 8 4 10 7 8 8 3 1 2 2 4 6 3 0 2 2 9 10 2 3 1 8 8 9 6 2 4 1 5 2 4 10 6 5 5 9 7 9 1 7 1 5 2 3 4 1 2 8 7 3 10 0 2 8 8 3 7 4 0 10 1 7 10 2
10 5 10 2 0 10 6 8 5 1 6 7 6 6 2 3 7 8 4 5 1 2 8 1 6 5 0 0 0 3 3 2 3 7 3 0 1 2 4 5 1 3 6 10 8 4 3 9 10 3 10 3 3 3 6 2 2 4 6 0 4 6 8 4 9 6 5 0 8 6 9 9 4 10 7 2 3 1 9 3 1 7 1 9 4 10 6 4 5 0 0 2 5 10 0 1 3 3 8 10 6 5 8 9 0 2 0 3 9 2 1 0 2 10 6 8 0 3 4 5 4 6 0 0 10 1 9 4 2 4 1 2 3 0 6 5 2 9 2 1 1 9 3 8 0 1 1 3 3 10
4 7 5 7 1 7 7 3 10 9 10 1 3 4 8 3 5 1 5 0 5 3 1 4 2 4 9 6 9 8 8 4 4 10 5 2 2 2 5 5 4 7 7 6 2 3 7 1 6 5 5 6 7 1 8 4 0 2 5 1 6 6 7 1 1 3 0 7 1 0 1 4 10 9 1 0 5 7 7 2 7 0 9 4 5 2 1 8 2 0 7 8 0 0 1 5 5 5 1 7 10 1 2 6 5 2 2 6 5 2 8 0 3 3 3 0 6 6 8 4 4 4 3 4 7 4 5 9 3 7 1 9 9 7 1 6 3 0 6 3 10 7 10 3 6 10 5 4 8 5
5 9 9 0 4 0 4 6 6 3 1 5 8 2 10 3 7 7 9 4 6 2 10 9 0 9 4 6 5 10 9 3 7 0 4 10 1 2 3 10 1 10 1 4 3 7 4 7 10 1 1 0 6 8 2 9 3 2 3 10 2 8 8 8 6 10 8 2 6 3 6 10 5 1 10 1 10 6 0 6 7 7 3 7 10 10 1 1 1 9 4 10 9 8 8 1 9 3 8 3 2 10 1 7 3 0 2 10 10 2 9 6 1 1 7 3 2 10 6 9 6 7 10 9 0 0 1 6 10 3 6 2 9 5 4 9 10 9 4 9 8 9 9 7 2 9 8 10 2 7
3 3 6 10 6 0 6 0 1 6 3 8 1 8 10 9 1 0 6 6 10 7 0 7 3 1 6 6 4 10 6 1 3 8 10 1 5 8 1 7 0 1 0 3 5 5 1 6 5 3 7 5 4 5 5 3 0 1 5 4 3 2 2 3 1 1 7 2 5 9 4 0 0 1 1 9 1 4 0 9 5 9 4 5 5 3 5 10 3 0 5 5 8 5 6 5 6 0 3 4 2 3 7 8 10 0 2 0 2 2 2 3 1 5 9 2 4 6 5 7 5 3 5 10 7 1 10 1 0 0 7 7 10 10 3 3 9 0 1 8 10 3 5 7 5 6 9 5 5 8
8 7 0 7 9 9 9 3 8 5 8 5 6 4 1 10 3 9 8 10 5 0 8 10 7 0 6 3 6 10 1 7 10 6 8 2 6 1 9 8 1 8 6 1 4 5 8 6 1 0 8 8 0 3 1 7 3 1 4 5 4 6 8 5 9 4 3 9 4 6 10 10 4 3 8 7 1 7 7 8 4 7 2 6 4 3 2 7 3 3 9 4 9 10 0 4 1 6 0 4 1 0 9 8 2 0 6 2 10 7 1 8 3 1 3 10 6 5 8 5 7 10 2 7 1 6 1 3 2 5 2 10 6 10 3 4 6 4 1 1 1 9 4 8 10 6 8 1 1 9
8 0 1 3 4 3 2 6 7 8 0 10 5 8 0 10 0 2 3 0 4 1 1 10 2 3 5 1 4 1 0 0 7 0 5 2 1 2 0 3 2 8 3 10 7 4 7 8 5 10 8 6 6 6 0 3 8 4 6 3 5 0 3 10 3 4 3 6 1 7 3 6 1 7 2 5 5 1 0 10 7 7 7 4 2 0 4 4 7 2 0 6 10 7 0 0 10 2 10 0 7 6 4 2 10 8 9 3 8 2 6 2 5 2 5 8 6 9 2 4 3 10 0 8 3 1 6 10 5 1 8 8 10 8 5 3 4 0 10 2 7 3 5 4 1 4 8 7 7 2
9 2 2 3 2 8 3 8 8 8 7 4 9 6 1 4 8 10 0 5 0 1 9 2 9 1 6 6 8 7 2 7 5 4 5 5 6 9 8 10 0 0 4 6 4 6 0 2 1 8 2 2 1 7 5 0 4 5 6 0 9 6 10 0 1 7 3 0 3 6 2 1 9 1 10 5 6 2 8 5 10 6 6 3 7 0 5 5 0 1 1 1 7 3 7 1 4 1 9 9 9 5 10 7 2 5 0 6 3 3 0 1 9 0 3 8 9 4 8 2 0 0 1 3 3 2 1 4 3 0 6 4 5 0 8 9 8 3 8 1 6 7 7 5 0 1 1 6 5 5
0 3 2 7 1 0 2 0 4 8 3 2 10 9 4 2 7 2 8 7 9 8 1 10 8 2 7 8 1 10 3 10 6 6 0 10 6 3 7 3 6 2 4 3 10 2 0 0 4 1 2 7 8 10 10 2 4 4 8 10 7 3 10 4 8 0 2 6 10 7 5 5 4 4 8 0 10 6 3 6 10 2 8 7 0 10 4 6 5 0 5 4 1 4 5 6 0 9 2 4 1 8 4 2 8 4 1 8 7 10 8 3 2 5 4 9 6 7 10 0 6 5 0 8 7 1 10 10 2 1 8 6 3 1 6 7 0 1 8 8 2 4 10 9 1 10 5 8 8 4
4 7 7 10 1 0 10 2 10 10 2 9 2 7 3 0 7 9 10 0 4 5 8 1 4 10 10 1 9 2 5 2 4 6 4 5 4 0 0 1 8 7 4 9 10 6 4 4 9 8 1 0 0 0 0 1 8 4 6 2 5 5 2 0 8 6 7 10 2 2 8 0 5 1 5 2 4 9 6 8 4 0 2 8 7 9 4 5 10 2 4 7 2 6 6 1 0 8 5 7 9 0 9 6 5 7 10 6 4 4 10 9 10 6 9 10 2 2 2 4 1 3 10 7 1 3 8 3 0 6 2 7 8 2 2 8 6 3 7 2 2 6 9 4 9 0 4 6 1 3
1 0 1 7 1 2 1 3 5 4 6 9 9 2 8 2 0 7 9 5 9 6 10 2 2 10 0 9 0 7 3 4 1 6 5 0 4 6 6 8 9 2 10 5 3 0 4 6 9 4 4 0 8 2 0 7 8 5 6 6 9 9 0 9 2 4 9 10 8 7 8 9 1 3 4 5 2 6 8 6 9 8 6 5 4 6 4 9 6 10 10 9 0 8 6 1 1 8 10 0 5 2 10 7 8 3 9 4 6 0 7 1 2 1 6 7 9 8 4 1 7 0 4 2 5 5 5 3 6 0 2 4 1 8 7 9 3 7 3 2 1 4 4 2 10 1 2 9 8 8
2 6 1 3 2 9 7 10 2 6 9 1 7 1 2 9 7 0 0 1 4 4 2 6 10 6 2 8 10 7 5 10 7 4 0 7 5 10 5 6 9 0 2 5 0 0 9 0 7 6 8 2 1 6 5 5 10 1 10 7 9 8 7 10 9 10 1 1 4 4 3 1 4 2 10 2 8 7 7 0 2 5 7 2 9 5 4 2 6 1 1 6 4 2 10 8 0 5 9 0 8 6 6 10 8 5 1 10 6 1 4 4 5 0 5 8 3 10 8 0 0 9 10 7 3 7 7 8 9 7 1 10 9 10 5 10 2 2 3 4 8 1 3 1 3 6 0 8 0 3
2 3 2 7 9 0 5 9 5 3 2 4 10 2 7 7 10 7 7 1 1 8 10 5 6 8 2 0 2 3 7 9 3 10 3 8 10 5 9 0 2 3 10 9 4 4 2 5 2 10 2 2 9 6 4 9 5 9 8 1 1 4 9 8 7 0 6 4 3 10 5 10 6 8 6 7 10 6 7 2 3 5 4 3 0 10 3 10 10 1 7 3 1 6 0 5 8 3 6 9 8 1 8 5 8 8 6 9 10 4 10 6 9 9 7 5 3 4 8 0 6 4 7 3 2 4 6 2 7 4 3 6 8 4 8 2 4 0 9 1 8 5 8 4 3 5 1 8 10 2
4 6 1 9 7 1 7 3 8 5 1 7 6 0 7 7 9 1 4 5 3 9 6 3 4 2 10 2 10 9 8 8 5 6 6 5 5 5 2 3 6 3 1 6 10 7 4 8 4 8 10 1 5 7 7 6 3 3 9 3 10 9 3 9 2 9 1 0 10 0 7 8 7 1 6 0 7 1 9 6 4 8 3 6 10 6 2 3 3 8 7 6 7 2 6 9 2 7 10 9 3 1 5 5 9 5 10 2 2 8 10 9 2 6 8 6 6 8 10 8 10 4 9 10 5 9 6 4 7 9 4 5 3 1 0 9 7 0 9 10 8 1 3 1 1 10 2 6 3 0
6 5 7 7 3 3 7 7 5 5 1 7 7 1 0 5 1 10 10 2 0 2 6 4 7 3 2 0 3 8 0 4 6 1 2 9 4 5 3 9 5 5 7 4 8 5 1 5 0 8 10 3 4 0 2 2 4 0 6 0 7 3 2 4 3 8 7 2 7 2 1 0 5 8 1 7 2 3 6 4 0 6 4 7 1 10 4 9 4 4 1 4 2 2 3 5 1 8 10 4 2 0 8 2 7 9 7 4 4 10 2 7 3 8 0 5 7 7 8 7 8 6 9 10 7 10 8 3 0 5 5 7 4 1 0 2 6 2 8 9 10 8 9 2 9 3 1 6 10 0
10 0 2 4 2 2 2 5 9 0 7 7 10 8 10 8 1 5 7 2 10 6 10 1 9 1 6 0 10 9 3 4 0 6 0 3 4 2 2 8 8 8 6 0 1 4 8 9 6 8 0 4 1 10 2 1 3 4 10 10 7 1 9 2 2 4 10 7 2 4 10 0 1 4 9 9 9 9 10 9 4 2 10 6 10 2 9 2 10 2 6 9 10 8 2 9 7 1 9 2 6 1 6 8 9 5 6 2 7 5 3 3 1 0 6 9 4 8 8 5 9 9 6 0 1 9 10 10 8 8 6 9 3 3 9 2 7 3 3 6 3 1 3 5 0 4 6 2 7 8
7 1 7 2 10 4 2 6 7 4 8 2 1 5 1 5 8 2 1 10 5 9 1 6 3 9 9 10 4 6 6 4 5 10 4 9 3 2 2 7 1 2 0 9 1 9 7 9 7 9 3 3 9 5 7 2 8 1 9 7 4 2 7 2 8 5 6 7 1 6 10 10 2 10 8 1 4 10 6 5 3 4 8 0 3 1 4 3 4 1 5 0 8 3 4 10 7 5 5 9 4 2 8 1 6 10 9 0 1 7 4 7 8 1 4 0 8 0 3 7 8 10 2 4 9 3 9 7 5 4 9 4 6 0 7 7 5 4 3 0 6 10 4 8 5 9 0 1 8 0
9 6 4 9 4 2 9 6 4 4 6 1 2 9 2 10 5 8 5 9 6 0 2 0 6 2 7 10 1 9 9 9 1 6 0 3 5 5 3 7 3 7 6 2 0 7 3 0 5 2 6 7 2 1 0 4 2 3 3 5 7 7 4 1 10 4 8 10 6 7 0 9 0 2 1 9 10 3 5 4 0 7 7 0 4 0 4 7 1 1 7 0 8 0 8 3 9 7 7 8 9 6 7 7 5 2 2 1 2 0 4 8 10 5 7 2 7 1 6 5 2 9 2 1 9 2 2 1 10 8 3 8 9 10 2 2 5 10 8 9 2 10 5 2 0 0 3 2 7 4
1 8 4 7 4 10 0 10 4 3 7 2 1 9 6 2 5 2 9 0 8 1 10 5 1 5 0 7 7 2 1 5 2 7 8 9 4 4 10 0 3 9 5 1 6 5 0 5 4 4 10 0 9 8 1 1 7 7 4 3 0 5 10 2 2 1 5 0 1 9 7 8 0 8 8 5 7 6 6 7 8 8 3 9 5 2 3 3 4 5 3 6 4 0 4 6 8 10 2 2 0 7 10 3 3 4 3 6 10 3 1 5 2 6 3 8 8 4 10 1 0 0 2 4 10 6 6 0 3 8 1 7 5 9 6 8 6 3 10 0 5 5 5 7 5 5 3 4 1 1
7 4 8 5 7 5 3 3 3 7 5 0 7 1 7 1 9 9 0 0 2 0 9 10 9 7 9 0 7 0 4 1 1 7 1 2 10 10 6 4 3 7 2 4 3 8 4 6 3 1 3 1 8 5 10 10 8 4 8 6 6 1 0 10 4 10 7 6 2 5 9 1 10 5 4 2 10 8 4 3 3 10 5 6 4 0 8 1 9 6 5 10 5 3 9 3 5 1 10 7 3 9 2 2 1 10 2 10 3 10 3 0 0 8 0 0 0 9 4 3 1 4 9 2 3 9 0 0 2 7 2 10 6 6 5 10 1 9 0 0 6 9 3 8 10 6 9 8 10 9
3 6 2 4 7 9 8 6 2 6 10 4 2 10 7 6 10 10 4 3 1 0 8 2 6 7 2 0 7 2 10 5 8 9 4 7 7 9 7 3 4 10 5 8 1 0 4 1 2 1 8 7 0 3 0 2 2 3 10 4 4 4 3 0 4 2 9 0 3 5 10 0 10 10 9 2 4 4 4 3 3 4 5 4 7 10 10 5 3 0 5 5 4 6 4 4 4 1 0 7 2 0 4 10 6 2 8 6 6 2 10 4 4 5 8 6 4 9 5 2 7 1 7 6 4 2 6 3 9 3 8 3 2 5 0 9 0 7 2 3 4 0 7 10 1 7 2 4 10 3
3 4 6 5 10 0 3 10 3 2 0 9 3 1 2 9 4 4 10 1 7 4 6 0 9 1 2 3 7 8 10 4 4 10 7 2 0 8 9 7 4 5 0 4 9 1 10 6 0 4 8 2 7 5 0 6 3 6 6 4 0 5 5 10 1 1 4 8 9 3 3 9 2 0 9 3 0 0 8 6 5 2 0 4 2 10 5 2 7 7 4 2 6 10 2 4 10 2 10 1 3 1 6 4 9 7 4 3 0 8 1 10 7 0 2 6 10 3 7 3 8 4 2 4 9 8 1 6 5 8 1 7 3 10 6 10 1 0 6 1 9 2 2 4 10 7 9 8 5 7
0 0 0 9 0 4 9 0 10 8 0 5 5 9 6 2 9 6 1 10 6 2 7 3 10 6 5 3 6 10 2 4 3 9 2 1 5 4 1 8 10 4 1 4 9 4 4 5 5 7 6 5 9 8 4 8 5 2 7 3 2 5 2 8 2 5 5 1 3 2 4 9 5 3 0 10 6 3 1 6 0 9 3 1 6 1 8 3 7 1 6 2 10 7 8 10 8 0 10 3 8 7 3 4 10 4 1 0 8 4 2 1 5 1 6 9 8 1 1 2 8 9 7 2 9 3 6 0 9 8 10 4 8 3 4 4 0 5 0 0 0 10 5 7 6 1 9 8 3 0
2 7 3 5 8 9 7 10 2 3 1 0 7 8 10 9 3 7 4 6 8 10 8 10 3 10 4 4 10 0 8 10 5 8 0 1 4 2 10 10 0 2 5 4 8 6 2 2 4 9 1 7 6 7 1 8 4 2 9 6 6 8 1 9 1 4 7 0 4 3 7 4 3 4 3 9 2 2 6 8 6 0 6 6 6 5 9 1 6 8 0 4 1 7 1 0 2 10 10 4 4 5 0 7 5 7 6 4 3 5 10 4 4 9 1 2 10 3 10 6 5 6 9 0 9 7 7 3 8 0 10 5 4 7 2 0 4 8 10 3 7 9 8 4 5 0 2 5 10 2
7 1 2 5 2 2 3 4 10 8 4 3 4 8 9 2 8 6 0 1 7 5 10 10 9 5 0 0 8 8 4 8 4 5 7 8 9 3 6 0 0 2 5 2 6 10 6 8 8 3 8 2 5 1 5 9 6 9 2 3 3 0 9 4 6 10 4 7 6 4 1 5 2 7 6 0 1 7 7 5 1 7 0 4 2 7 0 3 8 3 10 8 0 9 10 6 10 1 3 3 3 0 10 2 8 6 3 4 6 7 1 8 7 10 6 3 6 10 5 8 3 1 5 3 6 5 3 8 8 9 10 8 1 7 8 8 5 10 7 6 9 6 3 7 4 10 1 4 5 6
5 10 6 6 9 6 0 5 10 9 5 9 10 2 4 4 9 4 4 10 5 9 7 5 4 9 4 9 6 1 4 7 1 2 0 3 8 6 8 4 6 5 3 6 2 7 3 3 4 5 0 0 0 3 8 1 6 5 9 7 7 2 4 8 7 5 5 1 4 1 10 6 5 10 8 10 2 3 4 2 4 7 6 10 6 4 1 7 3 9 1 5 0 8 1 8 1 3 4 10 0 10 8 8 10 3 4 0 1 9 8 4 0 8 9 4 3 3 9 3 1 8 9 0 7 7 8 8 0 2 5 7 5 6 5 2 6 8 2 6 5 0 10 3 10 3 9 1 2 7
8 9 5 1 3 7 3 4 1 10 8 4 3 5 4 4 1 8 7 8 4 5 9 9 8 1 0 6 10 4 2 0 2 0 10 7 7 1 3 10 3 10 7 0 2 6 9 3 1 5 6 10 4 4 2 9 5 9 2 5 2 8 0 0 0 4 6 9 6 9 3 5 6 1 6 4 2 2 7 0 9 3 1 3 1 6 10 7 9 4 2 2 6 10 5 8 5 3 3 4 7 10 4 10 2 4 7 1 0 9 1 0 4 8 5 1 7 1 10 1 5 2 7 5 3 1 1 7 6 2 2 0 6 8 6 2 10 1 2 8 7 4 10 8 1 1 6 7 4 7
4 7 0 5 4 3 1 6 5 0 8 1 10 10 5 9 5 0 10 8 7 7 1 8 9 9 6 6 10 5 2 2 4 7 2 7 9 10 4 9 10 0 1 4 8 2 2 0 4 0 6 9 9 10 0 5 7 9 8 3 1 5 8 2 1 9 4 6 7 3 7 0 3 6 6 6 10 0 5 0 9 2 4 4 4 8 9 7 0 9 4 8 10 5 10 6 8 9 0 2 4 10 0 6 8 9 4 3 0 0 5 6 1 1 8 5 8 0 10 7 6 8 0 5 5 4 1 3 1 8 2 10 0 1 4 3 8 9 0 10 9 1 1 2 4 3 7 5 0 7
5 2 7 7 10 9 10 2 2 0 6 6 9 6 6 8 1 6 6 5 6 7 3 8 7 1 1 0 10 5 10 5 0 10 7 4 10 3 10 0 10 3 3 4 5 5 10 7 4 9 5 1 4 5 8 9 9 0 10 7 5 3 1 10 2 0 8 8 1 3 4 8 9 9 1 10 10 8 5 0 9 3 7 1 10 9 7 5 2 3 5 3 5 1 10 4 3 8 0 3 4 6 2 1 8 9 2 1 2 7 7 1 6 10 4 2 0 6 7 4 0 5 6 10 9 10 4 5 2 4 2 5 1 1 8 6 4 0 4 4 10 10 7 10 1 10 1 4 6 8
9 2 2 4 3 3 7 5 9 9 2 1 1 2 9 8 10 3 10 4 7 10 7 5 2 10 8 4 1 2 5 6 6 2 1 1 5 0 5 2 0 7 4 2 5 3 0 5 7 9 9 0 3 4 0 3 8 9 2 4 9 7 5 0 3 10 9 9 9 6 4 3 5 0 8 3 3 3 10 6 1 2 0 5 3 8 10 3 1 7 3 6 0 5 3 6 1 3 1 6 2 5 4 1 8 4 1 3 9 9 6 4 10 2 10 7 7 1 3 2 1 9 4 6 3 4 7 3 2 2 10 5 3 8 10 3 1 8 1 6 7 10 1 3 9 0 7 3 8 4
5 9 7 2 5 6 5 3 4 1 8 0 6 2 3 6 3 7 4 1 7 9 1 0 1 2 7 4 6 2 7 3 3 1 2 9 10 8 10 3 6 3 0 9 2 1 6 0 0 2 9 8 5 9 0 2 0 8 8 0 5 3 8 10 10 8 3 3 7 7 6 7 9 5 9 0 2 10 0 10 6 5 1 3 2 9 5 1 1 4 3 7 2 0 1 1 8 10 4 2 9 0 8 0 10 6 2 10 10 3 8 6 6 0 1 7 5 7 5 9 2 10 7 8 2 7 9 7 6 0 4 6 5 5 2 0 10 6 3 8 8 8 9 2 3 10 0 0 5 7
6 2 6 9 0 3 1 10 4 4 2 7 0 10 8 2 4 10 0 0 3 1 1 3 6 8 2 1 10 2 4 10 10 6 3 6 8 6 4 3 10 2 5 3 8 6 4 4 5 1 0 1 4 2 2 1 6 7 8 1 1 3 10 9 4 0 5 5 3 2 3 6 10 4 9 0 3 3 1 0 2 7 8 6 4 3 0 8 3 6 9 0 4 10 0 3 10 7 8 1 3 5 9 4 4 8 9 8 0 10 8 4 7 7 6 0 9 1 6 6 7 5 2 4 5 9 5 3 1 8 8 1 9 1 6 4 10 4 10 10 3 1 7 8 4 5 9 6 3 3
3 8 0 7 8 9 6 5 10 0 6 5 1 4 10 7 6 2 6 10 6 1 5 10 6 3 0 7 3 6 7 7 10 4 3 2 5 9 7 1 8 10 10 10 9 6 7 10 9 7 0 3 1 8 3 4 4 8 4 2 3 2 5 8 4 3 5 5 6 7 7 2 10 4 4 4 3 9 3 5 5 4 6 8 3 8 1 6 0 3 0 5 10 2 5 0 8 2 8 3 6 7 8 8 7 0 3 2 8 3 5 0 1 8 1 5 6 3 6 10 2 6 9 7 3 10 5 0 10 5 3 5 2 2 5 7 0 1 4 6 6 4 5 5 4 3 0 3 10 6
5 4 5 10 9 8 3 10 7 9 3 9 3 6 0 8 3 4 4 1 3 5 6 8 9 9 5 10 5 0 6 1 3 7 6 3 0 10 5 10 3 3 10 6 0 0 3 7 9 10 3 5 9 6 6 7 4 0 4 10 2 4 0 0 5 10 7 7 10 5 7 6 1 4 1 1 5 9 1 8 10 8 7 10 7 6 2 0 1 7 1 1 9 0 6 2 2 5 5 10 2 2 7 7 5 5 2 1 8 5 7 6 5 3 2 1 0 6 10 6 8 3 5 0 3 6 10 7 8 4 4 5 1 7 4 0 5 4 2 7 0 9 0 1 3 6 5 10 6 6
4 5 1 0 2 2 2 3 9 1 6 2 10 3 10 10 3 3 2 0 4 4 5 2 8 0 8 5 1 9 3 6 7 1 10 9 9 5 8 0 7 10 4 2 4 2 1 10 6 3 9 3 9 9 0 9 7 1 0 5 10 6 3 5 1 7 4 0 6 3 9 2 9 2 7 0 0 9 3 9 2 6 10 7 7 8 0 9 4 2 3 2 2 6 9 6 9 6 10 3 6 6 9 5 10 0 9 1 1 8 1 9 3 4 10 0 0 6 9 8 8 10 6 5 10 8 2 10 1 3 10 2 4 9 5 2 4 8 0 3 3 10 4 6 7 4 2 1 8 9
10 6 2 6 7 6 4 3 1 10 10 3 10 6 3 9 0 1 3 4 9 6 10 10 5 1 0 8 8 5 5 6 8 4 5 3 5 2 5 2 10 7 4 7 10 10 2 0 9 5 3 2 5 6 9 1 8 1 5 10 1 1 7 4 10 4 6 2 2 9 6 7 10 5 1 9 3 10 2 6 9 3 0 7 4 4 2 8 1 5 0 2 4 7 5 1 6 6 6 5 2 8 0 3 7 6 3 3 2 9 4 8 4 6 2 1 8 6 6 1 7 7 2 8 8 7 2 8 10 0 6 0 1 1 7 1 0 6 6 3 10 9 2 1 5 8 5 5 6 10
7 10 1 4 8 3 1 1 1 7 8 2 0 4 3 10 1 4 2 4 6 1 4 6 3 6 9 0 7 9 9 9 5 0 6 2 6 2 8 4 5 1 8 6 2 0 6 6 1 7 7 5 1 4 2 2 0 5 7 8 7 2 9 5 0 8 2 3 6 10 1 4 6 7 4 6 0 0 3 0 0 0 6 3 1 10 3 6 4 7 2 0 2 7 3 1 1 7 9 2 9 3 2 0 9 2 9 2 7 10 4 6 1 8 0 6 0 9 4 8 2 6 5 4 10 4 8 8 2 5 10 1 2 5 10 10 3 4 9 10 0 1 6 4 7 4 7 10 8 3
10 7 7 6 5 9 7 6 10 9 4 4 0 7 3 7 3 1 3 6 5 4 4 7 5 8 7 7 10 10 1 6 6 7 5 9 4 5 8 5 5 10 7 0 3 7 6 3 10 9 6 7 10 1 7 3 9 8 0 4 2 6 1 6 8 1 9 8 8 5 6 6 1 10 8 9 10 7 1 3 8 0 10 2 4 7 0 3 5 0 2 4 9 0 10 10 1 8 5 9 10 5 9 1 10 4 10 6 6 4 2 10 10 4 9 8 0 2 5 0 8 5 2 6 4 2 7 3 3 5 2 9 9 1 3 6 8 7 5 0 5 5 1 3 7 9 9 8 0 3
0 3 6 2 1 2 10 2 0 2 7 0 10 6 7 6 8 4 6 9 10 9 1 5 6 6 4 9 4 5 8 4 4 1 4 8 5 10 10 9 8 7 4 0 1 8 3 4 2 5 2 1 10 2 0 5 6 4 3 7 7 9 7 3 2 1 5 9 2 5 6 0 8 3 2 4 0 8 9 2 8 6 4 1 7 7 7 10 3 10 8 1 1 4 5 8 6 2 5 0 8 10 10 2 3 6 6 1 9 2 3 1 5 7 5 7 2 7 1 5 6 4 3 9 7 8 4 8 3 10 2 8 1 7 0 1 7 5 1 8 10 8 0 6 7 9 5 9 0 3
5 3 10 7 10 10 9 9 8 9 4 10 8 0 3 4 8 4 5 7 5 9 6 7 3 7 5 10 8 5 9 1 10 7 5 7 2 5 10 5 5 8 8 6 7 7 3 9 9 5 2 1 8 4 8 3 1 1 5 10 8 3 10 7 4 2 3 3 1 2 9 3 7 8 8 0 6 8 8 7 2 1 6 1 7 7 0 4 9 7 5 1 8 3 5 0 1 10 1 4 9 10 3 4 5 4 7 4 9 3 9 7 9 7 5 3 4 4 5 5 10 10 2 8 4 1 8 3 9 1 5 5 0 4 1 0 7 7 4 2 6 4 5 3 7 10 8 10 7 7
5 1 4 0 1 9 7 0 2 10 10 8 7 8 8 0 10 3 4 0 1 5 10 9 7 2 6 9 9 8 3 10 7 3 3 10 5 2 4 3 10 4 7 4 4 7 5 6 5 1 2 10 9 7 2 6 9 4 5 10 3 0 9 4 3 2 10 0 0 8 1 5 0 3 9 3 5 8 1 10 0 3 10 9 9 8 3 8 9 5 9 0 2 6 6 1 6 4 6 3 5 3 10 4 5 1 10 7 6 8 0 3 2 7 0 0 5 8 9 6 5 1 7 9 8 6 8 4 3 1 9 0 7 3 8 10 2 7 6 0 7 10 4 1 2 3 7 4 1 3
0 6 4 6 5 7 6 1 3 10 6 9 1 1 9 8 5 0 0 6 7 3 7 10 6 9 7 1 5 5 10 5 2 6 5 1 8 8 2 10 3 8 7 1 6 6 3 6 2 0 5 9 7 0 0 5 3 0 8 5 3 8 6 4 4 4 9 0 6 9 2 3 7 7 8 10 0 2 4 10 8 7 9 3 8 1 2 1 0 6 4 5 9 1 2 1 10 0 3 0 4 0 5 10 1 2 10 0 1 10 8 8 1 9 7 3 9 7 0 4 7 3 7 5 0 5 4 9 0 8 4 10 5 9 10 2 2 0 9 10 2 9 2 8 1 6 9 4 0 6
7 5 2 5 6 1 9 9 1 4 8 3 0 6 9 3 4 7 6 9 10 2 9 1 4 8 7 1 7 1 2 8 4 10 8 6 4 4 4 9 4 2 10 1 3 5 2 6 5 3 7 8 10 5 6 4 8 9 0 6 1 9 8 2 8 6 10 4 9 0 7 8 1 10 2 7 7 2 7 2 5 0 0 5 0 1 3 0 3 9 10 9 8 6 6 9 2 6 10 4 9 1 7 10 1 9 10 9 4 1 5 4 6 9 7 0 6 4 1 10 2 9 10 6 2 8 8 9 9 2 9 5 10 5 7 7 8 5 2 6 1 2 6 3 3 9 10 10 9 4
3 2 10 4 10 1 1 3 1 5 4 8 6 0 2 4 1 0 9 5 10 10 4 5 10 1 3 8 3 5 5 6 0 10 2 8 7 4 6 10 10 1 10 10 10 7 2 4 10 0 5 4 2 3 5 3 2 3 3 7 9 1 3 9 9 10 1 2 3 9 4 8 1 0 5 8 6 3 9 1 4 9 6 7 1 9 7 5 6 2 4 8 8 5 1 6 5 4 7 10 2 2 0 1 2 1 9 2 7 4 6 9 4 5 1 2 8 8 6 10 0 2 6 2 1 10 9 9 8 4 8 6 7 5 6 0 10 4 3 2 9 0 6 7 2 3 4 7 0 5
9 1 6 5 10 0 9 3 2 8 9 5 0 6 2 8 5 10 1 8 9 2 8 6 8 9 8 5 8 7 10 9 5 2 2 0 4 1 0 5 6 2 8 3 0 5 9 0 3 2 5 6 1 4 4 10 1 5 3 7 3 3 6 9 7 10 6 10 2 10 3 5 7 5 2 3 5 2 5 4 6 8 6 3 10 2 1 5 8 4 7 4 3 8 7 8 10 0 4 0 7 8 6 7 9 0 9 9 4 4 7 10 8 0 2 6 4 0 1 7 7 9 9 7 6 10 2 8 4 3 3 0 8 3 9 1 9 10 7 8 10 4 0 8 3 7 6 7 4 0
9 7 2 5 0 1 10 9 2 4 10 4 0 9 6 8 6 0 10 3 8 4 9 2 2 9 5 9 8 1 1 9 3 10 3 0 5 7 7 6 1 0 2 5 4 10 1 10 4 2 1 4 4 1 1 7 3 1 9 1 6 9 3 3 9 8 3 0 7 0 9 8 6 3 2 5 9 5 4 5 5 3 3 6 9 5 9 7 1 10 8 2 3 4 8 5 1 5 4 3 1 2 10 0 4 7 4 2 7 2 1 2 4 8 5 2 4 4 4 5 6 0 10 2 3 10 6 5 8 8 4 9 10 8 5 3 10 1 3 3 6 10 9 4 6 6 9 4 1 7
6 8 2 6 8 1 3 4 5 7 2 0 0 9 2 7 7 1 8 7 10 6 2 5 9 3 4 7 3 8 5 4 4 4 0 0 8 7 10 6 5 9 7 9 1 0 5 3 6 9 0 0 9 5 3 4 6 4 0 5 0 8 7 0 7 5 9 6 1 6 6 0 2 8 10 5 5 10 3 6 4 8 1 8 0 8 10 6 4 8 5 0 2 5 6 2 9 1 4 2 6 3 7 1 7 7 8 5 9 0 1 6 0 7 5 10 2 10 2 3 8 0 9 9 10 0 0 1 3 7 0 2 4 1 7 1 2 8 0 8 5 4 7 0 4 3 3 3 6 10
2 4 9 0 10 1 9 6 6 3 7 7 5 7 7 6 5 3 10 3 8 3 1 5 3 5 0 7 1 3 2 10 6 2 10 5 0 0 10 1 10 4 4 9 8 0 0 0 8 10 10 6 2 8 1 5 6 7 8 8 2 6 6 3 7 8 0 2 6 10 3 2 8 8 7 8 8 10 3 1 8 0 1 7 9 2 8 8 1 10 9 6 1 10 1 6 6 1 0 0 9 3 5 7 3 2 3 9 6 8 6 0 9 0 5 2 5 5 8 6 6 2 3 2 2 1 4 5 1 6 9 10 4 3 1 10 7 2 3 4 3 0 6 8 4 8 10 9 1 3
4 4 5 4 10 6 2 9 8 1 10 8 7 0 3 8 3 4 8 1 6 0 3 10 1 9 10 3 2 2 8 2 10 7 8 5 1 3 3 4 0 8 2 8 0 5 0 5 4 6 2 2 6 7 10 10 8 5 9 7 8 1 7 3 2 8 10 9 4 8 6 8 0 4 3 10 6 8 7 5 1 8 8 2 4 5 0 3 3 8 1 4 9 6 2 5 0 5 7 4 8 5 8 0 10 10 3 1 6 8 3 10 1 9 4 7 8 9 7 9 1 8 1 10 1 3 8 7 10 5 3 0 6 4 0 1 3 1 2 1 1 1 6 6 2 5 10 1 4 4
7 7 7 5 8 0 0 8 10 3 5 10 7 4 10 4 5 4 5 10 10 10 9 4 0 7 8 6 6 8 4 0 3 1 2 7 8 8 6 1 5 0 9 0 10 10 0 1 3 4 8 10 6 5 8 4 2 1 3 10 10 9 0 7 9 3 4 1 7 7 0 5 2 4 10 5 0 10 8 10 6 0 5 3 9 6 3 10 2 6 4 6 5 7 4 7 1 10 3 10 0 7 10 7 1 9 4 5 0 3 1 1 8 0 4 3 10 8 1 0 7 9 2 2 0 10 6 7 4 9 3 0 10 10 9 1 9 6 6 5 9 8 3 8 10 6 5 0 10 10
7 4 6 4 4 2 6 1 10 2 4 4 2 5 6 3 8 2 1 6 9 6 0 2 1 7 0 1 10 3 10 10 3 4 4 8 10 10 8 10 10 7 2 7 7 10 2 6 3 2 10 1 2 0 7 5 0 7 3 6 5 4 8 4 7 4 7 7 0 8 5 4 8 9 0 3 4 5 4 0 7 7 5 4 0 7 9 8 2 9 3 2 6 0 7 6 9 4 4 0 10 2 1 5 8 0 4 7 7 8 2 10 0 3 4 2 8 9 1 9 5 3 2 7 1 0 0 10 0 2 2 9 4 7 7 4 3 6 9 1 7 0 3 5 5 9 6 0 1 3
1 0 5 9 5 10 3 5 9 0 1 2 7 8 8 7 3 10 8 6 2 4 1 1 2 10 2 0 9 8 4 4 0 3 1 0 7 0 3 2 7 7 6 4 1 1 8 4 10 5 8 3 4 5 7 9 9 6 5 6 7 3 3 8 3 3 4 10 4 2 10 8 10 5 4 0 5 9 1 10 5 2 3 4 0 6 10 0 7 4 2 3 2 9 6 10 6 2 8 5 3 6 6 5 6 5 6 6 0 3 9 0 7 5 9 6 3 8 4 10 7 0 8 3 7 8 6 6 0 4 9 3 2 2 3 1 2 5 1 3 8 10 10 9 4 6 2 9 2 6
10 1 3 8 10 8 4 3 1 0 1 10 8 0 10 9 6 2 3 3 8 5 6 0 10 9 5 8 0 4 2 10 0 8 9 0 0 4 6 10 2 6 7 10 1 7 3 5 2 3 4 10 5 2 8 10 9 6 6 0 4 3 3 4 8 1 5 6 8 3 6 2 1 5 2 0 5 7 0 4 5 8 6 9 6 7 1 4 7 2 9 10 1 2 7 2 8 0 1 1 0 1 3 1 7 7 4 1 5 1 10 9 0 10 2 7 8 3 8 9 7 4 2 0 4 5 3 10 6 10 9 0 2 4 2 10 1 0 7 9 5 10 3 2 8 0 9 10 10 7
3 10 4 6 8 2 6 0 8 7 6 4 8 7 9 3 6 6 6 2 7 3 8 6 9 6 7 4 8 3 5 8 0 9 0 2 2 3 4 0 7 1 3 3 7 6 5 0 6 5 3 6 6 10 2 2 5 6 9 6 2 9 2 2 2 8 1 0 7 3 10 10 10 10 8 1 8 6 7 9 1 7 0 7 4 3 7 1 3 9 10 2 1 7 6 5 0 4 5 3 1 3 5 7 4 4 10 1 0 2 2 5 3 3 3 6 2 5 1 5 6 8 4 9 6 4 10 6 2 9 8 5 8 8 9 6 0 6 1 3 4 7 10 10 4 1 4 5 2 2
7 10 5 4 5 5 9 4 10 8 8 1 2 1 10 0 3 0 8 9 2 2 0 2 2 5 0 7 6 10 9 5 10 5 6 3 5 8 3 9 0 6 8 10 2 8 5 1 1 8 9 0 5 8 0 10 4 6 5 4 8 4 2 4 4 3 4 2 5 2 5 0 0 8 8 8 7 10 2 9 1 6 9 8 1 1 8 7 4 4 9 0 4 6 3 2 5 8 10 9 5 9 4 10 9 6 7 8 5 6 2 5 4 3 8 9 5 0 8 0 2 0 2 9 8 0 1 5 4 6 9 4 5 4 3 3 8 2 4 9 4 3 2 7 8 1 0 2 8 7
9 0 6 3 8 2 1 9 3 9 1 9 6 1 7 4 2 1 5 3 0 4 6 3 8 2 6 0 10 7 7 2 1 9 8 2 9 0 7 8 10 2 7 1 6 0 5 2 10 8 2 10 7 0 5 7 2 9 6 7 5 10 8 7 0 4 6 0 5 9 1 6 6 7 3 2 0 3 8 6 5 3 8 4 3 3 8 0 9 0 3 1 9 0 5 9 3 5 1 6 1 7 0 2 3 5 0 1 0 3 6 6 3 3 1 7 0 3 1 5 8 0 9 7 4 6 3 0 8 5 1 6 7 3 7 3 0 6 2 4 5 6 4 6 1 3 1 8 7 2
5 2 7 3 7 5 5 10 1 3 2 6 6 2 2 1 2 1 5 5 3 6 3 9 4 6 6 7 0 2 3 4 5 0 7 5 5 10 3 5 3 10 0 10 1 4 10 9 3 3 1 3 3 8 0 9 0 5 3 5 5 1 1 9 4 2 8 6 0 7 1 8 8 0 3 5 5 2 3 0 4 5 6 1 9 9 5 10 7 1 8 7 8 5 2 2 4 3 0 2 7 2 10 2 10 9 7 8 6 8 1 6 1 6 4 9 6 3 5 4 7 0 6 10 5 3 7 6 1 2 8 1 7 1 0 2 2 9 0 0 7 7 8 10 6 2 10 3 0 5
7 1 7 0 3 0 7 5 10 1 1 3 4 5 4 4 2 1 0 9 1 0 4 10 6 4 9 5 0 0 3 2 9 6 4 5 6 2 4 7 8 5 8 2 6 9 2 6 6 8 6 10 5 3 7 4 4 7 1 4 4 8 6 2 4 3 7 4 8 6 8 1 6 4 5 5 9 5 7 6 4 7 9 5 2 5 10 2 5 8 7 9 4 0 3 9 3 0 9 4 7 4 7 10 2 9 10 4 8 3 7 0 6 0 7 2 1 2 2 7 2 8 9 1 8 10 0 10 0 6 6 5 10 7 7 2 0 8 9 4 0 10 2 3 1 6 9 9 5 4
3 1 3 1 8 9 6 4 7 5 0 4 8 4 7 0 6 0 2 7 1 5 10 8 7 6 8 9 3 5 0 8 10 3 3 1 8 7 4 3 9 2 7 5 6 8 2 0 2 7 4 5 10 3 9 0 0 2 2 8 3 8 0 10 0 5 7 10 8 5 5 1 6 6 8 10 4 2 10 6 2 7 10 7 3 3 8 2 9 0 9 3 9 8 7 9 7 3 4 4 0 9 8 9 4 5 2 2 10 10 5 3 6 1 3 4 9 6 3 8 1 0 10 1 7 3 9 4 5 1 7 10 5 0 0 8 5 0 6 3 4 10 4 10 5 7 3 5 2 10
9 7 6 6 9 9 9 8 0 1 5 0 10 5 8 3 5 10 5 10 3 0 5 3 9 6 8 7 10 2 10 7 1 8 3 7 2 9 4 2 6 1 3 5 0 0 10 5 1 10 1 2 10 6 1 1 4 5 9 9 10 1 3 3 0 4 3 7 9 6 4 8 7 5 10 2 1 9 5 3 8 6 2 4 0 7 3 2 8 0 10 1 7 2 0 5 1 7 9 5 7 5 5 7 3 2 6 2 4 6 0 2 5 5 10 9 1 6 9 7 6 10 8 0 9 5 9 3 9 6 1 0 9 8 7 4 3 3 10 5 8 4 2 9 5 0 2 10 0 4
1 9 5 6 6 9 2 9 8 0 4 1 9 5 7 6 8 1 10 5 10 4 4 2 4 0 8 0 7 1 6 7 7 5 6 8 9 4 8 5 4 3 4 4 4 4 7 6 4 10 1 7 7 4 6 3 0 10 6 3 5 5 1 6 8 6 8 10 4 6 6 9 9 0 8 1 2 3 8 0 2 9 4 7 2 10 10 10 5 7 5 3 5 8 2 2 7 3 6 8 10 6 9 7 4 4 6 5 4 8 8 9 9 9 6 8 5 0 4 9 8 7 10 1 2 8 8 9 3 3 9 0 5 0 9 0 9 5 7 7 3 1 3 1 2 2 9 7 2 2
2 8 9 4 8 6 10 0 6 3 6 9 10 2 2 4 10 6 4 5 3 1 6 2 7 3 10 9 2 1 4 2 6 10 5 1 7 1 4 4 5 0 1 1 5 6 2 0 3 5 6 10 9 2 9 2 9 5 6 3 6 5 9 4 0 2 6 9 6 2 5 1 4 3 4 5 10 10 8 7 2 7 1 2 1 7 6 4 9 0 5 10 2 1 5 0 9 6 7 6 6 7 9 4 4 9 1 8 7 3 5 1 3 1 3 5 10 8 10 1 7 6 10 5 2 5 9 8 8 1 10 0 4 5 4 4 6 8 3 6 9 2 9 5 5 4 0 5 8 9
7 6 3 5 6 2 6 8 8 9 8 2 2 1 1 0 7 0 2 2 2 9 6 10 5 1 3 10 7 8 6 0 3 9 10 8 9 2 3 4 4 7 2 3 10 1 10 8 4 9 3 7 4 3 1 2 5 7 7 9 8 9 2 1 7 5 3 9 9 9 6 3 1 9 10 5 6 8 10 6 8 0 4 9 9 9 10 6 5 5 5 2 3 5 8 1 7 2 9 8 6 6 6 5 9 5 0 9 8 5 5 9 3 0 6 3 8 0 2 9 0 0 3 5 1 1 8 5 6 5 6 6 9 4 7 10 3 10 6 6 4 4 7 0 4 10 10 3 3 3
2 6 4 6 2 10 3 7 8 4 8 2 9 7 10 5 3 6 9 0 1 4 10 7 6 0 9 10 9 7 3 10 2 1 0 7 8 10 4 4 3 9 7 7 10 2 7 5 10 10 0 0 0 7 0 0 2 8 2 1 4 10 3 0 4 0 10 0 0 8 6 4 2 6 10 1 5 3 9 6 9 2 9 7 2 5 3 3 5 0 0 7 5 10 10 1 10 6 7 1 6 7 8 10 3 7 8 5 4 3 7 7 8 6 3 4 3 4 5 7 7 10 3 3 7 3 2 7 7 9 6 5 10 1 9 4 9 6 2 8 5 1 0 10 6 7 1 1 5 3
6 4 4 6 1 2 9 3 3 9 8 6 1 8 10 9 3 3 3 0 3 0 9 2 2 8 5 8 5 6 8 2 6 9 0 2 1 3 1 10 8 2 1 4 5 10 9 0 10 2 6 3 4 0 7 7 5 8 7 2 8 2 3 5 10 7 9 1 9 3 3 2 5 2 8 7 4 5 10 5 8 5 3 3 6 10 7 5 4 4 3 1 4 8 8 8 2 10 4 1 10 9 4 6 6 6 8 2 9 10 4 5 2 5 0 6 1 4 8 3 0 10 9 2 1 0 9 6 0 3 7 5 8 6 8 2 9 2 8 4 9 6 9 10 2 10 5 10 8 3
3 6 7 6 10 1 3 9 4 4 10 7 4 4 9 2 10 5 0 7 3 4 2 10 10 1 0 9 5 2 1 7 9 9 8 0 4 5 4 8 10 7 5 1 3 0 1 4 5 10 4 6 4 3 1 10 3 7 9 7 4 10 6 2 3 8 0 7 5 2 9 3 5 2 1 4 2 3 6 5 5 3 4 3 8 1 2 7 9 2 3 3 0 10 5 3 2 9 5 3 6 4 7 0 9 4 1 0 3 3 7 8 2 5 5 7 4 7 1 4 0 3 0 8 10 2 1 1 4 7 4 5 8 2 2 10 9 10 2 3 6 9 3 8 8 1 1 2 6 2
3 1 5 3 9 7 1 10 2 4 5 2 10 7 2 6 9 8 0 6 8 4 5 6 10 7 6 8 8 4 1 8 2 1 6 1 2 8 7 7 7 1 3 5 1 1 1 6 2 5 7 6 3 3 7 3 3 10 7 1 1 0 2 5 1 4 0 6 7 6 0 0 4 3 9 8 8 4 7 0 5 4 3 6 6 2 6 8 6 5 0 0 6 6 9 3 1 6 1 10 5 5 7 3 5 10 4 8 10 1 2 1 3 3 6 6 4 3 5 6 6 6 9 1 10 8 0 8 1 8 8 10 7 7 5 4 0 0 0 4 1 2 8 6 10 7 3 10 5 4
8 0 9 10 7 0 7 7 9 4 9 8 3 10 8 4 7 7 3 8 8 8 9 2 6 6 0 10 8 0 7 2 7 0 7 7 8 5 10 1 7 0 1 0 1 2 2 6 7 8 6 6 3 0 10 0 3 9 0 6 0 10 10 0 5 1 9 9 3 3 6 4 0 5 3 8 10 7 9 10 3 10 6 7 1 1 7 7 6 8 9 3 7 8 0 3 5 0 6 0 5 3 2 4 7 2 8 0 7 9 5 5 6 4 8 2 1 3 3 1 5 3 2 10 0 6 4 5 1 8 4 8 5 7 3 6 0 1 7 10 1 7 8 2 1 6 3 4 3 6
9 1 8 6 1 7 8 0 8 3 4 7 1 9 5 9 3 8 10 0 4 1 0 0 0 7 6 9 3 9 3 8 3 4 4 4 7 6 2 7 3 8 6 1 1 6 8 4 10 2 2 10 8 6 10 8 5 8 6 7 10 5 0 7 0 2 4 0 10 1 2 9 7 8 6 3 7 5 8 9 5 0 4 8 4 2 0 10 7 2 3 7 7 4 8 6 10 8 7 9 5 3 2 1 6 0 3 5 9 5 7 2 4 6 3 4 10 1 5 6 3 1 5 0 9 5 4 4 1 6 0 8 0 6 9 6 5 10 8 6 4 5 9 8 1 9 6 1 0 2
3 4 0 1 3 6 8 5 7 9 7 3 4 8 9 9 10 1 0 2 0 7 2 2 0 9 2 9 2 5 7 5 5 0 1 4 5 7 3 6 1 1 2 10 8 4 9 6 9 5 9 5 6 5 4 8 4 8 3 2 3 8 3 8 1 3 3 5 9 8 3 2 8 10 1 10 2 9 7 6 4 3 5 6 9 9 4 9 2 9 3 8 0 4 8 9 0 5 0 6 5 7 8 0 3 9 7 7 2 8 3 4 3 0 2 0 1 4 9 10 1 2 8 1 7 3 1 9 7 1 3 0 6 6 4 7 7 5 10 9 5 0 7 4 4 6 4 7 0 2
0 34 3 99 84 59 70 44 78 74 12 77 56 43 4 15 87 35 19 33 65 77 99 59 1 94 90 44 1 63 74 46 90 72 83 77 16 69 49 14 34 90 75 9 12 77 29 18 10 52 27 25 39 56 93 84 46 82 29 61 32 46 83 59 26 59 75 26 74 95 62 82 62 34 47 93 89 26 85 59 38 40 74 55 72 89 21 22 79 45 18 79 26 86 10 8 38 48 50 3 44 37 55 23 60 82 97 10 76 8 97 65 71 43 49 54 56 32 7 28 28 69 36 11 67 26 62 74 83 52 42 84 37 30 11 86 57 41 19 81 55 72 57 48 88 66 5 48 31 81 49
34 0 1 20 13 15 23 95 6 60 86 38 13 36 97 100 68 95 99 92 30 61 23 76 42 93 72 51 99 89 36 9 95 26 34 85 59 29 95 10 31 53 53 86 74 74 77 52 72 7 25 5 69 56 57 67 21 2 39 8 65 60 28 23 54 12 81 61 15 87 73 50 62 54 77 19 79 39 43 99 27 85 98 8 12 66 50 62 93 97 28 90 78 33 36 52 45 14 63 84 85 81 40 38 58 51 87 28 78 6 84 2 76 39 3 20 91 5 32 52 100 89 37 74 46 100 81 26 22 66 9 43 55 69 46 82 66 79 71 81 63 61 11 23 84 69 46 4 49 29 52
3 1 0 23 66 24 19 88 1 64 55 21 39 52 36 36 31 5 80 88 26 1 90 12 5 50 5 84 40 4 2 56 82 31 13 34 79 94 79 51 10 42 56 69 81 30 30 36 21 68 11 73 49 80 18 27 46 85 59 58 95 17 74 90 28 78 15 48 52 99 21 45 38 56 40 2 27 19 100 16 27 83 9 34 70 94 53 19 89 86 87 27 91 18 82 24 12 65 23 50 20 31 95 83 44 88 79 8 75 57 100 46 26 46 94 20 22 24 78 65 9 42 51 16 97 64 65 40 50 99 100 60 16 8 33 86 65 24 61 97 25 49 89 74 4 56 75 41 79 34 3
99 20 23 0 15 2 37 77 16 34 24 17 3 60 67 61 70 70 53 37 17 27 34 41 25 19 70 71 46 100 86 35 82 88 56 35 69 50 72 80 70 14 25 53 77 4 62 39 59 5 15 26 82 5 68 83 24 55 43 83 7 47 19 89 61 100 44 42 91 44 52 18 37 87 71 10 43 50 80 63 57 93 78 33 47 77 80 13 23 57 24 24 24 18 31 11 33 53 89 49 86 23 63 24 37 56 70 56 82 69 30 44 62 77 80 96 60 64 84 44 90 59 41 37 99 36 80 46 6 16 73 35 32 70 68 56 67 41 52 55 41 70 64 9 42 84 88 79 71 23 71
84 13 66 15 0 76 77 76 73 69 88 5 76 6 21 10 33 17 59 48 64 65 23 75 38 42 43 48 59 31 37 64 17 35 90 4 84 6 90 48 20 90 69 8 4 7 2 39 83 100 52 27 95 100 100 8 100 72 43 89 93 83 63 19 21 97 53 48 39 40 16 62 53 69 61 93 70 10 84 93 45 59 63 55 87 80 49 35 76 100 93 50 61 29 31 44 87 41 71 99 10 42 67 53 8 32 70 49 39 36 22 14 75 79 11 51 5 19 49 98 59 49 55 48 57 64 47 9 13 32 66 70 27 70 62 49 12 34 37 84 19 14 69 72 52 63 56 37 33 94 36
59 15 24 2 76 0 99 15 76 96 2 75 87 38 57 26 26 68 58 81 19 95 32 42 32 50 14 93 63 69 93 30 58 87 46 4 49 95 29 77 1 52 85 53 79 26 78 83 85 7 37 69 69 23 38 93 53 29 38 30 93 44 56 71 39 40 61 5 50 79 93 29 96 92 1 12 53 15 60 63 18 43 90 76 65 95 13 68 76 99 89 81 10 58 23 77 51 35 56 57 39 20 38 72 66 89 70 45 73 39 74 57 81 23 22 89 80 1 80 19 51 44 44 97 65 8 14 63 1 58 48 99 72 82 4 29 83 67 13 85 76 65 22 67 9 71 53 73 39 73 50
70 23 19 37 77 99 0 1 17 67 21 81 39 59 59 6 42 25 69 16 19 99 1 24 2 2 34 26 97 88 79 1 82 74 59 94 41 24 83 78 7 77 1 90 50 89 32 69 94 77 42 9 42 79 5 53 39 10 32 95 41 53 2 55 20 94 53 2 6 91 3 88 1 4 45 63 67 81 40 26 95 94 44 40 97 51 56 29 34 50 68 76 44 17 36 49 75 37 59 75 54 57 76 68 65 19 28 60 54 64 24 58 92 36 80 94 60 51 54 93 28 26 48 76 90 4 25 53 31 83 92 17 29 36 90 4 19 19 48 81 13 65 5 45 65 84 51 22 77 35 41
44 95 88 77 76 15 1 0 11 100 65 48 9 35 26 78 3 57 31 98 31 73 27 4 45 9 38 66 22 51 12 79 65 83 49 67 94 38 47 49 99 99 56 75 50 1 88 73 72 1 40 85 52 46 28 82 98 37 42 98 3 37 24 51 58 93 79 67 65 27 2 54 52 53 42 16 5 84 57 96 49 19 61 58 59 17 26 81 83 83 80 11 66 63 70 72 28 95 44 69 25 14 38 56 37 43 13 49 32 57 62 46 90 96 22 42 75 98 83 4 88 94 12 44 6 38 13 10 12 27 77 11 59 28 73 75 55 66 31 37 1 74 50 22 29 52 84 36 15 73 33
78 6 1 16 73 76 17 11 0 88 92 60 96 22 25 26 82 76 33 93 81 92 45 71 20 48 72 66 96 84 93 44 72 74 93 11 55 20 48 43 68 27 11 66 24 64 46 57 2 48 59 8 100 62 32 100 91 12 59 66 30 29 21 6 22 65 8 85 75 11 33 57 22 18 81 47 31 97 10 91 47 54 56 92 39 48 100 72 5 77 1 97 79 54 45 85 12 29 37 100 64 80 37 52 46 7 45 68 85 25 63 99 23 4 86 62 11 43 30 98 42 36 38 60 35 50 33 82 74 34 95 74 57 47 45 66 35 23 91 2 97 12 11 39 85 99 10 48 74 76 46
74 60 64 34 69 96 67 100 88 0 4 77 30 76 13 24 10 69 41 67 13 89 7 57 4 9 7 64 64 91 24 97 42 68 57 70 39 48 30 28 97 58 45 64 93 72 94 93 91 96 67 80 50 20 4 95 11 14 73 62 86 90 61 47 99 20 4 59 99 99 37 16 1 69 34 28 86 55 66 25 6 94 98 21 83 49 8 29 89 60 95 11 29 7 76 75 57 21 95 10 43 36 68 14 26 97 87 56 82 90 96 90 100 34 73 81 12 62 87 43 32 2 70 96 75 64 66 18 40 43 74 81 18 55 35 98 41 29 70 60 14 57 74 97 69 7 83 69 20 88 68
12 86 55 24 88 2 21 65 92 4 0 14 6 40 78 64 90 13 93 81 35 100 40 21 93 55 31 26 60 14 61 66 82 39 19 10 20 11 18 6 68 88 21 47 14 88 96 74 24 5 64 40 46 57 81 39 71 90 4 53 53 28 13 10 28 78 10 66 19 16 87 73 44 34 98 74 68 84 84 90 51 37 46 50 88 73 7 98 3 76 5 45 49 8 68 93 35 53 60 1 26 39 25 58 34 4 92 66 36 60 22 47 36 8 88 7 41 62 52 75 26 50 86 91 84 80 91 95 95 2 67 1 97 57 89 75 36 21 10 15 63 94 2 28 90 98 100 61 74 74 11
77 38 21 17 5 75 81 48 60 77 14 0 61 12 68 40 3 51 81 92 46 69 97 76 91 91 60 19 5 28 84 33 8 12 57 79 36 91 70 94 77 81 13 96 68 94 3 43 83 47 67 86 55 51 97 52 75 83 85 19 57 100 28 51 80 33 18 93 58 13 30 11 61 29 77 56 6 68 73 5 87 34 80 58 74 89 4 91 97 90 32 73 72 90 13 37 17 86 28 16 59 50 22 62 41 45 96 43 77 82 76 99 21 25 97 32 29 63 27 59 50 97 71 39 74 11 22 93 76 46 47 25 31 81 90 64 42 8 87 15 67 74 66 10 66 97 14 23 66 76 79
56 13 39 3 76 87 39 9 96 30 6 61 0 11 18 68 97 14 56 95 23 61 54 13 32 51 44 35 50 24 66 93 58 95 70 75 62 15 59 28 51 96 47 12 85 86 51 24 9 89 80 86 77 87 46 55 12 20 19 47 79 33 30 19 6 79 98 13 3 43 75 89 49 33 20 64 51 68 83 37 54 87 88 69 52 63 72 68 32 45 96 34 73 72 43 25 63 38 99 55 100 71 26 89 70 90 76 91 70 82 36 17 78 21 4 99 72 33 100 97 35 75 17 82 50 56 86 30 33 75 69 16 93 37 26 40 49 4 70 69 40 78 63 74 31 60 1 85 22 96 67
43 36 52 60 6 38 59 35 22 76 40 12 11 0 10 78 75 71 31 95 33 93 35 40 48 34 31 72 14 6 33 73 82 24 21 55 22 17 10 65 21 60 31 99 3 84 3 43 96 81 30 81 27 77 56 4 44 26 24 22 56 10 78 55 35 71 65 70 96 38 85 52 96 36 19 70 15 67 28 66 10 27 47 66 32 38 27 58 21 65 57 7 55 28 91 60 9 16 30 62 84 27 89 12 15 54 43 28 13 16 66 24 24 37 64 7 81 16 70 59 87 55 64 85 63 62 28 54 99 31 81 43 84 12 89 61 76 54 97 80 47 31 58 82 4 3 58 62 88 69 46
4 97 36 67 21 57 59 26 25 13 78 68 18 10 0 56 74 95 69 35 62 25 65 7 73 21 62 31 78 30 32 4 85 88 22 73 70 99 2 14 83 61 73 7 40 74 33 77 76 37 95 8 77 34 10 18 67 75 41 88 6 78 4 72 44 46 28 71 71 8 12 46 91 79 61 79 30 84 19 82 5 73 37 78 16 85 90 8 91 51 63 22 70 76 2 81 89 91 4 69 9 60 53 55 75 50 4 43 43 79 73 90 98 99 81 30 2 74 27 87 52 65 2 59 24 69 20 82 48 94 67 31 89 81 10 24 88 67 83 99 91 26 27 34 65 27 97 59 30 86 90
15 100 36 61 10 26 6 78 26 24 64 40 68 78 56 0 93 7 37 8 71 49 83 66 12 69 75 76 27 74 51 9 27 84 29 16 38 19 46 85 24 74 53 93 14 33 12 92 5 64 61 39 12 76 98 56 10 92 93 82 85 5 31 75 89 12 2 46 62 3 51 62 77 92 32 36 68 52 60 30 49 27 98 17 86 36 35 89 96 50 49 67 47 75 50 20 32 85 13 31 94 31 92 58 23 54 38 94 78 73 85 75 47 27 3 6 76 52 83 28 85 24 74 35 48 20 28 64 30 95 27 86 18 65 67 40 89 59 75 66 98 1 89 61 42 47 55 70 19 56 32
87 68 31 70 33 26 42 3 82 10 90 3 97 75 74 93 0 33 84 50 68 83 99 54 100 52 96 49 68 58 36 91 24 82 27 24 19 26 48 20 25 94 12 47 94 6 41 100 47 3 60 11 44 33 81 77 25 47 79 23 66 82 77 19 68 94 26 88 100 31 42 40 49 59 41 58 37 16 97 72 17 66 94 65 53 11 61 21 82 100 84 64 17 67 67 88 15 100 99 27 27 8 28 19 62 42 99 79 47 13 30 60 90 74 45 100 84 61 57 61 72 81 97 7 7 4 39 75 20 83 66 1 57 43 32 43 67 76 88 70 77 91 55 82 12 35 87 33 68 100 81
35 95 5 70 17 68 25 57 76 69 13 51 14 71 95 7 33 0 55 30 34 31 24 79 98 7 94 22 49 25 62 41 49 99 91 4 7 75 89 3 82 46 67 43 7 72 92 73 58 67 27 16 66 93 50 41 95 26 72 63 31 32 40 51 48 25 5 86 46 8 82 90 28 18 18 63 24 35 71 26 60 48 83 99 83 94 80 70 69 91 36 95 22 51 76 94 28 52 53 22 52 85 97 71 74 29 17 15 14 71 54 59 38 4 79 56 6 53 69 81 77 58 59 68 81 44 92 41 100 27 7 86 53 78 70 80 37 86 9 44 87 56 54 51 5 19 84 66 43 12 97
19 99 80 53 59 58 69 31 33 41 93 81 56 31 69 37 84 55 0 19 83 97 45 1 82 40 24 19 43 86 55 97 30 6 82 50 27 92 2 33 92 14 86 20 5 12 30 89 70 61 31 72 34 99 48 74 37 53 23 34 81 9 94 23 27 77 12 79 41 32 37 97 71 33 25 66 79 63 59 96 14 26 39 73 82 48 18 84 75 71 19 35 53 11 4 18 31 78 6 60 70 39 67 9 87 78 83 46 60 63 55 16 83 50 3 23 91 55 58 21 36 78 88 69 43 8 19 100 10 73 7 54 64 6 66 17 32 44 67 22 20 26 89 58 67 70 63 65 23 100 24
33 92 88 37 48 81 16 98 93 67 81 92 95 95 35 8 50 30 19 0 78 68 16 62 8 7 77 34 14 66 75 46 61 94 54 5 37 94 7 14 10 66 51 3 21 82 58 36 51 15 24 40 66 73 98 64 71 14 39 95 18 1 36 27 40 66 33 51 43 19 4 57 98 88 40 30 33 18 75 80 79 85 51 33 11 79 19 31 78 62 73 87 5 59 65 90 79 52 12 52 46 25 78 29 77 32 25 67 83 27 8 40 92 52 19 72 40 45 66 16 34 65 68 25 62 94 32 68 52 93 60 79 37 4 65 88 94 20 75 5 5 8 92 7 36 97 63 66 1 10 80
65 30 26 17 64 19 19 31 81 13 35 46 23 33 62 71 68 34 83 78 0 57 52 100 43 3 72 33 46 10 41 51 5 61 68 77 62 69 36 51 27 74 80 55 93 75 3 44 37 18 74 33 47 72 18 88 84 32 10 23 87 8 49 70 53 86 28 14 27 32 71 57 48 51 38 67 80 10 38 39 8 38 13 30 5 46 67 49 15 64 18 24 93 87 60 93 98 19 46 90 39 46 71 41 4 55 36 5 76 6 2 94 15 3 65 1 25 94 37 55 48 47 98 98 69 96 3 87 83 37 80 75 66 20 88 89 14 75 92 69 68 75 93 64 77 20 44 53 95 56 73
77 61 1 27 65 95 99 73 92 89 100 69 61 93 25 49 83 31 97 68 57 0 77 36 31 16 4 57 63 23 63 14 43 61 2 93 43 81 23 94 15 15 2 79 68 77 45 84 16 96 38 67 22 9 5 87 18 6 84 87 15 99 87 36 98 49 37 11 2 14 63 45 65 89 30 73 8 13 52 35 1 78 20 54 19 77 1 99 45 18 91 41 95 43 87 54 74 58 64 90 73 78 72 60 87 95 20 36 38 76 50 52 26 57 58 50 15 45 41 17 8 68 37 30 4 100 65 94 84 50 88 83 87 64 57 43 53 10 90 20 58 23 92 23 14 87 25 85 66 59 52
99 23 90 34 23 32 1 27 45 7 40 97 54 35 65 83 99 24 45 16 52 77 0 92 26 25 57 13 72 2 41 77 65 53 39 50 36 21 96 48 12 88 4 45 31 57 67 18 5 9 96 6 47 9 60 63 24 52 69 100 43 29 30 71 1 74 54 30 55 53 37 77 13 49 9 17 59 23 24 63 15 10 36 21 88 20 90 78 74 55 36 53 30 96 49 74 15 76 93 43 16 70 58 37 40 6 29 48 62 97 92 55 31 62 24 56 95 71 16 77 61 34 44 24 66 94 44 7 17 48 86 27 48 15 32 16 12 9 31 23 58 26 25 96 72 6 100 74 96 80 8
59 76 12 41 75 42 24 4 71 57 21 76 13 40 7 66 54 79 1 62 100 36 92 0 65 45 23 55 61 16 55 54 35 59 97 39 85 74 84 81 90 3 81 13 63 46 53 23 17 39 70 74 60 90 41 92 72 43 70 93 45 79 9 63 76 72 19 12 58 91 1 88 1 95 88 79 71 1 44 32 68 48 19 91 70 77 61 15 30 14 76 81 6 46 48 97 54 2 48 39 7 63 54 80 80 51 92 55 90 48 81 69 42 98 95 17 21 51 22 98 54 85 74 9 69 11 11 11 18 41 63 62 70 67 52 78 100 32 12 35 75 22 18 76 94 62 87 96 57 49 18
1 42 5 25 38 32 2 45 20 4 93 91 32 48 73 12 100 98 82 8 43 31 26 65 0 41 50 59 65 34 43 39 63 50 81 42 75 21 15 9 20 13 27 66 93 76 13 80 28 31 99 70 41 26 17 22 68 27 21 20 78 60 64 34 23 53 8 77 74 85 18 54 19 38 50 55 99 64 13 39 34 72 80 77 71 3 49 37 25 82 37 47 57 8 75 92 1 67 88 60 92 85 83 92 82 17 15 94 80 51 93 78 66 81 14 97 75 51 76 91 76 11 29 14 57 35 85 62 56 97 26 67 66 9 61 47 83 34 93 12 46 77 42 18 74 81 19 33 85 40 69
94 93 50 19 42 50 2 9 48 9 55 91 51 34 21 69 52 7 40 7 3 16 25 45 41 0 78 91 3 75 35 26 16 51 44 77 15 76 41 8 32 86 66 46 71 73 10 42 30 70 73 63 10 91 85 96 88 62 63 80 64 25 23 8 15 60 65 31 4 10 97 86 31 26 97 68 38 12 26 47 81 37 92 9 47 56 4 57 42 35 79 90 73 38 2 11 40 78 25 19 16 76 81 68 44 22 58 2 29 2 44 99 13 42 13 10 8 9 52 44 15 70 77 63 92 79 3 44 30 21 50 5 14 10 71 98 65 100 88 98 57 46 21 94 51 93 48 51 63 15 56
90 72 5 70 43 14 34 38 72 7 31 60 44 31 62 75 96 94 24 77 72 4 57 23 50 78 0 57 22 49 73 96 31 79 70 67 60 14 43 62 22 4 94 53 42 35 85 35 100 9 56 37 58 35 73 42 95 42 89 55 72 25 65 45 17 59 9 3 13 80 72 65 55 28 38 85 100 14 66 1 23 20 18 90 10 18 28 40 12 21 36 18 79 100 37 71 62 4 99 87 46 71 73 10 86 6 84 83 88 28 3 7 3 69 13 33 60 93 58 57 84 64 61 69 93 5 7 13 74 14 17 62 51 48 90 69 87 91 43 72 2 46 79 39 87 16 96 97 64 66 19
44 51 84 71 48 93 26 66 66 64 26 19 35 72 31 76 49 22 19 34 33 57 13 55 59 91 57 0 8 42 11 26 65 66 94 68 59 82 50 65 76 2 55 6 24 34 85 21 94 27 28 28 96 79 11 18 81 67 89 86 13 67 2 83 77 100 100 11 78 50 35 48 47 57 40 10 88 9 12 77 14 51 13 24 19 43 83 9 75 16 33 42 92 77 16 37 35 91 71 53 93 34 22 4 28 60 79 81 28 91 45 45 39 75 55 85 70 92 44 99 23 58 82 70 4 47 27 26 50 74 23 7 47 87 15 23 62 79 59 82 60 16 52 41 94 85 70 34 7 36 78
1 99 40 46 59 63 97 22 96 64 60 5 50 14 78 27 68 49 43 14 46 63 72 61 65 3 22 8 0 27 52 86 45 59 83 49 34 51 97 56 29 5 70 58 15 100 22 40 56 15 85 95 93 64 11 77 43 17 33 89 26 60 9 6 12 97 87 97 75 66 94 40 14 75 79 24 75 52 91 73 92 76 74 42 94 24 65 66 73 39 75 40 35 63 90 12 90 75 96 40 81 68 86 86 57 62 67 5 17 52 96 67 64 80 63 34 11 21 90 83 22 79 91 93 46 53 60 71 71 40 59 61 76 43 8 29 92 62 9 82 29 87 97 29 36 1 70 98 37 91 45
63 89 4 100 31 69 88 51 84 91 14 28 24 6 30 74 58 25 86 66 10 23 2 16 34 75 49 42 27 0 86 30 26 46 96 11 97 9 73 94 63 98 70 63 95 76 40 78 64 58 33 47 72 17 17 14 87 73 75 95 52 45 26 97 66 53 96 92 54 54 27 89 92 65 61 19 43 47 7 48 72 84 46 23 59 19 98 4 99 70 2 41 77 46 89 67 83 8 16 45 45 26 20 63 42 41 56 33 35 36 22 59 92 81 13 58 54 67 73 56 86 52 4 24 28 34 64 54 19 77 40 70 25 2 81 91 42 45 19 54 33 30 18 91 80 77 51 40 6 90 69
74 36 2 86 37 93 79 12 93 24 61 84 66 33 32 51 36 62 55 75 41 63 41 55 43 35 73 11 52 86 0 30 12 36 7 94 75 81 29 46 32 64 70 18 19 69 27 7 52 95 55 17 54 53 16 30 12 4 32 41 84 4 46 21 84 70 89 74 2 38 35 64 55 22 26 22 34 10 91 87 81 66 26 8 61 52 61 72 75 36 97 48 86 86 24 97 88 45 46 62 5 68 88 22 51 22 65 53 74 57 53 90 49 59 33 41 4 82 55 87 71 91 50 46 33 50 77 29 20 80 16 37 27 71 23 57 19 3 79 4 48 21 3 12 58 27 92 11 97 3 47
46 9 56 35 64 30 1 79 44 97 66 33 93 73 4 9 91 41 97 46 51 14 77 54 39 26 96 26 86 30 30 0 26 99 12 65 39 38 83 34 31 15 93 85 20 72 98 43 40 70 75 56 77 22 3 61 63 88 68 81 62 12 11 21 34 40 12 78 83 75 68 30 71 99 10 29 11 20 72 38 48 63 65 70 19 53 74 64 43 7 37 49 1 40 75 6 60 64 75 74 51 67 36 5 73 25 63 9 11 79 40 47 34 6 15 55 79 50 66 93 56 78 70 24 3 25 51 26 33 49 72 57 41 22 95 35 83 35 61 16 79 84 77 71 51 90 5 48 16 54 94
90 95 82 82 17 58 82 65 72 42 82 8 58 82 85 27 24 49 30 61 5 43 65 35 63 16 31 65 45 26 12 26 0 81 9 76 79 81 22 74 27 39 56 46 37 94 39 2 99 4 47 68 18 10 25 4 10 69 17 89 79 17 67 52 89 37 25 85 68 21 43 80 47 97 50 12 94 29 2 50 57 79 77 100 97 20 42 18 15 77 52 68 64 55 56 73 67 29 39 50 65 1 61 31 1 73 42 58 63 20 43 48 65 9 56 47 53 21 65 13 25 47 53 92 9 85 60 49 58 62 8 79 27 55 33 91 22 100 84 1 2 54 5 7 52 28 50 2 5 92 29
72 26 31 88 35 87 74 83 74 68 39 12 95 24 88 84 82 99 6 94 61 61 53 59 50 51 79 66 59 46 36 99 81 0 50 63 84 58 25 58 58 11 41 10 15 22 32 94 67 69 90 64 58 31 28 78 12 85 99 41 66 95 18 58 32 85 19 69 33 36 36 40 44 46 23 96 35 33 38 30 52 25 52 33 35 67 89 5 53 46 65 95 52 76 37 85 73 5 46 75 50 26 96 5 15 86 63 79 80 100 34 20 5 73 71 15 5 13 22 1 46 70 36 87 56 79 79 24 19 69 43 51 96 3 67 82 46 44 92 82 23 54 54 20 73 78 26 36 16 44 55
83 34 13 56 90 46 59 49 93 57 19 57 70 21 22 29 27 91 82 54 68 2 39 97 81 44 70 94 83 96 7 12 9 50 0 10 43 31 39 17 23 3 82 94 63 33 93 65 57 62 41 36 10 64 99 1 77 1 7 34 39 81 3 13 14 10 47 50 81 62 26 73 32 50 95 6 68 73 23 90 71 68 5 36 90 92 73 26 72 86 88 78 72 32 23 67 27 1 66 11 88 9 39 31 26 33 85 88 22 88 84 52 88 14 69 24 63 95 55 94 96 98 14 40 18 25 45 36 89 36 44 14 5 50 68 9 72 100 72 60 3 76 45 52 39 83 50 6 94 62 49
77 85 34 35 4 4 94 67 11 70 10 79 75 55 73 16 24 4 50 5 77 93 50 39 42 77 67 68 49 11 94 65 76 63 10 0 96 34 37 71 100 70 39 19 10 39 49 4 45 42 92 70 48 76 57 95 4 99 11 46 63 40 11 10 98 85 17 42 87 22 52 74 31 28 8 31 17 75 74 13 35 8 11 30 51 61 64 35 36 86 12 43 75 70 80 42 76 84 15 10 5 57 53 50 79 16 41 86 95 90 67 23 47 80 89 80 18 30 60 83 43 12 96 54 64 57 83 67 20 17 50 1 21 12 10 35 63 52 67 66 91 2 21 88 59 41 10 87 74 64 12
16 59 79 69 84 49 41 94 55 39 20 36 62 22 70 38 19 7 27 37 62 43 36 85 75 15 60 59 34 97 75 39 79 84 43 96 0 40 82 57 86 97 64 3 60 9 93 22 46 82 87 4 16 69 55 25 55 46 64 14 28 24 15 47 95 72 70 49 62 31 3 60 61 94 14 38 51 92 8 17 71 33 29 93 82 20 3 39 66 52 20 27 45 80 31 7 46 30 46 83 75 27 48 25 57 8 98 53 85 71 66 48 73 86 61 81 55 30 74 69 83 23 49 98 42 46 61 18 15 76 86 26 5 12 34 31 14 74 27 43 71 26 49 15 60 91 43 63 36 30 4
69 29 94 50 6 95 24 38 20 48 11 91 15 17 99 19 26 75 92 94 69 81 21 74 21 76 14 82 51 9 81 38 81 58 31 34 40 0 19 27 64 92 35 40 65 77 80 58 32 9 93 78 11 27 26 14 12 59 8 69 95 92 63 19 29 51 53 69 79 69 99 50 45 46 65 39 99 12 97 36 21 6 19 55 77 40 64 85 29 89 85 47 12 85 75 75 46 41 2 53 83 67 65 75 69 23 1 24 75 70 35 91 80 41 81 44 11 41 39 42 23 54 51 6 1 37 90 40 56 62 15 63 81 53 14 52 20 37 24 77 44 31 7 52 35 29 4 38 80 71 62
49 95 79 72 90 29 83 47 48 30 18 70 59 10 2 46 48 89 2 7 36 23 96 84 15 41 43 50 97 73 29 83 22 25 39 37 82 19 0 9 68 1 28 61 37 64 18 39 61 59 85 5 50 88 18 15 11 50 14 65 89 57 62 51 44 18 77 23 99 36 53 56 92 25 44 72 4 30 91 53 94 76 35 68 98 52 79 4 4 99 89 17 42 34 98 12 53 23 17 18 38 34 24 1 97 54 93 65 50 39 40 77 63 72 45 89 16 73 20 7 82 67 83 22 81 60 99 74 29 97 21 63 7 18 65 33 45 99 39 44 46 77 18 50 39 76 100 99 93 32 51
14 10 51 80 48 77 78 49 43 28 6 94 28 65 14 85 20 3 33 14 51 94 48 81 9 8 62 65 56 94 46 34 74 58 17 71 57 27 9 0 76 6 54 87 28 15 5 33 23 14 72 22 60 28 64 83 16 32 48 66 23 81 6 43 85 63 55 6 86 12 20 50 33 16 71 20 5 34 28 25 46 93 88 51 84 48 44 17 65 36 86 90 42 75 23 99 77 10 19 54 87 55 58 2 85 7 60 30 71 11 63 43 42 74 19 73 82 38 76 84 66 53 42 8 78 31 85 78 42 47 68 57 10 31 49 32 20 49 66 38 68 17 72 11 33 76 73 8 6 29 68
34 31 10 70 20 1 7 99 68 97 68 77 51 21 83 24 25 82 92 10 27 15 12 90 20 32 22 76 29 63 32 31 27 58 23 100 86 64 68 76 0 81 83 23 56 25 53 86 6 58 92 43 60 56 88 100 39 77 27 46 28 87 76 84 58 12 75 23 71 14 83 67 27 52 44 51 43 42 53 48 45 22 59 67 47 95 9 69 73 78 39 35 13 38 14 28 92 61 9 35 13 48 50 12 55 24 50 10 52 91 12 48 99 89 34 80 66 79 57 33 52 1 84 9 55 84 10 65 44 35 30 18 60 37 80 73 100 83 31 27 2 30 76 23 74 95 47 32 46 70 52
90 53 42 14 90 52 77 99 27 58 88 81 96 60 61 74 94 46 14 66 74 15 88 3 13 86 4 2 5 98 64 15 39 11 3 70 97 92 1 6 81 0 22 90 17 23 98 57 30 50 48 6 34 29 97 99 50 28 41 12 41 3 85 2 27 58 5 91 100 92 14 30 27 44 12 44 22 96 5 38 95 16 82 34 85 2 24 40 74 48 58 65 48 95 14 70 39 85 3 4 71 11 17 11 50 58 20 62 46 17 89 63 36 93 90 21 98 58 75 30 67 83 35 11 40 21 17 3 57 11 85 59 93 49 72 61 24 12 70 85 74 62 85 96 63 88 13 14 61 41 71
75 53 56 25 69 85 1 56 11 45 21 13 47 31 73 53 12 67 86 51 80 2 4 81 27 66 94 55 70 70 70 93 56 41 82 39 64 35 28 54 83 22 0 31 42 13 36 52 3 17 42 96 29 26 17 70 22 94 2 93 82 76 44 32 70 62 8 80 31 34 85 61 90 94 91 21 35 81 82 20 4 99 47 76 91 72 42 40 31 83 76 14 45 23 49 5 31 62 75 19 55 74 13 78 49 86 76 24 39 81 76 51 47 30 9 15 72 83 91 89 45 68 29 100 51 4 61 86 87 54 55 1 83 87 56 50 16 99 75 63 98 63 30 61 56 100 82 99 27 30 66
9 86 69 53 8 53 90 75 66 64 47 96 12 99 7 93 47 43 20 3 55 79 45 13 66 46 53 6 58 63 18 85 46 10 94 19 3 40 61 87 23 90 31 0 30 57 18 33 45 69 72 13 7 3 54 99 84 65 27 95 62 81 43 66 2 94 83 69 82 89 37 82 4 58 45 85 55 15 50 19 87 56 6 84 48 99 14 55 55 19 81 48 21 71 78 39 16 36 87 71 74 16 91 58 100 19 80 61 48 93 77 68 66 38 72 38 57 42 71 55 96 86 29 72 18 36 40 23 90 97 16 57 5 87 33 8 42 53 78 74 9 72 14 56 35 74 69 79 83 21 47
12 74 81 77 4 79 50 50 24 93 14 68 85 3 40 14 94 7 5 21 93 68 31 63 93 71 42 24 15 95 19 20 37 15 63 10 60 65 37 28 56 17 42 30 0 63 89 71 39 9 15 62 94 10 35 51 58 40 16 6 80 83 10 13 1 100 6 58 52 93 21 22 26 58 50 81 70 77 40 23 98 88 33 28 90 69 29 78 89 92 76 99 22 58 59 76 62 93 81 9 43 11 80 8 19 40 33 75 97 88 73 65 53 49 99 16 3 77 37 83 67 84 24 93 21 28 29 4 79 9 98 29 67 47 94 94 35 58 34 79 11 67 10 44 66 60 73 100 89 74 7
77 74 30 4 7 26 89 1 64 72 88 94 86 84 74 33 6 72 12 82 75 77 57 46 76 73 35 34 100 76 69 72 94 22 33 39 9 77 64 15 25 23 13 57 63 0 11 13 57 86 77 64 28 52 94 46 65 41 89 93 99 22 9 52 82 59 63 92 69 10 51 40 81 68 59 70 73 65 16 21 63 55 51 96 8 95 54 13 61 55 4 80 50 11 5 11 47 97 93 23 3 51 93 82 12 27 6 70 31 81 85 11 36 9 35 6 1 13 95 81 23 27 68 82 43 42 57 14 33 50 12 38 61 58 36 6 79 24 23 17 66 63 86 38 36 73 27 73 97 34 36
29 77 30 62 2 78 32 88 46 94 96 3 51 3 33 12 41 92 30 58 3 45 67 53 13 10 85 85 22 40 27 98 39 32 93 49 93 80 18 5 53 98 36 18 89 11 0 97 70 28 1 17 90 46 21 53 54 86 94 64 83 90 8 4 18 6 47 95 88 95 77 4 60 16 30 7 5 99 94 77 10 50 75 90 60 71 83 4 2 30 43 89 87 18 47 95 64 87 4 91 35 95 32 33 87 66 48 98 9 91 45 84 6 65 64 26 1 17 76 41 93 48 44 28 31 23 14 81 69 32 16 13 39 29 93 36 82 64 63 91 21 3 57 27 83 87 89 93 3 74 17
18 52 36 39 39 83 69 73 57 93 74 43 24 43 77 92 100 73 89 36 44 84 18 23 80 42 35 21 40 78 7 43 2 94 65 4 22 58 39 33 86 57 52 33 71 13 97 0 29 41 52 7 20 85 11 90 39 100 10 3 23 53 58 55 66 87 37 15 49 28 44 18 60 39 87 90 23 58 16 3 75 50 1 39 19 29 26 100 17 24 6 65 10 28 75 40 28 98 59 51 20 89 17 31 25 28 67 17 52 54 82 14 42 11 78 81 79 59 8 16 76 77 57 13 82 97 4 46 75 35 26 99 35 80 43 72 99 68 19 53 18 60 8 31 42 5 21 6 82 61 3
10 72 21 59 83 85 94 72 2 91 24 83 9 96 76 5 47 58 70 51 37 16 5 17 28 30 100 94 56 64 52 40 99 67 57 45 46 32 61 23 6 30 3 45 39 57 70 29 0 88 45 81 50 94 73 50 30 42 78 79 32 38 99 31 18 89 1 15 75 82 9 78 37 59 65 7 43 33 83 33 37 4 23 15 56 66 34 30 36 28 7 29 33 39 87 43 80 40 41 64 4 16 68 1 24 3 7 27 70 5 41 69 59 64 96 45 36 3 38 39 7 15 23 48 57 55 45 42 47 90 44 92 38 13 67 82 94 33 21 23 24 27 16 19 67 59 10 33 49 70 11
52 7 68 5 100 7 77 1 48 96 5 47 89 81 37 64 3 67 61 15 18 96 9 39 31 70 9 27 15 58 95 70 4 69 62 42 82 9 59 14 58 50 17 69 9 86 28 41 88 0 96 59 39 58 58 86 23 28 17 36 46 16 18 76 49 69 100 32 53 17 71 2 26 46 79 98 15 72 32 85 3 41 48 25 86 72 89 89 12 18 41 95 36 75 67 89 72 87 36 40 35 47 10 65 30 22 90 98 40 50 5 62 55 79 71 53 12 49 85 90 42 31 25 28 29 49 29 85 83 6 67 98 54 32 19 91 97 57 5 36 73 75 34 61 15 37 80 16 9 93 56
27 25 11 15 52 37 42 40 59 67 64 67 80 30 95 61 60 27 31 24 74 38 96 70 99 73 56 28 85 33 55 75 47 90 41 92 87 93 85 72 92 48 42 72 15 77 1 52 45 96 0 21 98 38 51 94 16 89 1 89 11 57 11 92 39 43 91 54 68 53 47 88 69 58 61 40 58 100 99 25 40 36 43 39 54 35 100 43 83 11 2 4 46 87 100 75 97 50 4 87 67 5 49 79 64 20 89 87 86 35 70 82 29 95 81 25 65 67 32 14 97 5 92 51 89 15 12 2 93 75 42 16 51 82 8 76 33 75 83 8 39 62 47 53 71 67 70 58 98 7 46
25 5 73 26 27 69 9 85 8 80 40 86 86 81 8 39 11 16 72 40 33 67 6 74 70 63 37 28 95 47 17 56 68 64 36 70 4 78 5 22 43 6 96 13 62 64 17 7 81 59 21 0 81 87 30 95 83 77 77 94 2 82 15 58 22 33 23 7 19 59 65 80 55 65 87 29 22 63 4 5 42 81 2 4 31 6 49 11 26 65 45 43 89 71 49 58 88 48 38 13 76 35 91 16 82 52 3 76 77 25 6 18 70 39 60 66 37 15 48 50 20 10 1 63 75 23 92 18 41 46 19 20 92 73 100 15 57 71 49 74 3 14 50 5 22 1 50 3 33 43 23
39 69 49 82 95 69 42 52 100 50 46 55 77 27 77 12 44 66 34 66 47 22 47 60 41 10 58 96 93 72 54 77 18 58 10 48 16 11 50 60 60 34 29 7 94 28 90 20 50 39 98 81 0 85 6 59 55 55 66 24 11 91 10 73 43 97 13 95 12 59 27 47 3 79 54 77 99 28 62 67 61 19 77 34 32 12 70 8 85 68 43 45 52 57 35 14 47 98 64 50 100 47 33 91 19 1 40 6 8 2 75 97 71 4 21 58 45 21 68 48 86 57 19 4 65 7 75 17 46 46 38 100 74 81 4 70 66 18 23 86 66 27 39 65 15 13 89 56 4 99 66
56 56 80 5 100 23 79 46 62 20 57 51 87 77 34 76 33 93 99 73 72 9 9 90 26 91 35 79 64 17 53 22 10 31 64 76 69 27 88 28 56 29 26 3 10 52 46 85 94 58 38 87 85 0 82 90 85 61 39 68 98 30 72 94 18 24 73 64 16 62 14 26 49 12 21 24 24 31 44 50 65 65 12 3 19 17 33 12 35 66 86 28 39 64 79 44 31 87 25 16 49 43 48 28 21 73 94 9 14 87 46 7 64 32 63 66 6 46 77 94 23 26 70 28 7 14 61 6 61 26 37 99 72 22 11 58 1 90 2 20 63 34 15 59 7 36 36 73 4 33 73
93 57 18 68 100 38 5 28 32 4 81 97 46 56 10 98 81 50 48 98 18 5 60 41 17 85 73 11 11 17 16 3 25 28 99 57 55 26 18 64 88 97 17 54 35 94 21 11 73 58 51 30 6 82 0 19 63 43 98 69 13 7 14 17 93 58 47 12 39 72 36 56 30 73 70 93 74 70 16 18 64 36 96 71 39 10 60 31 25 58 5 3 100 45 19 53 88 55 39 81 30 60 57 93 91 86 64 31 13 22 1 53 17 16 66 23 13 94 85 21 83 81 16 28 5 29 99 49 17 3 52 33 29 34 41 53 22 32 88 5 64 73 81 49 27 1 17 37 7 31 92
84 67 27 83 8 93 53 82 100 95 39 52 55 4 18 56 77 41 74 64 88 87 63 92 22 96 42 18 77 14 30 61 4 78 1 95 25 14 15 83 100 99 70 99 51 46 53 90 50 86 94 95 59 90 19 0 34 47 36 88 79 9 62 27 67 10 17 43 29 92 84 97 29 18 19 37 61 33 26 96 61 57 41 1 71 43 100 65 40 77 45 87 96 91 45 44 30 98 74 48 19 17 8 47 18 11 36 38 83 27 11 54 7 100 58 14 21 66 25 8 80 43 50 51 35 8 17 16 73 31 93 94 34 66 68 33 23 5 47 35 80 31 71 2 44 76 92 12 16 39 91
46 21 46 24 100 53 39 98 91 11 71 75 12 44 67 10 25 95 37 71 84 18 24 72 68 88 95 81 43 87 12 63 10 12 77 4 55 12 11 16 39 50 22 84 58 65 54 39 30 23 16 83 55 85 63 34 0 54 40 50 63 100 11 79 5 84 42 56 38 37 61 23 74 63 71 39 55 58 42 57 87 4 89 12 57 18 76 42 37 48 14 20 78 74 54 50 100 74 22 75 19 56 47 83 11 59 100 19 49 75 67 93 63 62 18 43 8 84 40 7 64 13 20 56 68 87 70 70 82 6 31 13 36 44 84 44 21 91 87 7 80 43 40 16 97 35 62 25 85 76 3
82 2 85 55 72 29 10 37 12 14 90 83 20 26 75 92 47 26 53 14 32 6 52 43 27 62 42 67 17 73 4 88 69 85 1 99 46 59 50 32 77 28 94 65 40 41 86 100 42 28 89 77 55 61 43 47 54 0 45 89 42 73 2 68 36 77 66 24 1 97 1 78 24 75 50 100 9 70 21 43 43 93 36 87 46 49 5 28 50 56 65 64 90 78 1 97 18 32 70 5 81 12 87 18 17 63 84 47 13 1 74 100 84 89 37 91 80 50 86 20 71 96 47 61 95 14 17 35 54 46 42 9 70 97 40 59 4 33 35 29 40 7 95 30 58 48 67 63 2 71 88
29 39 59 43 43 38 32 42 59 73 4 85 19 24 41 93 79 72 23 39 10 84 69 70 21 63 89 89 33 75 32 68 17 99 7 11 64 8 14 48 27 41 2 27 16 89 94 10 78 17 1 77 66 39 98 36 40 45 0 47 40 85 86 61 8 82 21 68 44 42 32 34 45 98 53 70 85 3 94 31 22 84 47 52 94 18 64 91 8 93 74 31 13 1 49 34 67 33 71 33 94 6 37 77 55 39 47 67 12 6 92 7 64 62 78 1 41 11 8 18 99 62 51 86 28 94 77 8 8 46 28 67 35 94 30 80 84 47 44 96 17 53 85 17 30 81 92 92 46 12 69
61 8 58 83 89 30 95 98 66 62 53 19 47 22 88 82 23 63 34 95 23 87 100 93 20 80 55 86 89 95 41 81 89 41 34 46 14 69 65 66 46 12 93 95 6 93 64 3 79 36 89 94 24 68 69 88 50 89 47 0 15 49 65 11 24 29 36 45 80 49 59 20 47 18 65 87 95 61 47 20 78 24 34 26 81 45 9 35 74 59 37 20 2 67 80 55 68 25 52 11 22 52 89 25 10 43 75 60 32 73 40 42 68 14 62 27 7 31 55 35 4 93 36 33 67 11 68 96 16 74 96 54 6 52 6 10 70 6 12 58 23 70 72 58 24 20 90 1 30 70 6
32 65 95 7 93 93 41 3 30 86 53 57 79 56 6 85 66 31 81 18 87 15 43 45 78 64 72 13 26 52 84 62 79 66 39 63 28 95 89 23 28 41 82 62 80 99 83 23 32 46 11 2 11 98 13 79 63 42 40 15 0 67 56 52 46 73 78 43 2 79 68 31 13 56 25 82 94 62 78 48 2 27 94 89 33 7 55 55 43 21 62 90 63 29 67 33 43 94 47 23 32 100 52 15 55 92 76 43 11 75 67 99 71 55 11 33 43 39 73 50 92 77 46 57 81 40 58 84 67 28 25 42 54 86 26 82 85 20 93 19 53 36 5 76 47 66 75 81 27 42 60
46 60 17 47 83 44 53 37 29 90 28 100 33 10 78 5 82 32 9 1 8 99 29 79 60 25 25 67 60 45 4 12 17 95 81 40 24 92 57 81 87 3 76 81 83 22 90 53 38 16 57 82 91 30 7 9 100 73 85 49 67 0 4 69 53 30 11 76 46 54 30 14 77 72 15 30 14 30 25 4 1 19 33 97 94 96 29 50 17 36 30 71 15 55 17 76 3 32 38 68 42 1 72 14 61 55 65 70 70 26 12 10 80 17 58 17 83 91 75 66 49 24 69 1 22 92 1 78 43 43 8 42 45 64 35 44 48 51 58 18 69 60 60 88 62 77 83 35 73 95 88
83 28 74 19 63 56 2 24 21 61 13 28 30 78 4 31 77 40 94 36 49 87 30 9 64 23 65 2 9 26 46 11 67 18 3 11 15 63 62 6 76 85 44 43 10 9 8 58 99 18 11 15 10 72 14 62 11 2 86 65 56 4 0 33 61 3 18 55 3 77 83 46 73 41 82 1 83 93 94 50 57 45 3 3 13 65 46 4 40 65 95 39 66 49 61 22 12 39 5 28 82 3 51 20 71 79 10 6 45 12 35 76 76 33 67 44 45 58 6 25 25 36 67 4 78 95 71 51 14 22 97 31 27 5 94 63 34 26 92 82 62 26 57 27 77 34 73 82 26 31 98
59 23 90 89 19 71 55 51 6 47 10 51 19 55 72 75 19 51 23 27 70 36 71 63 34 8 45 83 6 97 21 21 52 58 13 10 47 19 51 43 84 2 32 66 13 52 4 55 31 76 92 58 73 94 17 27 79 68 61 11 52 69 33 0 6 99 95 19 49 16 39 100 79 2 40 81 11 67 95 82 18 23 70 30 40 70 13 18 90 30 6 69 92 90 41 87 46 82 9 69 55 51 65 67 38 65 39 44 86 32 25 69 53 34 81 64 25 31 36 66 67 63 87 20 69 17 76 88 7 49 45 56 78 10 99 17 17 13 19 100 65 76 5 41 48 48 32 3 9 19 75
26 54 28 61 21 39 20 58 22 99 28 80 6 35 44 89 68 48 27 40 53 98 1 76 23 15 17 77 12 66 84 34 89 32 14 98 95 29 44 85 58 27 70 2 1 82 18 66 18 49 39 22 43 18 93 67 5 36 8 24 46 53 61 6 0 18 39 82 29 60 14 55 7 83 36 58 36 43 78 97 77 84 43 15 41 89 93 45 39 33 10 41 48 31 15 54 11 97 98 83 64 40 7 26 1 60 1 10 68 17 77 26 74 94 24 20 6 19 14 70 18 64 59 21 90 56 11 55 44 33 92 57 77 90 64 6 27 71 56 49 32 57 12 24 54 59 36 27 27 92 2
59 12 78 100 97 40 94 93 65 20 78 33 79 71 46 12 94 25 77 66 86 49 74 72 53 60 59 100 97 53 70 40 37 85 10 85 72 51 18 63 12 58 62 94 100 59 6 87 89 69 43 33 97 24 58 10 84 77 82 29 73 30 3 99 18 0 72 27 64 47 17 50 80 80 26 97 66 21 77 53 87 6 80 10 29 53 27 8 81 19 90 53 94 64 4 60 64 83 86 23 62 7 18 26 30 98 69 73 51 49 44 35 11 66 53 83 22 50 69 80 8 15 27 28 60 30 46 66 18 71 12 98 2 87 13 62 62 96 62 6 87 100 25 6 51 18 29 55 20 47 29
75 81 15 44 53 61 53 79 8 4 10 18 98 65 28 2 26 5 12 33 28 37 54 19 8 65 9 100 87 96 89 12 25 19 47 17 70 53 77 55 75 5 8 83 6 63 47 37 1 100 91 23 13 73 47 17 42 66 21 36 78 11 18 95 39 72 0 94 77 69 44 58 97 17 22 26 54 11 84 29 20 68 87 34 80 5 26 85 11 27 46 3 18 47 94 100 71 25 20 43 31 79 73 65 93 60 5 92 87 94 68 32 23 26 55 1 15 47 25 34 12 29 3 66 29 74 30 49 39 96 44 5 77 4 16 4 79 43 90 38 52 33 1 39 69 67 23 69 69 57 31
26 61 48 42 48 5 2 67 85 59 66 93 13 70 71 46 88 86 79 51 14 11 30 12 77 31 3 11 97 92 74 78 85 69 50 42 49 69 23 6 23 91 80 69 58 92 95 15 15 32 54 7 95 64 12 43 56 24 68 45 43 76 55 19 82 27 94 0 92 86 64 52 23 40 16 60 26 12 23 3 89 2 53 20 2 30 7 61 96 63 14 58 48 97 73 82 69 8 90 60 6 33 82 63 46 37 31 33 7 75 40 35 58 75 17 84 94 76 98 96 7 33 72 91 16 73 99 65 24 52 86 30 34 13 53 28 32 7 98 53 30 38 8 73 36 11 15 32 61 13 82
74 15 52 91 39 50 6 65 75 99 19 58 3 96 71 62 100 46 41 43 27 2 55 58 74 4 13 78 75 54 2 83 68 33 81 87 62 79 99 86 71 100 31 82 52 69 88 49 75 53 68 19 12 16 39 29 38 1 44 80 2 46 3 49 29 64 77 92 0 48 34 35 43 37 18 20 68 76 19 1 39 12 5 93 44 63 4 20 2 48 91 68 58 90 26 53 61 33 28 46 54 59 93 94 68 29 38 98 19 67 38 45 13 100 79 21 64 22 60 73 18 41 35 90 69 9 97 59 63 4 21 5 95 35 59 48 98 95 3 74 45 63 90 22 26 41 62 77 3 22 21
95 87 99 44 40 79 91 27 11 99 16 13 43 38 8 3 31 8 32 19 32 14 53 91 85 10 80 50 66 54 38 75 21 36 62 22 31 69 36 12 14 92 34 89 93 10 95 28 82 17 53 59 59 62 72 92 37 97 42 49 79 54 77 16 60 47 69 86 48 0 71 3 19 1 86 26 88 64 41 52 23 7 8 93 1 50 73 49 55 6 75 71 2 31 64 20 16 25 25 36 30 32 63 8 63 68 12 80 99 93 57 48 97 58 94 5 73 24 31 25 36 34 57 54 88 51 29 81 95 8 28 31 13 94 47 54 80 25 73 19 54 97 54 57 75 74 33 69 95 2 66
62 73 21 52 16 93 3 2 33 37 87 30 75 85 12 51 42 82 37 4 71 63 37 1 18 97 72 35 94 27 35 68 43 36 26 52 3 99 53 20 83 14 85 37 21 51 77 44 9 71 47 65 27 14 36 84 61 1 32 59 68 30 83 39 14 17 44 64 34 71 0 66 44 4 37 96 10 32 12 85 85 72 4 83 36 29 63 23 50 2 73 17 32 80 65 86 48 22 23 4 26 32 4 91 13 56 41 59 55 5 90 34 37 18 2 44 22 44 58 25 52 91 58 92 63 51 57 27 95 76 39 74 31 55 85 24 92 64 6 36 100 92 64 6 47 5 10 78 75 75 96
82 50 45 18 62 29 88 54 57 16 73 11 89 52 46 62 40 90 97 57 57 45 77 88 54 86 65 48 40 89 64 30 80 40 73 74 60 50 56 50 67 30 61 82 22 40 4 18 78 2 88 80 47 26 56 97 23 78 34 20 31 14 46 100 55 50 58 52 35 3 66 0 40 77 62 79 42 6 59 66 78 85 94 41 64 16 27 23 36 96 69 13 19 58 74 36 57 87 68 22 30 52 25 76 60 55 95 64 16 69 4 5 67 55 81 37 45 19 77 4 91 41 53 12 37 64 62 51 18 15 25 14 78 92 47 65 64 17 69 27 20 53 5 41 20 52 89 20 49 81 61
62 62 38 37 53 96 1 52 22 1 44 61 49 96 91 77 49 28 71 98 48 65 13 1 19 31 55 47 14 92 55 71 47 44 32 31 61 45 92 33 27 27 90 4 26 81 60 60 37 26 69 55 3 49 30 29 74 24 45 47 13 77 73 79 7 80 97 23 43 19 44 40 0 92 23 85 85 33 45 27 50 61 24 99 27 97 41 58 19 70 68 93 53 98 83 46 99 65 67 18 55 10 12 52 80 29 82 11 65 41 96 82 71 55 52 31 39 19 80 24 7 30 42 10 65 22 83 65 76 12 17 68 83 71 46 22 43 31 41 1 11 82 16 27 6 20 72 43 32 90 47
34 54 56 87 69 92 4 53 18 69 34 29 33 36 79 92 59 18 33 88 51 89 49 95 38 26 28 57 75 65 22 99 97 46 50 28 94 46 25 16 52 44 94 58 58 68 16 39 59 46 58 65 79 12 73 18 63 75 98 18 56 72 41 2 83 80 17 40 37 1 4 77 92 0 41 38 65 61 71 28 46 39 64 50 87 80 26 57 97 57 49 69 11 71 37 41 31 97 28 50 16 27 56 100 13 30 13 24 92 78 20 68 100 81 100 52 21 86 66 70 69 87 90 16 77 45 93 3 62 29 66 84 64 98 88 96 29 81 91 34 41 87 25 2 8 69 2 98 99 62 36
47 77 40 71 61 1 45 42 81 34 98 77 20 19 61 32 41 18 25 40 38 30 9 88 50 97 38 40 79 61 26 10 50 23 95 8 14 65 44 71 44 12 91 45 50 59 30 87 65 79 61 87 54 21 70 19 71 50 53 65 25 15 82 40 36 26 22 16 18 86 37 62 23 41 0 94 41 93 8 43 17 74 48 67 68 18 84 5 30 98 63 25 65 55 73 92 60 24 57 89 98 86 89 58 82 40 71 70 59 85 43 16 43 93 7 98 43 15 49 7 96 30 82 23 50 56 80 48 34 57 23 14 77 8 50 13 60 68 50 79 55 26 64 89 67 30 68 41 73 2 17
93 19 2 10 93 12 63 16 47 28 74 56 64 70 79 36 58 63 66 30 67 73 17 79 55 68 85 10 24 19 22 29 12 96 6 31 38 39 72 20 51 44 21 85 81 70 7 90 7 98 40 29 77 24 93 37 39 100 70 87 82 30 1 81 58 97 26 60 20 26 96 79 85 38 94 0 76 10 17 73 50 21 3 82 99 17 37 12 60 55 57 57 12 6 31 87 98 97 70 12 59 13 34 2 90 58 26 82 96 71 80 36 21 65 26 23 13 74 60 50 26 58 88 54 86 76 24 71 8 34 45 7 30 52 84 43 68 66 46 60 78 9 87 35 73 48 13 52 39 42 5
89 79 27 43 70 53 67 5 31 86 68 6 51 15 30 68 37 24 79 33 80 8 59 71 99 38 100 88 75 43 34 11 94 35 68 17 51 99 4 5 43 22 35 55 70 73 5 23 43 15 58 22 99 24 74 61 55 9 85 95 94 14 83 11 36 66 54 26 68 88 10 42 85 65 41 76 0 71 44 93 59 3 59 70 42 20 89 87 84 94 80 24 45 68 48 24 19 59 14 53 18 11 70 77 83 68 67 30 68 77 10 15 17 82 89 6 25 10 99 90 22 93 35 90 26 22 9 24 69 39 40 8 89 32 85 21 46 63 6 42 98 67 46 13 44 23 70 75 66 43 26
26 39 19 50 10 15 81 84 97 55 84 68 68 67 84 52 16 35 63 18 10 13 23 1 64 12 14 9 52 47 10 20 29 33 73 75 92 12 30 34 42 96 81 15 77 65 99 58 33 72 100 63 28 31 70 33 58 70 3 61 62 30 93 67 43 21 11 12 76 64 32 6 33 61 93 10 71 0 5 58 4 27 83 100 45 36 29 69 94 92 91 28 5 36 69 99 59 36 25 50 32 92 27 7 47 90 20 98 83 42 69 32 56 74 22 70 82 31 65 18 54 35 90 16 61 46 97 26 27 92 9 52 1 100 47 48 4 76 55 32 3 57 78 52 72 10 70 34 71 5 29
85 43 100 80 84 60 40 57 10 66 84 73 83 28 19 60 97 71 59 75 38 52 24 44 13 26 66 12 91 7 91 72 2 38 23 74 8 97 91 28 53 5 82 50 40 16 94 16 83 32 99 4 62 44 16 26 42 21 94 47 78 25 94 95 78 77 84 23 19 41 12 59 45 71 8 17 44 5 0 12 68 6 24 83 45 50 98 58 52 64 77 99 70 77 13 57 96 8 95 72 29 83 65 34 99 39 41 92 21 97 42 43 48 38 76 70 78 33 31 22 81 63 17 66 62 59 29 98 2 31 23 68 78 1 97 73 45 29 83 67 17 69 73 7 76 65 69 85 31 78 45
59 99 16 63 93 63 26 96 91 25 90 5 37 66 82 30 72 26 96 80 39 35 63 32 39 47 1 77 73 48 87 38 50 30 90 13 17 36 53 25 48 38 20 19 23 21 77 3 33 85 25 5 67 50 18 96 57 43 31 20 48 4 50 82 97 53 29 3 1 52 85 66 27 28 43 73 93 58 12 0 50 83 49 70 99 31 65 4 34 1 29 99 29 84 49 72 45 62 48 35 7 82 70 79 92 39 98 40 89 61 90 38 30 88 85 100 77 89 13 13 50 38 37 47 91 18 28 37 23 49 25 7 40 15 58 20 23 29 46 71 10 4 76 93 100 45 35 99 10 79 81
38 27 27 57 45 18 95 49 47 6 51 87 54 10 5 49 17 60 14 79 8 1 15 68 34 81 23 14 92 72 81 48 57 52 71 35 71 21 94 46 45 95 4 87 98 63 10 75 37 3 40 42 61 65 64 61 87 43 22 78 2 1 57 18 77 87 20 89 39 23 85 78 50 46 17 50 59 4 68 50 0 1 88 86 13 18 83 32 76 33 76 31 68 42 55 15 15 17 2 53 76 37 47 44 98 38 62 78 98 89 65 4 60 28 26 59 88 80 15 19 38 62 17 8 90 16 85 22 64 30 43 14 59 43 18 16 24 67 82 99 100 62 29 31 81 25 57 7 80 87 74
40 85 83 93 59 43 94 19 54 94 37 34 87 27 73 27 66 48 26 85 38 78 10 48 72 37 20 51 76 84 66 63 79 25 68 8 33 6 76 93 22 16 99 56 88 55 50 50 4 41 36 81 19 65 36 57 4 93 84 24 27 19 45 23 84 6 68 2 12 7 72 85 61 39 74 21 3 27 6 83 1 0 79 34 22 62 54 37 88 40 6 100 91 85 53 6 99 90 19 11 50 2 68 25 80 73 94 46 59 14 1 5 12 58 95 98 66 66 67 11 29 33 2 4 35 65 69 47 56 80 10 91 93 28 93 81 33 45 49 75 16 96 34 42 39 69 36 8 87 97 72
74 98 9 78 63 90 44 61 56 98 46 80 88 47 37 98 94 83 39 51 13 20 36 19 80 92 18 13 74 46 26 65 77 52 5 11 29 19 35 88 59 82 47 6 33 51 75 1 23 48 43 2 77 12 96 41 89 36 47 34 94 33 3 70 43 80 87 53 5 8 4 94 24 64 48 3 59 83 24 49 88 79 0 48 64 87 68 100 100 58 43 57 87 52 84 12 7 17 54 59 13 66 35 31 99 7 96 13 57 71 67 37 98 77 92 71 100 92 18 27 30 37 52 14 41 52 43 85 66 23 6 85 17 15 27 3 12 47 24 76 55 19 91 91 75 60 12 71 29 55 26
55 8 34 33 55 76 40 58 92 21 50 58 69 66 78 17 65 99 73 33 30 54 21 91 77 9 90 24 42 23 8 70 100 33 36 30 93 55 68 51 67 34 76 84 28 96 90 39 15 25 39 4 34 3 71 1 12 87 52 26 89 97 3 30 15 10 34 20 93 93 83 41 99 50 67 82 70 100 83 70 86 34 48 0 55 78 64 93 99 63 30 80 21 76 18 86 54 98 2 26 26 57 43 28 12 92 83 46 99 17 36 4 24 32 4 47 63 31 54 49 40 11 14 99 42 88 9 10 68 27 50 91 58 39 49 29 37 1 33 98 88 85 97 37 4 76 66 28 24 55 54
72 12 70 47 87 65 97 59 39 83 88 74 52 32 16 86 53 83 82 11 5 19 88 70 71 47 10 19 94 59 61 19 97 35 90 51 82 77 98 84 47 85 91 48 90 8 60 19 56 86 54 31 32 19 39 71 57 46 94 81 33 94 13 40 41 29 80 2 44 1 36 64 27 87 68 99 42 45 45 99 13 22 64 55 0 71 96 99 100 2 68 21 6 92 41 66 40 29 69 51 11 59 76 40 8 28 93 76 45 58 92 88 67 62 33 45 83 5 35 97 85 60 45 88 3 36 33 38 13 93 29 20 78 63 36 10 89 2 31 100 46 47 40 80 100 6 19 31 51 84 76
89 66 94 77 80 95 51 17 48 49 73 89 63 38 85 36 11 94 48 79 46 77 20 77 3 56 18 43 24 19 52 53 20 67 92 61 20 40 52 48 95 2 72 99 69 95 71 29 66 72 35 6 12 17 10 43 18 49 18 45 7 96 65 70 89 53 5 30 63 50 29 16 97 80 18 17 20 36 50 31 18 62 87 78 71 0 63 81 70 22 32 7 19 46 32 69 41 92 30 53 57 72 39 76 76 4 56 66 80 80 62 13 55 42 63 26 12 24 82 15 35 38 63 20 14 77 78 16 4 47 41 21 82 86 86 57 13 77 22 58 8 19 24 68 39 66 48 46 78 37 35
21 50 53 80 49 13 56 26 100 8 7 4 72 27 90 35 61 80 18 19 67 1 90 61 49 4 28 83 65 98 61 74 42 89 73 64 3 64 79 44 9 24 42 14 29 54 83 26 34 89 100 49 70 33 60 100 76 5 64 9 55 29 46 13 93 27 26 7 4 73 63 27 41 26 84 37 89 29 98 65 83 54 68 64 96 63 0 85 11 66 19 29 24 68 56 100 27 6 44 1 44 40 36 36 61 79 94 94 91 59 91 22 93 30 23 5 90 48 13 79 52 87 46 71 11 48 7 74 78 90 8 31 68 21 91 74 96 55 81 76 3 18 46 63 3 66 98 68 54 57 93
22 62 19 13 35 68 29 81 72 29 98 91 68 58 8 89 21 70 84 31 49 99 78 15 37 57 40 9 66 4 72 64 18 5 26 35 39 85 4 17 69 40 40 55 78 13 4 100 30 89 43 11 8 12 31 65 42 28 91 35 55 50 4 18 45 8 85 61 20 49 23 23 58 57 5 12 87 69 58 4 32 37 100 93 99 81 85 0 54 24 36 14 30 64 66 94 22 18 35 94 76 9 15 19 89 44 3 79 26 25 80 22 96 93 80 89 43 78 4 58 59 26 71 91 33 50 48 13 8 43 18 18 91 45 56 36 36 65 32 33 44 36 57 83 62 48 3 68 75 26 19
79 93 89 23 76 76 34 83 5 89 3 97 32 21 91 96 82 69 75 78 15 45 74 30 25 42 12 75 73 99 75 43 15 53 72 36 66 29 4 65 73 74 31 55 89 61 2 17 36 12 83 26 85 35 25 40 37 50 8 74 43 17 40 90 39 81 11 96 2 55 50 36 19 97 30 60 84 94 52 34 76 88 100 99 100 70 11 54 0 21 88 4 55 15 92 96 18 96 93 91 8 73 66 3 18 11 98 79 53 50 11 19 45 92 92 66 10 38 81 84 30 15 100 65 14 33 15 90 74 26 42 68 77 70 80 4 99 78 72 72 67 21 50 96 39 48 79 32 73 73 28
45 97 86 57 100 99 50 83 77 60 76 90 45 65 51 50 100 91 71 62 64 18 55 14 82 35 21 16 39 70 36 7 77 46 86 86 52 89 99 36 78 48 83 19 92 55 30 24 28 18 11 65 68 66 58 77 48 56 93 59 21 36 65 30 33 19 27 63 48 6 2 96 70 57 98 55 94 92 64 1 33 40 58 63 2 22 66 24 21 0 30 40 19 17 36 46 82 10 87 45 55 80 5 83 8 69 83 25 41 58 3 13 13 41 36 99 8 59 80 46 44 63 22 19 36 23 26 67 24 59 70 46 85 84 88 82 93 29 95 55 6 27 76 27 20 11 51 77 75 50 39
18 28 87 24 93 89 68 80 1 95 5 32 96 57 63 49 84 36 19 73 18 91 36 76 37 79 36 33 75 2 97 37 52 65 88 12 20 85 89 86 39 58 76 81 76 4 43 6 7 41 2 45 43 86 5 45 14 65 74 37 62 30 95 6 10 90 46 14 91 75 73 69 68 49 63 57 80 91 77 29 76 6 43 30 68 32 19 36 88 30 0 62 53 89 1 88 25 58 77 73 73 28 43 70 67 22 64 7 42 50 89 17 83 93 56 94 10 4 12 80 77 53 39 14 7 37 30 83 31 35 65 28 57 24 63 96 49 25 81 46 96 10 48 84 69 94 65 57 62 91 20
79 90 27 24 50 81 76 11 97 11 45 73 34 7 22 67 64 95 35 87 24 41 53 81 47 90 18 42 40 41 48 49 68 95 78 43 27 47 17 90 35 65 14 48 99 80 89 65 29 95 4 43 45 28 3 87 20 64 31 20 90 71 39 69 41 53 3 58 68 71 17 13 93 69 25 57 24 28 99 99 31 100 57 80 21 7 29 14 4 40 62 0 65 48 93 88 70 53 84 16 61 36 30 40 91 54 63 33 16 3 75 22 54 31 51 26 53 52 86 19 63 26 55 71 91 36 85 83 13 1 96 69 96 54 35 17 87 23 71 74 10 74 35 33 69 70 17 9 92 5 43
26 78 91 24 61 10 44 66 79 29 49 72 73 55 70 47 17 22 53 5 93 95 30 6 57 73 79 92 35 77 86 1 64 52 72 75 45 12 42 42 13 48 45 21 22 50 87 10 33 36 46 89 52 39 100 96 78 90 13 2 63 15 66 92 48 94 18 48 58 2 32 19 53 11 65 12 45 5 70 29 68 91 87 21 6 19 24 30 55 19 53 65 0 63 48 60 33 1 14 79 74 58 28 13 89 76 66 45 4 51 10 23 5 58 64 28 69 67 44 14 39 56 88 38 51 50 17 69 38 33 65 87 34 66 55 76 3 82 88 73 16 67 68 47 90 77 97 78 37 22 15
86 33 18 18 29 58 17 63 54 7 8 90 72 28 76 75 67 51 11 59 87 43 96 46 8 38 100 77 63 46 86 40 55 76 32 70 80 85 34 75 38 95 23 71 58 11 18 28 39 75 87 71 57 64 45 91 74 78 1 67 29 55 49 90 31 64 47 97 90 31 80 58 98 71 55 6 68 36 77 84 42 85 52 76 92 46 68 64 15 17 89 48 63 0 16 87 73 27 93 42 55 87 80 34 33 7 34 53 50 50 47 22 46 83 15 18 69 24 91 21 47 94 8 99 97 49 22 62 44 50 4 64 1 47 46 88 58 51 22 90 14 92 77 90 91 5 92 86 62 87 15
10 36 82 31 31 23 36 70 45 76 68 13 43 91 2 50 67 76 4 65 60 87 49 48 75 2 37 16 90 89 24 75 56 37 23 80 31 75 98 23 14 14 49 78 59 5 47 75 87 67 100 49 35 79 19 45 54 1 49 80 67 17 61 41 15 4 94 73 26 64 65 74 83 37 73 31 48 69 13 49 55 53 84 18 41 32 56 66 92 36 1 93 48 16 0 72 10 88 37 35 18 9 48 22 76 66 24 47 71 22 68 9 98 74 39 54 2 15 19 92 56 28 23 50 81 75 15 35 30 73 65 76 99 29 78 73 51 7 14 19 4 25 35 25 91 100 62 79 46 4 71
8 52 24 11 44 77 49 72 85 75 93 37 25 60 81 20 88 94 18 90 93 54 74 97 92 11 71 37 12 67 97 6 73 85 67 42 7 75 12 99 28 70 5 39 76 11 95 40 43 89 75 58 14 44 53 44 50 97 34 55 33 76 22 87 54 60 100 82 53 20 86 36 46 41 92 87 24 99 57 72 15 6 12 86 66 69 100 94 96 46 88 88 60 87 72 0 59 80 54 45 61 58 25 39 33 64 33 18 79 65 74 9 37 5 46 94 42 21 86 67 52 20 81 73 46 3 35 67 67 92 43 10 40 15 6 56 31 57 99 39 65 86 58 82 77 98 49 85 3 8 46
38 45 12 33 87 51 75 28 12 57 35 17 63 9 89 32 15 28 31 79 98 74 15 54 1 40 62 35 90 83 88 60 67 73 27 76 46 46 53 77 92 39 31 16 62 47 64 28 80 72 97 88 47 31 88 30 100 18 67 68 43 3 12 46 11 64 71 69 61 16 48 57 99 31 60 98 19 59 96 45 15 99 7 54 40 41 27 22 18 82 25 70 33 73 10 59 0 20 85 7 88 85 72 91 48 79 75 47 53 98 99 6 71 22 79 12 19 37 59 34 84 74 22 48 12 6 35 52 40 96 19 64 71 67 81 40 31 20 79 47 64 34 74 58 71 23 8 82 67 40 91
48 14 65 53 41 35 37 95 29 21 53 86 38 16 91 85 100 52 78 52 19 58 76 2 67 78 4 91 75 8 45 64 29 5 1 84 30 41 23 10 61 85 62 36 93 97 87 98 40 87 50 48 98 87 55 98 74 32 33 25 94 32 39 82 97 83 25 8 33 25 22 87 65 97 24 97 59 36 8 62 17 90 17 98 29 92 6 18 96 10 58 53 1 27 88 80 20 0 98 7 69 62 14 82 46 20 13 20 90 66 44 72 87 71 72 9 40 24 97 67 9 12 9 90 12 61 13 25 54 53 91 100 40 84 82 42 14 38 7 6 19 82 45 67 8 76 12 31 42 75 97
50 63 23 89 71 56 59 44 37 95 60 28 99 30 4 13 99 53 6 12 46 64 93 48 88 25 99 71 96 16 46 75 39 46 66 15 46 2 17 19 9 3 75 87 81 93 4 59 41 36 4 38 64 25 39 74 22 70 71 52 47 38 5 9 98 86 20 90 28 25 23 68 67 28 57 70 14 25 95 48 2 19 54 2 69 30 44 35 93 87 77 84 14 93 37 54 85 98 0 81 33 30 98 87 64 57 29 68 82 51 67 23 6 92 91 74 58 69 45 1 63 39 66 8 13 48 38 38 1 71 20 37 86 32 82 63 1 4 92 67 38 88 71 33 58 14 90 33 61 58 26
3 84 50 49 99 57 75 69 100 10 1 16 55 62 69 31 27 22 60 52 90 90 43 39 60 19 87 53 40 45 62 74 50 75 11 10 83 53 18 54 35 4 19 71 9 23 91 51 64 40 87 13 50 16 81 48 75 5 33 11 23 68 28 69 83 23 43 60 46 36 4 22 18 50 89 12 53 50 72 35 53 11 59 26 51 53 1 94 91 45 73 16 79 42 35 45 7 7 81 0 26 95 21 45 27 74 35 60 80 88 65 52 96 31 22 10 93 77 21 32 15 34 75 3 82 47 31 39 47 25 42 77 93 60 25 70 45 74 59 67 79 81 4 83 63 96 13 37 88 47 7
44 85 20 86 10 39 54 25 64 43 26 59 100 84 9 94 27 52 70 46 39 73 16 7 92 16 46 93 81 45 5 51 65 50 88 5 75 83 38 87 13 71 55 74 43 3 35 20 4 35 67 76 100 49 30 19 19 81 94 22 32 42 82 55 64 62 31 6 54 30 26 30 55 16 98 59 18 32 29 7 76 50 13 26 11 57 44 76 8 55 73 61 74 55 18 61 88 69 33 26 0 42 17 92 96 90 97 66 74 13 77 85 96 17 27 80 11 12 100 96 95 37 39 13 97 73 66 49 13 85 97 70 72 28 25 38 96 42 8 10 66 17 63 38 14 50 75 48 89 49 78
37 81 31 23 42 20 57 14 80 36 39 50 71 27 60 31 8 85 39 25 46 78 70 63 85 76 71 34 68 26 68 67 1 26 9 57 27 67 34 55 48 11 74 16 11 51 95 89 16 47 5 35 47 43 60 17 56 12 6 52 100 1 3 51 40 7 79 33 59 32 32 52 10 27 86 13 11 92 83 82 37 2 66 57 59 72 40 9 73 80 28 36 58 87 9 58 85 62 30 95 42 0 52 64 27 73 97 40 90 92 23 39 63 83 57 88 52 91 76 78 31 25 79 19 100 40 16 46 12 43 36 29 23 3 51 46 90 70 40 92 32 13 95 94 84 92 54 47 34 24 42
55 40 95 63 67 38 76 38 37 68 25 22 26 89 53 92 28 97 67 78 71 72 58 54 83 81 73 22 86 20 88 36 61 96 39 53 48 65 24 58 50 17 13 91 80 93 32 17 68 10 49 91 33 48 57 8 47 87 37 89 52 72 51 65 7 18 73 82 93 63 4 25 12 56 89 34 70 27 65 70 47 68 35 43 76 39 36 15 66 5 43 30 28 80 48 25 72 14 98 21 17 52 0 57 77 73 3 7 31 43 40 24 37 9 26 37 74 43 24 96 27 42 85 36 87 70 56 27 24 12 7 68 64 42 22 38 72 44 52 91 55 20 47 60 54 25 33 78 70 73 4
23 38 83 24 53 72 68 56 52 14 58 62 89 12 55 58 19 71 9 29 41 60 37 80 92 68 10 4 86 63 22 5 31 5 31 50 25 75 1 2 12 11 78 58 8 82 33 31 1 65 79 16 91 28 93 47 83 18 77 25 15 14 20 67 26 26 65 63 94 8 91 76 52 100 58 2 77 7 34 79 44 25 31 28 40 76 36 19 3 83 70 40 13 34 22 39 91 82 87 45 92 64 57 0 59 9 45 32 99 44 37 47 46 96 10 6 38 70 5 25 95 32 18 75 54 92 2 1 19 24 88 71 94 9 27 84 7 99 42 43 42 69 90 25 92 85 31 97 45 54 92
60 58 44 37 8 66 65 37 46 26 34 41 70 15 75 23 62 74 87 77 4 87 40 80 82 44 86 28 57 42 51 73 1 15 26 79 57 69 97 85 55 50 49 100 19 12 87 25 24 30 64 82 19 21 91 18 11 17 55 10 55 61 71 38 1 30 93 46 68 63 13 60 80 13 82 90 83 47 99 92 98 80 99 12 8 76 61 89 18 8 67 91 89 33 76 33 48 46 64 27 96 27 77 59 0 11 53 69 6 90 42 41 93 89 4 65 1 71 76 72 12 74 2 53 60 97 24 29 69 13 59 50 68 20 65 14 4 99 2 36 98 50 42 15 88 69 78 27 43 68 84
82 51 88 56 32 89 19 43 7 97 4 45 90 54 50 54 42 29 78 32 55 95 6 51 17 22 6 60 62 41 22 25 73 86 33 16 8 23 54 7 24 58 86 19 40 27 66 28 3 22 20 52 1 73 86 11 59 63 39 43 92 55 79 65 60 98 60 37 29 68 56 55 29 30 40 58 68 90 39 39 38 73 7 92 28 4 79 44 11 69 22 54 76 7 66 64 79 20 57 74 90 73 73 9 11 0 35 72 91 1 66 38 75 36 74 2 99 37 20 82 79 34 56 81 22 97 18 3 13 63 65 60 11 79 50 100 82 54 44 94 33 3 6 17 79 25 37 14 63 55 12
97 87 79 70 70 70 28 13 45 87 92 96 76 43 4 38 99 17 83 25 36 20 29 92 15 58 84 79 67 56 65 63 42 63 85 41 98 1 93 60 50 20 76 80 33 6 48 67 7 90 89 3 40 94 64 36 100 84 47 75 76 65 10 39 1 69 5 31 38 12 41 95 82 13 71 26 67 20 41 98 62 94 96 83 93 56 94 3 98 83 64 63 66 34 24 33 75 13 29 35 97 97 3 45 53 35 0 57 27 45 80 4 46 69 1 80 51 11 64 60 4 15 6 5 10 73 65 88 66 37 96 51 48 17 68 63 83 43 7 95 3 73 23 33 45 50 1 28 91 89 45
10 28 8 56 49 45 60 49 68 56 66 43 91 28 43 94 79 15 46 67 5 36 48 55 94 2 83 81 5 33 53 9 58 79 88 86 53 24 65 30 10 62 24 61 75 70 98 17 27 98 87 76 6 9 31 38 19 47 67 60 43 70 6 44 10 73 92 33 98 80 59 64 11 24 70 82 30 98 92 40 78 46 13 46 76 66 94 79 79 25 7 33 45 53 47 18 47 20 68 60 66 40 7 32 69 72 57 0 69 59 47 31 79 34 100 22 3 31 52 94 11 97 81 33 12 99 87 39 58 85 41 56 41 18 91 95 44 95 31 11 9 7 3 25 45 31 64 89 14 91 65
76 78 75 82 39 73 54 32 85 82 36 77 70 13 43 78 47 14 60 83 76 38 62 90 80 29 88 28 17 35 74 11 63 80 22 95 85 75 50 71 52 46 39 48 97 31 9 52 70 40 86 77 8 14 13 83 49 13 12 32 11 70 45 86 68 51 87 7 19 99 55 16 65 92 59 96 68 83 21 89 98 59 57 99 45 80 91 26 53 41 42 16 4 50 71 79 53 90 82 80 74 90 31 99 6 91 27 69 0 68 75 25 18 79 38 14 41 99 31 9 40 75 11 6 42 64 4 30 7 58 65 37 53 4 66 30 75 82 39 14 88 68 56 65 18 23 100 76 46 16 76
8 6 57 69 36 39 64 57 25 90 60 82 82 16 79 73 13 71 63 27 6 76 97 48 51 2 28 91 52 36 57 79 20 100 88 90 71 70 39 11 91 17 81 93 88 81 91 54 5 50 35 25 2 87 22 27 75 1 6 73 75 26 12 32 17 49 94 75 67 93 5 69 41 78 85 71 77 42 97 61 89 14 71 17 58 80 59 25 50 58 50 3 51 50 22 65 98 66 51 88 13 92 43 44 90 1 45 59 68 0 2 6 95 94 68 100 97 74 35 36 48 35 18 34 7 56 79 56 81 24 56 79 28 30 27 95 64 4 60 66 36 1 67 29 96 73 33 73 81 64 74
97 84 100 30 22 74 24 62 63 96 22 76 36 66 73 85 30 54 55 8 2 50 92 81 93 44 3 45 96 22 53 40 43 34 84 67 66 35 40 63 12 89 76 77 73 85 45 82 41 5 70 6 75 46 1 11 67 74 92 40 67 12 35 25 77 44 68 40 38 57 90 4 96 20 43 80 10 69 42 90 65 1 67 36 92 62 91 80 11 3 89 75 10 47 68 74 99 44 67 65 77 23 40 37 42 66 80 47 75 2 0 35 10 89 23 98 53 66 16 24 1 21 85 74 13 40 82 17 56 7 6 33 73 21 26 67 52 50 89 9 90 49 4 92 51 8 67 70 30 95 1
65 2 46 44 14 57 58 46 99 90 47 99 17 24 90 75 60 59 16 40 94 52 55 69 78 99 7 45 67 59 90 47 48 20 52 23 48 91 77 43 48 63 51 68 65 11 84 14 69 62 82 18 97 7 53 54 93 100 7 42 99 10 76 69 26 35 32 35 45 48 34 5 82 68 16 36 15 32 43 38 4 5 37 4 88 13 22 22 19 13 17 22 23 22 9 9 6 72 23 52 85 39 24 47 41 38 4 31 25 6 35 0 86 68 46 77 40 17 48 27 48 26 43 56 13 18 100 3 83 98 30 67 97 16 55 8 77 66 76 88 92 89 42 29 60 73 50 31 70 94 45
71 76 26 62 75 81 92 90 23 100 36 21 78 24 98 47 90 38 83 92 15 26 31 42 66 13 3 39 64 92 49 34 65 5 88 47 73 80 63 42 99 36 47 66 53 36 6 42 59 55 29 70 71 64 17 7 63 84 64 68 71 80 76 53 74 11 23 58 13 97 37 67 71 100 43 21 17 56 48 30 60 12 98 24 67 55 93 96 45 13 83 54 5 46 98 37 71 87 6 96 96 63 37 46 93 75 46 79 18 95 10 86 0 77 84 57 58 100 68 4 82 87 17 98 8 36 70 15 36 31 12 81 83 74 89 67 35 29 22 57 26 55 95 92 37 23 22 4 31 28 79
43 39 46 77 79 23 36 96 4 34 8 25 21 37 99 27 74 4 50 52 3 57 62 98 81 42 69 75 80 81 59 6 9 73 14 80 86 41 72 74 89 93 30 38 49 9 65 11 64 79 95 39 4 32 16 100 62 89 62 14 55 17 33 34 94 66 26 75 100 58 18 55 55 81 93 65 82 74 38 88 28 58 77 32 62 42 30 93 92 41 93 31 58 83 74 5 22 71 92 31 17 83 9 96 89 36 69 34 79 94 89 68 77 0 17 47 99 17 29 46 19 69 61 21 22 24 89 35 39 96 16 90 30 14 64 29 87 79 22 93 34 73 82 4 43 5 48 14 60 76 32
49 3 94 80 11 22 80 22 86 73 88 97 4 64 81 3 45 79 3 19 65 58 24 95 14 13 13 55 63 13 33 15 56 71 69 89 61 81 45 19 34 90 9 72 99 35 64 78 96 71 81 60 21 63 66 58 18 37 78 62 11 58 67 81 24 53 55 17 79 94 2 81 52 100 7 26 89 22 76 85 26 95 92 4 33 63 23 80 92 36 56 51 64 15 39 46 79 72 91 22 27 57 26 10 4 74 1 100 38 68 23 46 84 17 0 89 13 76 79 66 6 81 31 73 76 34 98 40 66 34 2 30 6 21 74 48 96 14 68 74 75 33 63 31 73 60 86 50 33 84 44
54 20 20 96 51 89 94 42 62 81 7 32 99 7 30 6 100 56 23 72 1 50 56 17 97 10 33 85 34 58 41 55 47 15 24 80 81 44 89 73 80 21 15 38 16 6 26 81 45 53 25 66 58 66 23 14 43 91 1 27 33 17 44 64 20 83 1 84 21 5 44 37 31 52 98 23 6 70 70 100 59 98 71 47 45 26 5 89 66 99 94 26 28 18 54 94 12 9 74 10 80 88 37 6 65 2 80 22 14 100 98 77 57 47 89 0 65 36 83 12 15 8 55 96 24 32 62 89 98 72 98 19 49 12 89 61 28 55 67 85 32 64 72 84 23 29 21 63 28 69 44
56 91 22 60 5 80 60 75 11 12 41 29 72 81 2 76 84 6 91 40 25 15 95 21 75 8 60 70 11 54 4 79 53 5 63 18 55 11 16 82 66 98 72 57 3 1 1 79 36 12 65 37 45 6 13 21 8 80 41 7 43 83 45 25 6 22 15 94 64 73 22 45 39 21 43 13 25 82 78 77 88 66 100 63 83 12 90 43 10 8 10 53 69 69 2 42 19 40 58 93 11 52 74 38 1 99 51 3 41 97 53 40 58 99 13 65 0 100 40 37 98 83 46 87 60 26 56 82 12 23 89 31 77 96 72 51 92 66 100 67 22 34 4 17 78 5 85 15 7 41 19
32 5 24 64 19 1 51 98 43 62 62 63 33 16 74 52 61 53 55 45 94 45 71 51 51 9 93 92 21 67 82 50 21 13 95 30 30 41 73 38 79 58 83 42 77 13 17 59 3 49 67 15 21 46 94 66 84 50 11 31 39 91 58 31 19 50 47 76 22 24 44 19 19 86 15 74 10 31 33 89 80 66 92 31 5 24 48 78 38 59 4 52 67 24 15 21 37 24 69 77 12 91 43 70 71 37 11 31 99 74 66 17 100 17 76 36 100 0 64 16 97 90 59 9 14 15 66 30 83 1 93 74 75 55 54 45 48 25 52 95 77 51 75 40 24 55 45 62 9 96 12
7 32 78 84 49 80 54 83 30 87 52 27 100 70 27 83 57 69 58 66 37 41 16 22 76 52 58 44 90 73 55 66 65 22 55 60 74 39 20 76 57 75 91 71 37 95 76 8 38 85 32 48 68 77 85 25 40 86 8 55 73 75 6 36 14 69 25 98 60 31 58 77 80 66 49 60 99 65 31 13 15 67 18 54 35 82 13 4 81 80 12 86 44 91 19 86 59 97 45 21 100 76 24 5 76 20 64 52 31 35 16 48 68 29 79 83 40 64 0 40 44 100 72 96 69 81 95 70 16 28 56 48 61 94 26 88 6 69 45 44 63 56 1 49 93 34 37 67 92 62 18
28 52 65 44 98 19 93 4 98 43 75 59 97 59 87 28 61 81 21 16 55 17 77 98 91 44 57 99 83 56 87 93 13 1 94 83 69 42 7 84 33 30 89 55 83 81 41 16 39 90 14 50 48 94 21 8 7 20 18 35 50 66 25 66 70 80 34 96 73 25 25 4 24 70 7 50 90 18 22 13 19 11 27 49 97 15 79 58 84 46 80 19 14 21 92 67 34 67 1 32 96 78 96 25 72 82 60 94 9 36 24 27 4 46 66 12 37 16 40 0 25 29 60 28 70 4 41 88 29 40 58 71 68 43 16 38 42 54 100 55 71 43 75 22 99 33 9 56 17 67 22
28 100 9 90 59 51 28 88 42 32 26 50 35 87 52 85 72 77 36 34 48 8 61 54 76 15 84 23 22 86 71 56 25 46 96 43 83 23 82 66 52 67 45 96 67 23 93 76 7 42 97 20 86 23 83 80 64 71 99 4 92 49 25 67 18 8 12 7 18 36 52 91 7 69 96 26 22 54 81 50 38 29 30 40 85 35 52 59 30 44 77 63 39 47 56 52 84 9 63 15 95 31 27 95 12 79 4 11 40 48 1 48 82 19 6 15 98 97 44 25 0 75 12 89 56 85 82 36 24 97 1 94 96 3 19 56 91 77 78 42 92 29 2 1 82 76 87 83 14 3 14
69 89 42 59 49 44 26 94 36 2 50 97 75 55 65 24 81 58 78 65 47 68 34 85 11 70 64 58 79 52 91 78 47 70 98 12 23 54 67 53 1 83 68 86 84 27 48 77 15 31 5 10 57 26 81 43 13 96 62 93 77 24 36 63 64 15 29 33 41 34 91 41 30 87 30 58 93 35 63 38 62 33 37 11 60 38 87 26 15 63 53 26 56 94 28 20 74 12 39 34 37 25 42 32 74 34 15 97 75 35 21 26 87 69 81 8 83 90 100 29 75 0 28 66 53 74 86 97 45 9 45 90 15 4 68 65 85 41 19 37 46 92 71 34 36 38 60 66 74 91 67
36 37 51 41 55 44 48 12 38 70 86 71 17 64 2 74 97 59 88 68 98 37 44 74 29 77 61 82 91 4 50 70 53 36 14 96 49 51 83 42 84 35 29 29 24 68 44 57 23 25 92 1 19 70 16 50 20 47 51 36 46 69 67 87 59 27 3 72 35 57 58 53 42 90 82 88 35 90 17 37 17 2 52 14 45 63 46 71 100 22 39 55 88 8 23 81 22 9 66 75 39 79 85 18 2 56 6 81 11 18 85 43 17 61 31 55 46 59 72 60 12 28 0 69 100 42 33 31 51 33 18 14 85 81 68 33 35 5 19 38 63 52 88 72 58 79 88 98 44 34 85
11 74 16 37 48 97 76 44 60 96 91 39 82 85 59 35 7 68 69 25 98 30 24 9 14 63 69 70 93 24 46 24 92 87 40 54 98 6 22 8 9 11 100 72 93 82 28 13 48 28 51 63 4 28 28 51 56 61 86 33 57 1 4 20 21 28 66 91 90 54 92 12 10 16 23 54 90 16 66 47 8 4 14 99 88 20 71 91 65 19 14 71 38 99 50 73 48 90 8 3 13 19 36 75 53 81 5 33 6 34 74 56 98 21 73 96 87 9 96 28 89 66 69 0 58 37 21 41 53 21 11 34 85 6 80 75 16 45 75 29 16 47 62 30 20 51 56 62 66 64 64
67 46 97 99 57 65 90 6 35 75 84 74 50 63 24 48 7 81 43 62 69 4 66 69 57 92 93 4 46 28 33 3 9 56 18 64 42 1 81 78 55 40 51 18 21 43 31 82 57 29 89 75 65 7 5 35 68 95 28 67 81 22 78 69 90 60 29 16 69 88 63 37 65 77 50 86 26 61 62 91 90 35 41 42 3 14 11 33 14 36 7 91 51 97 81 46 12 12 13 82 97 100 87 54 60 22 10 12 42 7 13 13 8 22 76 24 60 14 69 70 56 53 100 58 0 16 82 9 63 18 17 61 85 99 89 73 33 23 62 10 81 9 96 3 4 32 24 62 63 38 13
26 100 64 36 64 8 4 38 50 64 80 11 56 62 69 20 4 44 8 94 96 100 94 11 35 79 5 47 53 34 50 25 85 79 25 57 46 37 60 31 84 21 4 36 28 42 23 97 55 49 15 23 7 14 29 8 87 14 94 11 40 92 95 17 56 30 74 73 9 51 51 64 22 45 56 76 22 46 59 18 16 65 52 88 36 77 48 50 33 23 37 36 50 49 75 3 6 61 48 47 73 40 70 92 97 97 73 99 64 56 40 18 36 24 34 32 26 15 81 4 85 74 42 37 16 0 98 97 35 58 60 56 19 91 23 39 32 2 82 97 65 74 40 62 57 79 17 53 20 40 69
62 81 65 80 47 14 25 13 33 66 91 22 86 28 20 28 39 92 19 32 3 65 44 11 85 3 7 27 60 64 77 51 60 79 45 83 61 90 99 85 10 17 61 40 29 57 14 4 45 29 12 92 75 61 99 17 70 17 77 68 58 1 71 76 11 46 30 99 97 29 57 62 83 93 80 24 9 97 29 28 85 69 43 9 33 78 7 48 15 26 30 85 17 22 15 35 35 13 38 31 66 16 56 2 24 18 65 87 4 79 82 100 70 89 98 62 56 66 95 41 82 86 33 21 82 98 0 74 40 69 99 52 5 99 74 71 28 18 58 83 78 78 87 68 9 44 69 89 94 86 82
74 26 40 46 9 63 53 10 82 18 95 93 30 54 82 64 75 41 100 68 87 94 7 11 62 44 13 26 71 54 29 26 49 24 36 67 18 40 74 78 65 3 86 23 4 14 81 46 42 85 2 18 17 6 49 16 70 35 8 96 84 78 51 88 55 66 49 65 59 81 27 51 65 3 48 71 24 26 98 37 22 47 85 10 38 16 74 13 90 67 83 83 69 62 35 67 52 25 38 39 49 46 27 1 29 3 88 39 30 56 17 3 15 35 40 89 82 30 70 88 36 97 31 41 9 97 74 0 36 27 83 47 73 41 45 31 6 93 33 20 23 16 78 34 34 48 84 24 77 29 95
83 22 50 6 13 1 31 12 74 40 95 76 33 99 48 30 20 100 10 52 83 84 17 18 56 30 74 50 71 19 20 33 58 19 89 20 15 56 29 42 44 57 87 90 79 33 69 75 47 83 93 41 46 61 17 73 82 54 8 16 67 43 14 7 44 18 39 24 63 95 95 18 76 62 34 8 69 27 2 23 64 56 66 68 13 4 78 8 74 24 31 13 38 44 30 67 40 54 1 47 13 12 24 19 69 13 66 58 7 81 56 83 36 39 66 98 12 83 16 29 24 45 51 53 63 35 40 36 0 9 65 52 74 57 44 32 11 87 73 81 36 27 33 41 84 75 52 19 17 44 50
52 66 99 16 32 58 83 27 34 43 2 46 75 31 94 95 83 27 73 93 37 50 48 41 97 21 14 74 40 77 80 49 62 69 36 17 76 62 97 47 35 11 54 97 9 50 32 35 90 6 75 46 46 26 3 31 6 46 46 74 28 43 22 49 33 71 96 52 4 8 76 15 12 29 57 34 39 92 31 49 30 80 23 27 93 47 90 43 26 59 35 1 33 50 73 92 96 53 71 25 85 43 12 24 13 63 37 85 58 24 7 98 31 96 34 72 23 1 28 40 97 9 33 21 18 58 69 27 9 0 22 75 7 88 34 74 16 19 89 28 28 76 86 79 41 44 22 90 39 41 44
42 9 100 73 66 48 92 77 95 74 67 47 69 81 67 27 66 7 7 60 80 88 86 63 26 50 17 23 59 40 16 72 8 43 44 50 86 15 21 68 30 85 55 16 98 12 16 26 44 67 42 19 38 37 52 93 31 42 28 96 25 8 97 45 92 12 44 86 21 28 39 25 17 66 23 45 40 9 23 25 43 10 6 50 29 41 8 18 42 70 65 96 65 4 65 43 19 91 20 42 97 36 7 88 59 65 96 41 65 56 6 30 12 16 2 98 89 93 56 58 1 45 18 11 17 60 99 83 65 22 0 64 53 60 12 52 55 74 11 15 42 88 28 39 92 94 8 55 11 92 3
84 43 60 35 70 99 17 11 74 81 1 25 16 43 31 86 1 86 54 79 75 83 27 62 67 5 62 7 61 70 37 57 79 51 14 1 26 63 63 57 18 59 1 57 29 38 13 99 92 98 16 20 100 99 33 94 13 9 67 54 42 42 31 56 57 98 5 30 5 31 74 14 68 84 14 7 8 52 68 7 14 91 85 91 20 21 31 18 68 46 28 69 87 64 76 10 64 100 37 77 70 29 68 71 50 60 51 56 37 79 33 67 81 90 30 19 31 74 48 71 94 90 14 34 61 56 52 47 52 75 64 0 45 54 78 7 70 47 50 48 79 12 18 25 5 1 48 14 71 85 17
37 55 16 32 27 72 29 59 57 18 97 31 93 84 89 18 57 53 64 37 66 87 48 70 66 14 51 47 76 25 27 41 27 96 5 21 5 81 7 10 60 93 83 5 67 61 39 35 38 54 51 92 74 72 29 34 36 70 35 6 54 45 27 78 77 2 77 34 95 13 31 78 83 64 77 30 89 1 78 40 59 93 17 58 78 82 68 91 77 85 57 96 34 1 99 40 71 40 86 93 72 23 64 94 68 11 48 41 53 28 73 97 83 30 6 49 77 75 61 68 96 15 85 85 85 19 5 73 74 7 53 45 0 6 48 73 33 59 26 10 53 4 73 60 100 96 24 94 36 3 24
30 69 8 70 70 82 36 28 47 55 57 81 37 12 81 65 43 78 6 4 20 64 15 67 9 10 48 87 43 2 71 22 55 3 50 12 12 53 18 31 37 49 87 87 47 58 29 80 13 32 82 73 81 22 34 66 44 97 94 52 86 64 5 10 90 87 4 13 35 94 55 92 71 98 8 52 32 100 1 15 43 28 15 39 63 86 21 45 70 84 24 54 66 47 29 15 67 84 32 60 28 3 42 9 20 79 17 18 4 30 21 16 74 14 21 12 96 55 94 43 3 4 81 6 99 91 99 41 57 88 60 54 6 0 57 9 99 64 23 56 83 38 17 82 41 6 29 40 35 40 100
11 46 33 68 62 4 90 73 45 35 89 90 26 89 10 67 32 70 66 65 88 57 32 52 61 71 90 15 8 81 23 95 33 67 68 10 34 14 65 49 80 72 56 33 94 36 93 43 67 19 8 100 4 11 41 68 84 40 30 6 26 35 94 99 64 13 16 53 59 47 85 47 46 88 50 84 85 47 97 58 18 93 27 49 36 86 91 56 80 88 63 35 55 46 78 6 81 82 82 25 25 51 22 27 65 50 68 91 66 27 26 55 89 64 74 89 72 54 26 16 19 68 68 80 89 23 74 45 44 34 12 78 48 57 0 61 61 71 34 80 54 16 7 62 54 59 2 20 84 49 8
86 82 86 56 49 29 4 75 66 98 75 64 40 61 24 40 43 80 17 88 89 43 16 78 47 98 69 23 29 91 57 35 91 82 9 35 31 52 33 32 73 61 50 8 94 6 36 72 82 91 76 15 70 58 53 33 44 59 80 10 82 44 63 17 6 62 4 28 48 54 24 65 22 96 13 43 21 48 73 20 16 81 3 29 10 57 74 36 4 82 96 17 76 88 73 56 40 42 63 70 38 46 38 84 14 100 63 95 30 95 67 8 67 29 48 61 51 45 88 38 56 65 33 75 73 39 71 31 32 74 52 7 73 9 61 0 65 56 82 64 10 11 11 55 40 10 78 57 22 7 24
57 66 65 67 12 83 19 55 35 41 36 42 49 76 88 89 67 37 32 94 14 53 12 100 83 65 87 62 92 42 19 83 22 46 72 63 14 20 45 20 100 24 16 42 35 79 82 99 94 97 33 57 66 1 22 23 21 4 84 70 85 48 34 17 27 62 79 32 98 80 92 64 43 29 60 68 46 4 45 23 24 33 12 37 89 13 96 36 99 93 49 87 3 58 51 31 31 14 1 45 96 90 72 7 4 82 83 44 75 64 52 77 35 87 96 28 92 48 6 42 91 85 35 16 33 32 28 6 11 16 55 70 33 99 61 65 0 79 23 85 78 40 89 5 4 71 4 70 70 41 84
41 79 24 41 34 67 19 66 23 29 21 8 4 54 67 59 76 86 44 20 75 10 9 32 34 100 91 79 62 45 3 35 100 44 100 52 74 37 99 49 83 12 99 53 58 24 64 68 33 57 75 71 18 90 32 5 91 33 47 6 20 51 26 13 71 96 43 7 95 25 64 17 31 81 68 66 63 76 29 29 67 45 47 1 2 77 55 65 78 29 25 23 82 51 7 57 20 38 4 74 42 70 44 99 99 54 43 95 82 4 50 66 29 79 14 55 66 25 69 54 77 41 5 45 23 2 18 93 87 19 74 47 59 64 71 56 79 0 22 71 75 41 87 50 21 64 39 86 26 36 50
19 71 61 52 37 13 48 31 91 70 10 87 70 97 83 75 88 9 67 75 92 90 31 12 93 88 43 59 9 19 79 61 84 92 72 67 27 24 39 66 31 70 75 78 34 23 63 19 21 5 83 49 23 2 88 47 87 35 44 12 93 58 92 19 56 62 90 98 3 73 6 69 41 91 50 46 6 55 83 46 82 49 24 33 31 22 81 32 72 95 81 71 88 22 14 99 79 7 92 59 8 40 52 42 2 44 7 31 39 60 89 76 22 22 68 67 100 52 45 100 78 19 19 75 62 82 58 33 73 89 11 50 26 23 34 82 23 22 0 42 76 56 4 7 53 37 6 66 64 32 9
81 81 97 55 84 85 81 37 2 60 15 15 69 80 99 66 70 44 22 5 69 20 23 35 12 98 72 82 82 54 4 16 1 82 60 66 43 77 44 38 27 85 63 74 79 17 91 53 23 36 8 74 86 20 5 35 7 29 96 58 19 18 82 100 49 6 38 53 74 19 36 27 1 34 79 60 42 32 67 71 99 75 76 98 100 58 76 33 72 55 46 74 73 90 19 39 47 6 67 67 10 92 91 43 36 94 95 11 14 66 9 88 57 93 74 85 67 95 44 55 42 37 38 29 10 97 83 20 81 28 15 48 10 56 80 64 85 71 42 0 28 44 50 9 72 73 88 81 40 65 2
55 63 25 41 19 76 13 1 97 14 63 67 40 47 91 98 77 87 20 5 68 58 58 75 46 57 2 60 29 33 48 79 2 23 3 91 71 44 46 68 2 74 98 9 11 66 21 18 24 73 39 3 66 63 64 80 80 40 17 23 53 69 62 65 32 87 52 30 45 54 100 20 11 41 55 78 98 3 17 10 100 16 55 88 46 8 3 44 67 6 96 10 16 14 4 65 64 19 38 79 66 32 55 42 98 33 3 9 88 36 90 92 26 34 75 32 22 77 63 71 92 46 63 16 81 65 78 23 36 28 42 79 53 83 54 10 78 75 76 28 0 49 66 55 44 9 74 70 22 13 48
72 61 49 70 14 65 65 74 12 57 94 74 78 31 26 1 91 56 26 8 75 23 26 22 77 46 46 16 87 30 21 84 54 54 76 2 26 31 77 17 30 62 63 72 67 63 3 60 27 75 62 14 27 34 73 31 43 7 53 70 36 60 26 76 57 100 33 38 63 97 92 53 82 87 26 9 67 57 69 4 62 96 19 85 47 19 18 36 21 27 10 74 67 92 25 86 34 82 88 81 17 13 20 69 50 3 73 7 68 1 49 89 55 73 33 64 34 51 56 43 29 92 52 47 9 74 78 16 27 76 88 12 4 38 16 11 40 41 56 44 49 0 5 3 23 25 72 73 21 49 84
57 11 89 64 69 22 5 50 11 74 2 66 63 58 27 89 55 54 89 92 93 92 25 18 42 21 79 52 97 18 3 77 5 54 45 21 49 7 18 72 76 85 30 14 10 86 57 8 16 34 47 50 39 15 81 71 40 95 85 72 5 60 57 5 12 25 1 8 90 54 64 5 16 25 64 87 46 78 73 76 29 34 91 97 40 24 46 57 50 76 48 35 68 77 35 58 74 45 71 4 63 95 47 90 42 6 23 3 56 67 4 42 95 82 63 72 4 75 1 75 2 71 88 62 96 40 87 78 33 86 28 18 73 17 7 11 89 87 4 50 66 5 0 74 100 63 90 56 33 96 72
48 23 74 9 72 67 45 22 39 97 28 10 74 82 34 61 82 51 58 7 64 23 96 76 18 94 39 41 29 91 12 71 7 20 52 88 15 52 50 11 23 96 61 56 44 38 27 31 19 61 53 5 65 59 49 2 16 30 17 58 76 88 27 41 24 6 39 73 22 57 6 41 27 2 89 35 13 52 7 93 31 42 91 37 80 68 63 83 96 27 84 33 47 90 25 82 58 67 33 83 38 94 60 25 15 17 33 25 65 29 92 29 92 4 31 84 17 40 49 22 1 34 72 30 3 62 68 34 41 79 39 25 60 82 62 55 5 50 7 9 55 3 74 0 19 27 21 11 27 43 73
88 84 4 42 52 9 65 29 85 69 90 66 31 4 65 42 12 5 67 36 77 14 72 94 74 51 87 94 36 80 58 51 52 73 39 59 60 35 39 33 74 63 56 35 66 36 83 42 67 15 71 22 15 7 27 44 97 58 30 24 47 62 77 48 54 51 69 36 26 75 47 20 6 8 67 73 44 72 76 100 81 39 75 4 100 39 3 62 39 20 69 69 90 91 91 77 71 8 58 63 14 84 54 92 88 79 45 45 18 96 51 60 37 43 73 23 78 24 93 99 82 36 58 20 4 57 9 34 84 41 92 5 100 41 54 40 4 21 53 72 44 23 100 19 0 38 1 100 96 19 34
66 69 56 84 63 71 84 52 99 7 98 97 60 3 27 47 35 19 70 97 20 87 6 62 81 93 16 85 1 77 27 90 28 78 83 41 91 29 76 76 95 88 100 74 60 73 87 5 59 37 67 1 13 36 1 76 35 48 81 20 66 77 34 48 59 18 67 11 41 74 5 52 20 69 30 48 23 10 65 45 25 69 60 76 6 66 66 48 48 11 94 70 77 5 100 98 23 76 14 96 50 92 25 85 69 25 50 31 23 73 8 73 23 5 60 29 5 55 34 33 76 38 79 51 32 79 44 48 75 44 94 1 96 6 59 10 71 64 37 73 9 25 63 27 38 0 79 72 84 97 61
5 46 75 88 56 53 51 84 10 83 100 14 1 58 97 55 87 84 63 63 44 25 100 87 19 48 96 70 70 51 92 5 50 26 50 10 43 4 100 73 47 13 82 69 73 27 89 21 10 80 70 50 89 36 17 92 62 67 92 90 75 83 73 32 36 29 23 15 62 33 10 89 72 2 68 13 70 70 69 35 57 36 12 66 19 48 98 3 79 51 65 17 97 92 62 49 8 12 90 13 75 54 33 31 78 37 1 64 100 33 67 50 22 48 86 21 85 45 37 9 87 60 88 56 24 17 69 84 52 22 8 48 24 29 2 78 4 39 6 88 74 72 90 21 1 79 0 17 40 18 64
48 4 41 79 37 73 22 36 48 69 61 23 85 62 59 70 33 66 65 66 53 85 74 96 33 51 97 34 98 40 11 48 2 36 6 87 63 38 99 8 32 14 99 79 100 73 93 6 33 16 58 3 56 73 37 12 25 63 92 1 81 35 82 3 27 55 69 32 77 69 78 20 43 98 41 52 75 34 85 99 7 8 71 28 31 46 68 68 32 77 57 9 78 86 79 85 82 31 33 37 48 47 78 97 27 14 28 89 76 73 70 31 4 14 50 63 15 62 67 56 83 66 98 62 62 53 89 24 19 90 55 14 94 40 20 57 70 86 66 81 70 73 56 11 100 72 17 0 77 96 72
31 49 79 71 33 39 77 15 74 20 74 66 22 88 30 19 68 43 23 1 95 66 96 57 85 63 64 7 37 6 97 16 5 16 94 74 36 80 93 6 46 61 27 83 89 97 3 82 49 9 98 33 4 4 7 16 85 2 46 30 27 73 26 9 27 20 69 61 3 95 75 49 32 99 73 39 66 71 31 10 80 87 29 24 51 78 54 75 73 75 62 92 37 62 46 3 67 42 61 88 89 34 70 45 43 63 91 14 46 81 30 70 31 60 33 28 7 9 92 17 14 74 44 66 63 20 94 77 17 39 11 71 36 35 84 22 70 26 64 40 22 21 33 27 96 84 40 77 0 28 49
81 29 34 23 94 73 35 73 76 88 74 76 96 69 86 56 100 12 100 10 56 59 80 49 40 15 66 36 91 90 3 54 92 44 62 64 30 71 32 29 70 41 30 21 74 34 74 61 70 93 7 43 99 33 31 39 76 71 12 70 42 95 31 19 92 47 57 13 22 2 75 81 90 62 2 42 43 5 78 79 87 97 55 55 84 37 57 26 73 50 91 5 22 87 4 8 40 75 58 47 49 24 73 54 68 55 89 91 16 64 95 94 28 76 84 69 41 96 62 67 3 91 34 64 38 40 86 29 44 41 92 85 3 40 49 7 41 36 32 65 13 49 96 43 19 97 18 96 28 0 37
49 52 3 71 36 50 41 33 46 68 11 79 67 46 90 32 81 97 24 80 73 52 8 18 69 56 19 78 45 69 47 94 29 55 49 12 4 62 51 68 52 71 66 47 7 36 17 3 11 56 46 23 66 73 92 91 3 88 69 6 60 88 98 75 2 29 31 82 21 66 96 61 47 36 17 5 26 29 45 81 74 72 26 54 76 35 93 19 28 39 20 43 15 15 71 46 91 97 26 7 78 42 4 92 84 12 45 65 76 74 1 45 79 32 44 44 19 12 18 22 14 67 85 64 13 69 82 95 50 44 3 17 24 100 8 24 84 50 9 2 48 84 72 73 34 61 64 72 49 37 0
36 55 45 35 50 0 28 63 48 0 63 58 65 21 72 20 17 26 64 2 26 68 60 30 19 55 58 58 65 66 20 13 5 65 44 41 44 63 16 30 46 44 22 38 23 57 54 52 52 14 2 48 23 60 73 27 36 25 58 59 53 26 67 66 75 46 44 2 65 14 39 11 64 64 47 46 61 63 65 32 5 34 1 61 61 56 15 24 4 53 33 58 74 2 36 24 53 10 25 52
0 28 145 54 110 120 142 66 115 58 50 46 116 45 7 6 24 0
19
44.83738946914673