50 100
0 10 5 4 0 2 7 1 8 8 1 1 4 8 8 1 7 9 1 3 9 5 5 7 2 5 3 10 0 0 9 4 7 8 3 8 10 5 1 0 2 10 9 6 1 9 4 3 7 7 9 1 8 8 4 8 10 3 1 10 1 3 4 7 6 4 1 1 8 3 10 8 2 4 10 0 9 2 10 8 8 8 2 6 3 8 7 8 0 0 7 6 6 7 3 3 10 5 10 2
5 2 7 8 8 5 7 5 5 10 9 0 6 6 6 6 7 2 5 3 3 0 9 2 1 6 7 10 1 4 6 0 8 3 1 5 9 6 10 7 8 2 8 8 6 7 1 7 6 8 8 4 9 5 2 1 0 4 10 3 4 5 10 2 6 3 0 1 5 10 2 10 6 2 9 1 0 7 1 9 1 9 10 10 10 10 9 2 1 10 2 9 4 7 6 5 8 9 4 7
6 8 2 3 10 7 0 3 4 8 4 8 4 9 4 0 8 0 10 7 2 1 8 4 10 1 1 5 4 2 5 9 5 5 0 7 7 6 9 1 4 3 7 5 5 4 2 2 6 2 0 8 10 6 5 5 9 2 3 1 4 7 3 0 10 9 1 3 10 5 8 6 6 0 1 4 1 9 5 6 1 4 10 6 0 6 3 10 7 9 10 4 6 8 6 2 8 5 5 0
6 9 7 7 4 7 6 2 10 3 2 4 2 1 6 7 8 10 6 10 2 5 8 10 7 6 7 3 1 10 6 5 0 1 6 1 9 2 0 6 9 0 2 0 8 1 6 7 4 4 10 0 0 9 8 1 0 6 10 8 1 10 8 9 1 7 3 9 1 2 4 2 4 7 0 2 8 6 8 8 4 9 4 4 6 2 8 0 10 9 7 2 4 0 4 1 3 10 1 10
4 1 10 10 0 4 4 3 2 10 3 7 6 3 8 7 5 3 0 2 8 9 6 4 0 9 6 7 3 2 6 3 10 2 8 1 1 8 5 6 10 7 3 10 4 3 1 7 9 10 7 2 0 10 5 3 7 9 4 0 9 5 8 2 9 6 2 4 6 8 4 8 1 1 8 10 7 0 5 6 5 7 0 2 4 4 7 1 2 10 0 5 7 8 6 6 4 9 10 4
0 2 10 6 6 10 2 9 9 2 9 5 7 3 1 3 10 1 1 1 3 2 6 7 6 9 7 0 0 2 5 8 9 3 0 2 2 7 9 2 1 6 1 1 5 0 7 0 0 2 9 5 6 8 5 6 7 7 8 8 6 4 10 4 0 9 8 1 8 4 9 1 7 10 9 2 1 2 10 10 10 1 1 10 0 1 10 10 2 4 6 1 8 2 10 9 9 6 7 3
10 10 1 10 8 9 8 2 3 6 5 8 6 2 10 0 5 6 4 8 10 3 3 2 6 10 8 5 4 4 9 4 8 0 9 10 9 1 8 6 4 8 8 1 10 4 2 6 5 9 10 3 4 7 4 5 1 1 5 10 5 3 8 6 3 4 1 1 6 8 5 7 0 0 2 10 9 4 0 4 9 8 4 4 1 7 5 8 0 6 0 3 3 7 9 6 7 7 0 5
3 1 7 4 5 0 5 1 5 8 0 6 7 2 9 6 5 7 7 2 6 3 5 1 7 9 9 8 6 6 6 3 3 9 1 8 0 1 3 0 7 10 2 7 6 5 8 0 3 3 9 2 3 5 1 7 5 10 5 0 10 10 7 1 0 10 9 10 2 0 3 3 3 6 5 3 4 5 10 9 4 1 2 1 10 7 3 7 3 5 9 8 3 5 8 6 5 4 0 4
7 7 5 1 0 0 0 9 4 0 8 9 7 9 9 6 9 2 4 7 4 4 2 6 9 1 8 10 6 6 4 7 1 0 0 1 9 0 6 4 9 1 8 10 9 2 6 7 9 0 10 5 10 1 9 2 5 6 2 9 4 0 2 8 1 0 0 5 8 5 8 0 10 2 0 3 8 9 2 5 0 6 7 4 3 6 7 8 10 8 3 4 2 4 6 4 8 6 9 7
9 8 4 9 0 8 1 7 7 1 2 7 2 0 6 3 4 10 0 9 4 1 8 1 2 9 3 5 1 9 10 8 6 3 0 5 4 5 6 3 3 8 10 0 10 4 0 8 9 9 5 2 5 1 5 8 5 1 9 5 3 0 0 8 1 2 5 4 10 8 5 2 0 5 6 5 7 7 6 2 1 0 10 7 4 2 9 2 1 6 10 10 9 7 6 1 10 2 10 2
2 4 8 4 10 6 5 6 10 6 1 4 9 3 8 10 1 1 3 1 5 9 10 0 10 6 1 1 4 7 8 1 6 5 7 10 0 7 6 0 2 7 0 10 3 8 10 9 5 10 6 6 6 5 7 2 0 5 9 1 0 4 3 1 10 5 7 1 10 3 1 7 5 0 0 8 10 1 5 4 6 1 6 9 9 2 1 3 9 4 1 2 4 5 7 0 0 3 0 3
1 9 0 1 2 7 7 1 7 10 8 1 7 7 4 8 4 2 9 9 1 5 3 8 2 9 2 4 6 2 3 4 2 7 2 6 2 6 9 8 4 4 0 2 4 1 3 7 4 10 0 9 10 8 0 10 7 7 9 5 5 1 10 2 2 6 6 8 0 7 7 3 2 0 5 10 1 8 5 10 6 6 2 1 10 6 8 10 2 6 10 4 9 7 6 2 0 0 10 2
7 4 4 3 4 5 6 8 3 8 0 2 3 7 0 3 6 9 1 2 1 4 0 10 2 0 4 7 7 7 7 7 3 3 7 7 9 10 2 10 4 5 10 2 8 4 9 6 2 2 10 8 6 3 5 3 4 8 7 10 4 1 6 9 5 9 6 7 4 5 0 0 8 9 0 9 1 10 7 8 7 1 10 8 9 6 2 3 3 6 3 0 9 5 3 5 4 6 10 1
9 5 1 7 2 4 7 3 10 3 5 10 4 7 9 5 9 1 9 5 3 5 3 8 7 6 10 3 6 9 2 6 3 0 8 4 4 0 1 4 5 0 6 7 4 1 8 3 2 2 5 6 0 3 8 7 7 10 9 1 10 9 8 1 1 1 5 1 5 4 1 5 6 10 1 1 9 7 8 8 9 6 3 8 8 9 0 9 3 2 3 1 4 4 0 6 6 5 6 8
4 2 6 1 9 7 5 9 1 2 7 1 4 10 5 1 6 9 6 3 7 3 10 4 2 9 4 6 1 3 3 2 8 4 3 0 8 0 10 7 2 5 1 9 1 2 3 8 2 0 0 4 2 3 5 6 10 9 2 9 5 8 0 7 5 3 3 4 1 5 5 8 0 8 1 8 10 4 9 10 7 7 5 9 7 3 1 4 1 9 3 6 8 3 1 6 10 9 0 3
9 10 5 7 1 10 0 1 3 2 0 0 4 8 6 4 0 10 5 3 0 6 9 1 9 9 7 4 5 5 3 8 8 0 9 0 1 10 6 5 9 3 3 5 9 3 10 5 8 8 10 0 5 10 9 3 1 5 6 5 10 8 1 4 7 1 3 7 4 9 6 2 1 1 5 9 8 7 10 3 10 0 4 9 0 6 3 8 0 3 3 4 1 3 6 10 10 9 2 4
5 3 3 9 5 4 0 3 8 6 4 1 1 8 9 9 1 3 8 9 2 7 4 10 5 4 2 7 9 6 2 0 3 1 0 7 3 7 9 8 0 2 6 3 4 9 10 3 2 1 2 3 0 0 7 4 7 4 4 7 10 10 4 8 5 1 2 0 4 4 3 9 3 0 2 10 5 4 10 2 7 10 1 5 6 10 3 2 10 9 7 4 7 8 3 10 0 2 9 10
3 0 8 10 8 6 7 10 1 8 0 6 2 5 3 6 4 6 3 6 9 7 8 5 9 4 9 7 8 10 1 9 10 1 8 10 1 10 5 6 7 10 0 9 1 5 5 10 6 5 5 8 6 7 2 6 5 6 2 5 5 10 5 5 7 3 7 8 6 2 10 5 7 7 4 9 2 2 0 7 10 4 3 9 7 5 9 0 0 2 10 5 5 1 5 4 0 5 7 6
4 2 3 3 9 8 8 4 9 10 8 1 1 7 7 8 6 2 7 0 0 6 10 0 4 8 8 10 7 9 1 4 2 1 5 4 5 0 5 9 10 2 5 10 4 4 8 7 6 8 1 5 3 10 9 5 7 7 5 7 4 5 5 8 0 5 6 8 1 1 0 8 3 3 1 5 7 4 1 4 0 8 6 10 4 6 3 8 9 3 10 6 3 0 7 2 4 10 8 7
4 6 5 3 4 10 2 4 4 3 3 4 7 8 5 4 7 0 9 5 8 3 3 8 1 1 2 5 5 6 1 9 1 6 4 10 10 3 10 5 10 4 0 10 9 6 0 4 9 9 1 0 6 4 6 4 1 3 4 3 9 4 7 5 0 6 1 6 5 3 4 3 3 8 10 7 0 10 1 4 6 0 8 6 6 10 2 1 1 8 4 1 1 9 0 0 0 6 10 7
6 4 3 8 9 10 2 8 10 6 4 4 1 7 3 7 2 9 10 9 6 1 4 1 3 1 10 5 9 5 3 8 6 2 9 4 5 9 7 5 2 8 0 10 6 1 1 6 6 5 9 9 4 1 0 1 9 8 5 5 9 5 3 8 10 5 7 0 10 6 0 0 8 8 7 1 7 3 3 5 4 7 2 7 8 9 7 10 0 5 8 5 6 10 8 0 6 3 3 0
8 1 1 4 5 8 7 4 7 2 1 4 1 10 10 9 2 9 10 9 1 8 3 3 6 7 9 0 2 1 2 4 9 8 8 6 5 1 9 1 2 7 5 6 10 5 8 5 5 7 6 6 4 1 7 3 1 5 8 0 9 10 9 2 5 0 1 2 10 4 10 3 6 8 1 8 3 1 7 5 8 3 2 6 10 0 9 10 9 9 1 7 2 8 3 0 0 8 3 9
10 5 3 4 7 4 9 1 8 10 0 8 9 3 0 2 8 6 9 8 5 7 3 2 1 5 9 9 1 5 0 2 8 10 5 5 0 2 9 4 2 0 8 8 7 0 2 8 2 7 5 7 10 10 9 3 6 4 5 7 2 7 4 8 9 4 7 8 0 2 6 3 2 9 3 1 6 6 9 7 8 2 2 3 6 2 4 2 8 5 5 3 5 5 9 5 10 9 6 9
4 3 0 3 0 0 4 1 6 10 3 0 9 3 0 10 1 6 1 9 6 9 1 1 3 8 1 4 8 3 4 2 6 5 8 5 1 3 3 10 1 7 10 2 3 7 0 5 0 8 10 5 1 9 9 0 2 1 9 1 1 2 1 0 4 7 3 5 2 10 6 0 9 6 3 0 2 4 0 3 0 2 6 1 10 10 5 6 6 10 10 1 9 10 5 7 0 0 4 9
1 0 1 10 7 0 2 2 7 7 6 10 1 2 6 2 4 9 8 1 7 1 5 10 5 0 4 6 7 2 9 10 10 9 2 5 9 3 2 2 0 2 3 7 0 2 10 2 1 9 8 6 0 5 0 0 5 7 2 0 8 1 9 6 10 7 7 0 8 0 4 9 5 2 9 9 8 8 7 1 2 9 3 8 3 1 10 3 3 9 10 5 9 5 7 8 8 1 7 10
8 0 1 5 9 5 8 5 10 1 6 9 5 10 3 8 7 6 6 5 3 8 7 1 9 3 2 7 1 6 2 8 7 6 5 1 8 2 3 9 3 2 2 10 6 9 2 1 1 4 10 1 2 9 2 5 6 3 9 7 0 10 7 10 9 3 8 3 5 0 10 0 10 8 8 8 5 1 3 1 2 7 1 5 6 6 6 7 10 7 5 9 3 10 0 1 8 5 7 5
8 6 2 9 10 4 2 9 8 4 8 3 5 3 6 10 5 3 4 2 5 8 10 0 6 2 2 10 9 8 10 3 2 4 2 5 1 9 9 5 3 6 6 8 8 4 9 5 9 8 4 10 2 4 6 0 10 3 0 8 1 8 9 4 4 1 6 0 9 10 10 7 7 5 7 9 0 4 5 1 6 6 3 7 10 0 10 4 8 7 6 2 2 2 1 3 6 4 5 5
3 5 2 4 9 0 3 6 7 8 3 6 3 5 2 1 2 5 6 10 6 2 4 9 6 3 0 9 6 10 5 2 10 7 6 4 2 8 4 3 3 2 9 5 2 10 6 3 0 1 4 4 9 9 9 10 6 10 4 1 4 0 3 2 0 5 7 0 0 6 6 5 0 8 10 4 5 6 4 0 3 4 5 4 10 1 2 7 5 9 2 2 1 10 5 7 3 5 1 5
9 6 8 1 3 7 0 9 0 6 8 2 6 0 1 2 7 3 6 4 4 0 6 9 4 9 6 3 6 4 6 6 0 9 6 0 9 4 10 0 10 5 4 4 8 9 5 7 7 3 3 3 9 7 5 1 4 1 4 6 1 2 1 5 2 7 9 8 3 2 8 9 7 6 0 3 6 0 3 10 9 3 3 1 2 9 5 7 10 7 6 3 2 4 0 9 8 10 7 10
10 0 3 6 5 1 9 6 6 6 7 0 0 4 1 1 4 2 8 7 1 9 2 0 9 6 4 8 6 10 3 5 10 2 10 7 1 3 2 4 3 5 10 0 2 0 0 0 10 8 1 6 9 10 0 3 10 3 10 0 10 0 8 2 9 3 4 6 0 4 2 2 10 8 6 7 5 9 0 3 7 1 0 1 5 2 8 10 6 7 7 4 8 4 1 3 2 6 6 4
4 8 1 10 7 7 7 10 10 1 2 2 1 7 10 2 0 8 8 1 4 0 8 1 10 4 4 5 2 1 9 5 0 7 5 2 6 7 4 0 2 8 6 1 1 8 1 10 2 5 1 10 5 7 10 9 4 1 10 2 7 3 0 1 4 7 10 5 1 7 4 5 4 4 3 7 2 5 6 3 5 9 7 2 3 1 7 7 9 3 6 5 2 5 5 10 3 7 7 2
1 7 3 10 6 9 9 6 0 4 8 5 3 9 3 4 2 2 6 6 8 1 8 5 1 2 8 10 8 5 5 1 7 2 1 10 9 7 6 5 0 5 2 7 2 9 5 2 4 0 10 8 2 4 3 5 8 10 0 6 0 0 1 4 7 10 9 9 9 7 0 0 0 2 6 9 8 0 1 2 0 5 8 2 5 9 10 3 5 10 8 2 7 0 0 4 7 8 1 1
9 9 1 8 1 2 3 5 0 5 8 10 2 10 2 5 7 5 4 0 2 10 0 4 10 0 3 10 0 5 1 3 2 4 9 0 7 1 8 8 5 6 8 1 6 2 6 2 3 1 10 7 9 9 2 3 5 8 1 8 8 6 5 9 8 7 3 5 1 8 10 0 0 5 10 10 9 6 6 0 5 8 6 5 2 4 10 5 6 2 10 2 9 7 3 1 0 7 1 2
7 7 9 5 2 3 9 1 9 3 2 7 1 5 7 4 8 5 7 1 9 9 0 9 3 5 0 2 3 7 3 4 7 7 5 6 10 6 7 0 9 0 1 4 5 10 9 1 9 8 5 8 3 6 3 1 1 8 4 5 6 8 3 5 0 6 0 7 0 0 9 5 7 10 4 0 6 2 10 9 9 8 1 9 5 0 8 4 1 7 1 10 9 0 4 4 3 4 3 4
5 6 4 3 9 8 7 10 5 7 8 1 8 0 1 0 7 7 9 6 5 4 8 3 9 6 0 4 1 6 2 6 4 3 10 2 7 10 7 8 10 8 10 9 4 3 10 6 2 1 7 0 9 3 0 7 0 9 2 4 3 3 3 7 8 4 0 6 1 4 5 0 8 3 7 0 7 7 3 0 1 8 6 3 7 0 3 4 0 0 3 2 1 4 7 8 4 9 4 10
10 1 3 9 1 10 3 2 5 6 7 8 6 6 10 5 0 2 5 0 9 2 5 4 5 8 0 8 6 4 6 10 8 7 4 2 7 0 5 3 10 3 1 5 4 6 7 9 7 4 6 8 6 0 10 10 8 8 10 3 7 0 8 9 0 4 5 7 3 1 2 5 8 3 2 8 9 2 9 10 9 6 8 3 8 4 0 1 9 3 10 9 4 1 9 9 7 0 6 8
6 2 9 5 1 2 6 10 1 10 3 2 0 7 0 10 4 8 5 9 2 7 3 10 5 2 4 9 1 5 9 8 5 5 9 9 2 0 1 5 5 9 8 0 1 5 8 1 5 10 2 1 1 7 5 5 0 3 9 7 9 10 4 6 10 6 10 5 10 8 0 1 6 7 10 1 2 8 10 0 10 5 9 9 1 6 3 0 4 5 2 7 7 0 7 4 5 5 2 3
0 3 5 9 2 8 9 6 0 10 8 5 7 10 2 3 9 10 7 0 8 0 1 10 10 1 8 1 3 4 6 3 4 6 3 1 3 9 6 8 9 1 0 4 4 9 2 6 0 5 2 8 4 7 4 10 6 7 6 10 1 10 10 10 8 10 3 10 10 8 6 10 3 0 5 7 0 10 3 2 8 2 8 3 6 3 6 8 0 6 0 5 8 5 3 0 8 9 2 7
5 6 10 9 2 6 5 6 2 2 4 4 0 7 2 6 5 4 6 6 10 10 10 0 2 8 8 5 3 9 6 4 9 5 4 5 2 8 1 3 1 8 7 0 6 10 3 9 3 2 7 5 1 1 9 8 4 8 2 7 3 10 0 10 6 0 1 5 2 0 1 5 8 10 4 8 2 7 9 2 4 2 7 7 6 2 7 9 4 8 0 6 7 9 8 2 6 1 1 9
0 8 9 4 4 2 7 4 2 2 0 5 2 5 2 10 2 5 8 1 1 4 7 2 6 8 10 8 7 8 1 1 4 8 3 10 7 4 4 3 2 5 4 7 2 1 0 9 7 2 5 1 7 4 2 3 7 9 9 4 3 0 8 4 8 5 5 9 4 7 5 10 9 9 0 10 1 1 4 2 5 0 8 4 10 0 7 6 3 1 1 8 4 0 10 3 0 10 10 6
1 2 1 7 5 7 10 9 4 2 10 1 9 0 2 1 10 6 2 6 1 3 10 5 4 0 4 5 4 8 2 10 9 4 2 5 5 3 7 5 0 1 3 8 3 2 2 2 5 8 1 4 3 4 3 3 0 1 10 8 3 10 0 3 8 1 10 6 0 1 2 0 8 10 4 3 0 8 8 2 9 4 5 8 9 6 5 9 2 7 9 4 5 3 10 7 3 2 5 10
0 6 4 4 8 0 9 0 3 5 2 8 0 1 8 4 10 0 7 7 3 2 2 6 3 3 8 5 8 7 8 10 7 10 1 3 0 5 9 5 9 5 10 6 0 8 6 1 7 4 8 6 0 0 4 1 8 8 3 3 10 10 4 2 5 9 7 3 10 4 6 8 10 6 1 5 9 0 9 5 5 10 9 6 1 9 1 8 0 9 2 10 0 1 7 5 9 9 2 10
7 4 7 3 7 9 3 5 9 9 3 7 4 3 2 5 2 4 3 10 3 4 8 8 0 10 5 6 9 6 5 8 4 0 7 3 0 7 0 4 1 10 6 2 0 10 8 8 5 4 7 8 8 10 3 9 10 10 0 3 10 2 10 6 0 3 7 7 3 1 10 1 9 0 4 7 0 9 9 0 10 8 4 0 9 8 0 4 1 4 3 4 10 0 5 5 1 9 1 0
7 3 6 8 0 8 10 5 2 2 2 8 4 1 0 9 3 7 6 7 5 4 7 5 7 3 4 9 8 5 3 1 7 8 4 10 9 7 3 9 4 2 8 0 8 9 10 3 6 4 8 6 6 1 6 2 2 6 8 8 5 3 2 5 8 5 7 7 8 2 1 7 7 10 6 7 0 10 1 6 3 4 8 0 5 4 2 1 5 3 7 7 7 5 6 5 5 1 5 5
2 10 3 3 7 3 7 1 9 3 6 2 0 9 3 8 0 10 4 1 2 3 3 6 10 4 5 5 7 6 7 5 8 0 7 10 5 10 4 4 8 1 7 1 1 1 1 8 8 0 9 7 7 5 2 9 10 0 9 2 0 2 0 4 5 1 4 4 10 6 5 5 8 5 3 0 9 9 7 4 6 7 4 2 0 10 0 10 7 8 4 6 5 7 7 4 9 5 5 8
6 0 3 1 5 8 2 6 0 6 10 8 8 4 8 10 7 10 7 6 6 1 4 10 2 4 8 9 2 2 2 7 4 8 7 1 9 7 9 2 1 9 10 8 4 0 3 9 1 4 10 9 7 10 7 4 7 7 7 0 6 5 7 0 9 5 8 8 6 8 0 7 4 8 1 7 5 4 10 1 6 3 4 3 7 1 3 2 6 5 10 0 1 4 8 5 1 6 1 10
9 2 2 5 9 1 4 8 3 10 0 3 3 4 8 1 2 7 10 7 4 2 8 0 8 7 4 1 7 7 9 3 0 7 10 6 9 0 8 2 4 0 10 8 2 3 9 3 9 7 4 3 10 4 1 4 8 2 1 1 2 3 9 2 4 8 1 4 7 8 10 1 2 7 6 5 4 7 5 9 6 0 5 7 1 5 2 10 5 7 7 4 5 2 3 3 2 7 0 0
10 4 10 3 0 0 3 5 1 7 8 3 0 7 5 8 6 1 6 3 1 4 3 2 10 0 10 9 9 5 9 8 7 2 7 2 1 7 8 1 5 8 9 5 7 8 9 3 10 9 5 6 9 10 1 8 6 3 3 4 9 10 7 4 0 1 9 5 7 8 1 8 2 10 0 2 1 1 4 7 7 7 0 7 6 0 2 3 5 4 3 8 10 2 10 2 0 6 0 8
8 10 1 0 7 2 7 6 4 5 6 0 2 7 0 0 2 3 4 0 2 0 8 0 8 1 4 9 0 9 6 8 9 1 2 9 1 6 10 6 3 5 10 10 2 9 6 4 5 3 7 4 1 7 1 7 10 3 5 0 3 9 4 6 7 8 9 8 7 9 9 7 3 1 8 9 7 2 9 9 6 9 3 9 7 6 0 4 7 1 4 1 6 10 3 4 2 8 5 4
5 8 5 3 3 10 7 7 5 1 5 6 3 6 9 9 7 5 4 3 8 6 1 6 2 2 1 3 7 5 3 4 0 9 4 9 9 6 6 10 8 8 6 2 2 1 5 4 3 10 10 4 7 2 10 2 5 1 6 6 4 5 6 8 8 8 6 10 8 9 7 7 10 1 9 3 8 5 9 8 3 5 2 6 6 0 1 5 8 0 6 2 2 8 7 2 4 6 7 5
0 27 26 55 98 73 64 83 42 91 2 33 85 75 60 22 43 10 61 85 76 13 52 60 87 11 76 34 91 7 9 100 98 19 34 13 72 2 45 23 13 65 24 46 92 60 23 65 26 35 9 70 87 76 33 10 31 15 5 84 47 11 25 67 50 69 59 90 38 79 73 57 55 69 85 79 54 30 35 15 23 86 45 13 42 35 91 70 46 83 18 95 58 50 13 50 54 68 67 1 14
27 0 62 53 45 15 99 21 12 66 8 90 60 59 17 4 58 95 98 50 2 89 52 11 34 9 51 92 21 43 98 20 67 7 17 95 36 61 97 81 68 81 69 28 76 18 38 61 73 47 56 14 75 23 64 67 62 74 100 79 35 69 80 40 69 4 33 76 61 90 39 2 51 86 10 78 65 24 14 59 78 27 86 25 68 53 10 26 72 2 43 43 50 96 35 88 92 20 25 30 98
26 62 0 91 34 48 27 47 92 30 97 67 45 74 40 68 74 26 48 57 13 51 2 33 42 39 18 58 42 10 88 19 1 8 56 31 70 57 84 34 23 8 80 36 46 70 81 18 89 65 81 77 6 51 100 92 56 35 94 72 40 9 24 4 78 7 8 49 61 20 14 90 95 37 16 93 67 42 98 43 15 26 86 16 95 100 71 80 92 7 56 15 2 51 78 52 84 65 45 85 17
55 53 91 0 8 14 85 74 27 46 40 6 42 91 16 65 58 59 64 93 33 15 25 26 30 36 81 23 95 75 13 92 49 19 60 6 43 36 5 26 46 83 32 43 65 12 4 44 10 35 33 2 86 34 50 16 60 12 100 15 63 30 33 16 99 7 5 79 97 97 59 68 50 39 72 85 40 4 62 2 50 18 94 52 50 56 26 94 26 97 13 11 23 34 95 3 20 36 67 16 24
98 45 34 8 0 19 77 57 1 78 56 69 7 90 50 79 63 95 42 16 62 82 61 13 10 29 95 13 86 12 82 35 57 32 75 86 16 47 25 22 36 28 34 88 55 87 49 32 8 67 72 100 54 80 3 57 11 70 61 100 41 100 63 5 31 9 39 93 99 73 15 28 63 63 45 19 82 50 1 99 57 14 61 12 35 61 71 3 10 45 64 71 27 39 59 70 41 29 90 78 86
73 15 48 14 19 0 35 65 89 44 56 40 76 25 93 95 82 37 91 42 5 98 30 25 57 23 77 12 30 33 61 86 65 94 79 43 37 80 23 35 32 8 4 72 91 37 66 98 73 48 12 50 59 48 80 58 96 68 70 64 7 12 26 95 98 50 5 53 59 79 47 79 93 50 21 32 19 5 89 96 100 16 66 99 7 67 59 46 2 7 3 61 65 34 31 96 4 84 84 47 14
64 99 27 85 77 35 0 67 63 33 22 14 1 52 100 70 55 40 29 55 12 57 19 20 11 61 28 50 9 90 94 47 66 99 4 6 69 72 32 28 41 14 26 52 79 64 20 36 32 61 82 51 27 62 56 35 78 20 15 19 73 88 79 93 61 37 54 65 93 67 18 7 75 94 30 26 41 18 27 66 35 96 41 65 92 48 53 9 21 74 82 45 18 53 88 94 56 20 36 1 56
83 21 47 74 57 65 67 0 81 39 61 45 73 9 21 71 43 4 67 85 47 62 20 19 99 82 18 58 93 44 29 90 35 1 25 100 27 10 21 72 99 41 4 53 20 79 98 80 31 80 72 72 46 43 47 90 29 4 17 42 76 93 27 90 6 56 52 99 13 91 78 2 45 26 35 16 52 4 66 6 76 18 76 70 2 82 77 14 58 59 84 86 20 38 93 22 76 92 55 96 66
42 12 92 27 1 89 63 81 0 91 55 12 7 51 52 55 29 87 20 7 54 65 75 74 39 29 25 19 52 18 83 83 84 87 82 30 78 83 85 5 31 3 48 67 66 10 50 28 9 85 88 47 32 54 93 1 57 68 12 59 1 14 73 96 92 29 26 58 38 14 54 93 23 23 64 28 93 96 71 15 33 73 90 5 32 29 86 44 3 31 61 53 58 11 96 40 90 14 9 43 45
91 66 30 46 78 44 33 39 91 0 69 14 13 8 63 79 30 12 19 25 82 83 88 35 48 48 85 59 19 15 59 25 35 55 60 78 30 78 3 88 81 26 36 56 68 21 32 81 37 75 97 44 18 93 34 59 44 22 46 87 1 11 68 67 68 75 28 43 36 80 54 16 53 31 77 6 23 6 21 47 7 94 69 40 94 84 15 3 16 42 21 94 31 85 97 93 6 94 50 90 93
2 8 97 40 56 56 22 61 55 69 0 75 20 95 100 65 42 92 28 43 52 86 72 64 24 23 10 68 77 41 85 78 39 37 63 30 64 45 31 77 68 12 37 89 8 25 85 81 26 44 8 68 54 56 96 43 38 59 12 16 57 9 8 27 35 29 90 45 41 11 71 54 6 33 42 14 49 76 29 27 92 98 70 47 31 8 25 7 4 31 70 97 43 74 90 62 32 87 16 94 59
33 90 67 6 69 40 14 45 12 14 75 0 43 77 61 12 51 25 44 68 74 30 55 40 59 100 3 2 64 32 92 66 79 51 14 100 51 51 78 3 79 4 32 5 13 8 10 57 92 9 18 17 75 75 32 6 32 63 82 44 91 30 24 9 4 39 84 38 64 59 65 25 36 18 43 29 29 80 58 17 78 29 56 19 47 32 95 25 11 11 85 90 58 14 69 67 52 52 4 76 47
85 60 45 42 7 76 1 73 7 13 20 43 0 89 41 83 28 46 23 88 70 75 53 40 68 4 83 4 35 11 29 18 13 13 94 15 92 43 95 12 63 60 77 42 22 36 46 82 63 63 30 4 78 72 33 97 87 87 46 39 63 29 43 26 31 32 18 1 1 90 25 4 25 87 72 18 32 82 72 77 74 74 60 26 73 90 30 64 18 19 42 29 38 31 34 64 96 75 25 55 45
75 59 74 91 90 25 52 9 51 8 95 77 89 0 46 61 56 8 30 13 81 14 53 40 62 45 28 53 1 63 55 39 85 79 86 66 1 31 74 34 3 24 89 80 10 45 13 21 68 80 19 32 62 59 5 50 79 33 12 54 88 24 56 7 64 70 39 75 41 80 2 18 68 95 8 84 61 28 12 82 96 91 70 43 8 3 73 34 57 24 56 10 54 8 2 50 76 20 7 86 27
60 17 40 16 50 93 100 21 52 63 100 61 41 46 0 94 3 6 87 22 27 98 14 51 10 78 96 55 29 7 42 54 79 67 9 56 57 20 70 71 27 4 12 76 84 44 33 56 78 48 73 3 6 42 36 16 83 11 19 97 32 61 7 58 44 87 11 98 51 94 64 47 86 99 8 60 79 84 9 84 42 69 65 99 87 70 80 61 34 20 59 67 40 13 65 15 64 54 88 26 49
22 4 68 65 79 95 70 71 55 79 65 12 83 61 94 0 66 38 92 75 77 80 76 57 59 76 37 81 1 81 3 58 65 84 82 12 72 86 64 20 72 34 44 61 75 55 62 6 71 1 72 20 88 74 71 59 87 82 100 35 85 100 29 73 28 95 76 76 79 39 8 93 72 43 36 31 88 27 74 67 20 80 67 13 87 5 51 17 58 39 98 23 52 79 98 77 38 46 99 32 57
43 58 74 58 63 82 55 43 29 30 42 51 28 56 3 66 0 77 45 49 54 17 95 88 82 90 94 62 99 63 75 29 8 16 33 100 71 59 24 75 34 27 31 3 43 46 97 68 68 4 76 60 66 75 26 79 5 48 57 12 34 22 5 96 52 34 85 51 99 32 68 48 18 34 38 57 50 28 6 33 14 27 50 85 27 12 27 91 20 59 44 6 64 18 21 11 15 4 58 9 48
10 95 26 59 95 37 40 4 87 12 92 25 46 8 6 38 77 0 4 31 12 16 24 15 2 12 34 1 69 6 28 39 27 76 78 86 53 28 53 69 85 91 9 65 12 46 80 74 47 31 7 70 85 93 74 16 8 46 68 35 72 27 57 98 73 71 35 76 58 52 70 26 52 31 77 18 72 9 71 56 36 50 86 79 94 80 58 92 51 85 100 14 52 50 88 1 87 45 21 83 67
61 98 48 64 42 91 29 67 20 19 28 44 23 30 87 92 45 4 0 14 27 69 72 78 88 3 43 83 35 63 98 85 46 32 25 1 80 16 37 33 43 87 53 76 25 27 58 74 3 40 29 14 49 26 59 8 23 35 19 25 65 89 96 29 35 27 69 60 27 89 91 83 57 80 91 33 37 28 27 62 41 4 48 61 46 73 58 59 75 82 36 48 53 82 29 3 33 57 37 64 15
85 50 57 93 16 42 55 85 7 25 43 68 88 13 22 75 49 31 14 0 17 35 17 63 31 27 41 13 49 53 99 69 62 90 60 27 94 12 96 16 14 29 42 86 85 67 41 98 37 97 63 47 40 39 16 42 84 16 31 6 41 11 12 83 100 49 85 23 85 25 42 2 31 30 18 56 94 75 33 73 20 20 42 16 68 24 94 86 97 34 68 45 97 56 57 62 10 71 83 4 24
76 2 13 33 62 5 12 47 54 82 52 74 70 81 27 77 54 12 27 17 0 35 7 41 64 80 76 46 11 74 32 17 64 48 65 52 19 75 61 59 40 53 4 52 46 77 46 85 34 23 35 9 95 87 31 72 79 9 32 33 70 41 68 42 55 73 93 41 38 36 29 69 27 75 14 9 36 8 61 53 64 34 96 49 18 63 54 5 88 23 99 43 11 98 10 7 14 61 74 22 20
13 89 51 15 82 98 57 62 65 83 86 30 75 14 98 80 17 16 69 35 35 0 99 20 72 28 59 43 59 86 71 21 65 63 57 95 88 72 33 72 80 69 63 52 36 23 55 95 89 84 30 87 64 24 50 97 81 93 85 64 87 4 16 35 39 58 84 1 95 49 56 82 95 21 90 60 87 28 24 88 86 17 1 54 20 45 30 6 61 47 45 92 27 84 97 63 74 68 29 5 94
52 52 2 25 61 30 19 20 75 88 72 55 53 53 14 76 95 24 72 17 7 99 0 76 92 81 61 64 29 63 52 92 65 62 42 27 59 1 15 1 14 44 46 69 52 94 94 28 100 34 47 67 78 28 93 5 11 7 99 91 87 70 50 17 13 87 93 19 20 38 75 6 35 56 48 19 37 20 66 46 60 61 47 41 49 25 92 46 77 6 14 77 22 77 31 28 64 29 30 23 73
60 11 33 26 13 25 20 19 74 35 64 40 40 40 51 57 88 15 78 63 41 20 76 0 37 3 10 10 38 74 37 1 45 8 11 21 65 31 31 3 69 27 99 86 81 70 27 84 59 31 55 35 76 64 52 74 35 54 99 91 11 45 62 7 86 11 95 100 35 60 78 6 84 75 51 32 66 36 45 42 59 43 85 44 51 12 97 9 30 79 100 36 23 12 46 74 52 46 96 5 35
87 34 42 30 10 57 11 99 39 48 24 59 68 62 10 59 82 2 88 31 64 72 92 37 0 56 29 12 30 15 9 42 79 33 72 82 98 36 11 59 86 18 12 83 29 29 32 75 53 27 43 90 18 4 26 68 5 79 55 88 63 44 86 40 18 17 44 25 51 86 50 100 61 83 83 22 64 26 20 46 6 24 14 50 33 21 25 92 89 88 81 56 26 72 62 72 13 90 29 24 97
11 9 39 36 29 23 61 82 29 48 23 100 4 45 78 76 90 12 3 27 80 28 81 3 56 0 93 28 8 57 27 83 9 48 90 46 48 53 20 63 56 69 5 71 86 39 10 33 12 50 41 58 72 10 39 94 90 52 49 12 22 76 61 92 3 71 58 30 36 55 57 40 75 67 16 26 3 10 36 24 86 22 89 85 2 58 93 85 20 62 30 94 35 18 63 39 86 4 68 61 84
76 51 18 81 95 77 28 18 25 85 10 3 83 28 96 37 94 34 43 41 76 59 61 10 29 93 0 62 44 46 56 56 29 12 28 34 27 32 81 33 27 11 5 19 80 47 20 90 26 84 11 83 51 51 40 12 59 82 88 1 58 11 80 44 38 69 35 77 36 85 21 43 14 22 62 21 91 72 87 35 25 21 79 74 18 91 90 96 49 92 72 59 49 69 79 90 83 86 59 18 38
34 92 58 23 13 12 50 58 19 59 68 2 4 53 55 81 62 1 83 13 46 43 64 10 12 28 62 0 74 96 85 63 50 60 43 97 69 46 58 81 25 58 34 37 6 48 29 30 94 45 26 2 69 41 31 100 35 52 62 77 27 31 68 43 57 44 14 59 76 84 98 82 69 71 69 40 63 41 89 100 71 48 59 86 78 42 87 18 18 69 8 54 64 29 45 96 98 24 78 79 94
91 21 42 95 86 30 9 93 52 19 77 64 35 1 29 1 99 69 35 49 11 59 29 38 30 8 44 74 0 61 12 62 52 31 42 63 75 68 98 67 3 15 91 58 11 90 6 56 64 1 16 55 19 69 78 100 32 94 26 15 100 2 59 94 56 84 83 47 2 20 78 43 25 61 72 68 1 28 29 13 80 29 51 30 78 45 61 41 79 15 49 10 31 31 44 22 19 59 45 98 80
7 43 10 75 12 33 90 44 18 15 41 32 11 63 7 81 63 6 63 53 74 86 63 74 15 57 46 96 61 0 69 25 5 68 26 31 16 8 48 12 55 94 68 60 6 45 82 46 38 80 54 84 90 45 76 25 12 53 21 72 91 34 61 78 20 87 32 50 95 54 60 5 96 9 79 34 14 22 9 100 78 7 45 23 40 7 49 11 19 18 13 88 38 93 41 15 2 87 75 87 28
9 98 88 13 82 61 94 29 83 59 85 92 29 55 42 3 75 28 98 99 32 71 52 37 9 27 56 85 12 69 0 64 69 32 88 94 12 32 58 63 18 4 12 37 36 92 91 83 25 20 51 76 71 39 42 71 5 88 28 30 13 7 53 74 37 93 51 21 96 13 93 24 79 43 100 46 8 57 74 24 38 54 37 74 73 85 58 5 84 5 81 99 37 60 40 95 17 46 85 97 44
100 20 19 92 35 86 47 90 83 25 78 66 18 39 54 58 29 39 85 69 17 21 92 1 42 83 56 63 62 25 64 0 62 62 64 20 37 46 37 34 49 24 40 59 65 34 27 49 32 47 67 22 93 21 49 2 57 8 81 5 22 22 58 27 54 47 13 38 78 26 43 11 29 59 62 100 2 22 7 22 80 38 8 34 47 55 77 35 34 57 21 6 2 41 7 22 20 80 81 6 9
98 67 1 49 57 65 66 35 84 35 39 79 13 85 79 65 8 27 46 62 64 65 65 45 79 9 29 50 52 5 69 62 0 93 37 59 57 95 67 50 64 24 91 40 63 59 98 53 75 2 30 85 15 28 85 94 31 74 64 69 94 49 22 14 2 24 22 11 41 39 33 100 34 55 74 39 33 61 27 11 21 46 49 56 49 84 98 58 80 28 87 77 7 58 12 36 92 99 39 51 85
19 7 8 19 32 94 99 1 87 55 37 51 13 79 67 84 16 76 32 90 48 63 62 8 33 48 12 60 31 68 32 62 93 0 59 23 71 39 76 3 79 5 78 93 31 100 19 13 47 96 22 65 79 58 87 84 26 85 87 20 90 82 55 47 4 67 8 52 81 62 45 21 33 28 54 22 6 99 19 34 63 55 66 25 37 97 54 59 85 92 67 56 92 24 43 90 38 31 54 84 12
34 17 56 60 75 79 4 25 82 60 63 14 94 86 9 82 33 78 25 60 65 57 42 11 72 90 28 43 42 26 88 64 37 59 0 34 35 59 93 18 50 73 90 20 25 62 27 100 58 59 85 9 18 97 78 50 26 9 1 38 33 79 43 40 27 100 80 61 86 97 12 57 45 68 46 100 43 87 86 76 10 96 63 20 41 47 73 67 19 52 25 62 48 27 96 6 95 79 32 27 3
13 95 31 6 86 43 6 100 30 78 30 100 15 66 56 12 100 86 1 27 52 95 27 21 82 46 34 97 63 31 94 20 59 23 34 0 58 56 43 59 76 63 35 40 78 78 57 14 81 61 16 50 92 94 94 70 45 13 52 81 19 5 10 20 8 73 70 72 16 93 94 64 94 100 8 18 74 26 44 69 73 51 12 43 87 96 69 66 97 13 77 89 44 6 62 73 12 59 25 12 55
72 36 70 43 16 37 69 27 78 30 64 51 92 1 57 72 71 53 80 94 19 88 59 65 98 48 27 69 75 16 12 37 57 71 35 58 0 33 4 93 60 99 8 55 21 3 74 63 86 30 1 31 37 33 53 96 24 2 85 72 93 34 13 84 91 1 20 97 34 19 70 90 18 37 58 40 65 78 81 38 82 1 44 33 30 10 34 52 7 23 40 3 23 7 90 84 61 83 96 93 53
2 61 57 36 47 80 72 10 83 78 45 51 43 31 20 86 59 28 16 12 75 72 1 31 36 53 32 46 68 8 32 46 95 39 59 56 33 0 68 44 43 81 21 81 68 34 89 30 100 9 48 75 92 80 98 85 84 16 89 10 38 78 36 71 21 68 18 54 37 60 89 11 15 87 18 11 44 49 42 37 60 42 39 100 19 20 58 75 29 7 16 88 33 94 33 23 13 4 81 26 91
45 97 84 5 25 23 32 21 85 3 31 78 95 74 70 64 24 53 37 96 61 33 15 31 11 20 81 58 98 48 58 37 67 76 93 43 4 68 0 100 83 62 5 9 80 29 37 56 18 23 75 90 70 86 42 11 92 70 59 19 51 22 95 49 80 23 27 32 32 87 23 24 41 85 74 8 96 41 52 27 85 25 82 21 7 66 22 20 74 73 56 62 95 56 39 12 41 73 46 80 49
23 81 34 26 22 35 28 72 5 88 77 3 12 34 71 20 75 69 33 16 59 72 1 3 59 63 33 81 67 12 63 34 50 3 18 59 93 44 100 0 64 73 40 4 67 90 93 98 1 42 98 19 67 85 19 81 99 27 1 55 99 85 74 40 87 75 15 1 33 34 13 51 80 44 74 73 100 59 84 70 65 54 60 99 64 53 50 26 61 99 89 98 35 43 33 28 17 78 79 11 25
13 68 23 46 36 32 41 99 31 81 68 79 63 3 27 72 34 85 43 14 40 80 14 69 86 56 27 25 3 55 18 49 64 79 50 76 60 43 83 64 0 99 69 54 72 53 14 5 67 43 16 61 71 78 12 3 29 98 1 5 7 33 15 95 66 53 74 77 61 84 50 87 21 94 98 86 76 67 53 100 64 50 90 96 57 57 56 82 5 11 30 19 84 42 36 83 18 72 14 15 9
65 81 8 83 28 8 14 41 3 26 12 4 60 24 4 34 27 91 87 29 53 69 44 27 18 69 11 58 15 94 4 24 24 5 73 63 99 81 62 73 99 0 78 23 29 78 94 7 100 35 41 94 55 96 91 31 77 32 92 73 62 42 71 82 1 99 55 63 7 62 50 17 58 96 97 80 58 17 54 54 6 25 42 29 62 65 97 11 52 30 71 12 100 18 80 7 69 6 21 13 85
24 69 80 32 34 4 26 4 48 36 37 32 77 89 12 44 31 9 53 42 4 63 46 99 12 5 5 34 91 68 12 40 91 78 90 35 8 21 5 40 69 78 0 56 28 7 76 5 35 77 17 85 51 30 83 20 50 32 7 81 49 9 22 90 41 17 23 21 88 74 42 30 8 5 5 88 61 25 94 60 78 21 25 30 59 13 4 31 92 40 95 66 16 91 40 17 43 56 96 95 42
46 28 36 43 88 72 52 53 67 56 89 5 42 80 76 61 3 65 76 86 52 52 69 86 83 71 19 37 58 60 37 59 40 93 20 40 55 81 9 4 54 23 56 0 80 84 62 40 100 98 72 2 61 73 99 60 9 48 13 58 62 8 95 70 18 11 39 65 6 71 10 16 2 31 95 60 71 54 85 12 94 31 63 51 80 24 7 35 99 57 10 86 44 85 31 11 49 43 35 98 27
92 76 46 65 55 91 79 20 66 68 8 13 22 10 84 75 43 12 25 85 46 36 52 81 29 86 80 6 11 6 36 65 63 31 25 78 21 68 80 67 72 29 28 80 0 36 97 14 25 79 49 53 1 2 9 82 69 62 83 11 86 83 72 12 87 15 13 56 29 43 36 56 7 12 6 55 37 93 56 41 66 58 83 32 90 39 100 94 51 37 53 54 57 68 77 1 87 27 30 84 10
60 18 70 12 87 37 64 79 10 21 25 8 36 45 44 55 46 46 27 67 77 23 94 70 29 39 47 48 90 45 92 34 59 100 62 78 3 34 29 90 53 78 7 84 36 0 91 22 85 100 47 38 46 48 91 63 55 75 33 28 69 66 94 11 24 30 83 46 10 32 44 90 43 82 2 83 37 49 87 73 84 2 68 62 56 27 38 41 15 5 56 19 40 63 47 67 24 71 28 97 42
23 38 81 4 49 66 20 98 50 32 85 10 46 13 33 62 97 80 58 41 46 55 94 27 32 10 20 29 6 82 91 27 98 19 27 57 74 89 37 93 14 94 76 62 97 91 0 24 31 22 68 69 66 100 36 36 43 39 79 4 73 63 74 97 74 8 12 65 3 29 36 95 18 6 78 94 38 16 58 69 58 57 32 19 31 69 53 67 8 73 39 70 16 100 50 80 38 57 96 89 32
65 61 18 44 32 98 36 80 28 81 81 57 82 21 56 6 68 74 74 98 85 95 28 84 75 33 90 30 56 46 83 49 53 13 100 14 63 30 56 98 5 7 5 40 14 22 24 0 90 3 61 38 52 53 9 50 52 11 70 29 97 79 2 95 28 78 63 91 9 75 8 61 85 35 14 81 92 92 7 25 59 20 31 97 17 82 99 37 48 29 87 6 84 82 18 5 99 51 82 33 54
26 73 89 10 8 73 32 31 9 37 26 92 63 68 78 71 68 47 3 37 34 89 100 59 53 12 26 94 64 38 25 32 75 47 58 81 86 100 18 1 67 100 35 100 25 85 31 90 0 63 94 16 31 68 18 79 87 4 48 88 94 78 86 43 9 81 99 42 10 47 38 15 19 63 47 39 78 89 88 31 62 48 25 47 95 74 6 70 53 6 31 62 32 3 89 58 32 69 40 5 17
35 47 65 35 67 48 61 80 85 75 44 9 63 80 48 1 4 31 40 97 23 84 34 31 27 50 84 45 1 80 20 47 2 96 59 61 30 9 23 42 43 35 77 98 79 100 22 3 63 0 42 12 88 17 52 2 75 28 46 24 35 73 11 7 89 26 82 89 21 38 34 20 54 87 54 71 41 31 5 81 78 79 99 14 66 94 58 72 82 80 41 44 59 8 21 54 28 13 80 99 66
9 56 81 33 72 12 82 72 88 97 8 18 30 19 73 72 76 7 29 63 35 30 47 55 43 41 11 26 16 54 51 67 30 22 85 16 1 48 75 98 16 41 17 72 49 47 68 61 94 42 0 65 72 83 87 84 96 60 12 6 48 55 52 30 42 68 27 43 46 74 21 47 77 87 40 70 77 53 26 5 3 56 28 24 75 39 93 11 50 58 78 37 79 63 22 91 33 19 26 20 50
70 14 77 2 100 50 51 72 47 44 68 17 4 32 3 20 60 70 14 47 9 87 67 35 90 58 83 2 55 84 76 22 85 65 9 50 31 75 90 19 61 94 85 2 53 38 69 38 16 12 65 0 32 38 6 49 86 98 66 96 32 59 72 26 25 54 29 13 91 72 32 12 29 81 93 35 63 73 8 8 92 12 88 99 93 8 71 5 72 39 54 53 84 15 25 37 50 48 55 39 13
87 75 6 86 54 59 27 46 32 18 54 75 78 62 6 88 66 85 49 40 95 64 78 76 18 72 51 69 19 90 71 93 15 79 18 92 37 92 70 67 71 55 51 61 1 46 66 52 31 88 72 32 0 63 28 32 92 9 41 46 95 18 27 79 10 68 70 89 26 72 32 59 96 68 81 94 42 26 32 19 25 40 42 51 40 61 97 73 23 99 84 97 87 56 15 68 77 39 28 9 45
76 23 51 34 80 48 62 43 54 93 56 75 72 59 42 74 75 93 26 39 87 24 28 64 4 10 51 41 69 45 39 21 28 58 97 94 33 80 86 85 78 96 30 73 2 48 100 53 68 17 83 38 63 0 72 34 75 61 77 6 57 25 15 59 74 30 90 7 62 77 50 45 29 17 75 19 81 99 87 45 69 40 58 16 58 35 65 90 62 59 23 97 43 67 70 4 29 53 41 64 54
33 64 100 50 3 80 56 47 93 34 96 32 33 5 36 71 26 74 59 16 31 50 93 52 26 39 40 31 78 76 42 49 85 87 78 94 53 98 42 19 12 91 83 99 9 91 36 9 18 52 87 6 28 72 0 48 58 63 80 71 15 79 52 4 52 26 66 50 97 17 60 53 14 30 23 92 42 1 15 97 19 11 43 42 56 2 60 49 95 16 15 60 39 35 8 4 92 78 67 44 79
10 67 92 16 57 58 35 90 1 59 43 6 97 50 16 59 79 16 8 42 72 97 5 74 68 94 12 100 100 25 71 2 94 84 50 70 96 85 11 81 3 31 20 60 82 63 36 50 79 2 84 49 32 34 48 0 55 5 62 72 25 42 25 12 94 45 83 61 3 39 33 69 7 18 47 47 28 97 7 92 72 3 10 88 79 35 37 19 61 67 30 67 16 26 28 75 49 14 13 85 76
31 62 56 60 11 96 78 29 57 44 38 32 87 79 83 87 5 8 23 84 79 81 11 35 5 90 59 35 32 12 5 57 31 26 26 45 24 84 92 99 29 77 50 9 69 55 43 52 87 75 96 86 92 75 58 55 0 6 19 10 79 47 30 83 57 67 15 69 94 90 55 71 83 5 3 82 45 18 11 44 45 20 12 98 27 39 45 25 5 90 67 46 53 29 56 40 49 99 74 21 19
15 74 35 12 70 68 20 4 68 22 59 63 87 33 11 82 48 46 35 16 9 93 7 54 79 52 82 52 94 53 88 8 74 85 9 13 2 16 70 27 98 32 32 48 62 75 39 11 4 28 60 98 9 61 63 5 6 0 63 32 8 42 83 10 92 42 16 55 72 17 90 32 24 8 97 58 84 73 87 45 9 45 99 23 76 88 37 89 92 39 50 13 35 31 69 34 99 81 17 59 23
5 100 94 100 61 70 15 17 12 46 12 82 46 12 19 100 57 68 19 31 32 85 99 99 55 49 88 62 26 21 28 81 64 87 1 52 85 89 59 1 1 92 7 13 83 33 79 70 48 46 12 66 41 77 80 62 19 63 0 35 64 12 80 25 73 44 96 22 29 98 98 23 5 20 85 39 88 68 34 93 20 39 27 97 61 38 55 5 85 3 31 80 73 44 82 98 64 77 62 37 17
84 79 72 15 100 64 19 42 59 87 16 44 39 54 97 35 12 35 25 6 33 64 91 91 88 12 1 77 15 72 30 5 69 20 38 81 72 10 19 55 5 73 81 58 11 28 4 29 88 24 6 96 46 6 71 72 10 32 35 0 39 81 63 12 21 56 2 45 63 11 64 18 97 49 8 20 58 25 68 52 86 90 66 9 63 70 42 74 45 100 65 92 18 80 16 46 7 81 58 19 77
47 35 40 63 41 7 73 76 1 1 57 91 63 88 32 85 34 72 65 41 70 87 87 11 63 22 58 27 100 91 13 22 94 90 33 19 93 38 51 99 7 62 49 62 86 69 73 97 94 35 48 32 95 57 15 25 79 8 64 39 0 98 96 100 17 20 9 32 70 46 75 42 73 95 43 83 47 76 9 65 24 92 86 74 8 22 25 100 11 81 51 17 74 61 36 55 92 71 42 6 50
11 69 9 30 100 12 88 93 14 11 9 30 29 24 61 100 22 27 89 11 41 4 70 45 44 76 11 31 2 34 7 22 49 82 79 5 34 78 22 85 33 42 9 8 83 66 63 79 78 73 55 59 18 25 79 42 47 42 12 81 98 0 67 65 70 75 87 71 20 1 27 41 42 18 30 2 73 44 1 82 58 21 45 50 43 29 96 55 1 45 56 57 91 12 66 64 78 8 94 28 25
25 80 24 33 63 26 79 27 73 68 8 24 43 56 7 29 5 57 96 12 68 16 50 62 86 61 80 68 59 61 53 58 22 55 43 10 13 36 95 74 15 71 22 95 72 94 74 2 86 11 52 72 27 15 52 25 30 83 80 63 96 67 0 86 82 55 43 71 83 24 83 45 87 99 34 28 52 82 57 96 43 5 44 89 69 39 62 34 61 72 48 22 46 57 80 14 91 30 64 100 40
67 40 4 16 5 95 93 90 96 67 27 9 26 7 58 73 96 98 29 83 42 35 17 7 40 92 44 43 94 78 74 27 14 47 40 20 84 71 49 40 95 82 90 70 12 11 97 95 43 7 30 26 79 59 4 12 83 10 25 12 100 65 86 0 13 21 59 67 41 23 76 66 50 45 48 1 37 73 71 96 93 88 53 63 52 24 50 55 65 36 100 87 38 52 15 69 63 84 26 51 78
50 69 78 99 31 98 61 6 92 68 35 4 31 64 44 28 52 73 35 100 55 39 13 86 18 3 38 57 56 20 37 54 2 4 27 8 91 21 80 87 66 1 41 18 87 24 74 28 9 89 42 25 10 74 52 94 57 92 73 21 17 70 82 13 0 24 49 88 36 2 71 46 11 30 67 80 61 39 35 90 21 25 75 50 21 42 50 83 21 49 15 53 15 8 81 98 70 28 47 65 84
69 4 7 7 9 50 37 56 29 75 29 39 32 70 87 95 34 71 27 49 73 58 87 11 17 71 69 44 84 87 93 47 24 67 100 73 1 68 23 75 53 99 17 11 15 30 8 78 81 26 68 54 68 30 26 45 67 42 44 56 20 75 55 21 24 0 74 88 8 72 84 47 38 65 75 74 6 83 90 41 5 5 40 88 22 75 6 31 63 1 51 93 47 84 69 99 7 79 82 76 26
59 33 8 5 39 5 54 52 26 28 90 84 18 39 11 76 85 35 69 85 93 84 93 95 44 58 35 14 83 32 51 13 22 8 80 70 20 18 27 15 74 55 23 39 13 83 12 63 99 82 27 29 70 90 66 83 15 16 96 2 9 87 43 59 49 74 0 86 3 8 1 92 95 27 87 28 5 29 23 51 3 68 76 44 69 74 42 73 6 30 88 24 63 17 59 19 88 95 78 47 27
90 76 49 79 93 53 65 99 58 43 45 38 1 75 98 76 51 76 60 23 41 1 19 100 25 30 77 59 47 50 21 38 11 52 61 72 97 54 32 1 77 63 21 65 56 46 65 91 42 89 43 13 89 7 50 61 69 55 22 45 32 71 71 67 88 88 86 0 52 82 13 41 57 53 49 56 94 20 43 75 93 29 22 96 82 21 90 83 93 41 9 50 95 26 81 74 92 29 47 70 27
38 61 61 97 99 59 93 13 38 36 41 64 1 41 51 79 99 58 27 85 38 95 20 35 51 36 36 76 2 95 96 78 41 81 86 16 34 37 32 33 61 7 88 6 29 10 3 9 10 21 46 91 26 62 97 3 94 72 29 63 70 20 83 41 36 8 3 52 0 62 86 73 45 76 93 29 62 70 24 1 42 10 83 38 64 45 38 45 39 98 91 22 96 8 24 70 50 98 61 30 41
79 90 20 97 73 79 67 91 14 80 11 59 90 80 94 39 32 52 89 25 36 49 38 60 86 55 85 84 20 54 13 26 39 62 97 93 19 60 87 34 84 62 74 71 43 32 29 75 47 38 74 72 72 77 17 39 90 17 98 11 46 1 24 23 2 72 8 82 62 0 18 12 42 49 25 53 54 94 11 21 88 56 7 15 83 30 98 75 45 61 60 19 96 94 53 82 88 67 45 31 69
73 39 14 59 15 47 18 78 54 54 71 65 25 2 64 8 68 70 91 42 29 56 75 78 50 57 21 98 78 60 93 43 33 45 12 94 70 89 23 13 50 50 42 10 36 44 36 8 38 34 21 32 32 50 60 33 55 90 98 64 75 27 83 76 71 84 1 13 86 18 0 66 75 28 75 14 5 85 85 52 93 3 62 71 96 9 24 26 79 98 90 48 17 17 15 5 31 41 82 2 20
57 2 90 68 28 79 7 2 93 16 54 25 4 18 47 93 48 26 83 2 69 82 6 6 100 40 43 82 43 5 24 11 100 21 57 64 90 11 24 51 87 17 30 16 56 90 95 61 15 20 47 12 59 45 53 69 71 32 23 18 42 41 45 66 46 47 92 41 73 12 66 0 12 86 24 18 81 14 1 43 24 45 30 33 19 29 94 72 47 64 2 14 26 2 6 69 99 60 31 49 41
55 51 95 50 63 93 75 45 23 53 6 36 25 68 86 72 18 52 57 31 27 95 35 84 61 75 14 69 25 96 79 29 34 33 45 94 18 15 41 80 21 58 8 2 7 43 18 85 19 54 77 29 96 29 14 7 83 24 5 97 73 42 87 50 11 38 95 57 45 42 75 12 0 57 7 70 28 73 68 52 73 83 17 9 12 85 66 13 77 40 96 12 11 52 12 50 3 85 85 66 55
69 86 37 39 63 50 94 26 23 31 33 18 87 95 99 43 34 31 80 30 75 21 56 75 83 67 22 71 61 9 43 59 55 28 68 100 37 87 85 44 94 96 5 31 12 82 6 35 63 87 87 81 68 17 30 18 5 8 20 49 95 18 99 45 30 65 27 53 76 49 28 86 57 0 18 62 56 27 100 38 28 5 89 75 20 70 67 52 74 26 27 30 93 19 8 3 44 5 57 94 78
85 10 16 72 45 21 30 35 64 77 42 43 72 8 8 36 38 77 91 18 14 90 48 51 83 16 62 69 72 79 100 62 74 54 46 8 58 18 74 74 98 97 5 95 6 2 78 14 47 54 40 93 81 75 23 47 3 97 85 8 43 30 34 48 67 75 87 49 93 25 75 24 7 18 0 87 85 93 53 86 90 57 20 18 27 3 10 60 78 4 16 9 5 90 39 33 14 56 49 73 25
79 78 93 85 19 32 26 16 28 6 14 29 18 84 60 31 57 18 33 56 9 60 19 32 22 26 21 40 68 34 46 100 39 22 100 18 40 11 8 73 86 80 88 60 55 83 94 81 39 71 70 35 94 19 92 47 82 58 39 20 83 2 28 1 80 74 28 56 29 53 14 18 70 62 87 0 63 54 49 37 97 78 69 38 67 46 1 1 77 59 19 83 11 58 51 40 48 38 2 12 36
54 65 67 40 82 19 41 52 93 23 49 29 32 61 79 88 50 72 37 94 36 87 37 66 64 3 91 63 1 14 8 2 33 6 43 74 65 44 96 100 76 58 61 71 37 37 38 92 78 41 77 63 42 81 42 28 45 84 88 58 47 73 52 37 61 6 5 94 62 54 5 81 28 56 85 63 0 66 11 42 16 30 26 99 13 48 89 98 84 14 39 25 98 74 67 63 47 82 68 16 42
30 24 42 4 50 5 18 4 96 6 76 80 82 28 84 27 28 9 28 75 8 28 20 36 26 10 72 41 28 22 57 22 61 99 87 26 78 49 41 59 67 17 25 54 93 49 16 92 89 31 53 73 26 99 1 97 18 73 68 25 76 44 82 73 39 83 29 20 70 94 85 14 73 27 93 54 66 0 25 51 44 22 30 71 7 78 94 50 71 51 9 30 32 48 100 89 90 19 58 55 40
35 14 98 62 1 89 27 66 71 21 29 58 72 12 9 74 6 71 27 33 61 24 66 45 20 36 87 89 29 9 74 7 27 19 86 44 81 42 52 84 53 54 94 85 56 87 58 7 88 5 26 8 32 87 15 7 11 87 34 68 9 1 57 71 35 90 23 43 24 11 85 1 68 100 53 49 11 25 0 37 58 89 24 64 51 98 85 3 65 50 58 34 54 51 3 82 35 58 21 17 12
15 59 43 2 99 96 66 6 15 47 27 17 77 82 84 67 33 56 62 73 53 88 46 42 46 24 35 100 13 100 24 22 11 34 76 69 38 37 27 70 100 54 60 12 41 73 69 25 31 81 5 8 19 45 97 92 44 45 93 52 65 82 96 96 90 41 51 75 1 21 52 43 52 38 86 37 42 51 37 0 38 15 12 79 26 39 87 12 79 34 88 47 48 10 48 12 59 74 28 12 83
23 78 15 50 57 100 35 76 33 7 92 78 74 96 42 20 14 36 41 20 64 86 60 59 6 86 25 71 80 78 38 80 21 63 10 73 82 60 85 65 64 6 78 94 66 84 58 59 62 78 3 92 25 69 19 72 45 9 20 86 24 58 43 93 21 5 3 93 42 88 93 24 73 28 90 97 16 44 58 38 0 15 99 93 6 87 54 76 80 25 44 76 26 74 79 76 77 91 85 89 12
86 27 26 18 14 16 96 18 73 94 98 29 74 91 69 80 27 50 4 20 34 17 61 43 24 22 21 48 29 7 54 38 46 55 96 51 1 42 25 54 50 25 21 31 58 2 57 20 48 79 56 12 40 40 11 3 20 45 39 90 92 21 5 88 25 5 68 29 10 56 3 45 83 5 57 78 30 22 89 15 15 0 89 2 59 38 44 81 88 89 99 20 55 62 58 49 66 7 6 51 82
45 86 86 94 61 66 41 76 90 69 70 56 60 70 65 67 50 86 48 42 96 1 47 85 14 89 79 59 51 45 37 8 49 66 63 12 44 39 82 60 90 42 25 63 83 68 32 31 25 99 28 88 42 58 43 10 12 99 27 66 86 45 44 53 75 40 76 22 83 7 62 30 17 89 20 69 26 30 24 12 99 89 0 45 88 21 62 74 58 86 20 85 23 96 70 94 42 12 50 40 98
13 25 16 52 12 99 65 70 5 40 47 19 26 43 99 13 85 79 61 16 49 54 41 44 50 85 74 86 30 23 74 34 56 25 20 43 33 100 21 99 96 29 30 51 32 62 19 97 47 14 24 99 51 16 42 88 98 23 97 9 74 50 89 63 50 88 44 96 38 15 71 33 9 75 18 38 99 71 64 79 93 2 45 0 39 40 62 73 43 98 74 27 43 53 75 82 59 91 23 76 30
42 68 95 50 35 7 92 2 32 94 31 47 73 8 87 87 27 94 46 68 18 20 49 51 33 2 18 78 78 40 73 47 49 37 41 87 30 19 7 64 57 62 59 80 90 56 31 17 95 66 75 93 40 58 56 79 27 76 61 63 8 43 69 52 21 22 69 82 64 83 96 19 12 20 27 67 13 7 51 26 6 59 88 39 0 75 4 11 43 70 81 23 2 29 3 28 35 32 30 51 26
35 53 100 56 61 67 48 82 29 84 8 32 90 3 70 5 12 80 73 24 63 45 25 12 21 58 91 42 45 7 85 55 84 97 47 96 10 20 66 53 57 65 13 24 39 27 69 82 74 94 39 8 61 35 2 35 39 88 38 70 22 29 39 24 42 75 74 21 45 30 9 29 85 70 3 46 48 78 98 39 87 38 21 40 75 0 70 96 63 2 26 3 15 49 28 69 76 21 88 76 36
91 10 71 26 71 59 53 77 86 15 25 95 30 73 80 51 27 58 58 94 54 30 92 97 25 93 90 87 61 49 58 77 98 54 73 69 34 58 22 50 56 97 4 7 100 38 53 99 6 58 93 71 97 65 60 37 45 37 55 42 25 96 62 50 50 6 42 90 38 98 24 94 66 67 10 1 89 94 85 87 54 44 62 62 4 70 0 82 94 81 45 63 95 98 96 44 28 34 54 12 73
70 26 80 94 3 46 9 14 44 3 7 25 64 34 61 17 91 92 59 86 5 6 46 9 92 85 96 18 41 11 5 35 58 59 67 66 52 75 20 26 82 11 31 35 94 41 67 37 70 72 11 5 73 90 49 19 25 89 5 74 100 55 34 55 83 31 73 83 45 75 26 72 13 52 60 1 98 50 3 12 76 81 74 73 11 96 82 0 69 9 79 75 58 7 57 100 40 5 19 61 89
46 72 92 26 10 2 21 58 3 16 4 11 18 57 34 58 20 51 75 97 88 61 77 30 89 20 49 18 79 19 84 34 80 85 19 97 7 29 74 61 5 52 92 99 51 15 8 48 53 82 50 72 23 62 95 61 5 92 85 45 11 1 61 65 21 63 6 93 39 45 79 47 77 74 78 77 84 71 65 79 80 88 58 43 43 63 94 69 0 20 30 63 97 93 31 94 88 71 45 98 93
83 2 7 97 45 7 74 59 31 42 31 11 19 24 20 39 59 85 82 34 23 47 6 79 88 62 92 69 15 18 5 57 28 92 52 13 23 7 73 99 11 30 40 57 37 5 73 29 6 80 58 39 99 59 16 67 90 39 3 100 81 45 72 36 49 1 30 41 98 61 98 64 40 26 4 59 14 51 50 34 25 89 86 98 70 2 81 9 20 0 35 4 46 21 22 35 13 98 88 40 98
18 43 56 13 64 3 82 84 61 21 70 85 42 56 59 98 44 100 36 68 99 45 14 100 81 30 72 8 49 13 81 21 87 67 25 77 40 16 56 89 30 71 95 10 53 56 39 87 31 41 78 54 84 23 15 30 67 50 31 65 51 56 48 100 15 51 88 9 91 60 90 2 96 27 16 19 39 9 58 88 44 99 20 74 81 26 45 79 30 35 0 34 24 66 29 51 35 96 64 5 60
95 43 15 11 71 61 45 86 53 94 97 90 29 10 67 23 6 14 48 45 43 92 77 36 56 94 59 54 10 88 99 6 77 56 62 89 3 88 62 98 19 12 66 86 54 19 70 6 62 44 37 53 97 97 60 67 46 13 80 92 17 57 22 87 53 93 24 50 22 19 48 14 12 30 9 83 25 30 34 47 76 20 85 27 23 3 63 75 63 4 34 0 51 50 65 16 13 21 33 76 60
58 50 2 23 27 65 18 20 58 31 43 58 38 54 40 52 64 52 53 97 11 27 22 23 26 35 49 64 31 38 37 2 7 92 48 44 23 33 95 35 84 100 16 44 57 40 16 84 32 59 79 84 87 43 39 16 53 35 73 18 74 91 46 38 15 47 63 95 96 96 17 26 11 93 5 11 98 32 54 48 26 55 23 43 2 15 95 58 97 46 24 51 0 77 78 100 92 32 97 13 37
50 96 51 34 39 34 53 38 11 85 74 14 31 8 13 79 18 50 82 56 98 84 77 12 72 18 69 29 31 93 60 41 58 24 27 6 7 94 56 43 42 18 91 85 68 63 100 82 3 8 63 15 56 67 35 26 29 31 44 80 61 12 57 52 8 84 17 26 8 94 17 2 52 19 90 58 74 48 51 10 74 62 96 53 29 49 98 7 93 21 66 50 77 0 48 58 19 99 87 91 15
13 35 78 95 59 31 88 93 96 97 90 69 34 2 65 98 21 88 29 57 10 97 31 46 62 63 79 45 44 41 40 7 12 43 96 62 90 33 39 33 36 80 40 31 77 47 50 18 89 21 22 25 15 70 8 28 56 69 82 16 36 66 80 15 81 69 59 81 24 53 15 6 12 8 39 51 67 100 3 48 79 58 70 75 3 28 96 57 31 22 29 65 78 48 0 20 73 4 44 34 22
50 88 52 3 70 96 94 22 40 93 62 67 64 50 15 77 11 1 3 62 7 63 28 74 72 39 90 96 22 15 95 22 36 90 6 73 84 23 12 28 83 7 17 11 1 67 80 5 58 54 91 37 68 4 4 75 40 34 98 46 55 64 14 69 98 99 19 74 70 82 5 69 50 3 33 40 63 89 82 12 76 49 94 82 28 69 44 100 94 35 51 16 100 58 20 0 94 70 88 43 83
54 92 84 20 41 4 56 76 90 6 32 52 96 76 64 38 15 87 33 10 14 74 64 52 13 86 83 98 19 2 17 20 92 38 95 12 61 13 41 17 18 69 43 49 87 24 38 99 32 28 33 50 77 29 92 49 49 99 64 7 92 78 91 63 70 7 88 92 50 88 31 99 3 44 14 48 47 90 35 59 77 66 42 59 35 76 28 40 88 13 35 13 92 19 73 94 0 24 74 50 47
68 20 65 36 29 84 20 92 14 94 87 52 75 20 54 46 4 45 57 71 61 68 29 46 90 4 86 24 59 87 46 80 99 31 79 59 83 4 73 78 72 6 56 43 27 71 57 51 69 13 19 48 39 53 78 14 99 81 77 81 71 8 30 84 28 79 95 29 98 67 41 60 85 5 56 38 82 19 58 74 91 7 12 91 32 21 34 5 71 98 96 21 32 99 4 70 24 0 85 41 72
67 25 45 67 90 84 36 55 9 50 16 4 25 7 88 99 58 21 37 83 74 29 30 96 29 68 59 78 45 75 85 81 39 54 32 25 96 81 46 79 14 21 96 35 30 28 96 82 40 80 26 55 28 41 67 13 74 17 62 58 42 94 64 26 47 82 78 47 61 45 82 31 85 57 49 2 68 58 21 28 85 6 50 23 30 88 54 19 45 88 64 33 97 87 44 88 74 85 0 89 54
1 30 85 16 78 47 1 96 43 90 94 76 55 86 26 32 9 83 64 4 22 5 23 5 24 61 18 79 98 87 97 6 51 84 27 12 93 26 80 11 15 13 95 98 84 97 89 33 5 99 20 39 9 64 44 85 21 59 37 19 6 28 100 51 65 76 47 70 30 31 2 49 66 94 73 12 16 55 17 12 89 51 40 76 51 76 12 61 98 40 5 76 13 91 34 43 50 41 89 0 2
14 98 17 24 86 14 56 66 45 93 59 47 45 27 49 57 48 67 15 24 20 94 73 35 97 84 38 94 80 28 44 9 85 12 3 55 53 91 49 25 9 85 42 27 10 42 32 54 17 66 50 13 45 54 79 76 19 23 17 77 50 25 40 78 84 26 27 27 41 69 20 41 55 78 25 36 42 40 12 83 12 82 98 30 26 36 73 89 93 98 60 60 37 15 22 83 47 72 54 2 0
1 90 125 52 22 35 121 63 51 99 83 134 48 78 80 27 15 136 79 27 134 31 86 14 141 20 96 77 139 96 135 62 128 71 33 53 110 28 6 71 18 106 134 151 45 84 58 52 8 14
0 99 6 12 67 39 23 31 55 8 60 9 87 75 61 78 71 1 89 65 36 13 28 15 49 32 2 22 37 0
40
24.95534610748291