Name: 200-20-30
Time: 3.5179171562194824 
Result: 5
Solution: 29 25 0 6 27 15 43 17 19 20 37 18 6 0 22 24 25 33 8 10 12 42 19 22 28 34 37 30 37 7 40 11 41 28 41 9 16 1 25 11 3 7 4 17 6 35 9 13 15 1 32 42 41 8 24 40 11 18 43 38 9 13 43 10 30 3 42 25 7 31 24 43 30 25 12 26 30 35 26 27 2 42 5 4 33 34 35 43 4 5 2 12 28 20 13 28 3 22 30 18 37 20 22 28 7 24 33 35 4 17 18 35 32 32 25 31 42 20 39 4 20 18 23 41 24 28 1 5 22 39 40 16 15 23 9 10 11 27 9 13 24 29 33 14 14 19 38 20 4 1 34 32 21 4 33 0 41 33 25 36 14 42 10 2 29 26 15 21 36 36 40 36 14 21 1 10 24 32 34 0 16 38 8 1 39 39 22 29 15 17 0 35 23 6 30 38 31 22 12 27 
0: 2 13 155 179 190 (22)
1: 37 49 126 149 174 183 (22)
2: 80 90 163 (24)
3: 40 65 96 (23)
4: 42 83 88 108 119 148 153 (22)
5: 82 89 127 (22)
6: 3 12 44 193 (24)
7: 29 41 68 104 (22)
8: 18 53 182 (22)
9: 35 46 60 134 138 (23)
10: 19 63 135 162 175 (24)
11: 31 39 56 136 (22)
12: 20 74 91 198 (27)
13: 47 61 94 139 (22)
14: 143 144 160 172 (22)
15: 5 48 132 166 188 (22)
16: 36 131 180 (24)
17: 7 43 109 189 (22)
18: 11 57 99 110 121 (23)
19: 8 22 145 (25)
20: 9 93 101 117 120 147 (24)
21: 152 167 173 (27)
22: 14 23 97 102 128 186 197 (27)
23: 122 133 192 (24)
24: 15 54 70 105 124 140 176 (27)
25: 1 16 38 67 73 114 158 (26)
26: 75 78 165 (27)
27: 4 79 137 199 (27)
28: 24 33 92 95 103 125 (27)
29: 0 141 164 187 (27)
30: 27 64 72 76 98 194 (27)
31: 69 115 196 (27)
32: 50 112 113 151 177 (27)
33: 17 84 106 142 154 157 (27)
34: 25 85 150 178 (27)
35: 45 77 86 107 111 191 (27)
36: 159 168 169 171 (27)
37: 10 26 28 100 (27)
38: 59 146 181 195 (27)
39: 118 129 184 185 (27)
40: 30 55 130 170 (27)
41: 32 34 52 123 156 (27)
42: 21 51 66 81 116 161 (27)
43: 6 58 62 71 87 (27)
