Name: 200-50-80
Time: 12.820926427841187 
Result: 20
Solution: 48 47 4 10 24 18 12 3 35 46 41 22 1 21 2 29 35 48 47 9 21 36 22 28 23 46 12 44 13 44 27 4 38 25 1 33 34 23 9 44 31 19 35 32 2 45 6 42 40 48 30 36 28 45 29 31 18 1 45 8 26 28 42 30 28 37 49 5 6 22 25 33 9 38 31 25 35 24 49 36 5 18 5 33 4 36 37 30 11 43 3 41 27 40 49 18 32 12 12 2 16 34 45 39 15 46 32 0 4 8 0 20 8 10 15 41 42 30 29 20 7 2 22 15 27 14 34 10 43 46 23 26 10 15 39 3 14 41 43 40 28 6 17 21 30 18 19 12 20 11 39 4 16 17 24 47 39 15 41 25 3 19 2 1 9 9 18 8 11 7 17 26 1 42 34 13 12 49 46 7 47 29 16 17 40 5 6 19 14 31 13 32 0 5 48 43 38 37 35 26 
0: 107 110 192 (58)
1: 12 34 57 163 172 (58)
2: 14 44 99 121 162 (58)
3: 7 90 135 160 (58)
4: 2 31 84 108 151 (59)
5: 67 80 82 185 193 (60)
6: 46 68 141 186 (59)
7: 120 169 179 (59)
8: 59 109 112 167 (61)
9: 19 38 72 164 165 (58)
10: 3 113 127 132 (58)
11: 88 149 168 (65)
12: 6 26 97 98 147 176 (59)
13: 28 175 190 (59)
14: 125 136 188 (59)
15: 104 114 123 133 157 (58)
16: 100 152 182 (62)
17: 142 153 170 183 (59)
18: 5 56 81 95 145 166 (58)
19: 41 146 161 187 (78)
20: 111 119 148 (65)
21: 13 20 143 (64)
22: 11 22 69 122 (58)
23: 24 37 130 (60)
24: 4 77 154 (69)
25: 33 70 75 159 (61)
26: 60 131 171 199 (59)
27: 30 92 124 (60)
28: 23 52 61 64 140 (64)
29: 15 54 118 181 (61)
30: 50 63 87 117 144 (77)
31: 40 55 74 189 (76)
32: 43 96 106 191 (73)
33: 35 71 83 (69)
34: 36 101 126 174 (77)
35: 8 16 42 76 198 (78)
36: 21 51 79 85 (58)
37: 65 86 197 (76)
38: 32 73 196 (76)
39: 103 134 150 156 (77)
40: 48 93 139 184 (77)
41: 10 91 115 137 158 (78)
42: 47 62 116 173 (77)
43: 89 128 138 195 (78)
44: 27 29 39 (77)
45: 45 53 58 102 (78)
46: 9 25 105 129 178 (78)
47: 1 18 155 180 (78)
48: 0 17 49 194 (78)
49: 66 78 94 177 (74)
