Name: 200-40-60
Time: 3.649533271789551 
Result: 7
Solution: 10 2 22 10 14 2 18 5 10 6 1 13 21 11 22 1 6 7 15 8 2 8 28 28 7 21 26 25 6 14 1 1 23 21 9 17 26 2 29 17 18 12 9 26 15 3 10 20 0 19 5 11 29 27 11 24 6 12 24 14 3 20 24 4 23 18 29 18 19 3 16 12 6 1 18 25 20 27 23 22 10 5 12 18 9 26 15 11 28 20 10 20 13 18 16 14 28 13 27 17 3 13 20 1 13 25 13 13 15 22 0 27 28 7 9 28 9 8 6 25 5 4 19 15 16 21 12 3 25 28 0 4 4 11 28 29 22 26 26 18 21 20 14 0 10 4 13 19 9 16 22 0 4 21 17 16 20 2 2 8 23 19 17 0 1 25 8 25 16 29 26 3 22 9 22 16 4 7 12 16 3 6 7 28 12 26 8 21 5 12 21 2 4 9 24 7 7 24 11 29 
0: 48 110 130 143 151 163 (47)
1: 10 15 30 31 73 103 164 (47)
2: 1 5 20 37 157 158 191 (47)
3: 45 60 69 100 127 171 180 (47)
4: 63 121 131 132 145 152 176 192 (47)
5: 7 50 81 120 188 (47)
6: 9 16 28 56 72 118 181 (47)
7: 17 24 113 177 182 195 196 (48)
8: 19 21 117 159 166 186 (49)
9: 34 42 84 114 116 148 173 193 (47)
10: 0 3 8 46 80 90 144 (48)
11: 13 51 54 87 133 198 (47)
12: 41 57 71 82 126 178 184 189 (47)
13: 11 92 97 101 104 106 107 146 (47)
14: 4 29 59 95 142 (49)
15: 18 44 86 108 123 (47)
16: 70 94 124 149 155 168 175 179 (52)
17: 35 39 99 154 162 (47)
18: 6 40 65 67 74 83 93 139 (54)
19: 49 68 122 147 161 (48)
20: 47 61 76 89 91 102 141 156 (51)
21: 12 25 33 125 140 153 187 190 (53)
22: 2 14 79 109 136 150 172 174 (54)
23: 32 64 78 160 (54)
24: 55 58 62 194 197 (54)
25: 27 75 105 119 128 165 167 (54)
26: 26 36 43 85 137 138 170 185 (54)
27: 53 77 98 111 (54)
28: 22 23 88 96 112 115 129 134 183 (53)
29: 38 52 66 135 169 199 (54)
