Name: 200-30-45
Time: 5.959008693695068 
Result: 5
Solution: 20 20 5 16 24 12 28 21 23 16 4 30 22 0 3 12 32 28 20 8 34 15 19 33 35 1 15 23 4 24 22 11 10 6 27 25 6 24 0 32 25 6 27 1 1 9 34 27 34 14 29 32 30 14 19 29 6 24 12 3 26 34 26 14 7 20 1 35 21 34 21 11 15 6 19 4 27 15 6 2 8 9 17 13 32 2 33 15 18 3 20 8 30 25 11 19 3 6 30 14 19 0 31 18 20 10 2 0 29 19 23 25 5 32 34 28 12 21 35 9 25 24 16 0 32 21 16 23 21 13 9 3 3 17 26 21 17 9 31 3 20 18 28 2 0 17 17 4 1 35 14 29 10 13 18 14 22 7 17 22 13 5 26 18 15 28 22 7 0 33 12 28 27 8 11 32 2 24 29 21 32 7 29 16 35 13 30 5 27 7 34 30 26 33 25 15 11 17 31 33 
0: 13 38 101 107 123 144 168 (36)
1: 25 43 44 66 148 (36)
2: 79 85 106 143 176 (37)
3: 14 59 89 96 131 132 139 (36)
4: 10 28 75 147 (36)
5: 2 112 161 187 (36)
6: 33 36 41 56 73 78 97 (36)
7: 64 157 167 181 189 (36)
8: 19 80 91 173 (38)
9: 45 81 119 130 137 (36)
10: 32 105 152 (36)
11: 31 71 94 174 196 (37)
12: 5 15 58 116 170 (36)
13: 83 129 153 160 185 (36)
14: 49 53 63 99 150 155 (36)
15: 21 26 72 77 87 164 195 (36)
16: 3 9 122 126 183 (36)
17: 82 133 136 145 146 158 197 (36)
18: 88 103 141 154 163 (36)
19: 22 54 74 95 100 109 (39)
20: 0 1 18 65 90 104 140 (40)
21: 7 68 70 117 125 128 135 179 (40)
22: 12 30 156 159 166 (40)
23: 8 27 110 127 (39)
24: 4 29 37 57 121 177 (41)
25: 35 40 93 111 120 194 (41)
26: 60 62 134 162 192 (41)
27: 34 42 47 76 172 188 (41)
28: 6 17 115 142 165 171 (41)
29: 50 55 108 151 178 182 (41)
30: 11 52 92 98 186 191 (41)
31: 102 138 198 (41)
32: 16 39 51 84 113 124 175 180 (41)
33: 23 86 169 193 199 (40)
34: 20 46 48 61 69 114 190 (37)
35: 24 67 118 149 184 (41)
