Name: 400-20-30
Time: 3.4197380542755127 
Result: 7
Solution: 41 4 3 48 61 54 23 18 33 21 42 0 24 9 17 15 41 42 47 35 24 39 28 33 50 43 31 4 9 55 25 15 36 44 59 3 17 59 25 49 14 26 31 31 40 39 33 6 13 44 2 37 17 43 12 7 36 22 57 34 7 50 39 35 57 22 31 26 42 45 35 27 4 2 22 59 30 11 47 23 40 44 42 8 47 3 42 40 45 39 37 31 17 16 49 59 31 10 46 11 38 34 29 0 13 7 1 55 17 55 30 9 40 13 56 15 46 12 37 37 0 36 33 41 2 20 16 46 58 49 25 46 38 16 14 9 26 49 1 58 27 43 26 56 14 9 13 51 44 49 48 13 19 1 12 50 36 61 11 55 49 23 22 25 47 30 59 50 53 5 9 24 52 20 50 1 12 15 43 13 46 10 15 8 18 44 20 45 55 43 36 34 39 39 29 33 48 37 33 6 28 16 51 4 40 61 19 5 44 8 16 45 18 1 16 53 41 6 48 32 13 38 59 43 50 26 61 54 28 19 53 34 6 12 17 20 61 59 59 34 46 24 50 36 40 37 7 20 37 7 60 57 4 12 44 34 34 20 57 53 49 39 32 40 11 54 60 60 27 52 32 54 51 50 28 23 58 33 48 10 2 9 51 38 21 54 30 12 24 3 18 2 15 8 37 8 18 0 4 15 53 32 61 57 55 24 24 23 5 55 0 3 21 48 29 42 1 1 19 34 30 8 56 37 52 47 60 44 7 49 38 33 61 56 56 14 57 12 51 41 56 5 6 47 34 12 10 31 42 47 56 1 59 27 10 48 32 48 36 37 25 25 24 52 22 48 61 58 31 58 57 27 9 37 19 10 5 19 61 7 22 15 25 3 0 57 55 47 36 54 42 23 30 50 54 40 31 45 35 0 
0: 11 103 120 297 310 384 399 (22)
1: 106 138 153 175 213 316 317 351 (22)
2: 50 73 124 280 291 (22)
3: 2 35 85 289 311 383 (22)
4: 1 27 72 203 252 298 (23)
5: 169 207 308 341 376 (22)
6: 47 199 217 232 342 (22)
7: 55 60 105 246 249 328 379 (22)
8: 83 183 209 293 295 321 (22)
9: 13 28 111 135 145 170 281 372 (23)
10: 97 181 279 346 354 375 (22)
11: 77 99 158 264 (22)
12: 54 117 154 176 233 253 287 337 345 (22)
13: 48 104 113 146 151 179 220 (22)
14: 40 134 144 335 (24)
15: 15 31 115 177 182 292 299 381 (22)
16: 93 126 133 201 210 214 (22)
17: 14 36 52 92 108 234 (22)
18: 7 184 212 290 296 (22)
19: 152 206 229 318 374 377 (22)
20: 125 173 186 235 247 257 (27)
21: 9 284 312 (24)
22: 57 65 74 162 364 380 (22)
23: 6 79 161 275 307 391 (22)
24: 12 20 171 241 288 305 306 362 (25)
25: 30 38 130 163 360 361 382 (22)
26: 41 67 136 142 225 (22)
27: 71 140 268 353 371 (26)
28: 22 200 228 274 (23)
29: 102 194 314 (28)
30: 76 110 165 286 320 392 (29)
31: 26 42 43 66 91 96 347 368 396 (27)
32: 219 262 270 301 356 (29)
33: 8 23 46 122 195 198 277 331 (24)
34: 59 101 191 231 239 255 256 319 344 (25)
35: 19 63 70 398 (22)
36: 32 56 121 156 190 243 358 388 (25)
37: 51 90 118 119 197 245 248 294 323 359 373 (29)
38: 100 132 221 283 330 (29)
39: 21 45 62 89 192 193 261 (29)
40: 44 80 87 112 204 244 263 395 (26)
41: 0 16 123 216 339 (29)
42: 10 17 68 82 86 315 348 390 (29)
43: 25 53 141 178 189 223 (29)
44: 33 49 81 148 185 208 254 327 (27)
45: 69 88 187 211 397 (29)
46: 98 116 127 131 180 240 (29)
47: 18 78 84 164 325 343 349 387 (29)
48: 3 150 196 218 278 313 355 357 365 (29)
49: 39 94 129 137 149 160 260 329 (23)
50: 24 61 155 167 174 224 242 273 393 (28)
51: 147 202 272 282 338 (28)
52: 172 269 324 363 (29)
53: 168 215 230 259 300 (29)
54: 5 227 265 271 285 389 394 (29)
55: 29 107 109 159 188 304 309 386 (29)
56: 114 143 322 333 334 340 350 (29)
57: 58 64 251 258 303 336 370 385 (29)
58: 128 139 276 367 369 (29)
59: 34 37 75 95 166 222 237 238 352 (29)
60: 250 266 267 326 (29)
61: 4 157 205 226 236 302 332 366 378 (28)
