Name: 400-30-45
Time: 16.05920386314392 
Result: 10
Solution: 41 43 34 46 30 38 29 77 55 81 57 73 68 49 22 31 43 67 31 71 68 7 24 42 27 31 33 4 18 58 9 32 29 25 38 34 65 39 56 72 71 12 78 18 36 77 16 56 50 23 19 69 73 12 81 6 36 32 15 13 68 5 24 6 28 33 2 26 73 10 75 7 74 28 68 74 36 79 39 13 76 83 6 55 45 56 45 31 40 9 65 55 31 41 63 17 19 9 66 25 27 62 13 59 57 83 35 67 71 38 62 79 61 53 23 62 61 17 19 63 69 60 49 41 57 10 40 48 49 25 7 3 18 28 35 78 54 19 51 53 5 47 39 52 80 72 14 35 11 44 1 69 60 58 44 1 50 37 2 29 5 31 70 20 64 79 5 18 16 75 83 58 39 68 46 79 62 66 47 14 11 40 37 59 59 51 1 83 49 44 11 52 71 33 45 48 81 1 17 55 39 29 4 50 11 83 75 27 0 64 3 76 72 2 14 25 24 73 70 73 39 53 1 76 82 13 48 56 57 38 46 27 56 79 32 27 59 44 13 14 41 22 21 25 41 34 81 67 49 78 66 69 12 71 19 28 40 15 64 5 73 61 43 50 52 51 21 26 22 51 62 10 64 34 77 73 3 3 61 47 36 54 54 9 68 52 25 37 4 46 2 15 20 24 29 8 30 46 20 6 29 69 34 80 63 77 33 80 53 63 47 36 74 45 58 35 55 57 42 49 79 32 64 24 64 79 28 30 26 10 78 55 0 42 48 77 16 40 43 53 46 64 82 72 52 83 63 43 51 17 58 50 23 47 37 42 77 66 9 66 21 7 52 36 36 19 78 65 9 17 70 23 34 80 8 41 10 61 21 42 41 4 76 24 9 29 45 53 0 62 24 2 16 72 65 82 40 71 61 57 
0: 208 332 388 (32)
1: 150 155 186 197 222 (32)
2: 66 158 213 290 391 (32)
3: 131 210 276 277 (32)
4: 27 202 288 381 (33)
5: 61 140 160 166 259 (37)
6: 55 63 82 299 (33)
7: 21 71 130 361 (32)
8: 295 374 (33)
9: 30 89 97 283 358 368 384 (39)
10: 69 125 271 329 376 (32)
11: 148 180 190 204 (32)
12: 41 53 252 (33)
13: 59 79 102 225 238 (32)
14: 146 179 214 239 (33)
15: 58 257 291 (33)
16: 46 168 336 392 (32)
17: 95 117 198 349 369 (32)
18: 28 43 132 167 (37)
19: 50 96 118 137 254 365 (32)
20: 163 292 298 (36)
21: 242 266 360 378 (34)
22: 14 241 268 (33)
23: 49 114 352 371 (32)
24: 22 62 216 293 323 383 390 (34)
25: 33 99 129 215 243 286 (35)
26: 67 267 328 (33)
27: 24 100 207 231 235 (32)
28: 64 73 133 255 326 (34)
29: 6 32 159 201 294 300 385 (32)
30: 4 296 327 (32)
31: 15 18 25 87 92 161 (42)
32: 31 57 234 321 (35)
33: 26 65 193 306 (34)
34: 2 35 245 273 302 372 (39)
35: 106 134 147 315 (32)
36: 44 56 76 280 311 363 364 (32)
37: 157 182 287 354 (37)
38: 5 34 109 229 (38)
39: 37 78 142 172 200 220 (35)
40: 88 126 181 256 337 396 (41)
41: 0 93 123 240 244 375 380 (42)
42: 23 318 333 355 379 (42)
43: 1 16 262 338 347 (41)
44: 149 154 189 237 (40)
45: 84 86 194 313 386 (41)
46: 3 174 230 289 297 340 (42)
47: 141 178 279 310 353 (42)
48: 127 195 226 334 (41)
49: 13 122 128 188 248 319 (41)
50: 48 156 203 263 351 (41)
51: 138 185 265 269 348 (40)
52: 143 191 264 285 344 362 (39)
53: 113 139 221 308 339 387 (41)
54: 136 281 282 (42)
55: 8 83 91 199 316 331 (37)
56: 38 47 85 227 232 (42)
57: 10 104 124 228 317 399 (41)
58: 29 153 171 314 350 (42)
59: 103 183 184 236 (39)
60: 121 152 (39)
61: 112 116 261 278 377 398 (38)
62: 101 110 115 176 270 389 (42)
63: 94 119 304 309 346 (39)
64: 164 209 258 272 322 324 341 (41)
65: 36 90 367 394 (42)
66: 98 177 250 357 359 (34)
67: 17 107 247 (42)
68: 12 20 60 74 173 284 (42)
69: 51 120 151 251 301 (41)
70: 162 218 370 (42)
71: 19 40 108 192 253 397 (41)
72: 39 145 212 343 393 (41)
73: 11 52 68 217 219 260 275 (41)
74: 72 75 312 (38)
75: 70 169 206 (42)
76: 80 211 223 382 (42)
77: 7 45 274 305 335 356 (41)
78: 42 135 249 330 366 (42)
79: 77 111 165 175 233 320 325 (42)
80: 144 303 307 373 (42)
81: 9 54 196 246 (42)
82: 224 342 395 (42)
83: 81 105 170 187 205 345 (42)
