Name: 400-50-80
Time: 23.88104557991028 
Result: 18
Solution: 0 28 65 30 21 16 44 59 7 10 20 18 21 57 4 65 2 34 56 31 15 18 20 28 70 8 35 23 29 44 4 19 70 67 67 16 41 32 61 38 61 66 26 66 42 36 46 52 50 50 35 45 37 57 61 51 34 34 49 59 50 37 42 5 2 53 61 28 50 8 52 26 29 46 57 35 64 66 59 33 62 0 36 55 63 65 34 40 1 46 1 21 42 69 8 19 54 30 25 17 50 14 9 29 2 19 0 61 51 47 3 26 49 22 60 63 15 38 10 64 48 26 12 52 24 23 27 47 32 43 39 24 47 41 43 69 36 45 69 33 17 17 47 15 43 24 31 18 18 27 57 5 12 39 58 37 14 47 58 23 31 12 39 2 7 21 6 55 9 28 37 33 8 63 19 4 31 47 69 35 48 48 18 64 51 51 49 67 33 16 1 67 49 24 62 39 68 31 61 70 25 70 19 44 39 32 30 2 55 41 55 54 25 15 60 25 15 43 53 48 9 4 32 6 11 38 57 68 48 25 54 40 4 33 30 38 12 13 14 37 56 8 21 4 39 63 25 30 41 52 32 11 54 60 58 25 45 23 63 65 11 0 64 22 62 55 43 60 45 29 27 37 25 16 16 52 59 36 42 48 24 7 53 23 46 10 47 23 52 11 0 11 3 9 33 38 62 53 58 9 42 49 51 9 15 64 55 13 39 40 4 43 33 2 1 56 61 51 12 53 42 36 27 62 69 22 20 36 18 45 49 32 5 43 65 33 36 38 44 10 13 58 21 38 50 26 56 45 58 31 42 27 10 28 60 56 58 8 66 53 10 7 8 34 14 63 68 68 50 45 43 67 63 3 59 13 59 31 38 5 40 38 8 20 69 56 11 68 68 66 21 0 2 64 6 5 48 36 45 70 
0: 0 81 106 261 290 391 (55)
1: 88 90 190 314 (60)
2: 16 64 104 163 207 313 392 (56)
3: 110 292 373 (55)
4: 14 30 175 221 232 243 310 (55)
5: 63 151 332 379 395 (57)
6: 166 223 394 (56)
7: 8 164 281 361 (55)
8: 25 69 94 172 241 357 362 382 (55)
9: 102 168 220 293 299 303 (55)
10: 9 118 285 339 352 360 (56)
11: 224 251 260 289 291 386 (55)
12: 122 152 161 236 318 (55)
13: 237 307 340 375 (55)
14: 101 156 238 364 (57)
15: 20 116 143 213 216 304 (55)
16: 5 35 189 273 274 (55)
17: 99 140 141 (56)
18: 11 21 147 148 182 328 (55)
19: 31 95 105 174 202 (55)
20: 10 22 326 383 (57)
21: 4 12 91 165 242 342 390 (66)
22: 113 263 325 (57)
23: 27 125 159 257 283 287 (60)
24: 124 131 145 193 280 (60)
25: 98 200 212 215 229 246 255 272 (55)
26: 42 71 111 121 345 (56)
27: 126 149 270 322 351 (60)
28: 1 23 67 169 353 (65)
29: 28 72 103 269 (57)
30: 3 97 206 234 247 (58)
31: 19 146 160 176 197 349 377 (57)
32: 37 128 205 222 250 331 (56)
33: 79 139 171 188 233 294 312 335 (55)
34: 17 56 57 86 363 (63)
35: 26 50 75 179 (73)
36: 45 82 136 277 321 327 336 397 (60)
37: 52 61 155 170 239 271 (66)
38: 39 117 225 235 295 337 343 378 381 (73)
39: 130 153 162 195 204 244 308 (68)
40: 87 231 309 380 (65)
41: 36 133 209 248 (72)
42: 44 62 92 278 300 320 350 (73)
43: 129 134 144 217 266 311 333 370 (71)
44: 6 29 203 338 (73)
45: 51 137 256 268 329 347 369 398 (73)
46: 46 73 89 284 (73)
47: 109 127 132 142 157 177 286 (73)
48: 120 180 181 219 228 279 396 (73)
49: 58 112 186 192 301 330 (73)
50: 48 49 60 68 100 344 368 (73)
51: 55 108 184 185 302 317 (72)
52: 47 70 123 249 275 288 (73)
53: 65 218 282 297 319 359 (73)
54: 96 211 230 252 (72)
55: 83 167 208 210 265 306 (73)
56: 18 240 315 346 355 385 (73)
57: 13 53 74 150 226 (73)
58: 154 158 254 298 341 348 356 (73)
59: 7 59 78 276 374 376 (73)
60: 114 214 253 267 354 (73)
61: 38 40 54 66 107 198 316 (73)
62: 80 194 264 296 323 (73)
63: 84 115 173 245 258 365 372 (73)
64: 76 119 183 262 305 393 (73)
65: 2 15 85 259 334 (73)
66: 41 43 77 358 389 (73)
67: 33 34 187 191 371 (73)
68: 196 227 366 367 387 388 (73)
69: 93 135 138 178 324 384 (73)
70: 24 32 199 201 399 (73)
