Name: 400-40-60
Time: 112.51784181594849 
Result: 16
Solution: 70 84 57 59 4 86 40 19 15 81 73 6 34 10 72 54 79 48 23 5 96 32 14 95 48 46 38 78 57 44 0 45 91 84 87 4 49 84 15 74 63 61 77 13 79 24 77 68 28 68 27 26 61 74 51 82 18 83 11 11 66 90 31 51 16 66 30 23 64 22 85 92 65 79 63 88 73 38 31 67 10 68 64 85 90 97 37 59 37 19 82 67 52 58 27 78 42 75 66 60 0 94 39 0 80 33 68 76 35 38 21 47 3 9 21 58 33 19 13 58 65 34 50 44 77 70 70 13 0 14 24 97 30 11 18 19 66 17 28 87 55 55 59 49 53 62 12 26 4 13 96 11 94 29 51 60 17 4 47 38 39 58 44 90 93 50 88 5 78 40 57 27 24 69 24 86 85 22 50 41 33 56 98 75 55 46 48 49 36 62 95 23 4 8 84 35 97 87 81 18 80 57 93 71 1 3 91 28 43 62 48 19 53 68 57 1 6 89 51 43 74 37 83 1 45 64 2 21 71 95 50 89 37 55 25 47 98 98 73 7 20 33 81 6 7 89 96 61 91 76 39 7 82 55 0 2 9 22 14 12 76 53 67 93 25 20 30 7 87 69 64 11 82 67 73 13 36 12 31 38 8 40 49 94 43 69 22 76 25 54 56 82 24 53 39 78 62 83 32 59 89 51 86 20 17 32 44 90 24 80 36 79 72 26 40 2 74 86 46 8 66 82 4 43 42 42 71 90 71 57 56 50 21 88 28 34 16 3 15 2 55 31 37 29 8 5 2 94 18 96 70 98 61 42 82 37 92 60 29 90 65 29 30 15 92 44 74 7 42 52 28 10 92 98 47 80 0 45 95 9 33 42 41 35 9 57 90 17 77 98 63 72 94 67 65 21 16 20 14 93 
0: 30 100 103 128 254 376 (41)
1: 204 215 223 (41)
2: 226 255 315 339 346 (41)
3: 112 205 337 (42)
4: 4 35 148 157 192 322 (42)
5: 19 167 345 (46)
6: 11 216 243 (43)
7: 239 244 251 267 367 (41)
8: 193 280 319 344 (41)
9: 113 256 379 384 (41)
10: 13 80 371 (41)
11: 58 59 133 151 271 (42)
12: 146 259 277 (42)
13: 43 118 127 149 275 (41)
14: 22 129 258 398 (41)
15: 8 38 338 363 (42)
16: 64 336 396 (42)
17: 137 156 304 387 (43)
18: 56 134 199 348 (44)
19: 7 89 117 135 211 (46)
20: 240 265 303 397 (42)
21: 110 114 227 332 395 (42)
22: 69 177 257 286 (47)
23: 18 67 191 (45)
24: 45 130 172 174 292 308 (56)
25: 234 264 288 (41)
26: 51 147 313 (42)
27: 50 94 171 (42)
28: 48 138 207 334 370 (53)
29: 153 343 358 361 (44)
30: 66 132 266 362 (42)
31: 62 78 278 341 (49)
32: 21 298 305 (42)
33: 105 116 180 241 380 (46)
34: 12 121 335 (48)
35: 108 195 383 (53)
36: 188 276 310 (45)
37: 86 88 221 232 342 355 (53)
38: 26 77 109 159 279 (45)
39: 102 160 250 294 (56)
40: 6 169 281 314 (55)
41: 179 382 (45)
42: 96 324 325 353 368 381 (55)
43: 208 219 284 323 (52)
44: 29 123 162 306 365 (45)
45: 31 224 377 (57)
46: 25 185 318 (57)
47: 111 158 235 374 (56)
48: 17 24 186 210 (54)
49: 36 143 187 282 (51)
50: 122 165 178 230 331 (47)
51: 54 63 154 218 301 (56)
52: 92 369 (41)
53: 144 212 261 293 (55)
54: 15 289 (52)
55: 140 141 184 233 253 340 (56)
56: 181 290 330 (54)
57: 2 28 170 201 214 329 385 (56)
58: 93 115 119 161 (50)
59: 3 87 142 299 (57)
60: 99 155 357 (47)
61: 41 52 247 352 (52)
62: 145 189 209 296 (54)
63: 40 74 390 (54)
64: 68 82 225 270 (56)
65: 72 120 360 394 (56)
66: 60 65 98 136 320 (55)
67: 79 91 262 273 393 (56)
68: 47 49 81 106 213 (57)
69: 173 269 285 (57)
70: 0 125 126 350 (57)
71: 203 228 326 328 (56)
72: 14 312 391 (57)
73: 10 76 238 274 (54)
74: 39 53 220 316 366 (57)
75: 97 183 (56)
76: 107 249 260 287 (56)
77: 42 46 124 388 (56)
78: 27 95 168 295 (57)
79: 16 44 73 311 (57)
80: 104 200 309 375 (57)
81: 9 198 242 (57)
82: 55 90 252 272 291 321 354 (55)
83: 57 222 297 (57)
84: 1 33 37 194 (57)
85: 70 83 176 (57)
86: 5 175 302 317 (57)
87: 34 139 197 268 (57)
88: 75 166 333 (57)
89: 217 231 245 300 (57)
90: 61 84 163 307 327 359 386 (57)
91: 32 206 248 (57)
92: 71 356 364 372 (57)
93: 164 202 263 399 (57)
94: 101 152 283 347 392 (56)
95: 23 190 229 378 (57)
96: 20 150 246 349 (57)
97: 85 131 196 (57)
98: 182 236 237 351 373 389 (57)
