Name: 600-40-60
Time: 604.5291996002197 
Result: 17
Solution: 130 3 80 56 69 4 134 23 64 86 28 11 82 69 28 111 3 10 139 81 84 54 15 98 62 71 133 10 121 96 93 45 73 94 123 76 121 79 72 117 8 140 108 86 69 98 141 13 92 51 141 22 121 8 51 56 92 134 129 136 122 2 85 83 10 97 59 143 49 41 105 75 85 107 36 15 96 38 36 133 43 108 131 105 64 54 71 118 62 130 117 15 4 84 127 116 7 61 0 141 89 36 141 114 102 136 31 13 111 47 27 32 5 126 66 4 140 79 36 32 122 115 125 63 3 122 6 137 74 109 9 131 91 103 31 23 123 119 93 136 116 5 16 106 100 72 32 47 118 41 75 125 129 127 86 106 114 67 119 94 60 59 38 134 53 140 8 89 74 91 58 34 61 101 68 61 110 27 81 13 64 85 103 127 100 26 113 32 46 95 41 34 70 120 19 97 43 67 102 77 79 129 110 90 9 66 133 43 104 69 55 80 123 95 109 46 8 142 30 104 36 24 101 97 56 30 30 36 53 50 67 43 112 107 62 82 29 52 29 23 127 89 19 136 120 10 42 24 76 112 137 75 128 89 123 35 56 74 47 57 129 23 102 50 20 65 93 84 130 134 94 43 17 117 44 140 121 57 100 25 37 63 57 124 26 19 22 85 71 1 101 126 137 119 37 127 76 137 31 16 81 110 26 114 143 125 6 101 137 59 47 85 132 21 99 5 88 109 21 125 38 59 53 70 42 20 101 131 60 39 65 17 66 123 10 132 23 98 19 114 48 143 78 109 23 12 41 83 95 95 43 112 95 13 126 139 60 52 115 8 80 2 140 93 115 91 128 76 138 15 106 131 113 36 65 53 120 14 90 39 138 64 143 100 40 122 38 8 83 109 88 22 96 0 128 78 57 114 13 44 35 1 87 6 134 45 24 28 50 76 128 49 36 107 58 91 75 35 14 79 124 142 49 51 24 15 35 97 64 69 33 75 32 16 55 133 139 87 16 109 55 9 77 64 38 134 101 132 90 125 44 90 134 105 0 138 128 124 80 118 51 42 45 28 54 114 117 19 53 138 129 83 130 0 72 52 75 12 135 11 119 142 77 20 88 133 44 55 12 49 138 99 35 19 134 87 18 132 116 62 42 21 49 141 86 60 39 94 28 103 36 11 23 106 118 73 120 72 41 137 33 63 83 143 98 59 87 70 0 136 111 9 122 58 104 48 113 127 103 2 129 53 135 88 73 91 60 95 25 70 29 131 84 12 121 31 14 40 6 64 127 111 56 82 49 140 14 25 7 2 19 2 108 4 82 104 47 27 4 102 95 139 0 109 89 18 68 129 120 17 96 68 67 26 8 118 113 115 79 46 
0: 98 393 454 473 528 582 (42)
1: 289 401 (42)
2: 61 361 539 569 571 (41)
3: 1 16 124 (41)
4: 5 92 115 573 578 (41)
5: 112 141 315 (42)
6: 126 306 403 558 (42)
7: 96 568 (41)
8: 40 53 166 216 359 387 594 (41)
9: 130 204 441 531 (43)
10: 17 27 64 245 334 (42)
11: 11 479 511 (43)
12: 345 477 488 553 (46)
13: 47 107 179 353 398 (52)
14: 377 418 556 566 (41)
15: 22 75 91 369 425 (41)
16: 142 299 433 438 (41)
17: 272 331 589 (47)
18: 496 585 (42)
19: 194 242 285 338 467 493 570 (41)
20: 264 325 483 (41)
21: 313 318 501 (41)
22: 51 286 391 (45)
23: 7 135 239 261 336 344 512 (43)
24: 221 247 406 424 (42)
25: 279 548 567 (42)
26: 185 284 302 593 (43)
27: 110 177 577 (42)
28: 10 14 407 463 508 (46)
29: 236 238 550 (43)
30: 218 225 226 (43)
31: 106 134 298 555 (58)
32: 111 119 146 187 432 (49)
33: 430 520 (45)
34: 171 191 (42)
35: 255 400 417 426 492 (41)
36: 74 78 101 118 220 227 373 412 510 (45)
37: 280 294 (51)
38: 77 162 320 386 444 (41)
39: 329 379 506 (41)
40: 384 557 (50)
41: 69 149 190 346 518 (41)
42: 246 324 461 500 (43)
43: 80 196 207 231 271 350 (41)
44: 274 399 450 486 (41)
45: 31 405 462 (46)
46: 188 215 599 (42)
47: 109 147 258 310 576 (55)
48: 340 535 (41)
49: 68 411 422 489 502 564 (51)
50: 229 263 408 (42)
51: 49 54 423 460 (41)
52: 237 357 475 (43)
53: 164 228 322 375 468 541 (56)
54: 21 85 464 (52)
55: 210 434 440 487 (53)
56: 3 55 224 256 562 (57)
57: 259 277 282 396 (56)
58: 170 414 533 (44)
59: 66 161 309 321 525 (51)
60: 160 328 356 505 546 (44)
61: 97 172 175 (41)
62: 24 88 234 499 (44)
63: 123 281 521 (47)
64: 8 84 180 381 428 443 559 (56)
65: 265 330 374 (50)
66: 114 205 332 (56)
67: 157 197 230 592 (55)
68: 174 586 591 (41)
69: 4 13 44 209 429 (48)
70: 192 323 527 549 (42)
71: 25 86 288 (46)
72: 38 145 474 517 (51)
73: 32 515 544 (57)
74: 128 168 257 (43)
75: 71 150 251 416 431 476 (52)
76: 35 248 296 367 409 (57)
77: 199 442 482 (58)
78: 342 395 (53)
79: 37 117 200 419 598 (45)
80: 2 211 360 458 (54)
81: 19 178 300 (41)
82: 12 235 563 574 (58)
83: 63 347 388 471 522 (58)
84: 20 93 267 552 (44)
85: 62 72 181 287 311 (50)
86: 9 43 154 504 (58)
87: 402 437 495 526 (56)
88: 316 390 484 543 (56)
89: 100 167 241 253 584 (57)
90: 203 378 448 451 (58)
91: 132 169 365 415 545 (58)
92: 48 56 (52)
93: 30 138 266 363 (57)
94: 33 159 270 507 (52)
95: 189 213 348 349 352 547 580 (57)
96: 29 76 392 590 (58)
97: 65 195 223 427 (51)
98: 23 45 337 524 (54)
99: 314 491 (58)
100: 144 184 278 383 (52)
101: 173 222 290 307 326 446 (58)
102: 104 198 262 579 (57)
103: 133 182 509 538 (58)
104: 208 219 534 575 (57)
105: 70 83 453 (58)
106: 143 155 370 513 (58)
107: 73 233 413 (58)
108: 42 81 572 (54)
109: 129 214 317 343 389 439 583 (57)
110: 176 202 301 (43)
111: 15 108 530 561 (56)
112: 232 249 351 (58)
113: 186 372 536 596 (57)
114: 103 156 303 339 397 465 (58)
115: 121 358 364 597 (57)
116: 95 140 498 (58)
117: 39 90 273 466 (55)
118: 87 148 459 514 595 (57)
119: 137 158 293 480 (58)
120: 193 244 376 516 588 (58)
121: 28 36 52 276 554 (57)
122: 60 120 125 385 532 (57)
123: 34 136 212 254 333 (58)
124: 283 420 457 (58)
125: 122 151 305 319 449 (58)
126: 113 291 354 (58)
127: 94 153 183 240 295 537 560 (58)
128: 252 366 394 410 456 (56)
129: 58 152 201 260 470 540 587 (58)
130: 0 89 268 472 (55)
131: 82 131 327 371 551 (58)
132: 312 335 447 497 (58)
133: 26 79 206 435 485 (58)
134: 6 57 163 269 404 445 452 494 (58)
135: 478 542 (58)
136: 59 105 139 243 529 (57)
137: 127 250 292 297 308 519 (58)
138: 368 380 455 469 490 (58)
139: 18 355 436 581 (52)
140: 41 116 165 275 362 565 (58)
141: 46 50 99 102 503 (57)
142: 217 421 481 (53)
143: 67 304 341 382 523 (58)
