Name: 600-50-80
Time: 55.726253032684326 
Result: 23
Solution: 47 15 104 19 66 60 2 9 72 98 78 70 65 4 94 55 24 54 19 34 22 42 12 100 5 68 81 87 30 92 55 84 98 36 14 1 60 76 99 81 43 50 71 35 23 0 85 32 90 35 16 14 79 97 53 81 30 30 57 0 103 2 94 81 11 86 68 66 95 47 67 3 72 39 26 84 80 50 107 42 13 42 57 78 76 3 59 62 85 54 65 40 27 4 31 64 77 3 49 71 95 95 108 73 27 94 12 92 93 32 104 4 89 74 100 77 27 83 66 70 11 67 99 83 93 34 7 52 50 31 66 9 27 49 1 61 51 10 67 25 32 99 7 17 66 74 65 108 43 44 93 70 20 34 1 31 41 48 60 65 42 24 11 86 36 29 90 29 105 92 24 55 40 64 70 74 49 74 96 91 79 57 14 46 67 78 97 11 79 33 72 55 93 83 89 87 93 86 78 101 105 28 48 103 51 82 13 49 52 52 83 32 92 78 25 36 64 15 59 50 2 26 95 18 41 44 12 55 106 77 57 15 102 89 22 67 37 58 100 30 61 19 58 103 10 5 86 45 72 74 1 61 72 97 42 74 58 74 100 40 88 48 55 93 38 38 4 28 98 78 105 58 71 42 71 74 29 63 108 63 89 74 29 17 106 80 58 103 84 109 53 100 70 27 69 2 98 39 47 32 72 106 99 100 101 24 84 12 109 88 68 73 73 60 15 25 12 109 18 23 83 18 66 110 79 2 30 69 46 6 93 93 90 44 47 81 9 68 7 78 53 37 17 85 48 63 82 45 15 1 100 85 21 29 89 79 12 108 43 88 95 94 68 47 63 49 84 35 63 108 94 101 58 96 47 87 7 100 26 8 34 40 91 1 8 5 83 108 81 43 27 62 108 4 44 69 4 76 110 30 53 90 110 8 8 109 72 80 59 94 8 39 100 9 69 23 21 9 22 91 102 82 109 1 99 56 98 88 81 18 15 3 54 13 25 110 101 49 12 107 100 52 37 109 83 24 86 58 59 22 105 62 71 77 18 66 90 51 91 88 40 104 81 82 40 73 37 19 55 75 31 28 100 56 41 87 100 10 105 15 84 76 21 61 64 17 33 6 39 44 65 18 54 33 33 5 32 44 108 50 17 38 52 46 95 80 52 91 17 107 20 75 101 20 104 2 11 65 88 20 82 51 86 34 81 28 64 103 96 108 59 89 70 64 73 16 34 107 73 87 73 103 35 49 41 43 6 3 15 27 103 74 75 97 74 36 56 65 102 34 21 78 20 87 97 38 60 88 18 56 6 94 23 94 63 101 96 72 36 24 20 101 69 25 40 74 51 53 51 103 14 110 45 8 86 0 100 6 7 9 
0: 45 59 595 (53)
1: 35 134 154 250 349 383 423 (53)
2: 6 61 220 295 325 515 (58)
3: 71 85 97 431 547 (53)
4: 13 93 111 266 393 396 (54)
5: 24 245 385 495 (54)
6: 329 487 546 570 597 (53)
7: 126 142 338 376 598 (54)
8: 379 384 403 404 410 593 (56)
9: 7 131 336 413 417 599 (53)
10: 137 244 477 (55)
11: 64 120 162 187 516 (53)
12: 22 106 226 307 316 356 438 (53)
13: 80 206 433 (53)
14: 34 51 182 590 (53)
15: 1 217 231 314 348 430 479 548 (53)
16: 50 535 (53)
17: 143 283 342 485 500 508 (53)
18: 223 318 321 429 454 491 568 (53)
19: 3 18 241 467 (54)
20: 152 510 513 519 562 580 (58)
21: 352 416 482 560 (54)
22: 20 234 418 449 (59)
23: 44 319 415 572 (56)
24: 16 161 170 305 445 579 (53)
25: 139 214 315 434 583 (53)
26: 74 221 378 (53)
27: 92 104 116 132 293 390 549 (54)
28: 201 267 471 525 (55)
29: 165 167 276 282 353 (60)
30: 28 56 57 239 326 399 (53)
31: 94 129 155 470 (55)
32: 47 109 140 211 299 496 (53)
33: 189 486 493 494 (66)
34: 19 125 153 380 523 536 559 (55)
35: 43 49 367 542 (66)
36: 33 164 215 555 578 (59)
37: 236 341 442 466 (54)
38: 264 265 501 565 (62)
39: 73 297 411 488 (56)
40: 91 172 259 381 460 464 584 (53)
41: 156 224 474 544 (54)
42: 21 79 81 160 254 273 (71)
43: 40 148 358 389 545 (55)
44: 149 225 333 394 489 497 (75)
45: 247 347 592 (54)
46: 183 328 503 (56)
47: 0 69 298 334 363 374 (58)
48: 157 202 261 344 (75)
49: 98 133 176 207 365 437 543 (73)
50: 41 77 128 219 499 (69)
51: 136 204 457 521 586 588 (63)
52: 127 208 209 441 502 506 (73)
53: 54 290 340 400 587 (57)
54: 17 89 432 492 (68)
55: 15 30 171 191 227 262 468 (76)
56: 425 473 556 569 (59)
57: 58 82 181 230 (59)
58: 237 242 256 271 286 372 447 (74)
59: 86 218 408 448 530 (70)
60: 5 36 158 313 566 (65)
61: 135 240 251 483 (73)
62: 87 391 451 (56)
63: 277 279 345 364 368 574 (76)
64: 95 173 216 484 526 533 (68)
65: 12 90 146 159 490 517 557 (69)
66: 4 67 118 130 144 322 455 (76)
67: 70 121 138 184 235 (71)
68: 25 66 310 337 362 (73)
69: 294 327 395 414 582 (72)
70: 11 119 151 174 292 532 (76)
71: 42 99 272 274 452 (73)
72: 8 72 190 248 252 300 406 577 (71)
73: 103 311 312 465 534 538 540 (75)
74: 113 145 175 177 249 255 257 275 281 551 554 585 (76)
75: 469 511 552 (74)
76: 37 84 397 481 (76)
77: 96 115 229 453 (75)
78: 10 83 185 198 213 269 339 561 (71)
79: 52 180 188 324 355 (76)
80: 76 285 407 505 (75)
81: 26 39 55 63 335 388 428 462 524 (73)
82: 205 346 421 463 520 (75)
83: 117 123 193 210 320 386 444 (74)
84: 31 75 288 306 366 480 (69)
85: 46 88 343 351 (76)
86: 65 163 197 246 446 522 594 (76)
87: 27 195 375 475 539 563 (76)
88: 260 309 359 427 459 518 567 (74)
89: 112 194 233 280 354 531 (75)
90: 48 166 332 401 456 (76)
91: 179 382 419 458 507 (76)
92: 29 107 169 212 (76)
93: 108 124 150 192 196 263 330 331 (76)
94: 14 62 105 361 370 409 571 573 (76)
95: 68 100 101 222 360 504 (75)
96: 178 373 528 576 (75)
97: 53 186 253 553 564 (75)
98: 9 32 268 296 426 (74)
99: 38 122 141 302 424 (76)
100: 23 114 238 258 291 303 350 377 412 440 472 476 596 (76)
101: 199 304 371 436 512 575 581 (75)
102: 232 420 558 (76)
103: 60 203 243 287 527 541 550 589 (76)
104: 2 110 461 514 (73)
105: 168 200 270 450 478 (76)
106: 228 284 301 (75)
107: 78 439 509 537 (76)
108: 102 147 278 357 369 387 392 498 529 (76)
109: 289 308 317 405 422 443 (76)
110: 323 398 402 435 591 (76)
