Name: 600-30-45
Time: 24.028053998947144 
Result: 13
Solution: 108 38 83 99 20 88 105 65 81 99 103 73 56 5 52 32 108 67 37 58 95 88 18 41 78 96 71 61 96 76 104 27 4 56 17 120 20 103 66 116 75 103 53 116 35 110 67 47 62 112 43 93 112 84 100 101 120 111 29 61 56 3 8 102 89 14 4 90 70 43 6 116 74 74 70 38 115 114 76 10 35 80 5 27 82 76 5 16 19 39 51 81 89 0 110 30 40 118 31 68 12 103 75 9 31 105 19 86 89 9 103 69 118 75 21 120 85 33 83 56 76 1 60 4 97 32 71 36 45 107 44 104 88 46 56 85 118 7 92 94 29 49 112 4 6 60 85 61 60 119 44 72 60 2 11 3 26 94 82 31 59 79 115 62 19 68 78 42 17 111 17 42 13 99 29 14 36 46 21 13 82 28 55 40 80 52 38 38 5 42 66 49 56 41 96 99 52 64 0 13 112 98 23 46 91 1 100 90 72 117 72 50 37 90 65 36 107 77 10 49 105 33 81 90 12 90 32 8 95 105 30 62 67 19 98 63 92 28 19 15 20 53 44 109 99 3 40 18 92 72 111 74 110 94 98 41 101 60 84 110 76 98 23 91 34 58 112 92 48 24 57 73 54 63 38 55 92 39 70 19 90 95 112 34 50 80 93 94 105 15 44 48 86 58 34 98 6 77 8 51 34 62 13 40 66 53 24 63 12 10 78 95 50 48 105 44 83 27 41 108 120 90 24 76 1 85 33 115 61 87 10 45 53 12 57 68 69 105 86 12 21 97 66 80 119 18 54 102 120 21 76 92 106 58 18 25 25 38 116 19 45 30 83 99 38 72 114 17 53 72 104 9 2 79 64 7 45 37 15 79 116 111 119 8 107 23 82 22 39 54 98 116 108 69 117 29 67 43 59 65 74 108 65 11 24 85 103 89 74 80 59 110 16 92 78 69 32 51 31 23 100 19 53 93 24 16 22 81 41 74 113 6 29 35 37 7 94 114 86 38 101 107 95 83 36 48 84 92 0 15 33 87 1 10 1 91 98 7 6 78 39 1 71 23 40 115 47 31 57 41 52 106 62 89 49 102 83 63 7 26 110 58 70 109 90 69 26 105 115 51 14 45 21 29 55 109 28 87 113 26 82 7 7 73 113 27 11 16 70 80 119 28 15 30 109 83 98 87 16 113 47 118 77 106 14 51 32 87 22 90 72 18 68 46 114 74 100 10 19 25 46 82 107 105 55 51 91 23 64 9 26 2 96 98 11 44 119 29 51 64 50 47 8 18 62 57 55 117 65 5 23 61 67 21 82 67 62 118 77 105 3 43 47 65 8 74 49 43 6 26 75 104 94 114 36 71 50 31 77 32 
0: 93 198 448 (31)
1: 121 205 324 452 454 461 (33)
2: 153 372 551 (31)
3: 61 155 245 580 (31)
4: 32 66 123 143 (31)
5: 13 82 86 188 569 (31)
6: 70 144 296 431 458 588 (32)
7: 137 375 435 457 478 501 502 (32)
8: 62 227 298 383 562 584 (33)
9: 103 109 371 549 (31)
10: 79 218 309 330 453 537 (31)
11: 154 403 506 554 (31)
12: 100 224 308 333 339 (31)
13: 172 179 199 302 (31)
14: 65 175 490 524 (31)
15: 239 289 378 449 512 (31)
16: 87 412 425 507 518 (31)
17: 34 168 170 367 (35)
18: 22 247 345 354 531 563 (33)
19: 88 106 164 233 238 279 359 421 538 (31)
20: 4 36 240 (31)
21: 114 178 340 349 492 573 (31)
22: 387 426 528 (33)
23: 202 262 385 419 463 547 570 (32)
24: 269 306 322 404 424 (34)
25: 355 356 539 (31)
26: 156 479 486 499 550 589 (31)
27: 31 83 317 505 (33)
28: 181 237 496 511 (31)
29: 58 140 174 395 432 493 557 (31)
30: 95 230 361 513 (33)
31: 98 104 159 418 467 597 (32)
32: 15 125 226 416 526 599 (34)
33: 117 221 326 450 (34)
34: 264 283 294 300 (31)
35: 44 80 433 (39)
36: 127 176 215 444 594 (31)
37: 18 212 377 434 (35)
38: 1 75 186 187 274 357 364 439 (31)
39: 89 277 388 460 (31)
40: 96 183 246 303 464 (32)
41: 23 193 255 318 428 469 (35)
42: 167 171 189 (34)
43: 50 69 397 581 587 (37)
44: 130 150 242 290 315 555 (38)
45: 128 331 360 376 491 (42)
46: 133 177 203 533 540 (35)
47: 47 466 520 561 582 (32)
48: 268 291 313 445 (31)
49: 141 191 219 474 586 (31)
50: 211 284 312 560 596 (32)
51: 90 299 417 489 525 545 558 (32)
52: 14 185 196 470 (32)
53: 42 241 305 332 368 422 (31)
54: 272 346 389 (33)
55: 182 275 494 544 566 (32)
56: 12 33 60 119 134 192 (31)
57: 270 334 468 565 (34)
58: 19 265 293 353 481 (35)
59: 160 398 410 (32)
60: 122 145 148 152 257 (31)
61: 27 59 147 328 571 (34)
62: 48 163 231 301 472 564 576 (43)
63: 235 273 307 477 (34)
64: 197 374 548 559 (44)
65: 7 214 399 402 568 583 (32)
66: 38 190 304 342 (34)
67: 17 46 232 396 572 575 (33)
68: 99 165 335 532 (34)
69: 111 336 393 415 485 (41)
70: 68 74 278 482 508 (43)
71: 26 126 462 595 (39)
72: 151 208 210 249 365 369 530 (42)
73: 11 271 503 (43)
74: 72 73 251 400 408 429 535 585 (41)
75: 40 102 113 590 (31)
76: 29 78 85 120 260 323 350 (43)
77: 217 297 522 578 598 (41)
78: 24 166 310 414 459 (42)
79: 161 373 379 (39)
80: 81 184 285 343 409 509 (40)
81: 8 91 222 427 (40)
82: 84 158 180 386 500 541 574 (43)
83: 2 118 316 362 443 476 515 (42)
84: 53 258 446 (41)
85: 116 135 146 325 405 (33)
86: 107 292 338 438 (43)
87: 329 451 497 517 527 (42)
88: 5 21 132 (41)
89: 64 92 108 407 473 (42)
90: 67 207 213 223 225 280 321 484 529 (40)
91: 204 263 455 546 (43)
92: 138 236 248 267 276 351 413 447 (42)
93: 51 286 423 (41)
94: 139 157 253 287 436 592 (44)
95: 20 228 281 311 442 (44)
96: 25 28 194 552 (39)
97: 124 341 (44)
98: 201 234 254 261 295 390 456 516 553 (44)
99: 3 9 173 195 244 363 (44)
100: 54 206 420 536 (44)
101: 55 256 440 (43)
102: 63 347 475 (44)
103: 10 37 41 101 110 406 (44)
104: 30 131 370 591 (44)
105: 6 105 220 229 288 314 337 487 543 579 (42)
106: 352 471 523 (44)
107: 129 216 384 441 542 (44)
108: 0 16 319 392 401 (44)
109: 243 483 495 514 (44)
110: 45 94 252 259 411 480 (44)
111: 57 169 250 381 (44)
112: 49 52 142 200 266 282 (44)
113: 430 498 504 519 (44)
114: 77 366 437 534 593 (44)
115: 76 162 327 465 488 (43)
116: 39 43 71 358 380 391 (44)
117: 209 394 567 (42)
118: 97 112 136 521 577 (44)
119: 149 344 382 510 556 (43)
120: 35 56 115 320 348 (34)
