Name: 600-20-30
Time: 19.27378225326538 
Result: 9
Solution: 105 1 35 53 28 61 79 47 82 35 48 65 57 89 115 2 55 44 122 90 16 19 108 14 45 102 92 104 38 40 103 46 100 78 33 104 83 83 43 118 63 100 73 13 89 41 84 97 91 59 19 53 85 85 87 65 31 50 60 12 66 79 55 43 36 99 93 20 12 111 112 75 14 63 48 107 47 68 102 5 70 67 105 18 17 8 51 64 42 40 88 93 2 22 119 103 41 5 39 40 61 53 82 30 10 77 88 76 71 100 50 91 106 18 43 55 81 44 97 18 117 33 9 85 26 106 19 106 105 11 63 95 3 56 4 50 45 57 64 30 68 16 65 70 76 117 43 29 99 35 42 15 84 91 35 52 96 20 87 59 37 104 25 111 80 87 22 8 39 87 73 58 82 83 49 72 122 57 90 45 52 33 101 19 31 75 119 74 74 109 67 30 111 72 19 34 90 15 24 93 9 48 69 48 24 49 38 79 103 5 39 103 114 104 46 29 35 30 28 46 32 20 85 116 120 72 25 58 44 92 4 0 93 62 79 100 55 99 5 8 11 53 11 117 85 68 0 72 3 59 76 58 110 118 116 98 9 4 72 32 37 114 77 61 122 49 118 81 43 9 114 21 115 19 68 68 26 80 21 108 66 105 104 75 55 31 81 117 32 123 60 109 2 55 60 103 91 115 107 7 70 120 16 81 13 114 115 75 50 23 4 52 71 10 18 67 56 77 92 49 70 96 22 24 90 46 40 96 33 26 22 118 6 112 61 101 97 39 16 107 73 121 56 38 78 106 29 88 51 98 59 58 94 41 92 54 93 75 32 47 13 69 88 86 102 62 54 113 83 80 107 23 23 96 20 15 23 36 85 72 122 78 121 113 123 82 93 119 9 110 29 121 81 102 112 34 16 77 114 84 96 105 58 101 95 71 34 30 48 119 91 8 64 67 112 85 106 88 117 97 72 99 82 9 5 58 36 100 118 113 78 65 122 51 94 12 37 108 13 82 20 74 119 24 108 119 40 17 121 49 95 123 59 63 87 63 6 13 9 58 83 17 6 36 40 51 27 24 4 77 82 39 121 73 116 47 109 28 63 42 20 55 62 94 69 111 75 23 0 113 2 96 110 7 60 79 74 76 28 69 97 47 50 75 44 25 50 1 62 104 88 62 29 45 64 12 70 34 35 58 123 13 64 1 16 90 115 80 112 21 91 71 34 18 57 8 98 40 94 24 26 100 110 111 121 41 123 33 102 93 77 8 74 89 30 87 60 52 86 42 27 66 101 47 31 67 95 110 0 79 42 37 94 88 10 38 44 51 27 27 108 57 31 108 86 68 49 25 3 120 52 56 109 101 25 108 69 74 25 1 
0: 231 246 488 568 (20)
1: 1 507 523 599 (21)
2: 15 92 292 490 (20)
3: 132 248 588 (21)
4: 134 230 257 310 468 (20)
5: 79 97 209 238 424 (20)
6: 332 456 462 (20)
7: 299 493 (21)
8: 85 167 239 411 535 551 (20)
9: 122 200 256 269 388 423 458 (20)
10: 104 313 574 (22)
11: 129 240 242 (23)
12: 59 68 435 515 (25)
13: 43 304 360 438 457 521 (21)
14: 23 72 (23)
15: 151 197 375 (20)
16: 20 141 302 338 396 524 (20)
17: 84 447 461 (21)
18: 83 113 119 314 533 (20)
19: 21 50 126 183 194 273 (22)
20: 67 157 221 374 440 480 (20)
21: 271 278 529 (20)
22: 93 166 322 330 (22)
23: 309 371 372 376 487 (23)
24: 198 204 323 443 467 539 (21)
25: 162 226 505 587 594 598 (20)
26: 124 276 329 540 (20)
27: 466 560 578 579 (20)
28: 4 218 477 498 (20)
29: 147 215 346 390 512 (23)
30: 103 139 191 217 407 554 (21)
31: 56 184 285 564 582 (22)
32: 220 259 288 358 (23)
33: 34 121 181 328 547 (21)
34: 195 395 406 517 532 (20)
35: 2 9 149 154 216 518 (20)
36: 64 377 426 463 (24)
37: 160 260 436 571 (23)
38: 28 206 343 575 (22)
39: 98 168 210 337 471 (22)
40: 29 89 99 326 446 464 537 (20)
41: 45 96 353 545 (28)
42: 88 150 479 559 570 (20)
43: 38 63 114 146 268 (20)
44: 17 117 228 504 576 (25)
45: 24 136 179 513 (20)
46: 31 214 219 325 (20)
47: 7 76 359 475 501 563 (28)
48: 10 74 201 203 408 (24)
49: 174 205 265 319 449 586 (28)
50: 57 110 135 308 502 506 (24)
51: 86 348 433 465 577 (28)
52: 155 180 311 557 590 (20)
53: 3 51 101 241 (21)
54: 355 366 (21)
55: 16 62 115 236 284 293 481 (28)
56: 133 316 342 591 (23)
57: 12 137 177 534 581 (28)
58: 171 227 251 351 402 425 459 519 (23)
59: 49 159 249 350 452 (28)
60: 58 290 294 494 556 (29)
61: 5 100 263 334 (26)
62: 233 365 482 508 511 (21)
63: 40 73 130 453 455 478 (29)
64: 87 138 412 514 522 (28)
65: 11 55 142 431 (25)
66: 60 280 561 (22)
67: 81 190 315 413 565 (23)
68: 77 140 245 274 275 585 (26)
69: 202 361 484 499 596 (29)
70: 80 143 300 320 516 (29)
71: 108 312 405 531 (21)
72: 175 193 225 247 258 379 420 (27)
73: 42 170 340 473 (29)
74: 187 188 441 496 552 597 (28)
75: 71 185 283 307 357 486 503 (29)
76: 107 144 250 497 (29)
77: 105 262 317 397 469 550 (29)
78: 33 344 381 430 (28)
79: 6 61 207 234 495 569 (26)
80: 164 277 369 527 (29)
81: 116 267 286 303 392 (27)
82: 8 102 172 385 422 439 470 (28)
83: 36 37 173 368 460 (29)
84: 46 152 399 (29)
85: 52 53 123 222 244 378 415 (29)
86: 363 558 584 (29)
87: 54 158 165 169 454 555 (29)
88: 90 106 347 362 417 510 573 (28)
89: 13 44 553 (29)
90: 19 178 196 324 525 (29)
91: 48 111 153 296 410 530 (24)
92: 26 229 318 354 (29)
93: 66 91 199 232 356 386 549 (29)
94: 352 434 483 538 572 (29)
95: 131 404 450 566 (28)
96: 156 321 327 373 400 491 (29)
97: 47 118 336 419 500 (29)
98: 255 349 536 (26)
99: 65 148 237 421 (29)
100: 32 41 109 235 427 541 (29)
101: 182 335 403 562 593 (28)
102: 25 78 364 393 548 (29)
103: 30 95 208 211 295 (29)
104: 27 35 161 213 282 509 (28)
105: 0 82 128 281 401 (28)
106: 112 125 127 345 416 (29)
107: 75 298 339 370 (29)
108: 22 279 437 444 580 583 595 (29)
109: 189 291 476 592 (28)
110: 252 389 492 542 567 (28)
111: 69 163 192 485 543 (25)
112: 70 333 394 414 528 (28)
113: 367 383 429 489 (29)
114: 212 261 270 305 398 (29)
115: 14 272 297 306 526 (29)
116: 223 254 474 (29)
117: 120 145 243 287 418 (29)
118: 39 253 266 331 428 (29)
119: 94 186 387 409 442 445 (29)
120: 224 301 589 (29)
121: 341 382 391 448 472 544 (29)
122: 18 176 264 380 432 (29)
123: 289 384 451 520 546 (29)
