Name: 800-20-30
Time: 23.14691948890686 
Result: 8
Solution: 86 119 121 63 93 43 17 6 114 73 60 74 98 42 121 118 123 4 17 39 31 88 89 98 125 62 98 75 126 72 36 95 105 16 12 32 76 82 67 99 90 99 51 100 9 129 104 34 11 120 65 2 44 3 25 86 68 108 123 47 42 125 120 47 4 35 33 125 30 69 69 0 72 102 96 89 119 104 27 17 55 89 13 21 74 14 118 19 123 123 97 120 128 114 57 113 126 129 18 128 58 116 112 49 9 58 101 2 43 53 28 44 21 74 25 116 60 20 53 53 2 80 80 119 43 26 65 16 24 97 63 1 97 70 85 77 42 9 38 40 128 48 11 76 1 53 70 36 114 34 48 99 67 14 55 89 61 92 114 78 76 95 66 71 45 96 2 54 86 103 70 64 112 110 34 58 82 113 117 88 109 40 112 102 66 15 4 3 85 78 128 57 53 114 62 128 103 16 71 115 106 120 31 92 12 52 69 83 126 2 65 129 129 121 129 74 51 110 124 88 58 27 48 4 87 8 112 62 108 59 51 22 122 59 98 54 46 78 16 84 100 97 13 108 43 10 33 75 97 83 22 8 121 83 101 6 64 35 31 114 129 54 85 48 21 28 93 107 108 12 111 6 0 28 100 119 56 29 84 106 121 46 21 41 120 113 48 59 77 93 25 104 35 0 117 83 111 49 54 25 103 58 57 47 112 102 27 36 94 90 75 15 37 91 64 48 44 90 25 39 85 79 126 19 107 105 74 43 54 125 120 32 7 109 99 72 46 88 100 78 35 36 41 26 20 5 89 88 7 126 94 77 50 22 85 31 54 55 53 30 12 55 107 13 83 58 124 95 81 31 100 112 73 102 38 111 0 109 18 111 76 17 42 65 21 115 117 6 33 26 112 112 4 32 8 37 27 125 83 2 65 9 49 87 70 92 82 28 115 119 107 32 88 56 26 127 62 43 19 102 21 6 39 67 5 124 6 48 43 42 37 18 33 73 26 97 89 13 105 126 67 61 79 117 35 123 97 49 11 94 22 52 38 11 68 103 21 66 48 1 5 51 66 107 35 99 14 88 53 59 62 7 34 43 26 91 69 35 23 79 84 81 61 125 104 45 117 77 81 102 91 114 103 50 7 127 15 3 40 127 103 121 81 104 100 24 127 70 58 85 86 37 97 107 24 60 62 124 71 114 91 54 59 122 37 54 52 64 35 90 15 125 103 115 101 15 40 62 90 3 41 48 59 34 75 63 109 12 57 72 24 43 113 79 18 128 69 40 27 110 24 77 28 4 60 95 109 38 125 37 95 28 123 105 0 125 92 105 68 21 95 32 91 53 45 85 24 32 115 25 3 126 104 8 87 24 4 118 21 61 11 45 127 108 93 86 94 67 9 40 57 12 124 45 1 54 82 17 80 89 66 15 18 27 91 23 110 87 117 29 44 58 36 95 47 76 119 123 36 47 12 59 20 107 30 70 44 123 99 119 73 70 20 113 84 78 1 58 46 94 82 29 66 113 7 105 104 28 73 3 77 81 11 61 73 97 99 7 79 25 74 10 67 48 46 110 108 67 127 12 126 10 64 29 74 67 116 43 38 93 119 68 1 112 41 101 3 107 120 14 18 85 41 77 2 16 75 49 38 79 11 14 122 6 18 39 99 5 9 32 96 20 52 27 59 72 106 117 129 38 13 75 71 99 92 77 18 74 38 23 119 56 66 9 125 115 112 79 24 118 80 114 30 11 81 6 63 116 72 128 113 59 36 70 66 27 66 95 50 93 63 81 125 112 82 16 48 109 63 90 30 82 90 111 101 1 14 16 4 67 
0: 71 272 293 376 574 (21)
1: 131 144 459 614 656 702 795 (21)
2: 51 107 120 166 209 399 714 (21)
3: 53 187 497 539 590 669 706 (22)
4: 17 64 186 223 392 563 596 798 (21)
5: 345 424 460 727 (22)
6: 7 255 271 387 421 426 723 765 (21)
7: 332 348 471 494 664 677 (23)
8: 225 251 394 593 (21)
9: 44 104 137 401 608 728 753 (21)
10: 245 681 691 (23)
11: 48 142 448 453 600 672 720 763 (21)
12: 34 204 269 360 547 611 640 689 (21)
13: 82 242 363 437 740 (21)
14: 85 153 466 709 721 796 (21)
15: 185 311 496 530 535 621 (21)
16: 33 127 197 238 715 785 797 (21)
17: 6 18 79 381 617 (21)
18: 98 378 431 554 622 710 724 746 (21)
19: 87 323 418 (21)
20: 117 344 642 652 731 (21)
21: 83 112 264 282 384 420 456 579 598 (21)
22: 231 250 353 450 (21)
23: 478 625 749 (21)
24: 128 505 514 550 560 586 595 758 (21)
25: 54 114 290 299 318 589 679 (21)
26: 125 343 389 414 434 474 (25)
27: 78 221 306 396 558 623 733 775 (23)
28: 110 265 273 407 562 571 667 (21)
29: 277 629 661 693 (25)
30: 68 359 644 762 790 (22)
31: 20 202 258 355 369 (21)
32: 35 331 393 411 581 587 729 (24)
33: 66 246 388 432 (22)
34: 47 149 174 472 543 (21)
35: 65 257 292 340 444 464 477 528 (27)
36: 30 147 307 341 632 638 772 (24)
37: 312 395 430 511 524 569 (21)
38: 138 374 452 567 698 718 739 748 (21)
39: 19 319 422 725 (23)
40: 139 181 498 536 557 609 (23)
41: 283 342 540 704 712 (23)
42: 13 60 136 382 429 (25)
43: 5 108 124 244 327 417 428 473 551 697 (24)
44: 52 111 316 630 646 (24)
45: 164 485 584 601 613 (21)
46: 236 281 336 658 684 (23)
47: 59 63 303 634 639 (21)
48: 141 150 222 263 286 315 427 458 541 683 786 (23)
49: 103 297 402 447 717 (21)
50: 352 493 778 (21)
51: 42 216 230 461 (21)
52: 205 451 526 732 (25)
53: 109 118 119 145 192 358 468 583 (29)
54: 167 235 261 298 328 356 521 525 615 (22)
55: 80 154 357 361 (29)
56: 276 413 751 (24)
57: 94 191 302 548 610 (28)
58: 100 105 175 220 301 365 508 631 657 (27)
59: 229 233 287 469 522 542 641 734 771 (26)
60: 10 116 515 564 (24)
61: 156 441 482 599 673 (23)
62: 25 194 227 416 470 516 537 (27)
63: 3 130 545 766 780 788 (23)
64: 171 256 314 527 692 (22)
65: 50 126 210 383 400 (21)
66: 162 184 457 462 620 662 752 774 776 (28)
67: 38 152 423 440 607 682 687 695 799 (29)
68: 56 454 578 701 (29)
69: 69 70 206 476 556 (29)
70: 133 146 170 404 507 645 651 773 (29)
71: 163 198 518 742 (29)
72: 29 72 335 549 735 768 (29)
73: 9 372 433 650 668 674 (28)
74: 11 84 113 215 326 680 694 747 (29)
75: 27 247 310 544 716 741 (29)
76: 36 143 160 380 635 (24)
77: 135 288 351 487 561 670 713 745 (28)
78: 159 189 237 339 655 (28)
79: 321 442 479 553 678 719 757 (28)
80: 121 122 618 760 (29)
81: 368 481 488 502 671 764 781 (29)
82: 37 176 406 616 660 784 791 (29)
83: 207 249 253 295 364 398 (25)
84: 239 278 480 654 (28)
85: 134 188 262 320 354 509 585 711 (29)
86: 0 55 168 510 605 (29)
87: 224 403 594 627 (29)
88: 21 179 219 337 347 412 467 (29)
89: 22 75 81 155 346 436 619 (29)
90: 40 309 317 529 538 789 792 (29)
91: 313 475 490 520 582 624 (28)
92: 157 203 405 576 744 (29)
93: 4 266 289 604 699 779 (29)
94: 308 350 449 606 659 (29)
95: 31 161 367 565 570 580 633 777 (29)
96: 74 165 730 (29)
97: 90 129 132 241 248 435 446 512 675 (29)
98: 12 23 26 234 (29)
99: 39 41 151 334 465 648 676 726 743 (28)
100: 43 240 274 338 370 504 (29)
101: 106 254 534 705 794 (29)
102: 73 183 305 373 419 489 (28)
103: 169 196 300 455 492 500 532 (29)
104: 46 77 291 484 503 592 666 (29)
105: 32 325 438 573 577 665 (29)
106: 200 279 736 (29)
107: 267 324 362 410 463 513 643 707 (29)
108: 57 228 243 268 603 686 (29)
109: 180 333 377 546 566 787 (29)
110: 173 217 559 626 685 (29)
111: 270 296 375 379 793 (29)
112: 102 172 182 226 304 371 390 391 703 756 783 (29)
113: 95 177 285 552 653 663 770 (29)
114: 8 93 148 158 193 259 491 519 761 (29)
115: 199 385 408 533 588 755 (29)
116: 101 115 696 767 (29)
117: 178 294 386 443 486 628 737 (29)
118: 15 86 597 759 (29)
119: 1 76 123 275 409 636 649 700 750 (29)
120: 49 62 91 201 284 330 708 (29)
121: 2 14 213 252 280 501 (29)
122: 232 523 722 (29)
123: 16 58 88 89 445 572 637 647 (29)
124: 218 366 425 517 612 (29)
125: 24 61 67 329 397 483 531 568 575 754 782 (29)
126: 28 96 208 322 349 439 591 690 (29)
127: 415 495 499 506 602 688 (29)
128: 92 99 140 190 195 555 769 (28)
129: 45 97 211 212 214 260 738 (28)
