Name: 800-30-45
Time: 30.486700773239136 
Result: 10
Solution: 0 107 93 43 31 64 111 56 36 92 43 19 3 66 79 1 61 70 74 49 37 50 83 46 9 32 78 19 51 34 51 92 89 95 46 79 110 99 77 48 15 101 11 52 28 114 115 61 114 86 5 1 116 47 92 63 52 92 106 72 68 79 3 56 4 99 41 84 110 86 86 70 105 62 10 81 96 35 86 59 49 94 28 3 62 76 32 103 93 96 61 112 38 15 24 89 83 3 69 85 60 60 46 26 7 43 98 33 4 95 77 45 109 61 54 66 5 62 45 68 97 95 15 111 88 47 39 65 77 55 44 102 79 60 91 89 96 79 13 13 54 33 1 65 70 68 97 107 85 88 74 100 80 62 43 114 34 88 13 65 51 17 24 1 59 62 72 7 29 98 100 110 96 41 58 59 29 73 101 111 82 24 6 95 22 21 116 44 29 109 18 8 23 12 114 96 50 78 57 37 23 72 90 41 17 62 102 107 32 27 80 7 98 100 34 98 53 44 16 40 80 4 23 45 40 92 98 93 10 49 51 54 44 97 11 10 114 0 48 86 96 106 91 33 72 116 9 66 23 108 31 20 74 38 47 39 52 116 55 17 85 26 56 80 29 29 34 45 38 106 3 91 26 41 109 27 67 81 92 24 20 23 14 52 77 21 104 113 47 67 4 2 35 88 73 73 106 37 67 64 115 93 12 37 15 5 75 19 46 31 73 52 80 48 107 22 108 81 0 33 30 32 40 28 102 5 29 40 42 81 113 47 94 58 78 16 64 22 21 37 59 101 69 78 105 54 21 43 53 33 51 22 48 111 45 82 85 1 5 24 8 90 92 66 20 35 90 41 55 78 12 85 101 35 30 11 93 82 84 34 49 7 74 98 115 65 51 8 62 22 92 38 81 17 12 99 101 32 78 30 16 53 75 28 4 108 44 28 49 98 71 97 64 69 64 84 6 111 22 64 20 83 91 104 41 16 90 1 26 90 26 76 88 56 71 5 13 52 81 98 89 105 79 28 63 63 26 24 47 84 104 115 86 114 39 29 2 28 40 57 51 52 85 20 76 54 68 6 94 78 76 115 93 74 51 75 61 35 14 16 68 86 78 39 31 62 38 0 105 57 105 38 4 87 35 107 21 116 100 81 54 102 42 28 38 91 7 82 75 72 46 92 63 61 77 112 42 7 60 87 106 53 94 19 73 5 77 65 44 81 57 69 40 87 12 104 107 23 23 3 69 84 30 83 17 116 38 16 76 44 33 101 36 50 12 45 69 66 46 70 95 14 61 41 8 2 15 30 19 69 23 64 107 36 66 40 17 81 79 18 110 110 22 40 96 15 57 30 73 9 109 115 58 69 1 88 72 110 50 63 12 67 25 59 23 79 101 63 115 30 60 104 47 13 86 110 71 27 15 103 44 34 12 104 9 33 91 105 24 19 91 3 67 25 112 36 65 58 11 51 110 74 8 99 29 87 108 25 110 7 89 52 78 110 71 75 103 2 100 14 114 19 25 57 66 82 86 73 6 2 61 91 17 109 90 36 114 72 84 53 13 49 56 27 91 107 52 5 14 6 105 106 111 103 29 32 42 39 85 54 1 83 20 43 58 72 27 60 82 35 43 99 95 71 78 56 105 52 111 113 10 102 90 53 96 94 11 42 95 112 76 48 46 13 80 100 113 55 69 31 18 10 112 11 39 67 109 107 111 8 59 83 45 16 57 81 63 86 33 0 86 94 65 16 70 87 52 100 71 100 52 26 69 106 115 82 56 29 70 77 74 41 103 110 15 34 51 9 51 31 27 95 105 71 27 113 61 0 75 9 
0: 0 237 318 487 759 797 (33)
1: 15 51 142 163 357 427 594 700 (34)
2: 291 456 565 657 669 (33)
3: 12 62 83 97 270 539 631 (33)
4: 64 108 221 290 404 492 (33)
5: 50 116 305 325 358 435 525 687 (33)
6: 182 416 467 668 689 (33)
7: 104 167 211 381 506 517 649 (33)
8: 191 360 387 564 642 749 (33)
9: 24 246 589 624 787 799 (33)
10: 74 228 235 720 741 (33)
11: 42 234 375 638 726 743 (33)
12: 193 302 370 394 534 554 600 622 (33)
13: 138 139 158 436 613 680 733 (33)
14: 282 478 561 659 688 (33)
15: 40 93 122 304 566 585 618 784 (33)
16: 218 335 400 425 479 547 753 763 (33)
17: 161 204 259 393 544 576 672 (33)
18: 190 579 740 (33)
19: 11 27 307 523 568 629 661 (33)
20: 251 280 364 420 463 702 (33)
21: 185 285 338 346 496 (33)
22: 184 315 337 351 389 418 582 (33)
23: 192 200 222 248 281 537 538 570 604 (33)
24: 94 162 181 279 359 447 628 (33)
25: 602 633 647 662 (33)
26: 103 261 272 428 430 446 771 (33)
27: 209 275 617 683 706 790 794 (33)
28: 44 82 323 403 407 443 457 503 (33)
29: 168 176 188 264 265 326 455 644 694 777 (33)
30: 320 374 399 542 567 587 609 (33)
31: 4 250 309 484 739 789 (33)
32: 25 86 208 321 397 695 (34)
33: 107 141 243 319 349 550 625 758 (33)
34: 29 156 214 266 379 621 785 (33)
35: 77 292 365 373 477 494 709 (33)
36: 8 552 573 635 675 (34)
37: 20 199 297 303 339 (37)
38: 92 253 268 391 486 491 504 546 (33)
39: 126 255 454 483 697 744 (38)
40: 219 224 322 327 458 532 575 583 (34)
41: 66 173 203 273 367 424 563 781 (33)
42: 328 502 516 696 727 (33)
43: 3 10 105 154 347 703 710 (33)
44: 130 187 217 232 406 528 549 620 (36)
45: 111 118 223 267 354 555 752 (35)
46: 23 34 102 308 510 558 732 (34)
47: 53 125 254 288 331 448 612 (43)
48: 39 238 313 352 731 (34)
49: 19 80 229 380 408 681 (40)
50: 21 196 553 598 (34)
51: 28 30 160 230 350 386 460 474 639 786 788 (39)
52: 43 56 256 283 311 437 461 651 686 717 766 770 (41)
53: 216 348 401 521 679 723 (43)
54: 114 140 231 345 465 500 699 (39)
55: 129 258 368 737 (33)
56: 7 63 262 433 682 715 776 (37)
57: 198 459 489 530 586 663 754 (33)
58: 174 333 592 637 704 (34)
59: 79 164 175 340 603 750 (33)
60: 100 101 133 518 610 707 (36)
61: 16 47 90 113 476 513 562 670 796 (43)
62: 73 84 117 153 165 205 388 485 (36)
63: 55 444 445 512 599 607 756 (40)
64: 5 299 336 412 414 419 571 (42)
65: 127 143 159 385 527 636 762 (35)
66: 13 115 247 363 557 574 664 (34)
67: 276 289 298 601 632 745 (33)
68: 60 119 145 466 480 (41)
69: 98 342 413 531 540 556 569 593 738 772 (43)
70: 17 71 144 559 764 778 (43)
71: 410 434 616 654 713 768 793 (43)
72: 59 166 201 244 509 596 677 705 (43)
73: 177 294 295 310 524 588 667 (39)
74: 18 150 252 382 473 641 780 (42)
75: 306 402 475 508 655 798 (41)
76: 85 431 464 470 548 730 (40)
77: 38 110 128 284 514 526 779 (43)
78: 26 197 334 343 369 398 469 482 652 714 (43)
79: 14 35 61 132 137 442 578 605 (42)
80: 152 210 220 263 312 734 (43)
81: 75 277 317 329 392 438 499 529 577 755 (43)
82: 180 355 377 507 665 708 775 (43)
83: 22 96 421 543 701 751 (43)
84: 67 378 415 449 541 678 (42)
85: 99 148 260 356 371 462 698 (43)
86: 49 69 70 78 239 452 481 614 666 757 760 (43)
87: 493 519 533 645 765 (43)
88: 124 149 157 293 432 595 (40)
89: 32 95 135 440 650 (43)
90: 202 361 366 426 429 674 722 (42)
91: 134 242 271 422 505 626 630 671 684 (43)
92: 9 31 54 57 225 278 362 390 511 (43)
93: 2 88 227 301 376 472 (43)
94: 81 332 468 522 725 761 (43)
95: 33 109 121 183 560 712 728 791 (43)
96: 76 89 136 172 195 240 584 724 (43)
97: 120 146 233 411 (37)
98: 106 169 212 215 226 383 409 439 (41)
99: 37 65 395 643 711 (43)
100: 151 170 213 498 658 735 767 769 (43)
101: 41 178 341 372 396 551 606 (43)
102: 131 206 324 501 721 (43)
103: 87 619 656 693 782 (42)
104: 286 423 450 535 611 623 (43)
105: 72 344 441 488 490 627 690 716 792 (43)
106: 58 241 269 296 520 691 773 (43)
107: 1 147 207 314 495 536 572 685 747 (43)
108: 249 316 405 646 (43)
109: 112 189 274 590 673 746 (43)
110: 36 68 171 580 581 597 615 640 648 653 783 (43)
111: 6 123 179 353 417 692 718 748 (43)
112: 91 515 634 729 742 (43)
113: 287 330 719 736 795 (43)
114: 45 48 155 194 236 453 660 676 (43)
115: 46 300 384 451 471 591 608 774 (43)
116: 52 186 245 257 497 545 (43)
