Name: 800-50-80
Time: 607.0536494255066 
Result: 28
Solution: 38 31 162 111 134 1 29 166 16 65 126 62 55 53 137 148 88 118 109 140 26 159 84 108 42 15 49 21 128 12 104 93 100 136 161 144 48 17 52 47 105 34 61 89 104 49 147 14 109 133 152 155 44 30 71 23 119 23 96 53 44 14 124 71 33 89 119 93 127 154 32 157 41 40 102 158 38 0 59 49 31 141 103 60 131 161 96 35 119 135 24 107 51 113 106 126 146 130 88 141 12 8 5 13 48 36 72 138 41 7 37 159 65 98 103 60 23 50 127 109 87 30 31 31 77 158 66 90 142 37 161 29 118 53 131 53 129 101 35 163 75 54 156 86 163 91 88 52 88 30 80 21 160 6 49 131 67 98 108 25 101 98 142 142 135 19 111 42 21 81 122 125 76 27 33 14 98 92 89 136 100 123 76 85 120 149 98 9 57 60 11 133 60 121 144 150 94 59 106 67 55 128 102 131 1 139 24 22 151 57 97 6 155 128 112 59 161 110 100 8 140 29 136 90 85 145 37 149 18 49 141 89 65 165 65 146 21 112 123 44 67 13 124 48 101 5 20 67 154 80 23 28 114 136 41 56 124 160 166 72 105 157 66 45 12 146 12 13 120 3 150 122 102 17 92 165 67 102 143 33 43 59 102 39 130 153 163 139 94 73 63 144 96 39 68 136 130 88 156 129 37 164 71 47 160 123 143 71 4 51 141 130 151 62 8 146 151 52 38 79 87 165 46 111 147 69 135 82 98 82 73 113 112 89 58 21 129 70 43 60 3 72 115 73 10 111 152 17 134 97 155 67 106 140 164 82 56 84 68 114 159 25 46 54 39 132 72 26 125 54 6 79 113 144 11 60 121 37 120 14 19 100 59 104 145 27 70 25 55 46 106 165 28 36 66 79 162 15 54 56 79 137 110 79 16 140 93 74 108 120 69 105 131 64 75 45 139 152 73 140 145 27 84 118 152 147 123 39 34 116 110 134 99 74 122 58 65 162 60 10 93 108 39 75 9 157 153 96 44 106 138 9 161 160 137 125 116 86 63 60 46 28 91 68 132 16 78 103 54 84 56 62 103 63 135 4 17 32 137 77 166 50 35 12 20 60 104 47 139 150 117 30 109 124 51 22 38 53 37 8 166 111 129 82 45 154 155 48 156 20 5 75 142 0 86 42 130 44 127 95 70 26 52 97 25 107 145 26 158 18 118 84 123 134 115 116 114 15 147 159 101 54 47 17 111 95 157 150 148 71 25 95 2 96 147 80 125 6 58 125 150 73 86 116 144 50 107 152 2 117 94 64 33 0 154 60 73 128 95 76 164 71 64 119 143 88 5 134 124 130 135 3 97 2 69 23 134 51 70 127 4 53 10 145 123 40 78 144 83 36 64 139 84 111 88 43 136 112 101 104 115 96 110 5 118 19 87 158 122 3 32 15 63 162 95 108 68 66 11 29 146 73 78 59 79 154 164 32 125 48 56 74 63 162 155 158 104 95 9 4 42 33 17 57 61 81 7 115 147 69 121 124 57 130 115 142 117 83 47 96 102 18 22 7 25 91 106 53 129 90 78 97 130 117 1 110 3 38 76 139 156 119 153 23 90 132 100 158 114 127 34 99 74 152 4 114 133 58 21 0 123 147 157 163 55 164 86 42 14 79 138 147 82 89 125 84 107 40 78 51 54 134 131 29 61 121 42 37 41 35 80 161 101 40 47 138 114 93 96 1 126 66 93 102 77 133 142 148 148 36 73 113 91 41 166 89 81 99 149 55 91 66 8 165 155 113 106 153 44 88 48 84 90 138 160 89 80 51 48 82 
0: 77 513 573 719 (50)
1: 5 204 694 759 (50)
2: 552 568 593 (57)
3: 269 340 591 629 696 (50)
4: 308 475 600 659 714 (52)
5: 102 245 510 586 623 (52)
6: 153 211 370 557 (50)
7: 109 666 683 (51)
8: 101 219 314 499 782 (50)
9: 187 444 451 658 (50)
10: 344 439 602 (50)
11: 190 374 638 (50)
12: 29 100 264 266 483 (50)
13: 103 241 267 (50)
14: 47 61 175 379 728 (50)
15: 25 397 537 631 (54)
16: 8 404 465 (52)
17: 37 273 347 476 543 662 (76)
18: 228 529 681 (50)
19: 165 380 625 (50)
20: 246 484 509 (51)
21: 27 151 168 236 335 718 (59)
22: 207 495 682 (50)
23: 55 57 116 250 595 703 (53)
24: 90 206 (68)
25: 159 361 387 524 550 684 (51)
26: 20 367 521 527 (50)
27: 173 385 421 (57)
28: 251 392 461 (51)
29: 6 131 221 639 743 (50)
30: 53 121 149 491 (55)
31: 1 80 122 123 (54)
32: 70 477 630 647 (54)
33: 64 174 279 572 661 (58)
34: 41 428 710 (52)
35: 87 138 482 749 (53)
36: 105 393 609 769 (50)
37: 110 129 226 300 377 498 747 (50)
38: 0 76 318 496 697 (62)
39: 283 293 364 427 442 (54)
40: 73 605 737 753 (55)
41: 72 108 254 748 773 (52)
42: 24 167 515 660 727 746 (50)
43: 280 338 615 (58)
44: 52 60 239 448 517 788 (56)
45: 263 415 504 (74)
46: 322 362 389 460 (70)
47: 39 303 487 542 678 754 (58)
48: 36 104 243 507 649 790 798 (58)
49: 26 45 79 154 229 (64)
50: 117 481 565 (51)
51: 92 309 494 597 739 797 (50)
52: 38 147 317 522 (51)
53: 13 59 133 135 497 601 687 (71)
54: 141 363 369 398 468 541 740 (67)
55: 12 200 388 724 779 (71)
56: 255 356 399 470 650 (53)
57: 188 209 663 672 (54)
58: 334 435 558 717 (63)
59: 78 197 215 281 382 643 (66)
60: 83 115 189 192 339 375 438 459 485 575 (52)
61: 42 664 744 (54)
62: 11 313 471 (57)
63: 290 458 473 632 652 (54)
64: 413 571 582 610 (50)
65: 9 112 232 234 436 (51)
66: 126 262 394 637 761 781 (62)
67: 156 199 240 247 276 351 (75)
68: 294 358 463 636 (63)
69: 325 410 594 669 (50)
70: 337 386 520 598 (52)
71: 54 63 302 307 549 581 (70)
72: 106 259 341 366 (58)
73: 289 330 343 418 561 576 641 770 (78)
74: 407 433 651 712 (57)
75: 140 414 443 511 (56)
76: 172 182 579 698 (67)
77: 124 479 764 (51)
78: 466 606 642 690 738 (50)
79: 319 371 395 400 403 644 729 (68)
80: 150 249 555 750 796 (52)
81: 169 665 776 (50)
82: 327 329 355 503 732 799 (50)
83: 608 677 (62)
84: 22 357 422 469 531 612 735 791 (67)
85: 183 224 (65)
86: 143 457 514 562 726 (78)
87: 120 320 626 (57)
88: 16 98 146 148 297 585 614 789 (74)
89: 43 65 178 231 333 733 775 795 (75)
90: 127 223 689 704 792 (64)
91: 145 462 685 772 780 (78)
92: 177 274 (58)
93: 31 67 406 440 757 762 (54)
94: 196 288 570 (66)
95: 519 545 551 578 634 657 (72)
96: 58 86 292 447 553 621 679 758 (74)
97: 210 349 523 592 691 (77)
98: 113 157 161 176 186 328 (74)
99: 432 711 777 (70)
100: 32 180 218 381 706 (74)
101: 137 160 244 540 618 752 (76)
102: 74 202 272 277 282 680 763 (75)
103: 82 114 467 472 (65)
104: 30 44 383 486 619 656 (76)
105: 40 260 411 (67)
106: 94 198 352 390 449 686 786 (64)
107: 91 525 566 736 (68)
108: 23 158 408 441 635 (73)
109: 18 48 119 492 (74)
110: 217 402 430 622 695 (75)
111: 3 166 323 345 501 544 613 (78)
112: 214 237 332 617 (50)
113: 93 331 372 771 785 (50)
114: 252 359 536 708 715 756 (64)
115: 342 534 620 667 674 (68)
116: 429 456 535 563 (72)
117: 490 569 676 693 (70)
118: 17 132 423 530 624 (77)
119: 56 66 88 583 701 (76)
120: 184 268 378 409 (78)
121: 193 376 670 745 (75)
122: 170 271 434 628 (70)
123: 181 238 305 426 532 604 720 (78)
124: 62 242 256 493 588 671 (69)
125: 171 368 455 556 559 648 734 (73)
126: 10 95 760 (77)
127: 68 118 518 599 709 (78)
128: 28 201 213 577 (75)
129: 136 299 336 502 688 (57)
130: 97 284 296 311 516 589 673 692 (76)
131: 84 134 155 203 412 742 (77)
132: 365 464 705 (77)
133: 49 191 716 765 (61)
134: 4 348 431 533 587 596 741 (74)
135: 89 164 326 474 590 (78)
136: 33 179 222 253 295 616 (76)
137: 14 401 454 478 (74)
138: 107 450 730 755 793 (66)
139: 205 287 416 488 611 699 (73)
140: 19 220 353 405 419 (74)
141: 81 99 230 310 (77)
142: 128 162 163 512 675 766 (78)
143: 278 306 584 (78)
144: 35 194 291 373 564 607 (78)
145: 225 384 420 526 603 (78)
146: 96 235 265 315 640 (78)
147: 46 324 425 538 554 668 721 731 (78)
148: 15 548 767 768 (78)
149: 185 227 778 (78)
150: 195 270 489 547 560 (78)
151: 208 312 316 (78)
152: 50 346 417 424 567 713 (78)
153: 285 446 702 787 (78)
154: 69 248 505 574 645 (74)
155: 51 212 350 506 654 784 (77)
156: 142 298 508 700 (78)
157: 71 261 445 546 722 (78)
158: 75 125 528 627 655 707 (78)
159: 21 111 360 539 (77)
160: 152 257 304 453 794 (77)
161: 34 85 130 216 452 751 (76)
162: 2 396 437 633 653 (78)
163: 139 144 286 723 (78)
164: 301 354 580 646 725 (78)
165: 233 275 321 391 783 (78)
166: 7 258 480 500 774 (76)
