Name: 800-40-60
Time: 608.6699707508087 
Result: 17
Solution: 59 179 154 71 95 124 193 181 161 128 14 94 153 107 103 125 155 112 0 125 147 49 139 11 90 194 190 105 191 88 136 30 110 5 77 44 191 53 80 92 106 58 142 162 117 100 171 112 71 162 159 163 126 172 116 152 63 104 159 57 150 182 24 44 91 16 133 110 36 172 3 56 155 56 137 56 79 181 23 56 167 77 78 82 179 151 29 133 103 15 123 117 147 90 113 78 127 157 180 126 122 2 22 135 6 142 127 182 43 13 147 101 72 71 98 150 49 8 35 69 160 54 148 41 61 76 48 38 40 146 106 195 95 3 106 143 40 68 181 13 45 165 46 137 50 137 72 177 192 83 104 93 9 175 198 86 164 14 181 88 147 88 38 157 26 72 46 93 46 11 51 81 156 111 73 83 163 89 8 79 188 183 176 37 45 30 164 144 89 16 149 75 23 32 187 162 39 124 140 80 20 115 141 97 107 191 116 60 94 27 47 163 74 42 99 72 174 108 185 35 130 196 1 88 77 63 88 46 39 118 115 171 20 130 161 9 52 7 6 150 69 131 188 156 189 158 165 134 182 116 173 10 168 168 93 150 48 109 124 23 10 165 197 77 175 74 33 142 92 40 105 50 167 132 58 98 168 99 33 149 81 9 20 81 49 103 72 31 115 90 100 1 65 52 31 79 26 62 104 158 158 184 63 60 9 180 85 150 189 171 23 139 137 95 121 75 132 186 196 102 96 135 53 174 22 91 68 169 181 175 127 83 159 42 44 114 25 148 47 146 83 86 162 138 178 172 100 144 52 95 67 40 187 144 101 123 90 12 38 107 3 20 102 192 44 135 33 121 97 171 122 87 193 89 109 191 194 20 143 32 63 54 180 132 107 17 101 176 148 189 144 128 0 33 14 28 83 73 93 198 83 101 4 99 152 34 166 161 121 168 87 12 92 36 114 43 81 101 157 76 149 15 55 183 169 143 165 164 35 121 184 19 9 12 159 26 50 147 188 74 194 115 102 136 47 55 190 46 52 37 34 188 119 96 139 43 187 105 139 63 194 45 151 84 192 13 169 36 26 160 116 6 4 129 125 97 20 119 108 8 111 179 23 2 179 64 106 84 160 172 194 79 58 60 0 145 5 21 173 34 82 129 113 161 138 5 65 131 134 80 175 177 189 4 188 5 117 118 86 144 63 36 160 27 30 174 78 117 24 22 77 134 36 143 25 125 123 58 53 140 119 71 75 65 7 128 195 65 108 114 130 73 163 65 126 81 27 198 4 119 55 184 73 143 193 130 16 134 171 196 152 153 19 78 132 132 197 146 63 139 64 13 169 69 15 8 16 145 142 89 195 133 136 128 131 39 152 153 24 43 75 70 32 86 54 118 17 161 28 141 52 21 156 136 120 88 41 53 135 112 110 103 41 178 22 65 99 173 168 36 11 155 2 178 83 154 154 98 1 143 32 139 15 109 120 180 47 138 175 122 30 12 141 40 195 94 110 58 25 129 27 29 105 178 186 152 147 0 29 53 41 129 107 173 102 24 93 193 54 122 192 177 103 17 185 112 169 68 85 58 184 112 193 179 62 72 21 75 108 161 186 196 84 38 14 123 60 115 166 48 91 57 66 58 11 140 168 111 67 154 33 187 136 66 198 16 85 198 19 43 125 114 67 160 0 90 154 157 64 7 50 61 59 180 170 44 70 197 107 122 192 188 18 96 26 171 46 31 145 68 11 66 70 101 166 155 16 104 42 176 94 6 10 52 31 58 87 18 1 56 120 186 152 22 106 123 182 120 170 3 191 140 15 14 82 71 183 2 41 51 
0: 18 392 494 667 734 (42)
1: 222 291 638 778 (42)
2: 101 483 632 797 (42)
3: 70 133 360 789 (42)
4: 402 472 513 558 (42)
5: 33 496 505 515 (42)
6: 104 238 471 771 (42)
7: 237 544 739 (42)
8: 117 178 479 585 (42)
9: 152 235 281 304 432 (42)
10: 251 260 772 (42)
11: 23 169 630 714 760 (42)
12: 357 411 433 651 (42)
13: 109 139 465 581 (44)
14: 10 157 394 704 793 (43)
15: 89 421 584 642 792 (56)
16: 65 189 566 586 725 766 (43)
17: 385 606 683 (45)
18: 752 777 (53)
19: 431 572 728 (42)
20: 200 232 282 361 377 476 (42)
21: 497 611 696 (42)
22: 102 324 529 624 783 (42)
23: 78 192 259 310 482 (42)
24: 62 528 598 675 (42)
25: 336 534 658 (42)
26: 164 296 435 468 754 (42)
27: 209 523 556 660 (42)
28: 395 608 (42)
29: 86 661 668 (42)
30: 31 185 524 650 (42)
31: 287 294 757 774 (44)
32: 193 379 602 640 (42)
33: 266 278 366 393 720 (42)
34: 405 450 499 (42)
35: 118 219 428 (42)
36: 68 413 467 521 532 629 (45)
37: 183 449 (42)
38: 127 162 358 703 (47)
39: 196 228 595 (42)
40: 128 136 269 351 653 (45)
41: 123 616 622 670 798 (43)
42: 213 333 768 (42)
43: 108 415 455 599 729 (42)
44: 35 63 334 364 745 (42)
45: 140 184 461 (50)
46: 142 166 168 227 447 756 (53)
47: 210 338 444 646 (43)
48: 126 256 709 (42)
49: 21 116 284 (43)
50: 144 271 436 740 (51)
51: 170 799 (43)
52: 236 293 348 448 610 773 (54)
53: 37 322 538 617 669 (44)
54: 121 381 604 678 (49)
55: 422 445 560 (51)
56: 71 73 75 79 779 (47)
57: 59 711 (42)
58: 41 274 492 537 657 689 713 775 (42)
59: 0 742 (42)
60: 207 303 493 706 (58)
61: 124 741 (43)
62: 297 694 (44)
63: 56 225 302 380 459 520 578 (43)
64: 485 580 738 (42)
65: 292 506 543 547 553 625 (45)
66: 712 723 761 (44)
67: 350 718 732 (43)
68: 137 326 687 759 (43)
69: 119 240 583 (42)
70: 601 746 762 (50)
71: 3 48 113 541 795 (43)
72: 112 146 165 215 286 695 (51)
73: 174 397 551 562 (56)
74: 212 265 439 (56)
75: 191 315 542 600 697 (42)
76: 125 419 (42)
77: 34 81 224 263 530 (53)
78: 82 95 526 573 (47)
79: 76 179 295 491 (53)
80: 38 199 509 (45)
81: 171 280 283 416 555 (54)
82: 83 500 794 (49)
83: 149 175 331 340 396 400 634 (42)
84: 463 487 702 (52)
85: 306 688 726 (44)
86: 155 341 518 603 (59)
87: 371 410 776 (55)
88: 29 159 161 223 226 615 (42)
89: 177 188 373 589 (46)
90: 24 93 289 356 735 (55)
91: 64 325 710 (42)
92: 39 268 412 (51)
93: 151 167 254 398 676 (48)
94: 11 208 655 770 (53)
95: 4 132 313 349 (47)
96: 320 453 753 (42)
97: 203 368 475 (45)
98: 114 275 637 (46)
99: 214 277 403 626 (55)
100: 45 290 346 (48)
101: 111 354 386 401 417 763 (52)
102: 319 362 442 674 (59)
103: 14 88 285 621 682 (55)
104: 57 150 298 767 (52)
105: 27 270 457 662 (47)
106: 40 130 134 486 784 (45)
107: 13 204 359 384 672 748 (58)
108: 217 478 548 698 (58)
109: 257 374 643 (54)
110: 32 67 620 656 (52)
111: 173 480 717 (58)
112: 17 47 619 685 691 (43)
113: 94 502 (48)
114: 335 414 549 731 (53)
115: 201 230 288 441 707 (54)
116: 54 206 249 470 (55)
117: 44 91 516 527 (42)
118: 229 517 605 (49)
119: 452 477 540 559 (46)
120: 614 644 780 787 (48)
121: 314 367 408 429 (53)
122: 100 370 649 679 749 (49)
123: 90 355 536 705 785 (59)
124: 5 197 258 (51)
125: 15 19 474 535 730 (53)
126: 52 99 554 (52)
127: 96 106 330 (50)
128: 9 391 545 593 (54)
129: 473 501 659 671 (56)
130: 220 233 550 565 (59)
131: 241 507 594 (45)
132: 273 316 383 574 575 (49)
133: 66 87 591 (49)
134: 247 508 531 567 (52)
135: 103 321 365 618 (56)
136: 30 443 592 613 722 (56)
137: 74 143 145 312 (57)
138: 343 504 647 (56)
139: 22 311 454 458 579 641 (57)
140: 198 539 715 791 (55)
141: 202 609 652 (50)
142: 42 105 267 588 (59)
143: 135 378 425 533 563 639 (58)
144: 187 347 353 390 519 (57)
145: 495 587 758 (59)
146: 129 339 577 (58)
147: 20 92 110 160 437 666 (58)
148: 122 337 388 (59)
149: 190 279 420 (58)
150: 60 115 239 255 307 (57)
151: 85 462 (56)
152: 55 404 570 596 665 782 (53)
153: 12 571 597 (58)
154: 2 635 636 719 736 (53)
155: 16 72 631 765 (52)
156: 172 243 612 (56)
157: 97 163 418 737 (59)
158: 245 299 300 (57)
159: 50 58 332 434 (56)
160: 120 469 488 522 733 (59)
161: 8 234 407 503 607 699 (58)
162: 43 49 195 342 (54)
163: 51 176 211 552 (58)
164: 156 186 427 (58)
165: 141 246 261 426 (58)
166: 406 708 764 (57)
167: 80 272 (55)
168: 252 253 276 409 628 716 (59)
169: 327 424 466 582 686 (57)
170: 744 788 (59)
171: 46 231 309 369 568 755 (57)
172: 53 69 345 489 (59)
173: 250 498 627 673 (58)
174: 216 323 525 (59)
175: 153 264 329 510 648 (59)
176: 182 387 769 (59)
177: 147 511 681 (59)
178: 344 623 633 663 (59)
179: 1 84 481 484 693 (59)
180: 98 305 382 645 743 (58)
181: 7 77 138 158 328 (59)
182: 61 107 248 786 (59)
183: 181 423 796 (59)
184: 301 430 561 690 (58)
185: 218 684 (58)
186: 317 664 700 781 (59)
187: 194 352 456 721 (59)
188: 180 242 438 451 514 751 (56)
189: 244 308 389 512 (59)
190: 26 446 (57)
191: 28 36 205 375 790 (58)
192: 148 363 464 680 750 (59)
193: 6 372 564 677 692 (58)
194: 25 376 440 460 490 (59)
195: 131 546 590 654 (59)
196: 221 318 569 701 (55)
197: 262 576 747 (58)
198: 154 399 557 724 727 (56)
