Name: 200-40-60
Time: 20.006412s
Result: 0
Solution: 27 27 1 14 4 21 11 18 28 30 26 18 26 18 2 30 4 16 23 8 30 30 5 12 25 20 7 16 24 28 23 2 4 4 30 0 4 12 16 28 32 1 10 19 0 5 15 14 0 27 6 14 14 12 4 19 5 2 3 13 19 8 12 31 23 11 5 9 23 10 24 9 25 20 13 25 15 30 2 15 10 21 4 11 19 11 0 5 22 30 21 0 2 16 3 26 5 14 10 1 5 21 9 2 5 17 1 27 12 13 31 28 23 11 12 28 19 0 13 20 7 25 30 16 23 16 31 4 32 1 21 16 25 6 7 24 16 4 21 22 16 32 29 32 25 29 12 18 31 0 8 5 23 6 32 12 17 30 3 29 5 7 6 7 30 27 25 17 28 8 12 30 27 12 6 25 17 31 10 18 9 1 16 12 22 12 6 29 6 11 4 17 6 12 3 31 17 30 19 20
0: 35 44 48 86 91 117 149 (50)
1: 2 41 99 106 129 181 (49)
2: 14 31 57 78 92 103 (50)
3: 58 94 158 194 (50)
4: 4 16 32 33 36 54 82 127 137 190 (49)
5: 22 45 56 66 87 96 100 104 151 160 (49)
6: 50 133 153 162 174 186 188 192 (49)
7: 26 120 134 161 163 (49)
8: 19 61 150 169 (49)
9: 67 71 102 180 (49)
10: 42 69 80 98 178 (50)
11: 6 65 83 85 113 189 (49)
12: 23 37 53 62 108 114 146 155 170 173 183 185 193 (49)
13: 59 74 109 118 (49)
14: 3 47 51 52 97 (49)
15: 46 76 79 (50)
16: 17 27 38 93 123 125 131 136 140 182 (49)
17: 105 156 167 176 191 196 (50)
18: 7 11 13 147 179 (49)
19: 43 55 60 84 116 198 (49)
20: 25 73 119 199 (50)
21: 5 81 90 101 130 138 (50)
22: 88 139 184 (50)
23: 18 30 64 68 112 124 152 (49)
24: 28 70 135 (50)
25: 24 72 75 121 132 144 166 175 (49)
26: 10 12 95 (50)
27: 0 1 49 107 165 172 (50)
28: 8 29 39 111 115 168 (49)
29: 142 145 159 187 (50)
30: 9 15 20 21 34 77 89 122 157 164 171 197 (49)
31: 63 110 126 148 177 195 (50)
32: 40 128 141 143 154 (49)
