Name: 200-20-30
Time: 39.992013s
Result: 1
Solution: 1 1 18 27 5 36 23 0 23 5 4 40 13 30 23 14 21 15 15 39 10 33 19 18 6 39 28 25 6 14 31 41 33 3 38 3 36 15 29 17 21 19 10 11 30 29 0 5 0 9 13 29 38 4 42 8 10 34 2 17 9 9 17 11 18 42 9 11 0 24 16 10 28 18 3 6 26 22 27 8 35 2 6 20 8 31 26 16 22 31 34 0 19 9 31 16 34 24 26 24 4 19 32 0 33 20 8 42 30 37 24 30 19 30 27 31 29 25 2 42 37 27 28 25 38 26 37 13 41 2 20 8 15 10 32 2 31 24 22 14 1 27 25 12 13 9 18 16 11 33 27 13 15 41 32 39 25 34 16 36 15 38 11 10 28 15 7 6 1 41 10 35 19 28 36 12 22 21 3 35 42 18 12 39 31 14 38 35 17 34 40 4 19 38 21 11 7 28 36 32
0: 7 46 48 68 91 103 (24)
1: 0 1 140 168 (26)
2: 58 81 118 129 135 (26)
3: 33 35 74 178 (24)
4: 10 53 100 191 (24)
5: 4 9 47 (25)
6: 24 28 75 82 167 (24)
7: 166 196 (24)
8: 55 79 84 106 131 (24)
9: 49 60 61 66 93 145 (24)
10: 20 42 56 71 133 163 170 (26)
11: 43 63 67 148 162 195 (24)
12: 143 175 182 (25)
13: 12 50 127 144 151 (24)
14: 15 29 139 185 (24)
15: 17 18 37 132 152 160 165 (25)
16: 70 87 95 147 158 (25)
17: 39 59 62 188 (24)
18: 2 23 64 73 146 181 (24)
19: 22 41 92 101 112 172 192 (24)
20: 83 105 130 (24)
21: 16 40 177 194 (24)
22: 77 88 138 176 (26)
23: 6 8 14 (24)
24: 69 97 99 110 137 (26)
25: 27 117 123 142 156 (25)
26: 76 86 98 125 (26)
27: 3 78 114 121 141 150 (26)
28: 26 72 122 164 173 197 (26)
29: 38 45 51 116 (26)
30: 13 44 108 111 113 (25)
31: 30 85 89 94 115 136 184 (26)
32: 102 134 154 199 (26)
33: 21 32 104 149 (26)
34: 57 90 96 157 189 (26)
35: 80 171 179 187 (26)
36: 5 36 159 174 198 (25)
37: 109 120 126 (25)
38: 34 52 124 161 186 193 (26)
39: 19 25 155 183 (26)
40: 11 190 (25)
41: 31 128 153 169 (26)
42: 54 65 107 119 180 (26)
