Name: 200-30-45
Time: 7.830674s
Result: 0
Solution: 13 22 17 10 7 28 4 27 11 12 11 13 19 13 13 21 22 20 7 20 10 28 11 1 8 2 14 27 26 6 18 15 4 25 29 23 3 17 14 29 18 6 29 1 20 23 4 8 20 2 15 8 16 6 27 9 22 22 27 24 17 21 13 29 16 20 8 2 0 12 1 23 19 8 8 8 27 24 16 16 13 16 3 19 5 13 20 23 2 13 11 2 22 13 11 13 15 26 20 29 21 2 16 2 11 23 20 13 27 2 3 0 28 24 21 4 25 14 8 19 21 21 4 14 19 23 7 0 9 27 12 25 10 12 0 12 0 26 8 1 27 0 20 29 9 7 5 29 15 22 13 3 9 3 29 20 20 1 18 11 12 17 11 2 13 20 13 4 21 16 10 20 2 25 10 4 6 26 2 14 13 2 13 27 10 0 27 2 4 27 3 9 28 28 28 14 18 7 13 14
0: 68 111 127 134 136 141 185 (37)
1: 23 43 70 139 157 (37)
2: 25 49 67 88 91 101 103 109 163 172 178 181 187 (36)
3: 36 82 110 151 153 190 (37)
4: 6 32 46 115 122 167 175 188 (37)
5: 84 146 (37)
6: 29 41 53 176 (37)
7: 4 18 126 145 197 (36)
8: 24 47 51 66 73 74 75 118 138 (37)
9: 55 128 144 152 191 (37)
10: 3 20 132 170 174 184 (37)
11: 8 10 22 90 94 104 159 162 (37)
12: 9 69 130 133 135 160 (37)
13: 0 11 13 14 62 80 85 89 93 95 107 150 164 166 180 182 198 (37)
14: 26 38 117 123 179 195 199 (37)
15: 31 50 96 148 (37)
16: 52 64 78 79 81 102 169 (37)
17: 2 37 60 161 (37)
18: 30 40 158 196 (36)
19: 12 72 83 119 124 (37)
20: 17 19 44 48 65 86 98 106 142 155 156 165 171 (37)
21: 15 61 100 114 120 121 168 (37)
22: 1 16 56 57 92 149 (37)
23: 35 45 71 87 105 125 (37)
24: 59 77 113 (37)
25: 33 116 131 173 (37)
26: 28 97 137 177 (37)
27: 7 27 54 58 76 108 129 140 183 186 189 (37)
28: 5 21 112 192 193 194 (37)
29: 34 39 42 63 99 143 147 154 (37)
