Name: 200-50-80
Time: 22.901956s
Result: 4
Solution: 14 7 22 9 5 20 35 19 24 8 2 19 20 3 15 29 28 9 6 17 0 7 26 10 26 13 34 27 19 27 7 35 34 10 23 9 3 16 7 14 30 15 5 23 10 12 11 8 26 4 14 2 7 9 2 9 2 15 25 1 7 3 29 1 34 33 19 19 15 36 21 7 5 35 31 17 4 29 12 24 14 24 21 9 32 33 36 25 25 16 28 4 15 19 6 25 9 20 16 33 0 30 29 1 34 33 30 34 6 29 25 9 19 6 19 35 32 22 31 0 5 8 26 36 2 27 23 13 18 11 13 7 28 4 34 18 32 34 33 11 13 21 10 20 11 28 5 18 4 2 24 20 22 7 30 20 31 13 30 29 2 5 32 22 24 25 28 2 25 18 32 18 16 29 21 16 17 24 3 31 2 1 13 3 27 21 4 23 27 27 13 12 35 24 17 13 13 5 7 10
0: 20 100 119 (63)
1: 59 63 103 181 (63)
2: 10 51 54 56 124 149 160 167 180 (63)
3: 13 36 61 178 183 (63)
4: 49 76 91 133 148 186 (65)
5: 4 42 72 120 146 161 197 (63)
6: 18 94 108 113 (64)
7: 1 21 30 38 52 60 71 131 153 198 (63)
8: 9 47 121 (64)
9: 3 17 35 53 55 83 96 111 (63)
10: 23 33 44 142 199 (66)
11: 46 129 139 144 (64)
12: 45 78 191 (63)
13: 25 127 130 140 157 182 190 195 196 (63)
14: 0 39 50 80 (64)
15: 14 41 57 68 92 (67)
16: 37 89 98 172 175 (67)
17: 19 75 176 194 (67)
18: 128 135 147 169 171 (67)
19: 7 11 28 66 67 93 112 114 (65)
20: 5 12 97 143 151 155 (67)
21: 70 82 141 174 185 (67)
22: 2 117 152 163 (66)
23: 34 43 126 187 (66)
24: 8 79 81 150 164 177 193 (67)
25: 58 87 88 95 110 165 168 (66)
26: 22 24 48 122 (66)
27: 27 29 125 184 188 189 (67)
28: 16 90 132 145 166 (67)
29: 15 62 77 102 109 159 173 (67)
30: 40 101 106 154 158 (67)
31: 74 118 156 179 (67)
32: 84 116 136 162 170 (67)
33: 65 85 99 105 138 (67)
34: 26 32 64 104 107 134 137 (67)
35: 6 31 73 115 192 (67)
36: 69 86 123 (67)
