Name: 400-50-80
Time: 601.561301s
Result: 19
Solution: 13 2 56 68 18 84 84 16 35 54 81 11 24 33 74 68 10 23 47 9 40 32 47 19 35 1 20 16 20 24 56 59 75 12 60 52 68 37 15 57 7 12 63 30 76 50 60 82 83 2 6 66 60 0 73 76 28 71 16 66 15 38 81 59 12 37 79 4 26 80 36 26 61 67 65 73 44 33 82 43 7 73 61 1 56 53 83 19 3 42 75 18 34 42 78 4 67 2 58 51 56 12 46 0 47 8 15 11 36 33 25 46 32 66 76 45 52 6 48 79 77 41 44 74 10 26 62 11 63 50 58 49 26 4 39 47 8 48 36 64 37 28 32 21 8 69 81 63 37 28 84 44 53 29 49 17 25 84 1 64 60 0 17 75 69 46 11 28 55 81 29 22 70 81 31 40 35 85 21 40 21 12 64 59 77 39 34 67 43 39 61 45 30 31 74 72 79 34 6 37 85 10 31 16 4 47 68 51 43 65 62 35 57 13 19 76 69 75 29 32 2 14 26 9 80 7 30 54 18 20 13 41 70 63 48 45 11 10 71 53 34 64 58 55 42 26 5 70 69 41 50 43 77 68 0 74 25 25 27 5 46 46 58 41 75 46 20 20 74 64 20 78 85 7 9 40 11 72 77 37 26 77 84 60 43 57 77 41 23 51 35 22 27 13 51 21 1 64 53 27 3 3 65 72 61 81 38 85 82 31 60 8 39 60 78 67 30 57 41 71 70 42 70 11 62 7 59 62 61 3 13 80 41 31 60 48 75 43 84 78 5 65 52 45 44 81 18 79 55 5 50 82 0 52 51 38 29 59 85 24 55 35 54 72 37 23 74 45 78 14 36 15 47 14 22 72 19 56 4 21 25 46 37 81 5 54 13 36 66 55 49 53 35 45 28 48 29 52 1 36
0: 53 103 161 254 352 (58)
1: 25 83 158 296 398 (61)
2: 1 49 97 220 (58)
3: 88 300 301 329 (56)
4: 67 95 133 204 378 (56)
5: 246 259 340 349 384 (56)
6: 50 117 198 (56)
7: 40 80 225 273 325 (56)
8: 105 136 144 311 (58)
9: 19 223 274 (59)
10: 16 124 201 237 (56)
11: 11 107 127 166 236 276 323 (58)
12: 33 41 64 101 181 (57)
13: 0 213 230 293 330 386 (58)
14: 221 369 373 (69)
15: 38 60 106 371 (61)
16: 7 27 58 203 (70)
17: 155 162 (58)
18: 4 91 228 346 (57)
19: 23 87 214 376 (56)
20: 26 28 229 266 267 270 (66)
21: 143 178 180 295 379 (61)
22: 171 291 374 (59)
23: 17 288 365 (58)
24: 12 29 359 (57)
25: 110 156 256 257 380 (56)
26: 68 71 125 132 222 245 280 (65)
27: 258 292 299 (56)
28: 56 141 149 167 394 (66)
29: 153 170 218 356 396 (72)
30: 43 192 226 316 (56)
31: 174 193 202 309 333 (70)
32: 21 112 142 219 (67)
33: 13 77 109 (68)
34: 92 186 197 240 (72)
35: 8 24 176 211 290 361 392 (56)
36: 70 108 138 370 387 399 (63)
37: 37 65 140 148 199 279 364 382 (72)
38: 61 306 355 (67)
39: 134 185 189 312 (57)
40: 20 175 179 275 (58)
41: 121 231 249 263 287 318 332 (62)
42: 89 93 244 321 (60)
43: 79 188 208 251 284 337 (72)
44: 76 122 151 344 (72)
45: 115 191 235 343 367 393 (74)
46: 102 111 165 260 261 265 381 (73)
47: 18 22 104 135 205 372 (67)
48: 118 137 234 335 395 (64)
49: 131 154 390 (66)
50: 45 129 250 350 (69)
51: 99 207 289 294 354 (68)
52: 35 116 342 353 397 (62)
53: 85 152 239 298 391 (61)
54: 9 227 362 385 (58)
55: 168 243 348 360 389 (60)
56: 2 30 84 100 377 (59)
57: 39 212 285 317 (73)
58: 98 130 242 262 (63)
59: 31 63 183 326 357 (64)
60: 34 46 52 160 283 310 313 334 (75)
61: 72 82 190 304 328 (71)
62: 126 210 324 327 (71)
63: 42 128 147 233 (73)
64: 139 159 182 241 269 297 (67)
65: 74 209 302 341 (72)
66: 51 59 113 388 (71)
67: 73 96 187 315 (67)
68: 3 15 36 206 253 (71)
69: 145 164 216 248 (71)
70: 172 232 247 320 322 (72)
71: 57 238 319 (74)
72: 195 277 303 363 375 (75)
73: 54 75 81 (69)
74: 14 123 194 255 268 366 (72)
75: 32 90 163 217 264 336 (75)
76: 44 55 114 215 (74)
77: 120 184 252 278 281 286 (71)
78: 94 271 314 339 368 (67)
79: 66 119 196 347 (71)
80: 69 224 331 (72)
81: 10 62 146 169 173 305 345 383 (75)
82: 47 78 308 351 (69)
83: 48 86 (72)
84: 5 6 150 157 282 338 (74)
85: 177 200 272 307 358 (75)
