Name: 400-30-45
Time: 342.365787s
Result: 7
Solution: 88 73 48 43 37 3 98 24 5 9 81 34 81 77 13 44 45 2 41 44 24 36 97 88 28 4 2 12 16 58 32 69 10 87 33 44 26 56 76 38 80 25 13 14 92 27 27 46 56 40 97 94 29 91 36 47 60 91 20 49 70 63 40 17 63 95 98 57 78 31 36 39 0 31 55 71 7 48 74 24 15 0 54 38 1 43 8 72 52 63 94 2 40 33 4 20 77 54 77 58 9 72 58 64 10 66 66 64 50 43 41 57 95 82 6 98 66 42 3 78 33 86 65 70 6 87 80 84 98 93 38 12 8 53 15 87 79 54 37 18 50 20 26 65 94 14 77 50 30 70 25 59 18 1 1 88 58 77 85 9 87 71 81 22 9 76 69 71 43 59 40 18 29 13 51 54 61 25 96 83 55 36 68 1 45 33 49 74 64 59 16 26 67 56 29 11 21 66 39 17 75 34 34 50 30 31 67 17 63 96 61 23 85 22 74 32 59 4 19 53 20 63 70 52 94 31 73 53 52 10 92 93 50 5 25 85 30 21 49 68 13 75 10 42 74 56 51 95 95 6 92 26 0 85 28 82 47 16 2 50 50 26 11 86 68 14 41 70 16 90 73 4 14 84 77 52 91 30 59 64 7 98 14 66 37 82 35 87 96 86 67 69 20 32 38 25 80 45 5 47 0 21 87 64 62 90 10 76 89 8 30 42 98 82 1 6 81 19 79 28 14 2 38 40 61 29 88 21 89 42 71 62 84 83 96 70 24 21 41 13 12 75 16 7 52 4 20 50 30 2 54 70 97 23 51 84 19 91 71 47 92 23 12 89 35 36 5 3 78 92 11 43 35 53 95 61 57 55 68 60 76 43 78 48 32 92 22 79 75 30 22 15 62 93 37 46 68 16 52 12
0: 72 81 252 300 (34)
1: 84 153 154 183 314 (34)
2: 17 26 91 258 321 349 (34)
3: 5 118 367 (34)
4: 25 94 217 271 345 (34)
5: 8 233 298 366 (34)
6: 114 124 249 315 (34)
7: 76 280 343 (34)
8: 86 132 309 (34)
9: 9 100 159 164 (35)
10: 32 104 229 242 306 (34)
11: 195 262 370 (34)
12: 27 131 340 362 399 (34)
13: 14 42 173 240 339 (34)
14: 43 145 265 272 282 320 (34)
15: 80 134 391 (34)
16: 28 190 257 268 342 397 (34)
17: 63 199 207 (34)
18: 139 152 171 (34)
19: 218 317 356 (36)
20: 58 95 141 220 292 346 (34)
21: 196 237 301 327 337 (34)
22: 163 213 386 390 (34)
23: 211 353 361 (40)
24: 7 20 79 336 (34)
25: 41 150 177 234 295 (36)
26: 36 142 191 251 261 (36)
27: 45 46 (35)
28: 24 254 319 (36)
29: 52 172 194 325 (37)
30: 148 204 236 277 310 348 389 (34)
31: 69 73 205 225 (34)
32: 30 215 293 384 (34)
33: 34 93 120 185 (37)
34: 11 201 202 (35)
35: 286 364 372 (35)
36: 21 54 70 181 365 (35)
37: 4 138 284 394 (37)
38: 39 83 130 294 322 (34)
39: 71 198 (39)
40: 49 62 92 170 323 (34)
41: 18 110 266 338 (39)
42: 117 243 311 329 (35)
43: 3 85 109 168 371 381 (34)
44: 15 19 35 (40)
45: 16 184 297 (34)
46: 47 395 (40)
47: 55 256 299 359 (36)
48: 2 77 383 (34)
49: 59 186 238 (41)
50: 108 140 147 203 232 259 260 347 (34)
51: 174 246 354 (41)
52: 88 223 228 275 344 398 (40)
53: 133 219 227 373 (41)
54: 82 97 137 175 350 (41)
55: 74 180 377 (41)
56: 37 48 193 245 (41)
57: 67 111 376 (41)
58: 29 99 102 156 (41)
59: 151 169 189 216 278 (41)
60: 56 379 (40)
61: 176 210 324 375 (40)
62: 304 331 392 (41)
63: 61 64 89 208 221 (41)
64: 103 107 188 279 303 (40)
65: 122 143 (36)
66: 105 106 116 197 283 (41)
67: 192 206 290 (40)
68: 182 239 264 378 396 (41)
69: 31 166 291 (41)
70: 60 123 149 222 267 335 351 (41)
71: 75 161 167 330 358 (41)
72: 87 101 (41)
73: 1 226 270 (41)
74: 78 187 214 244 (40)
75: 200 241 341 388 (41)
76: 38 165 307 380 (41)
77: 13 96 98 146 157 274 (41)
78: 68 119 368 382 (40)
79: 136 318 387 (41)
80: 40 126 296 (41)
81: 10 12 162 316 (40)
82: 113 255 285 313 (41)
83: 179 333 (41)
84: 127 273 332 355 (41)
85: 158 212 235 253 (41)
86: 121 263 289 (41)
87: 33 125 135 160 287 302 (41)
88: 0 23 155 326 (41)
89: 308 328 363 (41)
90: 269 305 (41)
91: 53 57 276 357 (41)
92: 44 230 250 360 369 385 (41)
93: 129 231 393 (41)
94: 51 90 144 224 (41)
95: 65 112 247 248 374 (41)
96: 178 209 288 334 (41)
97: 22 50 352 (41)
98: 6 66 115 128 281 312 (41)
