Name: 400-40-60
Time: 60.303224s
Result: 6
Solution: 59 25 11 23 39 17 14 62 30 32 12 32 7 0 21 41 61 55 56 8 64 45 66 12 60 33 59 31 34 24 22 8 64 36 22 49 24 15 5 6 53 7 25 0 12 24 27 56 19 3 9 25 56 61 0 15 65 22 17 33 11 55 1 18 42 27 9 42 23 29 47 39 1 48 31 21 6 5 59 31 41 29 49 31 18 2 24 9 10 65 33 8 13 11 39 10 1 55 41 13 43 2 64 49 37 14 47 25 7 6 3 39 62 41 43 60 7 30 65 20 65 62 65 19 51 27 16 25 18 57 23 21 14 46 24 15 5 13 42 43 56 23 64 42 65 18 24 1 40 61 49 8 17 66 65 18 29 7 3 33 36 31 16 50 16 44 13 59 52 37 32 29 0 4 8 31 50 35 23 22 42 33 44 54 19 10 50 20 7 4 27 20 2 2 9 51 47 6 15 6 45 65 39 14 65 0 17 11 66 8 59 36 54 33 29 61 8 45 55 38 6 34 24 50 32 52 38 37 35 57 10 30 47 7 56 49 29 13 26 45 48 52 47 5 4 37 54 45 30 57 58 29 35 56 44 22 52 34 28 11 63 10 49 58 35 15 38 4 53 33 11 52 60 65 0 53 35 62 48 33 46 41 0 29 7 44 15 42 26 54 34 38 6 25 17 8 14 46 8 55 16 18 31 44 28 25 25 54 45 9 51 1 31 27 58 25 24 59 36 37 40 7 50 63 16 53 51 44 6 43 5 22 50 57 41 0 3 63 40 33 40 60 66 65 23 23 36 23 12 47 56 39 21 56 17 7 16 54 19 44 53 15 36 21 46 21 26 48 43 43 8 24 27 23 47 10 16 32 58 37 23 21 58 7 56 62 55 4 14 30 19 53 33 38 62 57 44 22 46 5
0: 13 43 54 172 205 274 282 335 (46)
1: 62 72 96 147 311 (47)
2: 85 101 192 193 (50)
3: 49 110 158 336 (48)
4: 173 189 244 267 387 (49)
5: 38 77 136 243 330 399 (46)
6: 39 76 109 197 199 220 292 328 (46)
7: 12 41 108 116 157 188 233 284 321 355 383 (46)
8: 19 31 91 151 174 209 216 295 298 370 (46)
9: 50 66 87 194 309 (46)
10: 88 95 185 230 261 375 (46)
11: 2 60 93 207 259 270 (46)
12: 10 23 44 348 (47)
13: 92 99 137 166 237 (47)
14: 6 105 132 203 296 388 (46)
15: 37 55 135 198 265 286 361 (46)
16: 126 162 164 300 324 356 376 (46)
17: 5 58 152 206 294 354 (46)
18: 63 84 128 145 155 301 (46)
19: 48 123 184 358 390 (46)
20: 119 187 191 (46)
21: 14 75 131 352 363 365 381 (46)
22: 30 34 57 179 255 331 397 (46)
23: 3 68 130 141 178 344 345 347 373 380 (46)
24: 29 36 45 86 134 146 222 316 371 (46)
25: 1 42 51 107 127 293 305 306 315 (46)
26: 238 288 366 (47)
27: 46 65 125 190 313 372 (46)
28: 258 304 (46)
29: 69 81 156 171 214 236 251 283 (46)
30: 8 117 231 248 389 (49)
31: 27 74 79 83 161 175 302 312 (49)
32: 9 11 170 224 377 (52)
33: 25 59 90 159 181 213 269 279 339 392 (52)
34: 28 221 257 290 (50)
35: 177 228 252 264 276 (50)
36: 33 160 211 318 346 362 (52)
37: 104 169 227 245 319 379 (52)
38: 219 226 266 291 393 (52)
39: 4 71 94 111 202 351 (52)
40: 148 320 338 340 (52)
41: 15 80 98 113 281 334 (52)
42: 64 67 138 143 180 287 (52)
43: 100 114 139 329 368 369 (52)
44: 165 182 254 285 303 327 359 396 (51)
45: 21 200 217 239 247 308 (52)
46: 133 280 297 364 398 (52)
47: 70 106 196 232 242 349 374 (52)
48: 73 240 278 367 (52)
49: 35 82 103 150 235 262 (52)
50: 163 176 186 223 322 332 (52)
51: 124 195 310 326 (52)
52: 168 225 241 256 271 (52)
53: 40 268 275 325 360 391 (52)
54: 183 212 246 289 307 357 (52)
55: 17 61 97 218 299 386 (52)
56: 18 47 52 140 234 253 350 353 384 (52)
57: 129 229 249 333 395 (52)
58: 250 263 314 378 382 (52)
59: 0 26 78 167 210 317 (52)
60: 24 115 272 341 (52)
61: 16 53 149 215 (52)
62: 7 112 121 277 385 394 (52)
63: 260 323 337 (52)
64: 20 32 102 142 (52)
65: 56 89 118 120 122 144 154 201 204 273 343 (52)
66: 22 153 208 342 (52)
