Name: 400-20-30
Time: 120.664356s
Result: 3
Solution: 65 54 40 48 56 19 28 46 6 51 37 45 27 16 62 10 23 36 46 59 45 51 32 19 6 14 37 50 17 33 1 8 26 50 36 62 51 0 17 13 24 26 21 29 63 25 20 2 44 11 53 57 62 36 16 55 5 32 50 14 8 11 59 23 17 4 35 42 46 6 60 44 20 42 52 51 21 38 54 1 46 5 8 8 32 21 41 16 8 56 4 8 57 23 25 22 4 36 3 21 56 4 40 47 64 26 31 47 12 35 17 62 31 41 9 23 56 41 17 52 14 21 54 50 50 64 31 35 9 49 21 0 58 10 48 45 6 14 61 49 17 54 35 16 38 30 50 16 19 4 58 12 33 55 28 64 63 54 40 11 38 53 53 20 31 21 35 22 50 46 7 24 39 1 21 18 47 0 26 63 57 59 32 62 24 47 57 55 17 50 5 4 11 1 29 65 54 13 44 38 2 7 36 16 12 6 28 47 39 51 7 47 51 26 32 32 14 59 4 60 9 27 27 35 22 33 18 2 57 30 18 38 43 43 3 36 63 15 61 54 25 63 8 58 2 5 0 63 40 44 65 18 62 36 5 7 18 32 62 57 11 41 19 49 3 31 14 55 57 48 32 34 11 37 52 4 54 37 48 34 60 59 38 11 13 50 42 32 35 16 15 39 23 3 24 45 50 61 26 25 41 24 43 12 36 3 9 7 39 53 21 7 62 0 17 36 21 16 36 9 32 14 30 49 5 34 10 15 10 42 48 14 4 23 40 56 28 62 48 43 38 49 55 11 58 18 5 8 16 22 45 52 39 29 31 47 33 59 31 62 25 65 1 11 64 31 42 29 42 16 32 11 60 17 32 64 6 26 7 3 27 7 32 10 44 17 20 26 4 52 62 10 24 42 31 11 1 62 22 45
0: 37 131 177 246 313 (25)
1: 30 79 173 193 362 396 (24)
2: 47 200 227 244 (25)
3: 98 234 264 293 305 379 (23)
4: 65 90 96 101 149 191 218 275 332 388 (23)
5: 56 81 190 245 254 324 346 (23)
6: 8 24 69 136 205 376 (24)
7: 170 201 210 255 307 311 378 381 (23)
8: 31 60 82 83 88 91 242 347 (23)
9: 114 128 220 306 319 (23)
10: 15 133 326 328 383 391 (23)
11: 49 61 159 192 260 272 283 343 363 371 395 (23)
12: 108 151 204 303 (24)
13: 39 197 284 (24)
14: 25 59 120 137 216 266 321 331 (23)
15: 237 290 327 (24)
16: 13 54 87 143 147 203 289 317 348 369 (23)
17: 28 38 64 110 118 140 188 314 373 385 (23)
18: 175 226 230 251 256 345 (25)
19: 5 23 148 262 (23)
20: 46 72 163 386 (24)
21: 42 76 85 99 121 130 165 174 310 316 (23)
22: 95 167 224 349 398 (26)
23: 16 63 93 115 292 333 (23)
24: 40 171 184 294 301 392 (23)
25: 45 94 240 299 360 (24)
26: 32 41 105 178 213 298 377 387 (23)
27: 12 221 222 380 (26)
28: 6 154 206 336 (23)
29: 43 194 353 367 (23)
30: 145 229 322 (23)
31: 106 112 126 164 265 354 358 365 394 (25)
32: 22 57 84 182 214 215 257 270 287 320 370 374 382 (24)
33: 29 152 225 356 (25)
34: 271 279 325 (26)
35: 66 109 127 142 166 223 288 (24)
36: 17 34 53 97 202 235 253 304 315 318 (23)
37: 10 26 273 277 (25)
38: 77 144 160 199 231 282 340 (24)
39: 172 208 291 308 352 (25)
40: 2 102 158 248 334 (26)
41: 86 113 117 261 300 (26)
42: 67 73 286 329 366 368 393 (26)
43: 232 233 302 339 (26)
44: 48 71 198 249 384 (26)
45: 11 20 135 295 350 399 (26)
46: 7 18 68 80 169 (26)
47: 103 107 176 185 207 211 355 (26)
48: 3 134 269 278 330 338 (26)
49: 129 139 263 323 341 (26)
50: 27 33 58 123 124 146 168 189 285 296 (26)
51: 9 21 36 75 209 212 (26)
52: 74 119 274 351 389 (26)
53: 50 161 162 309 (26)
54: 1 78 122 141 157 196 239 276 (26)
55: 55 153 187 267 342 (26)
56: 4 89 100 116 335 (26)
57: 51 92 180 186 228 259 268 (26)
58: 132 150 243 344 (26)
59: 19 62 181 217 281 357 (26)
60: 70 219 280 372 (26)
61: 138 238 297 (26)
62: 14 35 52 111 183 252 258 312 337 359 390 397 (26)
63: 44 156 179 236 241 247 (26)
64: 104 125 155 364 375 (26)
65: 0 195 250 361 (26)
