Name: 600-50-80
Time: 603.972907s
Result: 21
Solution: 2 85 133 142 21 24 98 119 91 9 112 115 93 98 30 72 37 38 7 125 55 68 110 142 66 73 143 60 82 121 111 88 12 91 30 15 47 118 102 38 44 54 141 10 71 143 127 77 129 92 98 120 12 47 126 17 143 130 26 1 114 6 119 142 104 118 10 19 72 138 60 128 99 86 130 117 121 43 58 0 4 97 113 96 62 122 79 134 115 109 18 95 25 25 61 121 59 20 115 114 135 122 80 103 52 34 97 36 92 12 22 14 103 137 139 5 56 130 62 48 94 124 114 127 5 128 139 12 101 65 116 58 46 140 123 101 2 50 97 99 2 20 16 131 28 131 111 75 91 14 139 66 113 24 95 93 103 9 133 42 61 127 50 41 137 101 135 123 107 128 39 80 137 1 116 75 100 124 105 22 110 2 48 93 30 40 134 128 143 85 133 16 7 62 134 89 17 71 119 64 124 14 111 66 122 87 107 53 34 136 106 44 20 143 3 77 28 13 70 54 100 2 15 72 38 34 75 53 69 46 131 44 19 137 125 21 117 39 47 63 83 78 50 58 80 41 69 115 93 29 125 136 104 79 37 51 62 33 102 32 63 16 70 73 46 100 72 90 62 86 27 87 78 71 50 89 32 139 111 45 137 114 123 71 113 50 81 68 56 110 70 134 79 66 84 126 135 90 94 117 7 121 143 70 78 44 112 107 108 77 141 22 76 3 49 57 96 123 88 25 39 132 57 3 131 63 116 109 22 28 79 33 84 14 59 82 141 65 93 3 130 21 2 91 137 3 4 105 132 16 14 102 25 118 102 0 36 50 51 112 35 138 19 35 81 91 137 143 19 9 82 5 70 123 85 3 33 63 81 70 7 14 83 109 20 38 13 121 107 37 40 105 15 96 23 92 102 51 134 102 125 107 69 70 16 71 72 94 108 84 13 137 120 126 96 37 79 4 74 123 83 61 50 49 9 38 133 136 8 18 37 85 134 92 20 27 52 81 30 56 132 125 109 140 59 25 8 94 28 68 4 62 133 108 2 44 113 35 98 68 106 69 88 31 67 48 21 57 102 67 53 86 9 10 55 19 12 56 94 71 43 53 97 0 76 73 121 38 34 112 54 140 104 14 26 74 126 137 30 43 65 40 137 50 134 74 128 71 58 8 130 44 6 20 26 60 81 102 122 31 11 138 130 58 42 83 11 23 27 99 60 24 120 85 11 139 101 28 120 131 1 105 93 81 30 70 62 36 22 24 77 44 140 82 85 92 54 34 62 27 41 16 45 64 11 59 129 142 37 123 60 43 68 111 118 134 52 91 37 119 25 109 116 16 13 29 124 90 9 143 113 64 107 118 18 131 2 48 27 30
0: 79 355 483 (60)
1: 59 173 540 (57)
2: 0 136 140 181 221 342 454 596 (58)
3: 214 313 323 339 345 375 (55)
4: 80 346 417 450 (55)
5: 115 124 371 (56)
6: 61 512 (58)
7: 18 192 300 380 (55)
8: 428 446 509 (60)
9: 9 157 369 424 472 588 (56)
10: 43 66 473 (57)
11: 520 526 534 564 (55)
12: 32 52 109 127 476 (56)
13: 217 386 410 584 (56)
14: 111 149 201 333 350 381 493 (55)
15: 35 222 392 (63)
16: 142 191 261 349 404 561 583 (58)
17: 55 196 (56)
18: 90 429 594 (57)
19: 67 232 362 368 475 (57)
20: 97 141 212 384 434 513 (55)
21: 4 235 341 466 (56)
22: 110 179 311 328 548 (58)
23: 394 527 (66)
24: 5 153 531 549 (57)
25: 92 93 319 352 445 580 (56)
26: 58 494 514 (65)
27: 270 435 528 559 598 (60)
28: 144 216 329 448 537 (65)
29: 249 585 (57)
30: 14 34 184 438 498 544 599 (56)
31: 463 519 (60)
32: 259 276 (65)
33: 257 331 376 (56)
34: 105 208 225 488 557 (55)
35: 360 363 457 (58)
36: 107 356 547 (56)
37: 16 254 389 415 430 568 578 (55)
38: 17 39 224 385 425 487 (55)
39: 170 237 320 (60)
40: 185 390 501 (59)
41: 163 245 560 (58)
42: 159 524 (57)
43: 77 480 499 571 (69)
44: 40 211 231 305 455 511 551 (62)
45: 279 562 (56)
46: 132 229 264 (71)
47: 36 53 238 (56)
48: 119 182 465 597 (55)
49: 314 423 (56)
50: 137 162 242 274 285 357 422 503 (55)
51: 255 358 397 (56)
52: 104 436 576 (64)
53: 207 227 470 481 (65)
54: 41 219 490 556 (62)
55: 20 474 (76)
56: 116 288 439 477 (67)
57: 315 322 467 (69)
58: 78 131 243 508 523 (55)
59: 96 334 444 565 (69)
60: 27 70 515 530 570 (57)
61: 94 160 421 (56)
62: 84 118 193 256 268 451 546 558 (56)
63: 239 260 325 377 (55)
64: 199 563 591 (56)
65: 129 337 500 (56)
66: 24 151 203 293 (76)
67: 464 469 (74)
68: 21 287 449 459 572 (71)
69: 228 246 402 461 (63)
70: 218 262 290 303 372 379 403 545 (64)
71: 44 197 273 283 405 479 507 (65)
72: 15 68 223 266 406 (77)
73: 25 263 485 (61)
74: 418 495 505 (75)
75: 147 175 226 (73)
76: 312 484 (68)
77: 47 215 309 550 (74)
78: 241 272 304 (56)
79: 86 253 292 330 416 (74)
80: 102 171 244 (77)
81: 286 364 378 437 516 543 (72)
82: 28 335 370 553 (64)
83: 240 382 420 525 (66)
84: 294 332 409 (58)
85: 1 189 374 431 533 554 (77)
86: 73 269 471 (72)
87: 205 271 (60)
88: 31 318 462 (77)
89: 195 275 (64)
90: 267 297 587 (66)
91: 8 33 148 343 365 577 (77)
92: 49 108 395 433 555 (74)
93: 12 155 183 248 338 542 (76)
94: 120 298 407 447 478 (73)
95: 91 154 (56)
96: 83 316 393 414 (77)
97: 81 106 138 482 (77)
98: 6 13 50 458 (55)
99: 72 139 529 (73)
100: 176 220 265 (65)
101: 128 135 165 536 (63)
102: 38 258 351 354 396 399 468 517 (74)
103: 103 112 156 (68)
104: 64 252 492 (65)
105: 178 347 391 541 (77)
106: 210 460 (74)
107: 168 206 307 388 401 592 (70)
108: 308 408 453 (75)
109: 89 327 383 442 581 (75)
110: 22 180 289 (77)
111: 30 146 202 278 573 (77)
112: 10 306 359 489 (77)
113: 82 152 284 456 590 (77)
114: 60 99 122 281 (77)
115: 11 88 98 247 (76)
116: 130 174 326 582 (71)
117: 75 236 299 (65)
118: 37 65 353 574 593 (71)
119: 7 62 198 579 (65)
120: 51 412 532 538 (64)
121: 29 76 95 301 387 486 (71)
122: 85 101 204 518 (76)
123: 134 167 282 317 373 419 569 (74)
124: 121 177 200 586 (77)
125: 19 234 250 400 441 (75)
126: 54 295 413 496 (76)
127: 46 123 161 (74)
128: 71 125 169 187 506 (77)
129: 48 566 (77)
130: 57 74 117 340 510 522 (77)
131: 143 145 230 324 539 595 (76)
132: 321 348 440 (74)
133: 2 158 190 426 452 (76)
134: 87 186 194 291 398 432 504 575 (77)
135: 100 166 296 (74)
136: 209 251 427 (77)
137: 113 164 172 233 280 344 366 411 497 502 (76)
138: 69 361 521 (74)
139: 114 126 150 277 535 (76)
140: 133 443 491 552 (75)
141: 42 310 336 (74)
142: 3 23 63 567 (76)
143: 26 45 56 188 213 302 367 589 (76)
