Name: 600-20-30
Time: 604.178918s
Result: 8
Solution: 61 138 135 92 137 18 98 44 33 75 33 26 33 12 94 126 13 137 88 124 133 141 72 128 45 55 120 25 8 1 27 60 79 38 44 7 27 68 116 132 19 51 80 81 99 1 140 10 80 125 88 123 88 62 83 110 74 21 74 33 119 90 74 67 96 7 63 136 24 19 48 20 137 76 108 40 23 112 114 127 31 26 42 59 112 65 14 31 84 131 67 44 80 129 96 14 123 18 125 30 141 146 79 125 101 78 5 144 61 58 93 87 138 50 131 91 84 34 81 23 87 139 134 60 131 3 101 97 57 76 42 132 133 65 131 111 25 110 47 114 53 106 25 106 148 63 87 90 104 108 2 28 7 60 132 21 49 106 56 136 23 64 50 127 50 42 14 44 111 76 103 145 118 120 16 97 17 127 125 17 7 148 85 37 96 87 83 101 102 15 89 73 23 28 28 38 2 24 98 42 1 149 114 118 130 149 70 144 10 29 147 141 82 94 91 149 118 110 39 126 75 8 49 53 95 83 26 144 139 31 145 124 22 56 68 91 69 105 88 74 145 61 0 128 122 136 138 35 121 144 8 76 107 69 147 93 70 14 57 9 77 145 93 86 121 64 84 78 53 112 122 62 89 66 107 59 81 10 113 64 20 81 123 101 71 59 16 98 87 5 130 71 30 26 70 23 115 106 17 6 23 11 57 15 48 51 33 67 49 37 114 129 55 90 52 49 4 46 66 101 91 61 148 13 143 9 85 95 84 0 2 40 134 142 85 119 146 105 145 46 31 39 48 65 108 86 19 106 38 17 126 149 133 103 109 95 111 32 124 55 36 138 22 43 37 120 32 139 129 120 84 48 108 106 72 76 73 2 135 6 28 8 83 30 107 42 5 86 98 39 6 3 93 54 45 69 69 36 22 23 102 15 94 105 133 123 25 113 13 0 74 52 24 113 24 91 35 136 0 63 134 5 26 59 10 1 5 59 77 64 96 5 4 18 114 118 44 106 44 100 34 60 63 61 128 9 104 43 56 78 122 82 10 100 4 48 38 121 44 52 46 80 32 115 53 149 51 120 136 29 46 62 141 73 14 143 37 117 30 88 133 12 56 11 115 28 78 30 82 101 8 129 16 30 48 118 9 135 47 14 41 11 66 54 7 85 68 20 54 82 48 92 77 20 58 137 113 125 70 66 116 16 96 14 68 137 32 30 67 15 12 102 127 148 22 91 134 47 14 102 65 102 121 34 103 121 128 142 114 149 82 117 72 56 41 73 8 100 131 39 130 101 92 109 40 111 142 140 28 37 49 105 78 42 71 112 144 97 119 69 107 90 99 125 143 77 68 60 7 120 64 0 89 61 24 47 51 90 45 2
0: 242 329 409 418 591 (21)
1: 29 45 200 425 (22)
2: 150 196 330 377 599 (21)
3: 125 391 (21)
4: 316 432 454 (26)
5: 106 289 386 421 426 431 (23)
6: 299 379 390 (22)
7: 35 65 152 180 504 588 (22)
8: 28 221 250 381 490 556 (21)
9: 259 325 445 496 (22)
10: 47 208 277 424 452 (25)
11: 301 483 501 (21)
12: 13 481 530 (21)
13: 16 323 408 (21)
14: 86 95 166 257 474 499 523 538 (21)
15: 189 303 401 529 (23)
16: 174 286 492 521 (21)
17: 176 179 298 349 (22)
18: 5 97 433 (22)
19: 40 69 346 (21)
20: 71 280 507 513 (21)
21: 57 155 (21)
22: 232 362 398 534 (23)
23: 76 119 160 192 295 300 399 (21)
24: 68 197 412 414 594 (22)
25: 27 136 142 406 (27)
26: 11 81 226 293 422 (26)
27: 30 36 (23)
28: 151 193 194 380 485 568 (22)
29: 209 469 (22)
30: 99 292 383 478 487 493 527 (22)
31: 80 87 229 340 (22)
32: 357 366 462 526 (25)
33: 8 10 12 59 306 (22)
34: 117 440 543 (22)
35: 247 416 (22)
36: 360 397 (21)
37: 183 309 364 476 569 (21)
38: 33 195 348 456 (21)
39: 218 341 389 559 (23)
40: 75 331 564 (21)
41: 500 554 (27)
42: 82 130 165 199 385 573 (23)
43: 363 447 (23)
44: 7 34 91 167 436 438 458 (22)
45: 24 394 598 (22)
46: 317 339 460 470 (25)
47: 138 498 537 595 (24)
48: 70 304 342 371 455 494 510 (22)
49: 156 222 308 315 570 (27)
50: 113 162 164 (23)
51: 41 305 466 596 (21)
52: 314 411 459 (22)
53: 140 223 268 464 (27)
54: 393 503 508 (21)
55: 25 312 359 (24)
56: 158 233 448 482 553 (25)
57: 128 258 302 (23)
58: 109 514 (24)
59: 83 275 285 423 427 (21)
60: 31 123 153 441 587 (27)
61: 0 108 241 321 443 593 (21)
62: 53 271 471 (23)
63: 66 145 419 442 (28)
64: 161 265 279 429 590 (28)
65: 85 133 343 540 (29)
66: 273 318 502 519 (29)
67: 63 90 307 528 (25)
68: 37 234 506 524 586 (24)
69: 236 253 395 396 579 (24)
70: 206 256 294 518 (29)
71: 284 291 574 (27)
72: 22 374 552 (22)
73: 191 376 473 555 (24)
74: 56 58 62 239 410 (28)
75: 9 220 (26)
76: 73 129 169 251 375 (22)
77: 260 428 512 585 (26)
78: 105 267 449 486 572 (27)
79: 32 102 (26)
80: 42 48 92 461 (25)
81: 43 118 276 281 (29)
82: 212 451 488 509 550 (29)
83: 54 186 225 382 (22)
84: 88 116 266 328 370 (28)
85: 182 326 334 505 (23)
86: 263 345 387 (26)
87: 111 120 146 185 288 (27)
88: 18 50 52 238 479 (28)
89: 190 272 592 (29)
90: 61 147 313 581 597 (29)
91: 115 214 235 320 415 535 (24)
92: 3 511 562 (26)
93: 110 255 262 392 (28)
94: 14 213 402 (28)
95: 224 327 355 (25)
96: 64 94 184 430 522 (27)
97: 127 175 577 (27)
98: 6 198 287 388 (29)
99: 44 582 (21)
100: 439 453 557 (29)
101: 104 126 187 283 319 489 561 (28)
102: 188 400 531 539 541 (28)
103: 170 353 544 (28)
104: 148 446 (24)
105: 237 337 403 571 (29)
106: 141 143 157 297 347 373 437 (21)
107: 252 274 384 580 (21)
108: 74 149 344 372 (27)
109: 354 563 (21)
110: 55 137 217 (29)
111: 135 168 356 565 (26)
112: 77 84 269 575 (28)
113: 278 407 413 516 (29)
114: 78 139 202 310 434 548 (29)
115: 296 463 484 (28)
116: 38 520 (29)
117: 477 551 (29)
118: 172 203 216 435 495 (21)
119: 60 335 578 (27)
120: 26 173 365 369 467 589 (28)
121: 248 264 457 542 545 (29)
122: 244 270 450 (28)
123: 51 96 282 405 (29)
124: 19 231 358 (28)
125: 49 98 103 178 517 583 (28)
126: 15 219 350 (27)
127: 79 163 177 532 (28)
128: 23 243 444 546 (28)
129: 93 311 368 491 (29)
130: 204 290 560 (29)
131: 89 114 124 134 558 (29)
132: 39 131 154 (25)
133: 20 132 352 404 480 (26)
134: 122 332 420 536 (29)
135: 2 378 497 (29)
136: 67 159 245 417 468 (25)
137: 4 17 72 515 525 (29)
138: 1 112 246 361 (28)
139: 121 228 367 (28)
140: 46 567 (27)
141: 21 100 211 472 (27)
142: 333 547 566 (24)
143: 324 475 584 (28)
144: 107 207 227 249 576 (28)
145: 171 230 240 261 338 (29)
146: 101 336 (25)
147: 210 254 (26)
148: 144 181 322 533 (26)
149: 201 205 215 351 465 549 (29)
