Name: 600-30-45
Time: 603.855809s
Result: 11
Solution: 75 1 109 13 99 97 52 125 60 92 95 80 103 87 77 46 42 129 56 48 69 30 55 91 72 90 106 106 94 124 30 63 73 3 113 1 79 51 48 7 125 44 110 108 134 84 17 87 58 121 33 52 130 54 42 110 109 132 15 130 12 135 96 102 83 24 72 61 111 108 43 99 63 21 133 68 62 71 56 118 89 80 69 118 41 120 98 87 0 93 22 123 118 47 84 65 28 74 60 124 94 87 17 9 23 135 4 101 24 2 0 103 11 84 108 88 35 52 19 106 90 85 64 12 98 79 97 111 7 9 127 2 5 129 34 75 119 95 123 125 99 3 112 50 88 8 37 86 107 24 5 77 38 40 125 100 1 87 84 18 43 53 131 17 109 4 85 31 127 7 60 60 91 119 122 99 120 41 126 102 0 96 125 90 87 71 10 56 27 127 108 109 45 82 8 79 111 4 34 132 80 105 116 112 5 98 94 76 59 43 117 37 78 31 56 130 91 66 117 20 126 63 33 107 18 46 39 67 95 0 82 73 4 88 44 35 16 26 76 52 26 126 109 118 93 30 112 118 131 34 125 62 14 17 20 13 92 82 9 94 15 40 65 77 134 34 127 52 43 93 3 50 127 80 134 22 23 21 114 6 61 12 117 108 47 11 41 57 4 104 14 92 109 49 87 18 106 133 87 29 98 51 61 91 3 86 49 12 49 101 96 62 23 95 116 16 127 5 90 117 24 114 68 21 108 69 84 105 77 54 38 89 124 127 84 52 41 24 28 32 135 94 57 50 45 88 135 44 65 78 79 3 74 113 44 73 131 131 16 6 32 18 112 128 90 103 50 5 95 49 82 11 65 5 78 30 120 1 12 129 80 11 63 12 23 90 8 70 69 93 20 29 48 115 26 29 116 25 29 126 130 78 8 59 57 90 26 114 115 111 130 119 64 18 82 74 67 20 109 105 26 25 83 110 6 113 109 73 20 132 75 98 85 135 85 70 2 52 71 74 12 98 5 38 28 57 133 37 86 121 57 66 125 125 81 22 28 46 121 126 113 81 103 26 59 62 102 34 128 77 8 76 122 81 47 42 100 133 116 32 35 62 102 114 123 60 34 88 53 83 62 31 77 108 36 1 89 72 97 40 48 68 88 51 44 96 128 65 107 134 33 97 40 23 122 57 112 115 105 12 52 11 38 48 86 70 33 39 21 77 132 21 117 53 65 115 89 119 41 125 114 15 79 115 19 126 36 66 83 77 10 88 51 32 115 102 19 69 95 58 130 77 55 55 53 14 45 134 19 111 36 66 69 11 96 47 64 16 82 100 94 36 86 108 104 116 38 113 125 123 96 27 19 73 99 101 3 110 95 89
0: 88 110 180 229 (33)
1: 1 35 156 377 495 (31)
2: 109 131 436 (34)
3: 33 141 270 304 351 596 (31)
4: 106 165 197 232 288 (42)
5: 132 150 204 317 367 373 442 (35)
6: 279 359 424 (30)
7: 39 128 169 (31)
8: 145 194 386 402 470 (32)
9: 103 129 258 (30)
10: 186 550 (32)
11: 112 285 371 381 521 573 (36)
12: 60 123 281 307 378 383 440 519 (36)
13: 3 255 (33)
14: 252 290 565 (31)
15: 58 260 541 (33)
16: 236 315 358 577 (31)
17: 46 102 163 253 (37)
18: 159 224 295 361 413 (30)
19: 118 544 556 568 592 (31)
20: 219 254 390 417 428 (30)
21: 73 277 323 528 531 (31)
22: 90 275 455 (33)
23: 104 276 312 384 513 (35)
24: 65 108 149 320 337 (32)
25: 397 421 (34)
26: 237 240 394 406 420 463 (33)
27: 188 591 (33)
28: 96 338 444 456 (36)
29: 299 391 395 398 (30)
30: 21 30 245 375 (35)
31: 167 213 491 (36)
32: 339 360 479 553 (30)
33: 50 222 510 526 (30)
34: 134 198 249 265 467 486 (31)
35: 116 235 480 (38)
36: 494 546 570 581 (40)
37: 146 211 447 (34)
38: 152 330 443 522 586 (41)
39: 226 527 (30)
40: 153 261 499 512 (33)
41: 84 177 286 336 538 (34)
42: 16 54 475 (30)
43: 70 160 209 268 (32)
44: 41 234 347 354 504 (34)
45: 192 344 566 (32)
46: 15 225 457 (31)
47: 93 284 474 575 (36)
48: 19 38 392 500 523 (36)
49: 293 306 308 369 (39)
50: 143 271 343 366 (31)
51: 37 301 503 552 (35)
52: 6 51 117 239 267 335 437 520 (32)
53: 161 488 533 564 (35)
54: 53 329 (37)
55: 22 562 563 (38)
56: 18 78 187 214 (40)
57: 287 342 404 445 450 515 (36)
58: 48 559 (31)
59: 208 403 464 (35)
60: 8 98 170 171 485 (38)
61: 67 280 302 (42)
62: 76 251 311 465 481 490 (38)
63: 31 72 221 382 (39)
64: 122 412 576 (39)
65: 95 262 348 372 507 534 (33)
66: 217 451 547 571 (41)
67: 227 416 (38)
68: 75 322 501 (42)
69: 20 82 325 388 557 572 (35)
70: 387 435 525 (36)
71: 77 185 438 (30)
72: 24 66 497 (41)
73: 32 231 355 427 593 (42)
74: 97 352 415 439 (42)
75: 0 135 430 (41)
76: 207 238 471 (41)
77: 14 151 263 328 469 492 529 549 561 (37)
78: 212 349 374 401 (42)
79: 36 125 195 350 542 (40)
80: 11 81 200 273 380 (39)
81: 454 461 473 (42)
82: 193 230 257 370 414 578 (41)
83: 64 422 489 548 (39)
84: 45 94 113 158 326 334 (40)
85: 121 166 432 434 (39)
86: 147 305 448 524 582 (42)
87: 13 47 87 101 157 184 294 298 (42)
88: 115 144 233 345 487 502 551 (41)
89: 80 331 496 536 599 (42)
90: 25 120 183 318 364 385 405 (42)
91: 23 172 216 303 (41)
92: 9 256 291 (41)
93: 89 244 269 389 (40)
94: 28 100 206 259 341 580 (41)
95: 10 137 228 313 368 558 598 (41)
96: 62 181 310 505 574 590 (42)
97: 5 126 498 511 (41)
98: 86 124 205 300 431 441 (42)
99: 4 71 140 175 594 (41)
100: 155 476 579 (42)
101: 107 309 595 (41)
102: 63 179 466 482 555 (40)
103: 12 111 365 462 (41)
104: 289 584 (41)
105: 201 327 419 518 (42)
106: 26 27 119 296 (42)
107: 148 223 508 (41)
108: 43 69 114 190 283 324 493 583 (42)
109: 2 56 164 191 242 292 418 426 (41)
110: 42 55 423 597 (41)
111: 68 127 196 409 569 (42)
112: 142 203 246 362 516 (42)
113: 34 353 425 460 587 (42)
114: 278 321 407 483 540 (42)
115: 393 408 517 535 543 554 (42)
116: 202 314 396 478 585 (42)
117: 210 218 282 319 532 (42)
118: 79 83 92 243 247 (42)
119: 136 173 411 537 (42)
120: 85 176 376 (42)
121: 49 449 458 (42)
122: 174 472 514 (41)
123: 91 138 484 589 (41)
124: 29 99 332 (42)
125: 7 40 139 154 182 250 452 453 539 588 (38)
126: 178 220 241 399 459 545 (41)
127: 130 168 189 266 272 316 333 (41)
128: 363 468 506 (41)
129: 17 133 379 (42)
130: 52 59 215 400 410 560 (42)
131: 162 248 356 357 (36)
132: 57 199 429 530 (41)
133: 74 297 446 477 (42)
134: 44 264 274 509 567 (38)
135: 61 105 340 346 433 (40)
