Name: 600-40-60
Time: 602.786926s
Result: 13
Solution: 11 1 35 30 85 84 88 100 56 41 38 42 32 71 45 92 78 31 9 28 70 27 88 15 21 45 70 55 10 73 21 99 34 44 23 14 83 1 79 66 8 68 46 81 77 87 98 35 26 96 77 55 65 76 21 89 8 43 95 6 86 3 35 28 43 82 5 69 98 29 91 15 54 47 82 10 67 71 63 46 102 59 65 79 98 86 62 57 24 74 76 99 6 55 54 0 25 18 3 87 20 61 75 79 66 44 75 68 98 17 68 47 14 26 0 22 77 83 24 94 83 5 54 85 90 42 48 87 49 1 2 61 53 62 101 42 4 71 88 94 74 93 42 36 7 57 2 37 13 28 99 76 42 81 35 99 36 26 44 35 61 100 96 5 63 84 44 7 52 32 80 13 93 8 79 85 76 43 68 44 50 24 51 68 46 80 51 29 74 2 4 87 51 74 21 26 75 48 37 57 59 99 31 45 97 56 49 15 40 97 102 78 54 68 33 15 97 12 88 44 83 1 94 91 5 62 22 26 68 51 56 80 53 93 71 53 98 97 54 74 21 15 79 27 85 25 91 5 92 0 5 39 64 93 26 41 20 75 40 19 3 70 39 11 66 93 38 100 14 8 17 41 66 22 83 77 71 4 102 102 88 96 92 24 61 9 99 53 91 34 25 82 35 41 80 83 39 14 59 73 100 100 65 95 58 18 27 27 13 66 62 29 47 37 89 102 19 30 15 14 51 53 15 93 60 101 19 72 38 61 27 84 18 26 85 49 18 73 65 27 48 35 58 34 18 53 39 19 38 71 56 0 5 25 40 78 71 46 0 36 102 92 34 16 96 72 59 49 72 30 78 2 91 68 35 64 7 2 90 50 62 29 22 46 1 59 53 73 12 61 60 94 44 87 46 70 10 61 8 79 56 33 84 29 49 58 35 52 35 26 102 55 13 24 2 43 52 67 64 46 81 1 49 57 18 24 48 42 78 95 67 15 20 73 20 92 50 33 41 22 39 23 12 7 96 25 85 31 86 59 23 98 22 44 101 43 61 85 102 22 77 70 68 46 58 8 97 18 8 17 91 33 30 10 31 52 15 29 9 28 101 78 19 37 27 65 2 87 95 58 2 64 89 31 83 83 24 65 90 33 55 16 95 80 21 44 56 64 69 36 61 39 8 72 58 69 67 46 44 29 6 1 57 53 23 49 64 51 74 22 7 25 19 96 96 41 11 36 60 81 55 89 50 77 34 16 80 30 39 40 6 15 56 14 10 35 72 83 59 49 60 36 68 46 35 53 63 87 25 78 32 62 90 14 47 82 97 44 86 19 68 94 11 85 33 26 75 54 14 26 9 12 15 12 82 75 57 59 40 90
0: 95 114 249 351 358 (46)
1: 1 37 129 221 384 421 521 (44)
2: 130 146 189 371 377 414 486 490 (44)
3: 61 98 260 (43)
4: 136 190 277 (44)
5: 66 121 163 224 247 250 352 (50)
6: 59 92 520 550 (43)
7: 144 167 376 443 530 (46)
8: 40 56 173 269 398 465 468 512 (44)
9: 18 285 478 590 (43)
10: 28 75 396 473 554 (49)
11: 0 263 536 582 (44)
12: 217 388 442 591 593 (43)
13: 148 171 308 412 (43)
14: 35 112 268 297 319 553 573 588 (43)
15: 23 71 207 215 241 318 322 431 476 551 592 (44)
16: 363 501 545 (49)
17: 109 270 469 (44)
18: 97 305 332 336 344 424 467 (45)
19: 259 316 326 347 482 532 579 (43)
20: 100 256 432 434 (47)
21: 24 30 54 194 240 504 (43)
22: 115 226 273 382 439 452 459 529 (44)
23: 34 441 450 524 (44)
24: 88 118 181 283 413 425 496 (43)
25: 96 245 290 353 445 531 568 (43)
26: 48 113 157 195 227 254 333 409 585 589 (44)
27: 21 243 306 307 330 339 484 (48)
28: 19 63 149 479 (45)
29: 69 187 311 381 403 477 519 (44)
30: 3 317 369 472 547 (44)
31: 17 202 447 474 493 (44)
32: 12 169 570 (44)
33: 214 401 437 471 499 584 (43)
34: 32 289 343 362 544 (48)
35: 2 47 62 154 159 292 341 374 406 408 555 564 (51)
36: 143 156 359 509 537 561 (43)
37: 147 198 313 483 (54)
38: 10 266 328 348 (56)
39: 251 262 296 346 440 511 548 (43)
40: 208 258 354 549 598 (43)
41: 9 255 271 293 438 535 (44)
42: 11 125 135 142 152 427 (44)
43: 57 64 177 415 455 (46)
44: 33 105 158 166 179 219 392 453 505 518 577 (51)
45: 14 25 203 (54)
46: 42 79 184 357 383 394 419 463 517 563 (43)
47: 73 111 312 574 (45)
48: 126 197 340 426 (50)
49: 128 206 335 367 404 422 525 559 (45)
50: 180 379 436 542 (53)
51: 182 186 192 229 320 527 (56)
52: 168 407 416 475 (44)
53: 132 232 235 287 321 345 386 523 565 (55)
54: 72 94 122 212 238 587 (56)
55: 27 51 93 411 500 540 (56)
56: 8 205 230 350 400 506 552 (49)
57: 87 145 199 423 522 596 (55)
58: 304 342 405 464 489 514 (49)
59: 81 200 298 366 385 449 558 597 (47)
60: 324 390 538 560 (52)
61: 101 131 160 284 329 389 397 456 510 (44)
62: 86 133 225 310 380 571 (47)
63: 78 164 566 (45)
64: 252 375 418 491 507 526 (54)
65: 52 82 302 338 485 497 (52)
66: 39 104 264 272 309 (55)
67: 76 417 430 516 (55)
68: 41 107 110 178 183 213 228 373 462 562 580 (53)
69: 67 508 515 (55)
70: 20 26 261 395 461 (56)
71: 13 77 137 234 276 349 356 (56)
72: 327 365 368 513 556 (53)
73: 29 299 337 387 433 (56)
74: 89 140 188 193 239 528 (56)
75: 102 106 196 257 586 595 (56)
76: 53 90 151 176 (52)
77: 44 50 116 275 460 543 (56)
78: 16 211 355 370 428 481 569 (56)
79: 38 83 103 174 242 399 (56)
80: 170 185 231 294 503 546 (55)
81: 43 153 420 539 (54)
82: 65 74 291 575 594 (54)
83: 36 117 120 220 274 295 494 495 557 (54)
84: 5 165 331 402 (56)
85: 4 123 175 244 334 446 457 583 (56)
86: 60 85 448 578 (50)
87: 45 99 127 191 393 487 567 (56)
88: 6 22 138 218 280 (55)
89: 55 314 492 541 (54)
90: 124 378 498 572 599 (55)
91: 70 223 246 288 372 470 (55)
92: 15 248 282 361 435 (56)
93: 141 172 233 253 265 323 (55)
94: 119 139 222 391 581 (53)
95: 58 303 429 488 502 (56)
96: 49 162 281 364 444 533 534 (56)
97: 204 209 216 237 466 576 (54)
98: 46 68 84 108 236 451 (54)
99: 31 91 150 155 201 286 (56)
100: 7 161 267 300 301 (55)
101: 134 325 454 480 (54)
102: 80 210 278 279 315 360 410 458 (55)
