Name: 800-40-60
Time: 604.589880s
Result: 14
Solution: 28 22 38 22 10 90 86 25 65 123 87 11 2 69 92 42 124 43 97 5 3 55 50 35 4 0 108 3 22 11 22 109 49 67 98 50 25 104 3 66 117 51 100 46 62 108 93 50 99 103 28 109 68 63 71 12 64 84 78 110 0 89 111 37 45 5 19 29 52 29 109 105 113 79 55 99 14 44 90 109 32 110 37 91 52 62 69 47 86 76 91 89 25 106 95 85 72 62 81 26 52 29 44 31 5 86 81 40 48 87 6 42 44 66 115 62 98 116 27 114 5 121 32 67 63 0 110 14 2 90 40 95 37 110 6 94 89 4 11 53 22 105 103 64 119 106 60 56 22 1 9 30 84 70 120 31 39 63 80 117 14 13 96 44 93 83 81 55 34 110 91 71 6 42 74 56 49 113 101 59 75 123 78 11 15 17 17 74 33 77 16 97 107 58 28 34 76 45 79 56 49 120 121 115 64 29 105 28 74 0 92 6 85 59 64 9 25 8 16 71 57 10 72 39 46 77 103 120 50 124 81 85 49 81 97 37 4 89 119 74 35 113 2 99 61 105 85 80 17 120 6 67 87 123 104 22 77 50 20 88 30 36 97 83 91 120 92 102 34 33 123 14 72 99 61 34 15 105 16 54 116 100 69 102 111 35 42 81 2 2 101 77 27 77 34 20 112 115 110 11 55 91 103 88 34 85 87 116 18 73 68 62 47 68 86 38 69 115 48 106 3 103 39 57 88 1 102 124 24 39 7 101 83 51 59 48 55 78 107 106 80 105 14 74 90 108 15 114 0 101 0 14 1 102 50 7 74 56 16 65 43 23 59 83 83 117 31 115 97 88 26 63 64 52 88 81 87 1 121 113 111 70 64 79 112 5 9 57 112 17 72 97 22 88 36 54 30 78 75 71 71 99 79 45 94 60 65 38 36 89 24 21 76 122 56 112 71 90 13 87 44 15 100 61 96 83 23 16 122 5 102 102 76 30 6 41 83 72 92 39 47 104 124 24 77 87 8 49 16 111 29 38 27 80 109 20 107 106 111 84 16 10 53 35 68 41 100 19 95 106 38 111 124 72 113 25 108 26 14 80 110 12 10 70 67 99 75 57 29 114 19 61 51 86 77 20 8 114 77 93 1 68 38 58 106 44 72 121 8 70 121 81 95 19 38 65 29 91 118 116 51 99 111 5 43 107 56 69 103 105 82 48 93 2 102 29 61 99 68 78 117 56 38 114 87 25 11 81 67 59 117 55 13 15 80 78 86 76 59 6 46 96 99 21 87 49 121 37 91 100 75 48 94 80 36 26 49 94 72 13 43 19 97 96 23 22 121 109 45 121 9 12 97 15 96 116 9 40 40 122 23 81 35 106 1 3 89 33 81 43 102 98 9 102 1 115 30 28 84 104 109 123 32 39 53 55 29 20 107 82 14 96 35 54 92 14 55 65 14 93 40 24 65 101 87 90 4 13 29 24 0 31 102 36 93 92 12 21 96 63 76 81 53 16 18 73 85 102 115 94 54 24 66 39 67 94 45 34 111 81 111 89 68 67 83 16 97 80 95 58 43 47 55 94 60 9 22 124 115 18 10 119 8 120 115 3 94 56 20 85 112 18 94 94 62 56 66 73 14 44 43 72 75 74 45 36 124 18 118 112 70 78 90 62 107 82 86 21 84 49 7 118 82 64 81 41 34 3 2 48 51 8 119 33 28 93 21 44 59 40 21 17 31 6 59 41 16 104 61 0 67 118 17 77 94 30 55 81 60 23 14 67 42 112 124 22 77 122 34 122 123 42 69 3 115 14 115 41 10 39
0: 25 60 125 209 348 350 650 769 (54)
1: 149 325 352 377 500 604 614 (45)
2: 12 128 242 288 289 533 748 (42)
3: 20 27 38 320 605 705 747 793 (45)
4: 24 137 236 646 (48)
5: 19 65 104 120 385 429 523 (46)
6: 110 134 172 211 250 434 559 763 (46)
7: 330 355 740 (42)
8: 217 446 496 508 702 751 (42)
9: 150 215 386 590 596 612 695 (45)
10: 4 221 461 482 700 798 (42)
11: 11 29 138 183 299 546 (43)
12: 55 481 591 656 (43)
13: 161 418 552 579 647 (42)
14: 76 127 160 271 342 351 478 630 635 638 718 780 795 (44)
15: 184 276 346 421 553 593 (49)
16: 190 218 278 358 427 448 460 663 685 766 (49)
17: 185 186 248 389 761 772 (45)
18: 308 664 699 711 727 (43)
19: 66 467 490 513 581 (47)
20: 258 295 455 495 627 708 (44)
21: 411 563 657 737 756 760 (43)
22: 1 3 28 30 140 148 255 392 585 696 785 (44)
23: 361 426 584 600 779 (46)
24: 328 410 443 641 649 671 (43)
25: 7 36 92 216 475 545 (46)
26: 99 370 477 575 (44)
27: 118 292 452 (49)
28: 0 50 194 207 617 754 (46)
29: 67 69 101 205 450 488 516 535 626 648 (42)
30: 151 260 396 433 616 775 (49)
31: 103 155 366 651 762 (43)
32: 80 122 622 (44)
33: 188 269 607 753 (42)
34: 168 195 268 275 294 304 677 746 788 (42)
35: 23 240 285 463 602 632 (54)
36: 261 394 408 574 653 725 (42)
37: 63 82 132 235 567 (45)
38: 2 315 407 451 470 502 514 542 (49)
39: 156 223 322 329 439 623 673 799 (42)
40: 107 130 597 598 640 759 (44)
41: 435 465 745 765 797 (44)
42: 15 111 173 286 782 791 (54)
43: 17 360 524 580 609 690 720 (53)
44: 77 102 112 163 420 505 719 757 (44)
45: 64 197 403 588 676 724 (43)
46: 43 224 560 (42)
47: 87 312 440 691 (42)
48: 108 318 335 531 571 749 (56)
49: 32 176 200 232 447 565 576 739 (50)
50: 22 35 47 228 257 354 (46)
51: 41 333 492 520 750 (42)
52: 68 84 100 373 (42)
53: 139 462 624 662 (44)
54: 279 395 633 670 (55)
55: 21 74 167 300 336 551 625 636 692 776 (48)
56: 147 175 199 357 414 526 541 707 715 (42)
57: 220 323 387 487 (45)
58: 193 503 689 (42)
59: 179 213 334 362 549 558 758 764 (42)
60: 146 405 694 778 (50)
61: 244 274 423 491 536 768 (45)
62: 44 85 97 115 311 714 733 (53)
63: 53 124 157 371 659 (45)
64: 56 143 204 214 372 382 743 (50)
65: 8 359 406 515 637 642 (42)
66: 39 113 672 716 (50)
67: 33 123 251 484 548 674 683 770 781 (49)
68: 52 310 313 464 501 538 682 (53)
69: 13 86 282 316 527 792 (50)
70: 153 381 483 509 730 (44)
71: 54 171 219 399 400 416 (56)
72: 96 222 272 390 437 473 506 578 721 (45)
73: 309 665 717 (56)
74: 174 187 208 239 343 356 723 (51)
75: 180 398 486 570 722 (46)
76: 89 196 412 432 557 660 (50)
77: 189 225 256 291 293 444 494 498 773 786 (51)
78: 58 182 337 397 539 555 731 (44)
79: 73 198 383 402 (55)
80: 158 247 340 453 479 554 573 687 (53)
81: 98 106 166 230 233 287 375 511 547 601 608 661 679 744 777 (54)
82: 530 629 735 742 (52)
83: 165 263 332 363 364 425 436 684 (56)
84: 57 152 459 618 738 (51)
85: 95 212 231 246 305 666 709 (51)
86: 6 88 105 314 493 556 736 (56)
87: 10 109 252 306 376 419 445 544 564 644 (54)
88: 259 303 324 369 374 393 (52)
89: 61 91 136 237 409 606 681 (56)
90: 5 78 129 344 417 645 732 (52)
91: 83 90 170 264 301 517 568 (56)
92: 14 210 266 438 634 655 (55)
93: 46 164 499 532 639 654 755 (53)
94: 135 404 572 577 669 675 693 706 712 713 774 (56)
95: 94 131 468 512 688 (51)
96: 162 424 561 583 594 631 658 (56)
97: 18 191 234 262 368 391 582 592 686 (55)
98: 34 116 611 (46)
99: 48 75 243 273 401 485 521 537 562 (44)
100: 42 281 422 466 569 (54)
101: 178 290 331 349 643 (56)
102: 267 283 326 353 430 431 534 610 613 652 667 (56)
103: 49 142 226 302 321 528 (53)
104: 37 254 441 619 767 (50)
105: 71 141 206 245 277 341 529 (56)
106: 93 145 319 339 457 469 504 603 (53)
107: 192 338 456 525 628 734 (54)
108: 26 45 345 476 (56)
109: 31 51 70 79 454 587 620 (56)
110: 59 81 126 133 169 298 480 (56)
111: 62 284 380 449 458 471 522 678 680 (50)
112: 296 384 388 415 710 729 783 (56)
113: 72 177 241 379 474 (44)
114: 119 347 489 497 543 (54)
115: 114 203 297 317 367 615 668 698 704 794 796 (53)
116: 117 280 307 519 595 (53)
117: 40 159 365 540 550 (55)
118: 518 728 741 771 (53)
119: 144 238 701 752 (56)
120: 154 201 227 249 265 703 (52)
121: 121 202 378 507 510 566 586 589 (56)
122: 413 428 599 787 789 (56)
123: 9 181 253 270 621 790 (51)
124: 16 229 327 442 472 697 726 784 (45)
