Name: 800-20-30
Time: 606.053316s
Result: 8
Solution: 47 105 99 95 44 152 119 108 93 53 33 54 44 55 64 117 38 68 131 54 46 103 152 79 80 70 153 64 60 144 0 89 93 93 64 159 127 75 62 82 21 103 131 85 131 13 53 155 29 14 135 149 110 28 33 135 57 113 96 104 83 78 42 100 12 99 89 156 38 17 32 105 157 76 141 128 34 99 104 56 131 50 59 62 89 120 54 139 19 29 60 57 73 155 96 95 73 23 72 151 45 88 69 129 51 124 119 148 91 74 0 33 137 58 52 142 79 147 29 72 43 0 66 28 18 0 82 157 127 144 108 121 93 134 1 31 144 22 116 151 2 122 34 10 92 60 75 137 117 84 142 12 142 112 9 86 48 59 117 108 94 105 39 121 149 20 45 113 152 64 98 128 105 73 42 43 109 47 77 150 38 41 16 104 62 150 41 107 8 35 58 37 83 51 56 127 49 73 102 135 115 149 115 18 24 23 86 135 61 142 26 111 130 31 127 127 115 131 136 140 50 13 74 131 158 6 71 71 154 25 152 27 149 66 38 132 12 112 137 134 118 111 4 10 147 159 43 23 22 45 53 78 86 144 127 13 49 108 116 73 132 58 149 87 27 139 104 28 4 122 145 68 79 2 133 32 58 98 43 140 84 104 82 139 39 5 49 11 111 81 128 121 51 121 24 61 16 2 68 59 114 10 18 104 34 65 87 38 82 81 117 81 125 102 103 70 95 124 147 146 60 123 113 5 155 77 38 18 77 27 73 54 54 119 30 3 137 7 63 33 153 22 49 10 142 81 45 116 139 36 142 15 151 116 13 47 20 38 131 85 82 1 89 1 98 118 59 125 130 152 1 126 127 65 78 14 124 123 67 117 66 146 29 156 53 159 127 17 156 4 8 38 35 127 3 126 3 39 50 7 31 20 71 83 113 77 45 22 90 34 80 129 15 100 54 25 9 77 143 31 106 33 9 106 54 7 70 79 79 117 74 132 42 5 2 82 24 122 99 154 133 133 100 92 75 9 120 13 51 89 96 143 7 94 60 134 132 149 20 146 15 154 143 119 81 3 113 110 151 104 59 104 71 74 37 148 60 40 101 15 20 64 113 77 110 94 70 18 156 158 90 26 85 38 83 55 57 12 56 156 26 86 120 108 153 76 101 32 10 65 68 75 77 71 129 2 66 26 19 34 20 40 118 72 30 13 19 8 95 48 95 87 45 69 99 5 20 138 117 66 7 92 96 56 17 23 149 67 68 11 80 115 141 136 16 59 99 97 21 6 115 89 146 91 98 2 93 126 138 22 125 3 10 52 101 31 83 79 140 121 100 10 151 95 25 4 120 11 75 130 105 61 109 58 22 54 42 78 88 41 139 46 34 41 109 100 13 102 90 93 129 157 107 64 134 84 112 32 155 129 71 44 37 76 145 89 128 137 115 97 81 107 43 15 147 106 122 88 28 36 71 62 105 47 48 19 119 114 85 122 77 73 132 138 37 130 23 19 92 11 123 154 101 61 68 133 63 2 48 4 21 62 33 156 108 35 149 2 29 159 150 134 22 153 50 157 26 44 6 87 99 39 25 155 40 1 97 114 59 76 153 46 136 10 103 84 110 30 90 34 33 142 107 18 101 11 46 55 150 88 148 36 97 149 97 2 159 12 127 32 89 11 138 152 118 110 46 40 130 13 27 132 51 29 18 53 125 72 80 25 141 104 86 151 63 86 127 41 13 58 131 153 79 90 15 67 69 43 6 7 58 116 52 88 35 48 93 62 8 137 136 24 116 114 122 14 54 141 158 17 98 137 99 52 144 43 100 111 25 10
0: 30 110 121 125 (22)
1: 134 361 363 370 695 (21)
2: 140 273 297 434 515 565 667 677 725 (21)
3: 335 394 396 465 571 (23)
4: 242 268 389 585 669 (23)
5: 285 323 433 535 (21)
6: 225 559 688 768 (23)
7: 337 399 425 452 540 769 (21)
8: 188 390 527 778 (22)
9: 154 416 422 445 (21)
10: 143 243 301 343 508 572 581 703 799 (21)
11: 287 549 587 659 715 731 (21)
12: 64 151 236 497 727 (21)
13: 45 221 255 354 447 525 606 739 758 (22)
14: 49 375 785 (25)
15: 351 412 460 479 633 764 (22)
16: 182 296 554 (24)
17: 69 387 544 789 (21)
18: 124 203 302 327 487 713 744 (21)
19: 88 518 526 645 657 (22)
20: 165 356 401 458 480 520 536 (21)
21: 40 558 670 (26)
22: 137 248 341 407 569 594 682 (21)
23: 97 205 247 545 656 (21)
24: 204 294 436 781 (21)
25: 229 415 584 692 749 798 (22)
26: 210 491 500 517 686 (22)
27: 231 264 329 740 (22)
28: 53 123 267 638 (21)
29: 48 89 118 382 678 743 (23)
30: 334 524 707 (22)
31: 135 213 400 419 575 (21)
32: 70 275 507 617 729 (22)
33: 10 54 111 339 421 672 710 (22)
34: 76 142 304 409 519 602 709 (21)
35: 189 392 675 774 (22)
36: 349 639 721 (25)
37: 191 474 622 654 (21)
38: 16 68 180 234 307 326 357 391 493 (21)
39: 162 284 397 691 (21)
40: 477 521 694 737 (21)
41: 181 186 599 603 757 (21)
42: 62 174 432 596 (23)
43: 120 175 246 278 632 767 795 (22)
44: 4 12 621 687 (23)
45: 100 166 249 346 406 532 (22)
46: 20 601 701 716 736 (22)
47: 0 177 355 643 (23)
48: 156 529 644 668 775 (22)
49: 196 256 286 342 (23)
50: 81 220 398 684 (25)
51: 104 193 292 448 742 (21)
52: 114 573 772 793 (21)
53: 9 46 250 384 745 (24)
54: 11 19 86 331 332 414 424 595 786 (21)
55: 13 495 717 (21)
56: 79 194 498 543 (23)
57: 56 91 496 (24)
58: 113 190 261 276 593 759 770 (21)
59: 82 157 299 366 470 555 698 (24)
60: 28 90 145 320 454 476 (26)
61: 208 295 591 663 (25)
62: 38 83 184 641 671 777 (21)
63: 338 666 754 (23)
64: 14 27 34 169 481 613 (23)
65: 305 373 509 (29)
66: 122 233 380 516 539 (28)
67: 378 547 765 (23)
68: 17 271 298 510 548 664 (21)
69: 102 533 766 (27)
70: 25 315 426 486 (21)
71: 226 227 402 472 513 620 640 (21)
72: 98 119 523 747 (21)
73: 92 96 173 197 259 330 651 (23)
74: 109 222 430 473 (29)
75: 37 146 444 511 588 (28)
76: 73 505 623 699 (25)
77: 178 325 328 405 417 483 512 650 (23)
78: 61 251 374 597 (28)
79: 23 116 272 427 428 577 762 (27)
80: 24 410 550 748 (29)
81: 289 309 311 345 464 630 (29)
82: 39 126 282 308 360 435 (28)
83: 60 192 403 494 576 (25)
84: 149 280 615 705 (23)
85: 43 359 492 648 (22)
86: 155 206 252 501 752 755 (27)
87: 263 306 531 689 (28)
88: 101 598 637 719 773 (28)
89: 31 66 84 362 449 561 625 730 (27)
90: 408 490 608 708 763 (28)
91: 108 563 (27)
92: 144 443 541 658 (27)
93: 8 32 33 132 566 609 776 (23)
94: 160 453 485 (21)
95: 3 95 316 528 530 583 (28)
96: 58 94 450 542 (24)
97: 557 629 696 722 724 (29)
98: 170 277 364 564 790 (24)
99: 2 65 77 438 534 556 690 792 (28)
100: 63 413 442 580 605 796 (27)
101: 478 506 574 662 714 (26)
102: 198 313 607 (27)
103: 21 41 314 704 (29)
104: 59 78 183 266 281 303 469 471 751 (27)
105: 1 71 161 172 590 642 (29)
106: 420 423 635 (29)
107: 187 612 631 712 (27)
108: 7 130 159 257 503 674 (29)
109: 176 592 604 (27)
110: 52 467 484 706 735 (29)
111: 211 241 288 797 (29)
112: 153 237 616 (29)
113: 57 167 322 404 466 482 (29)
114: 300 647 697 783 (28)
115: 200 202 216 551 560 628 (28)
116: 138 258 347 353 771 782 (27)
117: 15 148 158 310 379 429 538 (29)
118: 240 365 522 734 (29)
119: 6 106 333 463 646 (28)
120: 85 446 502 586 (21)
121: 131 163 291 293 579 (29)
122: 141 269 437 636 649 784 (29)
123: 321 377 660 (28)
124: 105 317 376 (29)
125: 312 367 570 746 (29)
126: 371 395 567 (29)
127: 36 128 195 214 215 254 372 386 393 728 756 (29)
128: 75 171 290 626 (28)
129: 103 411 514 610 619 (28)
130: 212 368 589 655 738 (29)
131: 18 42 44 80 217 223 358 760 (25)
132: 235 260 431 456 652 741 (27)
133: 274 440 441 665 (29)
134: 133 239 455 614 681 (29)
135: 50 55 199 207 (28)
136: 218 553 702 780 (28)
137: 112 147 238 336 627 779 791 (28)
138: 537 568 653 732 (29)
139: 87 265 283 348 600 (27)
140: 219 279 578 (23)
141: 74 552 750 787 (27)
142: 115 150 152 209 344 350 711 (28)
143: 418 451 462 (28)
144: 29 129 136 253 794 (29)
145: 270 624 (29)
146: 319 381 459 562 (28)
147: 117 244 318 634 (29)
148: 107 475 720 (28)
149: 51 164 201 232 262 457 546 676 723 (29)
150: 179 185 680 718 (28)
151: 99 139 352 468 582 753 (29)
152: 5 22 168 230 369 733 (28)
153: 26 340 504 683 700 761 (29)
154: 228 439 461 661 (27)
155: 47 93 324 618 693 (29)
156: 67 383 388 488 499 673 (29)
157: 72 127 611 685 (26)
158: 224 489 788 (27)
159: 35 245 385 679 726 (26)
