Name: 800-30-45
Time: 607.343683s
Result: 15
Solution: 106 94 129 173 172 137 75 154 180 178 140 125 69 190 179 158 100 67 96 59 141 54 95 73 39 156 54 86 63 91 124 184 114 126 31 165 135 84 66 185 27 112 189 41 129 112 116 66 6 71 172 9 185 97 180 91 167 107 75 108 34 31 131 110 40 129 23 87 31 71 0 133 8 36 94 107 37 141 85 172 156 133 139 52 32 24 98 141 55 160 70 9 28 164 0 48 33 86 150 149 30 99 140 44 4 18 148 97 40 75 102 57 157 47 137 186 82 98 185 67 10 48 2 175 53 170 185 38 45 121 46 110 110 85 26 43 167 107 42 26 114 74 15 77 173 134 183 145 186 27 122 20 8 104 119 178 39 64 32 109 186 116 162 17 94 126 177 46 167 2 40 174 97 20 58 175 9 6 159 105 130 135 176 145 3 67 133 124 98 189 116 117 77 18 136 137 84 84 167 23 105 69 118 125 161 133 41 133 82 191 130 136 177 13 165 168 177 123 22 25 70 111 119 191 178 39 180 122 61 19 60 165 185 78 169 94 165 5 132 59 179 41 73 58 117 154 179 100 96 2 167 114 65 65 186 27 89 101 165 63 122 151 38 7 51 135 39 128 123 132 38 136 138 115 144 103 181 15 109 49 80 80 16 184 150 11 114 83 159 180 60 182 85 4 17 9 69 66 181 65 45 175 11 152 93 187 121 64 56 68 167 51 62 163 112 75 158 101 130 77 143 26 183 39 19 148 75 100 154 153 92 57 145 147 23 145 101 185 152 86 20 5 2 37 127 45 90 23 44 162 163 183 181 182 79 168 133 188 190 62 136 66 88 95 1 130 3 185 117 79 92 24 80 121 72 5 111 17 108 184 60 84 142 28 91 73 125 11 53 7 88 32 100 21 22 167 12 6 84 130 143 115 10 81 2 140 30 36 190 45 187 139 125 31 18 142 101 168 43 87 44 99 82 125 5 181 40 62 0 180 50 186 49 92 163 22 174 145 159 33 22 127 107 60 49 44 172 170 97 19 157 100 116 68 69 128 101 167 78 14 89 149 5 16 56 14 160 125 38 54 109 106 149 25 26 145 149 78 137 179 155 104 64 147 22 126 59 33 177 35 120 128 50 46 102 22 121 191 88 62 185 20 172 178 96 33 12 164 16 131 188 74 90 73 60 124 64 75 93 158 156 175 59 163 178 143 171 111 148 80 172 176 33 40 121 91 35 138 190 42 10 99 151 46 6 108 77 169 9 30 113 156 13 154 153 129 162 151 183 53 134 25 83 89 62 181 165 140 23 38 161 46 63 55 108 150 104 107 138 179 113 122 155 165 186 126 160 177 160 21 190 166 169 17 117 95 111 94 80 167 55 171 152 128 32 86 161 87 12 172 11 155 158 37 176 48 4 55 28 15 172 71 9 148 83 153 98 138 170 69 24 47 138 54 46 76 3 119 87 157 66 1 138 112 91 12 79 4 58 1 171 142 29 184 106 142 11 76 31 66 167 144 120 132 179 96 83 121 127 112 181 106 43 188 76 170 58 155 172 91 142 71 15 150 126 62 166 8 74 4 36 27 91 89 136 96 173 80 162 11 105 97 52 61 146 187 34 139 90 171 147 22 144 127 110 14 56 145 176 57 93 37 137 88 63 51 129 182 190 182 26 171 74 51 123 175 98 16 155 166 21 167 146 13 50 160 152 110 167 53 177 13 84 72 121 57 61 51 112 170 164 28 103 29 73 190 162 53 129 14 18 149 131 9 41 148 127 25 48 170 164 34 82 70 118 68 65 94 7 46 4 146 189 191 188 113 0 45 99 107
0: 70 94 428 796 (32)
1: 364 641 649 (30)
2: 122 169 249 342 404 (30)
3: 184 366 636 (32)
4: 104 293 616 647 689 790 (34)
5: 237 341 375 424 462 (34)
6: 48 177 397 544 (33)
7: 263 389 788 (33)
8: 72 152 687 (33)
9: 51 91 176 295 548 622 773 (30)
10: 120 402 540 (33)
11: 285 302 387 610 656 699 (31)
12: 396 506 608 645 (31)
13: 213 552 743 751 (40)
14: 459 465 715 769 (34)
15: 142 277 619 682 (31)
16: 282 463 508 737 (30)
17: 163 294 377 593 (33)
18: 105 193 414 770 (34)
19: 229 324 449 (30)
20: 151 173 340 501 (32)
21: 393 589 740 (32)
22: 218 394 435 440 484 495 711 (31)
23: 66 199 334 347 568 (34)
24: 85 371 630 (31)
25: 219 473 561 777 (33)
26: 134 139 321 474 730 (31)
27: 40 149 255 691 (30)
28: 92 383 618 761 (31)
29: 652 763 (30)
30: 100 406 549 (33)
31: 34 61 68 413 658 (30)
32: 84 158 391 604 (40)
33: 96 439 487 505 532 (30)
34: 60 706 781 (30)
35: 489 536 (37)
36: 73 407 690 (32)
37: 76 343 613 721 (31)
38: 127 262 270 468 569 (32)
39: 24 156 225 266 323 (31)
40: 64 108 170 426 533 (30)
41: 43 206 241 774 (32)
42: 138 539 (32)
43: 135 418 672 (31)
44: 103 348 420 445 (31)
45: 128 300 345 409 797 (31)
46: 130 167 493 543 571 634 789 (33)
47: 113 631 (32)
48: 95 121 615 778 (31)
49: 279 432 444 (33)
50: 430 492 744 (30)
51: 264 311 725 733 757 (30)
52: 83 702 (31)
53: 124 388 559 749 767 (30)
54: 21 26 469 633 (32)
55: 88 573 600 617 (31)
56: 308 464 716 (33)
57: 111 331 719 755 (30)
58: 174 243 648 676 (30)
59: 19 239 486 522 (38)
60: 230 290 380 443 514 (42)
61: 228 703 756 (30)
62: 312 359 427 499 564 685 (30)
63: 28 259 572 724 (39)
64: 157 307 482 516 (35)
65: 252 253 299 786 (40)
66: 38 47 297 361 640 659 (43)
67: 17 119 185 (37)
68: 309 453 785 (32)
69: 12 201 296 454 629 (34)
70: 90 220 783 (45)
71: 49 69 621 681 (30)
72: 374 753 (36)
73: 23 242 385 513 764 (43)
74: 141 511 688 732 (34)
75: 6 58 109 315 326 517 (30)
76: 635 657 674 (30)
77: 143 192 319 546 (30)
78: 233 458 477 (37)
79: 354 369 646 (36)
80: 280 281 372 529 598 697 (39)
81: 403 (30)
82: 116 208 422 782 (43)
83: 287 562 624 666 (36)
84: 37 196 197 381 398 752 (37)
85: 78 133 292 (42)
86: 27 97 339 605 (31)
87: 67 419 607 638 (30)
88: 362 390 498 723 (38)
89: 256 460 563 693 (43)
90: 346 512 708 (43)
91: 29 55 384 535 644 679 692 (32)
92: 330 370 433 (35)
93: 304 518 720 (32)
94: 1 74 164 235 597 787 (41)
95: 22 363 595 (45)
96: 18 248 504 665 695 (43)
97: 53 107 172 448 701 (44)
98: 86 117 188 626 736 (33)
99: 101 421 541 798 (31)
100: 16 247 327 392 451 (42)
101: 257 317 336 416 456 (38)
102: 110 494 (35)
103: 275 762 (38)
104: 153 481 576 (39)
105: 179 200 700 (41)
106: 0 471 654 671 (31)
107: 57 75 137 442 577 799 (30)
108: 59 378 545 574 (30)
109: 159 278 470 (36)
110: 63 131 132 714 747 (43)
111: 221 376 527 596 (38)
112: 41 45 314 643 669 758 (33)
113: 550 580 795 (44)
114: 32 140 251 286 (43)
115: 273 401 (37)
116: 46 161 190 452 (45)
117: 191 244 368 594 (44)
118: 202 784 (43)
119: 154 222 637 (35)
120: 490 662 (42)
121: 129 306 373 496 534 667 754 (38)
122: 150 227 260 581 (37)
123: 217 268 734 (42)
124: 30 187 515 (37)
125: 11 203 386 412 423 467 (44)
126: 33 165 485 585 684 (40)
127: 344 441 668 713 776 (45)
128: 267 455 491 603 (42)
129: 2 44 65 555 726 768 (37)
130: 180 210 318 365 399 (44)
131: 62 509 772 (44)
132: 238 269 663 (43)
133: 71 81 186 205 207 356 (44)
134: 145 560 (41)
135: 36 181 265 (40)
136: 194 211 271 360 694 (43)
137: 5 114 195 478 722 (44)
138: 272 537 578 627 632 642 (45)
139: 82 411 707 (42)
140: 10 102 405 567 (45)
141: 20 77 87 (43)
142: 382 415 651 655 680 (43)
143: 320 400 525 (43)
144: 274 661 712 (45)
145: 147 183 332 335 437 475 717 (39)
146: 704 742 791 (43)
147: 333 483 710 (42)
148: 106 325 528 623 775 (43)
149: 99 461 472 476 771 (43)
150: 98 284 575 683 (45)
151: 261 542 557 (40)
152: 303 338 602 746 (45)
153: 329 554 625 (45)
154: 7 245 328 553 (45)
155: 480 582 611 677 738 (44)
156: 25 80 520 551 (42)
157: 112 450 639 (45)
158: 15 316 519 612 (43)
159: 178 288 438 (44)
160: 89 466 586 588 745 (45)
161: 204 570 606 (45)
162: 162 349 556 698 766 (45)
163: 313 350 434 523 (45)
164: 93 507 760 780 (44)
165: 35 214 231 236 258 566 583 (43)
166: 591 686 739 (42)
167: 56 136 168 198 250 310 395 457 599 660 741 748 (45)
168: 215 355 417 (39)
169: 234 547 592 (44)
170: 125 447 628 675 759 779 (45)
171: 526 601 650 709 731 (44)
172: 4 50 79 446 502 530 609 620 678 (42)
173: 3 144 696 (43)
174: 171 436 (44)
175: 123 175 301 521 735 (45)
176: 182 531 614 718 (45)
177: 166 212 216 488 587 750 (44)
178: 9 155 224 503 524 (44)
179: 14 240 246 479 579 664 (45)
180: 8 54 226 289 429 (44)
181: 276 298 352 425 565 670 (43)
182: 291 353 727 729 (45)
183: 146 322 351 558 (43)
184: 31 283 379 653 (45)
185: 39 52 118 126 232 337 367 500 (41)
186: 115 148 160 254 431 584 (45)
187: 305 410 705 (44)
188: 357 510 673 794 (45)
189: 42 189 792 (43)
190: 13 358 408 538 590 728 765 (37)
191: 209 223 497 793 (45)
