Name: 800-50-80
Time: 606.899896s
Result: 30
Solution: 45 183 60 113 108 15 135 39 45 10 175 165 36 10 131 53 160 128 38 112 144 107 16 169 92 84 9 99 157 155 177 78 23 99 62 46 163 51 109 128 74 164 130 3 135 149 10 32 102 69 118 96 74 54 23 164 50 108 14 94 125 49 167 164 151 52 8 128 22 114 37 123 161 66 165 136 168 15 9 132 33 103 48 149 87 159 96 55 34 111 175 18 97 140 72 113 8 111 152 142 119 70 83 38 96 181 117 78 97 170 161 87 66 12 172 6 81 9 61 135 127 58 170 145 171 156 51 31 8 127 0 170 143 78 179 161 103 142 26 12 134 37 183 131 172 85 86 102 75 162 44 132 179 9 145 147 115 110 30 177 126 0 48 110 21 48 68 42 32 169 17 133 82 58 53 177 178 78 9 174 122 148 85 77 2 78 59 112 111 119 35 72 163 114 92 126 2 100 59 145 136 114 64 154 149 134 80 94 133 94 12 5 154 17 114 23 127 64 174 40 113 104 152 92 59 38 166 124 129 55 81 42 140 56 46 24 38 134 39 169 142 102 144 127 66 38 46 16 23 157 1 162 26 58 19 70 137 94 156 53 6 184 98 151 44 168 118 130 4 28 147 34 134 27 165 50 88 117 145 25 156 152 57 146 113 114 76 155 103 179 118 51 137 140 127 134 7 177 173 23 49 132 16 65 155 86 49 141 52 36 85 116 71 41 117 29 157 60 180 86 104 141 180 3 136 139 52 119 121 108 122 165 24 17 174 81 22 175 33 29 11 96 72 111 30 91 44 163 90 12 119 125 141 111 25 25 171 64 94 97 54 148 28 148 149 131 92 138 66 42 55 73 180 64 21 149 14 143 10 139 88 105 176 156 142 68 19 12 21 44 105 122 63 11 104 2 159 153 39 100 20 79 101 170 90 155 172 68 78 167 176 161 170 107 80 155 2 93 181 145 171 26 93 89 37 82 76 14 0 178 80 22 155 154 63 73 131 162 158 157 20 125 139 41 14 100 66 91 105 67 172 136 182 32 177 130 19 154 137 15 144 112 125 114 161 24 57 92 14 61 124 80 58 103 34 65 160 69 31 120 70 125 43 170 111 178 133 28 30 136 27 159 58 182 178 35 157 172 87 102 23 180 69 116 87 176 85 183 101 40 80 136 169 53 62 151 130 63 146 63 166 85 5 3 84 123 162 47 138 50 149 100 99 83 37 18 13 77 155 153 110 36 64 153 70 123 84 156 11 61 9 145 61 173 184 181 60 157 23 75 110 84 45 184 125 136 149 102 166 2 126 92 159 102 33 17 128 60 144 174 121 61 72 20 127 19 39 183 39 121 170 150 26 5 137 27 139 27 21 107 105 39 146 139 91 144 155 153 138 41 73 105 98 0 119 9 176 61 107 150 98 78 77 50 164 1 175 41 62 19 180 53 109 106 131 176 0 157 60 78 36 1 80 111 95 61 147 89 49 174 132 13 54 95 16 112 115 46 4 74 140 121 106 77 16 182 112 141 165 152 167 142 166 46 73 116 83 164 34 132 46 144 45 125 47 141 9 23 122 124 10 4 136 67 103 150 78 179 26 147 139 124 145 102 184 89 58 126 13 41 92 90 148 51 42 85 55 144 109 43 128 27 84 110 145 130 115 163 8 168 182 149 79 138 120 100 6 94 132 17 91 184 76 71 7 76 56 166 47 147 29 74 180 178 146 175 86 181 49 72 108 63 176 162 10 173 112 38 181 43 87 169 162 30 171 28 145 88 158 103 142 111 13 94 133 181 121 73 181 87 7 35 179 5 117 1 129 154 154 69
0: 130 161 428 613 636 (57)
1: 250 625 641 795 (50)
2: 184 196 395 416 569 (55)
3: 43 323 523 (50)
4: 268 658 691 (52)
5: 211 522 593 793 (50)
6: 115 260 736 (50)
7: 296 744 790 (57)
8: 66 96 128 728 (57)
9: 26 78 117 153 178 550 615 686 (52)
10: 9 13 46 378 690 764 (50)
11: 340 393 548 (60)
12: 113 139 210 349 387 (77)
13: 536 651 708 782 (55)
14: 58 376 427 444 468 (52)
15: 5 77 459 (56)
16: 22 247 302 654 664 (56)
17: 170 213 333 575 739 (62)
18: 91 535 (51)
19: 254 386 456 585 629 (55)
20: 400 440 583 (50)
21: 164 374 388 598 (57)
22: 68 336 431 (55)
23: 32 54 215 248 299 500 558 687 (58)
24: 235 332 465 (57)
25: 279 354 355 (56)
26: 138 252 421 592 698 (52)
27: 273 490 595 597 721 (54)
28: 269 362 487 775 (58)
29: 315 339 750 (51)
30: 158 344 488 773 (62)
31: 127 478 (54)
32: 47 168 453 (58)
33: 80 338 574 (52)
34: 88 271 474 678 (50)
35: 190 495 791 (76)
36: 12 309 541 640 (56)
37: 70 141 424 534 (50)
38: 18 103 225 236 245 767 (50)
39: 7 238 398 586 588 601 (52)
40: 219 509 (58)
41: 313 443 609 627 709 (52)
42: 167 231 369 714 (57)
43: 482 719 769 (62)
44: 150 264 346 389 (59)
45: 0 8 562 682 (50)
46: 35 234 246 657 673 680 (51)
47: 527 684 748 (73)
48: 82 162 165 (51)
49: 61 300 306 648 758 (50)
50: 56 275 529 623 (61)
51: 37 126 291 713 (55)
52: 65 308 326 (58)
53: 15 174 259 513 631 (50)
54: 53 360 652 (63)
55: 87 229 370 716 (54)
56: 233 746 (56)
57: 282 466 (52)
58: 121 173 253 472 492 706 (63)
59: 186 198 224 (67)
60: 2 317 556 577 638 (51)
61: 118 469 549 552 581 617 645 (50)
62: 34 514 628 (75)
63: 392 434 517 519 761 (58)
64: 202 217 357 373 542 (51)
65: 303 475 (66)
66: 73 112 244 368 446 (74)
67: 449 693 (63)
68: 166 385 407 (51)
69: 49 477 502 799 (67)
70: 101 255 480 544 (53)
71: 312 743 (50)
72: 94 191 342 582 759 (50)
73: 371 435 610 674 787 (75)
74: 40 52 659 751 (58)
75: 148 559 (60)
76: 286 426 742 745 (74)
77: 183 537 622 663 (56)
78: 31 107 133 177 185 408 621 639 696 (62)
79: 401 732 (77)
80: 206 414 430 471 510 642 (80)
81: 116 230 335 (71)
82: 172 425 (54)
83: 102 533 676 (77)
84: 25 524 546 561 722 (58)
85: 145 182 310 506 521 715 (54)
86: 146 305 319 756 (59)
87: 84 111 498 504 770 789 (53)
88: 276 380 777 (52)
89: 423 647 705 (69)
90: 348 404 711 (76)
91: 345 447 604 740 (53)
92: 24 194 223 366 467 571 710 (79)
93: 417 422 (69)
94: 59 207 209 257 358 737 783 (64)
95: 644 653 (74)
96: 51 86 104 341 (67)
97: 92 108 359 (66)
98: 262 612 620 (57)
99: 27 33 532 (57)
100: 197 399 445 531 735 (77)
101: 402 508 (69)
102: 48 147 241 499 567 573 703 (75)
103: 81 136 288 473 694 779 (70)
104: 221 320 394 (59)
105: 381 390 448 600 611 (76)
106: 633 662 (60)
107: 21 413 599 618 (73)
108: 4 57 329 760 (80)
109: 38 632 718 (77)
110: 157 163 540 560 723 (77)
111: 89 97 188 343 353 484 643 781 (80)
112: 19 187 461 655 666 766 (75)
113: 3 95 220 284 (73)
114: 69 193 201 214 285 463 (65)
115: 156 656 726 (79)
116: 311 503 675 (75)
117: 106 277 314 794 (78)
118: 50 266 290 (73)
119: 100 189 327 350 614 (71)
120: 479 734 (51)
121: 328 580 589 661 786 (78)
122: 180 330 391 688 (80)
123: 71 525 545 (76)
124: 227 470 689 701 (66)
125: 60 351 441 462 481 564 683 (78)
126: 160 195 570 707 (71)
127: 120 129 216 243 294 584 (76)
128: 17 39 67 576 720 (70)
129: 228 796 (70)
130: 42 267 455 516 725 (78)
131: 14 143 365 436 634 (61)
132: 79 151 301 650 679 738 (70)
133: 171 208 486 784 (78)
134: 140 205 237 272 295 (80)
135: 6 44 119 (73)
136: 75 200 324 451 489 511 565 692 (80)
137: 256 292 458 594 (75)
138: 367 528 608 733 (79)
139: 325 379 442 596 603 700 (78)
140: 93 232 293 660 (72)
141: 307 321 352 667 685 (77)
142: 99 137 240 384 671 780 (78)
143: 132 377 (76)
144: 20 242 460 578 605 681 717 (80)
145: 123 154 199 278 419 551 702 724 776 (79)
146: 283 518 602 754 (67)
147: 155 270 646 699 749 (70)
148: 181 361 363 712 (68)
149: 45 83 204 364 375 530 566 731 (78)
150: 591 619 695 (79)
151: 64 263 515 (77)
152: 98 222 281 669 (79)
153: 397 539 543 607 (77)
154: 203 212 433 457 797 798 (78)
155: 29 287 304 405 415 432 538 606 (79)
156: 125 258 280 383 547 (60)
157: 28 249 316 439 496 557 637 (76)
158: 438 778 (65)
159: 85 396 491 572 (72)
160: 16 476 (78)
161: 72 110 135 411 464 (53)
162: 149 251 437 526 763 772 (80)
163: 36 192 347 727 (80)
164: 41 55 63 624 677 (70)
165: 11 74 274 331 668 (79)
166: 226 520 568 672 747 (72)
167: 62 409 670 (63)
168: 76 265 729 (76)
169: 23 169 239 512 771 (76)
170: 109 122 131 403 412 483 590 (69)
171: 124 356 420 774 (70)
172: 114 144 406 450 497 (76)
173: 298 553 765 (75)
174: 179 218 334 579 649 (80)
175: 10 90 337 626 755 (75)
176: 382 410 505 616 635 762 (77)
177: 30 159 175 297 454 (60)
178: 176 429 485 494 753 (78)
179: 134 152 289 697 792 (78)
180: 318 322 372 501 630 752 (79)
181: 105 418 555 757 768 785 788 (80)
182: 452 493 665 730 (68)
183: 1 142 507 587 (76)
184: 261 554 563 704 741 (80)
