70 1902
0 2 37.53674955736339
0 4 59.868874368449966
0 5 45.12043220147126
0 6 45.67427823247884
0 7 55.44643272372781
0 9 48.69324831249902
0 12 64.14015964978638
0 13 19.82800063262126
0 14 51.68917075295358
0 15 21.699472038937763
0 16 67.55987597495955
0 17 17.828753264604824
0 18 41.50677596837419
0 19 67.3235011809027
0 21 58.96103840416497
0 28 11.22745920114498
0 29 63.763548839520226
0 31 39.00504584592404
0 34 9.05116017301045
0 35 45.16475023479745
0 36 87.0535704901824
0 38 91.06089091588433
0 39 96.94133301637439
0 40 27.516275794076357
0 41 92.80387694355518
0 42 94.58291282439221
0 43 68.61270043933166
0 45 99.26522262068666
0 46 83.12482764344838
0 47 20.269791906367193
0 51 98.19245227323887
0 52 18.68762101187911
0 54 13.877623403487343
0 55 51.51127124549203
0 57 13.545038591517487
0 59 52.41180608185778
0 61 7.411609951004408
0 62 57.48815816760639
0 64 27.877925679555805
0 66 96.3006909829561
0 67 52.87012600238416
1 2 54.64047078949738
1 5 55.28224298584329
1 6 15.868629587802134
1 7 14.8420143765168
1 8 76.6003009773875
1 10 43.23978276786971
1 11 55.078725259076855
1 12 54.796285728958075
1 14 63.48047796658696
1 16 3.465828037583725
1 17 31.554656289037084
1 18 99.43882004705978
1 19 81.3430410592631
1 20 25.668529191770983
1 22 91.84809693034069
1 23 91.66159750984816
1 26 12.799736476912441
1 29 92.68821369527555
1 31 88.52688276203857
1 32 89.5528832105706
1 33 79.51948774682467
1 34 65.95320418996022
1 35 83.75409826637271
1 36 24.0260455212913
1 37 74.10112095135108
1 39 50.69447008013767
1 40 67.51314074186722
1 42 53.93223854641868
1 46 30.175212747749985
1 47 72.61192980329906
1 48 61.36641667034452
1 49 54.71660711955208
1 52 69.99795302628232
1 53 84.95711196473205
1 55 51.676755373678766
1 56 63.30028537742836
1 58 56.34413380304704
1 59 71.02488610795848
1 60 100.03833983015075
1 61 33.71541122159323
1 62 38.196032593146576
1 63 21.320452658059732
1 65 9.253685485814575
1 66 59.66921366979207
1 68 89.17364111491405
1 69 82.6813445160574
2 5 11.347455073024385
2 7 24.039663791471472
2 8 90.15552932992
2 9 64.92548839406439
2 11 21.195729465224495
2 13 11.970463445090862
2 14 95.73456031518359
2 15 62.29920683852097
2 16 35.79411870981307
2 18 1.0038795685948472
2 23 78.82937242416004
2 24 37.91838478559794
2 26 45.35898055627532
2 28 94.19586896066929
2 29 7.536394963307597
2 30 19.663026046261233
2 31 91.23498107899911
2 32 52.38873136888557
2 34 7.551861072824082
2 35 28.472534013719653
2 36 1.5391615720744978
2 37 44.572196792205304
2 38 4.221925664601479
2 41 58.26373768304741
2 44 7.223421616129698
2 49 78.34088635272607
2 51 40.01031451260213
2 52 75.94251081524023
2 53 67.8070872318579
2 54 67.74299277359925
2 56 5.496631241385806
2 57 92.56077083788739
2 58 90.22791271906878
2 59 19.52498167647932
2 60 1.6902246685591753
2 61 36.47124682144205
2 65 69.89535978544647
2 67 49.11906796708125
2 68 97.81064398337635
2 69 83.95402822982555
3 4 17.69578862710372
3 5 84.38157759042868
3 6 13.838213029342988
3 7 28.831907962247577
3 9 1.4081707438671276
3 10 63.88630078986136
3 11 7.831372919583193
3 12 53.43345013607957
3 17 27.346620231771805
3 19 97.3360959038981
3 21 68.46366710053013
3 22 37.87394221807827
3 25 9.284236947381837
3 27 50.7265720472283
3 29 90.87072119482245
3 30 18.1563878860146
3 31 35.90559524876787
3 32 6.115692793363912
3 33 51.615266859855346
3 34 83.08674237115105
3 35 24.037332268892452
3 37 47.038742770910375
3 39 83.38462423220123
3 40 7.225340091727749
3 41 44.05348835277556
3 42 8.696878779575291
3 43 48.73793578156037
3 44 48.758803774676906
3 45 31.117809770698404
3 46 35.42959315468746
3 49 17.506135495021724
3 51 1.6059539672908247
3 57 93.75953501599017
3 60 17.667114125508803
3 61 99.98589774071651
3 62 95.59975423393102
3 63 56.48958305663036
3 64 2.7286982131925677
3 65 53.08005322915007
3 67 11.756714713498472
4 5 88.10290587765654
4 7 29.024047788744213
4 10 32.75410065761465
4 12 75.09288840449865
4 15 78.48768384877981
4 20 80.79786253627623
4 21 38.876609256864036
4 23 23.74559135025455
4 24 95.19057704445784
4 25 57.54228563020725
4 26 52.6553020182883
4 27 50.240462653164506
4 28 75.2595343961569
4 29 70.3672956061175
4 31 96.598815016082
4 33 61.41482946675601
4 35 44.052243849090054
4 37 28.253190753595945
4 38 30.885197413084374
4 40 72.48640765637558
4 42 12.595554112425516
4 43 87.58936660358346
4 44 31.4865981881365
4 45 21.91460938383335
4 46 87.14202882967841
4 47 28.07467629560128
4 48 3.404209270655643
4 50 10.119633800425161
4 51 41.946537796886176
4 52 45.08953035565962
4 53 59.41521355014189
4 54 83.55937462513451
4 55 3.781851105055807
4 56 54.82023740538365
4 58 44.88746560633256
4 60 66.31556305473646
4 61 48.5397877411453
4 63 11.025791834698373
4 64 71.87419522663363
4 67 47.08450356379267
4 69 9.883720240074078
5 6 81.4049160781438
5 7 67.70370091688879
5 8 42.44627037325733
5 10 8.75610083106116
5 11 69.50759084774023
5 12 65.63498787543135
5 15 65.29069214457517
5 16 81.94043176074013
5 17 46.60370719546244
5 19 20.235519062382192
5 20 58.50758154245338
5 21 29.164027832411026
5 25 31.715868675984336
5 26 76.24845868433509
5 27 2.001065572422444
5 28 77.20007852711903
5 29 14.701944025688043
5 31 83.45383387333442
5 32 49.31446194229449
5 33 89.27197165180696
5 35 17.55076288313223
5 36 94.06689796113105
5 37 55.60699689252205
5 38 50.98895295360138
5 40 58.01238463710615
5 44 85.09157402439021
5 45 29.144117608407818
5 46 58.61615056873265
5 47 21.567396243811686
5 48 52.163136240887525
5 50 68.5548742926736
5 51 21.81167473271769
5 52 37.55575707316792
5 53 34.43807092982313
5 54 75.35622732778414
5 55 12.263280768486498
5 56 96.56521111986821
5 57 35.20582340049903
5 60 48.100009621408006
5 61 49.99871113504425
5 62 36.495024495956606
5 64 97.57198475699768
5 65 82.97662527324195
5 66 2.1350637108784905
5 68 41.03607776699259
6 7 84.07608204763878
6 8 16.949872357394007
6 9 13.479216991827027
6 10 71.81377623403877
6 13 70.20679163976787
6 14 96.52457010686967
6 15 27.311164661884156
6 16 6.4031240778903635
6 18 42.48915464357554
6 22 40.40248092947388
6 23 56.03406797531953
6 24 27.35199783607488
6 26 59.962869048802965
6 27 38.33688715217053
6 28 37.08505452128554
6 29 66.9118466932968
6 30 99.876932427343
6 33 54.3489585361177
6 35 42.45125030373875
6 36 36.34939256783994
6 37 60.24488115713939
6 39 69.7217959910499
6 40 4.508780593622196
6 41 72.95689909839372
6 42 60.0045575059468
6 43 7.009388086957441
6 44 98.02097324334977
6 46 59.066218906570185
6 48 5.522498353584937
6 51 61.05084938099884
6 53 84.26079427226735
6 56 8.074435315145346
6 58 17.77289842447096
6 59 40.62094307587384
6 60 52.78879063311353
6 61 51.852723052186406
6 62 32.817763149314736
6 64 30.05384288943045
6 65 90.48990156098792
6 66 39.87961900342951
6 67 82.40866099247033
7 8 64.73540827356553
7 9 6.412381797429032
7 11 25.796585260781864
7 13 58.43839155855683
7 14 13.09375113840883
7 15 96.07807260639295
7 16 71.48028000846983
7 19 9.966458779003654
7 20 59.69578139310952
7 22 26.974407777802544
7 23 27.68018362247555
7 25 99.72185390808107
7 26 29.128344477398542
7 27 42.13611820561539
7 28 54.81058154559118
7 29 66.97459686049872
7 30 16.406205581514467
7 32 67.91190668244577
7 33 93.09398342269027
7 34 17.130314880097682
7 37 47.782987955384655
7 38 44.58540481361774
7 39 75.45381949427244
7 40 4.29813788869958
7 41 83.5815555559127
7 42 88.98767696939022
7 43 75.35609849692892
7 45 38.08493217434404
7 46 31.79732282420024
7 47 83.77708630477504
7 48 82.16513751210874
7 49 95.01538141824548
7 51 70.5635122746759
7 52 1.9727594661375534
7 53 92.64571300307831
7 55 22.974506912377286
7 56 32.85995695049819
7 59 40.6102688825374
7 62 85.58682289117326
7 63 65.74272203933351
7 66 83.83210832382689
7 67 49.269312520004846
7 68 25.689219566876666
7 69 30.63880063362002
8 9 13.624371425626528
8 10 82.66122887248414
8 13 40.51109628941376
8 14 25.452055874451304
8 15 63.21707031282117
8 16 3.52515014252224
8 17 9.406551277458428
8 18 58.25635364380722
8 19 76.10036845541006
8 22 66.5120680790615
8 25 15.739135911651088
8 27 67.56194968765736
8 28 58.24993529882947
8 29 35.29112189554587
8 30 91.61246128518445
8 32 79.57822363114227
8 34 46.47862416860115
8 36 68.18696146894476
8 37 53.69306244653124
8 39 37.86986171210395
8 40 85.21065607798526
8 42 78.12913764354981
8 45 27.47016935816833
8 48 40.30684288349998
8 49 84.73834471910035
8 50 20.730396111493548
8 51 3.1857952930010223
8 52 66.80836163398703
8 53 1.6740053701869027
8 54 15.06753144043171
8 55 3.992878866328623
8 56 97.03068051442965
8 58 8.866233379096874
8 59 32.68769099469674
8 60 41.8580481219639
8 61 61.129726558449946
8 64 23.38948661457225
8 65 95.52560579648163
8 66 7.5482676003341815
8 67 69.14183781736484
8 68 12.663472339696591
8 69 79.72997547472767
9 10 98.22085186264064
9 11 17.638255226917924
9 12 28.080838078346503
9 15 10.014903509374363
9 16 75.62601155313898
9 17 40.64761868659737
9 19 33.459859716546966
9 20 40.81529257406812
9 21 47.09007489480826
9 22 82.77865782209021
9 23 72.99712802299214
9 24 92.33900979768859
9 26 12.312629558626151
9 27 14.525422612243515
9 28 78.84091902993136
9 29 47.81439590418339
9 32 57.54571352641881
9 33 87.77386272115842
9 36 53.31739732026369
9 38 1.240614663746718
9 39 16.5965890034248
9 40 42.79544957832312
9 42 62.974663228198295
9 43 45.94194784708588
9 45 50.03267408351155
9 47 22.682317472137562
9 48 53.07117701651536
9 50 20.748250644910307
9 51 38.362728681721656
9 52 43.51705045121986
9 53 31.70353151321752
9 54 93.7979926181212
9 55 43.99421867694093
9 57 16.379827039034208
9 59 45.40364912495112
9 60 13.058449830977098
9 61 38.85599758419698
9 63 26.219162468447035
9 64 89.88165705097069
9 65 13.322472615107321
9 67 65.34855250825319
9 69 76.23730137618617
10 11 74.08282470309129
10 12 13.899165016836744
10 13 50.47023514554036
10 15 37.33750211932918
10 16 20.961384002896846
10 17 49.413537170369366
10 18 7.899200950908216
10 19 30.93010109355081
10 20 47.48614329350453
10 22 27.947378740439817
10 23 73.27673806425986
10 24 85.62430307302024
10 25 51.140914189161265
10 26 30.445904978260057
10 27 35.9241707130092
10 28 97.34099822700499
10 29 51.62948830601191
10 30 16.115727744469662
10 31 98.13008171272055
10 32 85.30925061734446
10 34 27.452699775481285
10 38 40.24987956097986
10 44 3.5584878621952996
10 45 86.81210633264062
10 46 7.994603252490347
10 47 37.27442650610971
10 48 71.64387818375091
10 49 35.117811256291034
10 50 62.277026514264136
10 51 59.24517864299767
10 52 43.874226176990646
10 55 37.893637149575696
10 56 67.3729207346333
10 57 7.502387137411725
10 58 42.50908727606624
10 59 44.89993600606201
10 60 59.33735043982771
10 64 94.47102766860087
10 65 44.05344062342372
10 67 47.86630463179591
10 69 57.13845392905146
11 12 71.47397767937996
11 13 75.84802997422602
11 14 19.5173307261054
11 15 38.69834652454517
11 16 98.90120042449125
11 17 3.3824137856233674
11 18 8.110636624850663
11 19 41.806488174926066
11 21 54.439176688551086
11 23 9.99516112668579
11 26 7.723618672145976
11 27 29.093273537885953
11 28 22.914923261847182
11 29 25.108098613285694
11 30 11.24529457239973
11 31 70.57717536099766
11 33 60.547476649509676
11 35 5.4507047347303725
11 36 82.93371137899769
11 37 39.861077084621286
11 39 2.6682219326519045
11 40 29.82886942152352
11 41 50.837885406027205
11 42 61.31204937698797
11 45 22.36559311984757
11 46 7.945730745494515
11 47 60.467952813525514
11 48 96.56144927578275
11 49 41.65923781293274
11 50 17.858087214978475
11 51 56.312889636586554
11 52 54.97328391442084
11 53 40.25946270977252
11 54 60.77828279662701
11 55 48.83963971607874
11 56 72.51052286090571
11 57 21.40786166114459
11 59 45.85297927830521
11 60 16.717022121194653
11 62 18.08513824197677
11 63 45.90560667495094
11 64 29.316738319123054
11 65 75.71613056781004
11 66 7.020286131477773
11 68 1.4294122672006457
11 69 18.80594980191016
12 13 51.36364233986687
12 14 67.38107627704444
12 16 85.08230941665262
12 18 91.99913867931842
12 20 83.93066340314768
12 22 14.384786749341018
12 25 99.45717172384033
12 27 79.09243036807106
12 30 50.3328484182556
12 31 44.79808509305928
12 32 50.812537946376374
12 33 91.06153943378061
12 34 32.92651301810952
12 35 6.602532307093305
12 37 9.420674442836914
12 38 10.418632645684072
12 39 99.08629084452036
12 40 65.36379330797287
12 41 81.44795825064543
12 43 4.221590558396984
12 44 99.72845719164332
12 45 7.100538149858163
12 46 91.91364315447248
12 47 55.16565282843287
12 48 78.32993034648221
12 50 86.80623697645582
12 51 28.62500347248116
12 52 70.97571329590417
12 53 51.38973743145935
12 54 7.994713214161627
12 56 63.91181832543152
12 58 54.471513220022715
12 59 4.351958870519531
12 61 98.27367033076062
12 63 20.55218783892805
12 64 24.10312420508688
12 66 52.746968866618076
12 67 8.44401919695763
12 68 92.26861402006556
12 69 4.186093665681499
13 15 3.774037472086001
13 17 31.82405742600473
13 18 30.01121778705955
13 19 11.166238443910911
13 20 10.109843678783323
13 21 56.76810687663703
13 22 36.63109703184349
13 25 34.10117170947371
13 26 95.80042655047934
13 28 57.4758166979028
13 30 36.09483528585989
13 31 7.286815164467914
13 32 91.71883102980003
13 34 85.98639042051879
13 35 7.174272355254762
13 37 2.0776087821476477
13 38 50.8956331873309
13 40 65.14231711974551
13 43 2.984770329889215
13 44 86.65635807456668
13 45 89.47051945328994
13 46 37.69133886220165
13 48 92.8751056232799
13 49 1.1611517227826897
13 51 30.784388992173923
13 52 55.04382686094708
13 53 21.807152230481623
13 54 1.8782912241111767
13 55 98.54616137245455
13 58 83.67469774729474
13 59 40.759639227024614
13 61 39.359883758218636
13 63 52.27525807454978
13 64 89.59466062310501
13 65 25.7148633571974
13 66 21.390842276535338
13 67 57.553647061018644
13 69 11.64280117004952
14 15 12.37907277192607
14 16 10.028386224605027
14 17 53.03069554713388
14 18 41.623363273712364
14 21 63.89993127006954
14 22 11.329249552480915
14 23 61.59606080384973
14 25 74.05987706369785
14 26 72.69133072159308
14 27 33.97035960637469
14 28 46.604631289891955
14 29 13.32900756492376
14 31 43.702652625658494
14 32 87.96866441821787
14 33 97.56809237190811
14 35 34.5807657947425
14 36 23.502445695831145
14 37 70.55250387428318
14 39 57.116821789561655
14 40 22.19319281254647
14 41 59.80459073896373
14 42 96.24505600299229
14 43 59.56134537079908
14 45 88.30727397225058
14 46 43.257445969001616
14 47 77.1944125522244
14 48 15.270226879491178
14 49 26.03935422019387
14 51 13.815374546796859
14 52 87.56410392236045
14 57 67.17164256782642
14 58 92.02791893360475
14 59 42.962223174888564
14 62 11.22870450138299
14 63 10.86418976499588
14 64 37.890909828007366
14 65 8.271986325258405
14 66 21.85394239271887
14 67 8.893580236070985
14 68 81.23587430645927
15 16 50.01306589700272
15 17 62.52558625415373
15 18 76.73793755896854
15 22 48.06351771586391
15 23 85.33639070304258
15 24 81.3134276749918
15 25 71.74047111290169
15 26 56.76026922663484
15 28 54.14079343742945
15 29 74.4819520688609
15 30 30.156823781521854
15 31 88.92957174942575
15 33 22.122818688921324
15 34 41.7404142365626
15 35 58.72144291980513
15 36 84.77071461270073
15 37 13.324671499003266
15 38 58.25580057515902
15 39 89.78086022719951
15 41 19.48697686156794
15 43 95.54582208977567
15 44 58.533269855246054
15 45 48.91233571246335
15 47 78.9564324256564
15 48 63.048237015495474
15 49 95.08328648237233
15 50 64.01721468163261
15 51 29.900972044400078
15 53 93.04326912244588
15 55 93.54072339248512
15 57 77.76772706231894
15 58 82.61655986831151
15 59 88.37775943068046
15 61 6.541375072604181
15 64 87.64741594138765
15 65 77.47199284458597
15 66 65.58503122003732
15 67 41.98371360690983
15 68 29.853542377547203
15 69 85.25833755629232
16 18 90.75587814950201
16 19 2.416273783956823
16 20 45.75027876226542
16 21 47.69199361215206
16 22 45.646971552442984
16 24 17.244277611109837
16 26 8.480053873916782
16 27 72.81585552281359
16 28 46.27851065640011
16 29 77.09140504497965
16 31 19.91456625276043
16 32 6.834483681216585
16 33 96.34303106464388
16 34 65.0500582792149
16 35 82.23587401515374
16 36 62.76210986792238
16 37 69.70885963084575
16 38 38.167122038716755
16 39 90.69700123572645
16 40 9.33042129168701
16 41 47.38594342379254
16 43 15.375894307067767
16 44 17.629430818707515
16 45 74.71020490993789
16 46 54.60119512543966
16 47 16.27936310622193
16 48 38.83104450512711
16 49 71.33097465382426
16 51 71.39920749163238
16 52 33.61537117467346
16 54 83.85506801300448
16 55 70.58951607340438
16 57 98.88419536307666
16 58 98.91266170224388
16 60 71.79191877140532
16 63 29.187324093383086
16 65 35.57921741214784
16 66 99.59335379209722
16 67 33.96731193020691
16 68 65.5003633552442
16 69 53.36451530086511
17 18 36.07149115470752
17 20 28.1423138133419
17 21 29.99564201845708
17 22 13.420031380690004
17 23 27.698763738280245
17 26 12.610721179855163
17 27 7.47259932088855
17 29 42.60928903291376
17 30 67.07702718399358
17 32 80.26025013179756
17 34 40.26810669899374
17 35 86.10106347814596
17 37 93.96347756473047
17 39 40.222877382709115
17 40 89.33955430455028
17 43 15.396692552897694
17 44 9.537679019730218
17 46 89.20948812827403
17 47 66.5868493467636
17 48 71.89264930159614
17 49 24.798927597784708
17 50 66.28432913849484
17 51 21.210182294831338
17 52 58.587360516629296
17 53 66.63691146245618
17 54 61.031329067970454
17 57 59.40985946566722
17 58 84.28585254003437
17 59 32.0086021002769
17 60 59.78635477601571
17 61 47.35454668978743
17 62 85.66932625429035
17 65 57.40660315955226
17 66 96.59190395952346
17 67 73.28802096844585
17 69 18.91625408873401
18 19 17.82124804970697
18 21 12.628306871846412
18 22 38.81649261083538
18 23 19.75598532660443
18 24 16.458689890126525
18 25 50.00673777980076
18 26 40.927759905420345
18 30 97.74223866563493
18 31 10.628125208812799
18 32 97.55417413243275
18 33 38.11508085811819
18 35 68.70869523877172
18 36 62.869434650409154
18 37 97.95786975988533
18 38 3.4927928551732452
18 39 29.47778439181819
18 40 12.318634257872649
18 41 14.680367821750455
18 42 3.490180405179833
18 43 4.451712009250328
18 44 59.170363425967025
18 45 10.139604709232948
18 46 18.208959517321055
18 47 7.568369877254769
18 48 60.25127564298224
18 50 11.731617886305711
18 51 57.68112547218473
18 52 95.28987326437915
18 54 95.95433669901618
18 55 59.80687371403427
18 56 45.233866477138626
18 57 8.565253511270988
18 58 71.90839523618557
18 59 60.711665299585235
18 61 89.6038844129868
18 62 11.116886013128912
18 63 25.35660957989401
18 64 16.794537803889533
18 65 22.85972354302081
18 66 54.483007818305175
18 68 79.6736506514666
18 69 63.31445548762211
19 20 79.13234921697936
19 22 93.52817815472581
19 24 86.67796996196488
19 25 46.34607366187191
19 26 64.87034072507913
19 27 36.50214499100898
19 28 6.948724355328736
19 29 67.33411859369217
19 30 89.33506196261368
19 31 13.986680376454482
19 33 34.43363803903821
19 34 95.93857910529972
19 35 28.077671584119496
19 36 10.300636930026304
19 38 91.66420235147844
19 39 48.239572199226316
19 41 1.866581577388592
19 43 27.227560022742896
19 44 66.70142403810102
19 45 66.79426881240896
19 47 34.29831460006893
19 49 7.721147500767308
19 50 9.851362245218642
19 51 97.98249275994438
19 52 33.84743935339864
19 53 58.67321745276731
19 55 6.885969760975704
19 57 65.37092587257263
19 58 70.03298534474823
19 59 78.81623345178443
19 60 97.17236271881251
19 61 12.706746557893423
19 62 96.57952377643022
19 63 66.9494703315968
19 64 95.61188977280221
19 65 7.538468028035066
19 68 61.60941816878171
19 69 10.208769175945507
20 21 37.53471949480878
20 22 43.966871833270574
20 24 41.70840986871066
20 28 78.75674380988232
20 29 32.272976898928604
20 30 42.19120965619371
20 31 91.78802372348473
20 32 73.71287412580794
20 33 28.034759028910933
20 34 36.231237717039356
20 35 84.59417289277604
20 36 13.019074818447345
20 37 44.654867904441694
20 39 65.7725869517846
20 40 71.80688843010604
20 41 27.142169821648174
20 42 68.5804970813207
20 45 50.84171994908899
20 46 43.51756398783986
20 49 51.606222135376555
20 50 28.02199527991363
20 51 99.19578799844956
20 52 58.201861415066254
20 53 68.65860449005373
20 54 40.23952932056339
20 55 30.227932981293552
20 56 50.225914602291375
20 58 33.48741498610477
20 59 78.48778701383691
20 60 40.81966071049313
20 62 48.566641061956645
20 63 60.53162554935994
20 64 70.98946038625024
20 65 43.66320067077855
20 66 57.6688946172448
20 67 44.18792541916029
20 68 84.17313029003829
20 69 10.756148759199059
21 22 44.18937466957542
21 23 37.86921672137664
21 24 78.91079014347469
21 25 18.965784507373094
21 26 49.16866597447622
21 29 26.78031429584227
21 30 30.90930354966303
21 31 65.28298303088428
21 32 88.45530090776943
21 33 46.64423937415163
21 34 99.13092661455401
21 35 12.27811257702388
21 36 62.42669057953749
21 37 96.80845140592945
21 39 35.10507808146945
21 40 19.520135633938256
21 41 40.43246309003223
21 43 42.71815383549088
21 44 19.89869044456566
21 45 87.08367769093226
21 46 10.107322983413038
21 49 75.45030792156916
21 50 92.44455693952642
21 52 61.025663108723535
21 53 25.438243631703873
21 54 10.514885582627114
21 55 8.341967080410827
21 56 69.83906896568756
21 57 74.28362051802333
21 58 39.46674211662322
21 59 22.60169018365895
21 62 6.851908852894143
21 63 6.452408078114371
21 64 97.75455627662802
21 65 77.33635409432827
21 66 86.74842310197549
21 67 33.59083511131322
21 69 88.6370343348536
22 24 99.83475355295889
22 26 22.68619604687152
22 27 73.5921337800086
22 28 3.6533779009956717
22 29 66.33655940298425
22 31 84.1500931347117
22 32 92.35007285016675
22 35 5.64959908293479
22 36 9.122597422581608
22 37 72.67687782421912
22 38 86.49667221328909
22 39 46.48583776111498
22 42 74.1453014587549
22 43 90.78717141057385
22 45 47.583483489126984
22 46 33.31465879063562
22 47 36.329343470572
22 48 66.00114497965761
22 49 28.34491335796221
22 51 23.504588960604
22 52 74.77458937744628
22 54 78.05990265937348
22 55 1.5741683826931705
22 57 1.682909887339466
22 58 3.1213493400627175
22 59 47.34094581006492
22 61 46.45114856873568
22 62 87.41225385355088
22 64 59.70950580749886
22 65 95.81115222413905
22 67 36.27664062199673
22 68 11.557640300068336
22 69 33.08549744472659
23 24 38.997721998164565
23 25 77.6624265814643
23 26 74.54686623668906
23 27 64.49355578662201
23 30 54.00724037376973
23 31 41.356069412447674
23 33 37.792001278390806
23 37 71.05148123600904
23 38 61.730021121294655
23 41 6.502171721895571
23 43 24.760702910989014
23 44 16.86686190964063
23 45 82.3619791631571
23 46 38.75373787371225
23 47 18.75956039152755
23 49 85.02492317268948
23 50 3.9834759781983315
23 51 9.257897906385981
23 52 62.17785954838653
23 53 93.23548816901717
23 54 81.16629058813618
23 55 82.81107899922404
23 56 79.10134159585796
23 58 73.77040446419745
23 59 49.76777317852337
23 60 26.89038155821989
23 61 44.25277656332843
23 63 99.86854032589298
23 64 26.98837270882074
23 65 64.0313699095822
23 66 96.99498252408785
23 68 22.270975389012783
23 69 40.25312148384092
24 26 15.371929345696142
24 28 2.364081208818121
24 29 72.00635911653357
24 30 43.45033526492233
24 31 64.15823193461094
24 33 58.59816012607997
24 34 91.78583470762725
24 35 49.34534516501629
24 36 15.114023323489278
24 37 71.0159408392221
24 38 56.25253933633931
24 39 79.48758994927341
24 40 10.353075636276042
24 41 38.26732873848511
24 42 47.756003517653895
24 43 7.466229416797879
24 44 11.896956185035238
24 46 86.78888104031952
24 47 36.9627160319566
24 48 47.63826897909267
24 50 50.47007989219757
24 51 68.25797904064162
24 52 98.4142662249476
24 53 93.21478986282148
24 54 13.366677896397146
24 55 20.76710128440922
24 58 88.77953343106574
24 59 5.427932650947903
24 60 95.89562514487073
24 61 80.53139905300527
24 62 69.29289072957667
24 63 5.430783443862946
24 65 63.15622338928408
24 66 82.19524765678047
24 67 39.71099461108382
24 68 59.525613509928256
24 69 94.89086164315306
25 27 70.3864033793307
25 28 6.097161504086471
25 29 6.616698412168728
25 30 60.662728307759636
25 32 69.58849197747092
25 33 68.34059169653682
25 34 80.64043326266793
25 35 71.00785643653346
25 37 77.00438183683998
25 38 49.665404357399176
25 39 48.30797092746753
25 41 95.61768150815755
25 42 92.24001683460978
25 43 20.952906932649825
25 45 51.94079556602243
25 46 19.920473608621368
25 47 69.15653631599301
25 49 24.97001724230061
25 50 38.076757901322
25 52 16.765600110962954
25 53 30.793922281610005
25 54 60.596414518499174
25 55 62.75548409712947
25 56 15.963853579140165
25 57 48.00068768028608
25 58 94.0952508792408
25 59 17.39100937679404
25 60 53.35076351471095
25 61 69.31944032364379
25 63 60.462035419932384
25 64 90.62663248043077
25 65 20.768369284677252
25 67 54.03730710318984
25 68 13.066332243160286
25 69 27.73064002491126
26 27 16.94236401401097
26 28 66.36981931056542
26 29 40.426307736268036
26 31 55.20437507792916
26 33 56.368816180335926
26 34 57.230973610850484
26 35 13.954047400612055
26 36 28.497370567224504
26 38 84.44920779114757
26 39 95.33223095316988
26 41 38.78134472247134
26 42 33.713131315582324
26 45 57.295813483016865
26 46 67.27434168453911
26 47 59.1570136880058
26 48 96.62127584090302
26 49 13.068512984917211
26 50 62.974335663359234
26 51 10.41568257268563
26 52 37.187629450351615
26 53 19.986313652686842
26 54 29.232705181441744
26 55 39.52438530387666
26 56 66.54637411744987
26 57 72.96158728004981
26 58 16.26070351578663
26 59 97.07868607885518
26 60 9.032769998598608
26 61 73.05233873618712
26 62 92.94522308931032
26 64 11.4346113773347
26 65 4.193073124980921
26 66 24.310450321043973
26 67 12.082977914276597
26 68 75.91460870120252
26 69 24.309630959820016
27 28 88.87971586311748
27 29 55.93773941010434
27 31 74.97018416243061
27 32 4.721376902451865
27 33 31.0898037919468
27 34 80.20371045305299
27 35 19.32569091885717
27 36 48.39926176852734
27 37 43.993320341774314
27 38 69.17439553724884
27 39 22.102291942718487
27 40 79.27584755072003
27 41 94.96288936842227
27 42 71.33808095198212
27 43 48.36738070566619
27 45 91.7243289217228
27 46 77.83331301469187
27 48 56.71785258680558
27 49 86.76427911326272
27 50 65.87451203980345
27 51 35.03387026532361
27 52 94.02882980770121
27 53 55.437580359971136
27 54 5.416167357279427
27 56 85.93267524260385
27 57 20.604489230027298
27 60 40.09374294372489
27 61 94.825762605784
27 63 25.70221249661789
27 64 20.84510670304091
27 65 65.86323233995543
27 66 96.21139743838027
27 67 16.10209535446301
27 68 90.02623365587161
27 69 97.02350027314195
28 30 11.036703035540004
28 31 54.92148226406693
28 32 85.6596163380574
28 33 10.614948297973164
28 34 39.19266561654391
28 35 79.17301326616368
28 36 99.82180261319046
28 37 26.19640193063376
28 38 57.82025942298927
28 39 48.828109549647266
28 40 50.47931774394059
28 41 58.66914377961112
28 44 42.552034290365945
28 45 98.50707158190207
28 47 35.580852218976965
28 48 55.58219316154146
28 49 49.53593367825745
28 50 92.25749526342778
28 52 88.30100139528173
28 54 5.208545575186322
28 55 9.54959236347251
28 57 76.99568828043994
28 58 94.31808242651813
28 59 69.3898534043642
28 60 70.73583703246052
28 62 73.15977855912996
28 64 55.04162501963872
28 65 89.79722857102706
28 66 60.6221072837971
28 67 58.8181608114857
28 68 98.65745729592129
28 69 59.419973087779475
29 31 69.57927196689418
29 32 90.89709152203034
29 35 78.21118501652573
29 36 86.60093274818774
29 37 67.98004910264663
29 39 70.91313816965562
29 40 47.853850630424326
29 41 33.03960521123208
29 42 79.7358439810421
29 43 7.584581275405774
29 45 44.777228895292446
29 46 77.10583355169513
29 47 61.05227789549105
29 48 14.822956842201908
29 49 17.374268998104604
29 50 28.575611827242334
29 51 28.271948410760313
29 52 62.755484625272345
29 53 30.564336748402127
29 56 4.7800655143328665
29 57 45.22420767038538
29 58 38.000828885122075
29 59 43.833638139128915
29 60 23.884113307893443
29 61 73.73868930729657
29 62 20.65421536116975
29 63 85.10430442647746
29 64 6.263553590149269
29 65 54.78421218967706
29 66 64.3123456348221
29 67 9.946625862394855
29 68 38.49171304106127
29 69 70.52501135875224
30 32 84.77547236039022
30 33 19.402291573560746
30 34 57.400718475725405
30 37 29.092623472396355
30 38 31.527375843603107
30 39 92.2130470472325
30 40 41.82152048718338
30 41 9.729291261439077
30 42 14.838668018359687
30 43 88.16319846407559
30 44 31.775029678444533
30 45 72.07911562324188
30 46 70.37501458680829
30 47 58.47800585930203
30 48 93.21570431901112
30 49 24.208598572306325
30 50 95.05749669540057
30 51 89.41816968867559
30 52 56.242731409354576
30 53 6.157396699963599
30 54 59.557790903777715
30 55 21.878230984145862
30 56 16.845700729588128
30 58 77.14090596447016
30 59 57.61445429645138
30 60 82.15689081063368
30 61 31.693975866201562
30 62 47.97809951891105
30 64 91.59143240670468
30 65 88.56805711251081
30 66 7.960327439124797
30 67 11.729786537429364
31 32 45.91110586956839
31 36 28.297652435037076
31 37 76.13227196198227
31 38 61.88344583824541
31 39 66.0588441275574
31 40 74.77905901961921
31 41 64.27713038064105
31 42 29.330113892159655
31 43 87.87091330758683
31 44 86.97584678395047
31 45 70.23433754202163
31 46 46.755992838034906
31 47 44.76328492317178
31 48 33.376537214091826
31 49 74.62066565192454
31 50 36.71488545807826
31 51 54.3536980632327
31 52 15.104095782143308
31 53 72.284280289327
31 55 41.02585809408353
31 56 48.81695720475901
31 57 68.19061028806401
31 58 62.35847056143984
31 59 25.669530093139805
31 62 39.763278091928626
31 63 52.83194543786562
31 64 96.7822728775444
31 65 69.81491262569547
31 66 25.373884501411126
31 67 71.76071503004424
31 68 46.73455294839873
31 69 29.13805900100015
32 33 59.635466847614076
32 34 93.88240454153001
32 36 52.42247830911227
32 37 79.08988902815423
32 38 96.11610922623655
32 39 94.26583165479306
32 40 15.563079556517264
32 41 59.12032482506901
32 42 17.955172611281235
32 43 46.96198102142962
32 44 4.466973737794987
32 46 93.0894623441516
32 47 98.64081150922188
32 48 70.11227180845303
32 50 25.454576321865463
32 51 11.365309447621216
32 52 72.22564003503962
32 53 4.682766795397834
32 54 87.53800819296418
32 55 4.125835500687943
32 56 12.623281570244176
32 57 36.72513045179484
32 58 63.6835288927819
32 60 2.2030179341299494
32 61 42.050236873861834
32 62 75.064349717169
32 63 43.38965326102822
32 65 46.18877748847794
32 66 51.663878903969014
32 67 53.946048630169116
32 69 29.046122917302263
33 34 34.04917131923092
33 36 48.791843061826285
33 37 70.2687358965675
33 38 30.690235140239214
33 39 4.752021661085284
33 40 22.933643330121818
33 41 57.790982108652834
33 42 77.91667335834927
33 43 44.76201662400377
33 44 51.25016497673854
33 45 65.43048257288136
33 46 76.13823572448092
33 47 63.27753983521682
33 48 12.557264463981813
33 49 80.10420057447345
33 50 59.354017395427356
33 51 44.71825891187988
33 52 30.405970637866506
33 53 59.204651862446966
33 54 92.88614447093092
33 55 92.73172757576708
33 56 45.2442885893352
33 57 32.94171462825699
33 59 54.5073715170119
33 60 71.03300553996532
33 61 33.08915939153563
33 62 1.271993837101875
33 63 51.7842617884686
33 65 81.56520904917758
33 66 26.80430684499718
33 68 66.31723206351826
33 69 87.15144601388403
34 35 67.49901344194463
34 36 93.74374578407419
34 38 24.814611356322516
34 39 67.1100995378064
34 40 44.219212153041745
34 41 12.326359768108201
34 42 16.824148792241797
34 43 83.77030146906361
34 44 73.54690014183183
34 45 95.28221043896359
34 46 77.24805176243825
34 47 48.754113023098824
34 48 23.024074172599015
34 49 58.938241575632226
34 50 7.773837785188098
34 51 82.76135953105712
34 52 84.43548903854447
34 53 57.41719203095734
34 54 34.39761300050098
34 55 98.68557391285326
34 56 78.52320102647347
34 58 17.548769059898248
34 59 23.14102735710425
34 60 86.75833997999122
34 61 76.11517603749455
34 62 93.48268778321159
34 63 61.468604723832016
34 64 19.911129297205882
34 65 65.07911105678289
34 66 42.41688001169038
34 67 36.551497841970594
34 68 12.460474441193194
34 69 65.65406726224636
35 36 66.06360381166229
35 37 64.91626517886736
35 38 57.46993781080797
35 39 5.092239092486861
35 40 10.515926780470824
35 41 4.583518130429426
35 42 97.94830902819604
35 43 49.50187694109848
35 44 40.55464564602262
35 45 74.49019502171056
35 46 73.67712430747333
35 47 31.689485825562592
35 48 95.85248778604596
35 50 4.362109446623433
35 51 85.48678225524917
35 52 14.252660303707156
35 54 58.338747347964485
35 55 96.69228985723868
35 56 22.656277782549882
35 57 82.85906688589193
35 58 56.39114971363319
35 59 94.6230376937722
35 60 1.6601844739765688
35 61 93.80653229855984
35 62 22.763210385344575
35 63 7.912703216210598
35 64 98.51199448129107
35 65 56.62267097171233
35 66 58.69075027765413
35 67 42.88646948623876
35 68 53.90889387987994
35 69 90.46955348195951
36 37 55.91411715047583
36 38 49.06302846015992
36 39 90.95387926799016
36 40 70.98033283086235
36 41 78.99274747095195
36 43 32.36202379148617
36 44 13.780902881183957
36 45 3.2753708006362836
36 46 67.15701168430323
36 47 55.24635062669557
36 48 99.14392397562902
36 49 77.05348618350895
36 51 41.25373885352648
36 52 99.46349133477429
36 53 14.276102115113156
36 54 98.1596944896947
36 55 5.401275853812276
36 56 59.03367632816588
36 57 9.534198564562281
36 58 34.96992473761752
36 59 63.60611265803698
36 60 34.33557435091604
36 61 93.0043108857668
36 62 39.79797341114195
36 63 51.269342121845334
36 64 81.73526004012987
36 65 3.396352580304711
36 66 18.014524425240598
36 67 51.29094853134986
36 68 45.4166976472817
36 69 47.29879650819814
37 38 95.09013820519165
37 39 13.430942663594518
37 40 67.00961222430749
37 42 38.36197166023982
37 43 32.377666203614616
37 44 19.756258269895433
37 45 72.60893657770274
37 46 2.695578116538802
37 48 61.8774911749316
37 49 3.9499855423474295
37 50 87.49052351285526
37 51 12.059011457751494
37 52 28.069095649699875
37 53 32.605698760250775
37 55 82.80488074453423
37 56 8.837377194476236
37 57 79.58098094750537
37 58 42.126512646258256
37 59 65.24446611538986
37 60 80.60869538416614
37 61 43.555502944654364
37 62 10.515412107178763
37 63 67.84445784396479
37 64 88.98148759228462
37 65 40.46051494322482
37 66 57.75738884995625
37 67 8.728385259854287
37 68 37.798435203395805
37 69 42.57891990805095
38 39 58.95728630524221
38 41 19.986458745619743
38 42 15.914732842675553
38 43 29.146470539270958
38 44 61.6454898583057
38 45 14.902286722339879
38 46 33.420675700591254
38 47 13.013238924734535
38 48 99.68911070285075
38 49 65.4304514676189
38 50 2.939206305846106
38 51 42.982713566908664
38 52 54.15790173402579
38 53 5.285577593372534
38 54 52.60826703234734
38 55 1.6429773947555568
38 56 28.89094856190159
38 57 90.90362854023937
38 58 85.19177011827331
38 59 77.15374836957827
38 60 23.98948837217868
38 61 15.2606363170848
38 62 92.86765849486754
38 64 87.72099861647608
38 65 70.81794386960428
38 66 5.944815876239832
38 67 23.487909739008032
38 68 38.09249368331358
38 69 54.16462971879901
39 40 14.961075616554682
39 41 60.93391509478555
39 42 91.52433681955952
39 43 88.9347828047808
39 44 2.8846326990823252
39 45 39.1780412060136
39 46 16.13379522680874
39 47 47.55274367125208
39 48 61.76155490023977
39 49 91.71796307582211
39 50 36.10080464458084
39 51 72.6630627199238
39 52 53.99400116247439
39 53 75.35227671106796
39 54 64.09198421852105
39 55 94.50117674030156
39 56 50.508444709009034
39 58 16.50714745795271
39 59 99.04733063767405
39 60 42.08460136294466
39 61 53.72533625464719
39 62 35.32718132382004
39 63 8.608686807171356
39 64 51.12315109593268
39 65 83.33833000914191
39 66 57.46284781667201
39 67 94.8565936552455
39 69 28.118113162044136
40 41 40.012057070295214
40 42 82.44980358139594
40 43 14.942269745116688
40 44 72.45075730636378
40 45 64.57003004499751
40 47 53.55680543410007
40 48 66.22554321301558
40 49 4.9983549230075655
40 51 99.32861695725256
40 52 49.659028723133645
40 55 53.31960131788582
40 56 92.88167652191424
40 57 5.277226015718934
40 59 67.01296604040888
40 60 48.0612447495816
40 61 88.66303892198727
40 62 3.3848689247795125
40 63 68.1703243781479
40 64 97.92447082581236
40 65 62.72882470437366
40 66 39.716749175116576
40 68 76.77371191295687
40 69 10.960234097587746
41 42 10.981233715357687
41 43 93.98631918832442
41 44 7.489024306721707
41 45 4.908221312177547
41 46 79.28239572081876
41 47 81.5918955912928
41 48 81.74417746973334
41 50 16.79160334174613
41 51 79.35423031455639
41 52 92.38003371263635
41 54 95.94394902006242
41 55 38.30992505573218
41 56 55.30792964167421
41 57 31.497330478440333
41 58 5.046667406849051
41 59 62.9043260276353
41 61 58.77344387026634
41 62 47.4668662096636
41 63 69.77013099052499
41 64 56.71418379024843
41 65 53.8497855055848
41 66 51.79223585245009
41 67 1.8945095969599306
41 68 72.14853075112084
41 69 35.23121384038738
42 43 69.08865891820615
42 44 85.25859335108926
42 45 8.128715085835278
42 47 46.42265028827868
42 48 86.91552036303018
42 49 82.99149797389619
42 50 21.83983381713437
42 51 68.746602516541
42 52 76.68080990559558
42 53 84.34338084159062
42 54 80.22639384156273
42 55 11.10872480893547
42 56 96.02321464852552
42 57 98.99962109825395
42 58 89.87969773177886
42 59 2.916293495718666
42 60 29.12407558217471
42 61 23.914033308549136
42 62 67.51840134176089
42 63 20.896554394669298
42 64 4.15086047860126
42 65 63.21687627903564
42 66 60.6426955105021
42 67 18.461383813189816
42 68 4.9067738070303815
42 69 65.1019001180028
43 44 69.80636411050915
43 45 47.60233172007279
43 46 71.54547582311753
43 47 72.404874250714
43 48 36.73596601684892
43 49 72.31479491228512
43 50 28.04915296366582
43 51 23.727054566869874
43 52 50.23225554424968
43 53 44.8674559333112
43 54 54.242256766305744
43 55 89.58343783491816
43 56 10.829671246576147
43 57 67.64078628558318
43 58 25.38263610869641
43 59 29.029638725203636
43 60 88.57368654533046
43 61 61.51809113586445
43 62 66.91954168183968
43 63 13.205030652205249
43 64 24.70364319270037
43 65 53.76408733652287
43 66 81.7498357541101
43 67 85.5710368040147
43 68 94.98646976805526
43 69 28.392747345112394
44 45 44.69103769998879
44 46 37.149910705886306
44 47 40.114974637705814
44 48 80.57769815330883
44 49 11.803382058019704
44 50 1.5452264506239475
44 51 81.93548384399249
44 52 50.99627872787065
44 54 53.47094628075294
44 56 23.446779073172088
44 58 89.24107329286399
44 59 62.248289086710685
44 60 52.942049554343726
44 61 87.34593740460649
44 62 66.33302845598615
44 63 64.4500711366357
44 64 1.9702048451309282
44 65 81.26078434508302
44 66 33.76820792349033
44 67 82.60667943120608
44 68 16.360826010342002
44 69 65.29714839817954
45 46 71.04599896688413
45 47 93.88017654349956
45 48 15.419948460380148
45 49 42.723046739575345
45 50 90.79621216166636
45 51 72.70845235223581
45 52 76.92680284075202
45 53 53.15181157122813
45 54 96.73372255370947
45 55 27.380319825916445
45 56 69.54437288114048
45 57 94.46599641390296
45 58 77.2596250197297
45 59 9.082609500827584
45 60 93.92817706646291
45 61 31.096552929101207
45 62 91.45461665053536
45 63 34.9422454776088
45 64 99.98148187633991
45 65 83.27250590233386
45 66 92.48973895950111
45 67 3.1672057906503572
45 68 47.822921210422486
45 69 97.88940503311196
46 47 5.443256391929445
46 48 18.490039229513293
46 49 27.067878212882125
46 50 7.1642336906142114
46 51 12.17291270695586
46 52 5.781956749588623
46 53 75.60361004695673
46 54 62.11092591883635
46 55 3.4692734558676293
46 56 28.98840743103108
46 57 79.94619929594506
46 58 2.359249447853398
46 59 76.0923512647492
46 60 81.96517742004801
46 61 85.72000617287304
46 62 30.29007858775552
46 63 6.8536606530400475
46 64 66.05921786659833
46 65 76.36982290260873
46 67 72.09006868479638
46 68 1.749043239174945
46 69 56.51976887477417
47 48 91.48289836282807
47 49 53.17351572853898
47 50 21.733376229232555
47 51 24.391459808903452
47 52 83.42118056598679
47 53 95.45082985356598
47 54 9.693143044282147
47 55 96.15395957200798
47 56 36.100469663221425
47 57 34.53348355998147
47 58 54.97478613547824
47 60 48.926119435278096
47 61 37.856250039527325
47 62 98.9700889739915
47 63 40.419931477046404
47 64 83.623047660785
47 65 55.39775002357829
47 66 86.24787659500393
47 67 82.42580178802038
47 68 79.98146223303867
47 69 10.62956513304575
48 49 5.115359237521153
48 50 69.408001437315
48 51 76.59010596637111
48 52 68.25711577468758
48 53 64.14518693468526
48 54 23.654272792106973
48 55 12.894258980037787
48 56 97.55302969576555
48 57 9.64514270065999
48 58 32.471281642975434
48 59 60.857619304394014
48 60 97.41534770718808
48 61 51.601264735379054
48 62 63.185425963888356
48 63 37.45844606130879
48 64 19.97936809161934
48 65 10.066245152169353
48 66 6.865670355277092
48 67 53.465334372113674
48 68 19.15312688792445
48 69 66.77435134011135
49 50 48.08539153417884
49 51 11.08283333943195
49 52 54.08740654753252
49 53 73.39639647572842
49 54 93.57960943352425
49 55 39.17623372902013
49 56 18.966543308712957
49 57 59.508533010571405
49 58 97.34270021617156
49 59 85.09374971494387
49 60 68.05535388988751
49 61 83.16225693191433
49 63 33.662107802445256
49 64 66.86086690024231
49 65 55.63741607496759
49 66 80.5518626141481
49 67 9.793746991782681
49 68 50.420265714597605
49 69 26.201777741372943
50 51 38.59680941765694
50 52 93.12772807556524
50 53 67.97408151941909
50 54 9.34635931381054
50 55 80.40168943855215
50 56 67.56464868280649
50 57 83.75057132995936
50 58 88.40221953200081
50 59 43.52621028721736
50 60 33.953039620310996
50 61 27.808515092351666
50 62 45.06535824948699
50 63 74.49249066633938
50 64 72.22829015463336
50 65 68.23710844102061
50 66 65.66096799378845
50 67 41.30068855140579
50 68 80.96312114639143
50 69 53.80927955981963
51 52 14.503505495884445
51 53 29.755292891666617
51 54 65.23009266969167
51 55 38.1394666289677
51 56 53.80480040230577
51 57 75.92112142399311
51 58 66.59725999019076
51 59 33.555985836288315
51 60 42.11963518318884
51 61 80.71836261567304
51 62 35.49957359137233
51 63 55.3147363816318
51 64 91.03949652883519
51 65 99.61641890522463
51 66 15.301738905506328
51 67 23.60245524442317
51 68 43.14794412362119
51 69 58.042044068655166
52 53 44.00661808068048
52 54 74.79670849836693
52 55 85.82393693353183
52 56 22.988617849949748
52 57 91.72311398179633
52 58 43.61235247876539
52 59 1.097563869588351
52 60 83.2946452231972
52 61 12.789143137187697
52 62 75.75646022951548
52 63 59.05396503340352
52 64 89.06959470820092
52 65 25.477970435907043
52 66 62.42645043111552
52 67 46.5135614176601
52 68 76.06472429540415
52 69 2.846145747968957
53 54 74.62039894146368
53 55 59.2068084141093
53 56 75.54150783084498
53 57 62.81970545273115
53 58 3.4970153468082734
53 59 98.99466177243227
53 60 32.7127179090008
53 61 35.380660070811864
53 62 40.67041447000601
53 63 43.123204365201836
53 64 93.41820770601785
53 65 44.99858649138205
53 66 46.71873843765709
53 67 39.46447574652956
53 68 73.03461021621139
53 69 40.038489347115195
54 55 8.07933235053338
54 56 39.08714590923343
54 57 33.945834581027945
54 58 45.31387981766945
54 59 84.85643788723057
54 60 91.51423902248433
54 61 18.261151045155074
54 62 2.366929023297947
54 63 83.25270286000482
54 64 29.985382865162823
54 65 49.89444840423964
54 66 90.52909836750838
54 67 24.65543424144829
54 68 21.992646547035836
54 69 97.16854463874301
55 56 66.81989504263906
55 57 19.75078220646645
55 58 27.85549577825641
55 59 40.48240603079768
55 60 13.442408321923121
55 61 59.7892486286375
55 62 33.306659604182784
55 63 84.85637894889996
55 64 77.25150925075614
55 65 12.498141349790098
55 66 65.12773546584845
55 67 94.57396084132932
55 68 7.036688202359227
55 69 98.51984438969725
56 57 59.72884519175342
56 58 9.181823073713751
56 59 35.90084336111073
56 60 87.28357833089284
56 61 2.808806754199166
56 62 41.70027784767901
56 63 12.129717091328587
56 64 18.357363543005977
56 65 47.78693013145886
56 66 87.32328899773309
56 67 19.083296595399315
56 68 74.16437147623859
56 69 41.180586926602196
57 58 47.51039309482911
57 59 17.80484021168001
57 60 49.193160756844975
57 61 3.650402672700557
57 62 75.15358843954091
57 63 39.48539410747387
57 64 65.18191901725959
57 65 33.95684418316646
57 66 6.122537290093795
57 67 78.71602275325795
57 68 49.48260317049449
57 69 79.01655295032955
58 59 51.313021082912954
58 60 13.31549366367912
58 61 53.04975369568031
58 62 88.54473226357804
58 63 50.22050920191018
58 64 11.272865245769454
58 65 96.82100906049152
58 66 85.94275114472019
58 67 27.222223196527864
58 68 17.8176815183164
58 69 46.31408732142296
59 60 41.25352245489714
59 61 45.90710214004523
59 62 4.237708553696875
59 63 85.91246446919477
59 64 46.7569600371949
59 65 71.42327947631898
59 66 26.20732147112728
59 67 91.0243441779612
59 68 88.97957696319506
59 69 53.75504394755902
60 61 9.762424613654145
60 62 42.083615255077675
60 63 34.369819507014306
60 64 39.80511715522336
60 65 51.690275144028384
60 66 72.09389666587202
60 67 58.99100909710517
60 68 36.90284360667268
60 69 40.430781311779654
61 62 66.98451948265628
61 63 50.192879169899996
61 64 78.78209834010808
61 65 86.73169838682163
61 66 14.42886812282451
61 67 68.27742322208803
61 68 65.41828115931122
61 69 66.13273929758178
62 63 32.6203922522059
62 64 97.75932799444315
62 65 47.732537970803016
62 66 58.69479399665018
62 67 30.811946849429187
62 68 47.07899584228268
62 69 67.8595808615313
63 64 85.568767869115
63 65 73.27779277304174
63 66 82.4531188981803
63 67 21.941766721018414
63 68 62.79688897193064
63 69 40.90243285562253
64 65 94.27243905068285
64 66 19.961049217530878
64 67 68.05089063655866
64 68 23.261990510045813
64 69 57.67423242312376
65 66 10.84465040874982
65 67 14.185176811316794
65 68 45.33876730310512
65 69 78.68629418675066
66 67 22.325177958640374
66 68 86.02230157495114
66 69 9.645146628648527
67 68 65.10510093621576
67 69 54.10646502225223
68 69 41.515483767164106
