Name: 60-50-75
Time: 0.16215038299560547 
Result: 9
Solution:  2 1 2 4 2 7 0 0 0 5 4 1 7 1 1 1 7 5 5 4 3 1 6 0 4 8 4 4 1 4 7 8 7 7 0 7 6 3 8 0 3 4 2 2 5 2 8 5 5 5 1 3 6 5 6 3 0 7 6 5
0 : [6, 7, 8, 23, 34, 39, 56] (62)
1 : [1, 11, 13, 14, 15, 21, 28, 50] (65)
2 : [0, 2, 4, 42, 43, 45] (66)
3 : [20, 37, 40, 51, 55] (63)
4 : [3, 10, 19, 24, 26, 27, 29, 41] (62)
5 : [9, 17, 18, 44, 47, 48, 49, 53, 59] (58)
6 : [22, 36, 52, 54, 58] (65)
7 : [5, 12, 16, 30, 32, 33, 35, 57] (67)
8 : [25, 31, 38, 46] (62)
