Name: 60-10-15
Time: 2.2204813957214355 
Result: 1
Solution:  5 10 4 5 4 6 6 2 12 3 0 7 7 11 5 1 4 6 10 13 13 2 0 7 10 1 10 3 4 0 4 7 0 13 11 9 13 12 1 3 10 8 6 5 9 9 12 9 2 9 12 8 2 11 11 6 12 5 8 0
0 : [10, 22, 29, 32, 59] (12)
1 : [15, 25, 38] (13)
2 : [7, 21, 48, 52] (13)
3 : [9, 27, 39] (12)
4 : [2, 4, 16, 28, 30] (12)
5 : [0, 3, 14, 43, 57] (12)
6 : [5, 6, 17, 42, 55] (13)
7 : [11, 12, 23, 31] (12)
8 : [41, 51, 58] (12)
9 : [35, 44, 45, 47, 49] (13)
10 : [1, 18, 24, 26, 40] (12)
11 : [13, 34, 53, 54] (13)
12 : [8, 37, 46, 50, 56] (12)
13 : [19, 20, 33, 36] (12)
