Name: 60-10-15
Time: 2.2168033123016357 
Result: 1
Solution:  2 5 5 5 5 1 9 2 11 4 0 10 7 7 0 1 3 0 7 13 10 0 0 12 10 2 13 3 0 4 6 8 0 12 9 11 13 13 6 1 6 12 6 4 9 7 8 11 4 7 6 8 3 11 9 1 12 5 8 2
0 : [10, 14, 17, 21, 22, 28, 32] (12)
1 : [5, 15, 39, 55] (12)
2 : [0, 7, 25, 59] (12)
3 : [16, 27, 52] (13)
4 : [9, 29, 43, 48] (12)
5 : [1, 2, 3, 4, 57] (12)
6 : [30, 38, 40, 42, 50] (12)
7 : [12, 13, 18, 45, 49] (13)
8 : [31, 46, 51, 58] (13)
9 : [6, 34, 44, 54] (13)
10 : [11, 20, 24] (12)
11 : [8, 35, 47, 53] (13)
12 : [23, 33, 41, 56] (12)
13 : [19, 26, 36, 37] (12)
