Name: 60-10-15
Time: 2.2491800785064697 
Result: 1
Solution:  1 3 3 2 7 1 6 5 11 2 4 10 6 3 0 1 2 0 7 13 10 5 1 11 9 4 7 4 0 0 9 8 0 10 12 9 13 13 5 2 5 8 0 5 9 6 9 13 1 8 12 11 7 12 10 3 12 6 8 3
0 : [14, 17, 28, 29, 32, 42] (12)
1 : [0, 5, 15, 22, 48] (12)
2 : [3, 9, 16, 39] (12)
3 : [1, 2, 13, 55, 59] (12)
4 : [10, 25, 27] (12)
5 : [7, 21, 38, 40, 43] (12)
6 : [6, 12, 45, 57] (13)
7 : [4, 18, 26, 52] (13)
8 : [31, 41, 49, 58] (13)
9 : [24, 30, 35, 44, 46] (13)
10 : [11, 20, 33, 54] (13)
11 : [8, 23, 51] (12)
12 : [34, 50, 53, 56] (12)
13 : [19, 36, 37, 47] (12)
