Name: 60-10-15
Time: 2.2392256259918213 
Result: 1
Solution:  3 4 2 4 3 1 6 3 11 2 0 13 6 4 0 1 4 1 7 13 12 0 3 8 8 1 13 5 3 2 7 6 0 12 8 5 12 13 6 0 13 8 5 4 9 10 9 12 2 7 5 10 10 11 11 1 9 3 9 7
0 : [10, 14, 21, 32, 39] (12)
1 : [5, 15, 17, 25, 55] (13)
2 : [2, 9, 29, 48] (12)
3 : [0, 4, 7, 22, 28, 57] (12)
4 : [1, 3, 13, 16, 43] (12)
5 : [27, 35, 42, 50] (12)
6 : [6, 12, 31, 38] (12)
7 : [18, 30, 49, 59] (12)
8 : [23, 24, 34, 41] (13)
9 : [44, 46, 56, 58] (13)
10 : [45, 51, 52] (13)
11 : [8, 53, 54] (12)
12 : [20, 33, 36, 47] (13)
13 : [11, 19, 26, 37, 40] (12)
