Name: 60-10-15
Time: 2.2687795162200928 
Result: 1
Solution:  0 3 8 3 5 3 7 2 11 7 0 10 6 3 5 1 3 0 11 13 12 0 4 12 9 1 9 3 0 1 4 7 0 11 9 5 13 11 6 2 12 10 0 6 8 6 12 10 2 7 5 8 10 13 9 2 9 4 5 4
0 : [0, 10, 17, 21, 28, 32, 42] (12)
1 : [15, 25, 29] (13)
2 : [7, 39, 48, 55] (12)
3 : [1, 3, 5, 13, 16, 27] (12)
4 : [22, 30, 57, 59] (12)
5 : [4, 14, 35, 50, 58] (13)
6 : [12, 38, 43, 45] (12)
7 : [6, 9, 31, 49] (12)
8 : [2, 44, 51] (12)
9 : [24, 26, 34, 54, 56] (13)
10 : [11, 41, 47, 52] (13)
11 : [8, 18, 33, 37] (13)
12 : [20, 23, 40, 46] (12)
13 : [19, 36, 53] (12)
