Name: 60-10-15
Time: 2.252993583679199 
Result: 1
Solution:  0 4 8 3 6 1 6 5 11 5 0 12 7 5 1 1 5 0 8 13 13 0 2 9 10 1 6 5 4 3 4 8 0 10 13 4 11 12 0 3 9 12 2 4 8 9 12 12 0 7 5 9 13 11 10 2 10 2 7 6
0 : [0, 10, 17, 21, 32, 38, 48] (12)
1 : [5, 14, 15, 25] (12)
2 : [22, 42, 55, 57] (12)
3 : [3, 29, 39] (12)
4 : [1, 28, 30, 35, 43] (12)
5 : [7, 9, 13, 16, 27, 50] (12)
6 : [4, 6, 26, 59] (12)
7 : [12, 49, 58] (13)
8 : [2, 18, 31, 44] (12)
9 : [23, 40, 45, 51] (13)
10 : [24, 33, 54, 56] (13)
11 : [8, 36, 53] (13)
12 : [11, 37, 41, 46, 47] (12)
13 : [19, 20, 34, 52] (13)
