Name: 60-10-15
Time: 2.286749839782715 
Result: 1
Solution:  2 9 4 2 4 3 8 3 10 2 1 11 7 10 4 1 2 0 9 13 11 0 0 9 10 3 7 2 0 2 4 7 0 12 7 11 13 12 0 1 12 12 5 6 9 8 10 10 3 7 5 8 5 13 11 1 12 4 6 7
0 : [17, 21, 22, 28, 32, 38] (13)
1 : [10, 15, 39, 55] (12)
2 : [0, 3, 9, 16, 27, 29] (13)
3 : [5, 7, 25, 48] (12)
4 : [2, 4, 14, 30, 57] (12)
5 : [42, 50, 52] (13)
6 : [43, 58] (12)
7 : [12, 26, 31, 34, 49, 59] (13)
8 : [6, 45, 51] (12)
9 : [1, 18, 23, 44] (13)
10 : [8, 13, 24, 46, 47] (12)
11 : [11, 20, 35, 54] (12)
12 : [33, 37, 40, 41, 56] (12)
13 : [19, 36, 53] (12)
