Name: 60-10-15
Time: 2.22961688041687 
Result: 1
Solution:  0 4 5 5 3 4 6 5 12 3 2 7 7 5 0 1 2 1 10 13 13 0 1 13 10 4 12 3 2 1 9 6 0 9 8 7 11 12 3 0 8 11 2 6 10 7 12 13 4 7 5 8 9 11 12 1 10 3 8 2
0 : [0, 14, 21, 32, 39] (12)
1 : [15, 17, 22, 29, 55] (12)
2 : [10, 16, 28, 42, 59] (12)
3 : [4, 9, 27, 38, 57] (12)
4 : [1, 5, 25, 48] (12)
5 : [2, 3, 7, 13, 50] (12)
6 : [6, 31, 43] (12)
7 : [11, 12, 35, 45, 49] (13)
8 : [34, 40, 51, 58] (13)
9 : [30, 33, 52] (12)
10 : [18, 24, 44, 56] (13)
11 : [36, 41, 53] (12)
12 : [8, 26, 37, 46, 54] (13)
13 : [19, 20, 23, 47] (13)
