Name: 60-10-15
Time: 2.220834493637085 
Result: 1
Solution:  5 9 2 2 5 2 11 3 8 4 0 11 6 6 2 1 6 0 10 13 12 0 0 9 10 3 7 4 2 0 11 7 0 13 7 6 13 13 1 1 8 12 3 6 8 8 9 10 5 8 7 9 4 12 10 2 11 7 5 7
0 : [10, 17, 21, 22, 29, 32] (12)
1 : [15, 38, 39] (13)
2 : [2, 3, 5, 14, 28, 55] (12)
3 : [7, 25, 42] (12)
4 : [9, 27, 52] (12)
5 : [0, 4, 48, 58] (12)
6 : [12, 13, 16, 35, 43] (13)
7 : [26, 31, 34, 50, 57, 59] (12)
8 : [8, 40, 44, 45, 49] (12)
9 : [1, 23, 46, 51] (12)
10 : [18, 24, 47, 54] (13)
11 : [6, 11, 30, 56] (13)
12 : [20, 41, 53] (12)
13 : [19, 33, 36, 37] (13)
