Name: 60-10-15
Time: 2.2290563583374023 
Result: 1
Solution:  3 3 7 12 7 5 5 2 12 7 2 9 6 5 4 1 6 2 8 13 12 5 0 6 8 2 7 4 2 0 6 10 0 12 12 5 13 13 1 1 8 10 0 4 9 7 11 9 3 9 7 11 3 11 10 2 13 4 10 8
0 : [22, 29, 32, 42] (12)
1 : [15, 38, 39] (13)
2 : [7, 10, 17, 25, 28, 55] (13)
3 : [0, 1, 48, 52] (12)
4 : [14, 27, 43, 57] (13)
5 : [5, 6, 13, 21, 35] (13)
6 : [12, 16, 23, 30] (12)
7 : [2, 4, 9, 26, 45, 50] (13)
8 : [18, 24, 40, 59] (12)
9 : [11, 44, 47, 49] (12)
10 : [31, 41, 54, 58] (12)
11 : [46, 51, 53] (12)
12 : [3, 8, 20, 33, 34] (12)
13 : [19, 36, 37, 56] (12)
