Name: 60-20-30
Time: 2.0676918029785156 
Result: 1
Solution:  4 5 8 9 6 8 2 0 0 9 7 7 1 2 4 1 2 3 4 4 1 1 2 0 9 3 3 8 7 9 3 5 10 2 6 2 7 3 5 8 10 6 0 0 5 9 8 10 10 2 7 5 8 1 1 9 7 6 0 5
0 : [7, 8, 23, 42, 43, 58] (23)
1 : [12, 15, 20, 21, 53, 54] (23)
2 : [6, 13, 16, 22, 33, 35, 49] (23)
3 : [17, 25, 26, 30, 37] (23)
4 : [0, 14, 18, 19] (24)
5 : [1, 31, 38, 44, 51, 59] (23)
6 : [4, 34, 41, 57] (24)
7 : [10, 11, 28, 36, 50, 56] (24)
8 : [2, 5, 27, 39, 46, 52] (24)
9 : [3, 9, 24, 29, 45, 55] (24)
10 : [32, 40, 47, 48] (24)
