Name: 60-20-30
Time: 2.0353572368621826 
Result: 1
Solution:  3 6 7 7 6 1 1 0 0 6 3 6 5 5 3 4 1 1 10 2 2 3 7 0 9 4 7 9 8 10 4 7 10 0 6 5 7 4 5 9 10 8 0 0 7 10 5 5 9 0 8 4 5 3 5 8 5 1 2 4
0 : [7, 8, 23, 33, 42, 43, 49] (23)
1 : [5, 6, 16, 17, 57] (23)
2 : [19, 20, 58] (24)
3 : [0, 10, 14, 21, 53] (23)
4 : [15, 25, 30, 37, 51, 59] (24)
5 : [12, 13, 35, 38, 46, 47, 52, 54, 56] (24)
6 : [1, 4, 9, 11, 34] (24)
7 : [2, 3, 22, 26, 31, 36, 44] (23)
8 : [28, 41, 50, 55] (23)
9 : [24, 27, 39, 48] (24)
10 : [18, 29, 32, 40, 45] (24)
