Name: 60-20-30
Time: 1.9697387218475342 
Result: 1
Solution:  2 8 8 5 6 8 1 4 1 7 0 9 3 5 7 0 0 3 4 3 4 0 10 1 8 8 6 7 4 9 4 5 10 2 3 2 8 2 6 6 10 9 0 1 5 10 6 5 9 1 7 6 8 5 1 9 9 5 2 7
0 : [10, 15, 16, 21, 42] (23)
1 : [6, 8, 23, 43, 49, 54] (24)
2 : [0, 33, 35, 37, 58] (24)
3 : [12, 17, 19, 34] (24)
4 : [7, 18, 20, 28, 30] (24)
5 : [3, 13, 31, 44, 47, 53, 57] (23)
6 : [4, 26, 38, 39, 46, 51] (23)
7 : [9, 14, 27, 50, 59] (23)
8 : [1, 2, 5, 24, 25, 36, 52] (24)
9 : [11, 29, 41, 48, 55, 56] (23)
10 : [22, 32, 40, 45] (24)
