Name: 60-20-30
Time: 2.0334622859954834 
Result: 1
Solution:  3 4 7 9 7 5 5 0 1 6 2 8 4 5 2 2 0 6 1 6 0 0 2 1 8 4 5 7 8 10 3 4 10 3 1 2 10 4 5 9 9 9 0 3 7 8 8 7 10 0 9 5 3 0 7 8 6 4 1 9
0 : [7, 16, 20, 21, 42, 49, 53] (23)
1 : [8, 18, 23, 34, 58] (24)
2 : [10, 14, 15, 22, 35] (23)
3 : [0, 30, 33, 43, 52] (23)
4 : [1, 12, 25, 31, 37, 57] (24)
5 : [5, 6, 13, 26, 38, 51] (23)
6 : [9, 17, 19, 56] (24)
7 : [2, 4, 27, 44, 47, 54] (24)
8 : [11, 24, 28, 45, 46, 55] (24)
9 : [3, 39, 40, 41, 50, 59] (24)
10 : [29, 32, 36, 48] (23)
