Name: 60-20-30
Time: 2.053487539291382 
Result: 1
Solution:  4 3 7 8 6 4 0 3 0 8 0 8 0 3 1 1 6 5 9 7 3 1 8 2 8 7 7 6 5 10 4 5 10 0 2 3 9 3 1 9 10 6 0 2 7 9 9 9 10 5 8 6 1 0 1 9 5 2 2 5
0 : [6, 8, 10, 12, 33, 42, 53] (24)
1 : [14, 15, 21, 38, 52, 54] (23)
2 : [23, 34, 43, 57, 58] (23)
3 : [1, 7, 13, 20, 35, 37] (24)
4 : [0, 5, 30] (24)
5 : [17, 28, 31, 49, 56, 59] (23)
6 : [4, 16, 27, 41, 51] (23)
7 : [2, 19, 25, 26, 44] (24)
8 : [3, 9, 11, 22, 24, 50] (24)
9 : [18, 36, 39, 45, 46, 47, 55] (24)
10 : [29, 32, 40, 48] (23)
