Name: 60-20-30
Time: 2.0549569129943848 
Result: 1
Solution:  3 5 8 4 7 6 0 2 0 6 1 10 0 7 4 6 1 3 2 1 5 3 2 0 8 2 7 7 9 9 4 5 10 4 6 2 10 2 2 7 10 9 0 0 8 9 8 6 10 2 8 4 4 4 1 8 9 5 3 7
0 : [6, 8, 12, 23, 42, 43] (23)
1 : [10, 16, 19, 54] (23)
2 : [7, 18, 22, 25, 35, 37, 38, 49] (24)
3 : [0, 17, 21, 58] (24)
4 : [3, 14, 30, 33, 51, 52, 53] (23)
5 : [1, 20, 31, 57] (24)
6 : [5, 9, 15, 34, 47] (24)
7 : [4, 13, 26, 27, 39, 59] (23)
8 : [2, 24, 44, 46, 50, 55] (23)
9 : [28, 29, 41, 45, 56] (24)
10 : [11, 32, 36, 40, 48] (24)
