Name: 60-20-30
Time: 1.9929206371307373 
Result: 1
Solution:  2 3 6 8 7 4 1 3 0 8 0 9 3 5 1 2 1 0 7 5 4 1 3 2 9 3 5 8 9 10 4 6 10 0 2 3 8 0 5 9 10 6 1 3 6 8 7 7 10 3 9 6 5 3 0 7 7 7 1 7
0 : [8, 10, 17, 33, 37, 54] (24)
1 : [6, 14, 16, 21, 42, 58] (24)
2 : [0, 15, 23, 34] (24)
3 : [1, 7, 12, 22, 25, 35, 43, 49, 53] (24)
4 : [5, 20, 30] (23)
5 : [13, 19, 26, 38, 52] (24)
6 : [2, 31, 41, 44, 51] (23)
7 : [4, 18, 46, 47, 55, 56, 57, 59] (23)
8 : [3, 9, 27, 36, 45] (24)
9 : [11, 24, 28, 39, 50] (23)
10 : [29, 32, 40, 48] (23)
