Name: 60-20-30
Time: 2.0629849433898926 
Result: 1
Solution:  2 7 10 9 6 2 2 0 1 10 5 10 1 4 8 0 0 6 2 5 0 0 10 1 9 3 3 6 4 10 4 7 10 5 6 3 8 1 2 8 10 8 1 4 3 7 9 9 9 1 8 5 0 4 3 9 6 3 4 9
0 : [7, 15, 16, 20, 21, 52] (23)
1 : [8, 12, 23, 37, 42, 49] (23)
2 : [0, 5, 6, 18, 38] (24)
3 : [25, 26, 35, 44, 54, 57] (23)
4 : [13, 28, 30, 43, 53, 58] (24)
5 : [10, 19, 33, 51] (24)
6 : [4, 17, 27, 34, 56] (24)
7 : [1, 31, 45] (24)
8 : [14, 36, 39, 41, 50] (23)
9 : [3, 24, 46, 47, 48, 55, 59] (24)
10 : [2, 9, 11, 22, 29, 32, 40] (23)
