Name: 60-20-30
Time: 1.9991273880004883 
Result: 1
Solution:  2 3 6 3 6 9 0 2 2 8 6 8 1 4 1 0 0 0 1 7 3 0 1 1 8 2 2 7 9 10 3 4 10 1 5 5 7 2 5 5 9 6 1 1 8 9 4 10 10 4 8 5 2 1 4 8 5 7 4 4
0 : [6, 15, 16, 17, 21] (23)
1 : [12, 14, 18, 22, 23, 33, 42, 43, 53] (23)
2 : [0, 7, 8, 25, 26, 37, 52] (24)
3 : [1, 3, 20, 30] (23)
4 : [13, 31, 46, 49, 54, 58, 59] (24)
5 : [34, 35, 38, 39, 51, 56] (23)
6 : [2, 4, 10, 41] (23)
7 : [19, 27, 36, 57] (24)
8 : [9, 11, 24, 44, 50, 55] (24)
9 : [5, 28, 40, 45] (24)
10 : [29, 32, 47, 48] (24)
