Name: 60-20-30
Time: 2.035670280456543 
Result: 1
Solution:  2 8 7 3 7 5 4 7 0 8 5 6 0 3 4 0 0 1 1 1 5 0 6 2 9 2 4 7 10 9 4 6 10 1 6 3 9 3 6 6 9 7 0 3 2 8 9 9 9 3 10 4 3 1 3 8 9 5 2 9
0 : [8, 12, 15, 16, 21, 42] (23)
1 : [17, 18, 19, 33, 53] (23)
2 : [0, 23, 25, 44, 58] (24)
3 : [3, 13, 35, 37, 43, 49, 52, 54] (24)
4 : [6, 14, 26, 30, 51] (23)
5 : [5, 10, 20, 57] (24)
6 : [11, 22, 31, 34, 38, 39] (24)
7 : [2, 4, 7, 27, 41] (23)
8 : [1, 9, 45, 55] (23)
9 : [24, 29, 36, 40, 46, 47, 48, 56, 59] (24)
10 : [28, 32, 50] (24)
