Name: 60-35-50
Time: 1.9635648727416992 
Result: 3
Solution:  11 0 1 7 9 2 0 6 2 0 4 4 12 8 9 11 11 8 0 4 12 2 9 8 12 10 11 5 6 3 9 3 5 0 4 2 1 12 8 10 1 8 3 6 0 12 10 11 10 6 4 5 4 9 5 7 12 8 2 12
0 : [1, 6, 9, 18, 33, 44] (42)
1 : [2, 36, 40] (43)
2 : [5, 8, 21, 35, 58] (45)
3 : [29, 31, 42] (45)
4 : [10, 11, 19, 34, 50, 52] (42)
5 : [27, 32, 51, 54] (42)
6 : [7, 28, 43, 49] (44)
7 : [3, 55] (43)
8 : [13, 17, 23, 38, 41, 57] (43)
9 : [4, 14, 22, 30, 53] (43)
10 : [25, 39, 46, 48] (42)
11 : [0, 15, 16, 26, 47] (43)
12 : [12, 20, 24, 37, 45, 56, 59] (43)
