Name: 60-35-50
Time: 1.9581613540649414 
Result: 3
Solution:  10 0 1 9 12 1 1 6 2 1 4 6 11 9 12 7 10 8 3 2 11 0 11 9 11 12 12 4 6 3 10 5 3 0 8 2 1 11 11 8 2 7 5 4 4 11 12 8 6 5 11 0 4 10 0 7 8 9 2 12
0 : [1, 21, 33, 51, 54] (42)
1 : [2, 5, 6, 9, 36] (44)
2 : [8, 19, 35, 40, 58] (43)
3 : [18, 29, 32] (43)
4 : [10, 27, 43, 44, 52] (43)
5 : [31, 42, 49] (45)
6 : [7, 11, 28, 48] (42)
7 : [15, 41, 55] (43)
8 : [17, 34, 39, 47, 56] (43)
9 : [3, 13, 23, 57] (45)
10 : [0, 16, 30, 53] (42)
11 : [12, 20, 22, 24, 37, 38, 45, 50] (43)
12 : [4, 14, 25, 26, 46, 59] (42)
