Name: 60-35-50
Time: 1.9958481788635254 
Result: 2
Solution:  12 0 0 7 7 0 0 6 1 0 3 5 11 9 8 9 10 10 4 3 8 1 9 8 12 8 12 5 6 6 11 3 4 0 10 6 2 1 9 10 1 8 3 2 3 12 11 11 10 5 3 1 4 11 2 7 12 4 1 12
0 : [1, 2, 5, 6, 9, 33] (42)
1 : [8, 21, 37, 40, 51, 58] (44)
2 : [36, 43, 54] (44)
3 : [10, 19, 31, 42, 44, 50] (43)
4 : [18, 32, 52, 57] (42)
5 : [11, 27, 49] (43)
6 : [7, 28, 29, 35] (44)
7 : [3, 4, 55] (44)
8 : [14, 20, 23, 25, 41] (43)
9 : [13, 15, 22, 38] (42)
10 : [16, 17, 34, 39, 48] (43)
11 : [12, 30, 46, 47, 53] (43)
12 : [0, 24, 26, 45, 56, 59] (43)
