Name: 60-50-75
Time: 1.9727818965911865 
Result: 1
Solution:  4 3 1 3 5 2 2 7 3 3 0 5 3 2 2 3 2 4 1 0 5 3 2 5 0 3 3 3 2 0 4 8 5 3 0 7 5 3 4 1 4 6 4 7 4 0 1 1 4 0 3 6 6 8 2 1 8 8 7 6
0 : [10, 19, 24, 29, 34, 45, 49] (59)
1 : [2, 18, 39, 46, 47, 55] (59)
2 : [5, 6, 13, 14, 16, 22, 28, 54] (59)
3 : [1, 3, 8, 9, 12, 15, 21, 25, 26, 27, 33, 37, 50] (60)
4 : [0, 17, 30, 38, 40, 42, 44, 48] (60)
5 : [4, 11, 20, 23, 32, 36] (60)
6 : [41, 51, 52, 59] (60)
7 : [7, 35, 43, 58] (60)
8 : [31, 53, 56, 57] (59)
