Name: 60-50-75
Time: 1.8533742427825928 
Result: 1
Solution:  3 3 0 5 6 5 1 4 3 4 1 8 3 3 4 5 0 3 3 1 6 2 2 5 1 3 3 0 1 0 2 0 5 3 0 6 7 3 8 2 2 7 5 6 5 4 2 0 2 0 1 4 4 8 0 0 8 8 6 7
0 : [2, 16, 27, 29, 31, 34, 47, 49, 54, 55] (60)
1 : [6, 10, 19, 24, 28, 50] (60)
2 : [21, 22, 30, 39, 40, 46, 48] (59)
3 : [0, 1, 8, 12, 13, 17, 18, 25, 26, 33, 37] (59)
4 : [7, 9, 14, 45, 51, 52] (60)
5 : [3, 5, 15, 23, 32, 42, 44] (60)
6 : [4, 20, 35, 43, 58] (59)
7 : [36, 41, 59] (60)
8 : [11, 38, 53, 56, 57] (59)
