Name: 60-50-75
Time: 1.7616117000579834 
Result: 1
Solution:  3 4 1 4 6 4 2 5 8 6 1 6 1 6 0 0 2 4 6 2 4 2 2 5 1 2 2 2 3 2 4 3 6 4 2 8 7 4 6 0 5 2 2 4 6 0 1 2 6 1 6 5 3 8 7 1 8 8 5 7
0 : [14, 15, 39, 45] (60)
1 : [2, 10, 12, 24, 46, 49, 55] (60)
2 : [6, 16, 19, 21, 22, 25, 26, 27, 29, 34, 41, 42, 47] (60)
3 : [0, 28, 31, 52] (60)
4 : [1, 3, 5, 17, 20, 30, 33, 37, 43] (59)
5 : [7, 23, 40, 51, 58] (59)
6 : [4, 9, 11, 13, 18, 32, 38, 44, 48, 50] (59)
7 : [36, 54, 59] (60)
8 : [8, 35, 53, 56, 57] (59)
