Name: 60-50-75
Time: 1.769991397857666 
Result: 2
Solution:  4 3 1 3 7 3 5 2 3 7 1 6 1 2 3 2 0 0 7 1 4 6 2 5 3 0 2 0 5 2 1 0 6 1 1 6 7 4 6 2 3 5 4 6 4 7 0 1 4 0 2 5 4 8 0 1 8 8 8 5
0 : [16, 17, 25, 27, 31, 46, 49, 54] (59)
1 : [2, 10, 12, 19, 30, 33, 34, 47, 55] (59)
2 : [7, 13, 15, 22, 26, 29, 39, 50] (59)
3 : [1, 3, 5, 8, 14, 24, 40] (60)
4 : [0, 20, 37, 42, 44, 48, 52] (61)
5 : [6, 23, 28, 41, 51, 59] (60)
6 : [11, 21, 32, 35, 38, 43] (60)
7 : [4, 9, 18, 36, 45] (59)
8 : [53, 56, 57, 58] (59)
