Name: 60-50-75
Time: 1.8598637580871582 
Result: 1
Solution:  4 4 2 3 5 7 5 3 4 4 1 5 6 2 4 5 0 1 7 1 8 5 1 5 1 1 2 0 3 3 3 0 5 4 0 7 6 5 4 0 2 3 1 4 7 2 0 2 4 1 6 4 0 8 8 1 8 6 6 7
0 : [16, 27, 31, 34, 39, 46, 52] (60)
1 : [10, 17, 19, 22, 24, 25, 42, 49, 55] (59)
2 : [2, 13, 26, 40, 45, 47] (60)
3 : [3, 7, 28, 29, 30, 41] (59)
4 : [0, 1, 8, 9, 14, 33, 38, 43, 48, 51] (59)
5 : [4, 6, 11, 15, 21, 23, 32, 37] (60)
6 : [12, 36, 50, 57, 58] (60)
7 : [5, 18, 35, 44, 59] (59)
8 : [20, 53, 54, 56] (60)
