Name: 60-50-75
Time: 1.8052632808685303 
Result: 1
Solution:  3 5 2 5 6 4 2 6 3 3 0 5 1 6 3 1 0 0 7 1 4 1 1 5 1 0 4 2 3 0 2 8 4 0 0 7 7 4 7 2 6 5 1 4 6 0 2 0 1 0 4 7 3 8 2 0 8 8 6 5
0 : [10, 16, 17, 25, 29, 33, 34, 45, 47, 49, 55] (59)
1 : [12, 15, 19, 21, 22, 24, 42, 48] (60)
2 : [2, 6, 27, 30, 39, 46, 54] (60)
3 : [0, 8, 9, 14, 28, 52] (60)
4 : [5, 20, 26, 32, 37, 43, 50] (60)
5 : [1, 3, 11, 23, 41, 59] (60)
6 : [4, 7, 13, 40, 44, 58] (59)
7 : [18, 35, 36, 38, 51] (59)
8 : [31, 53, 56, 57] (59)
