Name: 60-50-75
Time: 1.81538724899292 
Result: 1
Solution:  2 4 3 3 4 6 1 0 3 4 1 5 7 2 0 4 6 3 2 3 6 4 1 5 1 0 4 4 2 4 6 1 4 3 3 6 7 6 5 0 5 3 2 7 4 7 1 2 4 2 3 4 0 8 6 1 8 8 8 5
0 : [7, 14, 25, 39, 52] (59)
1 : [6, 10, 22, 24, 31, 46, 55] (60)
2 : [0, 13, 18, 28, 42, 47, 49] (60)
3 : [2, 3, 8, 17, 19, 33, 34, 41, 50] (59)
4 : [1, 4, 9, 15, 21, 26, 27, 29, 32, 44, 48, 51] (60)
5 : [11, 23, 38, 40, 59] (60)
6 : [5, 16, 20, 30, 35, 37, 54] (59)
7 : [12, 36, 43, 45] (60)
8 : [53, 56, 57, 58] (59)
