Name: 200-40-60
Time: 0.6004705429077148 
Result: 19
Solution:  26 21 0 22 5 23 16 19 21 30 27 14 30 20 0 30 3 16 23 7 23 30 13 14 26 20 4 20 28 29 20 6 0 6 32 5 2 15 16 31 31 2 17 18 0 7 15 18 0 28 9 8 17 18 1 19 8 0 8 13 16 14 15 30 21 8 6 11 24 8 26 10 18 23 12 24 18 30 8 15 10 21 3 1 22 5 5 8 23 30 21 1 2 18 1 26 8 14 7 0 5 19 11 3 5 16 2 27 13 9 32 28 15 12 17 26 19 0 14 27 9 24 28 14 31 16 31 5 32 5 24 17 21 8 8 28 17 5 24 25 10 32 29 31 24 29 13 18 32 1 7 9 25 9 32 9 17 30 3 29 4 9 16 6 30 26 26 25 22 11 9 32 27 9 0 21 17 31 14 23 13 1 14 12 19 16 1 25 6 17 1 21 6 13 4 29 22 28 23 20
0 : [2, 14, 32, 44, 48, 57, 99, 117, 174] (46)
1 : [54, 83, 91, 94, 149, 181, 186, 190] (42)
2 : [36, 41, 92, 106] (45)
3 : [16, 82, 103, 158] (52)
4 : [26, 160, 194] (49)
5 : [4, 35, 85, 86, 100, 104, 127, 129, 137] (45)
6 : [31, 33, 66, 163, 188, 192] (42)
7 : [19, 45, 98, 150] (42)
8 : [51, 56, 58, 65, 69, 78, 87, 96, 133, 134] (41)
9 : [50, 109, 120, 151, 153, 155, 161, 170, 173] (46)
10 : [71, 80, 140] (45)
11 : [67, 102, 169] (41)
12 : [74, 113, 183] (52)
13 : [22, 59, 108, 146, 180, 193] (44)
14 : [11, 23, 61, 97, 118, 123, 178, 182] (44)
15 : [37, 46, 62, 79, 112] (52)
16 : [6, 17, 38, 60, 105, 125, 162, 185] (52)
17 : [42, 52, 114, 131, 136, 156, 176, 189] (47)
18 : [43, 47, 53, 72, 76, 93, 147] (50)
19 : [7, 55, 101, 116, 184] (56)
20 : [13, 25, 27, 30, 199] (53)
21 : [1, 8, 64, 81, 90, 132, 175, 191] (58)
22 : [3, 84, 168, 196] (52)
23 : [5, 18, 20, 73, 88, 179, 198] (51)
24 : [68, 75, 121, 130, 138, 144] (57)
25 : [139, 152, 167, 187] (47)
26 : [0, 24, 70, 95, 115, 165, 166] (59)
27 : [10, 107, 119, 172] (59)
28 : [28, 49, 111, 122, 135, 197] (51)
29 : [29, 142, 145, 159, 195] (60)
30 : [9, 12, 15, 21, 63, 77, 89, 157, 164] (50)
31 : [39, 40, 124, 126, 143, 177] (51)
32 : [34, 110, 128, 141, 148, 154, 171] (50)
