Name: 400-50-80
Time: 27.630882024765015 
Result: 20039
Solution:  13 4 60 70 18 80 84 19 32 54 80 11 28 37 75 68 11 26 47 10 38 35 51 20 40 6 21 17 20 24 55 69 74 17 66 51 68 40 8 59 9 8 65 30 84 50 61 82 85 2 6 66 60 1 73 76 30 69 18 65 16 44 85 60 14 38 79 6 28 82 40 29 64 67 63 77 45 33 81 46 4 74 61 0 58 55 83 19 5 47 74 24 40 42 78 3 70 1 57 50 58 9 47 1 47 10 23 9 34 36 25 48 30 64 79 51 51 12 48 79 77 42 50 74 9 28 62 9 62 51 56 50 28 2 42 54 3 54 34 64 38 29 32 22 3 68 82 63 37 30 84 44 56 34 54 14 25 74 2 64 58 3 22 75 72 41 12 36 61 84 37 25 76 84 36 44 32 81 27 40 19 21 67 58 76 46 38 67 44 39 66 49 30 33 79 70 81 34 7 35 85 9 37 20 3 49 70 52 44 63 66 35 61 13 21 73 70 72 33 31 0 16 33 11 80 3 37 53 17 20 15 42 70 64 52 45 9 10 71 53 34 65 60 58 42 24 8 71 71 44 48 44 79 74 0 76 25 27 29 7 47 48 58 42 78 49 20 21 72 66 18 78 81 7 12 40 11 77 78 35 31 75 84 59 53 59 75 44 23 53 34 26 27 16 56 24 2 63 57 27 3 3 64 73 69 79 39 85 78 31 63 8 43 60 77 67 31 57 37 71 69 48 72 8 68 15 56 66 67 0 15 81 42 32 63 49 72 43 82 76 5 65 52 45 51 84 23 84 54 3 53 82 3 59 52 41 29 60 85 33 55 39 60 71 38 21 73 47 78 17 36 15 51 13 16 72 19 56 7 24 27 48 35 81 9 54 13 43 67 61 49 58 39 45 29 48 32 52 0 31
0 : [83, 220, 254, 329, 398] (42)
1 : [53, 97, 103] (53)
2 : [49, 133, 158, 296] (56)
3 : [95, 136, 144, 161, 204, 225, 300, 301, 349, 352] (47)
4 : [1, 80] (53)
5 : [88, 340] (52)
6 : [25, 50, 67] (56)
7 : [198, 259, 273, 378] (54)
8 : [38, 41, 246, 311, 323] (51)
9 : [40, 101, 107, 124, 127, 201, 236, 384] (43)
10 : [19, 105, 237] (59)
11 : [11, 16, 223, 276] (79)
12 : [117, 166, 274] (50)
13 : [0, 213, 373, 386] (58)
14 : [64, 155] (51)
15 : [230, 325, 330, 371] (65)
16 : [60, 221, 293, 374] (50)
17 : [27, 33, 228, 369] (63)
18 : [4, 58, 270] (50)
19 : [7, 87, 180, 376] (51)
20 : [23, 28, 203, 229, 266] (56)
21 : [26, 181, 214, 267, 365] (56)
22 : [143, 162] (53)
23 : [106, 288, 346] (60)
24 : [29, 91, 245, 295, 379] (65)
25 : [110, 156, 171, 256] (52)
26 : [17, 291] (54)
27 : [178, 257, 292, 299, 380] (61)
28 : [12, 68, 125, 132] (60)
29 : [71, 141, 258, 356, 394] (70)
30 : [43, 56, 112, 149, 192] (60)
31 : [219, 280, 309, 316, 399] (56)
32 : [8, 142, 176, 333, 396] (75)
33 : [77, 193, 218, 222, 359] (66)
34 : [108, 138, 153, 197, 240, 290] (80)
35 : [21, 199, 211, 279, 382] (60)
36 : [109, 167, 174, 370] (54)
37 : [13, 148, 170, 202, 226, 318] (56)
38 : [20, 65, 140, 186, 364] (69)
39 : [189, 306, 361, 392] (57)
40 : [24, 37, 70, 92, 179, 275] (60)
41 : [165, 355] (54)
42 : [93, 121, 134, 231, 244, 263, 332] (51)
43 : [312, 337, 387] (55)
44 : [61, 151, 175, 188, 208, 249, 251, 287] (75)
45 : [76, 235, 343, 393] (74)
46 : [79, 185] (59)
47 : [18, 89, 102, 104, 260, 367] (77)
48 : [111, 118, 250, 261, 321, 381, 395] (80)
49 : [191, 205, 265, 335, 390] (71)
50 : [45, 99, 122, 131] (75)
51 : [22, 35, 115, 116, 129, 344, 372] (67)
52 : [207, 234, 342, 354, 397] (68)
53 : [227, 239, 284, 289, 350] (71)
54 : [9, 135, 137, 154, 348, 385] (79)
55 : [30, 85, 360] (77)
56 : [130, 152, 294, 326, 377] (80)
57 : [98, 298, 317] (64)
58 : [84, 100, 160, 183, 243, 262, 391] (79)
59 : [39, 283, 285, 353] (61)
60 : [2, 52, 63, 242, 313, 357, 362] (63)
61 : [46, 82, 168, 212, 389] (64)
62 : [126, 128] (81)
63 : [74, 147, 209, 297, 310, 334] (71)
64 : [72, 113, 139, 159, 233, 302] (80)
65 : [42, 59, 241, 341] (70)
66 : [34, 51, 190, 210, 269, 327] (68)
67 : [73, 182, 187, 315, 328, 388] (79)
68 : [15, 36, 145, 324] (71)
69 : [31, 57, 304, 320] (79)
70 : [3, 96, 195, 206, 216, 232] (75)
71 : [238, 247, 248, 319, 363] (78)
72 : [164, 217, 268, 322, 336, 375] (78)
73 : [54, 215, 303, 366] (79)
74 : [32, 81, 90, 123, 157, 253] (72)
75 : [14, 163, 281, 286] (77)
76 : [55, 172, 184, 255, 339] (80)
77 : [75, 120, 277, 314] (80)
78 : [94, 264, 271, 278, 308, 368] (81)
79 : [66, 114, 119, 194, 252, 305] (72)
80 : [5, 10, 224] (80)
81 : [78, 177, 196, 272, 331, 383] (77)
82 : [47, 69, 146, 338, 351] (78)
83 : [86] (50)
84 : [6, 44, 150, 169, 173, 282, 345, 347] (67)
85 : [48, 62, 200, 307, 358] (79)
