Name: 400-40-60
Time: 25.643822193145752 
Result: 10029
Solution:  61 25 11 19 44 21 16 66 33 40 12 39 6 1 18 43 61 61 56 6 58 48 60 12 61 36 58 31 36 25 22 8 65 35 21 49 25 14 3 1 56 7 25 0 19 25 26 60 25 9 12 34 59 59 3 14 65 22 17 36 12 62 0 19 42 27 12 45 25 30 48 40 1 47 34 22 6 0 60 34 46 29 54 32 16 4 25 11 13 66 40 8 16 6 38 12 3 59 42 8 42 0 62 49 43 17 56 27 12 5 5 39 63 40 42 55 12 34 66 24 63 66 64 20 51 33 15 25 19 56 20 27 12 45 25 12 3 20 43 39 58 25 64 42 65 20 29 1 41 62 46 7 20 64 59 19 29 12 3 33 40 26 12 50 20 34 14 57 60 37 32 31 1 6 12 35 49 32 22 16 40 36 39 47 23 13 54 21 7 4 27 21 1 2 12 49 50 8 15 10 46 65 42 16 60 4 20 15 66 9 65 39 56 35 28 60 8 45 57 42 3 33 33 50 32 55 41 32 37 54 8 35 47 3 56 49 32 17 26 51 53 52 48 2 2 36 55 51 29 59 58 29 35 53 48 22 54 35 30 13 64 14 48 62 41 15 44 5 58 38 7 49 49 62 0 59 38 59 46 35 47 45 0 31 10 46 15 42 28 54 31 43 0 25 18 7 20 48 12 55 17 18 32 45 30 25 34 57 48 9 46 6 32 28 63 25 25 64 36 37 44 7 49 66 17 61 50 40 8 45 5 24 56 59 39 0 3 63 41 35 38 60 65 61 21 22 38 28 14 48 49 43 23 59 20 6 18 53 22 41 53 20 33 21 49 18 32 52 44 45 3 25 29 27 48 6 18 36 51 41 23 22 54 8 55 62 51 2 13 31 15 51 28 37 63 60 47 23 45 10
0 : [43, 62, 77, 101, 274, 282, 292, 335] (32)
1 : [13, 39, 72, 147, 172, 192] (40)
2 : [193, 243, 244, 387] (41)
3 : [38, 54, 96, 136, 158, 220, 233, 336, 370] (40)
4 : [85, 189, 205] (44)
5 : [109, 110, 267, 330] (44)
6 : [12, 19, 76, 93, 173, 311, 355, 375] (41)
7 : [41, 151, 188, 270, 295, 321] (44)
8 : [31, 91, 99, 197, 216, 230, 328, 383] (41)
9 : [49, 209, 309] (41)
10 : [199, 284, 399] (43)
11 : [2, 87] (40)
12 : [10, 23, 50, 60, 66, 95, 108, 116, 132, 135, 157, 162, 174, 194, 298] (40)
13 : [88, 185, 259, 388] (42)
14 : [37, 55, 166, 261, 348] (47)
15 : [126, 198, 207, 265, 286, 390] (41)
16 : [6, 84, 92, 179, 203] (49)
17 : [58, 105, 237, 300, 324] (49)
18 : [14, 294, 301, 356, 365, 376] (42)
19 : [3, 44, 63, 128, 155] (50)
20 : [123, 130, 137, 145, 152, 164, 206, 296, 354, 361] (45)
21 : [5, 34, 187, 191, 344, 363] (48)
22 : [30, 57, 75, 178, 255, 345, 358, 381] (47)
23 : [184, 352, 380, 397] (43)
24 : [119, 331] (44)
25 : [1, 29, 36, 42, 45, 48, 68, 86, 127, 134, 141, 293, 305, 315, 316, 371] (39)
26 : [46, 161, 238] (45)
27 : [65, 107, 131, 190, 373] (41)
28 : [214, 288, 313, 347, 392] (44)
29 : [81, 146, 156, 248, 251, 372] (60)
30 : [69, 258, 304] (47)
31 : [27, 171, 283, 290, 389] (46)
32 : [83, 170, 177, 224, 227, 236, 302, 312, 366] (44)
33 : [8, 125, 159, 221, 222, 362] (50)
34 : [51, 74, 79, 117, 165, 306] (48)
35 : [33, 175, 213, 231, 252, 257, 279, 339] (49)
36 : [25, 28, 59, 181, 245, 318, 377] (54)
37 : [169, 228, 319, 393] (51)
38 : [94, 269, 276, 340, 346] (47)
39 : [11, 111, 139, 182, 211, 334] (53)
40 : [9, 71, 90, 113, 160, 180, 327] (60)
41 : [148, 226, 264, 338, 359, 379] (58)
42 : [64, 98, 100, 114, 143, 202, 219, 287] (59)
43 : [15, 104, 138, 291, 351] (58)
44 : [4, 266, 320, 368] (58)
45 : [67, 133, 217, 281, 303, 329, 369, 398] (59)
46 : [80, 150, 200, 278, 285, 310] (60)
47 : [73, 183, 232, 280, 396] (45)
48 : [21, 70, 242, 254, 262, 297, 308, 349, 374] (60)
49 : [35, 103, 176, 195, 235, 271, 272, 322, 350, 364] (59)
50 : [163, 196, 223, 326] (47)
51 : [124, 239, 247, 378, 386, 391] (59)
52 : [241, 367] (42)
53 : [240, 253, 357, 360] (56)
54 : [82, 186, 229, 256, 289, 382] (59)
55 : [115, 225, 246, 299, 384] (56)
56 : [18, 40, 106, 129, 212, 234, 332] (60)
57 : [167, 218, 307] (55)
58 : [20, 26, 140, 250, 268] (60)
59 : [52, 53, 97, 154, 249, 275, 277, 333, 353] (47)
60 : [22, 47, 78, 168, 204, 215, 341, 395] (60)
61 : [0, 16, 17, 24, 325, 343] (48)
62 : [61, 102, 149, 263, 273, 385] (60)
63 : [112, 120, 314, 337, 394] (60)
64 : [122, 142, 153, 260, 317] (60)
65 : [32, 56, 144, 201, 210, 342] (61)
66 : [7, 89, 118, 121, 208, 323] (44)
