Name: 800-50-80
Time: 57.64922761917114 
Result: 78081
Solution:  49 184 57 113 112 13 135 41 40 10 181 162 44 6 132 55 160 129 33 112 152 110 23 170 96 89 6 100 161 156 177 78 24 105 62 49 163 55 109 128 72 164 131 5 139 155 9 37 107 73 122 95 77 60 28 172 49 111 17 101 128 50 168 164 155 56 14 130 19 124 40 128 162 65 169 143 166 14 9 132 38 106 50 151 87 158 92 54 36 112 173 19 92 141 73 114 8 108 163 145 126 69 83 35 98 182 117 80 96 165 164 80 67 14 169 6 84 3 61 134 130 58 163 145 175 156 51 31 10 128 0 170 147 80 178 169 106 144 27 12 127 41 183 133 175 86 98 103 77 160 42 130 177 6 151 147 115 108 30 174 126 4 42 112 17 48 71 41 33 167 20 132 81 61 53 172 176 78 10 171 122 151 91 78 5 70 57 114 112 120 32 71 162 119 91 131 3 102 61 150 131 114 63 154 154 134 79 93 136 92 16 2 156 17 114 22 129 67 176 43 113 102 152 91 59 41 166 125 128 51 83 43 140 60 47 26 45 141 42 167 144 105 145 132 66 40 45 15 26 156 0 164 25 59 19 71 137 98 154 54 6 184 100 151 45 173 120 127 7 30 149 34 133 26 162 53 90 116 139 23 157 151 58 148 108 124 76 152 105 178 121 58 139 140 127 134 12 175 171 24 48 136 24 64 157 90 50 140 58 42 85 117 72 41 120 29 160 58 184 87 104 141 180 4 137 146 52 122 124 106 123 166 24 15 169 82 22 177 35 36 10 99 76 109 34 89 50 161 90 9 121 125 137 113 30 23 171 68 94 100 54 157 30 145 149 134 92 142 63 41 55 72 184 68 21 149 11 146 17 142 88 103 175 158 141 69 20 5 22 47 100 122 66 15 103 1 161 154 39 95 20 74 93 174 94 151 174 65 80 163 171 161 175 109 80 157 2 94 180 143 172 26 85 89 38 84 76 15 2 178 79 20 163 157 68 71 126 172 159 159 20 122 139 42 20 101 62 93 106 67 169 141 181 33 181 130 28 156 137 21 142 114 122 114 168 26 57 90 14 61 126 79 55 105 35 66 162 67 31 120 70 119 38 169 107 174 129 27 34 133 29 159 58 182 178 32 158 172 87 101 20 178 71 120 86 181 88 182 101 39 82 138 168 56 65 143 132 68 150 64 167 86 1 3 85 123 165 47 135 47 147 98 95 86 37 18 13 76 160 158 112 33 63 152 70 123 84 155 13 61 6 145 58 167 180 183 58 161 20 75 108 88 41 183 127 136 149 103 165 3 126 95 158 102 30 20 133 62 146 170 120 61 71 16 132 17 35 179 38 118 168 150 21 8 138 28 137 34 27 110 105 39 141 141 91 155 155 155 141 48 75 108 98 0 119 9 176 63 113 148 99 80 76 46 164 5 176 38 64 20 180 51 110 107 135 176 1 156 60 79 42 0 82 111 97 59 147 91 49 171 133 15 53 97 11 118 115 48 2 75 140 124 104 78 17 179 112 143 175 148 173 140 158 45 74 118 80 166 35 134 48 144 51 131 52 143 9 22 124 124 12 4 135 68 102 153 79 174 32 150 138 127 142 97 184 90 58 125 12 38 92 83 149 51 43 86 55 138 116 43 134 24 84 110 143 131 115 165 7 166 182 153 82 138 125 103 8 92 131 18 91 184 76 70 5 81 56 165 46 145 36 75 179 179 148 180 87 183 48 73 108 66 172 171 11 176 113 40 177 44 91 169 157 29 170 29 145 89 161 104 142 121 12 98 130 181 124 71 180 92 7 37 177 6 119 4 129 153 153 65
0 : [130, 250, 613, 641] (56)
1 : [395, 522, 636] (59)
2 : [211, 416, 428, 658] (54)
3 : [117, 196, 523, 569] (50)
4 : [161, 323, 691, 795] (52)
5 : [43, 184, 387, 625, 744] (40)
6 : [13, 26, 115, 153, 260, 550, 793] (44)
7 : [268, 728, 790] (51)
8 : [96, 593, 736] (50)
9 : [46, 78, 349, 615, 686] (57)
10 : [9, 128, 178, 340] (51)
11 : [376, 654, 764] (62)
12 : [139, 296, 690, 708, 782] (79)
13 : [5, 536, 548] (58)
14 : [66, 77, 113, 468] (53)
15 : [247, 333, 393, 427, 651] (48)
16 : [210, 583] (65)
17 : [58, 164, 213, 378, 585, 664] (54)
18 : [535, 739] (61)
19 : [68, 91, 254] (55)
20 : [170, 386, 400, 431, 440, 444, 500, 558, 575, 629] (47)
21 : [374, 459, 592] (51)
22 : [215, 336, 388, 687] (53)
23 : [22, 279, 355] (50)
24 : [32, 299, 302, 332, 721] (54)
25 : [252] (7)
26 : [235, 248, 273, 421, 465] (51)
27 : [138, 487, 598] (41)
28 : [54, 456, 595] (50)
29 : [315, 490, 773, 775] (56)
30 : [158, 269, 354, 362, 574] (57)
31 : [127, 478] (54)
32 : [190, 495, 698] (58)
33 : [18, 168, 453, 541] (65)
34 : [271, 344, 488, 597] (69)
35 : [103, 338, 474, 586, 678] (61)
36 : [88, 339, 750] (50)
37 : [47, 534, 791] (59)
38 : [80, 424, 482, 588, 627, 709] (64)
39 : [398, 509, 601] (57)
40 : [8, 70, 245, 767] (68)
41 : [7, 141, 167, 225, 313, 369, 562] (68)
42 : [150, 162, 238, 309, 443, 640] (80)
43 : [219, 231, 714, 719] (61)
44 : [12, 769] (58)
45 : [236, 246, 264, 673] (56)
46 : [623, 748] (55)
47 : [234, 389, 527, 529] (56)
48 : [165, 300, 609, 657, 680, 758] (52)
49 : [0, 35, 56, 648] (13)
50 : [61, 82, 306, 346] (51)
51 : [126, 229, 631, 682, 713] (55)
52 : [326, 684] (55)
53 : [174, 275, 652] (57)
54 : [87, 259, 360] (64)
55 : [15, 37, 370, 472, 716] (66)
56 : [65, 513, 746] (65)
57 : [2, 186, 466] (51)
58 : [121, 282, 291, 308, 317, 492, 552, 556, 706] (46)
59 : [224, 253, 645] (75)
60 : [53, 233, 638] (51)
61 : [118, 173, 198, 469, 549, 581] (67)
62 : [34, 446, 577] (60)
63 : [202, 368, 542, 617] (77)
64 : [303, 519, 628] (59)
65 : [73, 407, 514, 799] (54)
66 : [244, 392, 475, 761] (67)
67 : [112, 217, 449, 477] (64)
68 : [357, 373, 434, 517, 693] (71)
69 : [101, 385] (64)
70 : [185, 480, 544, 743] (53)
71 : [166, 191, 255, 435, 502, 582, 787] (54)
72 : [40, 312, 371] (56)
73 : [49, 94, 759] (58)
74 : [401, 674] (71)
75 : [559, 610, 659, 751] (63)
76 : [286, 342, 426, 537, 622, 742] (54)
77 : [52, 148] (59)
78 : [31, 177, 183, 663] (58)
79 : [206, 430, 471, 639, 696] (75)
80 : [107, 111, 133, 408, 414, 621, 676] (50)
81 : [172, 745] (71)
82 : [335, 510, 642, 732] (56)
83 : [102, 230, 711] (78)
84 : [116, 425, 546, 722] (72)
85 : [310, 422, 524] (59)
86 : [145, 504, 521, 533, 715] (55)
87 : [84, 319, 498, 756] (52)
88 : [380, 506, 561] (53)
89 : [25, 345, 423, 777] (72)
90 : [276, 305, 348, 467, 705] (78)
91 : [182, 194, 223, 604, 647, 740, 770] (69)
92 : [86, 92, 209, 366, 710, 737, 789] (81)
93 : [207, 402, 447] (59)
94 : [358, 404, 417] (66)
95 : [51, 399, 532, 571] (69)
96 : [24, 108] (58)
97 : [644, 653, 703] (79)
98 : [104, 146, 257, 531, 612, 783] (72)
99 : [341, 620] (67)
100 : [27, 262, 359, 390] (79)
101 : [59, 445, 499, 508] (80)
102 : [197, 221, 573, 694] (65)
103 : [147, 381, 394, 567, 735] (51)
104 : [320, 662, 779] (66)
105 : [33, 241, 288, 473, 600] (64)
106 : [81, 136, 329, 448] (63)
107 : [48, 484, 633] (52)
108 : [97, 157, 284, 560, 611, 760] (67)
109 : [38, 343, 413] (61)
110 : [21, 599, 632, 723] (69)
111 : [57, 643] (69)
112 : [4, 19, 89, 163, 188, 540, 666] (67)
113 : [3, 220, 353, 618, 766] (80)
114 : [95, 187, 201, 214, 461, 463] (78)
115 : [156, 656, 726] (79)
116 : [277, 718] (53)
117 : [106, 311] (75)
118 : [589, 655, 675] (79)
119 : [193, 481, 614, 794] (58)
120 : [189, 266, 314, 479, 503, 580] (68)
121 : [290, 350, 781] (65)
122 : [50, 180, 327, 391, 441, 462] (79)
123 : [330, 525, 545] (88)
124 : [69, 285, 328, 661, 688, 689, 786] (79)
125 : [227, 351, 707, 734] (69)
126 : [100, 160, 436, 470, 570] (64)
127 : [140, 267, 294, 564, 701] (64)
128 : [39, 60, 71, 129, 228] (79)
129 : [17, 216, 486, 796] (79)
130 : [67, 120, 151, 455, 784] (76)
131 : [42, 195, 200, 683, 725, 738] (80)
132 : [14, 79, 171, 243, 516, 584] (80)
133 : [143, 272, 489, 576, 650] (80)
134 : [119, 205, 295, 365, 679, 720] (70)
135 : [6, 528, 634, 692] (77)
136 : [208, 301, 565] (61)
137 : [256, 324, 352, 458, 596] (79)
138 : [511, 594, 700, 717, 733] (79)
139 : [44, 278, 292, 442] (70)
140 : [232, 293, 307, 660, 671] (72)
141 : [93, 237, 321, 384, 451, 602, 603, 608] (74)
142 : [367, 379, 460, 702, 780] (58)
143 : [75, 419, 515, 667, 685, 724] (71)
144 : [137, 240, 681] (60)
145 : [99, 123, 242, 363, 551, 749, 776] (67)
146 : [325, 377, 578] (75)
147 : [132, 155, 530, 646] (73)
148 : [283, 619, 669, 754] (78)
149 : [270, 364, 375, 566, 712] (54)
150 : [199, 518, 591, 699] (78)
151 : [83, 154, 181, 263, 281, 405] (80)
152 : [20, 222, 287, 543] (80)
153 : [695, 731, 797, 798] (80)
154 : [203, 204, 258, 397] (80)
155 : [45, 64, 547, 605, 606, 607] (80)
156 : [29, 125, 212, 249, 457, 637] (79)
157 : [280, 304, 361, 415, 433, 772] (78)
158 : [85, 383, 496, 539, 572, 672] (80)
159 : [438, 439, 491] (80)
160 : [16, 149, 316, 538] (78)
161 : [28, 347, 396, 411, 557, 778] (80)
162 : [11, 72, 192, 274, 476] (80)
163 : [36, 98, 122, 409, 432] (80)
164 : [41, 63, 110, 251, 624] (80)
165 : [109, 526, 568, 727, 747] (79)
166 : [76, 226, 331, 677, 729] (70)
167 : [169, 239, 520, 553] (76)
168 : [62, 464, 512, 590] (65)
169 : [74, 114, 135, 334, 450, 483, 771] (77)
170 : [23, 131, 579, 774] (70)
171 : [179, 298, 356, 410, 649, 763] (78)
172 : [55, 175, 420, 437, 497, 762] (79)
173 : [90, 265, 670] (80)
174 : [159, 403, 406, 485, 697] (75)
175 : [124, 144, 297, 382, 412, 668] (80)
176 : [176, 218, 616, 626, 635, 765] (80)
177 : [30, 152, 337, 768, 792] (80)
178 : [134, 289, 429, 494, 501] (79)
179 : [587, 665, 752, 753] (80)
180 : [322, 418, 554, 630, 755, 788] (87)
181 : [10, 452, 454, 505, 785] (76)
182 : [105, 493, 507, 730] (78)
183 : [142, 555, 563, 757] (80)
184 : [1, 261, 318, 372, 704, 741] (88)
