Name: 60-10-15
Time: 1.299816370010376 
Result: 13
Solution:  5 12 15 8 11 10 15 7 10 6 11 6 12 10 6 4 3 9 2 4 15 8 14 7 9 5 13 10 7 5 10 13 5 11 9 8 14 4 13 15 3 13 9 2 6 9 3 3 15 7 7 13 12 5 2 6 4 2 11 2
0 : [] (0)
1 : [] (0)
2 : [18, 43, 54, 57, 59] (12)
3 : [16, 40, 46, 47] (13)
4 : [15, 19, 37, 56] (11)
5 : [0, 25, 29, 32, 53] (11)
6 : [9, 11, 14, 44, 55] (12)
7 : [7, 23, 28, 49, 50] (12)
8 : [3, 21, 35] (13)
9 : [17, 24, 34, 42, 45] (13)
10 : [5, 8, 13, 27, 30] (10)
11 : [4, 10, 33, 58] (13)
12 : [1, 12, 52] (12)
13 : [26, 31, 38, 41, 51] (11)
14 : [22, 36] (12)
15 : [2, 6, 20, 39, 48] (10)
16 : [] (0)
17 : [] (0)
