Name: 60-10-15
Time: 1.3107244968414307 
Result: 13
Solution:  5 10 15 9 12 5 15 7 10 7 11 6 11 8 8 6 4 7 2 1 15 3 12 7 9 2 14 10 7 6 10 13 6 11 9 9 15 4 11 15 1 14 9 2 8 8 5 4 14 7 10 13 13 6 3 5 5 2 14 1
0 : [] (0)
1 : [19, 40, 59] (10)
2 : [18, 25, 43, 57] (10)
3 : [21, 54] (11)
4 : [16, 37, 47] (10)
5 : [0, 5, 46, 55, 56] (11)
6 : [11, 15, 29, 32, 53] (10)
7 : [7, 9, 17, 23, 28, 49] (12)
8 : [13, 14, 44, 45] (12)
9 : [3, 24, 34, 35, 42] (12)
10 : [1, 8, 27, 30, 50] (12)
11 : [10, 12, 33, 38] (11)
12 : [4, 22] (13)
13 : [31, 51, 52] (11)
14 : [26, 41, 48, 58] (10)
15 : [2, 6, 20, 36, 39] (10)
16 : [] (0)
17 : [] (0)
