Name: 60-10-15
Time: 1.3163115978240967 
Result: 12
Solution:  4 11 11 9 12 5 15 7 10 6 11 8 11 9 6 5 5 8 1 1 15 3 14 8 10 4 12 10 6 9 10 13 5 12 10 8 15 4 11 15 1 15 8 2 7 7 3 4 14 7 6 13 13 7 2 2 6 2 9 2
0 : [] (0)
1 : [18, 19, 40] (10)
2 : [43, 54, 55, 57, 59] (11)
3 : [21, 46] (11)
4 : [0, 25, 37, 47] (12)
5 : [5, 15, 16, 32] (11)
6 : [9, 14, 28, 50, 56] (11)
7 : [7, 44, 45, 49, 53] (11)
8 : [11, 17, 23, 35, 42] (12)
9 : [3, 13, 29, 58] (11)
10 : [8, 24, 27, 30, 34] (11)
11 : [1, 2, 10, 12, 38] (10)
12 : [4, 26, 33] (11)
13 : [31, 51, 52] (11)
14 : [22, 48] (12)
15 : [6, 20, 36, 39, 41] (10)
16 : [] (0)
17 : [] (0)
