Name: 60-10-15
Time: 1.3285126686096191 
Result: 12
Solution:  5 11 15 8 11 7 13 7 9 7 11 6 12 10 9 5 4 9 1 1 11 3 15 7 12 5 14 10 10 8 12 13 6 12 10 9 14 4 12 14 2 11 8 2 8 7 3 4 14 6 6 10 13 6 2 2 5 2 14 1
0 : [] (0)
1 : [18, 19, 59] (10)
2 : [40, 43, 54, 55, 57] (11)
3 : [21, 46] (11)
4 : [16, 37, 47] (10)
5 : [0, 15, 25, 56] (10)
6 : [11, 32, 49, 50, 53] (10)
7 : [5, 7, 9, 23, 45] (11)
8 : [3, 29, 42, 44] (10)
9 : [8, 14, 17, 35] (12)
10 : [13, 27, 28, 34, 51] (11)
11 : [1, 4, 10, 20, 41] (12)
12 : [12, 24, 30, 33, 38] (12)
13 : [6, 31, 52] (12)
14 : [26, 36, 39, 48, 58] (12)
15 : [2, 22] (11)
16 : [] (0)
17 : [] (0)
