Name: 60-10-15
Time: 1.285893440246582 
Result: 13
Solution:  4 12 14 8 11 9 14 7 12 7 11 6 11 10 5 6 4 10 2 2 14 3 15 7 10 5 14 9 7 8 10 13 6 11 9 8 13 4 13 14 3 13 8 2 8 9 5 4 15 7 6 13 12 7 2 2 7 6 10 5
0 : [] (0)
1 : [] (0)
2 : [18, 19, 43, 54, 55] (13)
3 : [21, 40] (11)
4 : [0, 16, 37, 47] (12)
5 : [14, 25, 46, 59] (13)
6 : [11, 15, 32, 50, 57] (12)
7 : [7, 9, 23, 28, 49, 53, 56] (11)
8 : [3, 29, 35, 42, 44] (13)
9 : [5, 27, 34, 45] (12)
10 : [13, 17, 24, 30, 58] (11)
11 : [4, 10, 12, 33] (12)
12 : [1, 8, 52] (12)
13 : [31, 36, 38, 41, 51] (10)
14 : [2, 6, 20, 26, 39] (11)
15 : [22, 48] (12)
16 : [] (0)
17 : [] (0)
