Name: 60-10-15
Time: 1.3326854705810547 
Result: 13
Solution:  5 11 13 8 12 6 15 9 10 8 11 6 11 8 5 4 4 10 4 2 15 7 14 7 11 3 14 10 9 8 12 13 5 12 9 12 15 4 11 15 2 11 8 2 6 9 5 3 15 6 8 10 13 6 3 2 3 2 10 5
0 : [] (0)
1 : [] (0)
2 : [19, 40, 43, 55, 57] (12)
3 : [25, 47, 54, 56] (11)
4 : [15, 16, 18, 37] (13)
5 : [0, 14, 32, 46, 59] (12)
6 : [5, 11, 44, 49, 53] (12)
7 : [21, 23] (11)
8 : [3, 9, 13, 29, 42, 50] (13)
9 : [7, 28, 34, 45] (11)
10 : [8, 17, 27, 51, 58] (12)
11 : [1, 10, 12, 24, 38, 41] (11)
12 : [4, 30, 33, 35] (12)
13 : [2, 31, 52] (11)
14 : [22, 26] (13)
15 : [6, 20, 36, 39, 48] (11)
16 : [] (0)
17 : [] (0)
