Name: 60-20-30
Time: 1.2774200439453125 
Result: 25
Solution:  8 4 14 6 11 11 7 15 10 3 9 6 7 15 9 16 8 16 3 14 7 6 4 3 13 8 13 5 14 14 8 4 4 10 13 15 6 10 10 8 10 16 4 5 3 4 9 7 11 14 9 13 12 14 14 11 5 16 8 12
0 : [] (0)
1 : [] (0)
2 : [] (0)
3 : [9, 18, 23, 44] (21)
4 : [1, 22, 31, 32, 42, 45] (24)
5 : [27, 43, 56] (20)
6 : [3, 11, 21, 36] (23)
7 : [6, 12, 20, 47] (23)
8 : [0, 16, 25, 30, 39, 58] (25)
9 : [10, 14, 46, 50] (25)
10 : [8, 33, 37, 38, 40] (23)
11 : [4, 5, 48, 55] (23)
12 : [52, 59] (21)
13 : [24, 26, 34, 51] (24)
14 : [2, 19, 28, 29, 49, 53, 54] (25)
15 : [7, 13, 35] (24)
16 : [15, 17, 41, 57] (24)
17 : [] (0)
