Name: 60-20-30
Time: 1.318593978881836 
Result: 25
Solution:  8 4 13 6 10 11 7 14 13 3 9 5 8 15 9 16 6 12 8 11 6 7 4 3 13 11 13 5 12 16 8 7 3 8 12 15 5 14 11 6 10 16 4 8 4 3 9 5 10 16 11 14 12 14 11 7 4 15 5 12
0 : [] (0)
1 : [] (0)
2 : [] (0)
3 : [9, 23, 32, 45] (20)
4 : [1, 22, 42, 44, 56] (25)
5 : [11, 27, 36, 47, 58] (23)
6 : [3, 16, 20, 39] (23)
7 : [6, 21, 31, 55] (23)
8 : [0, 12, 18, 30, 33, 43] (24)
9 : [10, 14, 46] (21)
10 : [4, 40, 48] (24)
11 : [5, 19, 25, 38, 50, 54] (25)
12 : [17, 28, 34, 52, 59] (25)
13 : [2, 8, 24, 26] (24)
14 : [7, 37, 51, 53] (23)
15 : [13, 35, 57] (23)
16 : [15, 29, 41, 49] (22)
17 : [] (0)
