Name: 60-20-30
Time: 1.253380298614502 
Result: 26
Solution:  7 6 14 5 10 11 9 15 12 3 8 9 8 15 10 16 7 16 3 11 6 7 6 3 13 7 8 5 14 14 13 3 4 8 15 14 6 14 9 6 10 15 4 7 5 3 9 5 11 15 9 13 12 14 13 7 4 16 5 12
0 : [] (0)
1 : [] (0)
2 : [] (0)
3 : [9, 18, 23, 31, 45] (26)
4 : [32, 42, 56] (20)
5 : [3, 27, 44, 47, 58] (23)
6 : [1, 20, 22, 36, 39] (26)
7 : [0, 16, 21, 25, 43, 55] (21)
8 : [10, 12, 26, 33] (22)
9 : [6, 11, 38, 46, 50] (22)
10 : [4, 14, 40] (24)
11 : [5, 19, 48] (22)
12 : [8, 52, 59] (26)
13 : [24, 30, 51, 54] (25)
14 : [2, 28, 29, 35, 37, 53] (26)
15 : [7, 13, 34, 41, 49] (21)
16 : [15, 17, 57] (21)
17 : [] (0)
