Name: 60-20-30
Time: 1.2880597114562988 
Result: 25
Solution:  8 4 13 7 10 11 9 15 11 3 8 5 7 15 9 16 6 12 4 11 6 6 4 3 13 9 8 6 14 16 12 3 4 8 10 14 5 13 8 7 10 16 4 7 3 3 13 9 10 15 11 15 12 14 14 8 5 14 5 12
0 : [] (0)
1 : [] (0)
2 : [] (0)
3 : [9, 23, 31, 44, 45] (20)
4 : [1, 18, 22, 32, 42] (25)
5 : [11, 36, 56, 58] (23)
6 : [16, 20, 21, 27] (21)
7 : [3, 12, 39, 43] (25)
8 : [0, 10, 26, 33, 38, 55] (20)
9 : [6, 14, 25, 47] (25)
10 : [4, 34, 40, 48] (25)
11 : [5, 8, 19, 50] (24)
12 : [17, 30, 52, 59] (25)
13 : [2, 24, 37, 46] (25)
14 : [28, 35, 53, 54, 57] (25)
15 : [7, 13, 49, 51] (22)
16 : [15, 29, 41] (20)
17 : [] (0)
