Name: 60-20-30
Time: 1.3100404739379883 
Result: 25
Solution:  8 6 13 6 11 11 8 15 11 3 9 8 8 15 9 16 7 16 3 14 7 6 5 4 13 9 10 6 12 16 9 4 5 8 13 15 7 14 9 7 10 16 4 5 4 3 13 5 10 16 10 11 12 13 14 7 4 14 5 12
0 : [] (0)
1 : [] (0)
2 : [] (0)
3 : [9, 18, 45] (22)
4 : [23, 31, 42, 44, 56] (21)
5 : [22, 32, 43, 47, 58] (23)
6 : [1, 3, 21, 27] (24)
7 : [16, 20, 36, 39, 55] (23)
8 : [0, 6, 11, 12, 33] (22)
9 : [10, 14, 25, 30, 38] (23)
10 : [26, 40, 48, 50] (23)
11 : [4, 5, 8, 51] (25)
12 : [28, 52, 59] (23)
13 : [2, 24, 34, 46, 53] (24)
14 : [19, 37, 54, 57] (25)
15 : [7, 13, 35] (24)
16 : [15, 17, 29, 41, 49] (23)
17 : [] (0)
