Name: 60-35-50
Time: 1.3635265827178955 
Result: 44
Solution:  13 2 9 3 9 7 5 9 16 16 12 5 12 13 9 2 4 13 14 7 7 14 10 11 2 8 11 12 10 6 14 4 2 8 5 4 11 16 3 13 8 5 6 13 13 6 8 11 6 14 4 10 8 6 7 3 10 11 2 14
0 : [] (0)
1 : [] (0)
2 : [1, 15, 24, 32, 58] (38)
3 : [3, 38, 55] (44)
4 : [16, 31, 35, 50] (39)
5 : [6, 11, 34, 41] (41)
6 : [29, 42, 45, 48, 53] (39)
7 : [5, 19, 20, 54] (40)
8 : [25, 33, 40, 46, 52] (37)
9 : [2, 4, 7, 14] (41)
10 : [22, 28, 51, 56] (40)
11 : [23, 26, 36, 47, 57] (36)
12 : [10, 12, 27] (40)
13 : [0, 13, 17, 39, 43, 44] (35)
14 : [18, 21, 30, 49, 59] (36)
15 : [] (0)
16 : [8, 9, 37] (36)
17 : [] (0)
