Name: 60-35-50
Time: 1.3580210208892822 
Result: 40
Solution:  13 2 8 3 9 4 2 7 13 15 12 5 12 14 9 3 6 14 14 7 11 13 6 10 4 6 13 13 8 5 15 4 3 10 6 5 11 15 3 15 12 7 8 14 14 6 7 10 9 12 2 10 8 5 6 4 9 6 2 13
0 : [] (0)
1 : [] (0)
2 : [1, 6, 50, 58] (40)
3 : [3, 15, 32, 38] (37)
4 : [5, 24, 31, 55] (40)
5 : [11, 29, 35, 53] (40)
6 : [16, 22, 25, 34, 45, 54, 57] (35)
7 : [7, 19, 41, 46] (39)
8 : [2, 28, 42, 52] (40)
9 : [4, 14, 48, 56] (40)
10 : [23, 33, 47, 51] (38)
11 : [20, 36] (40)
12 : [10, 12, 40, 49] (39)
13 : [0, 8, 21, 26, 27, 59] (39)
14 : [13, 17, 18, 43, 44] (40)
15 : [9, 30, 37, 39] (35)
16 : [] (0)
17 : [] (0)
