Name: 60-35-50
Time: 1.3588550090789795 
Result: 44
Solution:  13 3 8 3 9 4 4 7 16 16 12 6 13 13 9 3 6 14 12 7 11 14 5 11 4 7 13 12 9 5 14 7 2 8 5 2 9 16 3 14 8 3 5 14 13 5 6 10 9 10 5 10 8 2 6 4 10 6 2 14
0 : [] (0)
1 : [] (0)
2 : [32, 35, 53, 58] (44)
3 : [1, 3, 15, 38, 41] (40)
4 : [5, 6, 24, 55] (39)
5 : [22, 29, 34, 42, 45, 50] (40)
6 : [11, 16, 46, 54, 57] (36)
7 : [7, 19, 25, 31] (41)
8 : [2, 33, 40, 52] (35)
9 : [4, 14, 28, 36, 48] (40)
10 : [47, 49, 51, 56] (42)
11 : [20, 23] (39)
12 : [10, 18, 27] (39)
13 : [0, 12, 13, 26, 44] (36)
14 : [17, 21, 30, 39, 43, 59] (35)
15 : [] (0)
16 : [8, 9, 37] (36)
17 : [] (0)
