Name: 60-35-50
Time: 1.3142063617706299 
Result: 44
Solution:  11 4 11 3 9 4 4 8 16 13 12 7 16 13 9 4 5 11 14 7 10 14 6 11 2 9 9 12 9 6 14 4 2 7 4 5 9 16 3 12 12 6 5 13 13 4 8 12 5 14 2 10 8 6 5 6 8 7 3 14
0 : [] (0)
1 : [] (0)
2 : [24, 32, 50] (37)
3 : [3, 38, 58] (39)
4 : [1, 5, 6, 15, 31, 34, 45] (36)
5 : [16, 35, 42, 48, 54] (35)
6 : [22, 29, 41, 53, 55] (40)
7 : [11, 19, 33, 57] (38)
8 : [7, 46, 52, 56] (44)
9 : [4, 14, 25, 26, 28, 36] (43)
10 : [20, 51] (43)
11 : [0, 2, 17, 23] (40)
12 : [10, 27, 39, 40, 47] (36)
13 : [9, 13, 43, 44] (36)
14 : [18, 21, 30, 49, 59] (36)
15 : [] (0)
16 : [8, 12, 37] (39)
17 : [] (0)
