Name: 60-35-50
Time: 1.3094117641448975 
Result: 40
Solution:  13 2 8 2 9 7 5 7 14 16 12 5 16 12 9 2 5 9 14 7 11 11 8 10 4 6 10 13 10 5 12 6 2 7 3 4 12 14 3 13 12 7 6 13 14 5 9 12 8 13 4 10 8 6 8 3 9 10 2 10
0 : [] (0)
1 : [] (0)
2 : [1, 3, 15, 32, 58] (38)
3 : [34, 38, 55] (38)
4 : [24, 35, 50] (38)
5 : [6, 11, 16, 29, 45] (38)
6 : [25, 31, 42, 53] (40)
7 : [5, 7, 19, 33, 41] (38)
8 : [2, 22, 48, 52, 54] (38)
9 : [4, 14, 17, 46, 56] (40)
10 : [23, 26, 28, 51, 57, 59] (40)
11 : [20, 21] (37)
12 : [10, 13, 30, 36, 40, 47] (40)
13 : [0, 27, 39, 43, 49] (39)
14 : [8, 18, 37, 44] (39)
15 : [] (0)
16 : [9, 12] (39)
17 : [] (0)
