Name: 60-35-50
Time: 1.3293602466583252 
Result: 43
Solution:  12 2 6 2 9 4 3 10 14 11 12 8 13 14 9 3 6 9 14 7 7 10 8 11 4 8 9 13 10 5 11 4 3 7 6 4 12 14 3 11 8 5 9 13 13 3 6 12 5 11 2 10 8 4 6 5 9 6 2 11
0 : [] (0)
1 : [] (0)
2 : [1, 3, 50, 58] (43)
3 : [6, 15, 32, 38, 45] (42)
4 : [5, 24, 31, 35, 53] (43)
5 : [29, 41, 48, 55] (40)
6 : [2, 16, 34, 46, 54, 57] (42)
7 : [19, 20, 33] (43)
8 : [11, 22, 25, 40, 52] (41)
9 : [4, 14, 17, 26, 42, 56] (42)
10 : [7, 21, 28, 51] (41)
11 : [9, 23, 30, 39, 49, 59] (43)
12 : [0, 10, 36, 47] (37)
13 : [12, 27, 43, 44] (43)
14 : [8, 13, 18, 37] (42)
15 : [] (0)
16 : [] (0)
17 : [] (0)
