Name: 60-50-75
Time: 1.4010131359100342 
Result: 64
Solution:  4 11 7 6 14 13 9 12 6 15 3 10 5 10 4 8 9 7 3 3 11 7 3 10 8 5 7 12 14 3 10 7 4 10 15 8 5 3 9 7 4 16 8 9 13 15 13 12 11 5 16 7 15 8 16 13 12 6 12 13
0 : [] (0)
1 : [] (0)
2 : [] (0)
3 : [10, 18, 19, 22, 29, 37] (63)
4 : [0, 14, 32, 40] (59)
5 : [12, 25, 36, 49] (59)
6 : [3, 8, 57] (59)
7 : [2, 17, 21, 26, 31, 39, 51] (63)
8 : [15, 24, 35, 42, 53] (51)
9 : [6, 16, 38, 43] (64)
10 : [11, 13, 23, 30, 33] (62)
11 : [1, 20, 48] (58)
12 : [7, 27, 47, 56, 58] (64)
13 : [5, 44, 46, 55, 59] (61)
14 : [4, 28] (51)
15 : [9, 34, 45, 52] (56)
16 : [41, 50, 54] (56)
17 : [] (0)
18 : [] (0)
