Name: 60-50-75
Time: 1.4152023792266846 
Result: 62
Solution:  4 11 7 8 16 12 9 13 3 15 4 12 6 12 3 10 11 8 3 6 9 8 6 10 7 3 5 13 15 6 12 7 5 10 14 8 4 3 9 6 5 14 8 11 14 16 10 14 10 8 16 6 15 11 16 13 13 5 12 14
0 : [] (0)
1 : [] (0)
2 : [] (0)
3 : [8, 14, 18, 25, 37] (62)
4 : [0, 10, 36] (59)
5 : [26, 32, 40, 57] (52)
6 : [12, 19, 22, 29, 39, 51] (52)
7 : [2, 24, 31] (59)
8 : [3, 17, 21, 35, 42, 49] (62)
9 : [6, 20, 38] (59)
10 : [15, 23, 33, 46, 48] (59)
11 : [1, 16, 43, 53] (58)
12 : [5, 11, 13, 30, 58] (62)
13 : [7, 27, 55, 56] (62)
14 : [34, 41, 44, 47, 59] (59)
15 : [9, 28, 52] (59)
16 : [4, 45, 50, 54] (62)
17 : [] (0)
18 : [] (0)
