Name: 60-50-75
Time: 1.3229961395263672 
Result: 64
Solution:  4 11 7 6 16 13 9 12 3 15 6 10 5 12 8 10 9 8 3 3 11 8 3 10 7 4 4 16 14 6 11 7 4 9 15 8 3 4 10 6 5 16 8 9 13 16 13 11 12 5 15 9 16 8 14 13 10 5 13 13
0 : [] (0)
1 : [] (0)
2 : [] (0)
3 : [8, 18, 19, 22, 36] (51)
4 : [0, 25, 26, 32, 37] (51)
5 : [12, 40, 49, 57] (56)
6 : [3, 10, 29, 39] (64)
7 : [2, 24, 31] (59)
8 : [14, 17, 21, 35, 42, 53] (62)
9 : [6, 16, 33, 43, 51] (63)
10 : [11, 15, 23, 38, 56] (58)
11 : [1, 20, 30, 47] (64)
12 : [7, 13, 48] (51)
13 : [5, 44, 46, 55, 58, 59] (62)
14 : [28, 54] (62)
15 : [9, 34, 50] (61)
16 : [4, 27, 41, 45, 52] (62)
17 : [] (0)
18 : [] (0)
