Name: 60-50-75
Time: 1.3507335186004639 
Result: 62
Solution:  4 11 7 8 16 14 9 13 7 15 5 10 5 12 3 10 11 7 3 3 9 7 3 10 8 5 3 12 15 4 10 7 4 12 14 8 6 3 9 5 4 14 8 10 13 15 13 11 11 5 16 11 16 7 16 13 11 6 13 13
0 : [] (0)
1 : [] (0)
2 : [] (0)
3 : [14, 18, 19, 22, 26, 37] (50)
4 : [0, 29, 32, 40] (54)
5 : [10, 12, 25, 39, 49] (61)
6 : [36, 57] (59)
7 : [2, 8, 17, 21, 31, 53] (61)
8 : [3, 24, 35, 42] (58)
9 : [6, 20, 38] (59)
10 : [11, 15, 23, 30, 43] (61)
11 : [1, 16, 47, 48, 51, 56] (61)
12 : [13, 27, 33] (59)
13 : [7, 44, 46, 55, 58, 59] (60)
14 : [5, 34, 41] (62)
15 : [9, 28, 45] (60)
16 : [4, 50, 52, 54] (61)
17 : [] (0)
18 : [] (0)
