Name: 60-50-75
Time: 1.3258190155029297 
Result: 63
Solution:  5 11 7 6 13 14 9 12 5 15 4 13 8 12 4 8 14 8 3 4 11 8 4 10 7 3 7 13 15 6 10 7 3 10 14 8 3 4 9 6 5 16 8 9 13 14 10 14 11 6 16 8 16 8 16 13 12 5 15 13
0 : [] (0)
1 : [] (0)
2 : [] (0)
3 : [18, 25, 32, 36] (60)
4 : [10, 14, 19, 22, 37] (62)
5 : [0, 8, 40, 57] (60)
6 : [3, 29, 39, 49] (59)
7 : [2, 24, 26, 31] (60)
8 : [12, 15, 17, 21, 35, 42, 51, 53] (53)
9 : [6, 38, 43] (60)
10 : [23, 30, 33, 46] (55)
11 : [1, 20, 48] (58)
12 : [7, 13, 56] (63)
13 : [4, 11, 27, 44, 55, 59] (60)
14 : [5, 16, 34, 45, 47] (60)
15 : [9, 28, 58] (56)
16 : [41, 50, 52, 54] (60)
17 : [] (0)
18 : [] (0)
