200 30 45
3 13 16
4 18 27
10 17 27
3 10 20
1 6 10
9 28 29
19 3 13
3 22 28
13 9 13
6 12 15
5 11 11
2 10 17
11 19 22
1 9 16
3 10 17
1 21 27
5 21 27
1 17 20
6 0 9
4 14 22
5 5 10
3 26 29
1 4 11
9 1 5
10 7 14
3 0 6
17 14 22
3 22 29
7 26 29
2 3 7
4 17 20
4 12 16
3 0 6
12 25 27
13 28 29
10 21 27
10 3 7
9 17 22
1 14 25
1 19 29
2 13 20
16 3 8
2 28 29
4 1 4
1 15 22
2 20 28
1 4 11
7 2 9
1 19 24
3 0 6
15 11 16
3 5 12
6 16 21
12 0 9
11 22 29
11 9 21
5 21 25
16 22 28
1 22 29
11 20 26
15 16 18
7 20 27
2 10 20
2 28 29
4 11 19
5 17 20
6 3 10
3 0 6
1 0 1
14 11 16
11 0 3
10 21 29
1 19 22
1 4 10
2 6 9
1 5 8
3 20 29
13 22 29
4 15 25
6 15 16
2 13 17
3 14 24
5 2 3
16 18 26
24 0 8
1 10 16
1 20 23
7 21 24
1 0 6
2 7 13
1 6 11
2 0 10
4 17 22
1 10 15
2 10 17
2 13 16
13 15 20
5 22 29
1 11 20
4 29 29
15 21 29
3 0 3
7 12 18
1 0 8
5 11 14
5 22 29
9 19 24
3 12 13
4 23 28
4 1 7
8 3 8
8 0 3
9 28 29
13 21 29
3 21 23
1 3 9
9 20 26
1 6 14
4 5 13
2 14 22
1 19 24
1 18 25
6 2 11
6 13 20
7 18 24
3 19 25
14 7 15
5 0 5
2 9 10
4 23 28
5 10 21
12 25 29
14 7 14
7 12 21
3 0 1
4 7 13
6 0 0
12 22 27
3 7 10
1 1 4
4 27 29
8 0 9
2 18 20
2 26 29
13 8 11
4 7 15
13 5 10
2 24 29
5 15 19
3 20 22
3 13 17
9 0 3
8 8 13
2 3 5
11 27 29
5 18 29
1 18 20
12 0 3
12 18 23
5 11 19
1 11 19
3 17 26
5 10 13
1 2 6
2 8 16
5 19 22
5 11 13
1 3 8
9 19 21
7 13 20
5 7 11
1 15 24
4 0 2
4 20 25
6 10 16
4 4 5
7 6 11
13 24 29
7 1 10
1 8 15
1 9 14
1 0 7
1 12 24
2 19 27
4 9 13
6 0 3
1 27 27
3 0 6
2 2 7
1 18 28
3 0 6
3 6 12
7 26 28
8 20 28
1 22 29
7 8 15
18 18 26
11 7 18
3 7 15
4 14 23
