200 40 60
9 26 28
1 21 32
1 0 1
19 14 24
5 1 8
11 19 27
6 11 21
17 18 20
11 20 29
2 19 31
26 26 32
1 10 18
4 25 32
1 17 24
6 0 3
2 27 30
1 3 5
5 16 16
3 15 23
11 2 10
1 23 31
15 27 31
9 5 15
4 12 16
3 21 29
23 20 23
20 4 7
4 15 20
23 22 29
9 27 29
3 17 24
6 1 11
3 0 5
5 2 6
2 26 32
7 0 6
3 0 4
1 12 19
6 15 23
14 25 32
6 31 32
13 1 2
5 9 17
11 18 20
7 0 4
2 2 8
24 15 16
10 14 20
3 0 0
2 24 29
13 6 10
6 8 17
3 14 21
10 9 18
3 0 4
3 18 20
2 0 10
4 0 2
2 3 9
16 13 20
7 16 21
4 8 20
1 11 17
7 29 31
10 19 23
2 5 16
6 3 7
21 8 18
6 23 24
2 3 11
8 23 32
18 9 11
2 16 25
1 19 25
16 11 14
7 22 26
2 15 21
5 26 32
6 1 8
24 14 21
26 7 17
3 21 27
19 0 9
5 0 11
23 18 24
4 3 11
6 0 6
3 5 15
15 19 23
4 26 32
13 21 28
9 0 2
13 0 3
2 16 26
3 0 3
20 25 30
12 1 11
11 13 18
14 7 12
7 0 6
2 4 10
1 19 23
1 9 11
15 2 14
11 2 7
6 15 21
16 0 4
6 26 27
3 11 15
5 9 19
3 31 32
2 27 28
2 12 23
28 9 17
5 12 19
5 23 29
2 16 21
12 0 4
12 13 22
4 20 27
5 7 14
21 20 31
3 28 32
5 14 21
8 22 31
12 16 18
3 30 32
2 2 9
1 32 32
3 0 9
2 20 30
6 16 27
3 20 25
1 6 12
5 7 17
19 22 29
4 16 23
5 0 5
20 19 25
2 22 27
1 10 16
28 32 32
4 28 29
13 31 32
1 24 25
16 29 29
2 11 17
13 17 20
13 29 32
6 0 7
15 5 8
1 5 11
17 23 28
4 5 10
1 32 32
3 9 13
4 17 17
4 22 30
17 2 7
14 26 30
1 3 10
11 6 12
7 6 16
8 6 7
7 26 32
9 26 32
5 22 26
12 16 25
8 19 28
19 7 11
1 9 16
2 30 32
23 27 32
3 9 13
3 0 9
7 19 25
16 17 21
7 30 31
3 10 19
17 16 23
9 8 15
9 0 2
4 9 16
8 10 12
33 18 27
3 12 16
4 0 6
16 23 32
4 2 8
4 8 17
3 0 5
10 17 21
13 6 14
5 12 17
28 3 4
17 27 32
2 14 24
2 23 32
3 17 23
22 19 31
