200 20 30
6 0 7
6 0 10
1 18 25
5 26 27
10 5 15
9 36 42
15 20 28
5 0 7
1 22 24
8 0 6
3 0 9
16 40 41
7 11 15
11 29 33
8 21 29
2 13 20
4 18 25
2 15 16
7 15 22
2 37 42
3 2 10
6 32 34
4 18 27
3 18 28
10 3 11
9 39 42
5 28 32
3 24 30
1 0 6
9 14 21
4 25 31
9 40 42
9 32 34
1 2 6
2 38 42
8 2 4
4 35 41
3 9 15
8 29 36
10 15 27
2 21 23
5 18 21
3 8 19
3 11 21
1 30 30
1 29 38
3 0 3
7 1 8
8 0 0
6 6 12
7 13 21
12 29 33
10 37 38
10 1 8
3 34 42
5 7 16
3 9 19
8 33 34
5 1 6
10 17 29
4 7 14
3 9 16
3 17 23
1 7 13
2 15 27
11 42 42
2 4 9
5 11 12
2 0 4
4 23 28
7 16 22
3 10 18
4 27 35
13 16 23
6 1 5
4 0 10
4 26 35
8 22 24
1 23 27
5 8 19
4 35 38
3 1 8
6 4 14
8 12 20
4 3 10
6 31 42
9 26 33
2 15 25
4 22 27
2 30 41
1 29 37
2 0 6
3 17 25
3 6 11
6 31 37
12 16 26
1 33 42
5 24 34
8 26 35
1 23 24
8 2 9
3 18 24
2 30 39
4 0 5
2 31 38
3 20 24
2 8 12
4 39 42
4 30 32
11 37 39
1 24 30
4 29 37
4 19 22
5 30 34
3 26 30
2 31 33
5 29 33
1 19 28
3 1 6
4 42 42
10 36 42
9 25 28
3 23 30
6 25 28
3 36 42
5 21 27
4 35 39
2 13 24
1 35 42
8 0 3
13 20 29
8 8 18
3 14 22
7 8 14
10 31 41
7 2 4
5 31 40
15 23 29
1 19 27
9 14 17
6 0 7
2 25 29
10 24 29
4 5 17
2 12 15
6 2 10
4 15 20
2 15 17
8 9 15
9 31 41
6 25 27
6 13 17
5 15 22
9 39 41
7 31 33
7 37 42
5 24 27
11 33 39
2 13 18
4 32 37
3 15 20
1 38 42
4 7 12
4 4 13
3 28 38
2 14 23
12 6 10
3 0 6
8 0 3
7 40 42
3 10 19
2 35 38
3 19 26
9 26 33
6 34 39
14 9 13
13 22 27
17 21 26
9 0 10
13 29 40
4 36 42
1 18 26
7 9 14
8 38 40
1 25 31
4 14 22
1 38 40
7 32 40
1 13 21
5 29 34
9 38 42
3 0 7
2 19 24
9 31 41
1 21 30
3 6 11
12 6 14
2 28 33
2 36 37
7 31 40
