200 50 80
19 13 18
3 5 14
5 22 29
19 9 17
7 1 6
19 20 25
2 35 36
8 19 25
8 22 28
4 8 9
12 0 2
7 18 28
13 20 29
12 0 9
4 15 15
19 29 32
11 27 36
7 8 10
18 4 9
33 16 24
26 0 7
4 7 9
22 25 29
30 10 14
13 24 29
8 13 24
2 33 36
18 22 30
2 16 25
7 24 31
9 0 7
11 31 36
10 34 35
3 9 10
6 21 28
7 9 12
13 3 9
11 13 17
2 4 11
34 13 25
10 30 35
36 14 21
11 1 5
36 21 28
2 5 17
20 11 19
29 11 16
41 8 12
26 24 30
2 0 5
6 13 19
15 1 3
2 6 10
1 9 17
7 2 7
6 8 14
12 2 2
16 14 19
13 24 27
27 1 4
9 5 10
2 1 6
11 28 30
24 0 5
14 33 36
19 31 36
15 18 21
11 19 23
2 12 19
34 34 36
16 21 31
4 7 12
2 0 5
6 27 36
14 30 36
15 16 22
9 3 9
1 28 34
34 11 22
9 21 28
5 14 21
2 23 34
29 21 22
9 8 16
7 27 35
12 33 36
26 36 36
8 25 28
4 25 32
9 14 24
22 28 36
17 1 5
9 12 18
2 18 23
4 6 10
8 24 33
4 8 16
14 20 28
11 13 16
1 32 36
25 0 11
2 30 35
10 28 36
6 0 2
15 32 34
33 30 36
23 30 32
4 31 34
29 4 12
16 24 33
13 25 32
10 9 16
12 16 22
13 5 10
8 18 27
13 35 36
24 32 36
4 20 24
39 31 31
12 0 6
12 0 7
19 8 15
5 26 35
7 34 36
4 2 5
27 26 30
18 22 24
3 11 17
19 16 20
5 11 17
1 13 22
1 2 9
11 28 35
6 4 13
8 31 36
19 14 20
15 30 32
14 30 36
2 30 36
11 10 12
2 12 17
6 21 22
4 10 18
4 20 26
19 11 12
20 25 29
12 4 10
14 18 23
19 0 4
1 0 2
2 24 30
7 20 28
33 20 25
7 4 9
29 29 34
10 20 22
6 29 33
13 11 21
3 30 34
4 25 33
1 0 6
10 0 8
1 30 35
24 21 26
6 22 30
3 24 25
3 26 29
7 0 6
17 19 26
9 17 22
20 31 35
6 17 23
6 14 19
6 28 30
8 21 26
30 14 21
14 16 24
2 23 31
21 1 9
8 31 36
4 0 5
6 0 4
16 12 15
15 0 8
1 27 31
8 21 27
12 4 12
6 21 23
3 20 28
11 21 30
4 12 17
9 10 19
35 35 36
38 24 29
5 17 27
10 10 14
6 12 23
9 4 12
22 7 13
27 10 11
