400 20 30
6 61 65
1 53 58
4 38 41
5 48 48
7 56 59
6 19 31
7 26 33
8 46 50
5 6 12
1 49 58
13 37 39
7 45 49
5 26 32
1 15 17
1 60 65
5 9 17
4 22 27
2 36 46
5 45 55
3 55 61
6 42 48
4 51 56
1 28 34
3 19 31
3 4 12
3 13 20
2 33 38
4 50 55
1 17 24
9 32 41
1 1 2
3 8 11
2 26 30
1 44 53
3 36 43
1 60 65
6 50 53
3 0 1
2 17 29
6 13 23
5 20 24
1 26 36
1 19 24
3 29 36
3 63 64
3 25 28
3 20 20
9 1 9
2 44 54
1 8 20
6 53 60
1 55 61
7 58 63
3 36 41
6 15 20
4 55 55
6 4 12
1 32 36
6 48 55
2 13 22
2 1 8
2 9 12
2 56 62
4 22 27
1 13 23
1 4 4
2 34 39
5 42 44
4 42 49
2 0 8
1 59 65
6 40 46
6 20 25
1 42 45
5 52 58
7 47 54
1 18 26
2 37 41
8 54 64
4 0 2
6 46 46
5 5 12
4 7 15
4 8 11
2 32 36
3 20 24
2 40 51
2 13 25
3 3 9
4 56 63
1 0 6
3 8 13
3 56 61
5 23 30
5 25 29
6 18 25
1 4 5
2 36 46
2 0 4
2 18 21
1 56 56
1 4 10
10 38 40
8 46 49
11 60 65
2 26 33
1 28 31
3 47 54
8 12 16
3 33 43
4 15 19
1 60 65
6 31 38
9 41 49
6 8 14
2 23 32
4 54 63
7 41 43
2 10 21
4 52 55
8 12 23
3 21 31
1 52 55
2 44 55
2 50 58
2 61 65
2 26 32
4 35 45
11 9 14
7 47 54
2 17 22
3 0 2
11 56 60
4 10 12
1 48 49
2 45 46
9 6 17
2 13 15
8 60 61
5 49 61
2 17 21
7 54 62
7 35 43
1 14 16
2 37 45
14 30 35
3 47 57
4 12 21
6 17 20
1 1 8
3 58 65
5 10 14
2 33 39
7 55 57
10 28 36
7 62 65
5 63 65
1 52 56
3 40 42
1 2 11
4 37 42
5 52 53
12 53 59
9 19 27
1 29 31
1 18 23
3 35 39
2 22 29
3 48 53
3 44 50
3 7 11
5 24 25
6 38 40
4 0 2
4 21 33
6 16 22
1 43 47
1 0 4
5 26 33
6 58 65
6 50 58
4 55 62
3 27 39
3 58 62
5 21 28
3 45 49
5 53 58
2 54 57
2 16 28
2 50 57
3 5 14
1 0 8
3 4 13
4 0 2
11 29 34
6 59 65
2 53 65
15 12 13
5 44 46
1 38 47
7 0 12
4 3 7
1 34 39
3 13 22
5 12 23
2 2 13
3 28 32
1 45 48
5 39 46
2 51 59
7 7 16
2 46 53
6 50 54
5 22 28
2 30 38
1 29 39
2 14 19
10 54 60
5 1 11
7 60 65
1 9 11
7 24 34
9 25 30
2 33 38
10 22 31
9 33 36
1 18 18
7 0 8
5 56 65
1 30 30
3 13 21
2 36 42
2 41 47
7 43 51
4 2 13
3 36 42
4 57 65
8 15 24
12 61 62
3 53 58
7 25 30
2 63 63
3 7 13
3 58 63
2 0 4
3 0 6
7 0 4
6 59 63
2 39 44
5 44 48
8 64 65
3 13 18
2 62 62
1 30 41
2 1 5
2 4 11
7 18 27
1 31 35
1 62 65
1 57 65
1 9 14
2 40 44
8 15 21
2 49 53
5 0 12
2 27 33
3 14 15
7 55 61
5 56 62
4 48 54
1 32 39
5 31 40
2 9 18
4 37 41
7 50 53
2 0 7
3 54 57
6 37 41
5 48 49
8 34 44
11 60 65
2 56 61
5 38 41
3 3 14
3 12 15
2 50 62
3 41 45
1 32 32
3 35 38
1 8 17
7 13 22
5 39 44
4 22 28
3 0 3
2 23 28
7 44 47
1 45 54
6 59 64
1 26 34
2 25 28
6 41 48
5 22 24
8 43 54
6 12 21
1 36 40
5 1 5
2 9 13
2 4 9
3 39 42
3 53 61
5 19 22
2 7 13
1 55 64
11 0 7
1 14 23
1 34 45
1 21 24
2 13 21
6 36 36
3 9 11
1 32 35
1 12 15
8 30 36
8 49 59
2 5 7
13 34 38
5 2 10
9 11 19
2 0 11
5 41 45
4 42 51
2 11 18
8 4 6
4 20 26
7 39 50
10 51 57
3 27 32
5 55 62
7 48 59
9 43 55
8 37 43
4 49 55
6 55 65
3 6 14
9 53 58
5 16 27
2 0 6
1 6 8
1 10 17
7 22 32
1 42 49
5 50 56
6 39 45
7 28 34
3 27 36
8 44 48
5 31 36
5 59 64
4 31 37
1 59 65
7 25 30
6 59 65
8 0 2
1 10 16
1 64 65
4 31 34
1 40 44
2 29 30
8 42 44
2 14 16
2 31 39
1 11 17
7 55 61
4 17 24
2 32 36
5 61 64
3 4 11
5 23 26
1 7 17
4 3 4
5 26 33
2 2 12
6 30 40
3 7 10
8 44 51
4 17 21
6 20 30
2 26 32
2 2 7
5 51 53
2 62 65
4 8 14
1 24 32
3 42 46
2 29 31
5 11 20
3 1 9
1 59 64
1 22 28
3 43 45
