400 40 60
7 57 61
1 25 31
16 11 16
1 16 24
18 39 49
9 17 29
17 13 21
7 61 66
3 27 35
21 32 40
8 11 12
11 31 41
3 6 14
1 0 1
5 18 25
6 38 43
12 61 62
5 55 63
11 56 64
4 5 13
26 58 65
2 45 54
2 59 66
2 12 15
14 57 64
6 33 38
23 56 62
3 31 33
10 34 46
1 22 28
6 21 32
10 7 9
19 61 66
7 35 45
1 18 23
8 49 55
1 20 27
10 14 21
5 2 14
2 0 7
5 48 57
2 6 8
1 25 32
2 0 5
20 12 20
3 21 33
13 26 31
4 54 65
7 16 26
20 1 11
1 9 15
10 25 35
7 55 64
3 57 61
9 0 3
4 14 15
7 63 65
9 22 26
11 15 17
4 33 39
4 8 13
1 54 63
13 0 2
18 18 27
10 42 42
6 26 29
1 6 14
4 41 46
2 19 25
1 28 36
5 43 48
4 36 40
8 1 1
1 45 48
3 31 40
3 19 22
3 0 9
1 0 5
2 58 61
9 27 34
3 38 48
16 26 29
11 49 55
7 30 38
1 15 19
22 2 8
2 19 26
24 8 13
6 10 18
2 64 66
2 33 40
1 8 11
20 13 22
3 5 14
8 38 43
4 10 13
8 0 4
10 50 60
3 39 46
5 8 14
2 40 43
6 0 4
6 61 64
8 49 57
8 37 44
12 14 19
17 47 57
11 24 30
1 7 14
5 5 8
22 2 11
5 37 41
1 60 66
20 39 43
2 42 48
14 55 60
2 6 14
8 30 38
8 63 66
27 17 27
2 60 66
8 57 66
2 64 66
5 18 25
14 50 53
12 27 34
7 14 19
1 18 27
2 18 20
11 53 57
3 17 24
9 20 29
1 8 16
8 45 52
4 21 33
3 12 17
3 3 5
3 13 23
5 41 45
15 38 44
5 56 61
1 21 28
1 64 64
7 40 49
1 65 65
4 16 22
21 23 30
2 0 2
9 39 44
21 55 62
3 40 49
1 6 10
4 17 24
22 63 66
1 59 66
9 15 22
2 28 31
1 4 12
1 3 4
3 33 43
4 35 45
10 26 32
1 12 19
1 46 55
9 13 21
7 34 45
8 13 17
17 57 64
1 52 61
26 36 40
1 32 33
1 28 32
16 0 2
4 3 6
3 8 19
7 31 36
1 49 54
2 32 36
6 19 25
1 16 22
4 38 49
7 32 39
2 39 44
11 45 54
22 19 23
18 10 14
21 50 62
2 18 24
24 7 15
13 1 8
5 27 33
17 19 24
11 1 2
11 1 3
4 9 16
2 49 56
12 46 52
4 3 8
6 15 20
19 6 15
9 41 47
14 65 66
9 38 47
10 14 19
5 60 66
9 0 8
6 17 22
6 11 17
10 63 66
5 6 9
2 58 66
19 36 40
3 52 59
2 31 36
1 26 31
16 60 61
5 8 18
8 39 46
18 53 58
4 37 43
3 3 9
20 33 39
10 24 33
17 50 51
6 32 38
14 51 61
5 38 44
4 32 41
19 35 42
18 52 61
4 8 17
10 29 36
4 47 58
2 3 11
3 54 56
9 49 58
5 29 33
11 13 17
22 26 32
11 43 51
24 48 54
22 51 53
2 46 51
7 1 6
15 2 10
7 36 42
6 51 59
11 44 52
12 28 31
7 56 63
3 58 58
7 29 31
6 35 44
4 50 56
1 43 50
3 14 22
5 49 56
7 33 39
25 28 36
13 11 14
34 57 64
8 9 14
13 43 50
9 58 63
22 33 41
6 9 15
7 38 44
9 4 7
3 51 61
8 33 40
4 3 11
10 47 56
9 49 61
9 62 65
2 0 2
9 52 59
1 34 41
2 53 62
7 46 51
2 32 39
17 46 50
19 39 45
3 0 3
13 28 35
2 5 11
19 44 47
15 14 25
22 41 47
16 26 35
3 53 58
13 31 35
31 38 46
1 0 6
2 19 26
8 17 21
9 7 10
1 13 21
14 44 49
4 5 13
13 55 61
13 16 17
12 14 19
6 31 38
2 43 50
21 28 35
8 25 27
11 24 34
20 52 63
11 44 48
16 5 10
19 41 51
16 0 6
4 29 38
8 27 33
28 57 64
1 25 32
2 14 26
1 57 66
7 32 41
1 32 42
13 40 48
4 7 8
2 45 52
9 63 66
2 15 18
9 53 61
17 50 54
5 40 49
9 5 8
9 43 55
8 3 12
17 22 24
10 50 59
1 54 60
1 38 42
4 0 4
5 2 3
9 63 63
13 36 42
8 33 40
17 37 44
15 59 60
18 63 66
1 60 66
9 21 26
4 19 27
13 36 39
9 22 29
17 12 21
10 47 52
2 49 56
8 39 45
11 19 26
7 56 63
8 17 24
2 5 9
5 13 19
9 52 54
11 19 24
3 39 44
19 50 53
2 15 20
2 33 37
10 20 28
8 46 52
3 16 21
9 26 33
20 45 52
20 43 44
4 43 47
4 2 9
2 23 33
2 26 36
10 23 29
2 47 48
6 6 12
9 14 20
13 31 38
11 49 59
6 35 43
1 23 23
5 18 26
1 53 58
3 4 10
9 55 57
14 58 66
5 50 55
8 1 4
5 12 16
16 29 37
1 15 19
7 49 55
10 28 33
5 37 39
20 62 66
15 57 60
12 44 50
9 21 27
5 45 51
22 5 13
