400 50 80
6 13 21
26 0 4
9 53 61
17 68 70
21 18 19
38 78 85
6 82 85
14 16 19
5 29 35
12 52 54
1 80 85
23 11 11
24 24 32
23 32 39
21 73 75
26 67 73
25 10 13
20 23 29
3 47 51
20 7 14
17 36 43
21 31 39
3 46 52
13 19 25
2 35 44
25 1 6
8 20 26
29 16 22
15 19 31
18 24 30
30 52 58
9 59 69
5 74 77
12 11 17
13 60 71
4 50 56
10 67 68
2 37 42
7 7 17
20 57 62
3 7 13
12 7 13
3 63 75
8 30 35
2 73 85
10 49 51
2 60 64
34 82 85
22 82 85
8 1 7
17 6 13
8 66 77
10 60 72
22 0 1
9 73 73
10 71 80
14 28 33
37 69 71
17 16 19
26 65 68
15 14 16
16 35 45
5 81 85
12 54 63
20 12 17
6 37 40
16 78 81
14 4 7
14 26 28
27 80 85
12 36 47
1 26 30
4 61 68
17 67 74
17 63 66
40 73 80
31 43 48
25 31 40
8 78 84
36 42 48
27 3 9
20 72 74
23 61 61
10 0 7
6 56 64
8 52 57
50 78 85
1 19 22
28 2 10
27 41 53
9 69 75
12 18 24
11 34 44
13 39 43
11 76 81
1 2 6
9 67 70
19 0 2
23 54 59
24 50 55
5 56 60
3 8 18
5 46 52
12 0 6
22 47 52
21 3 14
18 15 25
1 8 12
3 33 40
20 31 37
11 24 29
3 45 50
9 29 35
20 63 69
13 75 79
13 45 53
3 49 57
22 6 13
13 48 54
9 75 81
32 73 79
7 39 46
20 44 53
17 70 78
9 5 12
15 26 32
44 62 64
8 9 16
37 62 72
17 50 53
25 55 61
21 49 50
7 25 31
26 2 4
6 39 46
12 47 58
6 3 14
6 47 59
9 31 36
19 64 68
6 37 38
18 28 37
24 31 33
26 21 31
6 3 8
30 68 73
7 72 82
12 62 63
4 37 45
10 28 35
6 82 85
8 44 46
11 53 59
22 29 34
12 49 59
31 14 20
12 24 35
5 74 85
13 1 4
8 64 68
15 57 60
1 0 6
27 16 25
36 73 78
8 68 76
18 37 48
14 8 15
19 28 36
5 55 62
9 80 85
1 29 37
16 21 25
26 68 80
1 81 85
13 31 36
8 40 46
2 32 36
19 78 85
8 20 27
12 32 42
7 15 25
10 12 23
3 64 71
16 54 61
15 74 77
23 39 48
19 34 39
26 64 69
1 43 46
5 39 47
12 61 66
16 45 52
19 28 31
14 29 34
10 73 79
5 70 72
34 78 83
32 34 39
17 5 16
2 35 45
2 85 85
4 8 13
10 30 38
10 16 23
2 2 5
13 46 49
2 67 71
1 49 54
6 43 45
17 63 68
9 62 68
6 35 37
30 55 63
9 13 18
13 15 21
49 71 77
25 69 76
7 71 82
5 29 34
13 31 37
5 0 2
16 14 16
7 26 36
25 3 11
41 79 85
1 3 7
12 29 38
3 53 57
8 15 18
12 17 26
3 13 15
11 39 46
17 70 73
21 63 70
29 48 58
2 43 51
2 7 14
18 10 21
29 70 79
2 52 55
10 34 36
11 63 69
6 57 65
7 55 59
8 37 46
15 23 29
3 1 11
14 70 73
8 67 71
10 41 49
16 47 51
4 38 47
1 77 82
16 68 75
8 0 6
7 72 77
13 25 27
4 25 30
23 26 33
14 5 12
18 46 52
17 46 58
9 53 58
1 41 44
12 75 78
4 44 52
6 19 26
13 18 25
13 70 78
13 64 67
12 15 24
27 76 78
4 81 85
10 5 9
14 7 17
21 40 49
6 11 14
3 71 81
3 76 81
30 35 44
6 26 34
11 75 78
10 80 85
17 59 60
20 43 53
1 57 60
9 75 79
22 41 46
26 22 27
20 51 54
4 30 35
34 22 30
16 26 28
10 13 19
17 51 56
4 21 24
9 0 3
13 63 67
19 52 59
17 27 27
11 2 7
2 1 7
8 64 71
17 70 73
31 61 69
23 78 82
15 38 45
9 82 85
26 78 82
10 31 36
5 60 71
25 7 9
23 38 45
6 60 64
5 76 85
15 67 69
17 30 36
22 53 62
6 31 43
8 71 73
2 69 72
12 42 49
13 69 76
4 5 16
5 62 71
15 7 16
18 56 60
13 62 70
1 60 67
15 0 3
26 13 21
4 80 81
5 36 46
23 28 33
7 60 69
5 46 49
6 71 77
5 43 43
9 77 85
22 73 79
24 1 10
30 65 66
29 48 57
36 45 45
13 44 51
21 77 85
16 17 25
12 78 84
5 51 57
2 1 6
26 50 61
1 79 83
15 0 7
23 52 63
6 51 59
36 38 43
23 28 34
9 58 62
41 85 85
15 24 34
39 51 55
15 35 47
11 53 65
19 71 77
21 35 41
12 21 33
4 71 75
2 42 48
2 78 78
14 14 22
2 34 37
21 12 17
14 46 53
39 10 17
9 16 26
31 71 73
29 19 20
9 55 56
13 4 7
16 18 25
16 25 33
8 44 48
1 35 45
8 79 85
13 3 9
32 54 64
4 12 18
27 36 46
17 66 68
4 55 61
33 43 51
21 53 60
22 35 40
5 41 46
5 28 30
11 47 55
21 29 34
3 52 53
4 0 1
10 31 36
