400 30 45
6 83 90
16 72 82
19 47 59
5 43 49
21 36 47
17 0 6
1 90 98
12 22 29
14 2 7
6 7 17
4 79 87
14 34 39
4 81 89
4 71 79
9 11 15
10 44 44
7 45 51
5 1 12
5 38 43
21 43 45
6 22 29
5 34 42
13 95 98
5 87 93
15 27 30
3 0 6
3 1 2
2 10 15
8 8 16
15 58 66
18 32 39
27 68 70
2 7 10
3 84 87
1 26 36
9 44 47
14 25 37
5 55 62
7 72 78
3 38 44
14 77 81
3 23 28
4 13 14
6 13 22
3 90 93
23 26 27
12 27 30
25 39 48
13 56 62
14 40 45
21 97 98
8 90 97
12 29 37
22 91 91
8 36 41
23 47 50
22 60 69
1 89 93
1 17 24
18 48 53
7 69 71
15 63 66
11 39 44
4 17 19
6 60 64
5 95 96
11 93 98
13 57 64
6 78 78
1 25 32
15 31 37
19 37 44
2 0 2
17 31 40
17 55 63
12 71 78
20 1 11
14 46 50
5 68 74
8 23 32
2 11 19
13 0 3
4 54 58
22 38 45
4 0 3
2 43 50
5 7 12
9 71 77
6 52 58
6 61 67
6 90 98
6 0 5
5 39 50
16 33 39
8 0 7
2 12 21
16 74 77
3 54 55
2 73 79
12 57 59
4 1 9
32 70 79
6 57 67
9 64 67
1 1 11
2 65 69
6 60 66
14 64 74
3 47 56
11 43 47
11 41 48
13 55 58
6 92 98
6 81 90
7 6 8
9 93 98
6 62 68
4 39 46
6 1 11
9 72 78
7 32 41
1 81 88
19 64 72
14 69 79
20 1 6
2 86 90
16 80 87
5 84 94
10 90 98
24 92 94
1 38 44
14 10 16
9 6 8
12 45 57
20 13 23
7 82 87
5 78 83
11 54 62
8 34 43
1 17 25
1 47 57
3 19 25
6 25 30
17 65 66
15 93 98
13 14 25
4 74 80
5 49 55
2 30 37
1 69 77
2 21 26
6 57 63
16 18 22
5 0 3
2 0 4
8 88 95
8 55 67
12 76 83
7 81 86
4 8 11
11 87 95
1 71 73
15 78 85
3 21 33
21 7 11
7 73 77
2 69 75
3 71 82
2 38 44
9 56 63
3 39 45
17 18 24
13 29 33
8 8 17
6 43 51
20 54 62
10 60 71
1 24 31
8 92 97
22 77 83
21 54 59
3 33 40
3 68 68
14 0 2
13 44 51
13 29 41
8 44 49
19 74 85
2 59 65
8 57 62
8 16 26
3 23 26
20 67 78
2 51 60
2 29 37
1 11 18
9 20 25
15 62 67
20 36 40
10 17 24
17 75 86
12 27 36
9 27 37
2 49 59
1 27 33
13 30 34
2 61 67
20 17 22
8 62 67
18 93 98
7 57 62
10 21 23
12 85 93
15 22 29
1 73 76
1 28 32
10 59 68
1 0 5
14 9 19
6 47 55
12 20 24
6 61 67
1 68 72
8 45 52
12 91 98
3 31 37
21 71 73
13 52 56
5 52 59
20 7 11
11 85 92
2 93 94
2 49 52
11 4 10
23 23 30
5 83 91
5 26 37
2 18 23
15 48 56
3 68 69
7 5 13
14 70 76
3 8 14
18 42 53
15 71 75
21 54 59
19 51 56
15 90 98
5 95 98
3 6 10
5 84 92
2 23 27
14 0 4
17 80 87
17 28 31
24 82 90
5 44 50
2 11 17
8 1 8
3 46 52
10 46 57
11 26 38
27 11 20
20 81 89
17 68 71
5 10 15
12 41 47
7 68 72
6 14 17
14 83 93
4 73 75
14 2 7
1 14 19
16 82 85
3 77 86
9 52 57
6 90 93
10 30 37
8 57 60
7 64 71
1 2 7
1 97 98
5 9 20
12 65 76
2 37 37
4 79 91
19 34 38
7 87 88
12 94 98
20 86 93
18 67 69
12 67 75
7 20 26
13 32 34
6 36 43
7 25 34
11 80 83
14 37 46
7 5 9
3 46 51
5 0 0
2 19 24
11 84 91
8 62 68
8 61 63
27 86 94
8 10 10
17 72 84
27 87 93
20 8 17
9 28 35
6 39 44
9 94 98
7 81 82
9 0 2
4 5 8
17 81 86
11 17 26
6 79 84
4 26 34
4 8 15
3 0 7
2 28 38
1 39 42
13 59 70
10 25 33
22 88 93
15 17 26
1 89 93
7 40 47
13 71 77
15 61 68
9 82 84
19 81 89
3 95 98
9 69 70
8 23 29
6 16 25
11 41 53
6 8 15
1 7 15
2 74 82
5 13 19
13 7 14
4 52 56
8 4 11
9 20 30
8 47 56
2 30 35
9 0 2
3 51 60
2 70 82
7 93 98
14 23 35
16 48 54
11 82 86
11 19 27
12 83 91
12 71 80
5 44 49
7 89 93
16 22 28
4 8 15
13 89 98
10 34 39
4 33 37
2 5 10
11 3 9
8 78 86
6 91 98
6 7 15
10 42 47
6 33 39
10 53 60
10 88 96
10 60 61
15 56 59
3 55 58
2 60 68
18 60 64
10 74 83
4 42 45
17 73 78
1 47 48
2 32 40
9 91 96
4 22 28
30 79 84
8 75 80
5 27 33
12 22 26
12 13 19
18 61 65
15 93 98
6 33 39
15 44 55
16 68 69
5 16 25
8 51 59
13 6 12
