600 20 30
2 61 71
8 134 140
13 135 142
2 92 98
2 137 146
2 16 21
7 98 107
3 43 45
5 32 37
14 75 86
7 33 40
5 26 30
7 33 42
3 12 15
3 94 100
11 124 130
8 8 16
1 128 139
4 88 95
9 121 132
12 132 141
2 140 142
10 70 74
3 126 136
3 45 53
9 55 56
4 120 120
9 23 29
6 7 14
5 0 3
12 22 27
8 60 67
11 78 86
12 38 39
3 44 49
6 7 9
11 24 31
6 68 74
16 113 116
2 131 132
8 18 25
3 51 62
16 76 80
3 81 92
1 99 102
1 0 4
6 140 149
11 8 16
4 72 84
4 125 126
3 80 89
16 123 128
12 88 92
11 62 67
9 80 88
7 109 117
9 72 76
11 21 26
6 74 81
2 29 36
4 118 128
10 90 97
8 74 78
11 60 68
15 95 103
3 2 8
9 63 70
5 135 140
1 21 28
5 18 21
4 48 51
5 19 26
11 129 140
3 76 80
4 107 110
8 39 41
1 20 23
5 109 112
5 110 119
6 124 130
6 25 32
4 23 33
3 39 47
4 58 60
12 111 120
14 64 70
2 13 17
4 27 34
5 82 85
10 130 134
6 66 72
1 41 47
3 79 86
5 128 132
1 96 97
5 12 22
4 113 124
7 18 24
5 120 130
1 24 33
11 139 148
12 143 148
15 79 91
3 123 126
3 101 102
6 78 86
6 0 7
8 143 144
3 58 65
9 49 58
6 92 97
6 85 95
12 137 139
8 48 51
3 126 132
3 90 97
5 84 91
5 34 46
6 78 82
2 18 24
10 85 89
12 136 145
8 134 142
4 60 66
1 131 138
12 2 4
1 99 105
6 93 98
2 50 57
3 75 76
2 40 43
15 132 133
3 133 136
6 63 69
7 128 131
6 109 112
14 24 29
12 110 118
5 47 57
5 114 117
12 51 56
1 106 118
3 25 25
10 104 112
5 144 148
4 60 69
9 85 90
2 90 100
21 104 111
14 108 115
9 2 9
3 27 38
5 7 16
1 57 66
8 131 138
10 20 29
6 45 51
1 97 108
6 50 58
5 134 143
4 20 25
3 64 66
10 47 52
8 127 132
5 50 57
4 37 44
1 12 14
6 44 44
7 111 120
6 76 85
5 103 106
5 143 147
1 118 129
1 112 120
2 15 17
2 97 101
2 14 17
8 125 128
2 125 131
7 17 26
1 5 7
6 143 149
3 85 94
8 35 42
9 96 103
1 86 91
3 83 92
2 100 102
2 99 102
5 14 23
3 89 90
12 70 78
7 23 27
6 26 35
2 22 33
1 37 46
4 0 6
4 23 30
15 98 102
7 41 47
11 0 2
3 146 149
5 111 116
2 117 119
14 129 140
4 143 149
6 70 73
2 144 149
4 4 10
8 29 32
11 141 147
12 138 145
10 80 86
19 93 99
9 91 103
9 143 149
12 115 118
10 109 119
3 36 40
9 126 126
12 72 76
5 6 8
6 48 50
10 52 58
3 95 97
3 77 89
6 26 31
10 139 147
4 139 144
4 31 31
10 145 149
5 124 132
8 22 29
3 54 62
6 68 79
1 90 96
1 69 75
4 105 111
4 87 95
3 71 77
7 145 147
5 57 67
4 0 4
5 127 129
3 122 130
5 136 138
1 138 139
14 35 39
6 118 124
1 142 147
5 7 14
9 76 83
1 98 110
4 64 72
15 145 148
8 88 93
7 70 77
1 14 18
7 53 59
7 7 13
3 76 83
6 143 147
2 92 99
6 86 92
14 121 129
3 63 69
5 83 87
6 76 80
1 53 59
8 112 121
9 116 122
7 56 62
11 89 93
8 63 66
6 107 117
3 58 59
5 76 81
4 6 13
15 107 113
4 60 71
12 11 21
15 80 85
5 123 124
2 100 106
8 71 79
12 54 61
10 13 19
4 93 100
1 85 91
1 3 6
10 129 136
9 71 80
6 28 40
5 25 32
2 70 76
1 18 26
16 115 119
4 98 110
6 17 20
6 3 9
5 22 26
8 10 15
14 56 62
12 15 20
2 45 53
2 51 58
1 33 40
7 64 68
3 49 52
2 37 41
1 112 124
14 127 131
12 55 62
6 86 91
2 50 52
4 49 56
11 4 11
6 46 58
9 66 73
8 101 110
8 91 96
1 61 65
6 143 149
10 12 20
15 141 146
2 8 15
18 85 89
15 95 102
1 83 86
5 0 1
2 0 4
4 37 47
1 134 136
4 141 149
1 85 93
16 118 120
13 145 149
17 105 108
1 139 145
12 45 48
8 31 36
11 38 45
3 48 59
5 61 73
3 107 114
10 86 97
8 19 22
2 104 111
2 34 40
7 17 25
7 125 126
4 144 149
1 132 139
9 101 110
8 108 112
7 94 98
11 111 117
7 32 39
14 124 130
3 49 56
6 36 46
7 134 139
6 22 31
13 43 52
2 37 40
9 120 123
4 32 35
12 132 140
7 126 129
2 116 123
12 82 90
2 40 48
6 108 108
2 103 111
6 71 73
1 67 78
4 72 81
5 1 8
12 134 140
5 2 8
3 28 30
3 3 12
7 83 85
2 25 31
1 102 107
3 39 42
5 0 11
10 81 86
3 93 104
5 38 41
11 5 13
9 3 9
12 93 93
6 44 54
8 41 45
3 69 76
5 68 74
15 36 45
4 22 28
1 19 24
7 102 113
3 13 19
6 94 103
1 105 109
8 133 135
4 122 128
1 25 30
3 109 119
3 12 21
2 0 1
2 73 79
10 49 57
6 23 33
1 111 117
2 23 26
1 91 95
8 32 38
8 136 139
2 0 1
10 61 65
15 134 146
3 0 5
6 26 36
1 57 63
1 9 12
5 0 3
3 3 5
1 59 65
6 77 79
9 61 64
1 96 97
5 4 7
4 0 4
13 18 23
12 114 122
2 118 122
2 38 46
1 105 108
4 41 53
12 98 109
11 32 39
1 57 61
5 63 67
3 57 61
13 128 131
4 3 11
3 104 110
10 43 46
14 53 63
3 78 83
16 121 122
1 82 89
5 8 16
8 99 104
11 2 7
1 43 49
6 38 40
2 114 121
3 42 51
10 51 59
4 37 47
2 80 85
6 32 35
1 114 118
4 52 63
3 143 149
7 49 55
6 119 121
2 134 141
14 28 33
3 39 50
5 55 65
2 139 147
6 71 73
3 12 19
4 141 147
4 36 38
15 117 125
3 29 33
5 88 97
2 127 133
6 12 18
1 55 58
5 9 21
11 114 120
7 28 29
6 78 79
2 30 32
5 82 88
3 98 106
1 6 8
3 126 132
6 14 18
2 29 38
4 45 49
4 115 123
9 9 13
4 135 142
10 46 55
2 13 17
11 41 43
8 11 23
6 64 70
2 52 55
3 4 14
1 80 85
4 61 70
2 20 25
13 54 62
1 78 84
6 47 52
10 91 97
15 77 79
2 14 20
15 57 64
7 136 137
10 109 115
1 125 130
14 70 71
6 64 70
13 109 116
3 16 27
1 95 104
6 14 20
3 65 73
8 133 138
8 32 38
6 29 34
1 65 75
3 15 19
12 7 14
2 102 112
6 126 134
9 148 149
5 19 24
2 90 98
5 125 135
7 46 55
1 8 14
7 101 108
4 63 71
10 100 110
5 119 123
6 32 40
14 103 104
2 118 123
7 127 128
16 136 148
1 110 116
6 147 149
12 79 82
14 115 126
6 71 76
1 56 58
16 41 44
2 73 83
1 5 8
9 99 105
8 130 140
4 34 41
5 125 131
9 99 107
14 92 95
13 106 109
9 40 49
2 111 120
4 140 143
21 140 141
1 27 35
5 36 44
8 49 60
7 105 107
6 68 78
4 42 47
10 71 77
3 109 112
7 144 149
19 95 101
7 118 126
11 66 72
13 107 108
7 89 94
20 99 102
13 124 132
9 143 146
2 77 83
5 66 71
13 60 61
4 7 15
6 120 125
9 63 74
8 0 7
15 89 95
7 57 63
9 24 28
2 46 51
9 51 54
4 90 95
11 41 48
1 2 5
