600 40 60
3 10 20
6 0 10
11 33 36
12 30 32
5 81 85
21 84 85
15 85 88
14 97 102
1 54 60
8 37 44
13 28 38
5 39 45
9 32 41
4 69 72
17 45 51
8 92 100
8 75 82
9 30 39
4 8 17
5 26 35
14 67 73
10 27 29
12 81 88
11 14 22
1 21 23
28 45 47
14 70 82
7 52 60
1 9 12
13 72 77
4 18 22
12 97 102
16 33 36
7 43 50
11 22 25
2 14 17
20 80 83
2 0 6
4 76 80
7 65 71
3 0 10
1 66 68
19 46 52
17 81 86
1 76 82
13 87 89
6 98 100
3 35 41
2 26 34
5 87 96
5 77 83
20 53 58
4 64 66
26 75 82
3 21 22
1 85 92
2 0 8
14 43 47
1 89 95
15 5 12
1 86 93
21 2 6
3 33 41
15 28 33
11 43 50
1 82 92
7 5 7
20 68 78
12 98 102
6 29 39
7 86 94
1 15 21
3 53 56
12 47 57
8 81 91
9 8 12
20 65 68
2 70 75
10 52 63
1 45 57
2 99 102
2 51 59
4 65 76
1 79 84
12 91 101
20 86 91
12 62 67
10 56 62
1 22 31
13 74 79
14 76 83
4 96 102
15 6 7
2 55 56
6 54 63
5 0 1
3 24 34
3 18 25
15 0 5
10 85 88
1 20 27
16 61 67
9 75 87
17 70 81
12 66 75
2 43 52
16 75 81
1 68 78
11 93 102
20 15 22
2 68 70
12 47 53
6 13 19
4 26 30
6 0 5
10 22 29
8 76 80
7 79 86
4 20 31
5 84 94
4 83 90
4 3 5
9 50 56
10 85 94
29 88 94
20 38 43
7 48 48
3 84 90
5 49 52
2 0 4
3 0 2
2 60 70
4 52 59
5 62 69
16 99 102
5 42 47
19 2 8
11 69 76
7 88 98
9 92 101
8 72 80
1 89 93
2 40 46
11 35 45
20 3 12
10 56 61
5 0 6
17 37 42
8 10 17
13 27 34
5 94 100
10 73 82
5 41 47
1 77 81
2 29 38
4 97 100
9 36 45
9 26 27
14 42 49
4 31 42
2 61 67
9 99 102
5 93 96
2 3 9
24 62 66
15 82 90
1 41 44
9 6 11
11 50 53
13 32 40
1 79 83
17 13 15
8 89 93
4 2 8
2 75 81
1 76 85
2 75 82
6 41 46
9 65 73
2 37 48
12 48 50
18 24 31
7 51 58
4 68 77
2 46 51
25 78 81
4 51 59
10 29 37
3 74 82
6 0 7
11 0 4
5 81 88
6 51 59
7 73 79
9 21 25
3 26 26
10 75 78
7 47 58
19 37 47
10 56 59
5 56 59
27 96 102
13 30 33
9 45 53
13 97 102
11 56 60
6 49 49
8 15 15
4 40 43
4 88 99
5 98 102
1 76 81
7 54 57
7 68 70
3 29 34
2 11 20
4 93 97
15 12 18
18 87 90
5 44 48
3 77 84
2 1 7
15 93 102
8 91 93
5 4 8
10 62 68
6 20 24
5 26 35
4 68 77
11 51 58
4 51 62
7 77 80
5 50 55
5 93 94
9 70 73
7 50 54
8 98 100
8 89 97
25 52 58
21 69 74
19 19 23
3 15 26
21 79 84
1 27 29
3 85 90
16 23 30
19 86 92
24 5 10
23 92 97
15 0 4
6 5 9
6 39 44
5 64 71
10 89 97
2 23 30
9 41 48
27 20 24
1 75 77
13 40 46
7 19 23
7 2 3
10 69 75
1 38 41
14 9 20
20 65 73
8 90 93
22 38 44
13 96 102
1 7 14
1 3 8
14 17 22
11 39 41
7 65 71
4 21 23
4 79 85
15 71 79
1 71 80
14 3 4
7 93 102
10 102 102
3 88 98
15 95 102
5 92 94
17 19 25
2 59 67
21 9 16
4 99 102
17 47 58
5 90 102
6 34 40
9 25 25
9 80 86
3 34 42
4 41 48
5 73 83
2 82 92
12 39 42
12 14 15
2 53 60
17 73 83
7 94 100
12 100 102
8 65 71
1 84 95
2 58 64
5 18 26
12 26 33
7 27 28
7 11 17
9 66 74
9 61 66
10 27 32
5 47 55
14 34 40
15 84 93
3 97 102
1 19 25
11 30 32
3 14 18
5 11 21
8 51 56
1 53 58
3 13 19
23 89 100
18 58 66
16 98 102
7 18 22
15 70 77
18 37 43
7 60 68
8 27 34
19 84 89
1 18 22
4 26 31
11 85 95
4 46 49
6 17 21
2 70 78
12 64 69
2 16 27
11 48 54
4 33 36
15 58 68
13 29 36
6 16 18
3 53 58
11 35 39
7 13 20
3 32 40
23 70 73
23 55 62
15 0 4
2 5 14
11 23 32
5 40 47
3 75 82
6 71 71
1 41 51
5 0 6
6 34 37
12 101 102
19 92 100
5 32 34
10 15 20
6 96 102
15 72 76
11 59 64
8 49 54
12 71 76
5 28 37
4 77 82
10 0 7
8 90 96
6 66 76
1 34 37
10 64 70
7 7 12
6 0 3
1 90 92
15 50 56
8 62 70
6 29 35
5 21 26
4 45 50
13 0 3
8 56 62
12 53 57
13 73 78
11 12 16
1 61 69
12 59 67
3 94 99
3 43 48
7 87 87
4 45 51
15 70 74
22 8 17
8 60 68
13 8 12
11 79 85
2 53 65
20 33 36
1 75 85
5 28 34
1 48 50
12 58 62
8 35 43
2 52 57
4 35 44
2 20 26
7 101 102
13 55 66
11 11 19
1 21 28
5 0 5
10 43 51
27 51 55
1 67 76
5 64 67
2 46 46
7 81 93
11 0 4
8 49 57
4 57 65
2 17 23
1 24 33
25 47 55
7 37 43
14 76 84
28 91 99
23 66 76
2 13 22
14 20 27
11 72 81
5 16 20
1 92 96
2 50 56
2 30 34
9 41 48
3 22 28
2 36 44
9 23 32
5 8 17
6 6 17
3 93 97
2 25 25
12 85 86
12 31 40
17 85 90
5 57 61
14 23 29
5 95 98
6 19 23
1 43 49
13 100 102
5 42 52
3 56 62
4 84 87
9 94 102
2 22 28
24 77 79
3 69 78
3 65 74
2 42 48
7 58 62
14 7 8
24 94 98
22 18 26
2 5 16
10 17 22
8 88 91
5 33 36
4 28 32
8 10 12
3 31 32
4 50 55
5 14 16
4 29 32
7 7 12
12 28 32
9 98 102
18 77 82
15 19 29
4 37 38
8 27 34
3 65 73
5 0 7
16 87 95
17 92 95
6 56 62
4 2 5
16 64 64
26 87 94
7 31 34
11 80 83
1 82 86
1 20 27
21 64 70
19 90 94
9 33 39
13 54 60
19 16 22
9 88 95
7 80 86
7 19 22
1 44 50
1 53 60
1 64 72
29 69 77
1 29 38
3 60 66
1 39 43
5 3 10
3 72 73
7 57 68
6 68 73
11 67 75
5 46 52
3 41 49
3 19 30
7 5 14
8 1 5
12 56 65
4 50 53
10 15 27
6 49 52
17 64 69
20 51 62
4 74 84
8 16 22
4 4 7
1 25 35
4 19 20
2 87 96
20 94 102
3 36 45
14 8 12
7 36 42
13 55 67
29 79 84
1 53 57
12 89 92
24 50 54
3 75 77
8 29 38
20 11 16
10 75 82
12 30 38
10 38 41
10 38 49
6 5 6
2 7 18
7 52 63
7 13 17
9 4 13
4 32 42
8 71 76
2 83 88
5 55 61
7 49 53
9 60 65
9 36 46
11 66 69
3 39 46
4 35 43
2 50 56
11 63 68
2 86 92
1 20 25
8 78 86
22 32 37
3 62 69
3 90 97
2 7 14
16 47 53
26 82 85
1 97 102
12 36 46
12 83 91
2 19 27
5 65 71
21 93 94
13 11 17
10 84 86
4 32 40
11 26 26
6 74 82
6 50 56
8 13 17
2 26 30
11 8 17
1 12 13
4 12 19
11 8 15
10 82 89
14 74 82
9 55 62
9 55 65
11 40 48
3 90 96
