600 50 80
2 0 5
4 85 92
3 130 135
14 142 143
20 18 24
34 23 27
15 94 99
24 119 123
31 87 96
6 9 12
3 111 118
27 115 122
30 91 99
12 97 108
4 30 36
28 69 74
12 37 45
3 38 49
21 5 9
11 124 127
43 51 57
8 68 74
22 110 113
36 134 142
26 66 72
25 69 75
5 137 143
9 56 60
5 80 82
3 121 124
35 111 118
26 86 93
28 9 14
22 90 91
16 30 30
31 15 23
16 45 49
17 113 123
3 101 105
16 38 47
1 39 44
11 52 54
8 139 143
4 6 13
4 71 77
3 141 143
18 126 129
15 77 84
48 125 135
14 88 95
13 97 103
12 114 123
7 12 17
16 45 50
20 125 126
30 16 23
8 133 143
16 129 130
38 26 32
14 0 2
25 111 117
30 5 6
15 119 122
21 135 143
11 104 111
9 111 118
26 7 12
12 19 25
13 72 74
9 134 143
10 59 66
7 122 128
44 97 104
51 86 93
27 130 133
31 117 118
27 120 122
21 41 45
15 55 60
30 0 2
14 1 7
33 97 104
34 111 117
14 91 97
5 60 66
4 122 131
7 77 83
6 130 136
4 115 124
22 109 117
23 17 22
26 95 98
1 18 27
7 24 32
13 58 65
8 120 129
7 56 61
2 19 28
41 115 116
17 114 126
17 125 135
23 117 126
41 78 88
1 103 112
17 47 53
7 33 38
11 86 97
15 36 39
23 91 100
8 11 18
10 22 29
7 14 20
31 102 107
4 135 138
23 138 139
28 5 10
15 53 56
11 128 136
8 52 63
8 48 55
17 89 94
7 122 125
28 112 120
27 127 129
1 5 5
15 124 130
12 138 142
6 9 19
2 96 101
12 65 69
33 116 120
8 51 58
28 45 50
38 140 141
3 120 125
13 97 102
1 0 4
10 50 58
10 97 100
13 98 104
16 0 3
1 19 24
18 6 16
21 130 139
3 28 35
18 126 132
8 111 122
22 74 77
1 87 92
6 13 21
2 137 143
16 62 66
2 109 120
9 24 27
30 95 101
8 91 95
36 102 110
18 6 9
19 131 140
43 36 43
4 56 66
29 127 133
4 47 57
28 40 42
7 129 137
38 98 102
18 132 135
10 121 127
10 106 107
7 127 134
22 36 42
30 78 84
3 133 140
24 0 7
2 111 116
12 72 83
13 98 108
3 123 126
6 102 107
10 22 30
33 107 110
20 0 4
5 42 51
10 92 95
12 30 39
27 39 47
5 131 136
26 127 134
8 143 143
9 84 93
5 132 133
3 15 23
13 0 7
7 61 68
5 134 135
43 88 99
26 16 19
1 71 77
9 117 124
15 60 67
24 124 131
1 10 17
17 111 121
7 66 72
34 122 124
50 86 88
5 107 113
27 53 62
11 34 34
41 132 139
29 105 112
4 40 46
7 20 28
6 143 143
12 0 9
30 75 84
28 27 29
2 12 16
3 63 70
12 52 60
42 98 104
6 0 2
11 15 15
24 72 79
3 34 42
8 32 41
39 74 77
14 48 56
8 67 71
41 44 53
4 129 135
45 44 46
17 17 25
5 137 143
17 124 127
5 21 26
14 108 117
26 39 41
24 45 52
1 61 66
32 83 90
22 74 79
8 44 50
9 47 58
6 77 82
1 41 41
27 63 69
4 111 120
10 91 96
37 29 32
29 120 127
6 131 141
23 98 104
26 77 86
6 35 41
7 44 51
11 62 68
21 30 37
2 95 102
40 32 39
15 59 70
1 15 22
2 69 77
28 69 78
2 40 47
10 99 106
2 72 78
7 88 90
5 61 62
17 85 86
16 27 34
10 87 88
31 72 78
10 71 77
6 46 53
21 85 91
25 31 36
19 136 140
9 107 112
15 44 51
5 137 140
7 106 115
6 123 132
2 68 74
14 111 116
1 47 56
2 81 88
27 68 69
4 53 57
22 103 111
2 69 76
9 131 139
1 74 84
27 64 71
13 84 89
1 124 135
39 133 138
42 89 97
42 94 101
20 117 120
14 5 8
6 120 125
6 140 143
5 67 73
3 73 79
2 42 54
12 110 114
5 107 109
34 108 115
8 76 81
22 139 142
14 22 26
16 75 81
3 3 11
16 48 54
22 56 65
1 95 101
5 122 129
27 87 92
1 17 25
12 38 39
38 128 137
7 55 60
11 0 5
3 125 132
12 63 65
23 115 120
24 108 113
14 20 23
17 26 36
29 78 80
13 32 43
18 84 90
7 8 19
29 58 63
14 82 84
44 140 143
14 62 66
8 93 99
7 0 8
10 125 131
2 21 24
8 0 10
1 87 91
9 137 143
15 1 7
5 0 4
10 102 110
18 129 134
9 16 22
9 13 22
10 100 103
30 25 30
16 116 118
18 96 102
15 0 9
23 34 36
5 49 56
11 51 57
41 112 119
43 35 40
41 136 143
13 17 19
12 31 42
33 76 82
7 91 94
3 132 138
8 143 143
14 19 25
3 6 13
26 82 82
27 0 6
21 70 81
40 122 127
13 85 86
7 2 4
22 33 39
27 62 66
5 80 89
24 70 73
7 6 7
16 9 15
15 82 83
23 108 111
39 19 25
14 35 41
6 12 17
14 121 124
11 107 111
1 36 42
27 40 47
32 103 109
21 15 15
43 96 99
25 23 28
17 91 97
17 102 109
38 51 59
19 125 134
18 99 103
9 122 129
11 106 108
22 66 69
5 70 74
5 16 19
4 71 78
10 72 83
2 87 97
9 108 108
27 83 91
14 10 14
18 137 141
18 118 128
16 120 127
19 95 101
1 37 42
11 79 86
22 3 9
33 73 74
8 122 134
8 78 83
39 57 64
13 49 58
40 47 58
17 7 11
7 32 41
11 133 138
30 135 141
27 8 13
10 17 20
6 36 45
11 85 86
3 133 134
16 88 92
4 16 25
5 26 28
23 51 54
1 80 89
5 29 37
27 53 58
18 132 139
9 122 127
1 107 119
2 138 142
28 56 67
13 24 32
12 5 8
11 92 95
10 27 34
17 65 69
14 4 9
7 61 62
38 132 141
32 108 110
4 0 7
5 40 49
22 112 117
3 33 37
15 93 103
12 68 69
45 105 109
6 69 70
24 88 91
39 30 36
50 64 74
14 44 49
29 21 24
40 56 60
5 99 103
24 67 70
7 53 56
4 83 88
4 4 13
27 10 21
33 54 60
1 18 20
7 2 14
21 56 62
1 90 100
29 71 74
25 43 53
17 49 56
23 97 98
15 0 5
52 66 77
8 73 73
13 119 128
12 38 43
23 34 42
21 112 118
36 48 59
27 140 143
31 103 109
9 11 17
13 26 37
2 73 81
39 125 135
4 137 140
3 29 35
14 42 48
30 63 72
5 39 43
18 137 138
8 50 59
7 130 136
40 73 78
22 127 133
15 70 80
5 54 59
21 8 14
6 125 130
1 44 47
28 5 16
2 15 26
14 26 32
13 55 61
5 81 85
1 99 107
15 121 123
21 31 32
5 8 12
24 138 141
7 123 133
18 55 63
14 41 51
11 78 86
12 7 12
41 18 25
16 27 32
16 99 105
8 60 65
6 24 31
21 118 125
23 83 88
33 9 18
20 136 142
10 97 102
7 28 38
13 120 122
10 131 132
19 0 5
29 105 109
10 92 99
26 79 83
9 29 34
2 69 72
5 58 63
18 35 44
10 22 31
8 24 31
21 73 79
4 43 49
8 134 143
19 82 90
17 84 87
4 89 97
3 52 54
6 34 44
8 58 64
16 27 31
29 38 42
5 14 17
41 43 47
23 62 70
5 4 12
5 52 60
29 122 129
5 138 142
20 34 38
2 122 131
17 59 63
9 40 48
7 63 69
8 111 116
5 117 126
23 133 135
24 45 57
15 88 95
9 37 43
17 117 123
4 25 32
5 108 109
13 110 116
17 16 19
34 13 15
20 29 32
43 118 127
17 90 97
8 6 14
32 141 143
5 110 117
18 64 71
28 106 113
24 116 123
24 18 19
20 125 131
1 2 4
28 48 51
7 26 31
7 29 34
