600 30 45
15 74 80
2 0 1
6 108 117
17 11 18
18 99 100
9 97 102
4 52 53
5 120 126
5 60 67
6 92 98
4 94 102
9 80 91
3 96 104
4 86 95
3 75 79
7 46 49
9 39 44
14 123 133
4 53 57
4 47 53
8 67 70
7 29 34
12 54 59
28 91 96
17 72 78
2 90 99
14 104 111
16 103 110
9 94 99
22 123 128
10 25 36
11 63 66
1 73 73
2 0 4
9 110 122
15 0 2
9 77 82
15 51 53
2 48 52
3 6 12
14 120 127
2 44 46
11 110 115
16 107 114
19 132 135
1 83 86
12 16 21
12 87 90
26 55 59
22 120 126
15 30 41
1 45 53
8 127 133
23 54 57
9 39 47
10 109 117
7 108 110
7 127 135
16 14 22
6 130 133
6 9 20
4 131 135
5 96 102
7 102 105
13 82 89
8 24 29
5 70 73
20 60 67
10 111 112
6 102 108
6 43 54
3 99 104
6 63 65
10 20 25
9 132 134
25 67 73
6 62 62
1 64 73
12 56 60
3 116 121
13 89 93
8 80 85
7 67 72
16 117 123
8 41 46
15 120 125
3 98 104
6 86 87
6 0 6
13 92 98
17 19 22
4 123 130
11 111 119
12 47 50
1 83 87
2 65 75
11 27 34
2 74 74
4 58 64
12 120 125
1 92 104
3 87 92
3 13 20
16 1 13
7 23 28
5 135 135
10 2 5
11 101 108
10 24 35
12 0 2
4 0 4
9 101 105
8 11 19
10 84 87
1 106 109
6 85 89
7 34 38
12 52 59
2 19 20
6 106 113
5 90 100
11 85 91
12 64 71
2 11 15
14 98 103
16 78 85
17 97 102
2 110 111
13 7 10
9 9 16
4 126 132
9 0 3
1 4 11
19 129 130
4 34 34
11 75 82
1 114 120
19 93 95
7 120 123
2 119 125
12 99 103
5 0 6
3 112 113
9 50 57
5 88 95
12 8 14
12 36 40
13 86 90
4 106 113
8 24 33
12 5 12
1 75 81
3 35 42
1 30 41
1 125 131
16 100 101
4 1 7
2 86 89
2 83 85
1 12 19
2 39 50
7 53 63
11 128 132
8 15 19
8 109 114
8 2 5
7 85 86
11 31 37
2 121 127
15 4 11
16 59 67
9 60 63
3 91 98
5 119 121
34 121 127
2 99 102
19 119 120
11 40 43
2 125 130
26 102 107
17 0 8
5 95 100
1 122 127
1 90 100
12 87 90
20 71 72
17 10 13
2 55 62
20 27 33
1 127 129
1 107 112
1 103 110
23 43 49
12 82 91
2 2 9
7 79 84
18 111 120
6 0 11
4 33 35
4 131 135
7 80 84
17 104 112
12 116 124
5 105 112
7 3 10
3 93 99
14 91 97
15 73 79
7 57 63
18 43 51
7 117 125
11 36 38
5 78 78
13 31 41
22 53 57
8 126 134
7 91 97
18 66 73
12 116 123
5 18 25
3 126 128
9 60 64
2 28 33
20 104 110
5 17 22
3 44 46
9 39 44
17 65 72
3 94 96
6 0 5
1 81 83
3 72 76
15 4 7
6 88 92
8 41 47
10 35 42
10 16 24
6 25 29
10 76 81
2 45 53
4 26 32
10 123 127
3 101 109
7 118 124
13 92 99
10 28 35
2 112 118
5 117 123
13 131 131
2 30 35
3 124 129
2 57 69
10 14 20
14 17 25
18 11 20
16 13 23
10 91 95
11 80 89
5 9 12
10 93 100
7 11 15
17 39 50
11 64 70
8 76 79
1 130 135
4 34 38
12 123 127
7 52 56
6 43 43
7 91 95
2 0 8
5 50 52
3 127 134
8 80 84
13 131 135
6 21 29
11 21 29
3 21 25
18 114 124
14 3 8
14 61 63
4 11 14
2 116 121
2 103 110
2 46 48
2 3 12
5 39 46
1 55 63
3 4 14
16 101 108
6 13 16
25 92 102
7 109 112
5 45 49
1 87 97
10 18 26
6 105 106
11 131 133
2 83 93
7 29 35
9 98 102
6 51 56
8 61 64
3 91 100
2 0 8
11 86 96
10 49 55
6 10 18
19 48 55
14 100 102
15 96 106
14 61 67
2 21 25
2 94 101
14 116 119
7 15 19
1 117 128
7 3 11
13 90 98
7 117 126
5 21 29
2 114 116
5 67 74
1 21 22
1 105 109
2 67 76
4 82 87
9 103 113
4 71 79
14 53 54
9 31 38
6 89 95
8 119 124
18 119 127
22 83 88
1 52 57
8 39 47
1 22 30
5 27 31
4 31 38
15 129 135
3 92 95
3 55 66
9 50 61
5 45 48
5 88 94
2 134 135
4 43 48
10 65 70
14 77 84
6 78 88
12 0 4
11 71 76
12 112 120
19 44 50
21 71 79
3 128 131
9 130 135
12 16 18
2 6 15
2 28 32
13 18 29
20 107 118
23 125 134
5 90 95
18 103 108
8 50 54
2 4 8
2 95 105
5 49 51
3 81 83
5 6 12
1 65 68
1 0 5
8 77 79
8 24 30
8 119 121
3 0 4
4 12 17
9 127 134
7 80 83
5 11 16
13 63 70
2 10 14
7 22 26
12 90 94
4 6 12
16 68 75
4 69 73
7 93 97
1 20 21
11 28 29
10 47 52
3 115 120
5 26 31
1 26 36
11 116 123
18 21 30
11 28 33
12 126 130
4 124 130
15 77 79
4 2 8
4 58 60
6 52 60
4 90 101
6 26 37
2 114 120
7 114 120
2 109 116
4 128 134
11 119 121
1 61 70
1 13 19
8 80 87
17 72 82
21 67 72
3 20 27
2 106 109
14 105 110
7 21 28
16 25 31
11 82 89
7 110 122
14 1 8
8 113 123
7 109 110
14 72 80
3 18 21
22 132 135
15 72 81
12 98 100
1 85 94
14 133 135
20 85 93
13 68 78
13 1 3
3 47 52
9 68 74
12 71 78
6 11 18
1 97 103
5 5 7
16 37 43
9 28 39
11 57 65
16 132 135
11 37 42
9 83 92
19 117 123
3 56 57
6 66 69
3 123 135
4 120 127
19 80 86
10 18 28
11 26 29
21 45 54
1 120 122
1 126 127
10 113 116
8 81 84
11 103 107
5 25 29
24 59 66
2 61 67
5 101 108
6 34 41
14 125 130
7 76 80
10 7 11
16 76 85
1 121 124
15 80 87
12 47 48
12 41 47
10 100 107
6 131 135
4 116 121
16 28 32
21 35 41
3 62 66
1 102 110
9 112 121
23 122 129
4 59 66
11 32 38
2 86 92
17 53 53
9 77 83
11 59 66
12 29 33
2 76 81
6 102 110
10 35 45
7 0 3
9 84 90
19 69 77
5 97 100
10 38 40
6 45 56
12 67 75
15 87 91
5 51 58
1 43 53
15 93 98
4 128 131
5 65 72
17 107 115
2 129 135
9 32 34
10 97 104
5 40 40
8 22 28
6 120 123
12 57 66
12 111 117
1 115 115
2 103 108
6 12 15
2 52 59
9 10 14
12 37 44
14 45 53
5 86 92
7 70 75
4 32 38
21 39 45
13 19 24
5 75 77
8 130 135
4 19 25
14 117 121
5 52 54
4 65 70
10 115 121
6 89 91
25 119 125
2 41 41
2 123 131
11 114 125
10 14 16
2 78 80
1 113 117
13 17 21
13 126 132
12 36 44
1 66 68
6 77 83
3 72 80
15 7 12
2 87 92
9 51 56
8 32 39
20 114 115
1 100 108
2 19 26
13 69 81
3 93 100
5 57 62
12 128 135
4 71 78
23 55 61
3 55 62
6 53 62
15 13 18
4 45 46
3 132 135
8 18 30
10 110 115
9 36 42
16 65 69
1 69 70
7 9 14
1 96 105
10 47 48
26 64 70
2 14 16
6 81 83
16 100 102
4 94 102
9 36 46
4 80 88
9 107 111
25 104 114
1 113 116
1 38 39
3 109 113
3 119 129
7 123 123
1 96 103
13 27 35
6 18 25
3 73 76
6 97 104
16 100 103
8 0 5
13 110 113
8 86 95
8 89 94
