800 50 80
5 45 56
14 181 184
3 56 61
26 113 113
16 107 115
26 11 21
35 132 137
2 34 46
20 39 46
15 10 13
14 175 184
6 162 165
19 35 44
1 0 11
14 129 138
7 51 56
44 159 167
29 128 132
1 29 38
12 112 121
9 144 153
17 105 116
6 15 24
8 168 173
20 87 96
3 84 94
3 6 9
18 96 102
6 157 161
13 151 159
25 177 181
17 78 83
13 23 30
14 98 107
22 60 64
2 46 52
16 162 171
16 51 57
32 109 116
1 127 129
18 72 80
26 164 168
31 130 141
1 0 8
23 135 141
3 149 156
6 8 14
9 31 39
10 100 108
31 66 76
20 118 122
30 89 97
20 74 77
12 52 63
15 23 29
18 162 174
1 44 51
31 108 114
8 11 19
12 94 101
8 124 131
9 40 52
27 166 168
3 163 169
50 151 162
23 52 60
21 8 14
1 128 133
21 19 26
10 113 125
8 37 40
30 123 131
12 161 163
15 62 70
10 164 169
16 132 143
17 166 168
14 14 15
7 7 13
11 132 139
11 33 42
20 103 110
15 48 52
14 148 152
9 87 93
5 158 159
8 90 96
17 52 57
21 34 42
2 109 114
12 171 175
20 18 19
10 92 100
13 138 144
1 71 74
15 113 117
13 7 15
5 107 115
28 152 164
12 141 149
13 118 128
26 68 75
44 81 91
1 31 38
1 95 100
4 175 182
37 117 119
3 78 81
38 96 106
17 165 170
13 160 165
3 80 88
9 65 67
7 11 14
20 169 172
24 4 7
30 81 89
5 0 9
12 61 65
15 134 136
14 127 130
5 54 62
7 163 171
16 145 145
32 168 179
16 154 157
17 51 52
26 31 31
11 3 10
13 127 133
20 0 2
10 166 172
53 143 154
16 77 83
22 178 180
15 159 169
15 103 110
21 142 147
11 26 32
13 11 13
5 127 135
15 37 43
24 181 184
16 131 138
2 172 175
14 81 92
28 86 98
8 100 106
39 74 77
2 151 163
11 42 44
5 127 132
9 174 181
6 6 11
18 144 155
4 147 153
40 115 115
10 108 116
4 30 31
3 168 178
18 126 134
10 0 5
18 41 51
11 109 120
7 17 23
18 47 48
12 68 74
16 40 48
16 32 37
7 162 169
3 15 24
10 132 135
32 81 83
21 58 63
7 53 53
13 171 179
2 173 179
3 75 79
8 4 10
12 167 174
2 122 123
18 148 152
2 85 93
19 74 78
6 1 6
6 68 80
6 49 59
9 112 118
9 109 112
13 118 128
14 29 35
2 70 75
22 158 165
12 114 123
1 90 92
25 123 132
12 2 4
6 99 105
15 59 68
20 143 150
2 129 136
6 113 116
5 60 65
23 154 155
22 149 157
11 134 134
1 79 81
2 92 97
27 133 139
12 91 101
27 12 23
16 2 5
11 151 156
16 15 21
18 114 120
5 22 27
2 127 129
11 64 69
14 174 178
24 40 47
11 113 114
30 99 104
38 152 153
16 90 99
46 59 60
2 37 45
22 164 170
23 124 130
27 123 129
5 51 55
31 77 83
12 42 47
18 136 141
19 56 61
13 44 47
14 23 35
6 35 45
15 134 142
10 39 42
32 167 171
16 142 152
11 100 110
14 143 149
15 127 134
4 62 67
13 38 44
12 45 50
13 15 19
6 23 31
11 156 162
26 0 1
16 159 168
7 24 28
20 55 59
14 19 21
9 68 71
23 136 137
3 93 98
12 153 157
24 51 55
2 4 8
10 184 184
15 97 101
22 151 151
23 44 47
44 166 176
7 115 122
6 127 130
20 1 7
11 26 37
17 147 152
5 30 38
38 133 139
3 24 35
6 157 167
22 50 57
5 86 94
18 115 118
2 138 146
23 23 27
10 155 159
7 151 154
10 56 63
30 145 150
21 108 113
13 113 125
9 76 80
1 151 159
6 100 109
9 178 182
46 116 121
9 51 58
38 137 141
7 139 141
19 127 131
11 133 139
14 7 13
1 172 179
28 169 175
10 23 27
10 46 49
30 131 137
5 16 24
25 64 66
35 153 164
5 81 90
19 49 50
6 140 143
10 52 63
15 36 43
4 83 87
38 115 120
21 64 73
4 35 41
3 117 123
22 29 34
30 156 160
2 56 60
8 180 184
12 81 90
20 104 104
21 139 145
12 178 181
19 2 8
39 136 147
44 139 146
25 46 52
10 118 124
12 118 125
23 103 111
42 122 126
15 163 167
19 24 24
12 8 17
13 169 181
10 81 82
28 21 24
18 174 180
33 33 39
18 29 36
17 10 16
28 95 99
1 70 77
8 109 111
21 30 35
4 88 100
8 40 51
23 160 164
51 88 91
26 4 13
15 118 121
6 122 129
8 137 142
4 108 115
12 24 31
21 23 26
1 170 172
2 63 74
10 92 98
18 95 107
23 53 54
18 148 157
22 28 31
14 145 153
2 144 151
2 130 136
17 92 92
11 135 143
32 60 68
17 41 43
20 53 55
17 68 73
21 180 184
1 64 71
18 20 26
15 148 156
18 10 16
23 143 152
7 10 17
15 139 146
21 79 89
8 103 106
2 170 176
16 156 162
8 141 143
38 68 76
5 19 21
4 1 13
15 21 26
17 40 48
28 100 107
17 122 124
9 62 68
15 11 20
9 100 105
23 0 5
2 159 161
23 152 155
5 38 40
5 95 100
5 18 22
42 70 81
33 92 103
20 165 174
22 90 95
1 151 156
25 169 175
1 63 68
5 76 81
12 162 167
2 169 176
11 161 168
1 168 175
21 107 110
3 70 80
2 154 159
11 0 2
34 86 95
10 179 181
2 137 146
11 171 172
4 26 36
35 85 97
39 88 90
8 34 41
22 82 85
13 73 76
5 11 16
8 0 2
5 174 178
28 79 80
6 20 23
17 155 164
10 152 162
8 61 68
3 70 77
2 123 132
19 162 172
35 158 161
1 155 160
7 20 29
19 121 132
7 136 142
19 39 43
10 14 21
28 100 102
14 62 66
24 90 94
5 103 106
27 63 67
12 165 174
2 135 141
1 177 184
33 32 40
18 173 184
20 129 136
19 17 29
14 148 157
8 137 139
16 15 21
8 142 150
24 112 115
11 122 127
6 114 121
2 161 168
24 24 30
42 55 58
9 90 101
11 14 23
3 61 61
18 124 129
37 78 81
11 55 63
5 102 106
19 32 36
41 65 67
34 159 164
17 66 72
28 31 35
26 120 124
7 63 70
6 119 128
10 35 43
4 165 172
10 107 112
8 172 180
5 129 136
13 23 33
25 30 36
4 133 140
10 26 32
44 159 161
1 52 63
46 179 184
28 178 178
31 31 42
6 156 159
17 172 173
17 87 87
4 95 103
3 18 23
15 178 180
4 69 75
14 115 120
8 86 89
42 176 184
17 85 90
27 180 183
36 101 104
34 38 45
10 79 82
5 135 141
26 168 173
5 51 56
23 62 65
5 143 151
17 130 138
24 63 72
19 146 153
4 62 67
14 162 167
6 83 89
18 0 7
30 0 6
20 83 85
5 122 124
20 158 166
15 43 48
7 135 139
11 46 50
1 147 149
26 98 101
25 95 101
16 80 87
19 35 38
31 18 19
4 12 13
12 76 78
2 153 160
19 151 159
6 108 113
15 33 44
32 61 65
32 151 153
11 69 74
41 121 127
17 83 84
6 152 157
28 10 17
10 59 62
5 5 11
2 141 148
2 57 62
23 166 173
18 180 184
2 181 183
2 57 63
8 157 164
1 19 23
21 69 76
14 106 112
15 83 89
12 40 45
17 180 184
20 125 129
4 133 137
2 149 153
14 100 104
13 160 166
3 0 4
13 126 131
9 90 97
21 158 162
23 102 107
8 30 36
1 14 21
11 128 135
24 59 63
8 143 153
26 170 177
5 118 123
6 61 65
20 70 73
38 16 26
13 127 136
11 16 23
3 33 40
11 179 184
14 33 39
47 118 123
10 166 174
11 150 160
17 21 26
13 2 9
6 136 141
16 27 32
1 137 142
18 27 34
17 20 28
6 102 112
28 105 106
18 27 39
3 141 146
5 135 141
20 90 99
10 143 155
8 155 161
3 152 156
7 138 143
8 40 48
22 71 83
7 104 111
3 98 101
1 0 0
20 118 119
14 9 16
28 175 177
8 61 66
29 102 114
27 148 156
39 97 103
3 78 85
6 73 77
27 44 54
22 159 165
5 1 8
10 171 183
5 34 41
30 56 66
6 18 20
9 179 181
7 50 57
10 108 112
32 106 110
27 130 140
2 175 181
18 0 1
14 155 157
20 59 60
4 75 79
7 35 42
9 0 3
1 80 83
38 111 114
48 92 99
9 59 64
15 146 149
22 89 93
5 47 59
15 171 178
11 131 133
3 12 17
28 53 58
26 95 103
27 8 18
9 112 119
11 113 118
5 45 49
19 0 5
19 73 79
34 138 150
9 120 131
28 102 110
19 77 83
5 16 26
20 176 184
11 112 123
38 140 145
42 165 175
6 148 152
24 167 173
7 139 144
13 157 166
15 44 48
29 71 74
23 115 119
17 80 84
1 162 167
5 34 36
3 131 137
4 46 49
23 144 152
13 44 54
8 123 131
30 46 57
4 141 143
4 7 11
5 16 24
19 122 129
11 121 128
4 10 14
13 0 7
8 133 136
36 67 74
6 99 103
41 150 161
5 73 79
19 174 179
13 26 33
28 147 153
6 138 142
14 122 129
10 136 145
5 96 102
32 181 184
8 88 90
5 56 59
15 123 127
18 12 18
16 38 48
7 92 92
3 81 90
18 147 151
13 51 54
12 42 47
11 83 86
12 53 56
8 138 145
35 109 120
13 43 53
28 128 134
7 24 31
3 83 90
36 105 113
6 143 147
4 127 131
28 115 121
19 162 168
12 0 8
15 160 168
1 181 184
19 146 155
35 78 82
54 136 139
25 120 126
12 98 103
24 5 9
14 90 99
10 130 136
30 17 25
5 91 92
3 184 184
13 76 77
29 70 72
24 5 15
39 76 85
37 55 58
10 162 169
28 46 56
6 144 155
11 29 36
1 74 75
14 178 180
35 170 179
15 146 155
21 175 184
14 86 91
37 180 183
7 39 49
26 72 74
10 108 115
13 62 69
1 172 179
20 162 173
17 8 11
24 169 177
10 112 119
27 38 43
9 175 181
39 43 50
3 87 93
3 167 169
3 153 162
12 29 37
26 169 176
12 28 35
3 140 147
26 83 90
30 155 162
18 101 106
14 142 146
4 110 122
30 11 19
11 94 100
36 129 135
1 180 181
5 120 127
4 70 73
17 178 184
13 87 96
19 7 13
31 35 42
19 175 180
3 5 11
20 117 123
10 0 5
43 129 137
10 153 163
10 151 154
15 63 69
