800 40 60
11 27 32
1 22 28
5 35 40
3 22 28
7 10 17
1 88 98
12 86 94
5 25 33
2 65 72
1 121 123
6 85 88
5 11 12
1 0 9
18 68 72
13 92 96
8 42 44
6 122 124
17 37 48
2 97 97
11 4 15
7 1 4
5 51 60
1 45 56
14 35 44
11 0 4
3 0 1
11 108 116
3 3 9
5 21 30
3 9 15
9 17 24
9 109 116
4 49 57
1 63 69
10 97 100
3 50 51
1 25 31
4 101 104
2 3 9
19 59 68
11 117 121
6 51 58
18 99 102
7 46 51
13 58 62
3 108 110
3 93 100
1 49 53
1 98 104
20 99 104
12 28 37
7 108 114
3 68 80
2 63 64
9 66 73
19 11 18
5 59 66
21 84 96
3 74 78
4 110 122
16 0 4
11 85 90
16 111 114
15 32 38
4 45 45
5 4 9
9 18 24
14 27 30
3 51 61
2 28 38
6 108 116
13 103 109
5 111 117
16 78 89
2 55 66
19 98 104
3 11 19
2 44 49
12 89 99
6 108 115
22 31 42
12 110 115
2 35 40
7 91 96
17 52 62
4 59 64
2 69 76
18 46 52
6 86 92
5 75 82
5 91 99
8 88 97
17 18 25
10 104 108
9 95 95
15 82 85
7 72 72
12 57 62
11 81 81
9 26 30
9 44 53
2 28 33
11 44 50
9 29 36
10 0 8
11 86 95
3 78 86
4 40 44
6 46 54
20 86 91
6 2 9
2 42 48
3 44 50
12 66 76
1 115 118
4 59 64
18 96 100
8 115 120
20 27 37
23 113 118
8 1 8
2 118 121
13 27 33
8 67 69
22 63 72
6 0 6
11 110 111
4 12 19
3 0 2
2 90 93
8 40 46
9 95 101
11 37 45
7 110 117
1 2 7
3 93 101
2 89 96
16 4 7
7 8 14
12 51 55
4 20 26
19 104 111
1 103 110
12 64 66
6 118 124
19 106 107
16 58 62
1 52 60
3 21 28
2 1 2
8 5 9
10 29 37
4 83 90
1 70 72
21 117 121
14 31 40
4 36 40
4 60 68
5 80 87
17 110 118
4 13 18
14 13 13
2 96 103
12 44 47
6 90 96
3 83 90
3 80 87
1 52 57
4 34 41
7 108 119
7 91 97
25 71 76
10 0 7
10 40 52
2 74 79
1 53 59
4 49 53
6 113 118
8 100 102
9 58 66
2 75 86
3 118 123
5 76 85
10 11 18
5 15 22
15 17 21
4 15 23
8 73 79
16 32 40
8 73 79
11 14 21
5 97 106
4 107 114
15 58 65
3 28 34
2 34 42
7 76 82
2 45 54
8 79 81
6 45 57
9 49 50
1 119 123
1 116 121
2 115 116
7 64 67
4 29 38
3 105 115
4 25 33
9 73 79
4 0 6
6 88 92
7 5 8
4 85 89
3 59 60
3 64 67
2 5 11
1 25 33
6 1 11
3 16 26
14 71 72
7 57 61
14 7 10
5 72 78
2 39 42
24 45 54
8 74 80
11 103 105
1 119 124
20 50 59
5 118 124
2 79 85
7 85 91
9 49 57
3 79 81
9 97 107
9 36 43
13 4 6
11 88 94
15 119 121
1 74 79
15 34 38
23 111 115
9 2 3
5 99 108
4 59 61
3 104 109
6 84 91
5 80 89
6 17 29
19 119 120
2 6 10
3 65 70
12 87 91
9 118 124
2 102 110
3 22 26
3 73 80
12 50 57
1 20 29
9 87 95
7 26 33
4 36 47
10 97 104
6 83 91
6 91 92
4 118 120
1 92 99
2 102 108
3 34 39
15 25 35
6 116 123
5 13 18
15 72 77
2 99 109
14 61 69
3 33 38
1 13 18
4 105 111
5 13 21
4 53 59
13 115 124
18 100 106
3 69 74
16 102 106
4 108 113
14 35 47
5 42 49
11 79 86
7 2 10
8 0 2
22 100 107
4 75 86
17 25 32
8 71 78
2 32 42
1 20 24
19 112 116
6 114 120
5 108 117
7 4 12
3 55 59
8 91 99
8 103 106
10 88 94
4 31 39
13 85 87
5 86 94
13 115 120
2 18 24
16 72 81
12 68 75
7 59 63
13 47 54
9 68 69
11 86 89
2 38 41
4 69 70
8 115 118
6 48 53
6 106 115
15 1 4
8 103 107
11 39 40
4 57 66
7 88 95
4 0 6
16 98 103
2 121 124
6 23 28
3 39 48
14 3 7
12 101 106
4 82 88
14 50 56
1 56 62
1 46 49
1 54 61
5 78 84
12 107 113
2 106 110
4 80 86
1 104 108
2 14 19
16 74 85
1 89 93
28 104 111
10 7 15
12 114 117
4 0 6
8 101 103
2 0 1
4 9 18
4 0 3
1 102 102
9 50 52
12 7 14
11 74 85
13 56 64
1 15 21
4 65 70
4 40 47
7 19 27
4 59 66
22 82 87
7 82 88
2 117 121
6 31 37
3 114 116
3 97 101
13 88 93
9 26 27
4 63 73
12 64 66
13 52 60
11 87 92
2 74 82
1 87 92
11 0 4
8 117 124
1 113 117
3 109 121
19 67 70
6 64 72
11 78 88
16 108 116
3 4 10
8 8 15
11 56 65
3 112 118
2 17 24
3 72 79
10 95 107
4 21 27
2 85 96
10 34 44
8 54 62
11 29 33
6 78 85
17 72 79
5 71 74
2 66 71
2 98 109
20 76 81
2 45 47
7 94 99
12 60 64
13 64 69
8 32 39
5 36 47
4 89 95
4 24 33
9 21 21
7 76 82
16 121 124
2 56 60
3 112 117
1 71 76
20 88 90
13 11 13
2 87 97
2 44 52
10 14 22
3 98 103
9 60 70
9 96 105
6 83 87
14 23 33
2 15 19
9 117 122
1 5 9
8 102 104
3 99 105
5 72 76
9 30 37
9 6 11
6 41 45
2 83 88
1 72 77
12 91 97
2 37 49
6 46 55
4 99 110
5 120 124
1 24 29
1 76 82
1 86 89
3 0 8
4 48 54
8 12 20
4 109 115
1 26 33
7 29 38
12 27 38
10 79 83
15 109 116
4 19 23
5 107 111
1 105 110
1 109 114
17 84 91
1 15 21
2 7 15
16 52 56
5 35 37
2 68 74
5 40 46
10 98 103
10 19 27
4 95 98
7 103 113
13 37 49
1 108 115
5 120 124
5 72 76
9 112 113
7 25 35
14 108 117
18 26 28
2 10 19
5 73 80
10 109 111
11 12 17
3 10 18
2 70 74
4 62 68
4 97 101
10 73 80
23 57 67
3 27 35
7 114 115
13 19 22
6 61 69
19 51 57
1 86 89
4 75 77
3 20 20
1 8 10
9 111 114
6 76 78
10 93 101
10 0 3
2 68 75
1 38 44
6 58 63
7 106 109
9 44 48
1 72 76
9 119 124
16 8 12
11 70 77
15 116 123
1 78 88
16 95 106
2 19 29
12 38 47
4 60 68
9 29 29
14 91 93
5 117 118
5 115 121
2 51 55
1 97 102
4 108 111
8 0 7
1 43 49
3 106 110
7 55 65
14 69 81
5 103 108
13 105 115
19 82 85
20 46 53
9 91 93
9 2 9
3 99 105
3 28 38
6 59 65
7 98 109
13 67 77
3 77 87
18 117 124
6 56 60
1 38 46
3 114 124
1 87 89
15 25 32
11 11 22
3 81 88
3 64 70
6 59 63
7 116 119
2 54 58
1 8 13
10 13 21
15 78 85
10 75 79
10 86 92
21 74 78
10 59 62
4 3 11
11 46 52
3 96 96
3 99 105
12 19 25
1 87 93
12 49 58
10 121 124
8 37 44
9 91 97
5 95 100
10 74 76
15 48 54
8 94 102
4 80 83
16 36 44
8 26 30
4 48 50
12 94 102
6 72 79
7 9 13
13 41 50
13 19 25
1 97 100
17 96 98
5 23 29
4 20 24
9 121 122
7 108 115
28 45 49
2 120 124
7 6 13
12 12 20
7 96 102
13 9 15
1 96 105
14 113 117
6 9 20
7 40 41
16 39 43
6 118 123
5 23 29
3 78 84
2 35 38
1 105 111
4 1 8
3 0 6
11 87 94
2 31 33
1 78 88
2 42 46
2 101 107
18 93 98
9 9 17
3 102 109
10 1 12
7 115 117
9 29 38
8 28 40
6 83 89
25 104 115
6 108 111
10 122 123
9 31 39
9 36 39
10 52 53
16 55 56
2 28 32
5 20 29
14 106 111
7 82 83
2 11 18
11 95 106
4 35 40
7 54 58
12 91 95
3 11 16
9 52 56
14 63 68
1 11 17
14 88 94
7 40 47
16 22 27
5 57 65
6 101 103
5 87 88
3 90 99
8 4 14
7 7 13
2 28 37
11 24 31
14 0 5
10 29 36
1 102 109
2 31 39
4 93 99
11 92 102
1 9 17
2 21 31
13 96 101
13 63 66
5 76 84
3 81 82
6 53 61
5 11 17
17 16 23
11 73 83
2 84 96
1 101 111
2 114 121
4 93 100
36 54 57
5 22 26
5 61 68
1 39 44
4 66 71
1 88 95
3 45 50
4 33 35
2 110 115
2 74 82
15 111 113
9 89 94
12 67 73
2 63 68
6 83 89
8 15 24
8 95 98
5 79 85
13 95 106
21 57 64
5 42 50
5 47 52
5 55 59
3 94 98
14 58 64
5 8 12
4 22 28
3 117 124
2 115 115
21 18 24
2 4 11
10 115 119
9 4 11
6 118 124
5 109 119
3 0 4
14 94 101
5 56 64
30 20 30
4 85 91
7 112 121
1 18 21
1 94 104
2 94 101
4 54 63
1 56 61
14 66 70
29 72 75
3 14 14
3 44 46
11 39 48
2 69 72
7 75 81
4 74 83
4 45 46
5 36 41
15 124 124
2 15 21
22 118 124
6 112 118
11 69 75
12 77 78
13 90 98
9 62 68
16 107 115
10 82 83
5 86 88
10 18 25
3 84 87
4 49 57
16 6 13
15 117 121
16 82 87
5 64 73
3 75 84
14 36 46
5 34 39
10 3 13
5 2 4
8 48 54
1 51 53
7 2 12
25 115 120
9 32 38
8 27 34
7 91 94
1 14 25
2 44 50
3 59 67
2 40 47
9 21 26
11 16 20
4 31 32
7 5 9
6 53 59
1 41 48
5 12 20
15 104 104
6 60 67
5 0 5
8 67 78
11 118 120
7 16 25
4 75 81
1 94 100
3 30 33
4 55 60
3 79 91
8 58 60
15 23 26
4 12 22
16 66 68
28 40 45
2 111 119
4 117 124
4 19 25
5 75 80
9 115 123
15 33 37
16 121 124
22 120 124
1 42 43
9 68 75
2 0 11
10 115 120
7 14 19
7 115 117
18 40 45
14 9 19
10 38 45
