800 20 30
2 47 53
6 105 113
3 97 103
13 94 100
7 43 49
5 150 156
12 119 122
5 108 113
2 89 97
4 53 59
3 32 36
3 48 54
10 43 46
10 55 56
5 64 69
1 114 121
1 35 41
3 66 73
6 130 139
1 51 61
3 46 49
6 102 110
11 147 153
6 76 79
5 73 82
11 69 78
5 150 155
3 63 71
3 60 63
8 143 151
13 0 7
4 87 96
2 89 95
12 92 96
4 63 70
1 159 159
7 126 133
5 70 75
3 61 67
3 80 89
10 17 22
8 103 113
4 130 134
3 85 95
2 121 133
2 5 17
4 53 58
2 153 158
6 29 36
6 13 15
1 135 136
3 149 156
8 103 114
6 28 35
2 32 36
14 130 136
4 54 62
10 113 119
6 95 104
1 104 106
1 78 83
8 75 79
7 39 51
9 100 103
5 10 14
6 93 102
4 89 92
9 156 158
2 38 38
2 13 21
1 26 33
6 105 113
3 157 159
6 76 77
6 139 142
9 128 131
1 33 39
5 95 103
6 103 107
6 56 64
2 131 137
6 49 57
1 56 66
4 61 70
2 89 95
7 115 122
1 50 56
11 139 149
8 17 23
6 29 31
3 60 67
10 56 60
1 73 73
4 151 156
7 96 104
1 95 97
4 71 78
11 22 27
7 66 73
4 151 159
2 45 52
5 84 88
7 69 78
6 127 131
6 51 59
11 124 134
4 118 124
12 147 149
19 91 100
8 74 78
1 0 8
4 33 36
5 137 138
2 58 64
8 52 54
2 142 145
6 78 84
16 146 157
3 29 39
3 65 73
2 39 50
3 0 3
6 64 68
8 28 33
1 16 19
5 0 7
8 76 84
2 155 159
2 118 130
7 139 146
4 108 118
12 118 126
2 90 97
14 129 138
6 1 2
7 31 37
1 143 145
1 20 31
1 107 116
5 141 153
4 2 9
1 122 124
3 34 44
2 10 18
5 92 95
4 60 67
7 75 82
5 137 137
2 106 117
3 81 92
12 142 149
1 8 13
2 141 143
13 112 117
6 6 9
2 85 90
6 48 55
3 59 63
1 116 119
6 106 110
9 94 103
11 98 105
7 38 43
1 118 122
2 145 150
1 16 26
8 45 46
2 108 113
4 145 152
4 63 70
5 98 107
5 124 134
1 104 112
4 67 75
2 35 42
3 42 51
13 109 116
7 46 56
3 70 81
3 146 152
1 35 42
3 40 47
8 16 17
3 100 109
2 62 69
9 150 152
5 41 42
7 106 115
5 0 9
9 35 46
2 55 58
6 37 38
6 83 86
4 51 57
6 55 63
1 125 133
4 47 52
7 73 77
8 96 104
11 135 140
5 113 117
2 143 149
13 115 117
4 18 19
8 17 25
2 23 26
6 86 91
2 133 140
9 61 63
3 141 147
4 26 31
13 108 113
6 125 130
1 27 31
2 127 134
3 125 131
3 115 123
3 127 138
13 136 142
11 140 145
6 49 57
6 13 18
8 73 80
4 131 138
4 156 159
10 6 15
2 69 78
4 67 75
14 153 159
3 25 30
3 152 159
6 27 33
13 149 158
11 64 71
1 37 47
1 129 135
4 12 18
6 112 117
9 136 138
4 134 140
4 115 120
3 109 115
10 0 5
2 7 13
2 145 147
17 158 159
4 42 46
3 23 23
1 21 27
1 42 52
6 48 55
10 78 85
2 86 95
2 143 144
4 123 128
1 12 16
1 49 53
7 108 115
5 113 122
5 73 81
1 131 137
5 56 59
4 142 151
6 84 93
4 27 29
5 139 143
3 103 106
1 27 32
1 4 10
4 118 123
15 145 145
3 68 74
2 79 80
2 0 8
2 133 135
5 31 33
1 57 60
4 94 98
2 40 50
2 140 146
12 84 84
4 104 109
1 79 82
3 138 142
3 37 43
7 4 14
10 46 50
6 10 14
5 111 113
2 81 86
9 126 129
9 121 127
4 50 57
6 119 128
2 24 30
5 61 68
6 16 17
3 2 4
5 68 68
2 58 63
3 109 115
1 7 15
1 12 18
2 103 109
3 28 37
14 65 72
7 87 93
1 37 39
1 82 87
9 81 83
6 111 118
5 80 90
11 125 129
13 100 106
4 98 106
1 68 76
6 95 100
4 123 124
5 145 150
14 145 155
1 60 64
9 123 131
1 113 117
1 5 8
6 155 158
3 76 81
7 37 46
4 18 27
3 74 83
3 24 29
1 68 76
2 51 59
1 49 57
1 119 123
6 30 38
5 1 5
4 137 142
1 7 8
7 61 69
5 31 35
2 152 159
1 17 25
8 49 54
1 6 15
1 139 146
9 80 83
7 44 48
2 112 116
2 139 142
6 36 40
3 141 147
4 11 18
5 151 157
12 115 121
2 13 21
3 47 48
2 19 22
5 36 40
2 128 132
4 83 89
5 74 82
5 0 6
2 87 89
2 0 2
5 97 107
12 115 127
3 57 64
3 123 126
6 127 135
1 152 153
4 0 1
4 123 126
2 125 129
8 57 66
9 78 84
11 14 21
14 124 133
10 123 131
3 66 67
5 117 122
5 61 66
2 140 146
3 28 31
10 150 159
5 53 62
5 157 159
1 117 127
12 17 22
7 155 159
2 2 5
9 3 11
1 35 45
5 34 44
3 123 131
6 0 5
10 124 127
4 0 3
3 38 45
7 50 55
4 1 12
3 31 38
1 19 24
3 70 75
2 80 83
5 110 113
4 70 77
1 45 49
7 21 27
8 88 92
4 29 34
10 79 80
3 128 132
1 15 21
5 100 104
8 54 59
1 22 31
5 6 11
2 73 78
5 140 145
3 29 34
10 106 108
2 33 40
7 8 17
8 106 109
1 53 62
1 6 9
1 62 74
4 78 84
2 75 87
12 117 117
8 73 74
7 131 143
13 38 45
9 5 9
1 0 6
10 77 89
10 24 34
5 122 124
2 96 103
4 149 157
2 133 139
8 131 135
4 100 108
4 91 99
6 75 82
3 4 11
6 119 123
4 11 20
6 46 52
3 83 90
5 93 97
7 139 145
3 2 7
10 93 99
12 57 63
7 129 135
9 127 133
1 145 149
1 20 26
2 143 153
6 15 19
2 147 156
16 142 149
8 119 120
2 80 82
4 1 4
2 110 117
4 108 110
4 147 151
1 99 105
3 57 61
6 103 105
3 71 76
5 74 82
3 34 38
8 145 151
3 60 70
3 40 42
1 100 103
2 15 23
6 20 29
4 64 66
9 113 119
3 73 81
5 110 119
2 94 96
8 70 79
7 18 23
1 155 159
2 155 158
3 89 97
5 23 29
4 80 85
2 35 38
6 82 92
6 54 55
10 56 61
10 7 18
3 56 66
1 154 159
4 23 31
7 86 89
7 120 128
3 106 114
6 152 157
5 68 76
8 96 101
2 31 39
5 9 10
7 64 72
3 68 77
5 70 80
4 77 83
3 71 79
1 120 130
6 1 2
3 65 75
2 26 29
1 16 21
1 27 34
5 19 28
11 39 43
6 118 130
6 66 74
4 30 40
2 13 18
2 8 20
5 4 12
4 92 97
3 48 51
2 95 102
7 85 92
3 45 52
11 68 72
3 93 101
4 3 9
5 19 25
3 136 139
2 112 119
3 65 70
7 6 13
12 92 97
6 91 96
8 55 61
1 16 17
1 23 29
2 146 151
14 66 75
3 68 77
5 8 17
12 80 90
1 113 118
5 141 148
3 134 139
10 16 20
3 56 65
1 96 101
4 94 99
9 20 22
5 3 7
3 112 118
1 82 90
10 144 150
8 88 100
6 97 103
1 1 10
1 92 98
15 126 132
17 138 140
3 22 23
6 125 134
4 0 5
3 7 12
1 51 53
6 101 105
7 29 33
10 83 91
6 75 80
10 138 142
1 118 122
1 100 102
3 7 12
4 144 151
2 94 106
5 25 31
4 0 5
1 110 120
1 3 11
5 74 80
6 129 136
1 105 110
6 61 67
13 107 114
1 50 59
4 21 26
2 51 57
1 41 50
1 77 78
5 87 93
3 41 45
6 137 140
3 46 50
8 31 38
4 38 46
1 109 111
3 99 104
1 9 13
6 102 108
2 89 92
3 88 94
6 124 131
11 155 159
5 107 114
3 64 69
3 133 138
7 82 84
10 112 118
10 32 41
9 154 159
12 128 134
5 67 76
2 44 49
6 37 39
7 76 84
14 144 154
10 89 98
5 125 130
1 134 140
3 114 120
2 94 104
2 79 81
14 105 110
2 43 43
3 14 17
6 147 149
11 102 109
4 122 125
5 87 92
6 27 33
10 36 42
1 70 71
2 62 66
4 105 112
11 47 53
2 47 53
8 19 19
3 118 123
3 112 116
11 84 90
2 117 122
1 73 79
1 72 75
6 131 133
3 138 145
6 37 39
3 129 134
4 22 33
3 18 22
6 89 94
2 11 17
9 123 123
7 151 158
5 96 101
5 61 66
4 67 74
17 132 135
10 59 63
1 0 3
4 47 57
6 3 12
7 21 26
4 62 67
4 31 35
1 151 159
4 106 112
7 31 36
1 146 154
2 1 4
3 28 34
1 159 159
7 148 152
1 129 136
4 21 28
6 148 157
6 49 51
10 156 159
7 26 28
4 43 53
3 0 6
8 85 89
4 95 99
8 38 44
1 22 26
8 154 159
4 40 46
4 0 5
11 97 104
14 114 123
9 59 59
7 76 87
5 148 157
2 40 47
5 136 145
1 10 10
11 102 110
1 80 86
7 110 111
12 30 36
7 90 101
1 32 39
2 33 39
5 141 147
1 106 110
1 17 25
6 101 108
3 10 18
11 46 53
5 54 59
9 149 152
5 87 95
8 146 148
9 36 44
2 95 97
1 147 154
10 95 98
1 0 3
2 159 159
1 6 12
2 122 128
4 30 37
1 84 89
4 11 16
6 138 141
4 149 152
7 117 126
5 110 113
3 46 51
3 38 42
8 129 134
2 11 18
9 27 37
3 127 137
1 47 54
2 24 30
3 18 24
5 53 61
9 124 127
5 69 72
2 80 85
1 25 25
9 137 142
1 102 111
4 85 95
7 149 152
6 62 66
6 84 95
2 125 134
6 40 45
2 13 20
9 57 63
2 130 136
5 152 159
1 78 88
8 88 94
6 13 21
6 67 68
9 63 70
6 40 45
5 0 8
5 5 11
1 57 65
5 113 119
9 52 55
8 84 94
1 35 43
7 46 57
1 88 95
6 59 64
3 6 8
2 136 138
7 136 140
1 21 27
2 116 122
8 112 118
13 122 128
8 6 14
2 52 57
7 140 145
21 157 159
6 17 23
4 97 104
2 136 144
4 94 102
3 49 59
11 141 147
3 41 49
5 100 107
8 110 116
11 25 26
3 10 11
