800 30 45
19 101 106
7 92 97
5 129 133
16 169 177
2 170 172
5 135 145
4 71 75
8 154 157
4 173 181
8 177 183
18 139 144
2 124 126
10 68 71
2 181 191
2 175 181
19 156 167
7 100 104
15 65 70
2 95 101
4 56 60
8 138 144
13 54 61
3 94 99
17 73 75
3 35 41
20 156 156
6 47 54
7 84 87
24 63 65
3 89 95
11 124 131
15 184 184
14 110 116
1 117 126
3 27 31
11 165 171
27 130 141
11 84 86
18 66 73
4 184 186
4 27 37
4 106 115
14 187 189
14 40 49
11 127 135
8 106 112
3 113 116
1 66 76
19 5 10
4 69 81
1 170 173
1 4 9
8 180 186
5 97 102
1 180 181
2 89 101
3 161 169
5 106 111
4 74 77
7 107 116
1 33 40
12 31 36
1 124 134
4 102 114
8 40 44
11 128 135
3 23 33
2 83 88
3 29 31
3 69 76
6 0 8
6 131 138
10 7 8
13 36 41
2 87 94
6 107 113
2 34 40
14 138 146
11 85 90
4 172 175
6 153 159
7 129 135
27 137 142
9 52 60
3 30 36
6 24 28
7 91 98
21 140 141
8 51 55
5 155 162
17 70 74
1 0 9
6 28 37
10 163 169
10 0 0
6 45 52
7 30 36
9 85 91
16 147 154
3 149 151
25 30 38
2 98 103
8 139 144
2 43 45
5 0 5
4 12 18
15 148 152
10 92 97
13 40 44
3 69 75
24 100 104
1 57 60
9 151 163
18 45 54
10 136 139
5 182 188
13 78 82
7 98 102
1 185 191
15 67 73
6 8 11
11 48 54
5 0 6
5 173 176
3 53 58
8 167 174
1 181 189
10 36 43
2 42 51
9 116 122
12 41 49
4 110 115
17 103 110
16 84 87
4 26 28
2 43 45
1 164 168
4 106 109
10 42 42
2 24 26
4 114 122
13 74 75
8 15 20
9 69 77
6 173 180
20 130 135
12 176 183
11 145 151
13 185 191
5 26 35
8 121 132
7 18 20
17 6 10
5 103 105
3 119 120
15 178 180
3 29 41
7 58 65
11 29 34
8 108 114
4 184 191
5 113 119
9 161 165
17 17 27
13 93 103
16 126 126
17 175 180
6 45 50
6 162 169
5 0 7
2 33 42
36 172 175
7 97 103
7 19 25
15 58 58
16 174 175
5 3 11
8 5 16
26 159 164
26 103 108
5 127 139
12 134 137
14 173 184
7 145 146
12 2 8
7 67 71
3 130 141
7 121 126
8 97 101
15 182 191
3 113 117
10 116 126
10 71 80
11 18 26
12 134 138
7 134 137
6 83 89
4 77 85
4 160 171
5 22 24
8 104 113
3 68 70
27 118 118
11 123 130
17 154 166
19 133 139
8 41 46
5 129 138
2 75 82
12 190 191
6 123 130
10 134 136
1 166 177
9 12 21
9 156 165
13 168 169
1 176 188
7 118 125
5 21 25
9 24 25
12 63 72
9 111 111
14 113 119
7 188 191
8 169 179
7 39 43
6 180 183
12 120 126
9 58 66
8 18 27
24 58 60
1 165 171
1 184 186
7 75 79
11 166 170
5 88 97
3 162 169
7 5 12
22 128 137
13 57 65
13 169 179
3 32 41
4 73 76
4 53 63
14 116 120
13 154 154
7 178 179
10 100 104
20 90 97
14 1 13
6 167 176
23 110 114
15 63 66
12 65 68
8 181 191
5 23 28
4 86 90
7 97 102
1 160 165
2 63 64
12 119 130
15 151 155
3 34 41
17 6 7
16 51 55
1 135 140
3 38 43
16 120 128
6 118 123
19 132 140
3 34 42
13 135 143
3 136 139
12 115 117
28 142 147
14 102 105
8 179 187
5 8 17
19 108 113
17 48 54
12 80 88
10 78 81
8 15 20
14 183 189
5 146 158
6 6 13
2 114 116
10 80 85
17 158 170
14 173 181
4 57 66
12 176 182
15 84 90
6 0 5
6 16 26
5 4 9
9 65 70
6 65 73
16 178 185
12 63 67
7 43 45
6 169 176
3 11 15
5 151 155
9 91 100
22 181 189
11 120 123
7 63 69
19 52 56
8 66 71
6 162 169
1 47 52
1 57 63
12 163 170
4 112 120
1 74 79
9 153 161
1 101 109
14 130 136
5 75 77
3 143 147
3 22 29
13 182 191
15 39 42
15 19 25
1 148 152
17 75 82
13 98 100
6 151 158
7 151 154
7 82 92
1 55 59
4 144 147
18 146 156
17 23 26
7 145 150
9 100 103
14 185 190
3 149 154
6 83 89
13 14 21
6 3 8
2 0 6
14 36 40
10 122 132
6 44 47
21 88 91
4 14 24
14 42 52
3 157 162
5 158 165
3 182 183
6 180 183
10 176 187
16 79 88
11 162 173
4 131 133
18 182 191
10 185 191
1 61 70
7 135 137
5 66 72
10 87 93
16 90 95
3 1 5
2 127 137
5 2 4
7 182 187
5 116 119
10 71 81
19 89 97
8 23 27
4 76 82
4 120 123
20 72 72
5 5 10
2 110 116
6 13 19
2 102 111
13 182 188
2 56 62
1 78 87
2 142 148
9 24 30
6 89 91
4 72 78
8 125 126
6 10 16
6 53 56
5 5 7
8 88 94
11 31 38
9 99 108
13 21 30
3 16 24
5 165 168
20 11 15
5 0 8
9 76 85
17 126 131
7 142 145
25 109 119
17 9 16
30 80 87
4 0 2
6 138 143
6 30 32
10 35 41
11 185 191
9 40 49
11 178 187
2 138 148
6 120 128
1 27 33
10 15 24
2 140 150
20 98 104
15 168 175
1 38 47
23 87 89
8 42 46
4 99 104
19 80 92
9 119 125
2 4 7
2 178 185
6 40 46
8 62 69
15 0 0
19 179 187
8 41 51
4 184 187
13 48 53
9 90 92
5 158 164
4 22 28
8 170 182
6 145 149
1 157 163
5 32 37
6 19 23
16 123 128
8 100 108
5 54 63
3 45 55
7 42 48
6 167 176
17 170 177
20 92 102
7 19 28
15 156 164
3 98 103
34 116 118
12 64 69
10 67 74
8 122 130
1 98 105
3 160 171
8 78 82
8 13 19
11 88 92
6 149 153
14 5 9
13 14 21
2 46 58
9 13 19
9 157 169
8 119 127
3 38 43
1 54 59
9 109 116
1 106 111
22 148 154
6 25 30
15 23 33
3 145 154
4 149 156
22 73 78
15 137 147
11 178 187
1 154 159
26 103 110
12 54 65
15 143 147
4 20 24
7 118 128
13 59 59
3 32 42
11 177 185
15 29 36
18 117 129
6 128 133
15 50 51
5 41 48
11 101 106
5 16 25
4 116 121
9 186 191
8 85 90
10 62 69
5 183 191
5 20 31
5 170 180
4 176 183
13 91 97
4 31 41
3 8 16
4 159 164
1 15 26
19 125 131
16 187 188
9 70 78
7 90 95
16 73 75
7 60 61
19 121 130
9 60 64
1 71 77
19 93 100
3 158 164
6 155 157
9 175 177
8 57 62
23 163 171
9 172 179
33 143 143
11 165 173
8 110 115
18 142 148
4 79 80
13 168 174
10 175 184
11 30 36
1 31 40
5 114 123
6 91 95
22 34 38
1 138 139
3 189 191
22 41 50
10 7 16
15 99 104
14 150 155
1 44 47
1 0 7
12 103 115
6 73 78
25 167 176
1 3 13
2 28 31
1 111 117
10 152 161
11 10 15
18 153 160
31 153 153
3 125 130
10 156 162
11 151 152
15 176 185
2 53 57
21 131 137
5 24 32
12 75 84
4 86 89
1 60 63
9 181 185
16 163 168
13 137 141
5 21 32
13 36 41
15 160 166
2 41 46
2 56 63
8 53 59
9 107 113
14 145 151
8 103 111
2 103 108
10 137 146
8 174 182
28 111 115
5 122 123
2 155 165
2 162 166
11 185 186
1 117 127
26 152 160
3 172 179
4 149 160
3 14 21
5 183 191
15 164 169
8 159 170
4 12 20
15 117 127
26 95 106
19 110 112
9 92 101
2 80 87
1 165 175
6 55 57
13 171 175
7 152 162
12 126 131
15 30 34
9 84 88
13 158 164
1 82 87
4 11 14
7 167 173
10 0 11
21 155 162
12 151 159
4 34 38
1 173 183
2 44 50
6 1 4
9 53 58
14 28 32
3 15 18
3 170 174
13 66 75
2 9 13
1 148 158
13 78 84
7 153 161
3 98 104
14 138 142
7 164 170
2 68 70
17 21 26
14 42 51
6 137 140
12 47 54
4 44 55
6 75 79
15 0 6
18 112 119
4 83 91
21 150 161
1 62 66
9 0 9
11 137 143
1 111 120
1 91 97
4 12 16
10 77 84
3 0 7
1 53 58
18 1 5
14 171 178
3 140 151
17 29 31
3 184 189
9 102 109
29 142 146
3 10 15
9 76 77
11 29 39
12 57 66
1 161 171
12 143 151
24 113 121
2 132 135
4 173 182
3 88 99
1 80 84
1 113 121
6 127 132
3 102 113
2 177 184
2 103 109
28 40 48
3 186 191
15 74 85
2 168 174
10 52 61
5 150 159
1 171 178
5 89 94
7 140 142
10 62 73
15 13 20
10 147 152
15 126 134
9 62 67
12 162 166
6 6 9
7 74 81
10 0 7
9 34 41
16 26 35
9 90 94
24 89 97
1 136 143
5 96 99
21 172 182
7 80 81
9 159 166
3 10 15
7 104 115
2 95 101
22 44 54
10 61 65
4 146 147
11 186 188
26 34 44
13 136 142
15 83 94
5 166 172
9 147 154
4 20 24
5 143 148
12 127 129
5 107 111
5 13 21
12 50 57
1 145 147
20 173 177
17 55 60
4 91 93
11 36 37
7 134 140
12 88 89
11 63 68
4 44 54
6 120 130
12 177 183
5 187 191
11 180 184
7 26 28
1 167 175
5 73 77
1 47 51
29 121 124
9 175 177
8 92 100
8 13 23
15 151 156
15 165 176
16 18 21
2 166 169
25 144 152
9 11 18
7 47 53
1 159 164
30 149 156
13 103 110
7 163 169
10 53 55
11 175 179
11 13 20
6 84 86
16 72 80
4 112 121
11 56 60
11 60 68
8 51 52
13 104 115
7 170 172
8 158 166
2 28 36
24 102 107
13 29 35
2 73 75
1 186 191
14 160 163
9 50 56
1 127 132
12 14 16
9 18 19
8 149 154
24 124 133
15 9 10
7 41 43
8 144 152
1 127 134
13 23 33
12 48 58
4 169 172
22 164 166
3 33 42
9 78 83
16 70 71
16 114 120
12 68 76
1 65 66
5 84 95
11 0 9
3 41 46
4 1 9
14 145 155
14 184 191
17 188 191
8 186 191
15 113 115
1 0 0
7 43 49
10 98 103
5 107 114
