Name: 200-40-60
Time: 23.806923s
Result: 49
Solution: 18 49 17 47 27 9 39 46 36 35 16 38 42 25 25 5 26 25 16 32 5 31 25 14 20 33 33 11 35 43 42 5 41 39 12 9 12 13 31 38 7 7 7 14 37 29 24 29 3 44 13 32 21 13 18 20 28 22 45 33 8 10 25 29 12 32 35 24 36 43 31 14 34 45 26 47 8 43 16 19 19 14 18 42 17 1 4 13 24 1 21 47 6 32 14 15 23 26 21 5 9 6 33 18 37 45 7 48 28 44 11 48 39 10 41 40 15 46 21 26 27 9 13 10 4 46 28 18 39 44 1 49 40 37 46 38 40 34 42 33 34 20 19 41 22 3 35 21 5 20 45 35 8 4 45 31 17 27 34 37 30 23 7 21 37 42 43 16 11 12 29 38 27 48 30 27 14 46 11 37 6 21 30 47 1 18 48 30 38 40 3 8 35 4 16 43 28 39 4 5
0:  (0)
1: 85 89 130 184 (41)
2:  (0)
3: 48 145 190 (42)
4: 86 124 153 193 198 (48)
5: 15 20 31 99 148 199 (49)
6: 92 101 180 (44)
7: 40 41 42 106 162 (46)
8: 60 76 152 191 (48)
9: 5 35 100 121 (45)
10: 61 113 123 (48)
11: 27 110 168 178 (44)
12: 34 36 64 169 (45)
13: 37 50 53 87 122 (49)
14: 23 43 71 81 94 176 (48)
15: 95 116 (47)
16: 10 18 78 167 194 (46)
17: 2 84 156 (48)
18: 0 54 82 103 127 185 (49)
19: 79 80 142 (46)
20: 24 55 141 149 (49)
21: 52 90 98 118 147 163 181 (49)
22: 57 144 (49)
23: 96 161 (48)
24: 46 67 88 (49)
25: 13 14 17 22 62 (48)
26: 16 74 97 119 (49)
27: 4 120 157 172 175 (48)
28: 56 108 126 196 (48)
29: 45 47 63 170 (48)
30: 160 174 182 187 (46)
31: 21 38 70 155 (48)
32: 19 51 65 93 (45)
33: 25 26 59 102 139 (49)
34: 72 137 140 158 (49)
35: 9 28 66 146 151 192 (48)
36: 8 68 (48)
37: 44 104 133 159 164 179 (49)
38: 11 39 135 171 188 (49)
39: 6 33 112 128 197 (49)
40: 115 132 136 189 (48)
41: 32 114 143 (47)
42: 12 30 83 138 165 (46)
43: 29 69 77 166 195 (48)
44: 49 109 129 (48)
45: 58 73 105 150 154 (44)
46: 7 117 125 134 177 (47)
47: 3 75 91 183 (42)
48: 107 111 173 186 (49)
49: 1 131 (44)
50:  (0)
