Name: 200-20-30
Time: 1.589183s
Result: 22
Solution: 32 2 15 19 13 30 17 25 28 19 21 9 27 24 30 6 24 17 18 24 7 2 15 5 28 9 32 28 28 25 14 3 25 20 30 2 9 32 7 21 29 30 20 11 26 3 19 21 34 2 17 5 34 33 7 17 10 13 3 15 28 7 22 23 27 7 4 7 26 33 30 22 23 3 14 14 6 13 3 29 30 29 23 10 3 4 20 11 33 19 24 6 8 11 15 18 16 15 4 13 14 21 21 15 17 31 11 10 6 13 4 10 17 26 4 12 23 9 14 25 19 17 32 22 34 18 11 34 20 8 6 3 29 30 22 11 24 24 14 32 14 26 25 12 17 26 33 8 22 6 24 18 16 4 7 34 31 4 15 16 29 8 27 27 5 6 5 32 29 28 7 10 31 18 33 24 8 7 30 5 5 14 4 4 19 13 10 13 8 12 27 28 24 15 16 27 20 17 26 12
0:  (0)
1:  (0)
2: 1 21 35 49 (23)
3: 31 45 58 73 78 84 131 (23)
4: 66 85 98 110 114 153 157 182 183 (21)
5: 23 51 164 166 179 180 (21)
6: 15 76 91 108 130 149 165 (23)
7: 20 38 54 61 65 67 154 170 177 (23)
8: 92 129 147 161 176 188 (22)
9: 11 25 36 117 (23)
10: 56 83 107 111 171 186 (23)
11: 43 87 93 106 126 135 (23)
12: 115 143 189 199 (23)
13: 4 57 77 99 109 185 187 (23)
14: 30 74 75 100 118 138 140 181 (23)
15: 2 22 59 94 97 103 158 193 (23)
16: 96 152 159 194 (23)
17: 6 17 50 55 104 112 121 144 197 (23)
18: 18 95 125 151 173 (23)
19: 3 9 46 89 120 184 (23)
20: 33 42 86 128 196 (23)
21: 10 39 47 101 102 (23)
22: 62 71 123 134 148 (23)
23: 63 72 82 116 (23)
24: 13 16 19 90 136 137 150 175 192 (23)
25: 7 29 32 119 142 (23)
26: 44 68 113 141 145 198 (23)
27: 12 64 162 163 190 195 (21)
28: 8 24 27 28 60 169 191 (23)
29: 40 79 81 132 160 168 (23)
30: 5 14 34 41 70 80 133 178 (23)
31: 105 156 172 (23)
32: 0 26 37 122 139 167 (23)
33: 53 69 88 146 174 (23)
34: 48 52 124 127 155 (23)
35:  (0)
