Name: 200-30-45
Time: 6.257010s
Result: 39
Solution: 24 13 46 44 39 16 33 35 30 43 6 33 35 13 20 9 8 23 50 5 3 47 50 29 48 20 49 5 29 20 9 37 13 5 15 33 3 29 25 37 23 31 42 11 26 33 23 27 17 12 25 46 19 40 46 29 16 18 44 17 39 18 41 44 37 51 25 39 19 45 12 11 8 49 12 4 50 6 13 32 40 45 20 21 9 6 48 22 25 40 43 19 15 20 46 45 28 25 14 35 31 7 25 24 41 21 46 7 44 42 32 6 24 16 8 50 23 48 9 30 28 48 18 38 26 7 8 39 17 38 3 18 36 36 36 25 26 12 32 23 34 7 50 34 42 38 11 22 4 15 49 51 17 11 39 47 11 26 27 35 31 15 51 6 20 47 15 8 41 14 5 48 24 33 15 28 42 4 51 43 27 5 32 48 29 37 30 34 44 23 30 38 42 20 9 41 4 19 22 43
0:  (0)
1:  (0)
2:  (0)
3: 20 36 130 (32)
4: 75 148 177 196 (33)
5: 19 27 33 170 181 (31)
6: 10 77 85 111 163 (30)
7: 101 107 125 141 (37)
8: 16 72 114 126 167 (34)
9: 15 30 84 118 194 (32)
10:  (0)
11: 43 71 146 153 156 (39)
12: 49 70 74 137 (34)
13: 1 13 32 78 (37)
14: 98 169 (39)
15: 34 92 149 161 166 174 (39)
16: 5 56 113 (32)
17: 48 59 128 152 (35)
18: 57 61 122 131 (33)
19: 52 68 91 197 (33)
20: 14 25 29 82 93 164 193 (38)
21: 83 105 (34)
22: 87 147 198 (32)
23: 17 40 46 116 139 189 (36)
24: 0 103 112 172 (38)
25: 38 50 66 88 97 102 135 (39)
26: 44 124 136 157 (39)
27: 47 158 180 (36)
28: 96 120 175 (39)
29: 23 28 37 55 184 (37)
30: 8 119 186 190 (38)
31: 41 100 160 (39)
32: 79 110 138 182 (38)
33: 6 11 35 45 173 (39)
34: 140 143 187 (39)
35: 7 12 99 159 (39)
36: 132 133 134 (39)
37: 31 39 64 185 (38)
38: 123 129 145 191 (39)
39: 4 60 67 127 154 (39)
40: 53 80 89 (39)
41: 62 104 168 195 (36)
42: 42 109 144 176 192 (38)
43: 9 90 179 199 (39)
44: 3 58 63 108 188 (39)
45: 69 81 95 (38)
46: 2 51 54 94 106 (38)
47: 21 155 165 (39)
48: 24 86 117 121 171 183 (37)
49: 26 73 150 (39)
50: 18 22 76 115 142 (39)
51: 65 151 162 178 (32)
52:  (0)
53:  (0)
