Name: 200-50-80
Time: 4.610627s
Result: 58
Solution: 15 18 11 23 12 32 25 27 9 3 16 23 18 20 4 21 33 13 22 4 9 31 25 15 24 17 3 15 3 14 6 22 21 15 33 31 4 11 8 17 31 14 19 31 21 16 12 34 14 9 15 12 32 12 11 4 28 23 12 31 24 24 6 17 30 32 3 20 3 4 11 18 19 34 18 17 25 12 26 7 30 28 8 19 11 5 29 31 18 28 5 19 22 14 23 11 29 22 9 34 9 16 7 30 28 12 27 14 9 28 26 17 20 4 13 18 3 32 27 6 27 33 7 25 4 8 13 18 28 22 5 18 20 27 19 25 8 3 29 32 10 21 29 10 20 3 9 21 7 13 15 4 18 5 17 24 18 13 5 17 30 3 10 28 13 10 11 34 15 29 25 33 30 24 24 21 12 6 13 33 7 12 27 18 6 21 22 26 28 7 17 7 34 12 16 27 11 23 27 25
0:  (0)
1:  (0)
2:  (0)
3: 9 26 28 66 68 116 137 145 161 (58)
4: 14 19 36 55 69 113 124 151 (53)
5: 85 90 130 153 158 (59)
6: 30 62 119 177 184 (59)
7: 79 102 122 148 180 189 191 (58)
8: 38 82 125 136 (59)
9: 8 20 49 98 100 108 146 (59)
10: 140 143 162 165 (59)
11: 2 37 54 70 84 95 166 196 (59)
12: 4 46 51 53 58 77 105 176 181 193 (59)
13: 17 114 126 149 157 164 178 (59)
14: 29 41 48 93 107 (59)
15: 0 23 27 33 50 150 168 (59)
16: 10 45 101 194 (59)
17: 25 39 63 75 111 154 159 190 (59)
18: 1 12 71 74 88 115 127 131 152 156 183 (59)
19: 42 72 83 91 134 (59)
20: 13 67 112 132 144 (59)
21: 15 32 44 141 147 175 185 (59)
22: 18 31 92 97 129 186 (59)
23: 3 11 57 94 197 (59)
24: 24 60 61 155 173 174 (59)
25: 6 22 76 123 135 170 199 (59)
26: 78 110 187 (59)
27: 7 106 118 120 133 182 195 198 (58)
28: 56 81 89 104 109 128 163 188 (59)
29: 86 96 138 142 169 (59)
30: 64 80 103 160 172 (59)
31: 21 35 40 43 59 87 (58)
32: 5 52 65 117 139 (55)
33: 16 34 121 171 179 (59)
34: 47 73 99 167 192 (51)
35:  (0)
