Name: 400-40-60
Time: 9.675110s
Result: 51
Solution: 32 23 54 18 43 54 19 72 38 69 19 21 44 42 65 7 5 66 68 60 53 59 26 61 35 26 37 47 63 14 59 26 35 42 23 55 36 11 39 38 36 51 73 40 9 54 51 32 50 46 48 26 50 30 3 21 61 59 15 44 25 48 55 29 45 62 58 24 48 69 3 46 62 4 51 64 62 62 31 49 71 57 68 36 12 60 70 51 21 40 16 26 54 48 18 18 49 19 44 45 72 42 60 21 36 39 63 13 7 7 65 12 63 28 66 48 34 34 15 46 27 27 71 35 53 73 44 60 25 21 59 69 10 35 28 40 43 43 43 17 64 21 73 24 35 39 65 62 21 36 46 15 16 44 5 12 57 49 45 71 27 19 67 51 35 41 58 51 37 11 54 66 28 72 14 3 49 35 5 31 29 66 17 58 17 45 48 46 11 69 19 27 33 3 7 7 23 33 31 10 31 29 35 16 62 9 32 11 26 29 34 23 21 35 15 48 41 61 32 58 56 6 7 18 65 28 55 6 10 5 59 3 41 71 10 55 64 22 11 70 22 10 10 14 53 3 37 59 9 49 67 26 57 26 7 35 56 53 9 4 30 13 6 26 26 56 54 26 31 47 23 27 52 31 41 12 15 42 58 67 14 13 18 26 26 35 51 23 57 73 60 46 52 57 42 19 52 31 67 28 68 54 22 13 36 31 21 14 55 50 19 17 51 57 17 72 33 38 42 10 43 16 42 11 38 57 62 55 35 69 47 33 27 63 45 6 45 43 17 61 40 9 65 31 72 61 46 44 37 69 53 54 18 40 32 33 31 65 24 4 16 65 65 30 53 23 59 17 4 33 49 38 23 3 11 26 37 23 38 28 26 59 16 20 72 68 68 5 69 71 46 47 53 38 64 39 39 21 64 20
0:  (0)
1:  (0)
2:  (0)
3: 54 70 175 193 231 245 373 (51)
4: 73 259 359 368 (41)
5: 16 154 178 229 387 (46)
6: 221 227 262 335 (44)
7: 15 108 109 194 195 222 254 (40)
8:  (0)
9: 44 205 248 258 341 (44)
10: 132 199 228 234 241 242 319 (43)
11: 37 169 188 207 238 323 374 (50)
12: 84 111 155 275 (46)
13: 107 261 281 303 (47)
14: 29 174 243 280 307 (51)
15: 58 118 151 214 276 (48)
16: 90 152 203 321 360 382 (43)
17: 139 182 184 311 314 338 367 (41)
18: 3 94 95 223 282 352 (51)
19: 6 10 97 161 190 295 310 (41)
20: 383 399 (40)
21: 11 55 88 103 129 141 148 212 306 397 (50)
22: 237 240 302 (42)
23: 1 34 196 211 270 287 365 372 377 (48)
24: 67 143 358 (45)
25: 60 128 (46)
26: 22 25 31 51 91 208 251 253 263 264 267 283 284 375 380 (51)
27: 120 121 160 191 271 332 (44)
28: 113 134 172 225 299 379 (51)
29: 63 180 201 209 (45)
30: 53 260 363 (42)
31: 78 179 198 200 268 273 297 305 343 356 (50)
32: 0 47 206 218 354 (49)
33: 192 197 316 331 355 369 (49)
34: 116 117 210 (50)
35: 24 32 123 133 144 164 177 202 213 255 285 328 (50)
36: 36 40 83 104 149 304 (51)
37: 26 168 246 348 376 (51)
38: 8 39 317 324 371 378 393 (50)
39: 38 105 145 395 396 (50)
40: 43 89 135 340 353 (51)
41: 165 216 232 274 (51)
42: 13 33 101 277 294 318 322 (51)
43: 4 136 137 138 320 337 (51)
44: 12 59 98 126 153 347 (51)
45: 64 99 158 185 334 336 (51)
46: 49 71 119 150 187 291 346 390 (51)
47: 27 269 330 391 (51)
48: 50 61 68 93 115 186 215 (51)
49: 79 96 157 176 249 370 (51)
50: 48 52 309 (51)
51: 41 46 74 87 163 167 286 312 (51)
52: 272 292 296 (51)
53: 20 124 244 257 350 364 392 (51)
54: 2 5 45 92 170 266 301 351 (51)
55: 35 62 226 235 308 327 (51)
56: 220 256 265 (51)
57: 81 156 252 288 293 313 325 (51)
58: 66 166 183 219 278 (51)
59: 21 30 57 130 230 247 366 381 (51)
60: 19 85 102 127 290 (51)
61: 23 56 217 339 345 (51)
62: 65 72 76 77 147 204 326 (51)
63: 28 106 112 333 (51)
64: 75 140 236 394 398 (51)
65: 14 110 146 224 342 357 361 362 (51)
66: 17 114 171 181 (51)
67: 162 250 279 298 (51)
68: 18 82 300 385 386 (50)
69: 9 69 131 189 329 349 388 (51)
70: 86 239 (51)
71: 80 122 159 233 389 (44)
72: 7 100 173 315 344 384 (49)
73: 42 125 142 289 (47)
74:  (0)
