Name: 400-20-30
Time: 18.250054s
Result: 28
Solution: 50 15 32 8 84 18 65 80 92 56 74 72 18 61 95 83 59 60 63 50 22 3 63 57 46 56 100 22 60 62 19 13 81 2 27 47 62 93 100 93 76 13 18 97 76 38 2 47 28 61 10 2 17 7 31 98 63 100 60 79 94 71 14 17 33 50 86 8 59 9 35 36 51 86 55 22 48 82 22 84 14 86 77 17 3 26 102 12 55 85 49 81 39 68 16 22 57 49 90 32 41 20 10 9 59 82 44 77 100 91 25 71 25 101 52 89 28 10 50 77 75 34 90 32 55 10 8 35 73 76 78 93 88 12 56 26 65 14 30 26 50 20 10 81 86 74 53 32 36 61 52 91 13 65 70 86 96 44 46 56 26 24 42 23 33 31 29 88 60 11 41 48 4 90 99 94 6 22 24 48 26 54 15 69 94 7 67 84 58 75 14 18 49 65 101 2 23 37 13 26 30 7 89 30 41 30 91 37 54 40 74 69 82 62 13 29 48 85 45 31 70 72 83 3 65 50 6 57 82 49 68 40 77 92 61 102 60 88 8 54 20 83 2 85 98 64 95 91 36 37 102 44 62 28 28 41 39 20 18 49 80 74 92 82 55 97 95 45 73 87 75 44 99 40 94 38 50 38 31 100 79 38 96 8 65 53 46 66 67 3 73 12 89 23 28 60 99 96 85 58 29 54 9 87 2 65 15 81 86 66 26 35 64 42 24 78 15 34 77 23 38 57 95 40 11 67 66 68 75 27 98 15 33 98 12 73 40 63 47 72 7 6 56 94 66 31 52 16 51 3 19 43 27 31 78 12 4 72 36 36 50 96 45 19 58 89 72 16 44 36 6 2 45 87 92 68 71 25 15 79 74 92 44 42 41 101 14 35 84 71 58 43 70 55 80 6 39 65 68 85
0:  (0)
1:  (0)
2: 33 46 51 195 242 304 371 (20)
3: 21 84 223 289 349 (27)
4: 172 356 (22)
5:  (0)
6: 176 226 341 370 395 (24)
7: 53 185 201 340 (20)
8: 3 67 126 238 283 (24)
9: 69 103 302 (20)
10: 50 102 117 125 142 (20)
11: 169 324 (24)
12: 87 133 291 334 355 (25)
13: 31 41 152 198 214 (20)
14: 62 80 137 190 386 (24)
15: 1 182 306 316 331 378 (28)
16: 94 347 367 (23)
17: 52 63 83 (22)
18: 5 12 42 191 258 (27)
19: 30 350 363 (20)
20: 101 141 240 257 (25)
21:  (0)
22: 20 27 75 78 95 177 (21)
23: 163 196 293 319 (20)
24: 161 178 314 (27)
25: 110 112 377 (21)
26: 85 135 139 160 180 199 310 (26)
27: 34 329 352 (25)
28: 48 116 253 254 294 (22)
29: 166 215 300 (28)
30: 138 200 203 205 (28)
31: 54 165 219 278 345 353 (26)
32: 2 99 123 147 (21)
33: 64 164 332 (20)
34: 121 317 (20)
35: 70 127 311 387 (23)
36: 71 148 248 358 359 369 (25)
37: 197 207 249 (23)
38: 45 275 277 281 320 (28)
39: 92 256 396 (25)
40: 209 231 273 323 336 (22)
41: 100 170 204 255 384 (27)
42: 162 313 383 (20)
43: 351 391 (25)
44: 106 157 251 271 368 382 (28)
45: 218 267 362 372 (25)
46: 24 158 286 (25)
47: 35 47 338 (22)
48: 76 171 179 216 (20)
49: 90 97 192 229 259 (24)
50: 0 19 65 118 140 225 276 360 (28)
51: 72 348 (26)
52: 114 150 346 (26)
53: 146 285 (25)
54: 181 208 239 301 (27)
55: 74 88 124 264 393 (26)
56: 9 25 134 159 342 (28)
57: 23 96 227 321 (25)
58: 188 299 364 390 (28)
59: 16 68 104 (28)
60: 17 28 58 168 236 295 (28)
61: 13 49 149 234 (28)
62: 29 36 213 252 (26)
63: 18 22 56 337 (27)
64: 245 312 (28)
65: 6 136 153 193 224 284 305 397 (28)
66: 287 309 326 344 (27)
67: 186 288 325 (28)
68: 93 230 327 375 398 (28)
69: 183 211 (27)
70: 154 220 392 (28)
71: 61 111 376 389 (28)
72: 11 221 339 357 366 (28)
73: 128 268 290 335 (28)
74: 10 145 210 261 380 (28)
75: 120 189 270 328 (28)
76: 40 44 129 (27)
77: 82 107 119 232 318 (28)
78: 130 315 354 (28)
79: 59 280 379 (28)
80: 7 260 394 (28)
81: 32 91 143 307 (27)
82: 77 105 212 228 263 (28)
83: 15 222 241 (28)
84: 4 79 187 388 (28)
85: 89 217 243 298 399 (28)
86: 66 73 81 144 155 308 (28)
87: 269 303 373 (28)
88: 132 167 237 (28)
89: 115 202 292 365 (28)
90: 98 122 173 (28)
91: 109 151 206 247 (28)
92: 8 233 262 374 381 (28)
93: 37 39 131 (28)
94: 60 175 184 274 343 (28)
95: 14 246 266 322 (28)
96: 156 282 297 361 (28)
97: 43 265 (28)
98: 55 244 330 333 (28)
99: 174 272 296 (27)
100: 26 38 57 108 279 (27)
101: 113 194 385 (26)
102: 86 235 250 (26)
103:  (0)
104:  (0)
