Name: 400-30-45
Time: 3.432350s
Result: 40
Solution: 35 50 64 18 37 37 39 50 60 32 35 57 47 30 46 7 18 52 18 47 60 46 59 48 52 21 55 52 36 24 3 21 55 63 21 49 11 48 39 13 17 28 46 7 52 30 8 36 10 50 61 60 54 55 16 22 20 32 60 24 39 8 47 58 63 62 34 37 17 31 44 35 14 6 3 9 15 52 54 14 58 17 35 23 31 46 19 16 40 27 60 46 46 20 6 7 38 16 64 10 42 61 43 27 14 48 21 11 37 20 49 46 63 32 57 34 18 12 9 14 23 57 63 20 18 11 20 38 65 28 30 30 58 61 59 63 47 56 53 16 37 38 27 19 36 11 23 32 26 26 28 44 8 33 58 20 26 31 56 3 21 37 25 49 4 16 59 41 46 13 46 43 3 22 58 55 41 35 16 36 61 29 56 60 54 12 34 27 28 53 26 41 16 14 11 11 65 31 46 16 22 52 42 44 19 7 24 15 42 39 44 40 55 9 19 33 37 11 6 29 8 63 39 65 23 45 23 47 3 28 30 51 4 17 22 45 55 59 51 8 7 53 36 30 30 24 3 28 28 55 35 17 40 28 18 3 33 11 22 63 21 50 34 10 48 45 58 31 41 39 28 65 35 60 56 8 38 54 44 27 3 44 15 55 20 54 59 38 23 45 13 61 3 3 49 35 51 57 13 43 20 50 41 23 10 41 16 36 51 48 56 49 65 36 6 48 53 25 51 52 43 10 34 41 53 25 7 28 33 63 39 25 46 42 32 46 29 55 39 34 57 14 8 62 36 27 31 11 6 51 53 21 16 31 52 53 53 32 49 30 45 45 47 62 46 62 62 16 6 46 18 36 9 44 8 8 18 12 9 34 20 24 53 26 61 46 12 38 11 18 40 49 17 57 4 28 8 18 11 3
0:  (0)
1:  (0)
2:  (0)
3: 30 74 159 172 228 246 255 280 292 293 399 (40)
4: 164 232 394 (33)
5:  (0)
6: 73 94 218 314 348 368 (35)
7: 15 43 95 205 240 326 (37)
8: 46 61 152 220 239 275 342 374 375 396 (36)
9: 75 118 213 372 378 (40)
10: 48 99 263 304 321 (35)
11: 36 107 125 145 194 195 217 257 347 388 398 (37)
12: 117 185 377 386 (40)
13: 39 169 290 298 (30)
14: 72 79 104 119 193 341 (37)
15: 76 207 282 (34)
16: 54 87 97 139 165 178 192 199 306 352 367 (40)
17: 40 68 81 233 251 392 (38)
18: 3 16 18 116 124 254 370 376 389 397 (39)
19: 86 143 204 214 (35)
20: 56 93 109 123 126 155 284 300 380 (39)
21: 25 31 34 106 160 260 351 (33)
22: 55 173 200 234 258 (38)
23: 83 120 146 224 226 288 303 (38)
24: 29 59 206 245 381 (40)
25: 162 317 325 331 (31)
26: 148 149 156 190 383 (38)
27: 89 103 142 187 279 345 (35)
28: 41 129 150 188 229 247 248 253 270 327 395 (39)
29: 181 219 336 (34)
30: 13 45 130 131 230 243 244 359 (40)
31: 69 84 157 197 267 346 353 (40)
32: 9 57 113 147 334 357 (39)
33: 153 215 256 328 (38)
34: 66 115 186 262 322 339 379 (40)
35: 0 10 71 82 177 250 272 295 (39)
36: 28 47 144 179 242 307 313 344 371 (39)
37: 4 5 67 108 140 161 216 (37)
38: 96 127 141 276 287 387 (40)
39: 6 38 60 209 222 269 330 338 (40)
40: 88 211 252 390 (40)
41: 167 176 191 268 302 305 323 (40)
42: 100 202 208 333 (40)
43: 102 171 299 320 (39)
44: 70 151 203 210 278 281 373 (40)
45: 225 235 265 289 360 361 (40)
46: 14 21 42 85 91 92 111 168 170 198 332 335 364 369 385 (39)
47: 12 19 62 136 227 362 (40)
48: 23 37 105 264 309 315 (40)
49: 35 110 163 294 311 358 391 (40)
50: 1 7 49 261 301 (39)
51: 231 238 296 308 318 349 (40)
52: 17 24 27 44 77 201 319 354 (40)
53: 138 189 241 316 324 350 355 356 382 (40)
54: 52 78 184 277 285 (40)
55: 26 32 53 175 212 236 249 283 337 (39)
56: 137 158 182 274 310 (40)
57: 11 114 121 297 340 393 (40)
58: 63 80 132 154 174 266 (40)
59: 22 134 166 237 286 (40)
60: 8 20 51 58 90 183 273 (40)
61: 50 101 133 180 291 384 (34)
62: 65 343 363 365 366 (38)
63: 33 64 112 122 135 221 259 329 (32)
64: 2 98 (36)
65: 128 196 223 271 312 (30)
