Name: 400-50-80
Time: 17.387301s
Result: 69
Solution: 59 8 11 11 8 10 18 46 62 15 19 32 51 69 45 32 61 3 49 67 48 55 69 63 65 31 10 35 69 63 42 64 54 47 39 65 10 13 45 18 38 58 10 6 24 60 6 42 47 53 17 16 24 28 18 22 20 40 7 14 6 48 21 34 33 70 54 48 15 22 37 24 69 66 59 18 8 26 21 38 27 63 54 7 4 32 26 47 35 50 33 21 55 58 64 44 45 69 17 24 63 47 29 28 49 24 55 64 9 13 21 24 46 27 57 4 8 61 41 47 25 34 16 53 35 11 7 6 39 36 68 66 51 8 44 49 55 10 3 50 39 37 57 20 58 3 32 42 11 33 19 33 28 53 21 36 16 37 43 8 29 61 14 50 8 31 56 55 64 70 11 19 65 15 44 13 59 15 6 4 49 33 8 21 45 51 42 65 49 15 57 58 56 24 50 63 17 41 29 68 21 24 56 20 17 70 47 26 13 29 7 53 35 67 69 50 59 24 10 14 53 59 29 61 41 21 22 9 49 37 40 55 9 68 3 25 30 30 25 65 15 52 40 50 42 6 35 6 8 35 68 57 21 24 45 32 24 40 14 14 35 11 67 41 17 26 38 11 26 41 65 6 21 45 40 38 27 40 24 47 60 54 30 47 43 38 67 39 15 32 38 21 43 32 66 67 17 36 10 62 22 41 42 60 31 34 60 28 36 33 52 30 17 41 11 54 20 28 52 67 36 46 61 56 66 56 61 33 34 57 21 47 32 26 38 30 15 58 25 49 44 15 33 32 61 52 48 20 60 28 19 24 48 64 62 28 45 38 17 48 56 39 11 64 13 16 15 34 38 35 18 4 40 4 45 7 60 27 29 8 24 51 68 20 15 43 39 70 17 62 54 46 55 69 3 4 40 15 11 39
0:  (0)
1:  (0)
2:  (0)
3: 17 138 145 234 394 (52)
4: 84 115 179 371 373 395 (58)
5:  (0)
6: 43 46 60 127 178 245 247 271 (64)
7: 58 83 126 210 375 (60)
8: 1 4 76 116 133 159 164 182 248 379 (56)
9: 108 227 232 (52)
10: 5 26 36 42 137 218 298 (66)
11: 2 3 125 148 170 261 267 314 362 398 (69)
12:  (0)
13: 37 109 175 208 364 (59)
14: 59 162 219 258 259 (53)
15: 9 68 173 177 189 240 288 336 341 366 384 397 (60)
16: 51 122 156 365 (64)
17: 50 98 196 204 264 296 312 358 388 (60)
18: 6 39 54 75 370 (68)
19: 10 150 171 350 (61)
20: 56 143 203 316 347 383 (69)
21: 62 78 91 110 154 183 200 225 252 272 291 330 (55)
22: 55 69 226 300 (56)
23:  (0)
24: 44 52 71 99 105 111 193 201 217 253 256 278 351 380 (69)
25: 120 235 238 338 (60)
26: 77 86 207 265 268 333 (69)
27: 80 113 276 377 (57)
28: 53 103 152 307 317 349 355 (69)
29: 102 160 198 209 222 378 (62)
30: 236 237 282 311 335 (54)
31: 25 165 304 (69)
32: 11 15 85 146 255 289 293 332 343 (67)
33: 64 90 149 151 181 309 327 342 (68)
34: 63 121 305 328 367 (68)
35: 27 88 124 212 246 249 260 369 (69)
36: 129 155 297 308 320 (68)
37: 70 141 157 229 (65)
38: 40 79 266 275 285 290 334 357 368 (68)
39: 34 128 140 287 361 386 399 (69)
40: 57 230 242 257 274 277 372 396 (69)
41: 118 197 224 263 269 301 313 (69)
42: 30 47 147 186 244 302 (67)
43: 158 284 292 385 (67)
44: 95 134 174 340 (69)
45: 14 38 96 184 254 273 356 374 (69)
46: 7 112 321 391 (68)
47: 33 48 87 101 119 206 279 283 331 (69)
48: 20 61 67 346 352 359 (69)
49: 18 104 135 180 188 228 339 (69)
50: 89 139 163 194 215 243 (69)
51: 12 132 185 381 (67)
52: 241 310 318 345 (69)
53: 49 123 153 211 220 (69)
54: 32 66 82 281 315 390 (69)
55: 21 92 106 136 167 231 392 (69)
56: 166 192 202 323 325 360 (69)
57: 114 142 190 251 329 (69)
58: 41 93 144 191 337 (69)
59: 0 74 176 216 221 (69)
60: 45 280 303 306 348 376 (69)
61: 16 117 161 223 322 326 344 (69)
62: 8 299 354 389 (69)
63: 23 29 81 100 195 (69)
64: 31 94 107 168 353 363 (66)
65: 24 35 172 187 239 270 (68)
66: 73 131 294 324 (69)
67: 19 213 262 286 295 319 (67)
68: 130 199 233 250 382 (69)
69: 13 22 28 72 97 214 393 (67)
70: 65 169 205 387 (69)
71:  (0)
