Name: 600-20-30
Time: 18.831430s
Result: 27
Solution: 108 23 12 98 33 69 61 78 82 27 53 57 64 78 83 93 41 54 60 65 75 25 86 110 91 68 102 5 72 14 31 68 48 89 50 108 16 39 16 46 20 27 110 46 102 69 9 100 47 103 31 14 30 62 62 64 21 14 79 19 91 61 109 78 111 90 105 59 38 110 2 83 63 83 110 55 87 29 10 34 6 35 43 96 61 71 112 19 5 92 103 36 33 41 18 110 50 97 60 76 20 73 44 93 94 52 30 14 67 112 18 88 70 31 82 88 96 79 79 87 79 55 49 7 27 105 108 77 94 49 34 104 105 6 72 29 94 40 52 77 2 76 67 77 65 57 9 21 103 112 55 104 102 58 88 97 59 48 80 99 17 106 11 27 84 26 47 14 82 32 17 19 77 36 64 5 63 46 70 58 25 41 113 16 54 44 45 16 55 28 5 60 102 41 89 21 93 20 75 95 54 20 34 23 39 61 98 107 86 112 11 100 34 85 50 86 88 9 90 11 63 6 89 55 98 71 108 21 60 6 68 94 105 41 14 67 69 101 84 106 26 84 68 39 2 19 25 18 20 18 13 43 11 65 94 19 86 31 88 74 95 5 62 113 71 49 41 9 34 107 82 33 11 55 99 73 31 103 65 112 70 107 64 97 49 108 106 89 64 102 98 10 86 96 101 45 29 69 87 41 104 61 78 46 91 93 102 32 71 86 92 69 22 11 37 74 79 11 32 65 34 83 59 26 73 65 48 37 101 26 7 45 41 109 69 65 7 70 77 6 33 56 77 99 68 94 96 2 79 23 70 36 108 32 93 82 10 28 65 26 81 36 96 71 78 60 11 30 101 13 18 41 109 75 93 40 100 106 71 105 28 76 65 30 89 74 11 104 54 14 77 45 77 72 57 25 54 73 50 98 7 14 76 112 56 26 45 43 80 97 95 77 86 104 83 100 48 50 25 98 41 112 108 113 6 92 98 41 63 93 34 52 9 73 63 100 53 14 64 78 16 7 83 111 93 11 30 109 53 87 41 50 47 14 65 113 67 58 17 45 83 35 103 80 85 108 51 60 47 47 53 41 106 35 7 97 90 14 75 87 75 46 80 79 22 59 65 30 12 40 36 52 87 78 27 44 103 72 30 81 92 105 57 93 51 83 92 86 40 85 25 38 62 55 109 36 15 23 20 81 112 21 72 7 93 91 6 71 12 11 89 12 38 73 52 15 109 104 51 86 92 74 28 34 57 90 19 15 61 96 23 43 62 76 81 28 74 64 100 49 50 76 72 55 90 7 45 88 32 41 56 85 25 112 61 52 22 23 34 14 56 82 35 6 89 23 68 53 7 39 84 40 22 97 54 94 111 96 111 80
0:  (0)
1:  (0)
2: 70 140 244 347 (21)
3:  (0)
4:  (0)
5: 27 88 175 190 261 (24)
6: 80 133 221 229 339 424 526 583 (28)
7: 123 330 336 400 441 474 523 565 588 (24)
8:  (0)
9: 46 146 217 267 432 (23)
10: 78 291 356 (20)
11: 162 210 219 252 272 313 317 366 386 445 529 (28)
12: 2 488 528 531 (24)
13: 250 369 (21)
14: 29 51 57 107 167 234 389 401 437 453 477 579 (28)
15: 516 535 547 (20)
16: 36 38 183 187 440 (21)
17: 160 170 458 (20)
18: 94 110 247 249 370 (22)
19: 59 87 171 245 255 546 (24)
20: 40 100 197 201 248 518 (22)
21: 56 147 195 227 521 (22)
22: 312 484 576 592 (27)
23: 1 203 349 517 550 577 585 (25)
24:  (0)
25: 21 180 246 395 418 510 572 (26)
26: 165 240 323 329 359 405 (25)
27: 9 41 124 163 494 (26)
28: 189 357 380 542 555 (21)
29: 77 135 296 (21)
30: 52 106 367 383 446 487 498 (21)
31: 30 50 113 257 276 (27)
32: 169 307 318 353 568 (28)
33: 4 92 271 340 (24)
34: 79 130 202 212 268 320 430 543 578 (22)
35: 81 461 473 582 (24)
36: 91 173 351 361 490 515 (23)
37: 314 327 (21)
38: 68 511 532 (25)
39: 37 204 243 589 (22)
40: 137 375 489 508 591 (28)
41: 16 93 181 193 233 266 299 332 371 420 427 450 471 569 (27)
42:  (0)
43: 82 251 407 551 (28)
44: 102 185 495 (27)
45: 186 295 331 391 406 459 566 (26)
46: 39 43 177 303 481 (28)
47: 48 166 452 468 469 (27)
48: 32 157 326 416 (21)
49: 122 129 265 284 559 (24)
50: 34 96 214 398 417 451 560 (28)
51: 466 504 538 (27)
52: 105 138 431 491 534 575 (22)
53: 10 436 448 470 587 (28)
54: 17 184 200 388 396 594 (28)
55: 75 121 150 188 223 273 513 563 (27)
56: 341 404 570 580 (28)
57: 11 145 394 502 544 (27)
58: 153 179 457 (28)
59: 67 156 322 485 (27)
60: 18 98 191 228 365 467 (25)
61: 6 61 84 205 301 548 574 (28)
62: 53 54 262 512 552 (28)
63: 72 176 220 428 434 (28)
64: 12 55 174 282 288 438 557 (27)
65: 19 144 253 278 319 325 335 358 382 454 486 (28)
66:  (0)
67: 108 142 235 456 (28)
68: 25 31 230 242 344 586 (25)
69: 5 45 236 297 311 334 (26)
70: 112 178 280 337 350 (27)
71: 85 225 264 308 363 378 527 (28)
72: 28 134 393 497 522 562 (28)
73: 101 275 324 397 433 533 (28)
74: 259 315 385 541 556 (28)
75: 20 198 373 478 480 (28)
76: 99 141 381 402 553 561 (28)
77: 127 139 143 172 338 342 390 392 411 (28)
78: 7 13 63 302 364 439 493 (28)
79: 58 117 118 120 316 348 483 (28)
80: 158 408 463 482 599 (28)
81: 360 499 519 554 (28)
82: 8 114 168 270 355 581 (28)
83: 14 71 73 321 414 442 460 505 (28)
84: 164 238 241 590 (28)
85: 213 464 509 571 (28)
86: 22 208 215 256 292 309 412 507 539 (28)
87: 76 119 298 449 479 492 (28)
88: 111 115 154 216 258 567 (28)
89: 33 194 222 287 384 530 584 (28)
90: 65 218 476 545 564 (28)
91: 24 60 304 525 (28)
92: 89 310 425 500 506 540 (28)
93: 15 103 196 305 354 374 429 444 503 524 (28)
94: 104 128 136 231 254 345 595 (28)
95: 199 260 410 (28)
96: 83 116 293 346 362 549 597 (28)
97: 97 155 283 409 475 593 (28)
98: 3 206 224 290 399 419 426 (28)
99: 159 274 343 (28)
100: 47 211 376 415 435 558 (28)
101: 237 294 328 368 (28)
102: 26 44 152 192 289 306 (28)
103: 49 90 148 277 462 496 (28)
104: 131 151 300 387 413 537 (28)
105: 66 125 132 232 379 501 (28)
106: 161 239 286 377 472 (28)
107: 207 269 281 (28)
108: 0 35 126 226 285 352 422 465 (28)
109: 62 333 372 447 514 536 (28)
110: 23 42 69 74 95 (28)
111: 64 443 596 598 (28)
112: 86 109 149 209 279 403 421 520 573 (28)
113: 182 263 423 455 (28)
114:  (0)
115:  (0)
