Name: 600-50-80
Time: 603.531877s
Result: 75
Solution: 42 101 88 44 112 116 43 15 104 35 61 7 89 48 102 25 63 100 111 76 120 51 43 95 38 21 122 80 103 92 19 67 13 33 87 11 19 82 51 115 18 12 74 14 42 71 39 94 95 110 75 89 15 78 79 26 57 53 112 20 28 73 71 48 36 76 93 72 107 14 89 125 72 43 113 65 3 98 40 83 111 102 31 73 123 8 84 23 24 6 46 57 51 71 106 19 65 104 90 38 22 28 9 31 18 41 12 11 43 99 120 122 56 13 77 66 49 31 100 44 45 3 5 24 115 30 65 6 100 13 54 33 30 22 75 72 53 123 107 112 16 112 95 64 41 16 86 93 100 22 55 124 39 8 92 107 64 125 21 115 112 98 52 107 55 6 72 11 70 96 62 121 116 93 76 118 108 45 103 3 36 97 88 117 44 20 14 11 56 106 106 101 90 43 125 42 103 74 98 105 35 72 40 113 76 102 46 67 12 72 107 15 110 110 78 60 5 116 75 107 99 39 91 12 50 85 58 60 20 57 21 6 68 78 81 86 97 57 83 46 116 44 35 16 77 48 9 96 57 53 30 72 35 41 117 51 120 81 52 110 81 87 35 81 85 94 80 76 18 38 97 113 77 61 40 90 83 110 22 53 31 3 86 80 35 66 26 5 60 69 19 117 85 80 116 25 122 51 69 114 124 121 73 12 54 64 33 79 81 28 87 110 119 69 30 83 89 6 23 33 25 99 19 52 64 120 20 89 94 20 82 90 30 65 124 47 56 124 56 58 118 70 36 85 69 46 61 14 33 92 116 54 28 67 118 68 93 109 68 30 86 67 104 64 41 96 92 31 25 103 63 47 104 111 84 8 40 36 44 25 32 123 24 89 109 32 21 23 62 32 52 106 70 50 42 98 76 25 60 56 95 91 13 30 49 74 109 57 50 123 102 49 47 56 94 58 119 8 28 28 22 119 26 93 55 19 51 123 103 58 16 74 63 45 104 9 7 36 107 114 49 99 66 124 35 97 42 77 88 97 9 105 69 40 92 21 114 42 47 49 48 44 121 99 83 121 25 36 114 15 105 67 25 110 51 96 113 94 35 116 79 66 69 51 28 72 73 103 7 30 96 84 12 16 34 62 54 87 108 21 78 92 89 19 4 71 79 43 22 116 56 96 22 121 84 111 112 6 5 37 106 124 69 39 51 40 90 85 4 58 31 61 64 36 43 16 13 87 68 102 115 93 61 108 18 5 91 119 25 9 91 64 15 48 31 46 37 35 82 61 55 83 70 48 101 86 51 34 50 81 98 13 101 60 75 66 28 72 88 98 12 120 31 78 44 69 62 116 9 26 56 22 66 9 74 124 100 54 31 78
0:  (0)
1:  (0)
2:  (0)
3: 76 121 179 281 (53)
4: 504 528 (53)
5: 122 216 287 518 545 (55)
6: 89 127 165 231 317 517 (62)
7: 11 436 488 (58)
8: 85 153 375 417 (73)
9: 102 246 435 450 549 588 593 (50)
10:  (0)
11: 35 107 167 187 (54)
12: 41 106 208 223 303 492 580 (59)
13: 32 113 129 402 536 571 (69)
14: 43 69 186 347 (60)
15: 7 52 211 469 552 (53)
16: 140 145 243 430 493 535 (50)
17:  (0)
18: 40 104 268 544 (56)
19: 30 36 95 290 322 425 503 (50)
20: 59 185 228 326 329 (73)
21: 25 158 230 386 455 499 (70)
22: 100 133 149 278 420 508 512 591 (67)
23: 87 318 387 (69)
24: 88 123 382 (65)
25: 15 295 320 368 379 397 466 472 548 (71)
26: 55 286 422 589 (66)
27:  (0)
28: 60 101 309 352 418 419 484 576 (75)
29:  (0)
30: 125 132 250 314 332 359 403 489 (60)
31: 82 103 117 280 367 530 554 582 598 (64)
32: 380 385 389 (69)
33: 33 131 306 319 348 (66)
34: 494 567 (51)
35: 9 200 242 252 262 284 444 478 557 (62)
36: 64 180 342 377 437 467 533 (72)
37: 519 556 (52)
38: 24 99 269 (50)
39: 46 152 221 523 (50)
40: 78 202 274 376 453 525 (65)
41: 105 144 253 364 (64)
42: 0 44 195 394 446 457 (65)
43: 6 22 73 108 193 507 534 (67)
44: 3 119 184 241 378 461 584 (72)
45: 120 177 433 (66)
46: 90 206 239 345 555 (63)
47: 335 371 412 458 (73)
48: 13 63 245 460 553 563 (74)
49: 116 404 411 440 459 (69)
50: 224 393 408 568 (75)
51: 21 38 92 255 297 426 474 483 524 566 (70)
52: 162 258 323 390 (74)
53: 57 136 249 279 (67)
54: 130 304 351 496 597 (62)
55: 150 164 424 560 (71)
56: 112 188 336 338 399 413 510 590 (72)
57: 56 91 229 237 248 407 (75)
58: 226 339 415 429 529 (75)
59:  (0)
60: 215 227 288 398 573 (74)
61: 10 273 346 531 542 559 (72)
62: 170 388 495 586 (64)
63: 16 370 432 (69)
64: 143 156 305 324 363 532 551 (71)
65: 75 96 126 333 (73)
66: 115 285 442 481 575 592 (75)
67: 31 207 353 361 471 (74)
68: 232 355 358 538 (71)
69: 289 298 313 344 452 482 522 585 (74)
70: 168 341 392 562 (73)
71: 45 62 93 505 (68)
72: 67 72 135 166 201 209 251 485 577 (70)
73: 61 83 302 486 (71)
74: 42 197 405 431 594 (74)
75: 50 134 218 574 (74)
76: 19 65 174 204 267 396 (75)
77: 114 244 272 447 (74)
78: 53 214 233 500 583 599 (74)
79: 54 307 480 506 (67)
80: 27 266 283 293 (75)
81: 234 257 260 263 308 569 (74)
82: 37 330 558 (74)
83: 79 238 276 315 464 561 (73)
84: 86 374 491 514 (74)
85: 225 264 292 343 527 (75)
86: 146 235 282 360 565 (75)
87: 34 261 310 497 537 (75)
88: 2 182 448 578 (74)
89: 12 51 70 316 327 383 502 (74)
90: 98 192 275 331 526 (72)
91: 222 401 546 550 (75)
92: 29 154 349 366 454 501 (74)
93: 66 147 173 356 423 541 (74)
94: 47 265 328 414 477 (75)
95: 23 48 142 400 (75)
96: 169 247 365 475 490 511 (75)
97: 181 236 270 445 449 (75)
98: 77 161 198 395 570 579 (75)
99: 109 220 321 441 463 (74)
100: 17 118 128 148 596 (73)
101: 1 191 564 572 (74)
102: 14 81 205 410 539 (74)
103: 28 178 196 369 428 487 (74)
104: 8 97 362 372 434 (74)
105: 199 451 470 (74)
106: 94 189 190 391 520 (75)
107: 68 138 155 163 210 219 438 (73)
108: 176 498 543 (74)
109: 357 384 406 (72)
110: 49 212 213 259 277 311 473 (74)
111: 18 80 373 515 (74)
112: 4 58 139 141 160 516 (73)
113: 74 203 271 476 (75)
114: 299 439 456 468 (75)
115: 39 124 159 540 (69)
116: 5 172 217 240 294 350 479 509 587 (73)
117: 183 254 291 (73)
118: 175 340 354 (75)
119: 312 416 421 547 (75)
120: 20 110 256 325 581 (72)
121: 171 301 462 465 513 (73)
122: 26 111 296 (73)
123: 84 137 381 409 427 (73)
124: 151 300 334 337 443 521 595 (67)
125: 71 157 194 (69)
126:  (0)
