Name: 600-40-60
Time: 83.490848s
Result: 53
Solution: 84 17 38 54 27 36 104 71 101 26 2 112 13 79 110 54 65 59 44 42 37 55 93 60 2 67 84 61 69 100 20 50 26 109 45 72 111 113 36 72 90 70 13 93 24 70 36 41 65 71 90 78 76 101 87 44 35 96 35 12 47 29 86 81 106 52 95 53 76 51 89 82 14 105 66 51 8 96 25 120 18 91 104 33 28 72 5 105 35 99 94 24 98 79 103 104 95 27 62 62 14 56 109 83 86 77 9 91 10 120 30 12 2 53 10 34 13 41 67 95 65 75 48 86 65 70 64 99 59 71 2 105 12 104 109 40 54 102 45 106 12 102 18 37 65 85 62 25 5 4 12 109 87 46 102 17 48 16 18 51 33 71 57 72 93 41 115 83 35 56 25 43 37 83 64 29 48 106 95 87 72 117 85 39 23 117 41 52 23 73 101 46 59 102 111 73 114 85 46 73 30 9 113 88 117 108 82 5 56 118 70 108 82 8 98 89 114 27 31 86 100 20 88 5 81 112 68 18 76 63 47 9 67 90 93 100 44 79 74 99 39 109 14 102 48 78 34 59 61 8 97 24 58 93 23 101 23 15 108 40 15 51 77 30 10 114 35 83 21 106 55 113 6 100 65 110 110 103 110 50 44 17 71 4 92 19 39 110 85 53 9 65 60 120 78 57 107 18 21 30 9 28 44 118 43 6 90 77 91 55 81 17 99 38 66 101 30 36 50 93 60 66 64 117 41 73 98 6 108 27 56 115 19 21 102 101 8 95 117 32 96 92 75 32 80 104 105 30 64 39 111 58 116 107 92 66 44 63 92 51 112 62 2 80 52 116 103 50 114 8 30 109 90 19 62 78 48 99 21 27 64 76 28 92 78 75 4 9 40 50 94 94 113 27 71 19 115 101 46 12 33 37 38 84 47 4 89 32 42 10 54 100 24 53 57 89 12 16 21 33 97 74 97 79 16 58 35 67 51 87 68 43 20 61 82 42 115 94 80 80 34 43 15 114 23 5 85 120 24 88 97 104 58 97 95 110 71 18 49 27 109 61 31 91 93 77 118 12 6 75 16 19 102 16 102 20 37 40 48 46 69 111 71 36 82 34 114 43 112 34 64 103 18 2 54 107 49 13 34 12 92 114 51 27 59 40 68 74 75 17 97 98 101 41 76 92 88 14 4 42 47 86 111 69 30 28 24 26 35 31 60 115 97 79 26 86 95 17 98 86 51 56 73 115 31 105 69 37 81 8 29 63 25 60 74 85 49 60 69 46 55 80 40 26 45 56 69 63 5 105 41 57 117 55 50 112 55 91 105 10 5 9 46 107 108 69 115 84 39 21 13 27 23 113 9 78 20 17 85 49
0:  (0)
1:  (0)
2: 10 24 112 130 362 493 (46)
3:  (0)
4: 149 283 386 405 518 (51)
5: 86 148 207 223 445 568 580 (41)
6: 272 305 327 468 (49)
7:  (0)
8: 76 213 249 336 369 549 (53)
9: 106 201 231 290 300 387 581 594 (47)
10: 108 114 264 409 579 (47)
11:  (0)
12: 59 111 132 140 150 399 416 467 499 (46)
13: 12 42 116 497 590 (41)
14: 72 100 242 517 (54)
15: 257 260 442 (44)
16: 157 417 424 470 473 (40)
17: 1 155 281 311 509 537 597 (51)
18: 80 142 158 227 297 457 492 (51)
19: 285 332 373 395 471 (48)
20: 30 221 432 475 596 (47)
21: 268 298 333 378 418 589 (51)
22:  (0)
23: 184 188 254 256 444 592 (45)
24: 44 91 251 412 448 526 (50)
25: 78 147 170 552 (44)
26: 9 32 527 534 563 (52)
27: 4 97 217 329 379 393 459 503 591 (41)
28: 84 301 382 525 (43)
29: 61 175 550 (42)
30: 110 200 263 299 316 347 370 524 (51)
31: 218 462 529 544 (44)
32: 339 343 407 (46)
33: 83 160 400 419 (43)
34: 115 246 440 485 489 498 (43)
35: 56 58 88 168 266 426 528 (40)
36: 5 38 46 317 483 (49)
37: 20 143 172 401 476 547 (43)
38: 2 313 402 (47)
39: 183 240 286 349 588 (53)
40: 135 259 388 477 505 562 (50)
41: 47 117 165 186 324 513 570 (54)
42: 19 408 435 519 (46)
43: 171 304 431 441 487 (54)
44: 18 55 236 280 302 356 (52)
45: 34 138 564 (46)
46: 153 191 198 398 479 559 582 (54)
47: 60 230 404 520 (43)
48: 122 156 176 244 376 478 (41)
49: 458 496 556 599 (54)
50: 31 279 318 367 389 574 (51)
51: 69 75 159 261 359 428 502 540 (54)
52: 65 187 364 (42)
53: 67 113 289 413 (54)
54: 3 15 136 410 494 (53)
55: 21 270 309 560 573 576 (49)
56: 101 169 208 330 541 565 (54)
57: 162 295 414 571 (44)
58: 252 351 425 452 (46)
59: 17 128 192 247 504 (44)
60: 23 292 320 530 553 557 (52)
61: 27 248 433 461 (51)
62: 98 99 146 361 374 (52)
63: 229 357 551 567 (49)
64: 126 174 322 348 380 490 (47)
65: 16 48 120 124 144 274 291 (41)
66: 74 314 321 355 (41)
67: 25 118 232 427 (47)
68: 226 430 506 (52)
69: 28 480 523 546 558 566 585 (49)
70: 41 45 125 210 (50)
71: 7 49 129 161 282 394 456 482 (54)
72: 35 39 85 163 180 (54)
73: 189 195 199 325 542 (54)
74: 238 421 507 554 (54)
75: 121 342 385 469 508 (54)
76: 52 68 228 381 514 (54)
77: 105 262 307 465 (54)
78: 51 245 294 375 384 595 (54)
79: 13 93 237 423 533 (54)
80: 344 363 438 439 561 (54)
81: 63 224 310 548 (54)
82: 71 206 212 434 484 (54)
83: 103 167 173 267 (54)
84: 0 26 403 587 (53)
85: 145 182 197 288 446 555 598 (54)
86: 62 104 123 219 521 535 539 (54)
87: 54 152 179 429 (53)
88: 203 222 449 516 (54)
89: 70 215 406 415 (53)
90: 40 50 233 306 372 (54)
91: 81 107 308 463 577 (54)
92: 284 341 354 358 383 500 515 (54)
93: 22 43 164 234 253 319 464 (54)
94: 90 390 391 437 (54)
95: 66 96 119 178 337 454 536 (54)
96: 57 77 340 (54)
97: 250 420 422 450 453 510 532 (54)
98: 92 214 326 511 538 (54)
99: 89 127 239 312 377 (54)
100: 29 220 235 273 411 (54)
101: 8 53 190 255 315 335 397 512 (54)
102: 137 141 154 193 243 334 472 474 (54)
103: 94 277 366 491 (53)
104: 6 82 95 133 345 451 (54)
105: 73 87 131 346 545 569 578 (54)
106: 64 139 177 269 (54)
107: 296 353 495 583 (54)
108: 205 211 258 328 584 (54)
109: 33 102 134 151 241 371 460 (54)
110: 14 275 276 278 287 455 (54)
111: 36 194 350 481 522 (54)
112: 11 225 360 488 575 (54)
113: 37 202 271 392 593 (54)
114: 196 216 265 368 443 486 501 (54)
115: 166 331 396 436 531 543 586 (54)
116: 352 365 (51)
117: 181 185 204 323 338 572 (42)
118: 209 303 466 (40)
119:  (0)
120: 79 109 293 447 (40)
