Name: 600-30-45
Time: 55.574445s
Result: 43
Solution: 71 82 54 72 75 57 50 25 56 141 20 138 84 8 131 13 129 51 6 72 140 110 30 46 112 45 98 135 138 37 83 139 39 64 117 26 89 119 135 44 53 31 104 144 63 50 109 145 65 113 75 113 30 94 141 133 116 114 4 135 61 69 22 137 32 88 121 138 65 101 110 76 144 90 13 93 22 31 68 22 55 83 58 31 107 85 14 42 137 57 98 33 8 138 62 12 52 130 71 48 24 137 26 22 94 5 40 96 135 19 130 111 45 110 66 142 88 108 74 34 106 123 83 143 68 10 93 81 77 124 108 100 131 67 97 127 80 10 95 10 121 57 100 22 78 42 18 117 134 125 69 8 79 57 44 119 112 54 58 95 47 5 22 99 69 18 62 102 41 14 26 111 112 41 60 59 52 61 51 123 118 8 103 126 74 37 119 69 83 53 47 32 6 91 50 80 18 132 91 102 134 72 120 8 129 130 17 109 133 124 94 33 74 128 17 124 46 95 120 103 105 145 20 140 103 43 118 70 22 25 78 80 24 128 144 4 97 123 13 43 34 145 89 5 86 86 84 75 59 124 66 26 125 34 95 92 46 65 87 128 133 136 115 77 26 87 37 105 126 89 37 104 79 138 132 132 38 70 37 101 141 54 30 10 144 4 119 126 102 24 59 1 92 132 125 120 106 108 64 124 83 133 106 119 35 144 10 67 37 73 122 65 73 136 63 98 105 130 60 42 141 114 116 26 98 6 55 14 142 142 43 1 123 39 84 24 74 6 55 142 68 35 67 122 83 83 113 105 112 63 66 129 14 127 115 52 115 9 30 75 130 143 61 28 28 111 35 88 114 132 35 71 37 53 98 106 141 15 109 111 73 10 135 34 85 31 75 17 126 31 13 22 144 56 47 50 50 59 142 39 118 51 116 102 141 33 60 72 64 142 47 118 125 139 124 20 115 23 17 88 101 119 87 99 48 15 70 17 58 9 90 54 45 80 77 71 91 12 91 107 23 138 102 126 15 91 20 115 52 66 139 19 82 108 35 116 145 84 62 119 140 9 81 80 140 17 121 70 104 131 108 57 121 43 78 28 122 34 100 13 40 119 127 103 25 83 64 111 5 96 20 136 76 30 4 81 31 37 119 75 30 137 22 30 95 82 23 116 19 90 20 94 97 136 41 40 14 41 43 6 136 96 119 26 93 54 124 5 45 66 112 127 66 48 102 117 71 101 91 123 118 62 114 53 76 99 95 73 128 136 107 98 8 10 129 47 123 53 124 46 55 86 4 137 56 18 85 82 13 59 46 44 107 12 41 4 42 38 87 93 78 41 30 133 133 77 37 35 87 38 129 58 15 113 47 132 143 4 131 19
0:  (0)
1: 291 331 (33)
2:  (0)
3:  (0)
4: 58 235 285 494 562 575 597 (35)
5: 105 161 243 488 527 (31)
6: 18 192 325 337 519 (42)
7:  (0)
8: 13 92 151 181 203 552 (42)
9: 357 429 461 (38)
10: 125 137 139 283 306 381 553 (32)
11:  (0)
12: 95 437 573 (34)
13: 15 74 238 390 479 568 (39)
14: 86 169 327 352 516 (42)
15: 377 425 444 592 (38)
16:  (0)
17: 206 214 387 418 427 465 (39)
18: 146 165 196 565 (41)
19: 109 451 508 599 (39)
20: 10 222 415 446 490 510 (43)
21:  (0)
22: 62 76 79 103 143 162 228 391 502 (34)
23: 417 440 506 (30)
24: 100 232 289 335 (43)
25: 7 229 484 (42)
26: 35 102 170 251 264 323 523 (43)
27:  (0)
28: 363 364 475 (41)
29:  (0)
30: 22 52 282 358 493 500 503 582 (39)
31: 41 77 83 385 389 496 (43)
32: 64 191 (40)
33: 91 211 405 (34)
34: 119 240 253 383 477 (36)
35: 304 341 366 370 454 587 (41)
36:  (0)
37: 29 185 266 270 278 308 372 497 586 (40)
38: 276 577 589 (43)
39: 32 333 399 (32)
40: 106 480 515 (30)
41: 168 173 514 517 574 581 (38)
42: 87 145 319 576 (38)
43: 225 239 330 473 518 (42)
44: 39 154 571 (39)
45: 25 112 432 528 (32)
46: 23 216 256 559 570 (40)
47: 160 190 394 410 555 594 (34)
48: 99 424 533 (35)
49:  (0)
50: 6 45 194 395 396 (31)
51: 17 178 401 (39)
52: 96 176 355 448 (35)
53: 40 189 373 543 557 (41)
54: 2 157 281 431 525 (43)
55: 80 326 338 560 (30)
56: 8 393 564 (31)
57: 5 89 141 153 471 (34)
58: 82 158 428 591 (38)
59: 175 248 290 397 569 (38)
60: 174 318 406 (33)
61: 60 177 362 (35)
62: 94 166 458 541 (36)
63: 44 314 349 (33)
64: 33 298 408 486 (31)
65: 48 68 257 311 (42)
66: 114 250 350 449 529 532 (39)
67: 133 307 342 (31)
68: 78 124 340 (31)
69: 61 150 164 187 (36)
70: 227 277 426 467 (33)
71: 0 98 371 435 536 (34)
72: 3 19 201 407 (31)
73: 309 312 380 547 (37)
74: 118 184 212 336 (36)
75: 4 50 247 359 386 499 (37)
76: 71 492 544 (43)
77: 128 263 434 585 (42)
78: 144 230 474 580 (34)
79: 152 272 (42)
80: 136 195 231 433 463 (42)
81: 127 462 495 (43)
82: 1 452 505 567 (43)
83: 30 81 122 188 300 344 345 485 (43)
84: 12 246 334 457 (30)
85: 85 384 566 (40)
86: 244 245 561 (41)
87: 258 265 422 578 588 (33)
88: 65 116 367 419 (40)
89: 36 242 269 (42)
90: 73 430 509 (42)
91: 193 198 436 438 445 538 (43)
92: 255 292 (43)
93: 75 126 524 579 (41)
94: 53 104 210 511 (43)
95: 138 159 217 254 504 546 (42)
96: 107 489 521 (43)
97: 134 236 512 (32)
98: 26 90 315 324 374 551 (36)
99: 163 423 545 (40)
100: 131 142 478 (37)
101: 69 279 420 537 (41)
102: 167 199 288 403 442 534 (40)
103: 182 219 224 483 (41)
104: 42 271 468 (41)
105: 220 267 316 347 (41)
106: 120 296 302 375 (43)
107: 84 439 550 572 (38)
108: 117 130 297 453 470 (31)
109: 46 207 378 (40)
110: 21 70 113 (43)
111: 111 171 365 379 487 (43)
112: 24 156 172 348 530 (43)
113: 49 51 346 593 (42)
114: 57 321 368 542 (43)
115: 262 354 356 416 447 (43)
116: 56 322 402 455 507 (43)
117: 34 147 535 (43)
118: 180 226 400 411 540 (43)
119: 37 155 186 286 303 421 459 481 498 522 (43)
120: 202 218 295 (43)
121: 66 140 466 472 (43)
122: 310 343 476 (43)
123: 121 179 237 332 539 556 (43)
124: 129 209 215 249 299 414 526 558 (43)
125: 149 252 294 412 (43)
126: 183 268 287 388 443 (43)
127: 135 353 482 531 (43)
128: 213 233 259 548 (43)
129: 16 204 351 554 590 (43)
130: 97 110 205 317 360 (43)
131: 14 132 469 598 (43)
132: 197 274 275 293 369 595 (43)
133: 55 208 260 301 583 584 (43)
134: 148 200 (43)
135: 27 38 59 108 382 (43)
136: 261 313 491 513 520 549 (43)
137: 63 88 101 501 563 (43)
138: 11 28 67 93 273 441 (43)
139: 31 413 450 (42)
140: 20 223 460 464 (43)
141: 9 54 280 320 376 404 (43)
142: 115 328 329 339 398 409 (42)
143: 123 361 596 (43)
144: 43 72 234 284 305 392 (43)
145: 47 221 241 456 (43)
146:  (0)
