Name: 800-50-80
Time: 42.574482s
Result: 73
Solution: 115 31 19 78 114 86 125 9 118 120 51 27 116 87 43 15 8 19 36 28 23 103 38 72 14 78 112 96 68 7 69 72 12 47 51 66 45 123 19 70 120 111 15 8 23 73 82 123 78 37 83 62 107 58 23 41 63 89 55 113 90 22 113 76 56 95 9 40 117 15 69 105 52 103 99 57 46 125 50 9 82 108 63 51 127 38 99 86 101 61 116 108 38 45 37 43 123 51 114 71 13 96 81 121 114 97 103 98 65 20 106 91 101 15 70 69 40 106 72 24 103 124 57 34 33 83 55 88 21 55 49 51 52 35 89 114 11 4 43 62 83 7 11 31 115 65 54 63 111 91 70 29 94 123 100 114 74 97 72 38 100 43 65 58 75 78 82 63 119 17 110 63 78 113 87 99 55 76 85 31 18 35 104 127 91 79 51 26 123 13 27 96 15 119 12 105 121 98 61 57 111 44 74 69 4 5 52 96 88 28 82 67 102 120 85 119 50 23 84 73 87 31 44 30 110 122 14 111 70 47 81 13 38 9 4 12 92 118 7 36 89 23 98 72 72 68 67 76 17 52 58 109 66 32 63 118 109 7 41 9 72 118 102 49 116 64 68 101 72 127 103 21 49 98 95 29 121 94 7 96 7 49 61 77 93 63 74 99 41 51 102 122 47 40 77 60 33 79 115 62 121 91 86 27 116 101 123 12 23 5 33 14 124 19 27 119 81 19 123 86 99 4 37 36 24 21 90 94 117 93 122 66 83 126 103 57 50 53 43 11 6 97 113 107 124 81 45 40 89 100 115 111 45 27 104 45 57 77 29 18 7 30 102 8 57 99 104 62 60 27 60 40 87 22 7 47 100 90 93 12 17 77 53 27 31 19 112 62 53 26 32 7 65 113 49 15 84 78 14 110 100 63 73 108 85 66 61 107 72 49 6 72 6 73 98 88 28 22 122 55 27 49 112 18 73 119 46 59 103 5 115 32 59 61 9 72 43 61 84 74 43 92 81 46 76 14 22 104 96 75 14 108 121 15 92 29 106 54 98 79 92 44 23 100 71 98 88 5 41 118 8 104 15 8 77 75 15 31 127 117 12 125 98 57 41 55 127 4 61 127 40 47 63 23 43 111 71 53 71 68 31 120 68 107 57 38 85 122 89 31 81 85 83 72 126 15 42 107 43 36 13 31 8 18 4 86 83 35 40 115 88 52 63 73 125 77 11 79 79 22 62 26 44 77 38 32 4 43 41 30 118 103 75 35 53 21 119 49 70 100 15 111 38 31 23 69 28 43 109 82 95 22 29 79 60 114 93 77 89 81 101 74 11 42 76 109 20 80 94 37 117 52 90 109 60 51 114 83 33 106 4 51 18 64 88 30 34 100 58 67 77 117 19 27 119 66 57 80 76 84 34 112 31 63 125 96 103 120 89 122 53 95 38 13 108 98 90 124 66 110 94 77 42 73 118 28 71 69 124 124 21 35 111 120 30 69 82 109 85 75 105 97 91 20 66 86 82 57 33 82 20 108 63 27 23 105 65 86 62 78 54 105 91 116 24 38 92 91 96 49 44 103 57 83 87 26 93 106 78 56 7 107 107 110 30 28 53 105 102 80 83 111 103 94 23 27 11 57 43 61 63 12 70 15 65 11 106 87 88 87 50 67 111 8 76 120 73 91 117 94 38 35 87 95 5 36 65 59 41 59 69 52 31 67 35 51 89 24 71 92 96 117 57 81 7 117 111 93 4 27 100 79 29 23 7 51 33 19 13 124 41 43 79 42 19 6 20 81 107 23 5 62 95 34 67 90 84 105 125 107
0:  (0)
1:  (0)
2:  (0)
3:  (0)
4: 137 204 234 321 487 524 546 600 768 (61)
5: 205 309 429 467 744 790 (63)
6: 340 410 412 785 (57)
7: 29 141 238 257 278 280 360 374 391 700 764 774 (71)
8: 16 43 363 470 473 522 733 (55)
9: 7 66 79 233 259 434 (55)
10:  (0)
11: 136 142 339 536 582 716 725 (62)
12: 32 194 235 307 379 480 721 (57)
13: 100 189 231 520 633 778 (63)
14: 24 226 311 398 445 450 (69)
15: 15 42 69 113 192 395 453 472 476 515 560 723 (52)
16:  (0)
17: 169 248 380 (65)
18: 180 359 423 523 602 (72)
19: 2 17 38 313 317 385 612 777 784 (70)
20: 109 586 663 670 786 (53)
21: 128 271 325 555 650 (53)
22: 61 373 417 446 539 571 (64)
23: 20 44 54 217 241 308 462 493 564 674 714 773 789 (61)
24: 119 324 684 757 (53)
25:  (0)
26: 187 389 541 695 (70)
27: 11 190 303 314 353 369 383 420 613 673 715 769 (73)
28: 19 209 416 566 645 705 (63)
29: 151 275 358 455 572 772 (68)
30: 223 361 549 605 654 704 (55)
31: 1 143 179 221 384 477 500 509 521 563 622 752 (58)
32: 253 390 431 545 (73)
33: 124 296 310 598 668 776 (69)
34: 123 606 620 793 (54)
35: 133 181 527 553 651 741 754 (70)
36: 18 239 323 519 745 (51)
37: 49 94 322 589 (50)
38: 22 85 92 159 232 505 544 562 632 685 740 (71)
39:  (0)
40: 67 116 293 347 371 490 528 (69)
41: 55 258 288 468 484 548 748 780 (70)
42: 516 583 642 783 (69)
43: 14 95 138 161 338 436 440 494 518 547 567 718 781 (73)
44: 201 222 461 542 690 (67)
45: 36 93 346 352 355 (59)
46: 76 426 443 (66)
47: 33 229 292 375 491 (70)
48:  (0)
49: 130 263 272 281 394 409 421 557 689 (64)
50: 78 216 336 730 (66)
51: 10 34 83 97 131 186 289 595 601 755 775 (70)
52: 72 132 206 249 531 591 751 (73)
53: 337 382 388 497 554 630 706 (63)
54: 146 457 680 (68)
55: 58 126 129 176 419 485 (64)
56: 64 699 (57)
57: 75 122 199 335 356 364 483 504 616 667 692 717 762 (73)
58: 53 163 250 608 (71)
59: 427 432 747 749 (53)
60: 295 368 370 574 594 (57)
61: 89 198 282 406 433 437 488 719 (58)
62: 51 139 299 367 387 540 678 791 (71)
63: 56 82 147 167 171 254 285 401 492 532 623 672 720 (72)
64: 265 603 (66)
65: 108 145 162 392 676 724 746 (69)
66: 35 252 331 405 615 638 664 (63)
67: 211 246 609 731 753 794 (71)
68: 28 245 266 499 502 (64)
69: 30 70 115 203 565 647 655 750 (73)
70: 39 114 150 228 558 722 (69)
71: 99 464 496 498 646 758 (67)
72: 23 31 118 158 243 244 260 268 408 411 435 513 (72)
73: 45 219 402 413 424 533 643 736 (73)
74: 156 202 286 439 581 (72)
75: 164 449 475 552 659 (72)
76: 63 177 247 444 584 618 734 (72)
77: 283 294 357 381 474 535 543 577 610 641 (73)
78: 3 25 48 165 172 397 679 698 (73)
79: 185 297 459 537 538 573 771 782 (71)
80: 587 617 709 (73)
81: 102 230 316 345 442 510 579 763 787 (71)
82: 46 80 166 210 569 656 666 669 (73)
83: 50 125 140 332 512 526 597 693 710 (73)
84: 218 396 438 619 796 (73)
85: 178 214 404 506 511 658 (73)
86: 5 87 302 319 525 665 677 (73)
87: 13 174 220 372 694 727 729 742 (73)
88: 127 208 415 466 530 604 728 (73)
89: 57 134 240 348 508 578 628 756 (73)
90: 60 326 377 592 636 795 (73)
91: 111 149 184 301 662 682 687 737 (73)
92: 236 441 454 460 686 759 (73)
93: 284 329 378 576 696 767 (73)
94: 152 277 327 588 640 713 739 (73)
95: 65 274 570 631 743 792 (73)
96: 27 101 191 207 279 448 625 688 760 (73)
97: 105 157 341 661 (73)
98: 107 197 242 273 414 458 465 482 635 (73)
99: 74 86 175 287 320 365 (73)
100: 154 160 349 376 400 463 559 607 770 (73)
101: 88 112 267 305 580 (73)
102: 212 262 290 362 708 (73)
103: 21 73 106 120 270 334 428 551 626 691 712 (73)
104: 182 354 366 447 471 (73)
105: 71 195 660 675 681 707 797 (73)
106: 110 117 456 599 697 726 (73)
107: 52 343 407 503 517 701 702 788 799 (73)
108: 81 91 403 451 634 671 (73)
109: 251 256 568 585 593 657 (73)
110: 170 224 399 639 703 (72)
111: 41 148 200 227 351 495 561 652 711 732 766 (73)
112: 26 386 422 621 (73)
113: 59 62 173 342 393 (73)
114: 4 98 104 135 155 575 596 (73)
115: 0 144 298 350 430 529 (73)
116: 12 90 264 304 683 (73)
117: 68 328 479 590 611 738 761 765 (73)
118: 8 237 255 261 469 550 644 (73)
119: 168 193 215 315 425 556 614 (73)
120: 9 40 213 501 627 653 735 (72)
121: 103 196 276 300 452 (72)
122: 225 291 330 418 507 629 (71)
123: 37 47 96 153 188 306 318 (63)
124: 121 312 344 637 648 649 779 (73)
125: 6 77 481 534 624 798 (72)
126: 333 514 (61)
127: 84 183 269 478 486 489 (50)
128:  (0)
