Name: 800-20-30
Time: 29.912870s
Result: 27
Solution: 70 26 44 35 45 8 62 90 79 127 45 2 104 33 126 120 44 81 46 36 68 117 111 29 3 22 87 5 10 39 109 50 91 91 37 47 99 69 50 63 99 16 23 84 24 36 27 32 50 64 50 122 132 135 105 36 106 107 71 137 60 43 2 105 114 73 88 24 83 134 34 61 21 128 5 62 125 85 124 45 41 74 1 39 139 21 49 95 92 103 125 70 39 81 89 49 67 108 56 56 36 74 106 5 52 104 122 58 60 2 62 24 12 67 100 17 62 60 28 19 137 58 49 140 64 139 67 76 65 111 129 23 114 126 135 17 35 79 9 48 107 62 58 127 127 16 49 113 43 122 46 23 101 26 41 57 137 15 101 23 85 26 125 48 32 39 136 124 65 30 139 60 127 17 129 88 115 110 9 27 126 112 114 140 107 131 81 83 127 69 51 141 84 42 47 119 124 116 80 73 29 91 122 14 1 21 129 21 42 100 21 107 139 113 106 72 93 74 106 114 56 139 76 68 139 72 85 61 36 100 103 135 73 47 87 131 142 117 97 61 36 92 95 59 81 53 138 54 100 127 24 14 95 122 114 109 76 113 78 21 54 40 57 56 82 118 24 15 18 71 133 11 47 135 46 37 10 47 97 91 124 47 67 137 17 37 35 97 82 5 119 81 12 81 119 72 71 105 80 116 21 53 86 113 103 135 18 51 86 111 128 68 50 78 42 90 111 75 17 99 109 105 134 17 100 142 9 100 132 130 83 7 134 77 42 102 86 30 96 108 94 104 64 114 123 118 78 81 115 41 79 47 95 27 26 110 50 46 82 9 127 17 54 18 5 45 87 63 68 126 34 102 110 118 112 40 63 118 28 58 97 89 136 5 115 54 128 33 39 36 138 111 115 65 93 98 78 62 42 95 90 60 39 50 63 133 121 128 7 123 73 105 115 67 126 37 8 62 11 51 73 18 131 118 77 67 50 53 49 127 81 111 122 135 116 12 61 35 32 130 118 83 140 40 39 20 76 27 132 74 87 50 81 15 80 77 36 69 124 44 37 81 92 35 110 56 85 84 137 53 98 46 58 59 15 36 87 61 60 21 118 27 43 14 90 77 82 78 115 9 121 104 96 10 16 122 1 102 49 79 32 125 32 76 99 133 69 87 88 78 58 85 10 133 103 27 71 86 131 124 94 95 27 20 121 12 19 85 104 61 89 46 136 42 17 94 29 72 26 86 53 54 129 75 75 86 62 82 100 5 109 27 127 50 68 74 57 123 119 2 90 111 138 30 141 14 15 2 110 27 44 83 90 120 98 57 52 85 138 98 60 100 70 64 48 41 89 119 100 10 33 67 59 73 131 89 39 21 110 45 24 29 105 7 22 59 113 43 135 117 77 12 92 46 121 8 77 79 130 142 130 101 134 91 11 100 78 134 28 124 106 94 3 79 105 27 95 107 10 50 50 17 64 126 5 69 29 45 12 26 64 125 42 51 89 122 87 90 29 74 48 53 51 115 45 43 20 58 102 65 33 16 92 69 120 112 73 42 63 96 75 33 10 108 28 142 68 117 26 52 70 72 116 16 113 137 73 2 22 105 137 128 139 99 90 70 107 101 134 10 60 133 139 117 134 39 77 99 7 2 97 65 67 57 98 105 130 50 51 131 42 5 116 112 34 42 97 63 30 54 53 84 93 120 17 63 23 83 5 8 5 90 69 115 76 96 30 84 75 54 137 94 42 110 79 76 52 33 71 84 95 3 17 139 96 136 120 56 9 17 91 106 42 63 65 78 34 2 113 2 33 40 102 102 122 19 87 58 11 91
0:  (0)
1: 82 204 496 (21)
2: 11 62 109 559 567 697 719 787 789 (26)
3: 24 632 771 (20)
4:  (0)
5: 27 74 103 289 364 383 549 644 731 748 750 (23)
6:  (0)
7: 331 408 603 718 (21)
8: 5 416 615 749 (25)
9: 138 178 326 359 489 778 (25)
10: 28 276 493 512 589 638 682 709 (27)
11: 271 418 624 798 (24)
12: 112 292 435 525 611 648 (22)
13:  (0)
14: 203 251 483 565 (20)
15: 157 267 453 474 566 (20)
16: 41 145 494 671 693 (24)
17: 115 135 173 284 318 323 361 534 641 744 772 779 (24)
18: 268 306 363 421 (23)
19: 119 526 795 (22)
20: 445 523 666 (26)
21: 72 85 205 207 210 259 300 479 597 (25)
22: 25 604 698 (26)
23: 42 131 151 159 746 (22)
24: 44 67 111 250 266 600 (27)
25:  (0)
26: 1 153 161 354 538 649 688 (27)
27: 46 179 353 447 481 515 522 551 569 635 (27)
28: 118 378 628 684 (24)
29: 23 200 536 601 646 658 (20)
30: 169 337 563 738 756 (25)
31:  (0)
32: 47 164 438 500 502 (27)
33: 13 387 590 670 681 767 790 (27)
34: 70 370 734 786 (25)
35: 3 136 286 437 463 (22)
36: 19 45 55 100 228 240 389 456 475 (26)
37: 34 275 285 415 460 (24)
38:  (0)
39: 29 83 92 165 388 402 444 596 715 (27)
40: 261 375 443 791 (23)
41: 80 154 349 585 (25)
42: 193 208 314 334 398 533 652 677 730 735 762 782 (22)
43: 61 148 482 607 665 (25)
44: 2 16 459 570 (24)
45: 4 10 79 365 599 647 664 (21)
46: 18 150 274 357 471 531 613 (20)
47: 35 194 233 272 277 281 351 (23)
48: 139 163 584 660 (23)
49: 86 95 122 146 428 498 (25)
50: 31 38 48 50 312 356 403 426 451 553 639 640 727 (25)
51: 190 307 419 653 662 728 (25)
52: 104 576 689 766 (25)
53: 245 301 427 469 540 661 740 (26)
54: 247 260 362 385 541 739 759 (25)
55:  (0)
56: 98 99 220 263 465 777 (27)
57: 155 262 556 575 723 (27)
58: 107 121 142 379 472 510 667 797 (27)
59: 243 473 592 605 (27)
60: 60 108 117 171 401 478 580 710 (27)
61: 71 227 239 436 477 529 (27)
62: 6 75 110 116 141 397 417 546 (27)
63: 39 367 376 404 678 737 745 783 (27)
64: 49 124 342 583 642 650 (27)
65: 128 168 393 669 721 784 (27)
66:  (0)
67: 96 113 126 282 413 425 591 722 (27)
68: 20 223 311 368 554 686 (27)
69: 37 189 457 506 645 673 752 (27)
70: 0 91 582 690 705 (27)
71: 58 269 296 516 768 (27)
72: 215 225 295 537 691 (27)
73: 65 199 232 410 420 593 676 696 (25)
74: 81 101 217 449 555 659 (25)
75: 317 543 544 680 758 (27)
76: 127 222 256 446 503 754 765 (26)
77: 333 424 455 485 610 616 716 (27)
78: 258 313 346 396 487 509 626 785 (27)
79: 8 137 350 499 617 633 764 (27)
80: 198 298 454 (27)
81: 17 93 186 244 291 293 347 430 452 461 (27)
82: 264 288 358 486 547 (27)
83: 68 187 330 441 571 747 (27)
84: 43 192 467 741 757 769 (27)
85: 77 160 226 466 511 527 577 (27)
86: 302 308 336 517 539 545 (27)
87: 26 234 366 450 476 507 656 796 (27)
88: 66 175 508 (27)
89: 94 381 530 586 595 654 (27)
90: 7 315 400 484 560 572 657 704 751 (27)
91: 32 33 201 279 623 780 799 (27)
92: 88 241 462 612 672 (27)
93: 216 394 742 (27)
94: 340 520 535 631 761 (27)
95: 87 242 252 352 399 521 636 770 (27)
96: 338 492 679 755 774 (27)
97: 238 278 287 380 720 736 (27)
98: 395 470 574 579 724 (27)
99: 36 40 319 504 703 717 (27)
100: 114 209 229 248 324 327 548 581 588 625 (26)
101: 152 158 621 707 (27)
102: 335 371 497 668 792 793 (27)
103: 89 230 304 514 (27)
104: 12 105 341 491 528 (27)
105: 54 63 297 321 411 602 634 699 725 (27)
106: 56 102 214 218 630 781 (27)
107: 57 140 184 211 637 706 (27)
108: 97 339 683 (27)
109: 30 255 320 550 (27)
110: 177 355 372 464 568 598 763 (27)
111: 22 129 309 316 391 431 561 (27)
112: 181 374 675 733 (27)
113: 147 213 257 303 606 694 788 (27)
114: 64 132 182 219 254 343 (27)
115: 176 348 384 392 412 488 663 753 (27)
116: 197 299 434 692 732 (27)
117: 21 237 609 687 713 (27)
118: 265 345 373 377 423 440 480 (27)
119: 195 290 294 558 587 (27)
120: 15 573 674 743 776 (27)
121: 406 490 524 614 (27)
122: 51 106 149 202 253 432 495 655 794 (27)
123: 344 409 557 (27)
124: 78 167 196 280 458 519 629 (27)
125: 76 90 162 501 651 (27)
126: 14 133 180 369 414 643 (27)
127: 9 143 144 172 188 249 360 429 552 (27)
128: 73 310 386 407 701 (27)
129: 130 174 206 542 (27)
130: 329 439 618 620 726 (27)
131: 185 235 422 518 594 729 (27)
132: 52 328 448 (27)
133: 270 405 505 513 711 (27)
134: 69 322 332 622 627 708 714 (27)
135: 53 134 231 273 305 433 608 (27)
136: 166 382 532 775 (27)
137: 59 120 156 283 468 695 700 760 (27)
138: 246 390 562 578 (27)
139: 84 125 170 212 221 224 702 712 773 (27)
140: 123 183 442 (20)
141: 191 564 (23)
142: 236 325 619 685 (21)
143:  (0)
