Name: 800-40-60
Time: 216.645843s
Result: 56
Solution: 11 59 191 107 197 141 116 185 173 188 25 125 112 77 147 173 23 164 60 83 196 34 130 120 134 184 86 33 173 94 186 90 65 168 84 8 167 57 146 167 152 137 78 180 22 99 52 104 124 48 149 115 144 140 146 195 41 10 27 10 179 201 107 106 199 60 65 133 33 56 120 57 84 170 70 74 64 157 147 11 20 170 150 157 168 155 18 130 129 147 194 3 49 79 54 67 109 152 172 8 134 113 169 49 162 111 188 110 11 50 160 2 18 4 184 39 47 130 148 190 22 149 131 106 12 110 40 113 70 120 144 25 150 138 5 112 62 10 117 44 12 44 83 135 143 148 87 88 140 74 154 138 19 44 175 27 66 3 126 182 75 170 36 34 31 109 134 82 97 127 20 90 131 93 131 37 37 76 138 37 167 135 123 150 31 183 5 37 75 88 166 56 93 101 175 165 48 181 103 183 142 179 45 182 102 41 140 129 59 14 80 12 145 137 101 105 153 141 97 46 18 144 117 148 112 158 154 48 98 92 66 153 17 72 71 181 22 10 78 159 6 81 82 200 192 44 51 98 40 93 77 51 32 161 115 29 106 193 199 182 111 196 183 128 155 145 142 103 78 58 127 86 63 42 196 166 134 105 53 191 172 62 124 172 59 129 52 132 111 92 91 83 14 51 153 187 24 75 131 101 45 177 79 131 68 168 117 165 145 61 48 32 183 66 5 134 24 71 57 180 152 150 68 74 54 194 126 51 196 126 50 20 84 11 193 20 35 63 190 3 95 99 42 14 36 178 177 160 169 41 132 31 119 181 81 91 64 142 87 88 105 68 45 195 171 166 175 61 109 198 9 62 72 200 143 118 47 91 16 69 32 73 162 37 174 89 165 120 136 126 136 117 176 64 66 10 5 126 95 27 28 13 95 75 19 65 188 54 27 176 28 41 73 171 53 24 156 168 25 113 13 48 109 190 189 175 125 189 190 40 133 193 97 161 34 161 58 95 56 153 69 49 139 22 112 141 138 162 146 97 8 71 17 141 73 156 66 152 140 195 174 44 163 156 4 165 135 63 152 80 97 66 119 79 153 104 98 169 68 198 120 90 113 112 71 105 58 113 23 174 16 6 169 103 82 41 58 23 30 37 8 84 100 28 123 87 192 72 163 150 63 96 107 13 92 121 44 51 187 69 27 152 96 81 4 201 118 144 187 99 116 16 89 127 125 12 74 76 114 100 186 2 123 35 96 54 171 39 159 123 116 40 198 201 60 22 164 151 17 175 102 159 143 87 197 28 3 9 78 182 138 147 139 119 3 39 32 154 190 25 59 176 8 94 24 181 191 179 185 30 190 36 171 62 111 19 18 19 164 116 46 178 13 198 99 2 186 176 73 128 80 54 99 16 199 16 160 62 73 107 185 175 50 76 89 17 29 177 82 50 177 27 125 46 136 52 94 30 32 141 101 129 197 16 121 146 50 9 34 132 53 151 160 177 161 67 2 199 95 19 65 162 187 84 158 33 194 35 132 122 182 139 74 125 136 86 42 151 145 143 200 46 157 139 114 9 194 119 131 106 155 108 46 104 99 187 163 30 115 72 100 195 108 31 107 10 84 187 86 11 77 138 180 156 35 14 31 164 104 104 60 87 81 20 172 124 108 167 122 61 171 158 52 19 89 163 122 123 57 133 138 88 149 90 185 120 40 140 184 82 109 118 71 201 167 56 199 186 78 47 66 75 98 2 95 46 8 162 57 69 14 128 92 200 29 17 111 39 142 158 33 189 36 31 81 123 192 117 92 44 58 6 96 19 70 200 146 196 110 50
0:  (0)
1:  (0)
2: 111 541 605 656 763 (50)
3: 91 157 339 566 574 (41)
4: 113 464 524 (42)
5: 134 186 314 396 (41)
6: 240 491 791 (42)
7:  (0)
8: 35 99 450 500 582 766 (45)
9: 370 567 647 685 (45)
10: 57 59 137 237 395 705 (43)
11: 0 79 108 333 709 (56)
12: 124 140 211 535 (43)
13: 401 420 513 602 (54)
14: 209 292 343 715 770 (50)
15:  (0)
16: 378 490 531 613 615 643 (51)
17: 232 452 558 625 775 (54)
18: 86 112 220 596 (46)
19: 152 404 595 597 659 733 793 (56)
20: 80 170 331 335 723 (52)
21:  (0)
22: 44 120 236 443 555 (49)
23: 16 488 497 (48)
24: 296 316 415 584 (42)
25: 10 131 418 579 (49)
26:  (0)
27: 58 155 399 408 520 631 (49)
28: 400 410 503 565 (50)
29: 255 626 774 (40)
30: 498 589 637 697 (44)
31: 164 184 351 703 716 783 (47)
32: 252 311 380 576 638 (41)
33: 27 68 665 780 (55)
34: 21 163 434 648 (48)
35: 336 543 667 714 (50)
36: 162 344 591 782 (50)
37: 175 176 179 187 383 499 (53)
38:  (0)
39: 115 547 575 777 (56)
40: 126 248 429 551 746 (53)
41: 56 205 349 411 495 (50)
42: 273 342 676 (42)
43:  (0)
44: 139 141 153 245 461 516 789 (41)
45: 202 300 362 (40)
46: 219 600 633 681 692 765 (54)
47: 116 376 759 (50)
48: 49 196 227 310 421 (53)
49: 92 103 441 (45)
50: 109 330 622 629 646 799 (56)
51: 246 251 293 327 517 (51)
52: 46 286 635 732 (55)
53: 278 414 650 (49)
54: 94 324 407 545 611 (56)
55:  (0)
56: 69 191 438 755 (56)
57: 37 71 318 738 768 (55)
58: 269 436 486 496 790 (54)
59: 1 208 284 580 (43)
60: 18 65 554 720 (45)
61: 309 367 729 (44)
62: 136 281 371 593 617 (42)
63: 272 337 467 510 (44)
64: 76 356 393 (45)
65: 32 66 405 660 (44)
66: 156 230 313 394 456 471 760 (40)
67: 95 655 (56)
68: 304 322 361 478 (40)
69: 379 440 519 769 (44)
70: 74 128 794 (56)
71: 234 317 451 484 752 (56)
72: 233 372 507 699 (48)
73: 381 412 454 608 618 (46)
74: 75 149 323 536 672 (56)
75: 160 188 297 403 761 (53)
76: 177 537 623 (42)
77: 13 250 710 (47)
78: 42 238 268 568 758 (40)
79: 93 302 473 (46)
80: 210 469 610 (50)
81: 241 354 523 722 784 (56)
82: 167 242 494 628 749 (55)
83: 19 142 291 (55)
84: 34 72 332 501 663 706 (56)
85:  (0)
86: 26 271 675 708 (56)
87: 146 358 505 563 721 (51)
88: 147 189 359 741 (42)
89: 385 532 624 734 (50)
90: 31 171 481 743 (56)
91: 290 355 377 (56)
92: 229 289 514 772 788 (54)
93: 173 192 249 (51)
94: 29 583 636 (49)
95: 340 398 402 437 658 764 (44)
96: 511 522 544 792 (48)
97: 168 218 432 449 470 (53)
98: 228 247 476 762 (56)
99: 45 341 529 604 612 694 (54)
100: 502 539 700 (56)
101: 193 214 299 640 (50)
102: 204 560 (54)
103: 198 267 493 (52)
104: 47 475 693 718 719 (56)
105: 215 277 360 485 (54)
106: 63 123 256 689 (46)
107: 3 62 512 619 704 (48)
108: 691 702 726 (46)
109: 96 165 368 422 750 (56)
110: 107 125 798 (53)
111: 105 260 288 594 776 (55)
112: 12 135 224 444 483 (56)
113: 101 127 419 482 487 (55)
114: 538 684 (44)
115: 51 254 698 (49)
116: 6 530 550 599 (46)
117: 138 222 306 391 787 (41)
118: 375 526 751 (49)
119: 352 472 573 687 (49)
120: 23 70 129 387 480 745 (54)
121: 515 644 (54)
122: 669 728 736 (49)
123: 182 504 542 549 737 785 (55)
124: 48 282 725 (56)
125: 11 426 534 632 673 (55)
126: 158 326 329 389 397 (55)
127: 169 270 533 (53)
128: 263 609 771 (54)
129: 88 207 285 641 (55)
130: 22 87 117 (55)
131: 122 172 174 298 303 688 (54)
132: 287 350 649 668 (54)
133: 67 430 739 (53)
134: 24 100 166 276 315 (55)
135: 143 181 466 (54)
136: 388 390 634 674 (56)
137: 41 213 (56)
138: 133 151 178 446 570 711 740 (54)
139: 442 572 671 683 (54)
140: 53 148 206 458 747 (55)
141: 5 217 445 453 639 (56)
142: 200 266 357 778 (56)
143: 144 374 562 679 (56)
144: 52 130 221 527 (56)
145: 212 265 308 678 (55)
146: 38 54 448 645 796 (54)
147: 14 78 89 571 (56)
148: 118 145 223 (54)
149: 50 121 742 (56)
150: 82 132 183 321 509 (56)
151: 557 651 677 (56)
152: 40 97 320 457 468 521 (56)
153: 216 231 294 439 474 (56)
154: 150 226 577 (56)
155: 85 264 690 (56)
156: 416 455 463 713 (55)
157: 77 83 682 (56)
158: 225 664 731 779 (56)
159: 239 548 561 (56)
160: 110 347 616 652 (56)
161: 253 433 435 654 (56)
162: 104 382 447 661 767 (56)
163: 462 508 696 735 (56)
164: 17 556 598 717 (56)
165: 195 307 386 465 (56)
166: 190 275 365 (56)
167: 36 39 180 727 754 (56)
168: 33 84 305 417 (56)
169: 102 348 477 492 (56)
170: 73 81 161 (56)
171: 364 413 546 592 730 (56)
172: 98 280 283 724 (55)
173: 8 15 28 (56)
174: 384 460 489 (56)
175: 154 194 366 425 559 621 (55)
176: 392 409 581 607 (56)
177: 301 346 627 630 653 (56)
178: 345 601 (56)
179: 60 201 587 (55)
180: 43 319 712 (56)
181: 197 235 353 585 (55)
182: 159 203 259 569 670 (56)
183: 185 199 262 312 (56)
184: 25 114 748 (56)
185: 7 588 620 744 (56)
186: 30 540 606 757 (56)
187: 295 518 528 662 695 707 (56)
188: 9 106 406 (55)
189: 424 427 781 (56)
190: 119 338 423 428 578 590 (56)
191: 2 279 586 (56)
192: 244 506 786 (55)
193: 257 334 431 (52)
194: 90 325 666 686 (54)
195: 55 363 459 701 (55)
196: 20 261 274 328 797 (56)
197: 4 564 642 (55)
198: 369 479 552 603 (56)
199: 64 258 614 657 756 (56)
200: 243 373 680 773 795 (56)
201: 61 525 553 753 (55)
202:  (0)
203:  (0)
