Name: 800-30-45
Time: 8.604598s
Result: 42
Solution: 68 47 63 18 106 60 54 68 50 41 115 4 54 84 4 100 38 35 92 22 27 105 94 104 96 119 24 92 79 13 31 25 103 72 101 45 114 84 38 22 98 65 98 44 41 74 98 10 75 32 99 35 80 4 69 51 37 60 51 107 115 42 32 61 72 6 83 23 32 14 91 110 68 83 37 53 41 54 16 90 27 46 94 16 93 9 39 47 92 95 90 45 100 85 47 61 49 78 13 8 45 111 55 31 14 111 83 62 13 75 21 19 56 71 98 15 65 61 23 41 74 3 89 42 96 16 65 18 47 40 13 50 97 53 112 79 40 68 100 94 30 80 82 105 91 87 97 101 111 36 41 48 78 61 7 6 75 27 4 68 46 92 41 20 87 35 92 61 8 84 31 121 66 6 4 75 75 120 35 119 99 119 99 55 47 106 13 56 51 11 102 71 117 44 4 88 24 70 82 30 52 33 83 38 26 36 61 9 87 39 38 54 115 110 70 89 85 109 114 68 111 77 39 82 80 38 119 62 63 119 73 38 107 73 17 89 54 95 19 99 86 42 30 30 22 96 52 73 102 47 118 30 27 42 36 66 48 112 45 73 47 105 57 88 97 76 100 31 28 99 42 60 4 78 21 4 110 60 56 109 52 119 80 61 52 24 108 38 40 63 49 64 44 100 26 83 116 30 115 24 24 35 33 121 31 81 87 117 18 68 17 113 13 70 54 28 73 16 38 82 61 54 17 17 44 60 32 75 108 85 66 64 104 101 54 96 97 61 46 102 87 35 20 54 18 36 53 121 88 50 109 97 101 79 27 48 68 88 83 69 104 99 16 22 41 46 25 37 42 73 47 21 104 75 8 11 10 84 69 24 40 93 10 49 22 60 9 120 53 8 37 87 19 37 109 11 116 77 10 33 31 42 81 63 106 89 82 50 22 67 65 70 104 106 56 25 53 111 42 80 70 65 107 40 33 3 59 90 103 32 13 19 35 39 44 48 25 110 110 96 57 99 104 73 80 99 15 15 23 108 75 106 49 118 106 35 8 101 104 35 24 102 46 63 114 84 77 56 109 110 15 4 78 57 111 33 75 52 13 91 24 49 64 8 38 3 96 66 115 8 57 72 45 90 38 96 117 76 117 112 27 54 73 56 120 27 91 102 105 82 121 87 88 113 26 104 67 68 94 13 78 116 13 112 84 71 103 104 119 67 20 61 92 96 92 72 31 52 48 22 75 23 84 113 103 26 52 47 73 11 89 97 104 74 65 87 61 6 103 16 50 17 100 78 61 92 111 33 78 86 93 65 47 87 19 70 93 3 111 35 118 101 88 114 74 79 57 11 90 82 44 64 82 115 47 68 118 106 13 16 50 121 90 96 65 86 61 47 54 33 62 11 38 111 99 27 4 55 4 21 20 27 36 121 57 31 111 11 27 35 62 70 103 41 64 95 109 45 82 40 61 81 67 8 116 99 95 73 59 119 115 78 55 27 65 40 24 104 4 21 91 104 73 90 4 82 119 59 46 82 22 91 28 92 46 73 54 88 17 110 73 87 77 10 65 25 28 69 3 105 75 93 83 27 28 120 81 107 61 18 63 45 45 39 77 51 97 74 8 13 38 11 96 114 7 37 45 16 37 27 51 8 75 80 103 68 102 89 16 67 30 99 107 38 60 89 75 119 61 71 85 112 22 121 37 15 68 104 55 68 21 59 117 63 110 38 72 75 104 6 68 72 6 116 111 85 117 72 63 112 116 76 47 16 9 83 85 89 64 50 59 54 23 20 9 33 24 39 14 54 76 54 113 112 11 47 118 78 95 46
0:  (0)
1:  (0)
2:  (0)
3: 121 425 485 577 688 (36)
4: 11 14 53 158 174 194 272 275 471 616 618 658 664 (40)
5:  (0)
6: 65 155 173 557 759 762 (34)
7: 154 714 (32)
8: 99 168 374 389 456 483 489 643 708 721 (30)
9: 85 207 386 774 784 (31)
10: 47 376 382 398 683 (40)
11: 189 375 395 549 587 611 627 711 794 (42)
12:  (0)
13: 29 98 108 130 186 312 430 478 519 522 598 709 (38)
14: 69 104 788 (33)
15: 115 446 447 470 745 (30)
16: 78 83 125 317 362 559 599 717 728 773 (41)
17: 234 310 322 323 561 678 (30)
18: 3 127 308 344 699 (30)
19: 111 238 392 431 574 (32)
20: 163 342 530 620 783 (37)
21: 110 274 371 619 659 750 (34)
22: 19 39 244 363 384 408 539 670 742 (35)
23: 67 118 448 541 782 (32)
24: 26 196 285 299 300 379 460 480 656 786 (42)
25: 31 366 415 436 685 (30)
26: 204 294 514 545 (38)
27: 20 80 157 252 354 500 505 615 621 628 653 693 719 (42)
28: 268 315 672 686 694 (30)
29:  (0)
30: 140 199 242 243 251 297 730 (38)
31: 30 103 170 267 304 400 536 625 (34)
32: 49 62 68 326 429 (35)
33: 201 302 399 424 475 567 609 785 (40)
34:  (0)
35: 17 51 165 178 301 341 432 455 459 579 629 (41)
36: 149 205 254 345 622 (37)
37: 56 74 367 390 393 715 718 744 (39)
38: 16 38 203 210 225 231 287 318 484 494 612 710 733 755 (42)
39: 86 209 222 433 703 787 (40)
40: 129 136 288 380 423 639 655 (38)
41: 9 44 76 119 150 162 364 633 (41)
42: 61 123 241 253 270 368 401 418 (42)
43:  (0)
44: 43 193 292 324 434 590 (41)
45: 35 91 100 258 492 637 701 702 716 (41)
46: 81 160 338 365 462 668 674 799 (42)
47: 1 87 94 128 184 249 260 370 547 572 594 607 772 795 (42)
48: 151 256 355 435 538 (42)
49: 96 290 383 452 481 (37)
50: 8 131 349 407 560 600 779 (39)
51: 55 58 188 705 720 (41)
52: 200 246 280 284 477 537 546 (40)
53: 75 133 346 388 416 (42)
54: 6 12 77 211 236 314 321 334 343 501 608 676 781 789 791 (39)
55: 102 183 617 652 748 (36)
56: 112 187 278 414 467 503 (38)
57: 262 440 473 490 586 624 (42)
58:  (0)
59: 426 648 667 751 780 (38)
60: 5 57 271 277 325 385 734 (42)
61: 63 95 117 153 167 206 283 320 337 531 556 564 606 640 698 738 (42)
62: 107 227 610 630 (41)
63: 2 228 289 403 463 700 753 768 (42)
64: 291 331 482 591 634 778 (41)
65: 41 116 126 410 421 554 571 604 654 684 (36)
66: 172 255 330 487 (39)
67: 409 516 529 642 729 (36)
68: 0 7 72 137 159 219 309 356 517 595 725 746 749 760 (42)
69: 54 359 378 687 (42)
70: 197 214 313 411 420 575 631 (39)
71: 113 191 525 739 (40)
72: 33 64 491 535 756 761 767 (40)
73: 230 233 247 259 316 369 443 502 548 647 662 675 680 (42)
74: 45 120 553 584 707 (42)
75: 48 109 156 175 176 327 373 450 476 540 690 722 736 757 (41)
76: 265 497 771 790 (42)
77: 221 397 466 682 704 (40)
78: 97 152 273 472 520 563 568 651 797 (42)
79: 28 135 353 585 (39)
80: 52 141 224 282 419 444 723 (41)
81: 305 402 641 696 (39)
82: 142 198 223 319 406 509 589 592 638 665 669 (42)
83: 66 73 106 202 295 358 692 775 (41)
84: 13 37 169 377 465 524 542 (40)
85: 93 216 329 740 765 776 (41)
86: 240 569 605 (38)
87: 145 164 208 306 340 391 511 555 573 681 (42)
88: 195 263 348 357 512 582 677 (42)
89: 122 215 235 405 550 727 735 777 (42)
90: 79 90 427 493 588 602 663 (41)
91: 70 144 479 506 660 671 (42)
92: 18 27 88 161 166 532 534 565 673 (42)
93: 84 381 570 576 691 (42)
94: 22 82 139 518 (42)
95: 89 237 635 646 798 (42)
96: 24 124 245 335 439 486 495 533 603 712 (42)
97: 132 146 264 336 351 551 706 (42)
98: 40 42 46 114 (42)
99: 50 180 182 239 269 361 441 445 614 645 731 (42)
100: 15 92 138 266 293 562 (41)
101: 34 147 333 352 457 581 (41)
102: 190 248 339 461 507 726 (42)
103: 32 428 526 544 558 632 724 (42)
104: 23 332 360 372 412 442 458 515 527 552 657 661 747 758 (41)
105: 21 143 261 508 689 (42)
106: 4 185 404 413 451 454 597 (41)
107: 59 232 422 697 732 (41)
108: 286 328 449 (42)
109: 217 279 350 394 468 636 (42)
110: 71 213 276 437 438 469 679 754 (40)
111: 101 105 148 220 417 474 566 578 613 626 764 (41)
112: 134 257 499 523 741 769 793 (42)
113: 311 513 543 792 (42)
114: 36 218 464 583 713 (42)
115: 10 60 212 298 488 593 650 (42)
116: 296 396 521 644 763 770 (41)
117: 192 307 496 498 752 766 (40)
118: 250 453 580 596 796 (40)
119: 25 179 181 226 229 281 528 649 666 737 (39)
120: 177 387 504 695 (40)
121: 171 303 347 510 601 623 743 (39)
122:  (0)
123:  (0)
