Name: 60-50-75
Time: 5.680073022842407 
Result: 1066
Solution:  6 11 7 6 13 13 9 11 6 13 6 13 8 10 4 8 14 8 3 3 12 9 3 9 8 3 7 15 15 3 10 7 5 10 14 8 4 3 10 5 5 16 8 12 14 14 9 12 9 7 16 8 14 7 16 12 11 5 17 14
0 : [] (0)
1 : [] (0)
2 : [] (0)
3 : [18, 19, 22, 25, 29, 37] (57)
4 : [14, 36] (52)
5 : [32, 39, 40, 57] (59)
6 : [0, 3, 8, 10] (59)
7 : [2, 26, 31, 49, 53] (60)
8 : [12, 15, 17, 24, 35, 42, 51] (66)
9 : [6, 21, 23, 46, 48] (56)
10 : [13, 30, 33, 38] (63)
11 : [1, 7, 56] (59)
12 : [20, 43, 47, 55] (66)
13 : [4, 5, 9, 11] (62)
14 : [16, 34, 44, 45, 52, 59] (53)
15 : [27, 28] (57)
16 : [41, 50, 54] (56)
17 : [58] (1)
18 : [] (0)
