Name: 60-50-75
Time: 0.24487090110778809 
Result: 10
Solution:  3 7 3 2 6 4 4 3 7 5 0 8 3 3 4 0 7 1 5 3 6 8 1 5 1 3 4 1 5 4 8 0 6 3 1 8 7 3 6 1 4 2 4 5 8 1 1 2 1 1 2 8 2 8 6 1 8 7 6 7
0 : [10, 15, 31] (62)
1 : [17, 22, 24, 27, 34, 39, 45, 46, 48, 49, 55] (61)
2 : [3, 41, 47, 50, 52] (55)
3 : [0, 2, 7, 12, 13, 19, 25, 33, 37] (58)
4 : [5, 6, 14, 26, 29, 40, 42] (56)
5 : [9, 18, 23, 28, 43] (65)
6 : [4, 20, 32, 38, 54, 58] (60)
7 : [1, 8, 16, 36, 57, 59] (60)
8 : [11, 21, 30, 35, 44, 51, 53, 56] (59)
