200 30 45
8 15 19
7 6 8
1 0 0
3 2 6
5 0 3
3 11 17
2 5 7
6 18 20
6 13 18
4 1 7
1 7 11
1 11 19
8 0 5
5 1 4
2 17 20
1 13 16
2 10 18
5 5 13
3 0 3
2 13 19
1 8 14
8 13 15
3 12 17
4 2 6
1 4 8
9 19 20
2 7 15
1 14 18
8 10 13
10 0 3
4 1 4
6 4 12
3 10 14
10 10 13
2 13 13
1 16 20
1 11 18
5 18 19
2 7 11
6 16 20
2 14 18
4 18 20
3 0 4
2 8 10
1 17 18
10 13 19
2 7 14
1 0 1
5 7 11
7 15 19
11 11 15
2 0 3
2 17 18
3 0 4
2 12 15
5 12 12
8 0 1
2 6 9
1 15 20
2 0 1
14 3 11
1 13 15
1 4 9
2 3 8
6 8 10
3 10 11
2 18 20
1 8 11
1 5 8
8 11 15
4 2 7
4 5 6
6 18 20
3 17 20
2 12 20
1 7 12
8 15 17
3 9 12
3 16 19
7 5 5
1 0 2
1 6 11
11 0 5
6 14 20
1 0 3
1 11 17
2 0 1
1 2 4
2 7 11
5 4 6
2 6 13
4 6 9
4 6 9
1 13 16
4 4 8
1 4 9
7 11 16
1 15 20
7 17 20
3 19 20
7 14 20
6 4 7
1 11 17
2 2 4
13 10 16
1 15 19
7 17 20
1 8 13
4 9 12
4 1 6
1 8 13
1 11 17
12 16 20
2 7 9
1 16 20
5 2 5
4 3 5
1 3 10
2 16 20
4 0 0
4 0 2
2 14 20
1 10 16
3 2 3
2 5 6
6 0 4
1 0 5
3 8 13
1 0 6
3 0 1
1 0 5
3 11 16
1 0 0
14 11 16
1 19 20
10 8 11
3 1 3
1 14 18
2 1 6
6 15 20
3 12 20
3 8 13
11 10 14
2 7 12
4 6 9
3 16 16
2 4 7
9 16 20
5 10 14
1 16 20
6 1 3
10 5 9
2 14 20
3 6 13
7 3 8
5 8 10
7 14 18
3 7 8
7 6 9
2 12 15
4 11 13
3 6 12
4 13 15
2 19 20
7 16 19
3 0 1
3 4 6
5 10 13
7 5 10
8 9 12
3 1 8
5 13 17
8 1 5
1 11 14
7 9 12
2 6 9
2 3 7
5 14 20
5 11 16
1 3 11
2 10 13
5 14 17
5 13 13
1 14 20
4 0 4
16 16 20
8 0 5
9 7 12
6 8 11
1 11 18
3 17 19
2 6 7
1 5 10
2 3 6
1 14 18
6 17 20
6 13 18
1 14 18
4 17 19
3 0 4
