200 50 80
6 6 10
10 10 14
2 4 10
1 3 9
11 5 7
7 7 9
13 10 14
7 5 9
8 1 4
14 15 19
2 7 10
6 16 17
10 0 2
2 18 20
1 6 14
7 7 12
7 10 15
6 6 9
3 0 3
1 9 12
12 12 13
18 12 14
9 10 14
5 15 18
2 12 12
12 2 7
2 10 14
7 0 4
2 13 13
10 0 3
20 18 20
19 11 18
2 0 3
15 16 19
5 3 7
2 14 18
14 12 19
14 3 5
1 18 20
6 12 15
40 17 20
7 9 11
2 20 20
2 3 5
5 12 16
2 11 17
4 5 7
3 19 19
3 16 17
11 0 3
3 13 17
9 0 3
4 16 19
14 1 6
34 14 16
2 0 5
7 1 2
3 10 13
8 8 12
2 11 13
15 11 15
3 6 10
4 0 4
10 14 19
10 9 13
17 5 8
1 4 11
7 5 9
1 17 19
11 13 17
4 11 15
4 19 20
18 7 11
6 16 20
2 13 17
6 9 11
11 16 20
5 14 20
6 9 13
14 14 17
1 9 14
4 4 7
5 15 19
5 16 18
2 0 0
25 15 20
6 14 17
3 10 17
6 9 16
5 17 19
1 15 18
1 9 13
4 16 19
1 1 5
7 5 11
13 4 5
2 6 10
1 4 8
11 12 18
2 5 8
9 15 19
7 19 20
3 2 4
7 1 5
11 0 4
7 13 18
3 12 17
9 5 9
1 9 16
12 4 10
15 0 5
5 9 12
1 0 0
11 16 19
19 17 19
3 3 8
14 10 17
1 20 20
2 12 18
2 0 5
12 12 16
1 8 8
5 7 13
16 14 19
2 13 15
1 13 20
1 16 20
1 11 17
7 15 18
2 0 4
2 0 4
10 3 7
4 13 17
16 0 2
17 0 3
30 1 9
3 2 3
1 20 20
2 14 18
1 16 19
7 0 1
3 5 5
12 10 15
5 7 13
11 0 2
2 9 11
13 20 20
12 4 7
1 3 6
8 15 17
2 17 20
9 16 20
4 2 9
3 2 10
7 12 18
3 1 4
5 5 11
5 16 17
8 5 10
2 6 10
1 5 6
4 12 16
3 14 20
1 3 9
26 8 11
1 7 11
6 4 4
7 16 20
40 7 10
5 17 20
28 8 11
10 16 17
2 1 7
7 0 0
11 3 5
3 9 11
2 0 2
4 6 10
4 16 20
1 1 2
7 8 11
4 3 8
3 5 6
7 17 20
2 0 5
1 8 14
8 5 9
2 1 3
13 15 18
3 9 12
5 0 2
4 2 3
2 0 2
1 12 16
1 0 7
7 0 4
3 12 16
3 11 13
4 6 10
4 4 7
