200 40 60
8 7 10
19 0 3
6 0 2
6 2 6
7 0 5
2 7 11
7 16 20
13 6 7
3 11 14
5 10 15
6 9 12
3 13 18
21 14 15
2 14 16
4 2 3
3 16 16
9 17 18
11 0 5
6 16 20
5 8 16
11 20 20
14 16 20
1 0 3
2 11 17
1 8 12
3 15 19
10 5 6
6 3 10
18 13 16
5 13 15
5 0 4
6 19 20
3 15 18
1 2 7
6 2 8
3 11 14
2 12 15
8 2 4
1 6 11
7 9 14
7 0 0
6 3 9
4 0 2
2 20 20
5 15 15
6 10 16
1 20 20
7 1 3
3 17 18
6 6 9
1 1 4
6 15 20
1 2 8
2 7 12
2 2 5
1 15 20
4 11 14
8 14 19
2 0 4
2 12 16
7 16 19
1 1 5
1 2 3
4 6 7
6 1 6
2 15 20
18 3 4
8 12 13
12 19 19
1 9 12
1 0 4
5 16 19
11 10 10
3 12 14
6 15 18
2 0 3
2 10 11
11 10 13
5 0 0
2 8 15
9 8 8
5 3 10
2 12 16
4 9 15
1 10 12
1 2 2
3 16 20
4 9 14
1 15 20
2 15 18
2 5 9
13 7 14
1 14 17
3 1 5
1 10 11
5 13 13
2 7 13
17 13 16
12 17 20
6 11 15
1 11 18
1 6 11
9 7 7
1 13 20
7 13 17
6 14 17
2 0 5
1 7 10
1 19 20
1 3 4
5 5 10
4 2 8
7 11 16
1 20 20
1 2 7
1 4 8
2 2 5
2 3 4
6 16 20
4 4 7
3 3 8
14 17 20
3 9 12
4 12 16
7 5 9
1 17 19
3 0 0
13 7 10
2 12 14
3 15 20
9 1 4
8 3 5
3 9 16
10 10 12
9 11 16
2 17 20
14 10 13
3 10 13
8 6 10
4 16 20
5 17 19
9 5 12
1 6 13
6 19 20
6 10 14
4 7 10
1 9 15
2 3 10
6 8 11
2 1 3
1 7 11
2 0 2
2 8 11
2 0 4
1 14 17
1 14 19
9 0 4
1 5 10
7 6 11
2 0 5
2 9 11
1 8 13
3 5 7
1 15 17
3 10 13
12 17 19
11 10 12
3 2 5
5 7 13
5 4 6
11 1 2
1 10 12
9 0 2
3 12 16
8 8 11
1 0 5
2 4 7
2 18 20
10 10 16
12 17 20
2 13 17
13 14 17
10 8 15
12 8 11
5 0 7
8 7 15
2 16 19
16 10 15
2 5 8
1 2 7
1 7 13
1 13 17
6 4 7
4 13 16
13 15 20
2 0 0
3 4 5
5 14 19
1 0 7
9 17 20
