200 20 30
1 0 3
11 13 15
3 17 20
1 14 19
1 10 17
1 4 6
2 13 18
10 14 20
1 5 7
8 5 10
6 0 3
2 2 6
2 1 6
5 9 14
3 2 7
1 17 19
2 0 4
1 11 15
5 0 4
2 1 2
3 12 16
3 15 18
2 0 5
3 15 20
3 5 10
2 13 15
2 1 8
5 18 20
3 0 3
6 0 2
4 1 5
1 14 18
5 4 9
6 0 4
1 5 12
1 9 13
6 1 7
4 19 19
1 5 7
2 8 13
2 11 14
1 6 12
1 1 6
1 5 10
1 1 4
6 15 19
1 9 12
2 10 14
1 3 10
1 0 4
7 8 14
1 14 20
2 17 19
1 0 4
3 15 19
1 7 10
6 3 8
3 4 6
1 14 16
2 7 11
1 0 4
2 6 12
7 15 20
1 12 16
4 14 18
1 11 15
2 8 12
2 6 8
2 11 12
5 6 13
1 3 6
1 5 8
1 15 20
11 9 17
2 2 4
3 5 9
5 9 14
4 4 9
1 4 5
1 3 8
1 0 3
4 12 12
2 14 15
4 14 17
1 5 7
1 11 12
2 16 20
2 17 20
5 11 19
7 15 18
7 16 18
1 12 12
1 16 20
3 0 5
3 17 20
1 0 2
5 13 17
4 8 14
1 0 4
1 6 10
1 0 3
1 8 12
2 6 10
3 4 12
2 1 9
1 7 11
1 4 9
6 0 4
2 7 10
1 8 12
1 5 7
1 12 13
8 19 20
1 4 10
5 0 3
2 0 0
2 9 14
1 12 15
3 11 16
2 9 13
7 5 8
1 12 15
1 0 2
1 11 19
4 2 3
1 1 2
1 6 10
1 19 20
1 3 5
1 10 14
3 7 11
2 7 14
1 2 8
2 0 6
1 5 9
3 17 20
5 15 20
1 1 6
4 6 8
8 20 20
1 18 20
2 11 16
2 9 13
3 9 11
1 0 4
1 13 15
1 9 11
1 18 20
2 16 20
2 4 10
3 10 11
4 0 1
3 13 15
1 6 11
4 2 8
2 16 20
1 0 1
3 18 20
1 8 11
3 0 6
3 5 7
1 16 20
4 12 15
1 14 15
1 16 19
6 17 17
3 15 18
1 0 4
1 16 20
1 12 15
2 16 16
1 1 1
2 8 11
1 1 9
3 9 14
2 18 20
1 8 11
1 14 17
2 16 20
3 15 17
1 18 20
5 3 7
4 3 7
1 7 10
2 10 12
2 15 20
1 19 20
3 8 13
2 15 20
5 14 17
1 0 4
3 14 19
3 11 15
5 7 14
2 9 17
2 11 15
4 0 4
2 14 20
2 14 19
1 4 8
