400 30 45
2 2 6
2 36 40
8 16 18
2 38 40
3 1 7
2 0 4
6 34 39
5 22 28
6 13 16
1 38 40
7 18 23
4 0 4
1 21 28
8 21 23
2 0 4
7 40 40
5 26 31
6 7 10
9 3 7
5 17 23
1 2 8
5 30 35
8 18 22
2 14 18
3 33 34
1 0 7
1 27 31
8 20 20
9 4 6
6 9 16
2 36 40
3 15 19
18 31 35
1 21 22
1 0 3
1 28 36
2 25 30
1 25 27
1 11 17
4 13 17
5 0 4
2 0 5
7 30 33
2 8 13
1 33 37
1 30 31
6 22 26
2 7 14
3 1 2
3 18 22
1 23 25
3 35 35
1 37 40
1 30 33
4 31 34
2 17 20
2 23 25
5 34 40
2 0 2
6 3 7
14 24 29
1 31 35
5 35 39
1 16 19
6 24 26
6 2 6
8 4 9
3 8 11
3 27 31
2 11 11
4 24 30
3 19 21
3 23 25
1 19 21
1 12 16
4 37 40
8 5 8
2 22 29
7 15 23
2 7 9
1 1 4
1 15 17
2 10 15
3 7 9
1 26 28
5 16 19
5 39 40
7 39 39
6 28 31
8 4 4
3 32 39
1 20 21
10 37 40
4 10 16
11 24 30
2 10 12
8 23 26
2 21 26
4 15 19
15 26 32
2 33 38
3 33 40
2 26 31
1 4 10
1 17 20
1 32 34
4 35 37
5 16 21
1 17 18
3 0 6
3 26 28
1 0 6
1 4 7
5 0 3
3 1 4
4 1 5
8 13 13
5 30 38
2 10 11
4 38 40
2 16 22
1 4 7
2 37 40
2 23 25
13 0 4
1 34 37
3 1 7
3 0 0
4 21 22
6 18 20
3 31 36
7 25 25
2 7 11
3 1 7
1 33 36
1 3 5
2 0 0
6 1 3
4 20 21
1 8 13
7 13 16
4 12 13
2 35 36
5 13 18
7 15 16
4 15 17
1 18 25
4 1 8
1 20 22
1 10 12
3 35 40
2 27 31
3 2 8
2 27 29
12 23 25
1 13 13
8 36 39
2 16 16
1 13 19
3 27 30
5 19 21
5 21 25
2 0 2
3 30 35
4 15 15
5 5 6
3 12 15
3 16 16
20 35 40
6 36 40
2 26 29
1 11 18
3 9 12
3 14 18
2 15 16
3 26 27
2 29 35
12 8 12
2 20 26
1 29 31
1 12 19
2 4 8
4 1 7
1 20 22
2 14 20
2 24 26
2 24 30
4 14 15
3 4 9
9 36 39
4 26 31
7 4 11
1 23 29
3 6 13
3 3 8
1 2 6
2 1 7
3 30 36
5 14 19
1 6 13
8 20 26
3 22 25
10 16 19
2 17 20
9 33 39
2 35 38
2 13 18
4 33 34
10 29 34
2 23 27
2 19 25
3 11 15
10 37 39
5 9 11
4 15 16
15 7 12
6 27 31
1 11 16
3 18 24
1 36 40
3 28 30
4 27 33
4 19 21
5 30 33
3 37 40
1 2 6
4 16 19
6 0 4
2 4 11
7 34 40
3 17 22
1 34 35
9 13 18
8 29 33
2 36 40
7 27 29
6 39 40
2 25 28
4 2 5
3 11 16
1 24 31
3 6 11
1 21 25
10 25 28
1 20 25
2 26 29
3 1 2
9 8 13
5 28 33
3 34 37
2 33 39
2 11 13
1 29 33
8 32 36
1 8 10
5 37 40
1 21 24
2 8 13
2 34 40
4 32 35
7 0 0
5 9 10
2 5 10
6 2 3
5 31 35
8 16 19
1 38 40
2 18 20
4 9 16
6 29 30
1 6 7
1 33 38
1 31 35
4 7 11
3 5 9
2 15 20
5 15 19
4 38 40
5 11 15
2 5 8
4 34 38
14 21 24
1 32 40
1 18 19
2 25 28
2 24 24
1 23 25
3 16 17
3 17 21
1 23 30
2 19 21
1 9 17
1 14 18
3 26 30
4 5 11
7 18 19
3 30 31
4 25 26
3 20 21
3 4 5
2 36 40
8 8 10
15 36 40
3 22 24
2 6 10
4 17 23
2 14 16
1 1 2
1 24 28
1 21 25
2 32 39
8 1 3
4 2 7
2 0 5
1 25 33
3 26 33
4 25 28
1 21 23
2 8 12
6 21 25
2 25 28
1 5 9
4 21 25
10 30 34
1 10 12
3 34 39
3 11 16
2 5 8
6 2 6
2 27 32
1 34 38
3 9 13
5 3 9
3 13 20
1 3 4
5 12 15
1 15 21
1 12 15
1 6 9
4 30 32
2 2 7
2 2 4
1 37 40
1 4 11
4 7 12
1 18 23
7 38 39
1 34 40
5 27 34
1 37 37
8 1 9
10 36 40
4 23 29
2 34 40
5 7 15
11 29 32
2 27 32
3 18 21
3 19 25
1 29 32
8 28 31
1 12 18
5 6 8
5 24 27
11 24 30
4 31 33
4 0 2
6 16 20
2 19 25
1 16 18
3 19 22
3 11 14
2 11 12
6 18 23
5 19 27
1 30 34
3 33 40
6 30 33
3 10 15
9 33 37
2 30 34
2 12 12
3 11 17
3 28 32
10 35 39
5 18 26
3 31 34
2 4 10
2 6 10
1 25 26
9 39 40
2 31 39
5 33 39
1 0 2
2 13 18
1 37 38
4 12 13
2 32 34
1 8 13
3 3 9
