400 50 80
10 15 19
10 8 11
12 39 39
9 13 15
1 12 16
3 10 12
2 5 13
16 33 33
1 20 27
8 14 16
2 9 14
3 34 40
5 27 35
9 28 29
8 0 3
13 30 30
11 19 23
8 9 12
3 32 37
4 11 13
14 25 25
4 8 16
6 10 17
2 17 22
17 28 35
5 19 22
1 10 17
12 16 19
4 15 17
5 6 10
28 23 26
3 20 22
4 32 34
8 16 19
8 24 25
5 17 23
6 0 6
20 8 14
13 1 6
23 14 21
4 30 34
3 12 14
11 30 37
6 9 11
2 33 38
7 4 4
6 0 8
10 32 34
6 39 40
2 0 4
14 29 35
6 29 34
19 17 24
11 4 9
2 31 33
15 34 39
10 3 6
1 24 30
12 13 18
4 21 23
13 15 17
7 17 19
18 26 32
3 8 10
5 29 31
2 20 26
3 11 17
5 6 13
8 36 40
2 34 35
1 0 1
3 19 22
15 13 19
1 31 35
3 34 39
1 18 21
4 32 36
6 16 21
2 36 36
11 9 14
7 2 8
10 35 40
8 32 36
2 12 18
17 19 21
16 29 31
17 17 19
3 14 20
8 28 30
4 25 29
10 32 40
15 36 40
6 11 11
2 27 29
4 26 31
4 26 26
12 7 13
1 2 5
4 2 6
14 34 38
8 12 15
11 14 17
9 33 37
11 21 26
16 18 19
5 40 40
2 27 29
11 40 40
12 0 4
1 10 13
7 30 34
6 2 5
3 6 8
2 1 4
17 29 33
11 33 36
4 9 13
11 21 23
3 20 24
2 12 15
6 21 26
4 32 36
3 30 31
2 0 2
3 0 5
14 26 29
1 19 24
8 37 38
9 25 25
16 34 40
20 0 3
3 32 37
7 16 19
2 27 27
7 23 26
4 12 14
1 13 13
7 25 33
10 19 26
4 34 36
12 11 11
6 22 26
10 37 39
3 8 8
8 3 8
6 40 40
6 12 16
1 24 30
3 15 19
3 0 2
4 17 17
11 17 21
6 20 20
6 11 17
4 37 39
15 34 38
1 11 15
19 6 8
7 29 31
1 6 11
4 5 13
1 35 40
22 4 11
2 27 30
5 32 36
3 17 23
1 18 23
26 18 24
5 9 15
4 0 3
13 33 38
5 12 17
18 4 11
9 30 38
1 17 20
4 31 35
6 37 40
6 37 40
7 28 32
1 4 10
3 26 28
7 9 12
10 28 30
1 1 3
9 29 33
3 6 11
9 19 23
1 30 35
1 8 10
15 21 24
17 5 9
24 31 38
14 3 3
5 29 34
1 26 27
5 10 11
3 21 24
1 5 6
1 33 36
1 27 30
5 21 27
4 17 18
3 33 34
8 12 13
12 33 36
1 27 28
1 12 15
11 34 37
12 39 40
10 28 32
1 3 7
2 5 10
3 22 29
10 5 6
4 20 22
8 12 13
8 32 40
8 0 3
15 28 29
2 9 15
3 5 13
3 5 9
10 29 31
14 6 13
12 38 40
7 33 39
3 23 25
1 29 31
2 21 25
13 32 35
2 11 16
6 16 18
5 1 5
7 1 8
7 34 36
3 33 33
3 11 18
10 28 36
4 18 22
15 24 30
3 1 4
11 8 15
1 0 5
6 34 38
7 18 18
20 23 27
6 21 29
2 23 26
3 16 23
2 8 9
9 34 38
4 20 20
5 20 25
7 12 14
2 10 14
7 34 40
4 7 12
2 25 31
5 32 40
4 34 38
12 0 5
2 0 0
3 1 4
4 6 7
13 30 35
7 27 30
7 4 8
1 22 30
10 16 18
2 22 28
1 19 23
1 3 11
7 12 18
5 13 13
3 5 9
4 22 24
1 17 21
1 31 35
6 21 25
2 6 6
13 31 39
3 1 6
3 1 7
1 19 25
9 5 5
1 14 18
2 11 15
1 6 10
1 8 14
2 9 13
2 1 6
4 14 18
2 11 15
2 7 11
31 13 14
6 18 20
10 36 40
5 0 4
3 13 18
11 3 5
12 1 5
1 0 5
3 36 39
7 34 38
4 36 40
14 25 30
8 5 8
2 14 14
15 6 9
10 25 29
1 29 33
15 22 26
10 18 21
3 19 20
3 27 32
9 23 30
2 22 25
4 27 32
8 19 22
9 29 32
6 5 8
4 0 3
2 6 8
17 2 4
8 1 7
1 6 10
5 30 34
2 21 26
10 12 19
15 14 17
17 37 40
1 37 38
4 38 39
13 16 21
6 5 7
15 21 27
5 1 6
3 25 32
2 29 31
7 30 35
9 25 25
1 14 18
2 0 2
4 16 20
4 13 20
5 6 10
6 36 37
3 14 19
3 23 25
4 33 39
13 26 28
7 0 4
15 28 34
2 17 22
8 13 16
5 3 6
19 13 13
4 0 6
16 23 26
4 27 31
4 29 31
5 9 12
1 32 33
8 27 31
10 12 16
3 24 26
15 12 12
12 9 11
11 24 29
1 13 19
1 29 34
3 20 22
11 30 34
2 4 8
6 36 40
13 1 2
18 26 28
5 0 1
13 40 40
3 4 10
14 18 24
7 36 40
7 20 26
18 27 27
6 0 4
13 35 40
6 25 29
1 24 24
7 17 20
21 37 40
7 34 39
6 26 31
3 39 40
2 12 18
4 36 40
1 0 8
12 28 36
17 3 8
1 3 3
25 19 24
