400 40 60
5 10 15
1 33 38
4 14 15
11 13 16
5 20 21
6 35 39
1 5 10
27 33 37
3 29 34
3 16 20
6 15 19
7 16 20
4 19 24
7 16 17
1 6 11
2 31 36
1 1 6
15 10 16
2 1 4
5 20 25
16 37 38
1 14 15
4 33 38
2 10 15
1 26 29
4 8 9
5 38 40
12 3 10
1 6 10
9 20 20
1 0 6
3 12 13
1 24 25
1 5 7
2 11 16
3 6 10
3 18 21
6 36 37
6 26 28
5 21 25
7 13 16
12 40 40
6 7 11
11 7 8
1 14 15
5 1 2
5 31 37
7 20 21
1 10 11
2 6 13
3 30 35
1 0 2
1 0 2
6 26 33
2 12 16
3 26 27
3 35 40
3 1 6
6 24 26
11 8 15
1 9 12
3 16 20
3 39 40
8 37 40
6 0 7
1 0 7
2 5 10
2 26 34
19 34 40
1 29 33
3 23 25
1 5 7
6 8 14
3 18 20
1 14 19
3 13 14
1 36 39
1 21 27
5 18 20
8 16 21
1 0 1
5 24 26
3 23 27
2 31 35
5 22 22
5 17 23
7 23 26
11 4 10
4 6 12
2 28 30
2 3 6
7 15 19
4 0 2
8 28 33
1 14 15
9 21 25
1 17 20
2 0 3
10 10 11
16 14 15
5 34 37
1 23 25
4 33 40
5 22 24
3 35 40
2 4 6
2 13 16
7 11 14
2 17 20
2 5 8
4 0 0
1 6 11
17 21 25
2 12 17
2 25 26
2 0 2
2 28 29
16 15 19
15 32 39
4 33 33
10 15 21
16 18 22
11 27 30
2 38 40
7 6 7
1 20 28
1 21 24
3 14 20
9 19 26
1 33 36
2 6 9
20 21 26
4 26 30
15 22 26
4 34 39
2 24 27
1 29 35
16 27 28
4 28 34
8 31 38
7 0 2
1 10 15
17 24 24
1 36 39
4 22 24
6 14 19
1 26 34
12 2 10
7 10 15
1 23 27
4 10 16
9 20 23
7 14 14
1 30 38
6 8 12
14 27 32
1 3 7
11 10 15
1 26 28
3 20 23
1 14 18
1 25 32
5 24 27
1 31 38
5 36 38
8 1 6
16 6 6
3 11 17
2 31 35
4 32 39
9 14 14
3 19 22
1 22 26
7 1 5
1 20 20
5 33 39
1 0 2
3 21 24
2 0 5
2 12 17
1 31 36
5 2 7
1 16 21
3 7 14
3 4 4
5 9 10
9 37 40
4 29 32
3 23 27
7 22 26
1 16 21
3 32 37
1 28 33
4 12 14
2 5 11
8 30 36
9 23 31
4 8 11
1 5 11
14 13 18
3 33 36
4 27 28
10 0 5
7 15 17
7 5 11
7 26 27
5 12 16
1 24 26
1 14 17
5 12 16
1 27 33
5 31 33
3 20 21
16 35 39
3 34 35
9 31 37
10 13 19
2 7 11
10 35 39
8 0 2
3 2 4
4 30 36
2 12 18
14 32 34
3 25 33
6 6 9
16 38 38
6 14 20
6 1 1
10 11 12
2 26 31
8 28 35
3 36 37
2 26 30
3 14 22
1 18 21
6 16 22
3 0 6
12 34 35
13 13 15
12 32 35
1 35 40
1 9 16
3 1 7
13 8 9
1 25 31
3 18 24
9 19 22
1 36 37
6 39 40
2 18 18
4 34 39
1 0 2
1 18 25
1 10 10
2 14 18
4 29 30
11 32 36
8 25 29
5 31 31
7 26 32
5 0 2
13 35 38
18 28 34
14 24 29
7 16 22
1 8 10
10 20 22
1 3 3
10 2 9
14 24 30
12 11 11
4 24 28
4 9 12
10 28 33
7 33 39
6 0 0
2 40 40
1 39 40
8 23 28
11 7 13
5 29 34
1 37 38
20 0 5
5 18 20
1 6 10
1 22 27
2 34 37
5 32 36
5 23 27
3 20 24
4 29 32
1 35 38
11 24 30
5 8 14
2 11 16
8 9 13
1 36 38
1 30 36
3 4 8
7 27 32
3 3 3
4 18 23
6 28 32
1 18 23
11 34 37
16 31 35
7 33 37
2 21 26
12 7 13
12 0 0
1 3 7
4 33 39
5 21 23
7 3 9
3 37 40
5 5 8
3 36 40
1 5 8
1 28 35
1 2 8
5 27 28
1 2 6
6 0 3
1 20 25
7 34 40
3 36 40
12 3 9
1 36 38
1 23 24
3 3 7
8 28 32
10 0 7
3 15 20
8 18 23
4 18 23
15 0 2
10 27 31
2 39 40
10 32 40
6 0 1
2 9 16
2 2 3
3 17 21
1 27 29
11 34 35
2 21 22
12 33 35
5 22 26
2 0 5
4 0 6
9 34 36
3 0 4
3 28 32
3 2 7
22 35 40
1 23 28
9 26 32
1 7 11
3 8 16
2 5 11
7 16 20
7 15 20
5 18 21
3 13 16
3 36 40
5 27 28
1 0 5
9 26 32
2 12 15
5 29 32
2 8 13
4 36 39
2 23 26
10 25 30
2 1 3
2 0 4
2 16 19
3 25 25
3 10 15
4 21 28
3 9 13
11 1 8
3 33 37
2 25 27
2 11 16
10 21 25
2 12 16
2 31 38
1 30 37
1 12 17
5 28 35
11 30 34
12 37 40
4 20 24
8 5 13
1 23 25
4 13 15
8 0 2
8 16 20
