400 20 30
2 0 3
1 35 37
3 25 27
1 5 6
3 13 20
4 1 6
1 10 12
5 29 35
1 10 12
2 34 35
1 38 40
4 14 18
1 20 26
1 18 18
1 26 27
1 33 33
1 2 6
6 19 26
1 0 3
1 13 18
1 33 36
2 15 17
5 38 40
4 35 40
1 0 2
9 36 40
3 7 9
1 1 5
1 15 18
4 26 34
1 33 36
3 17 21
3 37 39
2 7 11
1 22 27
2 8 13
1 20 27
1 1 5
1 0 3
3 37 40
2 34 40
4 32 38
2 14 18
4 26 27
2 29 31
3 29 33
3 14 17
2 11 15
2 2 8
2 12 15
1 4 8
1 28 30
5 33 35
2 1 7
2 14 16
4 34 36
1 17 20
1 25 31
4 33 38
1 8 10
2 16 18
3 16 19
2 28 33
1 14 18
3 38 40
4 31 35
2 24 25
2 25 29
1 18 20
1 1 2
2 18 25
3 19 23
3 14 19
5 38 40
2 11 17
2 2 4
4 25 29
6 11 12
1 7 11
2 9 15
1 8 11
1 16 22
2 21 24
1 9 9
2 24 25
1 25 26
1 1 4
4 20 26
6 15 18
1 33 37
2 34 36
3 27 34
1 36 37
2 29 36
1 23 26
2 6 11
10 17 22
3 7 9
2 17 22
1 17 20
5 16 20
8 30 36
1 19 21
1 24 29
3 22 27
5 6 12
2 16 18
2 31 37
2 35 36
1 27 32
4 7 9
3 0 1
3 37 40
1 14 14
2 27 29
2 5 11
7 16 22
2 21 28
4 24 25
4 12 15
1 28 31
2 17 19
2 29 33
2 37 40
1 7 9
2 16 19
1 28 33
7 25 32
5 19 23
6 28 32
2 36 36
2 15 16
1 0 4
1 19 22
5 3 9
3 32 34
1 0 5
1 5 7
1 37 40
3 27 32
8 24 28
4 36 40
2 23 29
1 34 40
1 12 19
1 3 7
1 18 23
2 9 12
1 14 17
10 31 33
1 25 29
1 35 38
4 15 16
2 16 21
1 28 31
2 27 29
2 23 27
3 13 18
3 13 14
1 1 5
2 21 26
1 11 13
1 38 40
4 23 24
4 5 8
1 10 12
3 19 20
4 18 24
1 30 35
7 22 25
2 8 11
6 12 15
3 5 9
1 35 38
2 16 21
1 20 24
2 13 18
2 13 19
1 0 0
2 14 18
3 7 12
6 24 26
4 28 33
1 28 36
1 30 35
1 4 12
3 24 28
10 8 8
3 32 38
4 16 22
2 28 29
3 28 31
6 21 25
1 3 4
2 27 30
3 34 35
4 26 28
3 15 18
1 14 17
2 16 18
2 24 30
3 36 39
3 32 37
1 12 17
3 15 18
3 17 23
4 4 7
2 25 29
2 34 40
1 12 17
1 3 6
9 15 19
1 21 23
2 22 26
1 20 20
2 0 5
1 7 11
4 28 28
7 10 10
1 28 31
2 25 29
1 32 38
2 22 22
1 39 40
1 23 28
1 13 19
1 30 37
1 9 12
2 9 16
3 0 2
1 7 10
3 7 11
1 26 27
5 30 32
1 0 3
8 35 40
4 0 3
1 18 21
6 21 26
4 35 36
1 10 10
4 25 32
1 9 13
3 33 38
6 0 5
2 12 14
2 28 33
1 35 39
4 5 6
2 33 38
1 10 15
4 0 4
1 35 39
1 29 33
1 1 1
3 0 4
3 0 4
1 14 18
1 27 29
1 9 15
1 27 28
4 31 35
3 12 16
6 0 5
3 16 17
2 23 26
1 4 9
3 9 15
2 37 38
1 21 25
3 30 33
3 2 7
4 10 14
1 0 4
5 4 8
4 7 11
1 5 11
2 3 4
3 6 10
1 27 32
1 8 8
3 3 9
5 36 40
2 25 31
3 8 13
1 36 40
2 31 37
4 39 40
1 34 34
6 11 14
2 22 24
3 36 38
1 25 27
2 0 2
1 9 13
4 5 13
3 27 31
2 16 22
1 21 23
2 5 11
6 3 5
1 31 35
2 29 32
1 2 6
2 21 28
6 1 6
7 34 38
2 12 13
3 32 35
8 23 29
1 35 36
1 0 5
4 39 40
2 21 25
4 11 14
2 3 8
1 23 25
7 14 18
1 4 6
2 9 14
1 40 40
1 7 15
1 10 13
6 11 18
2 23 27
1 3 9
2 25 26
3 14 16
3 0 5
1 14 19
6 33 37
5 35 38
1 15 18
4 32 34
1 30 30
7 39 39
6 39 40
4 18 22
5 40 40
1 28 32
1 13 15
1 22 27
1 0 1
1 8 14
1 14 17
1 39 40
2 8 12
1 34 40
3 30 33
1 14 17
1 37 40
3 17 24
1 4 5
1 3 6
3 19 24
1 1 5
1 10 11
1 22 29
1 18 24
2 19 26
3 23 30
3 31 36
8 30 34
3 22 23
2 9 12
2 31 37
3 4 8
4 34 36
2 36 39
8 3 5
1 7 10
2 29 35
1 14 16
2 23 30
3 30 36
2 25 29
4 27 30
2 0 4
5 18 24
1 35 39
2 5 10
4 15 18
3 17 24
1 34 38
2 0 1
2 20 23
6 25 29
2 0 6
1 17 24
1 27 28
1 20 20
1 3 8
1 2 7
1 38 40
3 29 37
1 14 18
2 28 29
1 5 10
1 0 5
4 17 21
