600 20 30
3 41 45
2 27 27
2 16 20
1 20 22
3 10 16
2 1 4
1 54 58
1 22 26
2 40 46
1 10 15
3 17 19
2 0 3
2 36 39
2 51 53
2 46 51
3 48 49
1 35 41
3 12 14
2 18 21
3 53 56
3 30 31
3 9 14
1 30 34
1 30 35
2 23 25
2 10 17
2 45 45
2 13 15
3 54 59
1 46 47
1 25 28
1 6 12
2 37 41
3 55 58
1 26 30
2 6 10
1 28 32
2 59 60
1 4 10
4 22 27
1 27 34
2 56 60
3 22 27
1 54 60
7 56 60
3 54 59
5 57 60
1 42 48
1 22 29
2 5 6
2 43 47
1 42 46
1 9 11
7 47 48
1 6 7
4 8 12
2 48 51
1 36 38
6 30 33
3 49 55
1 18 22
6 57 60
1 50 55
5 45 49
6 52 57
1 46 51
6 27 33
2 5 11
6 58 60
3 55 59
6 54 55
1 10 11
2 42 48
3 2 5
4 54 58
1 28 32
4 54 57
2 52 55
3 51 57
1 38 43
4 46 50
1 11 15
2 26 32
1 14 15
3 32 34
1 32 34
1 9 14
1 38 42
1 2 7
4 50 54
3 5 5
2 32 35
2 21 28
1 35 36
2 42 46
3 25 26
1 11 14
2 56 60
2 26 28
1 18 22
1 21 26
2 44 48
7 38 41
2 12 17
1 16 20
3 56 59
1 11 15
1 8 12
1 26 30
5 10 13
6 3 9
2 13 18
3 37 43
4 55 57
5 22 25
3 45 50
3 1 3
1 12 13
5 5 9
2 29 32
1 0 6
1 59 60
1 59 60
2 57 60
6 28 30
2 42 43
4 13 17
3 52 55
1 37 41
1 46 49
3 2 8
1 19 21
2 0 5
2 53 59
3 50 53
2 30 30
1 37 39
1 41 43
2 45 50
3 7 9
6 17 18
2 18 26
2 25 30
4 50 53
1 45 45
1 43 48
1 18 21
1 0 0
3 44 48
7 0 2
3 31 33
5 33 39
2 13 14
1 25 32
1 16 21
1 35 36
10 57 60
4 36 43
2 60 60
3 35 39
2 19 26
1 4 8
1 48 51
2 18 21
1 23 25
1 2 6
1 13 17
3 17 18
4 31 34
1 14 14
1 37 40
2 19 22
5 42 49
4 33 38
6 43 47
2 13 16
2 34 37
3 39 43
1 15 20
1 48 54
3 46 49
8 34 40
2 14 18
1 7 14
1 18 20
3 15 21
1 0 3
2 25 29
3 19 21
1 37 39
2 11 14
9 35 39
3 26 26
4 21 23
1 49 53
1 18 26
5 18 22
2 42 45
3 1 3
1 51 53
2 36 39
1 4 8
6 0 2
7 56 60
4 54 59
1 51 57
1 21 27
1 0 7
3 14 17
1 4 7
5 18 19
1 33 36
4 54 60
6 39 42
2 8 10
6 52 59
1 4 8
1 16 18
1 9 10
1 40 43
2 22 28
2 35 38
9 32 35
1 33 39
3 22 28
1 5 7
2 60 60
1 7 13
10 3 10
2 51 57
9 26 28
1 31 34
2 51 54
2 57 58
2 0 4
2 55 60
2 10 13
2 19 19
3 38 38
3 26 33
2 54 55
6 7 9
2 50 56
4 46 49
3 6 8
1 39 44
1 34 37
1 37 40
5 20 20
2 16 23
2 9 16
4 33 37
2 0 2
3 47 53
5 36 40
2 50 53
1 14 18
2 38 42
2 49 52
5 49 53
2 53 57
1 34 38
4 23 23
2 17 22
1 3 5
1 11 12
3 47 53
3 11 16
2 56 60
1 47 48
1 31 33
3 21 28
2 55 56
1 9 15
2 45 50
3 30 34
5 35 40
2 55 59
3 34 38
3 8 10
3 9 12
2 52 55
1 25 30
1 19 24
3 36 43
1 57 60
1 0 2
5 0 7
3 5 7
2 22 26
2 52 56
1 0 2
3 0 3
2 34 38
1 46 53
1 49 56
7 41 47
4 46 51
3 15 17
3 12 17
2 32 37
1 0 1
2 22 23
2 2 5
1 9 11
1 42 47
3 39 46
1 56 60
5 20 22
3 40 44
2 26 30
3 39 46
4 24 29
2 42 47
2 15 22
1 37 39
3 45 48
4 20 22
1 21 23
2 16 23
1 46 53
2 18 22
1 49 57
7 34 41
5 8 10
1 31 33
4 3 6
4 48 53
4 13 17
1 38 41
2 20 24
5 43 46
1 21 24
1 27 30
3 6 10
2 48 54
1 10 13
1 56 60
1 9 13
1 23 29
2 43 50
4 26 28
1 32 34
3 0 4
2 5 9
1 6 11
2 47 53
1 3 4
2 57 60
4 46 47
2 57 60
1 41 45
3 30 37
1 10 12
1 5 11
1 43 43
4 36 41
2 17 21
2 11 13
2 35 35
1 28 30
1 0 1
8 53 55
2 9 14
2 51 55
1 36 39
2 8 12
3 14 15
4 0 3
1 18 21
6 10 16
1 4 6
1 25 27
2 1 5
6 22 27
4 7 9
1 19 27
3 6 12
5 9 15
1 38 39
3 11 15
5 36 38
9 40 44
1 4 4
1 30 35
2 48 54
4 3 8
3 13 17
2 4 7
3 2 4
2 29 29
1 18 25
2 17 21
5 58 60
1 38 42
3 33 38
7 35 41
1 25 29
4 30 34
3 1 8
2 40 42
1 54 57
7 43 47
1 45 51
3 16 21
1 7 13
1 30 36
1 0 2
1 26 31
1 26 28
7 24 28
1 23 25
2 22 26
2 28 33
1 22 30
1 25 27
1 43 48
1 16 20
5 35 41
2 29 36
2 35 41
2 35 38
3 24 31
2 53 53
4 51 55
13 48 50
1 32 35
1 10 14
3 54 60
8 53 56
3 57 58
1 16 19
1 20 25
2 1 1
2 40 45
3 43 49
2 44 46
1 5 9
1 21 26
4 8 12
8 49 51
1 26 32
1 6 11
4 10 13
4 26 27
2 3 9
5 49 54
5 18 23
3 27 28
2 54 56
4 13 16
1 32 36
2 15 18
5 19 25
5 13 17
1 24 27
2 21 27
3 45 51
5 11 11
3 33 39
1 11 16
2 34 37
1 24 24
2 20 22
2 0 5
2 45 51
4 2 5
1 48 52
7 48 55
3 32 37
3 46 51
1 39 45
3 26 31
2 25 26
2 48 49
7 39 45
3 33 39
4 42 46
1 41 43
1 28 30
2 30 35
8 51 51
1 40 43
1 15 21
1 34 37
4 27 30
1 13 14
1 3 8
1 0 3
1 16 19
1 33 33
1 1 9
4 18 25
2 20 28
2 0 5
1 25 27
4 46 49
4 38 39
3 7 14
3 2 10
5 28 31
3 24 28
2 40 46
3 0 2
2 40 41
1 41 48
1 22 24
1 55 58
1 5 10
2 45 48
6 32 33
2 28 28
3 24 29
6 21 25
8 50 53
1 30 30
3 13 15
1 3 6
4 16 20
1 54 60
4 56 59
1 57 58
1 56 60
1 2 7
3 32 38
1 51 52
2 58 60
4 19 23
4 56 60
1 9 15
3 13 19
2 0 0
3 14 17
2 41 48
9 41 44
8 58 60
1 15 21
4 30 36
1 50 51
4 50 53
4 55 60
1 16 19
2 30 33
1 32 36
1 7 7
1 0 3
1 46 54
5 48 50
2 34 38
2 18 21
3 45 45
3 12 14
3 43 48
3 28 29
5 56 57
2 54 57
1 35 37
1 47 53
2 11 11
2 58 60
1 36 42
1 46 51
1 53 59
1 22 26
1 40 42
1 23 27
6 43 45
3 3 8
1 11 17
1 15 19
6 56 59
1 50 56
2 38 39
1 53 56
1 54 56
8 26 31
1 36 42
1 31 37
2 16 17
3 38 43
1 14 17
2 37 41
1 16 20
2 35 40
1 38 40
1 17 25
4 28 35
8 41 43
4 40 45
1 5 10
2 2 7
4 25 28
1 29 31
1 15 18
3 0 0
3 29 35
1 29 35
1 40 48
1 42 47
1 3 5
