600 30 45
7 9 10
1 25 27
7 60 60
3 43 45
10 51 53
1 21 27
1 37 39
4 47 51
5 29 34
3 53 58
6 21 29
1 22 26
1 8 12
1 1 4
2 47 52
1 45 50
3 17 21
6 45 51
5 16 22
1 5 10
1 13 17
5 10 14
3 9 13
3 24 27
10 39 46
2 30 33
5 48 54
3 26 33
14 56 58
1 10 18
5 29 32
6 11 15
1 23 27
1 0 5
2 21 22
3 42 42
8 1 4
4 5 8
2 0 4
4 19 22
1 33 37
2 48 51
1 24 26
2 3 10
1 27 30
4 36 42
5 15 18
6 46 50
1 56 59
3 26 28
1 21 25
7 54 59
1 33 36
2 19 22
1 30 34
2 32 40
2 0 4
4 14 15
3 54 59
2 59 60
10 41 46
3 22 23
1 9 9
2 14 16
4 43 50
3 0 4
1 4 7
1 0 2
3 34 42
3 11 11
7 46 46
1 4 8
3 28 30
7 45 49
7 34 38
2 27 31
1 16 19
2 27 34
2 8 11
5 2 8
3 17 18
1 5 9
3 22 29
6 53 58
1 36 39
6 22 25
8 42 46
18 53 58
3 31 36
1 52 57
1 51 55
1 45 50
4 11 11
2 18 20
7 27 34
1 19 23
5 19 20
2 50 52
2 14 16
2 4 9
4 26 26
1 44 50
1 13 17
3 36 41
2 44 52
2 31 37
4 59 60
12 28 28
2 26 29
1 29 34
2 48 51
1 28 34
6 47 52
1 43 44
4 44 52
1 0 6
6 31 32
1 39 42
1 30 33
4 7 11
6 44 52
3 20 21
8 58 60
7 31 35
1 56 60
3 55 59
2 2 8
11 33 38
2 47 53
2 42 44
1 52 52
3 28 28
3 18 19
10 52 56
1 19 21
5 58 60
2 54 57
2 0 6
6 36 41
6 34 37
1 2 6
1 53 58
3 30 37
3 38 44
1 0 3
2 50 54
2 37 38
1 38 41
6 19 21
2 39 41
2 12 16
8 12 15
1 54 60
9 45 49
14 50 52
2 45 47
3 25 30
1 46 50
3 9 13
3 0 2
7 18 21
7 39 44
1 59 60
3 40 44
3 39 44
4 13 17
1 28 32
1 41 42
5 3 6
5 0 4
5 5 7
1 43 47
1 56 60
4 29 33
13 31 37
2 39 46
6 18 20
1 51 52
3 32 34
11 25 27
3 32 34
1 0 8
5 51 53
4 54 56
7 23 30
1 49 53
4 56 60
8 24 27
2 45 53
3 45 47
10 38 41
8 26 31
6 53 54
3 8 12
7 54 54
5 27 33
9 8 9
6 13 19
1 32 34
3 13 17
1 6 12
8 16 20
3 54 59
1 55 57
2 25 29
5 53 58
4 22 24
2 27 32
2 8 14
9 29 33
6 29 33
6 42 46
2 0 3
2 14 16
2 54 60
6 19 23
1 28 36
1 53 58
4 4 10
2 51 57
2 26 30
3 28 35
7 8 12
1 22 27
8 36 39
1 31 35
4 26 30
6 41 47
7 15 19
2 3 8
2 27 29
11 27 30
5 16 19
1 15 20
1 14 21
2 49 49
5 10 17
6 9 16
4 40 45
5 12 15
10 49 53
2 24 31
4 17 22
8 47 51
2 52 57
3 52 59
8 22 28
10 49 55
5 6 12
2 0 2
5 56 58
2 22 25
2 12 19
1 18 21
9 0 6
1 13 16
2 13 16
4 0 4
3 32 35
3 0 4
1 57 59
2 17 21
4 21 22
1 7 14
5 8 12
1 58 58
4 32 38
4 35 39
2 3 5
2 57 60
3 23 23
6 37 41
1 32 38
6 26 32
2 13 15
3 42 49
4 13 15
2 28 33
4 53 57
6 6 10
4 54 56
1 45 45
3 20 24
1 49 54
7 45 50
7 6 11
9 22 23
6 50 52
3 15 16
5 13 17
6 20 22
13 55 57
1 18 22
2 52 59
4 9 14
4 33 33
2 51 56
1 15 19
1 4 10
3 29 29
2 8 11
1 26 32
3 20 22
4 49 53
9 60 60
1 45 51
1 42 47
3 4 9
1 0 3
8 13 18
4 22 25
12 25 31
3 10 15
1 22 24
2 40 42
1 34 39
2 50 56
4 56 60
5 50 53
2 2 4
1 39 40
1 27 31
7 50 51
2 38 41
4 0 3
4 38 45
2 5 9
1 39 46
6 52 54
3 20 25
1 58 59
5 36 38
1 13 20
11 49 52
3 32 39
8 53 60
3 10 13
6 21 29
2 30 30
3 0 2
3 2 4
3 47 48
3 40 43
2 20 22
9 21 24
2 41 46
1 3 8
3 7 12
4 49 49
3 12 13
6 3 5
1 13 18
3 56 60
6 55 60
1 19 21
9 17 21
2 17 21
3 39 43
3 36 38
1 59 60
5 45 49
2 11 18
2 49 54
2 38 40
2 43 48
1 23 30
6 34 40
3 38 43
2 9 13
3 9 14
2 15 19
5 54 57
9 44 50
8 26 28
4 41 46
5 13 18
3 36 43
4 40 41
1 44 46
4 17 20
12 35 39
8 58 60
3 33 38
6 12 16
8 21 23
7 28 31
1 6 10
5 15 15
9 44 45
5 1 5
2 9 13
2 36 38
5 44 49
2 12 18
2 30 34
3 26 30
2 24 26
2 59 60
1 54 59
2 43 45
2 33 35
3 8 14
8 38 44
5 6 6
2 31 37
2 36 38
1 32 33
2 7 9
11 42 50
4 30 32
2 37 40
7 52 56
3 15 20
1 26 28
2 0 1
1 4 9
3 30 35
5 31 34
9 29 34
3 31 36
2 21 24
2 6 12
2 23 27
3 6 7
3 16 18
2 23 26
4 49 54
6 4 9
3 1 5
9 17 24
2 12 14
3 43 44
3 52 52
10 2 8
3 5 12
11 58 60
3 41 47
7 40 43
9 49 54
10 55 60
3 27 28
2 42 44
8 34 40
2 38 43
3 8 15
3 51 56
2 10 14
1 21 24
3 43 45
7 31 36
6 40 41
3 32 36
1 10 10
1 47 52
8 15 19
2 49 54
2 19 26
12 41 46
7 7 13
1 5 7
5 19 22
3 0 4
1 47 49
11 12 16
8 9 13
2 11 16
5 37 43
4 32 39
4 18 18
1 50 56
3 41 47
2 20 22
5 48 56
3 30 33
1 26 31
3 2 8
4 53 58
8 38 44
12 51 58
5 14 22
2 54 60
6 38 43
2 17 24
5 36 40
2 43 50
10 47 54
1 56 60
4 23 28
10 22 26
5 6 10
6 4 5
2 26 31
4 1 6
2 27 34
7 0 3
3 34 41
2 0 3
2 50 58
1 13 18
1 28 30
1 22 25
3 1 2
4 10 12
3 14 19
3 37 38
5 50 55
9 33 36
2 41 47
1 19 26
2 16 19
1 49 51
1 29 33
1 11 17
1 8 9
4 21 26
7 0 1
2 60 60
3 53 58
1 10 16
2 3 3
3 17 21
3 13 14
2 7 8
3 40 42
2 41 48
3 40 44
3 27 31
7 26 28
2 51 58
8 19 23
2 33 39
5 20 26
1 36 38
3 40 43
6 9 12
1 7 11
1 14 21
1 39 39
4 52 59
3 36 40
3 1 4
10 34 39
5 37 42
8 4 10
2 23 30
18 55 60
5 42 44
13 40 46
1 24 29
2 42 46
2 2 8
1 54 58
2 20 25
3 34 38
1 47 51
1 23 26
4 54 55
8 46 49
1 9 16
6 8 12
8 49 53
6 1 7
1 51 53
2 48 51
1 33 39
1 33 39
6 55 58
1 48 52
4 56 60
8 29 36
3 31 36
1 43 45
2 33 35
4 4 5
8 1 1
5 17 19
3 21 27
4 35 41
1 49 52
3 32 36
2 21 26
2 29 36
1 22 24
3 0 1
4 50 54
5 49 51
2 16 19
5 12 18
1 1 5
2 56 57
2 0 2
11 33 35
2 34 34
8 42 48
3 6 7
4 45 51
10 0 6
3 43 47
4 3 5
2 23 28
