600 40 60
4 10 11
3 0 5
3 9 17
1 10 16
1 10 11
1 32 35
2 23 27
9 51 56
9 10 12
2 27 30
6 56 56
1 0 4
1 29 34
7 21 28
4 2 4
10 30 36
11 12 18
2 54 57
12 23 30
1 16 21
9 38 43
7 53 60
8 36 37
4 52 54
3 3 6
2 42 46
1 53 54
2 24 27
5 30 38
2 10 12
1 15 19
1 34 37
4 30 36
1 27 30
2 26 27
9 45 48
3 50 55
1 0 4
7 59 60
2 59 60
15 43 44
11 31 35
19 50 57
7 0 1
7 49 54
11 55 60
2 1 7
1 25 28
1 29 31
1 11 13
4 10 13
4 44 44
1 13 17
1 32 37
1 48 49
1 23 25
12 6 8
5 8 13
5 14 17
3 36 40
11 39 40
5 11 16
3 34 38
2 11 17
8 7 10
5 23 31
3 19 23
2 28 33
7 47 50
5 57 60
2 16 20
2 29 36
5 10 18
4 56 58
2 4 9
4 38 42
6 46 52
3 35 39
8 44 48
9 36 40
14 25 32
3 36 42
1 14 16
5 35 42
4 52 59
2 36 41
6 0 4
3 36 36
2 58 60
10 20 24
3 49 53
9 25 28
1 16 20
6 21 28
1 41 43
1 52 57
6 26 28
6 18 22
16 17 20
1 10 13
9 54 60
4 22 28
1 17 21
2 14 20
3 36 40
5 29 32
7 3 9
7 36 37
5 21 24
2 16 21
4 55 60
3 29 34
3 7 9
1 25 31
7 40 46
8 22 28
9 48 54
6 57 60
1 0 1
4 27 29
8 38 41
3 6 10
18 14 22
6 14 18
6 17 20
4 7 9
3 24 24
1 0 3
11 40 43
8 3 6
6 43 49
4 14 20
1 33 34
8 10 14
12 56 60
3 12 14
2 31 33
5 7 10
1 34 39
3 42 43
5 34 40
6 0 5
3 8 10
11 45 47
7 51 55
13 41 49
14 53 58
6 44 51
14 40 45
20 48 53
3 44 44
1 47 51
11 51 57
31 41 48
4 21 23
2 34 41
2 20 24
3 55 60
3 7 12
5 29 32
8 18 25
9 38 46
2 41 47
13 50 53
4 32 35
12 13 18
3 13 17
1 35 43
3 55 59
10 1 5
6 56 60
7 56 58
1 48 51
1 15 20
1 14 19
1 33 37
2 42 46
1 55 59
4 45 49
3 52 55
4 32 37
5 23 24
2 17 21
2 15 19
1 30 32
8 4 9
1 43 48
4 28 33
3 43 48
11 25 26
12 28 33
3 25 26
2 0 2
6 56 60
10 37 41
4 7 14
5 7 11
1 35 37
2 9 10
7 31 36
1 13 20
2 39 45
10 18 22
10 45 51
1 11 17
1 20 24
21 55 60
5 45 50
1 38 43
8 25 32
4 7 12
5 49 52
6 42 45
4 1 5
5 25 29
9 10 14
12 55 59
10 4 6
3 25 28
7 38 46
2 21 25
5 33 35
1 0 4
3 43 44
8 49 53
13 54 57
3 1 7
2 52 54
4 36 39
2 19 24
2 22 23
2 2 7
3 14 19
11 37 41
14 52 54
19 32 37
9 44 50
3 13 17
2 31 37
11 20 23
5 39 41
3 1 5
1 52 53
8 8 11
2 58 60
4 49 56
1 32 36
4 14 15
3 18 22
2 53 57
9 27 30
11 0 3
11 49 50
2 44 47
2 3 7
17 27 33
8 12 18
5 42 43
4 29 29
3 18 26
8 35 40
2 52 58
6 12 15
5 56 60
6 21 23
6 19 23
1 54 56
11 55 56
5 3 6
6 15 19
4 8 14
9 0 4
1 30 38
6 53 55
1 46 48
7 54 57
6 17 24
1 36 44
1 57 60
1 34 38
2 43 48
2 55 58
1 37 43
7 18 24
1 25 29
1 49 51
8 10 15
2 25 29
1 32 38
9 58 60
5 43 46
1 6 12
14 33 37
1 22 24
7 42 47
8 45 48
5 51 54
1 21 26
9 53 57
13 46 50
5 33 38
3 33 35
2 54 57
4 50 53
7 30 34
4 48 51
1 27 32
11 52 58
5 39 44
2 52 57
2 10 14
6 31 34
15 47 52
8 43 46
5 54 60
1 31 33
2 48 54
1 8 13
4 14 20
4 0 6
1 30 32
5 32 38
6 29 37
17 7 11
4 5 7
9 16 23
2 12 17
3 2 7
2 0 4
8 23 29
5 52 55
1 9 12
17 46 53
8 59 60
6 22 23
11 12 17
7 12 16
1 56 58
10 6 9
1 36 43
13 29 36
2 18 19
5 29 34
6 4 7
1 15 20
3 23 25
4 7 14
8 26 33
2 18 22
5 29 31
4 18 24
1 17 19
3 27 31
10 14 19
3 54 54
5 53 54
9 32 35
6 0 4
2 50 55
1 8 16
4 27 32
10 24 26
5 24 27
5 18 19
2 30 33
3 49 49
2 30 34
4 17 21
15 48 55
7 3 8
1 2 9
4 51 56
1 54 59
1 20 20
3 13 13
7 32 38
16 57 60
8 6 11
5 43 47
1 28 30
2 48 54
2 25 31
6 3 7
2 43 51
3 25 28
1 44 44
5 17 19
9 11 16
11 22 25
3 35 40
4 6 6
1 18 23
1 37 41
4 52 56
5 46 53
3 30 32
2 53 56
1 38 40
6 41 45
2 43 47
1 8 11
6 40 47
15 0 2
3 18 22
8 45 51
4 13 19
9 16 20
2 56 60
3 55 59
3 38 44
2 34 38
7 22 27
7 36 43
1 7 13
8 3 10
6 39 42
1 3 5
1 0 3
12 24 29
6 54 59
1 22 28
6 55 60
5 42 44
9 33 36
1 0 3
6 39 40
1 29 31
2 12 19
9 17 19
10 16 16
14 26 28
19 10 14
1 5 11
2 12 16
11 41 42
8 41 46
1 47 52
3 22 23
12 9 14
2 20 22
2 2 8
1 9 16
9 0 1
2 28 30
5 39 41
1 3 4
9 35 36
3 20 26
14 38 41
1 8 12
7 38 41
6 32 35
4 23 25
6 49 54
12 27 30
4 51 52
6 0 3
1 5 6
4 34 37
9 44 46
2 1 6
6 49 52
4 44 52
4 0 0
2 31 33
4 46 47
1 59 60
3 18 21
4 45 52
4 14 20
4 53 55
1 16 21
19 17 22
3 1 3
1 43 47
1 3 9
1 40 47
5 40 44
8 40 41
2 59 60
2 57 58
7 22 28
3 19 25
3 27 32
9 53 57
7 47 49
3 0 4
12 50 55
5 52 54
2 10 16
1 46 51
7 30 36
23 37 42
1 6 12
6 4 9
2 25 29
12 20 24
5 13 16
7 25 27
1 9 15
7 45 50
15 46 49
7 57 60
3 11 16
7 26 32
3 56 58
2 21 22
15 5 10
17 54 56
6 37 39
2 40 45
1 41 46
6 20 24
3 29 33
4 14 18
8 38 41
9 58 60
6 17 19
2 4 8
4 0 3
10 22 26
6 22 27
3 3 8
7 13 15
4 37 38
5 20 24
1 45 46
1 10 16
1 23 28
5 35 42
16 46 48
7 47 48
9 3 8
1 35 35
6 55 60
1 35 38
6 5 11
6 53 57
2 56 57
16 32 37
6 33 39
5 2 9
8 41 49
2 48 51
6 1 3
3 27 32
2 45 47
7 42 46
4 16 22
2 44 45
12 33 37
11 14 20
1 41 48
1 43 51
6 15 20
3 56 60
5 15 17
2 56 60
10 7 9
1 23 24
4 47 51
5 23 28
2 12 19
2 4 8
2 6 8
3 28 29
3 50 54
2 21 24
15 34 40
5 35 38
4 38 45
4 3 5
2 4 11
8 1 5
2 51 54
2 50 56
3 13 17
2 0 2
6 39 43
5 54 58
4 10 12
3 26 33
3 39 42
1 43 49
2 0 3
3 1 5
2 21 26
4 46 50
2 39 42
2 4 11
8 28 31
10 2 7
15 1 5
2 14 17
4 24 28
2 17 20
1 34 38
11 27 31
5 10 14
2 37 41
