600 50 80
8 55 59
8 36 42
5 20 24
8 8 12
1 9 11
18 4 10
6 8 15
2 0 5
4 13 17
1 4 10
8 34 37
4 8 13
8 17 19
2 39 44
7 5 9
5 41 45
1 9 13
5 16 22
16 52 56
3 46 48
3 35 39
9 27 32
2 20 27
7 4 7
1 55 58
3 42 48
15 50 52
3 20 24
27 42 45
4 51 55
2 21 27
5 5 7
1 11 16
19 23 24
10 57 58
1 1 5
8 38 44
4 38 39
10 33 37
19 53 58
11 50 53
7 11 18
5 31 35
4 54 60
1 34 38
15 0 3
1 13 17
4 34 39
4 54 56
13 19 25
7 4 11
8 34 41
14 16 19
8 22 24
3 30 33
6 26 31
5 42 44
12 1 1
3 11 16
3 22 23
12 51 58
4 24 29
3 55 60
7 19 22
4 51 57
2 19 25
16 52 56
4 55 60
13 37 42
4 47 50
25 42 50
1 52 56
13 46 51
8 46 46
14 59 60
15 32 35
13 32 33
14 11 18
15 35 40
22 25 27
5 11 17
2 35 43
5 8 13
25 36 39
4 3 4
4 1 8
11 18 19
13 39 43
3 0 7
6 54 60
11 41 43
10 10 16
11 55 56
6 36 41
15 30 33
1 14 19
13 53 57
12 48 52
16 57 60
2 34 39
3 13 19
1 23 27
9 44 46
3 0 3
5 37 41
5 30 32
15 21 22
16 12 17
3 25 30
3 33 38
18 48 55
7 10 13
7 42 45
1 48 51
2 10 13
11 54 55
1 32 36
11 27 33
6 48 52
16 51 52
6 40 40
3 45 45
5 30 32
1 7 15
9 55 59
13 4 5
6 8 14
11 32 37
5 53 55
1 50 53
8 27 29
17 2 5
10 13 18
3 27 31
7 24 25
2 14 20
12 19 23
1 6 11
4 33 38
5 49 54
10 14 14
3 0 6
7 38 44
7 46 47
12 19 24
12 16 19
5 15 21
1 9 10
9 37 42
8 28 31
2 53 58
10 16 20
2 30 35
4 32 38
7 5 9
9 52 54
4 19 24
1 7 11
2 9 10
1 13 16
2 45 48
3 60 60
13 54 59
10 33 35
6 0 2
4 0 2
2 0 2
1 57 58
7 25 32
2 37 42
2 27 30
5 45 48
9 5 10
12 31 31
8 4 7
1 0 7
12 33 35
2 4 4
9 53 60
9 46 48
6 20 20
9 11 14
1 5 9
4 36 37
5 43 50
2 0 4
3 46 51
2 31 35
8 4 8
7 34 39
1 14 19
4 54 59
4 51 58
2 52 54
7 56 60
12 55 59
9 59 60
1 26 26
7 52 56
2 16 20
5 12 16
10 53 55
8 49 51
1 53 55
1 29 31
10 8 12
4 49 55
11 51 55
4 42 46
5 55 57
8 44 52
8 0 4
5 29 32
7 22 30
9 40 44
5 8 12
3 26 31
8 42 46
3 15 19
5 39 41
9 56 60
4 50 55
3 22 27
4 24 31
3 10 11
6 25 29
1 30 33
2 11 12
2 46 48
1 18 23
18 34 36
4 0 2
5 60 60
6 13 19
16 33 38
4 48 50
10 31 38
5 43 48
3 5 11
3 4 11
2 39 43
2 1 5
21 23 27
3 19 22
10 24 31
9 39 41
2 14 17
9 39 43
7 2 6
3 35 39
2 1 8
1 44 45
2 20 21
4 31 37
5 4 12
11 19 23
7 29 31
1 57 60
2 12 13
12 19 27
17 34 37
1 49 51
1 54 59
5 47 49
8 44 45
14 9 15
8 37 44
8 42 43
3 20 22
1 2 6
1 1 2
2 9 14
12 9 11
2 37 41
1 44 47
4 43 46
20 7 14
5 4 10
6 7 11
5 0 2
2 47 54
3 35 39
7 26 29
2 54 58
12 38 44
7 46 51
8 41 48
1 28 28
1 9 14
1 37 39
9 47 51
1 27 32
17 57 60
6 44 47
13 5 9
8 0 7
9 30 34
1 43 46
1 17 21
1 11 13
2 52 56
20 22 25
3 47 51
7 48 53
5 6 11
11 0 3
1 23 28
8 56 58
32 53 59
4 23 24
3 43 46
10 4 8
1 33 40
3 3 10
1 2 6
12 59 60
8 38 42
5 8 11
7 19 22
7 46 47
2 1 6
3 41 45
9 22 25
8 38 44
6 50 50
14 43 48
8 36 40
3 0 1
4 25 31
28 28 34
1 33 37
6 32 35
17 45 51
21 41 48
15 2 7
2 28 33
20 47 52
1 16 23
2 34 34
2 37 44
3 21 26
1 51 54
9 20 24
2 2 6
1 37 42
1 42 42
5 31 35
3 43 43
6 23 26
4 53 58
9 51 56
1 57 60
6 46 51
6 48 51
6 58 60
2 3 4
2 15 17
6 1 2
14 16 17
3 12 16
7 10 11
2 18 19
4 56 60
4 12 16
1 14 18
12 49 50
5 5 13
12 44 48
12 35 39
2 55 60
2 30 34
1 11 14
10 27 32
1 5 10
6 35 38
12 39 42
3 35 37
6 22 26
19 7 10
5 25 27
11 0 3
10 47 47
4 10 12
10 55 58
2 16 18
4 45 48
10 47 51
11 5 11
3 23 25
8 12 18
4 17 21
14 37 38
7 18 21
2 18 22
1 17 21
17 39 41
1 40 45
2 3 8
2 14 17
1 3 9
4 55 59
26 9 17
6 58 59
3 0 2
1 16 21
2 38 43
4 28 32
4 25 31
2 11 17
3 1 2
21 44 48
1 5 7
9 0 1
12 17 19
5 57 60
1 52 55
6 50 54
1 35 41
1 18 26
1 50 53
11 57 60
5 13 13
2 4 7
14 57 60
10 12 18
8 44 44
6 53 54
5 29 36
11 35 39
1 46 52
15 20 24
3 12 16
2 50 53
7 51 59
13 25 33
2 19 25
6 45 47
15 28 31
12 24 31
6 16 19
11 29 37
4 10 14
3 33 38
8 41 46
3 5 9
10 13 17
3 16 22
7 0 2
1 52 59
4 0 1
2 59 60
9 16 21
5 28 31
8 49 52
13 15 15
2 25 30
4 11 13
6 21 24
5 36 37
6 10 16
12 54 56
6 30 35
1 40 42
4 9 13
6 27 30
8 20 24
6 7 10
2 28 29
1 49 55
1 20 25
35 49 57
1 17 22
1 45 51
3 56 60
10 5 10
3 40 47
6 7 11
5 51 57
4 15 17
9 58 60
1 7 11
8 2 7
7 46 51
8 13 18
4 11 19
5 21 25
13 17 20
7 29 30
3 26 28
22 39 41
12 54 58
4 4 7
13 43 46
1 22 27
10 59 60
9 19 25
6 17 21
5 0 3
11 16 18
6 11 16
6 3 9
1 23 26
8 2 3
8 38 40
12 58 60
11 33 39
5 23 28
8 23 28
4 39 45
3 45 46
3 2 4
16 27 29
1 29 34
5 52 54
1 38 41
1 17 24
3 50 52
1 38 40
3 35 39
1 1 8
2 8 10
9 23 27
2 10 13
3 16 16
4 25 30
4 14 20
15 37 42
5 26 29
12 24 28
15 52 59
13 11 14
5 34 36
6 39 43
5 23 29
9 25 26
19 32 35
6 45 47
10 5 8
2 43 44
11 3 10
8 24 29
7 21 22
9 23 25
5 38 43
2 23 26
8 32 35
7 50 56
6 46 49
1 24 26
2 2 2
2 13 13
4 57 60
5 23 27
5 37 45
19 38 39
8 5 10
3 60 60
11 24 29
4 4 8
5 45 49
1 17 23
7 20 27
4 43 46
6 50 52
4 40 42
12 46 54
4 31 35
27 57 59
12 30 36
7 15 16
12 49 49
8 0 3
6 16 18
9 7 10
3 26 28
2 36 37
8 29 35
6 25 33
10 39 45
1 28 30
1 30 31
3 27 29
2 23 28
1 33 37
15 50 50
1 35 39
6 33 40
1 47 49
7 36 38
12 47 50
1 32 37
9 52 58
8 29 33
5 28 31
6 29 29
16 45 53
8 50 53
6 43 50
2 18 20
7 4 10
