800 50 80
1 1 7
7 34 35
5 73 76
4 66 72
14 15 22
1 4 6
2 66 70
13 46 51
9 74 79
9 38 46
6 36 38
14 31 34
1 39 42
3 63 68
4 51 54
7 48 52
19 6 10
31 58 61
9 0 0
4 43 47
8 21 21
5 43 50
18 54 57
14 15 18
9 61 63
9 43 45
8 25 29
18 4 8
3 9 13
7 71 75
5 16 21
2 43 49
1 70 75
3 3 7
7 66 71
6 22 25
7 64 65
2 20 28
3 35 36
3 12 14
6 7 13
4 77 80
1 33 37
9 48 56
3 41 45
5 0 5
4 72 78
6 35 38
1 11 17
2 61 66
1 26 33
6 1 8
16 67 71
6 23 24
7 15 18
1 0 1
4 22 23
3 47 52
16 5 9
5 20 21
9 0 7
3 56 59
12 67 71
15 51 57
3 22 29
9 27 29
22 78 80
2 19 25
3 49 55
1 20 25
3 36 40
2 11 14
2 41 42
6 4 8
5 76 80
1 37 40
3 55 58
7 5 11
6 54 58
7 29 34
2 20 23
3 13 18
7 1 9
3 9 16
3 36 41
2 75 80
3 72 73
19 55 57
2 8 12
2 10 12
5 70 73
10 4 7
11 71 75
2 41 43
2 64 67
1 65 68
5 36 42
6 48 52
8 49 57
14 62 67
5 55 63
12 71 77
1 24 29
2 65 72
1 45 47
19 20 24
23 65 70
7 15 17
1 7 10
1 12 12
5 3 8
6 73 78
2 68 72
4 69 73
4 66 71
1 61 66
7 26 31
1 4 7
27 72 72
16 77 80
1 65 67
2 40 43
12 15 17
11 47 50
3 20 23
2 31 34
1 7 14
1 48 53
18 53 56
11 34 39
2 1 8
1 31 33
5 33 39
2 31 34
6 0 0
3 69 70
1 76 80
6 41 45
8 54 55
2 68 69
9 11 13
15 35 41
6 11 19
4 13 20
1 45 50
1 51 55
7 22 25
6 1 4
12 56 60
12 6 13
3 57 59
2 14 15
20 60 64
3 0 3
1 43 46
3 71 75
16 22 23
4 27 31
4 41 48
4 19 25
11 35 37
2 29 30
7 2 2
13 58 65
3 69 73
10 6 9
9 74 78
11 20 26
6 73 75
19 58 64
7 49 54
8 58 64
6 2 4
1 46 54
10 77 80
1 59 63
1 48 52
1 42 49
3 57 60
10 19 23
17 40 44
12 28 36
22 44 46
1 20 20
5 51 54
6 44 48
1 25 30
4 63 67
10 52 58
15 0 1
7 36 42
1 18 24
3 13 19
3 17 23
3 53 60
4 46 49
5 51 52
7 26 30
4 53 57
3 6 9
1 56 62
1 59 62
12 59 64
5 26 29
12 75 80
1 36 43
10 53 60
2 13 18
4 0 3
4 59 64
3 63 68
3 62 68
4 41 45
9 28 31
1 71 77
7 31 36
1 42 49
2 3 7
2 7 11
1 49 56
1 8 14
4 6 9
1 16 19
1 46 50
2 16 17
4 49 53
8 37 39
4 31 34
1 24 31
18 21 25
3 35 38
1 55 58
4 1 2
8 54 56
5 20 23
8 61 65
15 72 76
6 42 48
1 52 56
2 78 80
3 8 9
8 71 78
1 58 58
1 47 50
2 51 53
11 51 54
19 39 44
18 10 15
20 73 77
4 27 32
1 67 71
1 67 71
2 12 15
23 64 68
6 50 53
3 28 32
2 48 52
2 76 78
9 69 72
3 50 54
6 75 80
7 67 70
3 29 31
5 28 35
6 39 45
4 70 77
3 62 64
3 71 75
8 77 79
10 73 75
6 57 65
4 6 12
6 55 59
9 41 49
1 19 20
2 8 11
5 63 64
4 4 10
1 10 15
2 11 15
5 51 56
4 24 27
9 50 55
3 5 13
1 40 42
12 68 74
13 56 62
14 12 15
8 35 39
35 65 72
6 52 56
15 63 66
17 40 45
5 19 20
10 31 37
1 9 15
6 17 20
19 46 51
5 58 61
5 30 36
1 28 34
5 0 6
3 55 58
1 62 66
5 52 59
1 0 4
7 40 48
15 41 45
5 31 31
6 22 24
4 44 51
1 76 79
3 17 21
4 28 30
4 78 80
4 20 22
6 39 41
3 56 62
2 55 56
34 39 41
5 72 75
8 16 20
10 7 11
6 54 58
4 52 59
13 54 60
4 57 61
29 68 72
9 38 42
8 43 47
3 74 79
1 28 34
1 48 52
11 77 80
1 32 37
2 48 49
4 24 31
2 14 17
1 20 27
19 33 39
3 1 6
6 6 13
10 51 55
3 35 39
7 45 51
18 49 49
1 39 39
2 75 79
1 45 47
12 53 55
9 32 35
1 42 48
5 36 40
8 49 52
5 31 36
10 74 74
4 47 53
1 68 72
14 59 61
2 20 24
4 43 49
3 74 75
5 4 6
8 58 63
8 37 42
7 43 47
4 3 11
18 76 80
3 15 16
1 9 12
1 57 60
5 0 2
8 41 47
6 12 15
1 36 38
2 10 14
1 73 78
2 47 52
2 76 78
24 77 80
8 58 65
10 11 11
3 71 74
5 48 54
12 43 48
3 6 13
11 56 61
1 65 70
2 9 17
4 2 6
16 11 13
11 16 18
3 60 64
20 77 77
2 66 66
3 14 14
18 78 80
3 42 45
4 45 52
6 29 35
4 8 12
2 70 74
4 7 10
5 64 69
10 41 46
8 53 58
10 50 52
3 32 36
4 18 23
1 21 26
5 3 6
3 45 49
5 47 48
5 26 30
1 60 63
1 5 7
3 14 17
5 0 3
16 57 60
8 60 67
5 76 80
12 72 75
8 20 23
4 35 36
6 0 1
2 0 3
1 1 7
4 33 36
2 3 8
2 66 73
1 48 53
6 31 37
15 25 30
3 48 53
4 76 78
12 28 34
3 40 42
1 55 59
3 31 34
2 78 80
7 47 52
3 53 61
1 52 56
5 73 77
9 34 38
13 16 17
4 59 66
5 16 22
4 52 57
3 25 31
6 14 16
9 70 71
1 79 80
15 49 52
4 17 20
4 66 71
1 11 14
9 75 77
4 25 30
6 65 65
9 66 71
5 78 80
20 46 52
2 27 27
1 77 77
2 37 41
21 28 32
6 37 41
4 30 37
4 39 41
15 67 71
2 12 15
3 69 73
22 22 28
21 30 34
2 13 18
2 3 5
19 64 71
1 21 26
4 70 71
8 43 45
8 40 47
5 13 14
8 63 66
7 36 43
11 50 53
1 16 21
8 36 41
14 54 57
9 0 3
17 42 46
15 6 10
1 21 28
4 59 62
2 34 40
7 27 28
6 18 22
9 73 76
10 44 50
5 27 30
19 12 17
4 17 22
2 39 42
2 40 42
7 43 43
1 63 65
6 20 23
14 69 72
1 25 27
2 39 45
2 67 72
16 11 13
2 50 51
20 70 73
4 31 35
10 45 48
3 52 55
8 0 1
1 40 47
2 4 7
1 44 48
15 60 66
3 18 21
3 62 68
1 66 69
12 52 60
9 55 60
2 35 43
19 65 67
5 47 50
2 76 79
12 17 24
8 26 33
2 57 59
7 37 40
25 49 54
2 77 80
11 13 19
1 67 72
5 59 61
13 20 23
19 34 38
2 21 21
6 74 78
8 12 15
3 3 6
4 18 19
1 15 18
5 61 66
16 64 69
7 22 30
27 73 79
5 68 73
22 70 77
2 20 27
8 64 66
8 42 42
1 3 6
3 66 69
5 13 17
1 27 33
21 58 62
10 16 22
9 31 35
2 62 67
5 69 75
1 76 77
5 6 12
4 25 26
1 48 56
11 66 74
2 16 20
2 0 2
1 23 27
10 6 9
8 68 69
6 12 16
5 11 12
8 68 71
9 73 75
9 56 61
5 10 15
19 38 41
5 32 40
5 50 54
3 75 79
2 31 35
3 2 5
10 64 67
5 23 24
2 44 52
6 31 33
10 41 42
18 51 55
4 67 68
2 29 30
2 25 26
2 10 17
12 75 80
9 54 59
12 47 51
4 70 72
13 18 20
22 41 47
10 17 23
14 23 25
10 14 18
11 0 3
26 48 50
5 60 66
4 73 78
15 35 39
5 0 5
14 29 35
10 62 66
1 0 0
15 72 78
5 6 12
3 44 47
1 53 56
8 2 5
17 38 39
13 67 71
4 27 31
19 6 10
9 24 30
4 23 29
6 21 25
1 31 36
12 25 29
7 0 5
12 77 80
9 57 59
1 33 36
5 6 14
3 48 52
14 57 63
1 28 28
3 24 25
3 19 26
3 44 51
1 32 38
5 19 21
15 74 80
4 56 61
8 31 36
8 48 55
2 29 31
3 36 41
13 72 78
8 7 8
6 73 78
37 65 70
18 62 62
9 10 13
1 14 15
6 36 38
10 30 34
5 28 29
2 15 19
1 43 45
3 58 60
9 25 29
4 12 13
12 35 37
23 78 80
3 36 38
35 48 49
4 18 22
2 34 40
10 21 26
1 29 35
2 62 65
19 48 56
1 78 80
9 14 18
11 6 11
2 14 17
2 22 27
2 63 63
9 36 41
4 9 11
7 28 32
11 18 20
6 47 49
4 66 74
2 26 32
13 7 11
2 18 19
11 4 8
2 18 22
6 39 44
2 5 11
7 1 6
10 49 54
8 10 16
6 8 12
2 0 1
13 18 21
2 36 39
1 60 63
3 54 55
10 4 8
9 0 1
2 72 77
9 42 46
4 1 2
6 41 46
10 25 30
9 73 76
4 53 53
7 63 71
8 27 33
3 33 38
3 20 21
1 21 25
2 40 43
18 0 4
9 71 73
3 24 27
14 28 30
3 49 50
32 26 33
7 2 6
1 23 29
9 32 33
2 63 67
10 31 36
8 39 46
5 22 23
16 40 44
2 72 74
6 18 21
2 4 5
5 39 42
9 34 35
13 57 61
5 33 35
18 4 8
16 44 51
1 0 0
5 66 69
4 29 35
1 77 80
16 0 6
7 50 57
4 71 74
7 14 20
25 38 40
5 73 78
3 25 31
3 56 60
14 11 15
9 14 17
1 74 80
3 37 41
8 13 20
1 27 34
11 51 57
3 33 38
2 23 30
4 41 45
11 26 31
11 24 28
6 25 29
11 56 62
7 80 80
2 57 63
5 73 74
11 22 24
4 17 21
1 7 7
9 26 29
7 61 66
5 7 10
15 23 25
1 42 47
3 7 11
4 63 68
10 67 73
5 29 33
11 32 36
8 60 65
3 38 40
5 69 70
2 69 71
3 14 20
19 74 80
1 59 64
5 58 64
10 24 27
1 67 72
10 59 64
11 57 65
7 3 7
3 47 53
2 59 63
1 5 10
7 54 59
1 10 15
