800 30 45
6 33 34
2 49 50
1 45 48
2 19 23
4 60 67
2 17 18
1 71 74
3 66 69
2 37 41
5 0 7
3 32 36
12 35 39
8 40 42
4 3 8
2 60 62
3 18 22
6 76 80
4 3 7
1 3 8
4 36 39
6 41 48
1 1 3
2 46 50
1 71 75
9 65 71
3 74 80
7 37 39
2 6 6
6 52 56
2 0 2
1 41 45
1 45 48
3 24 27
17 61 65
7 8 12
9 0 4
1 56 59
2 27 31
2 9 12
11 53 56
8 39 43
9 6 10
3 79 80
2 14 17
1 69 72
6 75 78
3 35 38
3 76 79
6 44 48
4 6 9
1 10 13
6 40 42
1 10 15
3 1 4
6 11 15
7 68 72
10 29 33
9 66 74
1 73 76
7 32 36
3 53 58
4 2 9
1 56 60
2 12 13
1 16 24
5 55 63
9 0 4
2 46 50
1 20 26
3 72 78
2 21 23
1 73 74
3 29 35
7 74 78
2 0 7
2 13 16
1 38 41
1 6 9
4 68 71
5 15 23
10 77 78
4 35 40
4 62 66
2 53 57
2 43 49
4 68 73
5 63 68
1 31 32
3 64 72
3 27 33
1 14 18
2 7 14
2 77 79
2 78 80
5 29 31
2 76 80
11 61 66
3 9 16
1 59 64
6 6 13
4 42 45
5 8 15
2 9 10
9 62 66
9 35 38
1 6 10
7 75 80
4 17 17
10 60 61
3 35 39
8 53 59
2 37 38
6 60 62
8 54 55
7 60 65
5 7 13
7 26 30
1 31 35
2 4 9
1 77 79
3 38 42
2 44 49
1 25 28
5 61 69
3 19 21
6 45 52
5 16 17
4 51 53
1 35 39
1 13 14
2 41 47
4 70 71
2 2 7
1 1 5
7 39 44
2 7 10
2 41 41
2 17 21
1 12 17
11 67 69
8 7 11
8 65 70
6 23 25
2 35 38
2 40 47
1 40 44
9 56 60
1 23 26
4 20 23
3 13 18
2 76 78
5 76 76
4 31 35
1 62 65
3 1 9
3 40 41
1 28 31
3 5 9
1 48 52
10 47 53
7 19 23
1 59 67
3 70 73
1 14 17
4 55 63
2 46 50
2 77 80
3 14 18
5 28 32
1 75 78
3 48 53
2 48 48
2 0 0
4 69 72
3 52 57
3 34 40
3 36 37
3 18 20
2 38 42
5 61 64
4 4 8
4 38 43
2 49 52
9 16 22
2 20 28
2 10 14
6 67 73
2 26 29
3 44 49
5 31 33
8 45 50
2 13 16
5 61 67
2 39 45
2 13 16
5 9 15
5 44 49
2 36 40
7 42 49
9 73 79
2 46 50
2 59 63
1 11 15
1 64 69
2 59 61
4 56 60
2 72 78
3 27 29
2 36 41
6 58 63
2 8 15
3 47 51
2 30 33
2 73 78
1 31 34
3 21 23
22 72 75
1 78 80
2 42 43
3 50 52
7 0 4
1 2 6
5 78 80
2 59 60
1 63 67
7 52 56
1 36 40
1 43 47
2 1 4
6 68 76
5 77 80
13 61 65
4 75 80
5 32 36
7 62 64
8 72 73
2 67 68
3 2 3
5 20 24
4 8 10
2 75 80
2 42 44
9 72 72
2 56 62
2 72 78
2 23 30
3 57 64
3 65 73
2 67 67
13 76 79
15 10 14
3 18 23
6 9 14
6 1 8
1 14 19
7 78 80
5 59 67
3 68 75
1 13 19
9 43 48
14 14 21
5 40 43
3 57 60
12 66 68
2 27 29
2 47 48
7 74 77
2 28 33
9 46 53
4 23 28
4 55 56
2 64 67
1 48 50
2 8 15
2 41 49
3 57 62
1 9 13
3 74 79
4 38 38
1 32 39
7 40 45
1 56 62
1 34 38
9 44 47
3 23 26
4 20 26
2 31 33
2 77 80
4 47 54
11 24 29
5 57 60
2 29 32
7 73 78
4 62 70
1 13 16
4 4 7
2 74 78
6 57 60
4 5 8
7 41 41
6 55 61
9 56 62
2 33 38
9 40 44
1 6 11
1 62 65
2 76 78
8 60 63
1 30 32
8 21 27
2 0 5
11 44 50
7 53 54
1 50 56
1 46 49
11 30 30
8 64 71
8 6 7
4 55 62
1 39 44
3 7 14
7 6 11
12 40 47
4 29 30
1 17 23
1 6 13
7 67 73
2 19 22
2 31 37
6 71 77
5 22 23
13 63 67
5 75 78
5 18 24
3 0 2
1 70 73
3 46 49
5 57 62
5 64 70
6 29 31
9 10 14
4 28 35
2 23 27
12 26 28
1 60 64
3 19 24
3 41 41
3 58 58
4 7 10
13 34 39
6 0 1
5 32 38
4 2 3
5 64 69
8 31 35
1 55 57
13 73 77
3 60 64
2 50 58
6 33 38
6 43 47
6 40 48
1 29 34
5 49 53
2 11 12
12 41 41
1 5 8
2 66 69
2 62 64
7 50 50
4 22 22
16 67 74
4 52 55
4 5 9
1 24 26
1 11 13
9 20 26
5 79 80
5 70 76
2 46 49
7 12 13
3 67 73
1 52 57
1 4 7
2 80 80
8 73 75
3 60 65
1 63 68
4 25 31
3 47 55
6 56 61
1 64 70
2 39 39
4 37 39
1 49 55
1 31 36
15 61 63
3 66 69
6 25 33
1 31 33
3 42 45
3 26 29
1 69 72
1 22 29
1 52 58
5 50 52
1 52 57
8 53 57
1 38 38
1 25 32
7 74 80
9 17 22
4 78 80
2 4 8
5 41 46
3 38 41
2 30 34
1 23 27
4 49 52
2 14 15
4 14 18
2 19 20
7 45 48
7 71 72
2 15 17
2 35 39
1 38 40
9 48 55
2 44 49
4 73 78
6 19 21
11 79 80
3 74 76
6 45 51
2 68 72
1 46 49
1 54 56
6 7 9
5 21 28
3 35 36
2 55 58
3 17 19
1 0 2
4 34 37
3 71 75
15 51 56
2 0 2
1 0 1
9 47 53
7 57 59
6 33 38
7 34 40
2 42 44
1 21 24
8 13 16
2 80 80
1 54 59
6 8 11
3 39 43
1 55 58
3 40 45
2 6 14
4 3 8
4 11 16
1 30 33
1 69 72
2 76 76
3 70 74
7 69 75
4 1 6
1 31 33
4 52 58
1 60 63
1 19 21
7 25 32
3 62 63
5 37 40
2 61 64
4 30 35
10 18 23
3 51 57
1 66 69
12 30 34
1 0 5
1 27 30
2 70 74
2 31 36
1 72 78
2 11 14
4 8 12
4 21 26
4 29 29
9 58 58
1 0 4
4 59 66
5 38 42
2 76 78
1 55 58
3 14 21
4 63 67
4 31 34
1 51 54
3 17 22
2 62 68
5 57 61
1 59 63
1 1 3
1 19 23
4 25 29
3 7 12
3 28 28
6 57 57
3 54 56
4 13 16
1 19 20
1 66 70
2 5 7
5 25 27
1 29 30
2 33 38
3 53 60
5 18 22
3 1 3
2 27 28
6 49 54
1 4 9
9 79 80
4 63 70
3 45 53
2 20 23
11 24 30
6 12 18
1 56 61
2 68 71
1 34 40
4 54 54
5 37 42
1 24 26
7 76 80
2 72 77
2 34 37
7 51 53
4 33 39
3 38 43
5 29 36
2 66 66
6 77 80
4 19 22
2 75 80
8 14 18
7 20 21
4 29 33
2 23 28
5 43 48
1 65 71
2 10 12
10 47 51
4 46 51
8 31 33
2 61 64
1 22 23
2 41 47
2 65 69
5 33 37
4 3 7
9 38 44
3 15 21
1 46 48
2 15 23
1 13 18
5 64 70
10 47 53
8 27 29
1 27 29
1 52 60
1 44 47
1 11 17
1 72 75
8 7 12
1 41 41
6 4 9
3 8 9
2 38 41
1 5 7
5 52 57
1 34 38
6 53 58
3 3 7
1 40 45
5 72 77
4 24 26
8 32 35
3 67 70
2 1 8
1 23 23
3 22 24
10 66 68
1 69 77
6 54 60
2 73 76
3 48 49
2 29 33
4 30 33
3 3 7
8 15 19
2 15 18
4 35 41
3 23 25
1 24 30
2 32 37
2 8 12
3 65 70
4 75 79
13 0 4
4 22 30
2 42 42
1 19 24
1 11 13
1 14 17
2 7 14
11 37 41
2 18 24
2 70 75
5 73 77
1 17 19
3 0 2
5 16 20
1 60 64
6 75 79
5 12 15
4 54 57
2 78 80
1 31 37
5 43 49
9 40 46
3 31 37
1 78 80
2 44 49
1 16 18
4 72 77
2 22 24
2 53 60
1 52 59
1 48 51
2 52 56
1 0 2
7 42 47
1 49 54
2 54 57
1 21 26
4 35 43
4 0 4
9 22 28
9 44 50
8 78 80
1 66 71
4 19 21
3 64 66
1 47 52
3 16 24
1 26 28
8 12 18
3 13 16
1 26 30
1 27 31
1 16 22
7 66 68
3 71 75
5 71 73
1 51 57
4 36 39
2 52 59
4 41 42
13 34 40
5 9 17
4 43 49
4 57 63
1 35 40
2 64 69
11 15 19
3 28 35
12 32 36
2 39 42
4 12 16
2 3 4
3 0 6
2 16 20
5 1 3
5 67 73
1 31 39
2 28 32
1 41 44
10 52 56
3 70 75
1 14 17
4 48 56
1 51 55
10 21 23
5 60 63
1 51 54
1 39 41
4 9 13
3 16 21
8 26 30
2 10 17
10 66 70
4 59 63
3 65 66
6 51 56
1 57 62
1 20 25
4 70 72
1 20 24
1 52 58
2 27 28
6 70 75
2 43 45
1 34 34
2 47 48
8 62 67
1 64 70
2 48 54
3 13 20
5 7 10
3 24 31
2 59 67
2 67 71
6 17 20
1 9 16
2 17 23
6 7 11
1 61 68
11 39 43
1 9 12
1 9 13
1 70 70
2 56 61
4 50 51
1 0 8
2 2 6
9 27 28
2 58 62
10 0 2
11 54 59
2 63 63
3 44 48
10 56 58
9 72 79
9 22 24
1 24 31
3 70 72
2 40 40
4 43 49
5 6 10
4 9 10
2 47 51
1 42 43
2 68 73
2 15 19
1 25 28
10 44 47
4 48 52
2 42 46
5 9 14
1 2 2
5 0 3
2 13 13
2 8 12
4 65 66
1 68 76
2 36 44
1 40 42
10 77 80
1 0 2
1 19 23
2 34 39
11 68 72
1 0 2
2 51 53
4 62 66
1 55 60
5 75 79
2 49 52
1 26 31
7 12 19
5 51 52
1 61 63
4 25 25
2 27 29
5 5 8
4 18 21
2 16 18
3 14 17
1 67 67
5 52 58
6 0 4
1 5 12
4 72 77
11 56 60
3 67 73
