800 40 60
1 43 45
11 39 42
15 5 6
2 68 75
2 18 20
3 10 14
5 44 49
8 51 56
4 34 36
7 39 42
1 51 53
5 2 9
2 19 24
2 66 72
3 37 44
8 15 17
5 32 35
1 24 24
6 65 68
7 20 25
7 52 57
5 1 1
4 70 75
3 66 70
8 5 10
2 47 53
1 49 54
3 61 63
1 70 71
1 0 7
8 30 34
1 33 34
3 26 29
4 27 31
2 18 22
1 58 64
4 73 77
3 23 27
2 0 2
1 8 10
2 1 3
21 71 72
7 6 13
5 17 21
7 69 70
2 49 54
21 45 53
17 76 80
5 26 27
4 42 49
4 22 27
5 65 68
2 22 25
1 16 22
11 23 23
12 31 36
1 39 42
1 44 47
9 32 35
17 74 75
3 65 68
2 62 69
9 51 55
3 34 37
1 41 45
5 36 39
2 71 78
3 9 16
6 18 25
1 21 24
10 33 36
2 25 25
1 13 18
12 71 71
3 30 35
2 15 19
4 3 7
10 8 11
3 71 75
4 72 76
4 16 22
13 51 57
10 69 74
11 19 23
6 6 12
5 63 67
3 47 52
3 11 19
1 61 65
3 2 8
9 44 46
2 45 50
16 61 63
3 13 14
6 65 68
1 11 15
5 51 53
1 7 11
4 70 74
12 4 10
3 9 16
13 60 67
5 17 20
2 40 45
9 35 39
1 0 1
10 22 25
3 12 17
1 58 66
6 11 12
6 38 41
14 14 18
5 10 18
13 5 9
1 17 22
5 51 53
9 63 68
2 37 41
2 58 62
7 77 80
20 53 54
8 55 57
8 12 19
5 27 29
9 29 31
5 4 9
1 26 33
9 35 38
3 77 80
2 68 70
7 19 23
1 69 76
2 55 60
1 23 28
3 34 41
19 19 23
4 14 18
2 58 60
1 26 31
10 70 74
9 44 49
2 71 73
8 55 59
12 9 9
3 53 55
1 2 3
2 73 76
1 40 43
3 55 60
4 53 57
5 67 74
5 30 33
2 80 80
8 38 43
1 72 76
2 46 50
2 33 35
11 26 29
1 71 78
9 11 17
2 28 32
6 35 40
1 28 33
5 62 70
2 30 34
5 47 49
6 65 71
3 43 45
3 39 45
2 61 64
10 26 32
18 78 78
1 41 46
21 65 69
12 59 62
1 73 73
15 24 29
5 31 38
3 1 6
8 48 48
8 49 56
1 17 21
5 62 69
6 69 76
1 50 55
12 14 16
7 54 61
4 58 60
2 46 51
8 79 80
4 56 60
10 65 70
2 70 74
2 0 2
16 73 77
1 6 9
1 47 49
4 36 42
1 44 49
6 52 55
2 12 18
7 62 64
14 40 43
2 50 50
2 0 2
8 18 22
2 67 73
7 4 12
11 80 80
3 49 50
6 17 21
8 30 36
1 64 67
1 5 10
9 64 70
4 79 80
1 39 46
9 71 75
4 68 72
2 33 36
4 25 27
2 51 52
7 12 17
1 53 58
4 11 16
3 30 30
7 59 65
3 23 25
2 70 73
3 2 8
1 44 50
2 23 29
7 63 67
6 45 51
4 49 50
17 48 53
3 48 52
8 72 73
3 0 4
10 41 45
1 21 22
2 21 26
6 41 47
6 35 41
3 36 38
2 31 37
10 5 8
3 70 73
2 23 30
4 0 3
2 8 11
10 58 64
3 44 50
7 77 80
1 37 45
13 61 68
7 78 80
3 8 12
3 48 52
7 69 72
13 30 31
2 51 53
7 33 36
4 5 8
10 64 68
2 12 19
5 17 20
1 64 66
1 8 12
2 1 4
4 72 80
4 48 55
4 49 50
1 75 78
1 35 40
8 77 80
3 19 26
15 12 13
2 57 62
7 50 54
10 32 36
1 0 3
1 19 26
1 34 37
2 17 23
2 22 27
2 52 56
3 0 3
3 26 29
6 61 64
1 60 64
6 57 63
11 57 63
7 51 58
2 38 45
5 1 3
2 23 26
15 65 70
12 8 12
5 22 26
5 3 6
2 73 77
10 28 33
1 44 47
5 27 30
1 32 33
8 27 28
8 57 62
4 26 26
3 38 41
10 2 6
2 18 24
9 40 46
1 5 8
1 40 41
4 22 26
12 12 13
1 7 15
13 28 32
4 17 20
3 55 60
4 40 42
6 4 6
1 17 21
12 56 61
1 29 36
1 28 35
14 11 16
3 48 50
1 23 24
7 50 57
1 4 11
6 33 37
6 71 76
2 19 23
3 38 44
1 33 38
5 12 17
7 47 54
5 76 78
17 43 49
3 53 56
2 9 11
7 0 4
2 0 7
3 64 68
1 54 58
2 49 55
7 30 34
1 73 80
2 74 80
1 11 19
4 33 37
3 6 10
1 17 20
4 16 21
4 39 42
5 16 22
6 10 15
6 56 61
9 0 4
2 61 67
1 0 2
2 34 38
9 76 80
3 8 9
9 42 47
3 20 26
4 23 25
10 10 15
2 9 10
6 69 74
17 37 43
2 43 46
2 0 3
7 24 28
1 14 17
4 54 56
7 32 38
5 33 39
2 5 12
3 54 59
15 68 72
8 69 73
1 1 6
9 42 47
5 42 44
4 23 28
8 73 80
14 37 44
1 21 24
1 4 4
2 23 28
3 28 32
3 8 10
3 13 19
17 56 60
3 71 73
9 63 69
2 6 8
2 11 15
2 25 31
4 51 56
10 23 25
8 75 80
4 63 69
4 60 63
1 12 20
2 1 3
2 0 5
6 16 21
3 3 6
9 72 76
1 53 55
2 9 12
4 59 67
7 17 18
7 0 1
13 22 25
14 79 80
4 53 56
14 72 75
9 48 54
2 68 75
3 38 38
3 28 31
3 16 19
3 60 64
5 0 5
3 69 73
8 17 24
1 70 73
1 4 7
2 52 53
7 5 6
1 43 46
12 32 33
4 31 36
1 67 71
3 48 52
9 76 79
2 5 10
2 73 75
21 77 80
6 45 47
5 10 13
10 64 66
2 76 80
4 58 58
6 38 42
6 11 19
2 51 53
3 56 61
9 36 44
3 25 28
4 0 3
3 28 29
2 5 7
1 29 34
9 54 58
6 29 32
1 21 23
1 60 61
8 16 20
1 57 59
2 42 45
5 41 47
1 23 27
9 36 38
5 29 33
5 56 61
7 15 17
5 2 5
2 34 34
3 21 25
1 29 33
1 20 24
1 63 66
1 60 61
2 59 63
10 31 39
12 61 62
6 7 13
10 27 28
6 4 6
13 42 46
1 13 19
1 75 79
7 13 18
3 18 20
4 24 27
12 52 53
6 28 28
11 21 25
1 55 59
1 19 23
2 25 30
7 20 27
8 76 80
7 50 53
2 42 43
1 60 64
2 77 80
2 38 42
7 33 37
5 29 29
7 70 76
23 61 66
7 76 80
3 24 29
3 33 33
5 42 43
1 28 31
2 76 80
2 11 15
1 5 13
3 65 71
7 46 49
2 60 64
1 36 37
4 61 65
4 33 39
2 10 18
6 29 34
2 7 12
3 27 32
2 28 30
5 37 41
6 16 19
2 41 44
12 76 80
9 7 11
9 73 77
3 56 59
5 1 5
2 25 28
3 65 70
10 61 63
4 32 36
1 42 47
9 68 71
1 80 80
11 22 24
4 73 77
1 13 14
5 15 18
6 48 52
4 20 26
1 45 47
7 55 58
3 15 21
1 68 75
4 76 79
7 72 80
4 50 54
4 30 33
2 24 29
1 38 42
5 15 22
1 9 16
3 43 50
4 27 30
12 15 19
1 64 66
1 31 34
2 54 59
13 42 49
9 46 47
3 5 10
12 46 47
2 35 36
1 77 80
3 0 0
6 33 35
1 56 57
6 47 52
6 6 10
1 74 75
5 67 73
1 33 35
5 65 67
1 10 15
5 61 64
2 60 63
2 26 31
4 40 45
1 78 80
1 37 44
1 11 16
2 76 80
3 18 23
2 49 52
5 39 45
6 70 72
1 30 32
1 75 80
3 43 50
4 8 13
8 22 25
6 22 29
2 24 27
2 53 57
2 35 43
8 0 3
10 45 49
6 7 10
6 49 56
1 55 58
1 14 22
6 38 40
1 48 50
4 57 62
5 7 11
3 72 76
3 41 46
5 58 59
8 17 23
1 16 17
6 60 62
3 9 12
6 4 8
1 66 70
12 22 25
2 12 15
3 35 43
2 42 46
14 65 73
5 45 47
5 73 76
2 54 56
9 0 6
2 67 69
1 46 52
7 57 59
10 55 59
2 74 77
10 52 59
7 28 35
9 50 53
2 31 36
19 58 61
2 59 62
13 0 1
3 8 15
3 55 60
3 65 70
10 26 32
10 16 21
15 71 76
3 2 8
1 45 52
11 72 73
2 9 14
2 72 77
4 72 76
4 49 53
1 9 13
6 35 39
1 38 39
2 42 50
10 54 56
2 9 12
1 77 80
7 67 70
2 73 77
3 59 62
9 17 20
1 36 43
1 9 12
6 24 29
7 38 42
8 56 59
4 65 69
1 69 72
4 31 35
12 30 30
4 37 42
1 64 70
4 64 67
7 34 39
6 75 77
5 75 80
12 57 58
12 36 42
3 7 8
10 41 44
12 2 6
2 22 27
4 41 45
4 8 12
4 9 13
1 64 71
1 67 71
3 37 42
1 36 40
13 35 41
8 36 39
3 67 69
9 0 1
1 73 80
7 51 53
11 78 78
6 50 54
16 46 49
1 70 70
8 74 78
1 69 76
2 23 31
6 55 59
1 38 45
2 62 67
3 67 71
1 36 43
13 35 41
3 51 56
1 21 23
4 51 56
4 69 73
5 74 77
11 43 44
3 0 5
5 31 35
2 10 16
2 25 28
8 70 74
2 22 25
14 61 66
6 0 5
2 10 17
10 45 46
3 40 44
3 35 38
12 65 66
10 16 22
6 44 48
2 52 53
7 27 35
14 54 58
8 63 68
8 60 61
3 0 3
4 18 18
3 18 23
1 0 3
3 50 53
2 17 17
20 73 78
16 24 29
6 60 62
7 59 62
9 67 68
1 11 13
5 12 15
6 50 51
7 47 53
1 22 23
4 77 80
4 27 29
2 56 59
3 62 64
9 4 7
1 7 14
2 12 16
3 55 59
5 59 60
9 28 34
9 5 7
1 68 70
3 45 50
9 35 39
1 58 63
1 37 38
1 32 34
12 69 71
3 9 11
7 15 19
2 77 80
22 46 52
7 26 27
6 48 52
1 61 67
7 74 77
4 49 53
13 37 44
8 0 3
6 20 21
5 67 71
10 73 79
5 57 59
2 14 20
4 12 19
5 0 3
3 62 66
1 44 48
13 67 71
6 3 7
2 53 54
2 55 58
4 48 48
1 76 80
