800 20 30
1 40 46
1 29 30
2 44 46
5 17 23
2 51 58
4 6 10
2 20 20
3 59 59
1 69 72
6 26 31
4 36 40
2 39 43
2 9 13
5 57 62
1 35 42
2 60 67
5 23 24
2 45 48
1 0 0
5 45 50
2 15 23
4 46 48
2 37 40
3 78 80
1 69 74
2 62 66
3 17 23
4 58 61
5 36 38
1 24 30
3 56 63
3 56 63
2 26 28
1 75 80
3 69 72
1 72 78
1 32 40
2 0 5
5 50 55
2 17 18
5 59 64
1 0 4
5 48 51
3 67 71
1 38 43
1 43 49
2 0 3
7 69 72
6 75 80
1 67 72
4 12 17
3 50 57
2 64 72
1 72 76
7 0 1
1 18 25
2 40 42
6 20 24
1 49 55
1 21 26
3 16 22
5 54 58
4 27 31
2 37 38
4 57 63
1 40 42
4 32 38
1 10 10
2 23 29
2 9 13
6 63 68
2 32 39
1 9 14
1 58 66
1 50 54
5 37 44
1 0 1
2 48 53
1 59 59
1 56 60
1 41 48
2 26 30
2 1 5
3 20 25
1 27 33
5 49 51
3 12 17
4 75 79
1 23 29
1 33 38
6 36 40
1 37 42
1 0 3
1 17 21
1 14 15
6 71 75
6 35 36
4 50 54
1 39 39
1 33 35
1 30 34
1 30 32
1 7 12
3 2 6
2 58 61
2 19 23
1 42 45
1 28 31
2 52 54
1 47 52
1 17 19
1 32 37
1 33 36
1 3 11
6 73 74
3 55 62
1 10 18
1 34 38
2 53 60
1 64 69
1 38 42
4 17 19
3 7 12
3 72 76
1 49 53
2 43 50
2 46 53
7 43 44
2 59 60
1 55 56
1 45 53
1 62 63
1 28 33
3 21 27
2 56 57
1 23 26
1 14 17
1 47 50
3 65 68
1 0 4
2 6 11
4 71 74
4 8 11
2 7 12
4 5 7
3 61 64
1 19 21
5 0 5
4 52 54
2 59 62
1 54 58
3 60 63
2 27 34
6 60 63
3 40 43
2 55 60
1 24 29
2 33 34
5 73 73
1 67 69
2 35 40
5 62 66
2 57 60
2 39 47
4 8 14
3 57 61
3 66 70
2 61 64
2 32 36
6 11 13
3 64 71
3 22 23
1 20 25
3 80 80
2 43 43
1 25 30
2 40 42
1 16 20
1 4 10
6 66 67
3 27 31
2 52 57
1 71 77
6 60 66
1 45 49
4 5 6
3 50 52
1 33 35
1 41 44
2 80 80
1 51 54
3 7 9
1 32 36
1 26 29
1 77 80
2 14 21
1 4 6
2 72 75
2 2 9
1 41 43
2 31 34
1 62 63
1 23 29
5 58 63
1 26 30
1 4 5
8 73 77
4 76 79
1 48 55
3 77 80
4 53 59
2 24 25
1 5 10
2 59 65
3 8 11
1 62 68
2 66 70
2 43 49
1 57 59
1 27 29
3 0 4
4 72 75
5 57 60
1 0 3
1 21 25
2 9 13
3 17 21
1 58 61
4 63 67
3 34 38
10 69 75
2 56 57
8 74 77
2 45 53
2 31 34
1 71 75
6 50 54
4 53 56
2 30 37
2 64 69
1 22 26
1 4 6
2 68 71
3 3 7
1 12 18
1 76 80
2 75 80
3 19 23
1 58 61
3 72 79
3 35 38
2 57 59
1 55 60
6 72 77
2 29 30
7 42 46
2 50 54
6 79 80
1 60 64
5 30 34
1 8 16
1 76 79
1 22 28
7 65 67
5 14 15
1 63 68
9 6 6
3 51 56
3 72 76
9 64 70
2 58 60
3 51 56
2 12 20
2 26 28
3 63 70
1 48 49
1 8 16
4 47 50
3 20 25
1 62 67
1 55 57
2 0 0
1 64 66
4 16 23
3 75 76
2 76 80
1 29 33
3 10 17
1 78 80
3 35 41
1 33 38
3 75 77
2 37 40
2 13 17
1 59 64
1 23 30
2 74 80
2 52 54
1 68 76
2 12 13
1 67 69
1 19 20
3 43 44
9 79 80
1 1 7
2 64 69
1 6 10
6 65 72
2 0 0
1 75 80
1 49 52
2 71 74
1 44 45
2 36 37
2 73 78
1 11 12
1 61 66
1 0 3
1 11 17
1 4 9
6 30 36
2 21 24
2 72 76
5 18 21
5 68 71
1 53 55
3 5 5
1 12 16
2 74 79
2 37 42
1 14 20
4 35 40
1 32 36
1 70 73
1 23 25
3 74 78
2 0 5
6 62 63
4 67 75
1 2 9
2 11 15
3 79 80
8 27 32
1 45 46
6 24 29
1 0 1
2 5 8
8 44 45
1 74 78
6 37 38
6 7 8
1 6 12
4 60 66
2 4 6
6 61 61
1 47 49
7 75 76
1 31 36
1 30 34
2 45 47
5 48 52
2 65 70
1 59 62
1 16 19
2 34 36
1 1 3
3 47 48
1 48 53
1 37 43
1 54 59
1 11 15
5 29 36
2 45 48
1 15 19
1 22 25
3 45 51
1 34 41
3 56 61
5 10 14
1 43 49
1 0 6
3 8 10
2 68 71
1 13 18
1 52 56
5 26 29
2 64 68
1 0 2
1 72 74
1 7 12
2 12 12
2 50 55
4 0 3
5 38 44
2 21 24
4 45 50
2 7 10
1 28 33
1 32 34
7 49 56
2 41 46
2 25 29
2 3 7
7 15 17
2 16 21
2 38 43
3 58 63
2 54 60
2 19 26
2 57 59
2 23 25
3 38 42
1 49 52
2 28 28
4 8 12
2 37 40
3 77 80
2 73 79
2 10 13
1 20 21
3 24 27
1 4 10
1 78 79
3 73 77
2 1 8
3 63 66
3 66 71
2 65 69
2 72 74
2 8 12
2 0 2
3 7 11
7 45 52
4 27 32
2 43 44
1 55 58
2 52 58
1 73 75
4 50 58
5 60 64
2 50 54
1 13 18
3 54 59
6 74 76
1 65 70
2 45 47
4 32 37
1 15 19
2 49 50
1 23 27
2 22 26
2 16 16
1 73 79
3 67 69
4 15 21
1 14 22
1 73 77
2 20 25
3 24 26
3 29 30
2 20 26
1 8 15
7 67 72
1 26 31
6 66 70
1 32 36
1 67 71
4 48 49
3 48 53
1 44 44
2 80 80
2 9 12
1 36 38
3 32 35
6 73 75
2 43 43
2 1 7
3 34 34
3 62 68
2 38 40
2 32 36
6 1 2
1 13 16
4 3 8
1 21 22
4 12 15
3 50 51
2 57 61
4 23 27
3 46 48
4 9 12
1 13 18
1 30 37
5 76 80
3 3 9
4 44 45
4 63 65
3 17 19
1 0 3
1 20 23
1 36 41
1 22 24
5 0 6
2 57 65
1 77 80
2 11 18
1 17 21
5 68 72
1 2 2
1 43 46
1 63 67
4 52 52
1 2 7
5 50 55
3 61 69
4 34 39
5 16 20
3 26 30
2 71 72
6 65 70
7 75 78
2 34 39
4 59 63
5 77 78
1 65 70
1 73 77
2 41 48
2 22 24
7 55 58
2 20 28
3 48 48
3 29 34
2 27 34
3 34 40
2 13 19
1 68 75
1 51 56
4 72 76
1 60 67
2 68 70
1 16 19
1 76 78
1 8 10
3 24 26
5 47 49
2 31 33
2 30 35
1 68 76
1 6 10
3 51 57
3 0 5
1 36 39
5 43 48
2 27 27
1 13 21
2 26 32
2 77 80
3 6 8
1 72 80
2 71 76
3 44 48
2 71 76
2 13 15
1 18 23
1 53 56
7 72 76
2 33 38
1 65 72
5 31 36
1 36 41
1 48 54
1 51 57
2 17 23
2 17 19
2 61 67
2 56 62
1 26 30
2 49 53
2 15 22
3 46 53
1 57 59
3 77 80
1 11 17
3 12 14
2 66 72
2 52 56
1 51 54
1 68 71
2 69 72
1 11 16
1 34 36
1 28 32
2 12 13
5 51 59
1 44 48
2 71 77
5 23 28
3 73 78
5 43 44
2 12 13
5 22 26
2 41 46
3 33 39
4 10 16
1 45 50
1 5 6
1 34 38
2 31 38
1 0 3
4 77 80
5 66 72
1 4 7
2 26 31
4 18 23
1 73 79
7 38 43
5 1 8
4 53 56
3 51 55
2 44 46
2 8 13
1 66 70
1 68 76
1 2 6
2 52 55
8 50 51
1 63 70
2 71 74
1 8 15
4 69 70
1 19 22
3 1 8
2 19 25
1 44 49
5 45 51
3 54 56
1 0 0
1 46 50
1 14 17
6 41 44
1 8 14
3 63 65
2 0 4
3 26 32
2 1 3
5 9 11
2 22 26
1 22 28
1 63 63
2 79 80
1 22 27
1 25 28
3 40 44
2 16 21
4 13 15
6 67 72
1 69 71
3 50 53
2 12 16
4 29 31
2 41 42
2 37 44
1 35 41
5 22 28
1 23 30
2 50 55
1 26 32
6 33 35
1 3 7
4 63 71
1 63 67
2 68 69
1 2 8
3 28 32
2 48 52
2 5 10
1 51 53
3 33 35
5 22 23
2 16 21
2 73 73
1 79 80
1 51 55
7 60 65
1 25 26
1 6 9
1 68 71
4 43 45
5 40 42
7 17 22
9 70 71
1 73 76
2 51 53
1 0 2
2 33 39
2 27 31
1 31 36
2 57 64
2 14 15
4 41 46
1 3 6
3 75 75
6 61 66
1 45 52
1 41 47
2 42 45
1 60 62
1 42 42
1 37 43
1 16 23
5 76 80
2 74 79
1 78 80
4 54 60
4 1 3
2 69 74
6 59 62
1 6 11
2 12 17
1 27 33
3 26 28
3 16 17
2 66 68
1 40 44
2 25 30
3 40 45
5 48 52
1 20 22
1 38 40
4 37 42
2 24 27
3 18 24
1 45 51
1 27 30
2 66 72
4 25 31
1 35 38
5 28 34
1 32 33
2 56 60
3 44 48
3 62 65
1 9 10
1 47 50
1 57 63
2 55 57
2 69 74
1 7 11
3 35 42
2 40 44
1 38 46
1 5 10
1 29 30
2 56 62
1 13 14
2 5 7
1 48 52
3 25 31
2 4 10
2 41 46
4 53 58
5 35 39
2 2 3
1 52 59
3 7 12
2 27 32
5 44 47
1 65 68
4 56 59
3 43 46
3 13 18
7 55 57
1 0 2
1 64 67
5 15 22
1 63 68
1 74 79
5 28 32
3 30 35
2 32 33
1 19 22
1 67 70
1 63 63
1 14 17
1 48 50
1 44 48
6 0 3
4 27 33
7 8 10
1 61 67
2 64 66
2 10 13
1 9 12
1 20 24
3 55 61
3 26 27
1 31 38
6 35 39
9 75 80
3 14 16
