Name: 200-30-45
Time: 3.9276750087738037 
Result: 39
Solution: 24 13 46 44 40 18 32 35 29 46 4 33 35 14 23 10 7 24 50 8 4 47 49 30 48 21 51 6 29 18 11 36 13 5 16 35 5 29 25 38 23 32 42 13 26 33 24 27 20 12 27 45 20 39 46 29 16 22 45 17 37 18 42 43 39 51 25 41 18 46 12 11 8 49 10 4 50 5 10 33 40 48 21 22 9 7 50 21 24 40 41 22 14 20 45 44 28 25 15 35 31 7 25 25 41 19 43 9 44 45 31 6 24 14 9 50 23 48 8 31 28 48 15 40 26 4 8 37 17 38 6 19 37 36 39 25 26 9 32 20 34 9 51 34 43 37 12 21 4 14 49 50 14 12 40 47 11 26 27 36 30 15 50 6 18 47 17 8 38 14 6 48 23 32 15 28 42 8 51 42 27 7 29 48 33 38 27 34 45 23 30 37 42 20 11 44 6 17 20 43 
0: (0)
1: (0)
2: (0)
3: (0)
4: 10 20 75 125 148 (37)
5: 33 36 77 (39)
6: 27 111 130 163 170 196 (39)
7: 16 85 101 181 (30)
8: 19 72 118 126 167 177 (30)
9: 84 107 114 137 141 (31)
10: 15 74 78 (31)
11: 30 71 156 194 (31)
12: 49 70 146 153 (37)
13: 1 32 43 (31)
14: 13 92 113 149 152 169 (30)
15: 98 122 161 174 (32)
16: 34 56 (34)
17: 59 128 166 197 (33)
18: 5 29 61 68 164 (39)
19: 105 131 (37)
20: 48 52 93 139 193 198 (39)
21: 25 82 87 147 (32)
22: 57 83 91 (39)
23: 14 40 116 172 189 (39)
24: 0 17 46 88 112 (36)
25: 38 66 97 102 103 135 (39)
26: 44 124 136 157 (39)
27: 47 50 158 180 186 (39)
28: 96 120 175 (39)
29: 8 28 37 55 182 (37)
30: 23 160 190 (36)
31: 100 110 119 (36)
32: 6 41 138 173 (38)
33: 11 45 79 184 (32)
34: 140 143 187 (39)
35: 7 12 35 99 (39)
36: 31 133 159 (39)
37: 60 127 132 145 191 (39)
38: 39 129 168 185 (39)
39: 53 64 134 (38)
40: 4 80 89 123 154 (39)
41: 67 90 104 (37)
42: 42 62 176 179 192 (39)
43: 63 106 144 199 (37)
44: 3 95 108 195 (39)
45: 51 58 94 109 188 (39)
46: 2 9 54 69 (39)
47: 21 155 165 (39)
48: 24 81 117 121 171 183 (39)
49: 22 73 150 (39)
50: 18 76 86 115 151 162 (39)
51: 26 65 142 178 (39)
52: (0)
53: (0)
