Name: 200-50-80
Time: 4.215744733810425 
Result: 59
Solution: 20 18 11 22 12 33 23 24 9 3 16 22 17 20 4 24 33 12 21 4 7 31 25 15 26 19 3 15 3 14 8 21 21 15 31 32 3 9 9 18 31 14 19 31 23 16 10 34 15 10 14 12 32 12 14 5 27 22 13 31 24 20 6 17 30 31 4 17 4 4 9 18 19 34 15 19 23 11 27 7 30 28 8 20 11 5 29 28 17 29 4 17 23 14 24 11 29 25 12 34 9 16 7 30 27 14 24 13 8 25 23 17 21 3 14 18 4 32 27 5 28 33 6 24 3 9 13 18 26 22 5 17 20 28 19 26 7 3 28 32 11 20 29 10 18 4 11 22 9 11 13 3 20 4 18 25 19 14 7 15 30 3 9 26 13 10 10 34 15 27 26 33 30 24 26 25 9 5 12 33 6 12 27 17 6 18 20 21 25 6 18 7 34 13 16 26 12 23 25 24 
0: (0)
1: (0)
2: (0)
3: 9 26 28 36 113 124 137 151 161 (59)
4: 14 19 66 68 69 90 116 145 153 (59)
5: 55 85 119 130 177 (59)
6: 62 122 180 184 189 (59)
7: 20 79 102 136 158 191 (59)
8: 30 82 108 (59)
9: 8 37 38 70 100 125 148 162 176 (59)
10: 46 49 143 165 166 (59)
11: 2 77 84 95 140 146 149 (59)
12: 4 17 51 53 98 178 181 196 (59)
13: 58 107 126 150 164 193 (59)
14: 29 41 50 54 93 105 114 157 (59)
15: 23 27 33 48 74 159 168 (59)
16: 10 45 101 194 (59)
17: 12 63 67 88 91 111 131 183 (59)
18: 1 39 71 115 127 144 154 185 190 (59)
19: 25 42 72 75 134 156 (59)
20: 0 13 61 83 132 141 152 186 (59)
21: 18 31 32 112 187 (59)
22: 3 11 57 129 147 (59)
23: 6 44 76 92 110 197 (59)
24: 7 15 60 94 106 123 173 199 (59)
25: 22 97 109 155 175 188 198 (59)
26: 24 128 135 163 170 174 195 (59)
27: 56 78 104 118 169 182 (59)
28: 81 87 120 133 138 (59)
29: 86 89 96 142 (59)
30: 64 80 103 160 172 (59)
31: 21 34 40 43 59 65 (59)
32: 35 52 117 139 (54)
33: 5 16 121 171 179 (50)
34: 47 73 99 167 192 (51)
35: (0)
