Name: 200-40-60
Time: 20.379979610443115 
Result: 49
Solution: 18 48 17 47 28 9 41 46 40 33 16 40 41 25 24 4 26 23 17 32 4 32 25 14 21 30 33 12 35 42 41 5 41 36 12 10 12 13 31 38 7 9 3 15 38 30 27 31 1 44 14 30 20 10 18 20 28 22 45 33 10 10 23 31 12 33 37 24 36 43 29 14 35 45 28 47 4 42 16 19 19 11 22 41 18 5 5 14 23 1 21 46 8 35 14 16 26 24 20 6 7 6 33 15 39 46 5 47 25 42 7 48 38 9 39 42 15 46 21 25 28 8 13 9 6 46 30 18 38 43 5 49 41 37 45 38 44 34 42 32 33 16 19 40 21 3 37 23 1 20 44 35 8 3 45 35 17 27 34 34 29 22 7 19 37 42 44 18 10 13 30 37 24 48 30 27 8 49 11 36 6 21 33 49 3 17 45 29 39 40 1 11 37 4 16 44 27 38 3 5 
0: (0)
1: 48 89 148 190 (48)
2: (0)
3: 42 145 153 184 198 (46)
4: 15 20 76 193 (47)
5: 31 85 86 106 130 199 (47)
6: 99 101 124 180 (41)
7: 40 100 110 162 (41)
8: 92 121 152 176 (40)
9: 5 41 113 123 (49)
10: 35 53 60 61 168 (44)
11: 81 178 191 (49)
12: 27 34 36 64 (49)
13: 37 122 169 (48)
14: 23 50 71 87 94 (47)
15: 43 103 116 (49)
16: 10 78 95 141 194 (49)
17: 2 18 156 185 (45)
18: 0 54 84 127 167 (48)
19: 79 80 142 163 (49)
20: 52 55 98 149 (49)
21: 24 90 118 144 181 (47)
22: 57 82 161 (49)
23: 17 62 88 147 (45)
24: 14 67 97 172 (48)
25: 13 22 108 119 (46)
26: 16 96 (49)
27: 46 157 175 196 (47)
28: 4 56 74 120 (49)
29: 70 160 187 (46)
30: 25 45 51 126 170 174 (49)
31: 38 47 63 (48)
32: 19 21 139 (49)
33: 9 26 59 65 102 140 182 (49)
34: 137 158 159 (48)
35: 28 72 93 151 155 (49)
36: 33 68 179 (48)
37: 66 133 146 164 171 192 (48)
38: 39 44 112 128 135 197 (48)
39: 104 114 188 (48)
40: 8 11 143 189 (49)
41: 6 12 30 32 83 132 (49)
42: 29 77 109 115 138 165 (49)
43: 69 129 (49)
44: 49 136 150 166 195 (49)
45: 58 73 134 154 186 (49)
46: 7 91 105 117 125 (42)
47: 3 75 107 (47)
48: 1 111 173 (42)
49: 131 177 183 (41)
50: (0)
