Name: 200-20-30
Time: 1.7841908931732178 
Result: 23
Solution: 31 2 14 19 11 32 18 25 24 18 19 8 30 25 30 6 25 17 23 24 10 5 16 5 28 10 31 29 28 25 17 4 22 19 29 2 10 27 6 21 26 29 22 9 23 3 18 23 34 2 18 5 34 33 7 19 9 14 3 15 26 7 20 23 27 8 3 7 26 31 30 22 22 3 14 14 7 9 2 31 30 28 28 14 3 4 21 10 32 19 24 5 6 11 15 20 16 14 4 13 15 20 18 14 17 29 11 13 2 15 4 10 17 26 3 10 22 9 13 25 19 18 32 24 34 18 12 34 22 11 11 4 29 31 24 11 22 24 13 31 13 26 23 13 17 26 33 5 22 4 22 18 16 4 6 34 31 4 15 17 29 11 27 27 6 8 4 33 30 27 8 10 32 15 33 21 7 7 29 5 8 13 3 4 21 14 11 12 6 12 30 28 24 17 16 29 20 19 26 12 
0: (0)
1: (0)
2: 1 35 49 78 108 (21)
3: 45 58 66 73 84 114 182 (20)
4: 31 85 98 110 131 149 153 157 166 183 (23)
5: 21 23 51 91 147 179 (22)
6: 15 38 92 154 164 188 (23)
7: 54 61 67 76 176 177 (23)
8: 11 65 165 170 180 (23)
9: 43 56 77 117 (23)
10: 20 25 36 87 111 115 171 (23)
11: 4 93 106 129 130 135 161 186 (23)
12: 126 187 189 199 (23)
13: 99 107 118 138 140 143 181 (23)
14: 2 57 74 75 83 97 103 185 (23)
15: 59 94 100 109 158 173 (23)
16: 22 96 152 194 (23)
17: 17 30 104 112 144 159 193 (22)
18: 6 9 46 50 102 121 125 151 (23)
19: 3 10 33 55 89 120 197 (23)
20: 62 95 101 196 (23)
21: 39 86 175 184 (23)
22: 32 42 71 72 116 128 136 148 150 (23)
23: 18 44 47 63 142 (23)
24: 8 19 90 123 134 137 192 (23)
25: 7 13 16 29 119 (23)
26: 40 60 68 113 141 145 198 (23)
27: 37 64 162 163 169 (23)
28: 24 28 81 82 191 (23)
29: 27 34 41 105 132 160 178 195 (23)
30: 12 14 70 80 168 190 (23)
31: 0 26 69 79 133 139 156 (23)
32: 5 88 122 172 (23)
33: 53 146 167 174 (23)
34: 48 52 124 127 155 (23)
35: (0)
