Name: 400-30-45
Time: 6.391643047332764 
Result: 40
Solution: 35 49 63 18 42 38 39 47 60 32 33 59 48 32 49 4 18 52 19 46 60 44 59 47 52 21 51 51 36 24 4 21 55 62 24 49 12 50 36 13 18 30 41 9 53 33 8 35 9 51 61 60 54 55 14 23 20 32 55 24 39 6 45 57 64 62 32 37 20 31 43 36 13 6 7 12 19 51 59 15 60 21 35 27 35 48 19 17 38 27 60 45 46 20 7 8 40 17 64 10 42 63 44 28 16 48 21 10 37 19 49 48 62 31 57 32 18 13 11 14 25 58 63 20 18 8 20 40 65 28 30 30 59 62 59 61 43 56 54 17 36 39 28 18 38 10 24 35 27 27 27 42 8 33 60 20 26 31 57 4 21 38 29 50 3 17 58 41 46 15 44 41 4 22 57 57 40 36 16 38 61 29 56 58 55 14 34 29 25 51 27 39 15 13 14 11 65 32 45 15 22 52 42 45 22 6 24 16 40 42 45 43 54 9 17 34 37 12 6 29 10 62 38 65 23 43 25 50 3 27 30 52 6 17 22 45 55 59 51 4 6 55 37 27 29 25 4 27 28 55 34 16 37 25 18 3 31 12 22 63 22 47 35 11 46 46 58 30 43 42 29 65 30 60 57 6 37 52 45 25 4 42 15 57 20 54 59 38 27 49 12 62 3 3 49 35 52 56 13 40 20 48 40 25 10 41 16 36 51 46 55 49 65 36 7 44 53 26 53 51 44 10 35 42 50 23 7 30 34 61 38 25 44 43 32 46 26 54 39 33 58 17 9 62 36 27 33 9 8 54 52 25 12 31 50 53 57 35 51 30 47 45 48 61 44 62 61 14 6 46 19 36 9 44 6 8 17 10 9 34 21 25 53 26 61 48 13 38 8 17 43 50 19 58 3 29 8 18 10 7 
0: (0)
1: (0)
2: (0)
3: 164 228 255 292 293 394 (30)
4: 15 30 159 172 239 246 280 (40)
5: (0)
6: 61 73 205 218 232 240 275 368 374 (40)
7: 74 94 314 326 399 (34)
8: 46 95 125 152 348 375 388 396 (30)
9: 43 48 213 342 347 372 378 (39)
10: 99 107 145 220 304 321 377 398 (37)
11: 118 195 263 (31)
12: 36 75 217 257 290 352 (31)
13: 39 72 117 193 298 386 (30)
14: 54 119 185 194 367 (33)
15: 79 169 192 199 282 (36)
16: 104 178 207 251 306 (36)
17: 87 97 139 165 214 233 341 376 389 (39)
18: 3 16 40 116 124 143 254 397 (38)
19: 18 76 86 109 370 392 (40)
20: 56 68 93 123 126 155 284 300 (36)
21: 25 31 81 106 160 380 (40)
22: 173 200 204 234 258 260 (40)
23: 55 224 325 (34)
24: 29 34 59 146 206 (40)
25: 120 188 226 245 253 279 303 331 351 381 (39)
26: 156 317 336 383 (39)
27: 83 89 148 149 150 190 229 243 247 288 345 (40)
28: 103 129 142 248 (37)
29: 162 181 187 219 244 270 395 (40)
30: 41 130 131 230 267 272 327 359 (40)
31: 69 113 157 256 353 (40)
32: 9 13 57 66 115 197 334 (40)
33: 10 45 153 339 346 (38)
34: 186 215 250 328 379 (40)
35: 0 47 82 84 147 262 295 322 357 (39)
36: 28 38 71 140 177 307 313 344 371 (40)
37: 67 108 216 242 252 276 (40)
38: 5 88 144 161 179 222 287 330 387 (40)
39: 6 60 141 191 338 (40)
40: 96 127 176 208 299 302 (40)
41: 42 167 171 305 (36)
42: 4 100 151 202 209 269 281 323 (40)
43: 70 136 211 225 268 333 390 (38)
44: 21 102 170 315 320 332 364 373 (40)
45: 62 91 198 203 210 235 278 361 (40)
46: 19 92 168 264 265 309 335 369 (40)
47: 7 23 261 360 (40)
48: 12 85 105 111 301 362 385 (40)
49: 1 14 35 110 289 294 311 (40)
50: 37 163 227 324 354 391 (40)
51: 26 27 49 77 189 238 308 319 358 (40)
52: 17 24 201 231 277 296 350 (40)
53: 44 316 318 355 382 (40)
54: 52 138 212 285 337 349 (40)
55: 32 53 58 184 236 241 249 310 (40)
56: 137 182 297 (40)
57: 63 114 158 174 175 274 283 356 (40)
58: 121 166 183 266 340 393 (40)
59: 11 22 78 132 134 237 286 (39)
60: 8 20 51 80 90 154 273 (40)
61: 50 135 180 329 363 366 384 (40)
62: 33 65 112 133 221 291 343 365 (40)
63: 2 101 122 259 (30)
64: 64 98 (30)
65: 128 196 223 271 312 (30)
