Name: 400-40-60
Time: 12.345097303390503 
Result: 51
Solution: 32 24 55 17 44 54 20 72 40 68 17 17 44 41 67 6 5 65 70 62 49 61 28 65 39 25 35 47 63 13 59 27 32 40 25 54 36 11 40 37 36 50 73 42 9 53 53 32 50 45 49 26 46 29 3 21 60 60 17 42 25 49 57 27 43 62 58 23 49 69 3 46 62 6 50 64 62 62 32 50 71 53 66 34 10 61 70 50 23 38 16 26 51 46 19 18 51 17 46 45 72 42 60 22 37 42 60 14 7 7 62 14 64 28 68 47 37 34 16 46 27 29 71 39 52 73 45 59 27 21 59 70 11 35 31 40 41 43 43 17 64 20 72 24 35 39 66 64 20 36 46 15 17 43 6 11 59 49 44 71 30 20 68 53 34 39 58 52 37 10 53 67 28 72 14 4 50 37 6 31 30 65 18 58 18 47 48 45 13 68 21 23 34 4 6 4 25 33 30 8 32 29 36 17 63 9 31 11 26 28 33 23 20 33 15 50 41 60 32 58 54 7 8 18 64 30 56 9 8 4 57 3 41 71 10 57 65 21 11 69 16 9 14 15 52 4 39 62 7 49 67 25 55 25 8 35 54 54 9 5 28 13 6 26 25 56 54 27 31 46 23 28 51 31 43 13 16 41 57 66 13 11 17 23 26 37 53 21 57 73 60 47 51 58 42 19 52 30 67 30 68 55 22 10 33 32 20 15 56 48 20 15 51 57 20 72 32 38 40 10 44 17 41 11 38 60 63 55 35 69 50 33 24 63 46 5 49 41 18 61 41 8 65 30 71 61 50 40 36 70 51 54 17 39 34 31 29 66 26 5 16 66 67 29 58 22 57 17 7 34 48 39 23 3 11 25 35 24 39 27 26 59 15 19 72 68 69 4 70 71 44 48 53 37 62 38 43 24 64 22 
0: (0)
1: (0)
2: (0)
3: 54 70 231 373 (41)
4: 175 193 195 229 245 387 (40)
5: 16 259 335 359 (40)
6: 15 73 154 178 194 262 (51)
7: 108 109 221 248 368 (40)
8: 199 222 228 254 341 (42)
9: 44 205 227 241 258 (43)
10: 84 169 234 303 319 (45)
11: 37 132 155 207 238 281 323 374 (47)
12: (0)
13: 29 188 261 275 280 (51)
14: 107 111 174 242 (48)
15: 151 214 243 307 311 382 (51)
16: 90 118 240 276 360 (51)
17: 3 10 11 58 97 139 152 203 282 321 352 367 (40)
18: 95 182 184 223 338 (41)
19: 94 295 383 (50)
20: 6 141 148 161 212 306 310 314 (51)
21: 55 129 190 237 287 (43)
22: 103 302 365 399 (41)
23: 67 88 191 211 270 283 372 (49)
24: 1 143 332 377 397 (40)
25: 25 34 60 196 251 253 264 375 (48)
26: 51 91 208 263 284 358 380 (45)
27: 31 63 120 128 267 379 (50)
28: 22 113 172 209 260 271 (47)
29: 53 121 201 356 363 (50)
30: 160 180 198 225 297 299 343 (49)
31: 134 179 206 268 273 355 (50)
32: 0 32 47 78 200 218 305 316 (49)
33: 197 210 213 304 331 (50)
34: 83 117 164 192 354 369 (51)
35: 26 133 144 255 328 376 (51)
36: 36 40 149 202 348 (51)
37: 39 104 116 168 177 285 393 (51)
38: 89 317 324 395 (50)
39: 24 123 145 165 246 353 371 378 (51)
40: 8 33 38 135 318 347 (51)
41: 13 136 216 232 277 322 337 340 (51)
42: 43 59 101 105 294 (51)
43: 64 137 138 153 274 396 (51)
44: 4 12 158 320 390 (51)
45: 49 99 126 187 (49)
46: 52 71 93 98 119 150 269 334 (51)
47: 27 115 185 291 (50)
48: 186 309 370 391 (51)
49: 20 50 61 68 157 249 336 (51)
50: 41 48 74 79 87 176 215 330 346 (51)
51: 92 96 272 292 312 350 (51)
52: 124 167 244 296 (51)
53: 45 46 81 163 170 286 392 (51)
54: 5 35 220 256 257 266 351 (51)
55: 2 252 301 327 (51)
56: 226 265 308 (51)
57: 62 230 235 278 288 313 366 (51)
58: 66 166 183 219 293 364 (51)
59: 30 127 130 156 381 (51)
60: 56 57 102 106 217 290 325 (51)
61: 21 85 339 345 (51)
62: 19 65 72 76 77 110 247 394 (51)
63: 28 204 326 333 (51)
64: 75 112 140 147 224 398 (51)
65: 17 23 181 236 342 (50)
66: 82 146 279 357 361 (51)
67: 14 171 250 298 362 (49)
68: 9 114 162 189 300 385 (50)
69: 69 239 329 386 (50)
70: 18 86 131 349 388 (51)
71: 80 122 159 233 344 389 (45)
72: 7 100 142 173 315 384 (51)
73: 42 125 289 (44)
74: (0)
