Name: 400-50-80
Time: 19.568274974822998 
Result: 69
Solution: 62 10 11 11 9 10 18 47 62 16 20 29 50 70 48 32 60 2 54 63 48 52 69 58 67 31 12 32 69 65 42 62 54 47 39 66 12 11 43 17 38 57 10 7 23 61 7 42 45 52 18 18 25 29 18 22 19 40 8 15 5 48 20 34 30 68 52 46 19 20 38 27 69 63 61 19 5 22 21 33 25 63 52 7 5 32 30 47 35 51 32 21 56 58 64 42 44 70 14 22 63 47 30 27 51 25 56 65 9 14 20 25 46 25 54 2 9 61 41 48 26 34 15 52 37 11 8 5 39 35 69 66 51 9 44 49 55 11 2 50 37 35 57 23 58 5 33 43 11 29 19 38 27 56 23 36 16 37 43 7 30 59 12 50 7 32 56 54 60 70 14 20 63 15 44 14 59 16 2 5 47 33 9 19 45 51 42 63 49 11 57 62 55 24 49 63 16 43 27 68 21 23 57 21 17 67 52 26 14 29 8 53 31 67 69 54 59 27 9 12 54 55 30 60 41 21 21 10 49 38 38 56 9 69 2 25 29 27 26 66 15 49 37 50 42 5 33 8 8 35 68 56 22 23 46 32 26 40 14 12 37 10 65 41 18 21 36 9 24 41 66 5 21 45 40 35 27 37 24 48 58 53 30 48 45 40 64 38 15 32 38 20 45 29 68 68 17 36 11 64 23 41 42 61 31 30 61 27 37 33 55 32 17 41 12 52 22 30 51 63 35 47 62 56 66 55 60 33 34 58 22 45 33 27 38 29 15 59 26 50 44 15 32 31 59 53 47 22 60 29 22 26 48 66 62 29 43 36 19 49 57 39 11 65 16 16 16 34 40 35 17 5 39 5 45 7 60 24 29 9 23 51 67 19 16 44 39 70 17 62 53 46 55 69 2 5 40 14 10 39 
0: (0)
1: (0)
2: 17 115 138 178 234 394 (67)
3: (0)
4: (0)
5: 60 76 84 127 145 179 245 271 371 373 395 (66)
6: (0)
7: 43 46 83 159 164 375 (61)
8: 58 126 210 247 248 (69)
9: 4 108 116 133 182 218 232 267 379 (63)
10: 1 5 42 227 261 398 (51)
11: 2 3 37 125 137 148 189 298 362 (67)
12: 26 36 162 219 259 314 (63)
13: (0)
14: 98 109 170 175 208 258 397 (68)
15: 59 122 173 240 288 336 341 (64)
16: 9 156 177 196 364 365 366 384 (50)
17: 39 204 296 312 370 388 (66)
18: 6 50 51 54 264 (67)
19: 56 68 75 150 183 358 383 (69)
20: 10 62 69 110 171 291 (69)
21: 78 91 200 203 225 226 265 272 (50)
22: 55 77 99 252 316 330 347 350 (66)
23: 44 143 154 201 253 300 380 (51)
24: 193 268 278 377 (58)
25: 52 80 105 111 113 235 (69)
26: 120 207 238 256 338 351 (67)
27: 71 103 152 198 217 237 276 307 333 (68)
28: (0)
29: 11 53 149 209 236 293 335 349 355 378 (69)
30: 64 86 102 160 222 282 305 317 (68)
31: 25 212 304 343 (62)
32: 15 27 85 90 165 255 289 311 342 (68)
33: 79 146 181 246 309 327 332 (69)
34: 63 121 328 367 (66)
35: 88 129 141 249 275 320 369 (68)
36: 155 266 297 357 (68)
37: 124 140 157 242 260 277 308 (69)
38: 40 70 151 229 230 287 290 334 (68)
39: 34 128 361 372 386 399 (69)
40: 57 257 274 285 368 396 (69)
41: 118 224 263 269 301 313 (68)
42: 30 47 95 186 244 302 (65)
43: 38 147 158 197 356 (69)
44: 96 134 174 340 385 (69)
45: 48 184 273 284 292 331 374 (69)
46: 67 112 254 391 (68)
47: 7 33 87 101 180 321 346 (66)
48: 14 20 61 119 279 283 352 (69)
49: 135 188 194 228 241 359 (68)
50: 12 139 163 243 339 (69)
51: 89 104 132 185 318 381 (69)
52: 21 49 66 82 123 206 315 (69)
53: 211 281 345 390 (66)
54: 18 32 114 167 215 220 (68)
55: 136 192 221 310 325 392 (69)
56: 92 106 153 166 231 251 323 (68)
57: 41 142 190 202 360 (69)
58: 23 93 144 280 329 (69)
59: 161 176 216 337 344 (69)
60: 16 168 223 326 348 376 (69)
61: 45 74 117 303 306 (69)
62: 0 8 31 191 322 354 389 (69)
63: 19 73 81 100 172 187 195 319 (69)
64: 94 286 299 (69)
65: 29 107 262 363 (69)
66: 35 131 239 270 324 353 (69)
67: 24 205 213 382 (69)
68: 65 199 250 294 295 (69)
69: 22 28 72 130 214 233 393 (69)
70: 13 97 169 387 (69)
71: (0)
