Name: 400-20-30
Time: 10.118065118789673 
Result: 28
Solution: 49 16 32 7 84 19 61 81 92 56 74 72 16 64 95 84 56 60 64 49 22 6 65 58 45 57 99 21 61 64 20 13 77 2 28 48 60 90 100 93 79 13 18 98 75 38 2 46 28 60 10 5 17 8 31 98 63 100 60 77 94 74 14 17 32 52 85 5 59 10 35 36 51 90 53 24 49 83 22 85 13 87 77 20 3 26 101 13 54 83 51 84 36 68 14 20 56 46 90 32 42 20 12 7 61 80 46 75 101 91 25 71 24 102 51 87 27 7 50 78 74 34 87 34 55 9 10 37 73 78 77 93 88 12 57 24 62 13 29 27 51 20 10 82 85 74 53 31 37 62 52 93 10 71 72 89 96 45 49 57 26 25 42 20 35 32 32 88 60 8 38 48 6 92 99 95 6 22 24 48 27 54 16 66 91 7 66 83 59 76 16 18 48 68 102 3 24 39 13 29 30 8 91 29 41 30 89 41 54 35 74 69 79 59 14 26 49 82 46 31 70 72 83 3 65 53 6 58 79 49 68 39 77 94 60 102 59 88 9 55 21 83 3 84 98 65 97 94 34 37 100 44 64 26 28 43 40 25 19 49 80 73 90 79 53 97 92 45 73 86 73 44 101 37 95 37 48 38 32 100 82 39 96 9 67 52 46 66 66 2 76 10 85 24 28 59 98 96 86 58 30 54 9 86 2 64 14 85 86 67 26 36 67 42 22 78 19 34 76 21 38 55 95 41 12 65 63 68 74 29 97 14 35 99 10 71 40 62 47 72 7 3 57 94 69 31 54 19 50 3 19 42 27 29 78 14 5 70 37 37 50 96 43 17 56 89 72 18 43 35 7 3 45 90 87 67 71 26 17 80 76 91 42 44 41 100 14 36 81 69 58 47 70 55 80 8 39 64 69 85 
0: (0)
1: (0)
2: 33 46 289 304 (23)
3: 84 195 223 242 341 349 371 (20)
4: (0)
5: 51 67 356 (28)
6: 21 172 176 226 (27)
7: 3 103 117 185 340 370 (26)
8: 53 169 201 395 (26)
9: 125 238 283 302 (21)
10: 50 69 126 142 152 291 334 (28)
11: (0)
12: 102 133 324 (25)
13: 31 41 80 87 137 198 (28)
14: 62 94 214 306 331 355 386 (22)
15: (0)
16: 1 12 182 190 (25)
17: 52 63 363 378 (28)
18: 42 191 367 (26)
19: 5 258 316 347 350 (25)
20: 30 83 95 101 141 163 (26)
21: 27 240 319 (25)
22: 20 78 177 314 (24)
23: (0)
24: 75 112 135 178 196 293 (23)
25: 110 161 257 (24)
26: 85 160 215 253 310 377 (20)
27: 116 139 180 352 (28)
28: 34 48 254 294 (28)
29: 138 199 203 329 353 (26)
30: 200 205 300 (28)
31: 54 147 219 345 (22)
32: 2 64 99 165 166 278 (28)
33: (0)
34: 121 123 248 317 (28)
35: 70 164 209 332 369 (26)
36: 71 92 311 387 (28)
37: 127 148 249 273 275 358 359 (28)
38: 45 170 277 320 (28)
39: 197 231 281 396 (20)
40: 256 336 (21)
41: 204 207 323 384 (27)
42: 100 162 313 351 382 (21)
43: 255 362 368 (21)
44: 251 271 383 (22)
45: 24 157 267 372 (24)
46: 47 97 106 218 286 (27)
47: 338 391 (28)
48: 35 171 179 192 276 (27)
49: 0 19 76 158 216 229 259 (27)
50: 118 348 360 (28)
51: 72 90 114 140 (28)
52: 65 150 285 (23)
53: 74 146 225 264 (28)
54: 88 181 208 301 346 (28)
55: 124 239 321 393 (27)
56: 9 16 96 364 (28)
57: 25 134 159 342 (27)
58: 23 227 299 390 (28)
59: 68 188 213 236 295 (27)
60: 17 36 49 58 168 234 (28)
61: 6 28 104 (26)
62: 136 149 337 (27)
63: 56 326 (28)
64: 13 18 29 252 305 397 (28)
65: 22 224 245 325 (28)
66: 183 186 287 288 (28)
67: 284 309 312 375 (27)
68: 93 193 230 327 (26)
69: 211 344 389 398 (28)
70: 220 357 392 (28)
71: 111 153 335 376 (28)
72: 11 154 221 339 366 (28)
73: 128 261 268 270 (28)
74: 10 61 120 145 210 328 (28)
75: 44 107 (27)
76: 189 290 318 380 (28)
77: 32 59 82 130 232 (26)
78: 119 129 315 354 (25)
79: 40 212 228 263 (28)
80: 105 260 379 394 (28)
81: 7 388 (28)
82: 143 217 280 (25)
83: 77 89 187 222 241 (28)
84: 4 15 91 243 (28)
85: 66 79 144 292 307 399 (28)
86: 269 298 303 308 (28)
87: 81 115 122 374 (28)
88: 132 167 237 (28)
89: 155 206 365 (28)
90: 37 73 98 262 373 (28)
91: 109 184 202 381 (28)
92: 8 173 266 (28)
93: 39 131 151 (28)
94: 60 233 247 343 (28)
95: 14 175 274 322 (28)
96: 156 282 297 361 (28)
97: 246 265 330 (28)
98: 43 55 244 296 (28)
99: 26 174 333 (27)
100: 38 57 250 279 385 (26)
101: 86 108 272 (28)
102: 113 194 235 (27)
103: (0)
104: (0)
