Name: 600-30-45
Time: 20.821272134780884 
Result: 43
Solution: 70 80 54 71 76 57 49 29 55 139 20 139 84 6 130 14 129 51 7 70 137 110 30 46 113 46 99 133 138 37 83 139 36 64 118 28 89 118 135 45 53 32 104 142 60 51 109 145 66 114 76 113 25 90 140 133 120 114 4 133 63 67 21 136 31 86 118 137 67 99 109 75 145 91 13 92 21 30 69 19 55 80 59 32 108 86 15 38 139 57 98 33 9 138 61 11 53 126 71 49 24 138 25 22 92 6 40 96 133 21 129 111 48 111 68 141 89 108 77 34 106 124 84 144 68 11 92 81 77 122 109 104 132 69 97 129 79 10 92 10 123 56 100 20 78 40 16 117 137 123 70 7 80 58 47 120 111 57 59 97 45 4 22 96 69 14 60 102 43 10 28 111 115 43 56 61 52 63 48 125 115 9 103 128 78 37 119 66 83 54 47 31 3 90 50 79 19 128 90 103 134 71 121 7 131 130 15 107 134 126 93 33 75 128 14 124 46 95 123 103 105 145 20 142 102 42 117 70 20 25 77 81 22 128 143 3 98 121 13 42 34 142 88 4 85 88 86 75 59 124 65 25 120 33 91 92 47 66 90 127 133 136 112 79 26 88 36 101 126 89 36 105 78 138 132 134 41 69 40 99 141 56 28 11 144 3 117 123 102 25 62 1 95 131 127 122 108 105 64 125 84 133 105 117 34 144 10 68 37 73 124 62 72 138 61 94 106 129 61 43 140 116 119 26 99 7 57 14 143 142 45 1 117 40 85 25 72 3 55 144 65 36 66 122 83 84 118 105 112 62 65 130 15 128 114 51 117 7 29 76 131 143 59 29 28 112 36 88 114 132 35 72 36 53 97 107 140 15 106 112 76 10 135 33 85 29 79 16 127 30 13 22 144 54 49 52 50 57 142 38 117 51 117 104 140 35 58 71 64 143 49 116 125 139 124 21 116 21 14 87 100 119 86 98 50 17 68 16 57 9 91 53 43 80 73 70 89 11 90 106 22 137 102 126 17 90 19 115 54 66 140 19 84 107 35 116 145 89 63 117 141 9 84 80 141 17 119 70 104 130 111 58 120 43 77 30 120 34 101 14 38 118 126 103 26 83 64 109 4 97 21 136 76 29 4 81 32 38 119 75 26 136 24 30 95 81 24 115 20 90 20 94 100 135 40 42 15 40 42 6 132 95 117 29 90 52 128 6 45 64 110 127 63 48 98 116 71 102 91 121 117 60 113 53 78 98 94 73 124 136 108 96 7 10 132 47 124 50 124 47 55 82 4 136 56 19 85 82 13 59 46 43 108 13 41 3 41 37 85 93 80 40 28 135 134 79 37 34 87 35 127 58 17 113 50 134 143 4 131 15 
0: (0)
1: 291 331 (33)
2: (0)
3: 192 235 285 337 575 (32)
4: 58 161 243 488 494 562 597 (43)
5: (0)
6: 13 105 519 527 (31)
7: 18 151 203 325 357 552 (43)
8: (0)
9: 92 181 429 461 (39)
10: 137 139 169 306 381 553 (43)
11: 95 125 283 437 (30)
12: (0)
13: 74 238 390 568 573 (32)
14: 15 165 214 327 418 479 (43)
15: 86 206 352 377 516 599 (34)
16: 146 387 427 (39)
17: 425 444 465 592 (41)
18: (0)
19: 79 196 446 451 565 (30)
20: 10 143 222 228 508 510 (41)
21: 62 76 109 415 417 490 (39)
22: 103 162 232 391 440 (42)
23: (0)
24: 100 502 506 (30)
25: 52 102 229 251 289 335 (34)
26: 264 323 484 500 (35)
27: (0)
28: 35 170 282 364 582 (34)
29: 7 358 363 385 493 523 (43)
30: 22 77 389 475 503 (42)
31: 64 191 (40)
32: 41 83 496 (30)
33: 91 211 253 383 (30)
34: 119 240 304 477 587 (39)
35: 370 405 454 589 (41)
36: 32 266 270 341 366 372 (38)
37: 29 185 308 577 586 (42)
38: 87 399 480 497 (39)
39: (0)
40: 106 145 278 333 514 517 581 (42)
41: 276 574 576 (37)
42: 225 239 515 518 (38)
43: 168 173 319 432 473 571 (41)
44: (0)
45: 39 160 330 528 (31)
46: 23 25 216 570 (35)
47: 154 190 256 555 559 (35)
48: 112 178 533 (36)
49: 6 99 394 410 (31)
50: 194 396 424 557 594 (35)
51: 17 45 355 401 (39)
52: 176 395 525 (36)
53: 40 96 373 431 543 (31)
54: 2 189 393 448 (36)
55: 8 80 338 560 (31)
56: 141 174 281 564 (41)
57: 5 89 157 326 397 428 (41)
58: 153 406 471 591 (34)
59: 82 158 248 362 569 (39)
60: 44 166 541 (32)
61: 94 175 314 318 (31)
62: 290 311 349 (41)
63: 60 177 458 532 (38)
64: 33 298 408 486 529 (32)
65: 250 340 350 (33)
66: 48 187 257 342 449 (34)
67: 61 68 (41)
68: 114 124 307 426 (35)
69: 78 133 164 277 (36)
70: 0 19 150 227 435 467 (38)
71: 3 98 201 407 536 (42)
72: 312 336 371 (43)
73: 309 434 547 (37)
74: (0)
75: 71 212 247 499 (42)
76: 4 50 359 380 492 (36)
77: 118 128 230 474 (41)
78: 144 184 272 544 (43)
79: 136 195 263 386 585 (43)
80: 1 81 152 433 463 580 (42)
81: 127 231 495 505 (43)
82: 561 567 (39)
83: 30 188 344 485 (37)
84: 12 122 300 345 452 462 (37)
85: 244 334 384 566 578 (43)
86: 65 85 246 422 (42)
87: 419 588 (34)
88: 242 245 265 367 (40)
89: 36 116 269 436 457 (42)
90: 53 193 198 258 438 445 509 524 (42)
91: 73 254 430 538 (43)
92: 75 104 126 138 255 (36)
93: 210 579 (43)
94: 315 511 546 (39)
95: 217 292 504 521 (43)
96: 107 163 551 (38)
97: 134 159 374 489 (43)
98: 90 236 423 534 545 (43)
99: 26 69 279 324 (40)
100: 142 420 512 (39)
101: 267 478 (42)
102: 167 224 288 442 537 (41)
103: 182 199 219 483 (31)
104: 42 131 403 468 (39)
105: 220 271 297 302 347 (43)
106: 120 316 378 439 (42)
107: 207 375 453 (40)
108: 84 117 296 550 572 (42)
109: 46 70 130 487 (36)
110: 21 530 (38)
111: 111 113 156 171 470 (43)
112: 262 348 365 379 (42)
113: 24 51 542 593 (42)
114: 49 57 354 368 (40)
115: 172 180 447 507 (41)
116: 321 411 416 455 535 (43)
117: 147 226 286 303 332 356 400 402 459 522 540 (43)
118: 34 37 66 346 481 (43)
119: 186 322 421 466 498 (43)
120: 56 155 252 472 476 (42)
121: 202 237 539 (43)
122: 129 295 343 (43)
123: 140 149 218 287 (43)
124: 121 215 249 310 414 548 556 558 (43)
125: 179 299 412 (42)
126: 97 209 268 443 482 (43)
127: 259 294 388 531 590 (43)
128: 183 197 213 233 353 526 (43)
129: 16 110 135 317 (43)
130: 14 205 351 469 (43)
131: 204 293 360 598 (43)
132: 132 274 369 520 554 (43)
133: 27 55 59 108 260 301 (43)
134: 200 208 275 584 595 (43)
135: 38 382 513 583 (43)
136: 63 261 491 501 549 563 (43)
137: 20 67 148 441 (43)
138: 28 93 101 273 313 (43)
139: 9 11 31 88 413 (43)
140: 54 320 376 404 450 (43)
141: 115 280 460 464 (42)
142: 43 223 241 329 398 (42)
143: 234 328 361 409 596 (41)
144: 123 284 305 339 392 (43)
145: 47 72 221 456 (43)
146: (0)
