Name: 600-50-80
Time: 238.0297486782074 
Result: 74
Solution: 40 103 85 45 111 118 42 15 103 36 61 7 87 50 102 27 65 101 115 79 122 53 41 95 36 21 120 82 103 92 17 69 15 33 81 12 19 82 49 116 19 13 74 10 42 71 39 95 95 110 75 88 16 79 83 28 57 52 112 21 29 71 70 49 36 78 93 73 106 16 90 125 73 41 115 64 4 98 40 83 113 104 31 73 124 8 85 21 26 4 45 60 51 72 107 16 63 104 89 38 17 25 9 34 19 42 8 9 44 102 120 123 57 12 78 66 49 32 102 46 46 4 6 26 118 31 64 5 100 13 55 38 30 22 75 72 54 121 105 111 17 112 94 65 41 17 88 93 101 23 54 123 38 7 92 108 64 123 23 114 113 97 53 107 55 8 72 6 73 95 59 119 116 94 78 117 109 46 104 1 36 99 89 119 44 20 13 10 59 104 105 100 91 42 125 39 102 74 99 108 35 70 40 115 76 103 47 67 12 72 110 15 112 113 76 59 4 119 75 108 100 39 90 12 48 88 60 62 22 59 22 5 68 82 80 84 97 57 83 47 116 43 37 15 77 46 9 97 59 55 29 71 40 41 117 51 118 84 53 108 81 86 35 80 84 93 77 77 17 37 97 112 76 61 38 89 85 106 22 53 27 1 88 79 33 66 26 6 61 70 20 117 85 80 111 28 122 51 69 113 123 121 71 12 53 65 32 78 85 27 83 110 118 69 30 84 89 6 25 30 25 100 16 52 64 120 23 95 93 20 82 92 27 65 121 48 56 124 56 58 118 70 36 84 68 45 60 16 34 92 113 56 28 67 119 70 93 110 68 31 80 66 105 64 44 95 92 31 24 103 63 44 100 111 86 9 38 34 44 27 34 124 24 90 112 28 24 24 60 33 52 106 70 51 41 97 76 25 60 60 94 91 13 30 48 74 108 57 51 121 104 47 46 54 90 58 118 7 28 27 19 121 27 89 55 20 50 124 103 58 16 74 64 45 106 10 9 40 110 114 48 98 64 125 35 97 40 80 87 96 7 107 72 39 92 22 114 42 43 50 49 47 121 98 84 121 25 39 113 17 105 68 24 108 49 96 110 94 31 116 77 66 69 51 29 73 73 103 8 31 97 84 12 16 35 61 55 86 109 22 78 91 91 17 1 71 79 43 22 114 56 94 22 122 83 110 112 4 6 37 106 120 66 37 49 40 89 85 5 58 33 62 64 32 43 17 13 86 67 102 115 91 59 109 19 5 87 120 28 10 96 66 15 47 29 47 37 33 81 61 56 82 72 50 101 87 50 32 49 81 99 13 102 62 75 67 29 72 90 97 10 118 32 77 43 69 62 115 9 28 52 20 66 9 74 124 100 54 31 79 
0: (0)
1: 179 281 504 (56)
2: (0)
3: (0)
4: 76 89 121 216 517 (53)
5: 127 231 528 545 (63)
6: 122 167 287 317 518 (51)
7: 11 153 417 450 (58)
8: 85 106 165 488 (53)
9: 102 107 246 375 436 588 593 (74)
10: 43 187 435 549 580 (64)
11: (0)
12: 35 113 208 223 303 492 (72)
13: 41 129 186 402 536 571 (68)
14: (0)
15: 7 32 211 243 552 (64)
16: 52 69 95 322 347 430 493 (58)
17: 30 100 140 145 268 469 503 535 (60)
18: (0)
19: 36 40 104 420 544 (71)
20: 185 290 329 425 591 (52)
21: 25 59 87 (59)
22: 133 228 230 278 455 499 508 512 (50)
23: 149 158 326 (67)
24: 368 382 386 387 472 (52)
25: 101 318 320 397 466 (50)
26: 88 123 286 (58)
27: 15 280 309 332 379 419 422 (59)
28: 55 295 352 385 418 548 589 (73)
29: 60 250 484 554 576 (66)
30: 132 314 319 403 (52)
31: 82 125 359 367 478 489 598 (50)
32: 117 306 533 567 582 (53)
33: 33 284 389 530 557 (57)
34: 103 348 377 380 (53)
35: 200 262 444 494 (56)
36: 9 24 64 180 342 (69)
37: 242 269 519 523 556 (65)
38: 99 131 152 274 376 (68)
39: 46 195 221 453 467 (67)
40: 0 78 202 252 437 446 525 (56)
41: 22 73 144 253 394 (54)
42: 6 44 105 193 457 (71)
43: 241 458 507 534 584 (61)
44: 108 184 364 371 378 (74)
45: 3 90 345 433 (72)
46: 119 120 177 245 412 (66)
47: 206 239 411 461 553 555 (67)
48: 224 335 404 440 (66)
49: 38 63 116 460 474 524 568 (73)
50: 13 426 459 563 566 (61)
51: 92 255 297 393 408 483 (67)
52: 57 323 390 590 (67)
53: 21 162 258 279 304 (64)
54: 136 150 413 597 (67)
55: 130 164 249 424 496 (70)
56: 336 338 351 510 560 (55)
57: 56 112 237 407 (66)
58: 339 415 429 529 (73)
59: 170 188 215 229 248 542 (67)
60: 91 226 346 388 398 399 (73)
61: 10 273 288 495 559 (55)
62: 227 531 573 586 (50)
63: 96 370 (71)
64: 75 126 156 324 363 432 442 532 (66)
65: 16 143 305 333 (72)
66: 115 285 361 481 522 551 592 (73)
67: 207 353 538 575 (73)
68: 232 344 358 471 (67)
69: 31 298 313 482 585 (74)
70: 62 201 289 341 355 392 (73)
71: 45 61 251 302 505 (74)
72: 93 135 166 209 452 562 577 (72)
73: 67 72 83 168 485 486 (74)
74: 42 197 405 431 594 (74)
75: 50 134 218 574 (74)
76: 204 214 272 396 (74)
77: 244 266 267 480 583 (74)
78: 65 114 174 307 500 (74)
79: 19 53 283 506 599 (73)
80: 234 263 293 360 447 (74)
81: 34 260 558 569 (74)
82: 27 37 233 330 561 (74)
83: 54 79 238 310 514 (74)
84: 235 257 264 315 343 464 491 (74)
85: 2 86 276 292 308 527 (73)
86: 261 374 497 537 (72)
87: 12 448 546 565 (68)
88: 51 146 225 282 (73)
89: 98 182 275 316 423 526 (74)
90: 70 222 383 414 578 (74)
91: 192 401 501 502 541 (74)
92: 29 154 331 349 366 454 (74)
93: 66 147 265 328 356 (73)
94: 142 173 400 477 511 (74)
95: 23 47 48 169 327 365 (73)
96: 449 475 550 (73)
97: 161 236 247 270 395 445 490 579 (74)
98: 77 441 463 (74)
99: 181 198 570 (74)
100: 128 191 220 321 372 596 (74)
101: 17 148 564 (74)
102: 14 109 118 196 539 572 (74)
103: 1 8 28 205 369 428 487 (68)
104: 81 97 178 189 410 (74)
105: 138 190 362 470 (74)
106: 68 277 391 434 520 (74)
107: 94 163 451 (73)
108: 155 199 219 259 406 473 (74)
109: 176 498 543 (74)
110: 49 210 311 357 438 476 515 (74)
111: 4 139 294 373 (74)
112: 58 141 212 271 384 516 (74)
113: 80 160 213 299 350 468 (74)
114: 159 439 456 509 (74)
115: 18 74 203 540 587 (74)
116: 39 172 240 479 (74)
117: 175 254 291 (74)
118: 5 124 256 312 340 416 581 (74)
119: 171 183 217 354 (74)
120: 26 110 325 521 547 (74)
121: 137 301 334 409 421 462 465 (74)
122: 20 296 513 (74)
123: 111 151 157 300 (73)
124: 84 337 381 427 595 (74)
125: 71 194 443 (73)
126: (0)
