Name: 600-20-30
Time: 10.015333414077759 
Result: 28
Solution: 110 21 13 100 33 68 64 78 82 26 55 59 64 74 81 96 42 58 58 66 74 24 87 109 87 66 104 5 71 11 31 67 48 87 50 110 18 38 14 44 22 27 110 48 100 68 9 98 42 102 30 12 31 61 62 67 20 12 76 22 91 60 110 77 111 95 105 63 38 110 3 85 64 82 109 55 88 28 8 30 7 34 44 97 58 72 112 17 5 91 103 37 35 41 17 111 49 94 60 76 21 73 41 93 94 52 28 14 68 112 16 86 69 33 83 87 96 78 78 88 79 53 46 9 29 105 108 77 94 51 32 103 106 6 75 28 92 42 52 76 3 76 67 72 68 58 7 19 103 112 55 102 102 61 88 101 59 46 81 99 16 106 12 24 85 28 47 14 83 31 16 19 77 38 64 5 63 49 70 57 28 43 113 19 54 44 49 17 57 25 3 63 103 37 90 21 91 21 73 96 56 19 34 21 39 61 97 107 86 112 13 100 34 83 50 86 93 11 90 9 64 7 89 53 100 70 108 24 57 6 69 94 106 43 15 65 71 100 85 106 27 84 69 38 3 20 24 18 20 18 15 43 11 65 96 18 86 32 88 74 97 5 66 113 71 50 43 9 34 107 83 35 10 55 98 70 31 104 65 111 69 107 61 101 52 108 106 90 67 102 102 8 86 97 101 47 29 67 87 41 104 62 80 47 89 94 101 30 71 87 91 70 20 12 35 75 77 9 30 66 36 84 60 26 74 63 48 39 101 22 7 46 43 110 68 68 6 73 77 5 33 57 78 99 66 89 94 3 78 24 69 37 104 33 93 82 11 29 61 25 82 37 95 73 80 60 12 30 98 13 18 41 108 75 92 43 102 105 71 106 27 75 68 30 89 77 13 104 54 14 74 47 77 71 58 24 54 73 50 103 7 14 77 112 54 27 44 44 79 97 95 78 86 105 83 103 47 51 25 101 41 109 108 113 6 92 96 37 62 88 36 51 9 74 57 98 53 14 64 78 14 8 83 112 92 9 33 109 53 88 39 48 47 17 64 113 64 59 17 51 81 35 103 80 84 108 50 61 48 46 54 41 106 36 7 95 91 15 72 86 72 42 80 80 21 58 65 32 10 40 36 52 88 76 26 40 101 72 29 81 92 110 58 91 52 79 92 86 38 83 24 34 62 53 110 36 10 19 20 81 111 22 74 8 93 92 5 71 12 9 91 12 37 72 52 15 108 105 46 85 92 70 27 30 57 91 21 14 61 96 25 43 63 75 81 27 72 67 99 49 48 76 72 55 90 3 46 90 32 37 56 85 25 112 62 56 18 21 31 16 59 80 34 6 90 24 70 51 6 39 84 38 22 98 53 96 111 97 111 80 
0: (0)
1: (0)
2: (0)
3: 70 140 190 244 347 565 (25)
4: (0)
5: 27 88 175 261 339 526 (28)
6: 133 229 336 424 583 588 (20)
7: 80 146 221 330 400 474 (20)
8: 78 291 441 523 (21)
9: 46 123 219 267 317 432 445 529 (21)
10: 272 488 516 (21)
11: 29 217 252 356 (20)
12: 51 57 162 313 366 528 531 (22)
13: 2 210 369 386 (23)
14: 38 107 167 389 401 437 440 547 (26)
15: 234 250 477 535 (23)
16: 110 160 170 579 (20)
17: 87 94 187 453 458 (20)
18: 36 247 249 255 370 576 (25)
19: 147 171 183 201 517 (21)
20: 56 245 248 312 518 (20)
21: 1 100 195 197 203 484 546 577 (28)
22: 40 59 329 521 592 (23)
23: (0)
24: 21 163 227 246 349 395 510 585 (27)
25: 189 359 418 550 572 (27)
26: 9 323 494 (20)
27: 41 240 380 405 542 555 (25)
28: 77 106 135 165 180 (21)
29: 124 296 357 498 (23)
30: 50 79 307 318 367 383 543 (24)
31: 30 52 169 276 578 (22)
32: 130 257 487 568 (20)
33: 4 113 340 353 446 (24)
34: 81 202 212 268 511 582 (27)
35: 92 271 314 461 (27)
36: 320 430 473 490 515 (21)
37: 91 193 351 361 427 532 569 (24)
38: 37 68 173 243 508 591 (23)
39: 204 327 450 589 (28)
40: 489 495 (24)
41: 93 102 299 371 420 471 (22)
42: 16 48 137 481 (21)
43: 181 233 251 266 332 375 551 (27)
44: 39 82 185 406 407 (24)
45: (0)
46: 122 157 331 469 538 566 (27)
47: 166 295 303 391 416 452 (24)
48: 32 43 326 451 468 560 (26)
49: 96 177 186 559 (27)
50: 34 214 265 398 466 (26)
51: 129 417 431 459 587 (27)
52: 105 138 284 491 504 534 (21)
53: 121 223 436 448 513 594 (28)
54: 184 388 396 404 470 (28)
55: 10 75 150 273 563 (24)
56: 200 570 575 (24)
57: 179 188 228 341 434 544 (28)
58: 17 18 84 145 394 485 502 (28)
59: 11 156 457 580 (25)
60: 61 98 322 365 (24)
61: 53 153 205 282 358 467 548 (28)
62: 54 301 428 512 574 (28)
63: 67 176 191 325 552 (28)
64: 6 12 72 174 220 438 454 456 (27)
65: 235 253 278 486 (20)
66: 19 25 262 319 344 (28)
67: 31 55 142 288 297 557 (28)
68: 5 45 108 144 334 335 382 (28)
69: 112 230 242 280 350 (28)
70: 178 225 275 311 541 586 (27)
71: 28 236 264 308 378 393 527 (28)
72: 85 143 478 480 497 533 556 562 (28)
73: 101 198 337 363 397 (28)
74: 13 20 259 324 390 433 522 (28)
75: 134 315 373 381 553 (28)
76: 58 99 139 141 493 561 (28)
77: 63 127 172 316 338 385 392 402 (28)
78: 7 117 118 342 348 411 439 (28)
79: 120 408 505 (28)
80: 302 364 463 482 483 581 599 (28)
81: 14 158 460 499 519 554 (28)
82: 8 73 355 360 (25)
83: 114 168 213 270 414 442 509 (27)
84: 241 321 464 590 (25)
85: 71 164 238 539 571 (28)
86: 111 208 215 256 292 412 479 507 (28)
87: 22 24 33 115 298 309 (27)
88: 76 119 154 258 429 449 492 (27)
89: 222 304 345 384 (28)
90: 194 218 287 564 567 584 (28)
91: 60 89 196 310 476 503 530 545 (28)
92: 136 374 425 444 500 506 525 540 (28)
93: 103 216 354 524 (28)
94: 97 104 128 231 305 346 (28)
95: 65 362 410 475 (28)
96: 15 116 199 254 426 549 595 (28)
97: 83 206 260 293 409 597 (28)
98: 47 274 368 435 593 (28)
99: 159 343 558 (28)
100: 3 44 211 224 237 (28)
101: 155 283 294 306 328 419 496 (28)
102: 49 151 152 289 290 376 (28)
103: 90 131 148 192 399 415 462 (28)
104: 26 277 300 352 387 (28)
105: 66 125 377 413 537 (28)
106: 132 161 232 239 286 379 472 (28)
107: 207 269 281 (28)
108: 126 226 285 372 422 465 536 (28)
109: 23 74 421 447 (28)
110: 0 35 42 62 69 333 501 514 (28)
111: 64 95 279 520 596 598 (28)
112: 86 109 149 209 403 443 573 (28)
113: 182 263 423 455 (28)
114: (0)
115: (0)
