Name: 600-40-60
Time: 27.663777351379395 
Result: 54
Solution: 82 19 39 55 28 33 104 72 100 26 3 111 13 80 111 54 62 60 45 43 37 56 96 62 4 64 83 63 70 98 24 50 26 108 46 70 113 111 36 72 93 71 14 94 22 71 34 41 65 69 89 78 76 101 85 46 33 97 34 12 46 29 85 81 106 52 95 56 76 53 86 82 14 105 66 51 8 95 27 120 22 91 110 36 27 70 3 105 37 99 94 22 98 80 103 103 94 23 63 62 15 56 108 86 85 77 9 91 9 120 29 11 3 58 11 34 13 42 67 96 59 75 45 85 67 72 64 99 59 70 4 105 14 104 109 38 55 100 45 107 14 100 18 37 68 84 62 24 4 4 12 109 87 44 102 16 47 16 18 51 34 73 58 72 90 43 115 83 35 56 23 43 41 81 65 28 49 104 95 84 72 117 85 40 26 117 40 52 22 73 101 46 60 102 111 71 113 87 49 72 33 5 114 89 117 110 82 5 59 118 69 107 82 7 97 89 114 24 32 89 100 21 89 5 81 111 67 23 76 63 47 9 68 90 91 102 46 79 74 99 39 110 14 103 50 77 33 59 63 11 97 24 59 95 24 101 20 16 108 42 13 51 78 28 10 115 34 81 20 106 59 112 9 98 65 110 110 103 110 50 45 13 69 5 96 19 39 109 84 56 5 65 60 120 78 56 107 18 21 28 10 28 44 118 43 7 89 78 91 57 81 12 100 38 69 102 29 35 50 93 62 68 64 117 41 73 97 9 105 26 55 115 18 21 104 102 9 92 118 33 96 95 75 30 80 104 107 31 62 37 112 61 116 105 92 69 45 65 94 49 112 61 4 80 54 116 102 50 113 7 32 110 92 18 63 78 50 99 22 29 66 76 29 91 78 75 5 10 41 52 94 94 113 29 73 14 111 101 46 11 32 34 38 83 47 3 90 35 39 11 54 105 24 55 58 90 12 15 19 31 97 74 99 80 16 57 36 68 52 87 68 44 21 61 82 39 115 93 79 80 35 43 15 111 22 5 87 120 24 88 100 107 61 96 96 111 72 18 50 27 109 61 31 95 93 77 117 12 7 75 20 21 101 16 101 21 37 41 49 49 71 113 71 34 83 34 114 42 112 31 64 108 18 3 56 106 53 8 31 12 92 114 51 27 60 37 66 74 75 18 97 102 100 43 76 90 88 15 4 43 47 88 113 69 31 28 24 26 36 32 58 113 96 79 26 86 94 21 98 87 52 55 73 115 30 105 72 36 82 8 30 64 26 60 74 85 53 60 66 45 54 79 41 23 45 57 72 65 4 104 40 57 117 55 51 109 55 92 105 10 8 9 46 107 108 71 115 84 37 22 12 27 23 109 8 78 21 12 84 47 
0: (0)
1: (0)
2: (0)
3: 10 86 112 405 493 (44)
4: 24 130 148 149 362 518 568 (49)
5: 201 207 223 283 290 386 445 (42)
6: (0)
7: 213 305 369 468 (40)
8: 76 497 549 580 594 (52)
9: 106 108 231 272 327 336 581 (41)
10: 264 300 387 579 (50)
11: 111 114 249 399 409 (46)
12: 59 150 311 416 467 499 590 597 (41)
13: 12 116 260 281 (42)
14: 42 72 132 140 242 395 (54)
15: 100 417 442 517 (46)
16: 155 157 257 424 473 (49)
17: (0)
18: 142 158 297 332 373 457 492 509 (45)
19: 1 285 418 (48)
20: 256 268 470 (48)
21: 221 298 333 432 471 475 537 596 (54)
22: 44 80 91 188 378 444 589 (48)
23: 97 170 227 563 592 (47)
24: 30 147 217 251 254 412 448 526 (46)
25: (0)
26: 9 32 184 329 527 534 552 (53)
27: 78 84 459 503 591 (54)
28: 4 175 263 299 301 525 (45)
29: 61 110 316 379 382 393 (41)
30: 343 544 550 (49)
31: 347 419 462 489 498 524 (41)
32: 218 370 400 529 (50)
33: 5 56 200 246 339 (52)
34: 46 58 115 160 266 401 483 485 (52)
35: 168 317 407 440 (41)
36: 38 83 426 528 547 (44)
37: 20 88 143 349 476 505 588 (40)
38: 135 313 402 (46)
39: 2 240 286 408 435 (52)
40: 183 186 570 (43)
41: 47 172 324 388 477 562 (51)
42: 117 259 487 (40)
43: 19 165 171 304 441 513 519 (44)
44: 153 302 431 (51)
45: 18 122 138 280 356 559 564 (52)
46: 34 55 60 191 236 398 582 (46)
47: 156 230 404 520 599 (51)
48: (0)
49: 176 198 359 478 479 (54)
50: 31 244 279 318 367 376 458 (40)
51: 75 159 261 502 574 (52)
52: 65 187 389 428 540 (53)
53: 69 496 556 (50)
54: 15 364 410 560 (48)
55: 3 136 330 413 541 573 576 (54)
56: 21 67 101 169 289 295 494 (52)
57: 309 425 565 571 (54)
58: 113 162 414 530 (51)
59: 120 128 208 247 252 270 (51)
60: 17 192 292 504 553 557 (54)
61: 351 361 433 452 461 (48)
62: 16 23 99 146 320 348 (52)
63: 27 98 229 248 374 (52)
64: 25 126 322 490 551 (54)
65: 48 174 274 291 357 567 (53)
66: 74 380 506 558 (51)
67: 118 124 226 (53)
68: 144 232 321 427 430 (52)
69: 49 210 282 314 355 523 (52)
70: 28 35 85 129 (52)
71: 41 45 195 480 482 585 (54)
72: 7 39 125 163 180 199 456 546 566 (52)
73: 161 189 325 394 542 (53)
74: 238 421 507 554 (54)
75: 121 342 385 469 508 (54)
76: 52 68 228 381 514 (54)
77: 105 245 465 (54)
78: 51 262 294 307 375 384 595 (54)
79: 237 438 533 561 (54)
80: 13 93 344 363 423 439 (54)
81: 63 173 224 267 310 (54)
82: 0 71 206 212 434 548 (54)
83: 26 167 403 484 (54)
84: 145 179 288 587 598 (54)
85: 54 62 104 123 182 555 (54)
86: 70 103 535 (54)
87: 152 197 429 446 539 (54)
88: 449 516 521 (54)
89: 50 203 215 219 222 306 (54)
90: 164 233 406 415 515 (54)
91: 81 107 234 308 383 (54)
92: 337 354 372 500 577 (54)
93: 40 319 437 464 (54)
94: 43 90 96 358 390 391 536 (54)
95: 66 77 178 253 341 463 (54)
96: 22 119 284 340 453 454 532 (54)
97: 57 214 250 326 420 510 (54)
98: 29 92 273 538 (54)
99: 89 127 239 377 422 (54)
100: 8 137 141 220 312 450 512 (54)
101: 53 190 255 397 472 474 (54)
102: 154 193 235 315 335 366 511 (53)
103: 94 95 243 277 (54)
104: 6 133 177 334 345 569 (54)
105: 73 87 131 328 353 411 545 578 (53)
106: 64 269 495 (53)
107: 139 211 296 346 451 583 (53)
108: 33 102 258 491 584 (54)
109: 134 151 287 460 575 593 (54)
110: 82 205 241 275 276 278 371 (54)
111: 11 14 37 194 225 396 443 455 (54)
112: 271 350 360 488 (54)
113: 36 196 368 392 481 522 531 (54)
114: 202 216 486 501 (54)
115: 166 265 331 436 543 586 (54)
116: 352 365 (51)
117: 181 185 204 323 466 572 (41)
118: 209 303 338 (41)
119: (0)
120: 79 109 293 447 (40)
