Name: 800-40-60
Time: 608.7108578681946 
Result: 57
Solution: 13 58 189 108 197 142 116 186 175 188 25 123 113 78 147 173 24 161 61 82 196 34 132 124 134 183 85 32 172 94 186 88 65 169 85 9 169 58 146 167 150 136 78 183 22 100 52 103 123 49 149 115 147 142 144 196 42 11 27 9 182 200 106 105 200 62 64 135 32 58 122 58 85 168 69 73 63 157 151 14 19 168 150 157 169 155 17 129 129 145 194 2 47 82 55 65 107 152 170 8 131 110 171 46 162 111 190 110 11 48 161 2 19 4 184 37 46 130 149 189 22 149 132 106 9 111 41 113 67 120 144 24 152 140 4 113 61 13 119 41 12 44 83 135 142 146 86 88 140 73 154 138 20 41 175 28 65 3 129 181 75 170 37 36 31 109 131 79 98 128 20 90 128 93 131 37 36 76 139 36 167 133 124 149 33 180 5 39 76 88 166 57 94 100 176 165 50 178 103 177 139 178 45 183 99 42 141 128 59 14 79 15 145 136 107 105 153 144 94 41 18 143 115 150 112 159 156 44 96 92 65 153 15 72 74 179 22 11 81 161 5 81 81 201 193 44 53 98 40 93 76 50 32 163 116 28 105 190 201 184 112 196 184 127 155 147 140 103 78 57 126 89 61 42 193 166 132 109 53 191 172 63 124 172 61 129 50 132 113 92 91 83 14 49 154 188 27 73 134 100 46 176 73 130 69 167 116 166 146 58 49 31 183 69 8 135 25 75 56 183 152 151 68 70 55 194 125 48 197 126 52 23 84 12 195 20 31 62 192 2 95 98 44 14 35 181 178 159 173 43 132 29 119 181 83 92 65 141 89 89 103 67 45 193 172 165 177 59 110 195 8 64 72 200 141 118 47 94 17 72 30 73 162 37 171 85 170 124 135 125 135 118 175 62 68 10 10 127 96 28 28 13 97 75 17 66 188 55 27 176 27 43 73 176 54 24 156 163 28 114 8 48 111 188 192 177 125 189 191 39 133 192 97 161 34 157 58 94 57 153 69 50 140 22 114 143 138 161 148 98 8 72 17 139 73 158 62 152 140 195 174 46 161 156 4 165 137 63 150 77 98 64 119 80 154 103 97 170 70 198 120 90 112 111 70 105 57 114 23 173 14 9 170 106 82 39 58 23 31 39 10 84 102 29 124 86 191 72 163 149 66 96 107 10 93 120 43 52 188 69 24 152 96 77 5 200 117 146 187 101 118 11 89 126 123 12 74 80 117 97 187 2 123 35 97 53 171 39 162 123 116 40 196 201 59 22 165 151 17 179 102 159 143 89 198 28 5 9 80 178 138 147 140 119 2 40 29 153 191 30 56 177 8 95 24 182 191 179 186 29 191 35 171 62 112 19 17 23 164 115 44 177 14 198 101 2 185 174 74 127 80 54 100 15 199 15 161 64 74 106 184 175 50 80 89 13 31 178 80 48 179 29 126 46 133 52 95 32 33 139 100 129 197 14 121 146 50 11 34 134 53 148 160 179 158 66 2 199 97 20 64 162 187 84 158 33 194 35 131 121 182 139 77 124 134 85 46 152 143 141 200 47 160 138 116 9 194 119 129 106 155 112 46 102 100 186 163 30 115 78 99 196 109 30 106 9 86 187 84 12 79 137 180 156 33 15 30 164 108 101 60 86 81 18 169 125 108 163 122 61 170 158 52 19 91 164 121 122 56 133 138 88 148 90 185 120 40 137 186 85 110 118 68 198 167 55 197 185 78 47 65 78 101 3 90 43 8 165 58 70 17 128 94 198 30 18 109 36 144 158 33 190 36 31 78 124 189 117 90 45 60 3 96 20 70 201 145 199 107 49 
0: (0)
1: (0)
2: 91 111 339 541 574 605 656 (48)
3: 157 763 791 (40)
4: 113 134 464 (55)
5: 186 240 524 566 (41)
6: (0)
7: (0)
8: 99 314 370 420 450 582 766 (57)
9: 35 59 124 491 567 685 705 (57)
10: 395 396 500 513 (57)
11: 57 108 237 531 647 (56)
12: 140 333 535 709 (56)
13: 0 137 401 625 (41)
14: 79 209 292 343 490 602 643 (57)
15: 211 232 613 615 715 (49)
16: (0)
17: 86 378 404 452 558 596 770 (51)
18: 220 723 775 (43)
19: 80 112 595 733 (42)
20: 152 170 335 659 793 (46)
21: (0)
22: 44 120 236 443 555 (49)
23: 331 488 497 597 (45)
24: 16 131 415 520 584 (54)
25: 10 316 (45)
26: (0)
27: 58 296 408 410 (43)
28: 155 255 399 400 418 565 (55)
29: 351 503 576 589 631 (56)
30: 380 579 697 703 716 774 (57)
31: 164 311 336 498 626 783 (57)
32: 27 68 252 637 (49)
33: 184 638 665 714 780 (46)
34: 21 434 648 (43)
35: 344 543 591 667 (46)
36: 163 176 179 777 782 (45)
37: 115 162 175 383 (45)
38: (0)
39: 187 429 495 499 547 (42)
40: 248 551 575 746 (54)
41: 126 139 153 219 (52)
42: 56 205 273 (42)
43: 349 411 516 765 (55)
44: 141 227 245 342 600 (57)
45: 202 362 789 (41)
46: 103 116 300 461 633 676 692 (55)
47: 92 376 681 759 (48)
48: 109 327 421 629 (52)
49: 49 293 310 799 (43)
50: 196 251 286 441 622 646 (50)
51: (0)
52: 46 330 517 635 732 (41)
53: 246 278 545 650 (45)
54: 414 611 (44)
55: 94 324 407 755 (46)
56: 318 580 738 (42)
57: 191 269 438 486 (46)
58: 1 37 69 71 309 436 496 768 (42)
59: 208 367 554 (57)
60: 720 790 (48)
61: 18 136 272 284 729 (40)
62: 65 337 393 456 593 (56)
63: 76 281 467 (43)
64: 66 371 471 617 660 (57)
65: 32 95 156 230 356 760 (54)
66: 405 510 655 (45)
67: 128 361 (41)
68: 322 394 752 (43)
69: 74 304 313 440 519 (47)
70: 323 478 484 769 794 (57)
71: (0)
72: 233 372 379 451 507 (57)
73: 75 149 297 302 381 412 454 (45)
74: 234 536 608 618 (57)
75: 160 317 403 (51)
76: 177 188 250 (40)
77: 469 523 672 (54)
78: 13 42 268 699 758 761 784 (55)
79: 167 210 710 (53)
80: 473 537 568 610 623 628 (54)
81: 238 241 242 722 (50)
82: 19 93 494 (44)
83: 142 291 354 (46)
84: 332 501 663 708 (55)
85: 26 34 72 385 675 749 (54)
86: 146 505 706 721 (52)
87: (0)
88: 31 147 189 741 (49)
89: 271 358 359 532 563 624 (51)
90: 171 481 743 764 788 (52)
91: 290 734 (45)
92: 229 289 355 (55)
93: 173 249 514 (53)
94: 29 192 218 377 437 772 (44)
95: 340 583 636 (56)
96: 228 398 511 522 792 (51)
97: 402 432 476 539 544 658 (56)
98: 168 247 341 449 470 (51)
99: 204 700 (57)
100: 45 193 299 612 640 694 (56)
101: 529 604 719 762 (55)
102: 502 560 693 (51)
103: 47 198 267 360 475 (57)
104: (0)
105: 63 215 256 485 (47)
106: 62 123 493 619 689 704 (57)
107: 96 214 512 798 (51)
108: 3 718 726 (56)
109: 165 277 702 776 (56)
110: 101 107 368 750 (56)
111: 105 125 422 483 (52)
112: 224 260 482 594 691 (54)
113: 12 127 135 288 (47)
114: 419 444 487 (50)
115: 51 222 599 698 (56)
116: 6 254 306 550 684 (57)
117: 526 538 787 (53)
118: 375 391 530 751 (55)
119: 138 352 472 573 687 (57)
120: 129 480 515 745 (55)
121: 644 669 736 (57)
122: 70 728 737 (57)
123: 11 48 534 542 549 (53)
124: 23 182 282 387 504 673 785 (57)
125: 326 389 426 725 (57)
126: 270 329 533 632 (55)
127: 263 397 609 (57)
128: 169 172 207 771 (55)
129: 87 88 158 285 641 688 (54)
130: 117 303 (57)
131: 100 166 174 668 (55)
132: 22 122 276 287 350 (57)
133: 181 430 634 739 (56)
134: 24 298 649 674 (52)
135: 67 143 315 388 390 (57)
136: 41 213 (56)
137: 466 711 747 (56)
138: 151 446 570 683 740 (57)
139: 178 200 453 639 671 (42)
140: 133 148 266 442 458 572 (56)
141: 206 357 374 679 (57)
142: 5 53 144 (50)
143: 221 445 562 678 (51)
144: 54 130 217 778 (45)
145: 89 212 796 (57)
146: 38 145 308 527 645 (57)
147: 14 52 265 571 (56)
148: 448 651 742 (57)
149: 50 118 121 183 509 (55)
150: 40 82 223 468 (50)
151: 78 321 557 (57)
152: 97 132 320 457 521 677 (57)
153: 216 231 439 577 (52)
154: 150 294 474 (57)
155: 85 264 690 (56)
156: 226 416 463 713 (57)
157: 77 83 435 (55)
158: 455 654 664 731 779 (57)
159: 225 347 561 (57)
160: 652 682 (55)
161: 17 110 239 433 447 462 616 (57)
162: 104 382 548 661 (57)
163: 253 417 508 696 727 (57)
164: 598 717 735 (55)
165: 195 365 465 556 767 (57)
166: 190 275 307 (57)
167: 39 180 305 754 (54)
168: 73 81 (54)
169: 33 36 84 724 (57)
170: 98 161 386 477 492 730 (57)
171: 102 384 546 592 (49)
172: 28 280 283 364 (52)
173: 15 348 489 (53)
174: 460 607 (46)
175: 8 154 392 621 (57)
176: 194 301 409 413 (50)
177: 199 366 425 581 601 (57)
178: 197 201 346 569 627 (57)
179: 235 559 587 630 653 (56)
180: 185 712 (56)
181: 159 345 353 (57)
182: 60 585 670 (57)
183: 25 43 203 312 319 (57)
184: 114 259 262 620 (57)
185: 606 744 757 (57)
186: 7 30 588 695 748 (57)
187: 528 540 662 707 (57)
188: 9 295 406 423 518 (57)
189: 2 119 427 786 (57)
190: 106 257 781 (57)
191: 279 428 506 578 586 590 (55)
192: 338 424 431 (56)
193: 244 274 363 (54)
194: 90 325 666 686 (54)
195: 334 369 459 (57)
196: 20 55 261 552 701 (57)
197: 4 328 642 756 (57)
198: 479 564 603 753 773 (57)
199: 614 657 797 (57)
200: 61 64 373 525 680 (56)
201: 243 258 553 795 (57)
202: (0)
203: (0)
