Name: 800-30-45
Time: 16.27669596672058 
Result: 42
Solution: 67 45 64 19 108 63 53 68 51 41 116 3 51 84 5 95 40 33 90 24 28 106 96 101 96 119 22 93 82 16 31 29 105 73 102 44 115 84 38 22 95 64 99 43 42 75 97 13 74 32 102 36 81 5 69 52 34 60 52 109 118 41 30 62 70 7 81 18 33 17 91 107 70 84 37 53 42 54 17 90 28 46 94 16 90 8 37 50 91 94 89 43 103 85 47 60 52 81 8 8 44 113 56 32 13 111 83 63 11 74 19 20 56 66 99 15 67 56 21 42 74 4 89 40 96 16 65 21 49 40 13 50 98 54 110 79 41 68 100 92 33 80 82 108 91 87 102 102 112 31 40 51 77 61 10 7 73 26 4 64 46 92 38 20 85 30 92 62 8 86 29 120 64 3 7 77 75 120 32 117 99 120 98 59 45 104 13 54 51 8 102 74 117 44 4 88 22 65 83 27 53 31 83 38 26 36 61 8 90 37 38 53 112 111 70 91 84 108 115 67 111 78 40 83 80 38 119 60 62 119 72 35 106 73 16 88 54 93 17 101 86 40 33 29 22 96 53 77 100 47 118 33 28 46 36 66 43 109 42 69 47 105 59 88 97 76 97 31 28 97 41 60 3 77 18 4 112 59 57 109 52 119 82 59 49 24 107 40 41 63 49 64 45 101 26 81 115 33 114 24 26 35 33 119 32 81 87 116 18 70 17 113 11 72 52 30 69 16 40 83 61 54 16 18 44 57 32 76 109 84 67 65 104 98 56 98 95 56 46 100 86 35 19 55 20 34 51 119 89 55 111 96 101 81 28 44 68 91 83 70 105 101 11 22 42 46 25 35 44 73 47 24 104 75 8 11 10 82 71 26 40 93 10 47 22 61 7 120 51 7 35 87 20 36 110 14 113 77 10 34 30 44 81 63 108 91 82 50 20 68 64 70 105 105 56 25 54 112 41 80 71 64 108 39 33 7 57 89 102 32 8 22 34 38 45 46 26 110 110 94 57 98 103 73 80 101 15 15 21 107 75 106 49 116 106 35 5 97 105 35 24 101 43 63 114 85 79 57 109 112 18 5 78 56 111 34 73 53 14 94 24 47 65 8 40 3 98 67 115 4 55 72 43 88 38 94 115 76 117 112 32 54 73 59 121 29 93 99 105 83 119 86 89 113 27 105 64 67 95 11 78 116 14 111 84 69 103 104 119 67 24 60 92 98 92 74 31 55 49 20 78 21 84 114 103 27 53 46 73 14 89 98 104 74 65 88 59 4 103 15 50 17 100 78 59 89 111 30 78 87 93 65 49 87 18 73 93 3 112 36 118 100 88 114 72 79 58 8 90 83 44 61 81 112 47 68 116 106 14 17 50 121 90 97 63 85 60 47 55 30 62 11 34 113 100 25 3 56 7 22 20 27 37 121 58 32 108 11 29 36 61 69 103 41 66 98 111 46 81 39 61 80 67 8 116 101 93 73 58 118 115 79 55 27 64 40 28 106 3 25 95 101 73 90 4 82 119 59 49 81 18 91 27 93 45 72 52 88 15 111 73 87 77 7 64 25 29 66 3 104 75 94 84 28 29 120 79 107 61 18 63 45 46 39 77 53 97 71 8 14 38 11 97 116 5 38 45 14 36 25 50 10 75 80 101 68 103 86 16 70 30 98 104 38 57 91 75 120 57 68 87 108 19 121 37 16 70 105 55 68 21 59 113 61 110 39 71 77 110 4 69 72 8 112 112 85 117 70 63 107 117 77 46 15 11 84 86 91 65 50 62 58 24 20 8 33 21 39 14 57 76 52 113 112 14 46 118 78 94 47 
0: (0)
1: (0)
2: (0)
3: 11 173 272 485 577 616 658 688 (37)
4: 121 158 194 275 489 557 664 759 (42)
5: 14 53 456 471 714 (30)
6: (0)
7: 65 155 174 386 389 425 618 683 (41)
8: 85 98 99 168 189 207 374 430 483 587 643 708 762 784 (42)
9: (0)
10: 154 376 382 398 721 (38)
11: 108 312 362 375 519 611 627 711 774 (42)
12: (0)
13: 47 104 130 186 (42)
14: 395 478 522 549 598 709 717 788 794 (41)
15: 115 446 447 559 678 773 (31)
16: 29 83 125 234 317 322 728 745 (35)
17: 69 78 238 310 561 599 (37)
18: 67 274 308 323 470 574 670 699 (34)
19: 3 110 342 742 (31)
20: 111 163 344 392 408 539 620 783 (40)
21: 118 127 448 541 750 786 (37)
22: 26 39 196 244 363 384 431 619 (37)
23: (0)
24: 19 285 299 371 460 480 530 782 (40)
25: 366 415 615 659 685 719 (35)
26: 157 204 294 300 379 436 (33)
27: 199 514 545 621 653 672 (40)
28: 20 80 252 268 354 656 693 (31)
29: 31 170 243 505 628 686 694 (42)
30: 62 165 315 400 567 609 730 (37)
31: 30 149 201 267 536 (31)
32: 49 103 178 304 326 429 500 625 (30)
33: 17 68 140 242 251 297 302 424 785 (31)
34: 56 345 399 432 475 612 (30)
35: 231 301 341 367 390 455 459 (32)
36: 51 205 254 393 579 629 718 (35)
37: 74 86 209 622 744 (39)
38: 38 162 203 210 225 433 494 710 715 733 (34)
39: 423 639 703 755 787 (41)
40: 16 123 129 150 222 241 287 318 380 484 655 (39)
41: 9 61 136 270 288 418 633 (37)
42: 44 76 119 258 364 (35)
43: 43 91 256 462 492 (38)
44: 35 100 193 324 355 368 401 590 (41)
45: 1 184 292 434 674 701 716 (39)
46: 81 160 253 338 365 435 547 637 702 772 795 (35)
47: 94 249 260 370 383 481 594 607 799 (42)
48: (0)
49: 128 284 290 452 538 572 668 (40)
50: 87 131 407 560 600 720 779 (42)
51: 8 12 151 188 346 388 (42)
52: 55 58 96 280 314 676 791 (36)
53: 6 75 200 211 246 477 546 705 (40)
54: 77 133 187 236 321 416 501 (33)
55: 343 349 490 537 608 652 748 (36)
56: 102 112 117 334 337 414 473 617 (39)
57: 278 325 426 440 467 734 738 789 (39)
58: 586 624 648 781 (40)
59: 183 262 277 283 503 556 564 667 751 (33)
60: 57 95 227 271 531 606 (41)
61: 153 206 320 385 591 630 640 698 753 (42)
62: 63 167 228 610 780 (38)
63: 5 107 289 403 463 604 700 768 (35)
64: 2 41 159 172 291 410 421 516 654 684 (35)
65: 126 197 331 482 554 571 778 (42)
66: 113 255 634 687 (33)
67: 0 116 219 330 487 517 529 642 (38)
68: 7 137 356 409 595 725 739 749 (40)
69: 54 259 316 525 631 760 (40)
70: 64 72 214 309 359 411 729 746 767 (36)
71: 378 420 707 756 (42)
72: 230 313 491 584 675 761 (38)
73: 33 156 233 369 443 476 502 548 575 647 662 680 (37)
74: 48 109 120 191 535 553 (42)
75: 45 176 373 450 690 722 736 (36)
76: 265 327 497 790 (42)
77: 152 175 247 273 397 682 704 757 771 (42)
78: 221 472 520 540 563 568 797 (40)
79: 135 466 585 651 696 (42)
80: 141 224 419 444 641 723 (42)
81: 52 66 97 295 305 353 402 592 638 669 (42)
82: 28 142 282 377 406 665 (42)
83: 106 198 202 223 319 358 509 589 (42)
84: 13 37 73 216 329 524 542 692 775 (42)
85: 93 164 465 605 765 (42)
86: 169 240 340 511 727 776 (42)
87: 145 306 391 569 573 681 740 (42)
88: 195 235 263 493 555 582 677 (42)
89: 90 122 348 427 512 550 565 (42)
90: 18 79 84 208 588 602 663 (42)
91: 70 88 144 215 357 405 671 735 777 (42)
92: 139 161 166 532 534 (42)
93: 27 237 381 506 570 576 646 673 (42)
94: 82 89 439 479 495 691 798 (42)
95: 15 40 336 518 660 (41)
96: 22 24 124 245 351 (42)
97: 46 264 266 269 457 603 706 712 (42)
98: 132 182 333 335 441 486 533 551 635 731 (40)
99: 42 114 180 507 (42)
100: 138 248 339 562 581 614 (42)
101: 23 239 293 352 361 445 461 645 661 724 (42)
102: 34 50 146 147 190 428 (42)
103: 92 442 526 544 558 632 726 (42)
104: 185 332 372 527 552 689 732 (42)
105: 32 261 360 412 413 458 508 515 747 (42)
106: 21 232 451 454 597 657 (37)
107: 71 286 449 697 769 (42)
108: 4 143 217 404 422 626 741 (42)
109: 59 257 279 328 468 (42)
110: 134 394 437 438 754 758 (42)
111: 105 213 220 350 474 523 566 636 679 (42)
112: 148 212 276 417 469 499 578 593 763 764 793 (41)
113: 101 311 396 513 613 752 792 (42)
114: 298 464 543 583 (42)
115: 36 218 296 488 496 650 (42)
116: 10 307 453 521 596 644 713 (41)
117: 179 192 498 766 770 (41)
118: 60 250 580 649 796 (40)
119: 25 226 229 281 303 347 510 528 666 (38)
120: 171 177 181 387 695 737 (42)
121: 504 601 623 743 (36)
122: (0)
123: (0)
