Name: 800-20-30
Time: 27.37096357345581 
Result: 27
Solution: 66 23 46 39 45 4 63 90 80 126 47 4 104 33 126 124 42 78 46 36 68 118 110 29 3 27 89 4 8 40 109 51 91 96 36 46 99 69 50 63 101 14 22 85 24 37 29 32 50 65 52 123 134 133 105 38 106 109 72 136 60 41 4 106 112 73 89 27 83 131 36 63 21 128 5 65 127 84 122 44 44 73 3 39 139 21 50 95 95 102 123 67 36 81 89 51 67 108 59 58 36 74 106 5 53 105 121 59 62 4 64 23 9 67 98 15 63 60 28 20 137 56 49 141 63 139 66 74 67 111 131 22 113 127 135 18 37 81 8 47 109 62 57 128 129 18 49 113 43 122 42 19 101 25 40 57 138 14 102 23 84 24 125 46 31 41 138 123 65 30 140 61 127 16 131 86 115 110 9 30 127 111 113 139 107 133 81 83 125 69 54 141 84 42 48 119 128 116 79 75 30 90 122 13 3 21 129 19 44 100 19 108 139 113 105 73 95 75 107 116 59 139 73 68 139 69 85 61 37 100 103 135 71 49 91 127 142 118 97 65 36 93 94 54 80 52 139 54 100 121 25 14 94 124 115 110 74 107 78 21 55 38 55 55 82 120 24 15 17 70 133 16 48 132 48 38 8 47 100 91 125 47 67 136 19 38 34 95 81 7 119 82 12 81 121 72 75 110 80 116 22 53 87 113 104 135 18 52 86 109 125 68 49 77 43 90 111 76 17 98 104 108 132 16 99 142 9 97 136 128 83 7 135 77 42 102 88 33 96 108 98 104 66 112 121 120 77 81 115 42 79 48 95 27 22 111 51 50 82 9 127 18 54 19 5 46 88 65 68 125 34 98 111 118 114 39 66 119 29 56 97 88 136 5 115 54 129 32 40 37 137 109 115 62 93 97 78 61 43 89 90 60 37 50 63 132 120 129 7 124 73 106 115 67 126 38 7 61 10 50 73 20 132 118 77 68 49 54 50 123 83 112 121 129 116 8 59 34 32 131 117 85 141 38 40 20 76 27 130 72 87 52 81 13 80 76 36 69 123 44 40 81 91 34 109 56 85 84 137 57 100 44 60 60 16 38 87 60 61 21 119 25 45 16 92 77 82 79 117 9 117 103 96 9 18 124 2 103 52 79 33 126 33 77 99 133 71 87 88 78 58 85 9 133 103 27 72 86 131 123 93 96 22 21 121 12 20 85 106 59 90 45 136 42 18 94 30 69 27 86 56 57 124 77 75 88 60 82 101 5 111 30 128 49 66 74 56 125 117 4 91 115 138 33 140 14 13 5 114 27 43 83 90 123 97 58 51 85 138 98 57 100 70 62 47 41 89 121 100 9 32 71 57 74 131 91 40 22 116 42 24 31 105 5 23 58 114 40 134 117 78 10 92 45 120 13 78 78 130 142 130 101 134 91 10 101 72 134 28 126 105 93 5 79 105 28 95 110 9 51 49 16 64 128 5 69 29 45 12 22 65 122 44 48 89 123 87 90 33 76 48 53 52 113 42 43 18 57 101 64 31 15 92 69 122 112 70 43 63 98 75 33 12 107 25 142 68 118 22 52 71 72 116 19 114 135 69 4 22 105 136 132 140 99 90 72 106 101 134 10 60 130 139 117 131 39 76 100 8 2 94 64 66 58 102 105 132 48 51 132 46 7 119 114 34 43 97 66 29 56 52 79 92 121 16 64 24 83 5 9 3 89 67 115 76 96 28 85 74 55 138 94 42 113 79 75 52 36 70 84 94 2 16 140 96 137 120 56 10 15 92 108 42 62 65 78 31 5 112 3 33 41 102 103 122 17 87 59 13 91 
0: (0)
1: (0)
2: 496 719 771 (20)
3: 24 82 204 750 789 (23)
4: 5 11 27 62 109 559 697 (25)
5: 74 103 364 383 549 567 603 632 644 748 787 (27)
6: (0)
7: 289 331 408 416 731 (24)
8: 28 138 276 435 718 (24)
9: 112 178 326 359 489 493 512 589 638 749 (27)
10: 418 611 624 709 778 (27)
11: (0)
12: 292 525 648 682 (20)
13: 203 453 566 615 798 (20)
14: 41 157 251 565 (24)
15: 115 267 671 779 (20)
16: 173 271 323 474 483 641 744 772 (21)
17: 268 318 795 (20)
18: 135 145 306 361 494 534 666 (26)
19: 151 207 210 284 363 693 (26)
20: 119 421 445 526 (27)
21: 72 85 205 259 479 523 (26)
22: 42 131 300 354 522 597 649 688 698 (27)
23: 1 111 159 604 (21)
24: 44 161 266 600 746 (20)
25: 153 250 481 684 (20)
26: (0)
27: 25 67 353 447 515 538 569 (26)
28: 118 628 635 756 (22)
29: 23 46 378 646 738 (20)
30: 169 179 200 536 551 (21)
31: 164 601 670 786 (22)
32: 47 387 438 590 (24)
33: 13 337 500 502 563 658 681 790 (24)
34: 286 370 437 463 734 (20)
35: (0)
36: 19 34 70 92 100 240 456 767 (24)
37: 45 136 228 389 402 (24)
38: 55 261 275 285 415 443 475 (20)
39: 3 83 375 715 (25)
40: 29 154 388 444 460 596 607 (26)
41: 61 165 585 791 (26)
42: 16 150 193 334 349 533 599 664 762 782 (26)
43: 148 314 398 570 665 677 735 (21)
44: 79 80 208 459 471 652 (27)
45: 4 482 531 613 647 (22)
46: 2 18 35 163 365 730 (25)
47: 10 139 277 281 584 (20)
48: 194 272 274 351 653 660 727 (23)
49: 122 146 233 312 426 553 640 (20)
50: 38 48 86 357 403 419 428 (23)
51: 31 95 356 576 639 728 (27)
52: 50 245 307 451 498 662 689 740 766 (27)
53: 104 301 661 (20)
54: 190 243 247 362 385 427 (27)
55: 260 262 263 759 (26)
56: 121 379 465 540 556 739 777 (27)
57: 142 155 469 541 580 592 667 (25)
58: 99 510 575 605 723 (24)
59: 98 107 220 436 529 797 (25)
60: 60 117 401 472 473 477 546 710 (24)
61: 171 227 397 417 478 (26)
62: 108 141 393 583 783 (20)
63: 6 39 71 116 124 404 678 (21)
64: 110 642 669 721 745 (20)
65: 49 75 168 239 367 650 784 (24)
66: 0 126 342 376 554 722 737 (23)
67: 91 96 113 128 282 413 752 (20)
68: 20 223 311 368 425 686 (27)
69: 37 189 225 457 537 645 673 696 (26)
70: 269 582 676 768 (24)
71: 232 506 591 690 (27)
72: 58 295 449 516 626 691 705 (27)
73: 65 81 215 222 410 420 (27)
74: 101 127 256 555 593 758 (27)
75: 199 217 296 544 680 765 (26)
76: 317 446 455 659 716 754 (27)
77: 313 333 346 424 485 503 543 (26)
78: 17 258 396 509 610 616 617 785 (25)
79: 198 350 487 499 633 741 764 (27)
80: 8 244 298 454 (27)
81: 93 137 186 288 293 347 452 461 (27)
82: 264 291 358 486 547 (26)
83: 68 187 330 430 571 747 (27)
84: 77 160 192 467 769 (27)
85: 43 226 441 466 511 527 577 757 (27)
86: 175 308 517 539 (27)
87: 302 450 476 507 656 796 (27)
88: 336 366 381 508 545 (27)
89: 26 66 94 399 586 654 751 (27)
90: 7 201 315 400 530 572 657 704 (27)
91: 32 234 279 462 560 595 623 799 (27)
92: 484 612 672 742 780 (27)
93: 241 394 520 631 (27)
94: 242 252 535 720 761 770 (27)
95: 87 88 216 287 352 636 (27)
96: 33 338 492 521 755 774 (27)
97: 238 327 380 395 574 736 (27)
98: 114 319 340 371 579 679 (26)
99: 36 324 504 703 (27)
100: 209 229 248 278 470 581 588 717 (27)
101: 40 152 548 621 625 668 707 (27)
102: 89 158 335 724 792 (26)
103: 230 491 497 514 793 (27)
104: 12 304 320 341 (27)
105: 54 105 214 602 630 634 699 725 (26)
106: 56 63 102 411 528 706 (27)
107: 184 218 257 683 (26)
108: 97 211 321 339 781 (27)
109: 30 57 140 309 391 464 (27)
110: 22 177 255 297 637 (27)
111: 129 181 316 355 372 550 (27)
112: 64 343 431 675 788 (25)
113: 132 147 182 213 303 663 763 (27)
114: 374 568 606 694 733 (27)
115: 176 254 348 384 392 412 561 753 (27)
116: 197 219 299 434 598 692 (27)
117: 440 488 490 558 609 713 (27)
118: 21 237 373 423 687 (27)
119: 195 290 377 480 732 (27)
120: 265 345 406 614 776 (26)
121: 106 249 294 344 432 524 587 743 (27)
122: 78 149 202 651 674 794 (26)
123: 51 90 167 429 458 519 573 655 (27)
124: 15 253 409 495 542 (27)
125: 162 188 280 310 369 557 (27)
126: 9 14 414 501 629 (27)
127: 76 133 172 180 235 360 (27)
128: 73 143 196 329 552 643 (27)
129: 144 206 386 407 433 (27)
130: 448 618 620 711 (27)
131: 69 130 174 439 518 594 714 (27)
132: 273 322 405 422 701 726 729 (27)
133: 53 185 270 505 513 (27)
134: 52 608 622 627 708 (27)
135: 134 231 305 332 695 (27)
136: 59 283 328 382 532 700 (27)
137: 120 390 468 775 (27)
138: 156 166 562 578 760 (27)
139: 84 125 183 212 221 224 246 712 (26)
140: 170 564 702 773 (24)
141: 123 191 442 (27)
142: 236 325 619 685 (21)
143: (0)
