Name: 800-50-80
Time: 31.548535346984863 
Result: 73
Solution: 115 31 19 79 111 89 125 9 115 119 49 27 117 87 43 14 10 19 36 30 23 103 39 73 14 78 112 96 66 6 67 73 13 47 51 69 45 123 17 72 121 112 15 9 21 74 82 124 81 36 83 60 107 59 22 41 65 92 56 115 90 18 113 77 56 98 10 41 117 17 70 107 52 101 102 59 48 125 49 9 84 109 62 53 125 38 100 86 99 60 112 112 40 45 35 43 125 50 114 71 13 97 79 121 114 95 104 97 70 20 106 94 103 13 68 68 41 106 71 22 102 123 56 33 30 83 55 83 20 54 49 48 52 35 89 113 11 4 45 62 81 7 10 32 115 65 55 64 112 90 70 26 92 123 102 113 74 96 72 34 99 42 65 58 75 78 85 60 116 17 110 66 77 113 89 99 54 76 84 32 15 36 104 126 91 79 51 25 124 11 27 96 17 119 12 104 121 98 55 57 110 44 76 70 5 7 52 94 88 26 82 66 100 120 85 118 50 24 85 73 86 31 44 29 107 120 12 113 69 47 77 14 38 10 4 12 92 118 7 39 88 24 98 73 73 67 64 76 18 48 55 109 68 29 65 117 108 11 41 9 74 116 100 45 114 62 64 104 72 127 105 20 49 98 96 30 120 94 6 97 7 49 62 77 93 63 74 95 41 49 102 122 47 40 75 60 35 81 118 61 121 91 85 26 118 101 124 13 24 6 33 14 123 19 27 119 78 20 123 86 99 4 38 34 22 21 91 94 117 95 123 67 82 126 105 58 50 54 46 11 6 95 113 111 124 81 40 40 92 103 113 110 46 27 105 46 57 77 30 18 6 31 104 4 57 100 105 62 58 27 60 41 88 23 7 48 100 86 92 11 19 72 54 29 35 20 112 62 54 24 31 6 67 118 44 15 84 82 14 108 101 64 75 106 87 65 59 108 72 49 6 72 4 70 98 88 24 22 122 55 24 51 110 15 73 115 46 60 103 7 117 31 60 60 9 72 47 61 84 69 43 92 81 47 76 14 20 104 97 75 13 111 120 15 96 26 108 53 99 79 92 46 24 97 72 98 87 6 43 119 12 103 14 10 74 76 17 32 126 117 13 125 97 56 42 53 126 5 61 127 41 48 63 26 43 113 71 57 71 67 32 120 70 105 55 36 83 122 89 32 81 86 83 72 127 12 39 106 45 36 15 33 10 18 4 85 83 36 43 114 87 47 65 73 125 77 11 81 79 19 65 23 44 73 37 32 4 42 40 29 117 103 74 37 53 21 118 47 70 101 14 111 37 33 26 68 27 43 109 82 93 20 30 79 59 116 92 77 89 81 100 72 12 43 75 108 21 80 94 38 116 52 92 107 60 52 115 83 34 107 4 51 20 63 88 31 34 101 58 66 81 116 15 29 119 66 57 80 76 85 35 112 31 63 126 92 103 120 91 122 54 95 39 15 107 97 89 124 64 110 94 78 42 74 119 25 71 69 123 124 23 33 109 122 30 69 82 113 87 75 106 96 93 18 66 85 83 56 33 83 19 108 64 27 23 101 65 83 61 81 52 106 91 116 25 39 91 92 96 46 45 103 54 82 87 31 90 105 78 58 7 107 111 109 32 27 55 107 103 80 81 112 101 98 24 25 11 59 44 64 65 13 72 15 66 12 106 91 89 88 51 68 109 10 73 120 73 90 114 95 38 36 87 97 6 37 61 61 38 59 70 49 31 67 35 49 88 25 71 93 96 117 57 81 7 120 111 94 4 24 100 79 33 23 7 51 33 18 14 124 42 42 79 42 15 5 20 78 108 23 5 65 93 34 66 92 84 105 125 106 
0: (0)
1: (0)
2: (0)
3: (0)
4: 137 234 321 363 412 524 546 600 768 (69)
5: 204 487 785 790 (50)
6: 29 278 309 340 360 391 410 467 744 (71)
7: 141 205 238 280 374 429 700 764 774 (70)
8: (0)
9: 7 43 79 259 434 (51)
10: 16 66 142 233 473 522 733 (54)
11: 136 189 257 339 379 536 716 (62)
12: 194 226 235 470 515 582 725 (58)
13: 32 100 113 307 450 480 721 (61)
14: 15 24 231 311 398 445 472 560 778 (70)
15: 42 180 395 423 453 520 612 633 723 784 (66)
16: (0)
17: 38 69 169 192 476 (66)
18: 61 248 359 523 663 777 (60)
19: 2 17 313 380 539 670 (72)
20: 109 128 271 317 385 446 571 602 786 (73)
21: 44 325 555 586 (70)
22: 54 119 324 417 (51)
23: 20 373 541 650 674 773 789 (62)
24: 217 241 308 389 416 420 462 714 769 (50)
25: 187 645 684 715 757 (60)
26: 151 209 303 455 493 564 (55)
27: 11 190 314 353 369 566 673 705 (59)
28: (0)
29: 223 253 383 549 613 (66)
30: 19 124 275 358 572 654 (66)
31: 1 221 361 390 431 605 622 695 752 (60)
32: 143 179 477 500 509 545 704 (68)
33: 123 310 521 563 651 668 772 776 (53)
34: 159 323 598 606 793 (51)
35: 94 133 296 384 620 754 (55)
36: 18 49 181 505 519 527 741 (50)
37: 544 553 562 745 (58)
38: 85 232 322 589 740 748 (57)
39: 22 239 516 632 685 (55)
40: 92 293 346 347 548 (52)
41: 55 67 116 258 288 371 490 (60)
42: 161 484 547 642 780 781 783 (70)
43: 14 95 440 468 494 528 567 583 (70)
44: 201 222 394 542 718 (68)
45: 36 93 138 263 518 690 (55)
46: 338 352 355 426 461 689 (62)
47: 33 229 292 436 443 531 557 (73)
48: 76 131 249 375 491 (73)
49: 10 78 130 272 281 289 409 751 755 (50)
50: 97 216 336 (50)
51: 34 186 421 601 730 775 (56)
52: 72 132 206 591 595 680 (71)
53: 83 457 485 554 (62)
54: 129 176 337 382 388 630 692 (71)
55: 126 146 198 250 419 504 706 (70)
56: 58 64 122 483 667 (50)
57: 199 356 364 497 616 762 (66)
58: 163 335 368 608 699 (69)
59: 53 75 406 574 717 749 (51)
60: 51 89 167 295 370 427 432 433 594 (65)
61: 299 437 488 678 746 747 (71)
62: 82 139 265 282 367 387 (73)
63: 285 492 603 623 (73)
64: 147 246 266 401 638 672 719 (59)
65: 56 145 162 254 405 532 540 676 720 791 (70)
66: 28 171 211 609 615 664 724 794 (72)
67: 30 245 331 392 499 753 (70)
68: 114 115 252 565 731 (66)
69: 35 228 439 647 655 (73)
70: 70 108 150 203 413 502 558 750 (73)
71: 99 118 496 498 646 758 (64)
72: 39 158 268 381 408 411 435 464 513 581 722 (72)
73: 23 31 219 243 244 424 533 543 734 736 (64)
74: 45 156 260 286 474 552 643 (68)
75: 164 294 402 449 584 659 (68)
76: 177 202 247 444 475 618 (72)
77: 63 172 230 283 357 535 577 (73)
78: 25 165 316 641 698 787 (72)
79: 3 102 185 459 538 573 771 782 (73)
80: 587 617 709 (73)
81: 48 140 297 345 442 510 537 579 610 679 710 763 (72)
82: 46 210 332 397 569 656 693 (71)
83: 50 125 127 506 512 526 597 666 669 677 (73)
84: 80 178 396 438 796 (72)
85: 166 214 218 302 525 619 665 (73)
86: 87 220 319 377 511 (73)
87: 13 404 466 530 658 694 742 (73)
88: 208 240 372 415 604 729 756 (73)
89: 5 134 174 508 578 636 728 (73)
90: 60 149 696 737 (73)
91: 184 301 326 628 682 686 727 (66)
92: 57 152 236 348 378 441 460 576 592 625 687 795 (72)
93: 284 570 662 759 792 (72)
94: 111 207 277 327 588 640 767 (73)
95: 105 287 329 341 631 739 (73)
96: 27 157 191 274 454 661 688 760 (73)
97: 101 107 279 448 463 482 635 743 (73)
98: 65 197 242 273 414 465 713 (73)
99: 88 160 175 320 458 (73)
100: 86 212 262 365 376 580 770 (73)
101: 73 305 400 559 607 675 712 (73)
102: 74 120 154 290 (73)
103: 21 112 349 428 471 551 626 691 708 (73)
104: 106 182 195 267 362 447 (73)
105: 270 334 354 366 503 697 797 (73)
106: 110 117 403 517 660 681 726 799 (73)
107: 52 71 224 593 599 634 701 707 (73)
108: 256 399 407 456 585 671 788 (73)
109: 81 251 568 652 703 732 (73)
110: 170 200 351 422 639 (73)
111: 4 343 451 561 702 766 (73)
112: 26 41 90 91 148 386 621 711 (73)
113: 62 135 155 173 227 342 350 495 657 (72)
114: 98 104 264 529 738 (73)
115: 0 8 59 144 425 596 (71)
116: 168 261 575 590 611 683 (73)
117: 12 68 255 328 430 479 550 761 (73)
118: 215 237 298 304 393 556 (73)
119: 9 193 315 469 614 644 (73)
120: 213 225 276 452 501 627 735 765 (69)
121: 40 103 196 300 (72)
122: 291 418 507 629 653 (71)
123: 37 121 153 312 318 330 648 (69)
124: 47 188 306 344 637 649 779 (64)
125: 6 77 84 96 481 534 798 (63)
126: 183 333 478 486 624 (72)
127: 269 489 514 (52)
128: (0)
