100 3881
0 2 61.64200895422727
0 3 31.13147178394899
0 4 87.89415278927201
0 5 45.87220266211683
0 9 26.197652477126866
0 10 31.85099961850949
0 13 4.581549401694078
0 14 8.019897272839138
0 15 39.493182857252116
0 17 18.645691509300114
0 18 31.8023156306302
0 19 3.8326923252691345
0 20 59.583404713782336
0 22 9.74622137262371
0 24 88.71777775779844
0 25 3.779954282614941
0 27 9.433165891205029
0 28 11.98227594526462
0 29 62.68012312147563
0 32 34.51622513779892
0 33 39.14154966390919
0 34 89.44476140988343
0 35 76.41789471589635
0 36 62.380078318970554
0 42 15.57794697104481
0 44 6.621025419555115
0 46 85.37318462324572
0 47 43.37666128930295
0 49 55.72015578301436
0 50 88.73620442898101
0 51 14.544898706985554
0 52 61.019296356198105
0 53 56.488621106370566
0 54 42.53049853398746
0 55 75.09430964916281
0 56 99.86104691221324
0 58 84.29538334052422
0 61 74.30239467652073
0 62 53.049236952856795
0 65 44.44607630239683
0 67 86.90371046036697
0 68 52.41648594683729
0 71 48.13022330530339
0 72 3.694307831420152
0 73 98.3312522566979
0 74 38.403375336387775
0 76 89.86107263311474
0 77 93.7400546733699
0 78 50.972475587621574
0 79 78.57605276903891
0 80 12.829058133754883
0 83 94.5887992823363
0 85 28.445482307665443
0 87 54.04009672169156
0 88 90.23785213058679
0 89 75.39546226746374
0 90 6.951344893569831
0 91 43.39763155262058
0 93 94.91736220987329
0 94 32.04038300498768
0 95 23.67760913827995
0 96 44.645701122807345
0 97 50.8486432452013
0 98 50.41036497722666
1 2 72.58237232435083
1 3 38.31419909031082
1 4 22.6387882009098
1 9 20.14456628345814
1 10 84.66359567951393
1 12 98.91739797437941
1 14 81.79197434933126
1 15 41.179556612284514
1 17 54.513583846247215
1 18 90.12255586080649
1 20 93.38909229260815
1 21 91.9627449044941
1 22 4.4635826959971725
1 23 64.90307496812805
1 24 18.317827650308107
1 27 55.74364767564749
1 28 6.741614231240652
1 31 90.96780792529341
1 32 90.17592985901739
1 35 2.2047159698045475
1 36 71.32827917067239
1 37 50.44495711829962
1 39 60.18127830682875
1 41 89.41654944659216
1 42 37.02453378276967
1 43 17.422093452996794
1 46 10.423851533713734
1 47 35.25583137754997
1 48 56.00356856052574
1 49 11.263587570688236
1 50 29.2700183646647
1 51 16.657164830379486
1 53 27.732660982531762
1 55 26.413056005400914
1 56 22.531632599030143
1 57 6.0638583684569545
1 59 77.50512683134063
1 62 99.88335863858812
1 63 86.50779646998828
1 65 21.975153290155056
1 67 73.41907010990552
1 68 89.80967275188864
1 69 45.3070674038252
1 71 68.72973159931765
1 72 3.848441180511054
1 74 77.00890862234039
1 76 96.00713463365554
1 77 30.09609752676695
1 79 68.7140781777828
1 80 23.316529228976133
1 81 42.81557090136712
1 82 81.73400297476988
1 83 78.82491838785741
1 84 4.427122384909199
1 87 91.36240391276567
1 89 44.06392646772809
1 91 43.94741711524078
1 93 68.80045397514048
1 94 83.24299483277238
1 96 16.727889983398637
1 98 1.1695183499278154
2 3 82.41070302441666
2 4 32.03920227917508
2 13 39.523566824018026
2 14 22.38330951689617
2 17 53.61612559348571
2 20 54.915317701852196
2 21 3.8495326722414767
2 22 54.17812576711766
2 23 25.81869467626227
2 24 42.4564619935432
2 25 61.98923825590891
2 26 12.605685549065567
2 28 29.96413455815324
2 29 48.267794850942174
2 30 84.56246065191657
2 32 81.94425589915902
2 34 90.07757474028048
2 35 80.41394442843763
2 36 75.92315778473193
2 37 74.00412928538604
2 38 33.87300651331468
2 39 67.95236481897298
2 41 26.449921128276547
2 46 86.80255991813422
2 47 20.948849357836806
2 49 13.683404180503002
2 53 92.86203782611186
2 54 48.974118586555534
2 55 20.539553938860042
2 56 50.41327989812914
2 57 59.17490122715255
2 58 2.146580598485515
2 59 88.21807023644446
2 60 4.681323057495175
2 62 15.887771751008968
2 63 30.650287756280978
2 64 4.03943500796037
2 66 4.596750203004327
2 67 37.04110692781118
2 68 30.437606446923827
2 70 43.91379612146403
2 72 25.61769002284254
2 74 65.42715016249373
2 75 84.65211560853743
2 77 68.84261017088805
2 80 28.716608291364782
2 83 18.754654721559696
2 84 64.31948176686939
2 86 84.67989949103053
2 87 5.642569836175811
2 88 56.472834667237116
2 89 19.42144281259155
2 90 28.281879653794388
2 91 65.60638622854113
2 92 28.777978585680604
2 93 62.679705906190115
2 95 54.08279670907754
2 96 95.61177725522418
2 97 20.223282180493545
2 98 1.7786382228942246
3 4 13.542788738540432
3 7 2.683792837078734
3 8 81.33111042420158
3 9 77.47091061890681
3 10 18.817626265463325
3 11 23.636495109079764
3 13 18.107478707698775
3 15 12.125067349070136
3 16 75.17385051094534
3 17 22.79935734686022
3 19 83.81275981200159
3 20 62.73286668797363
3 21 23.858366012077155
3 22 18.589495371210255
3 25 38.851154659365854
3 26 63.455246736750325
3 29 92.85740521899741
3 30 11.50467143446536
3 31 4.787978936015325
3 32 21.467829698660704
3 34 1.9525265899741742
3 35 26.32357760735135
3 36 9.707869009855644
3 37 73.60515894114837
3 38 54.68790091265201
3 39 71.03619630579199
3 40 64.7285701081746
3 41 70.26818779479436
3 42 49.268069712414956
3 43 25.443356687238516
3 44 51.42835003527977
3 47 67.97627809432852
3 49 31.76010202701036
3 50 33.05662071014899
3 51 44.77264590427629
3 53 35.74757662990731
3 54 30.28440481141365
3 55 72.64324511549766
3 56 54.32837281285441
3 58 40.074651417099595
3 60 54.392139750226235
3 63 88.9137342448545
3 66 39.182682662686986
3 67 2.8157687254868167
3 70 54.45942196013429
3 71 87.96350536733006
3 75 23.47389775269807
3 76 50.73097530713325
3 77 46.754215672505524
3 78 76.0208979363057
3 80 5.628739559191874
3 82 55.536963578229305
3 83 92.91628978183036
3 85 57.55160173146287
3 86 1.2569821678432298
3 88 41.76620040628155
3 90 93.09031340282877
3 91 10.929787578132249
3 93 63.863135670735815
3 94 9.542699170452439
3 95 46.458163694456054
3 96 24.63957680779876
4 5 14.750239803816077
4 6 8.9532861358408
4 8 5.511605982899339
4 10 85.94685778124793
4 11 70.17077913219836
4 12 94.41547573616863
4 13 57.5767366372056
4 14 66.12619005439407
4 15 37.96583870525809
4 16 26.68124166477541
4 18 49.993310795181564
4 19 29.46222614412532
4 22 24.13584623944715
4 23 49.16492983109558
4 24 34.19422589713657
4 27 51.08374303411239
4 28 68.42934257069362
4 29 57.30931390187254
4 30 20.57648983058671
4 32 16.090703689104572
4 33 72.71036269433806
4 35 51.03651036112996
4 38 76.50653331444484
4 41 98.13155683500041
4 43 36.20334487773259
4 44 67.58339648336091
4 45 55.06987290004821
4 46 9.124632828707929
4 47 36.859641491033585
4 48 50.51827354688029
4 49 60.94207424706808
4 50 43.34324687519233
4 51 15.856153045388535
4 52 46.22445637929431
4 53 8.165583850389577
4 54 90.22455957947082
4 55 62.45999816807036
4 56 63.53151291886396
4 57 40.828539746329014
4 58 6.056061457068028
4 59 95.12892381672913
4 61 40.62511512507811
4 62 85.14427452218212
4 63 2.830895828687636
4 64 32.98953911612118
4 65 23.111240123368493
4 67 29.272702618607553
4 68 76.37570156973248
4 71 73.27659866375629
4 73 36.51274630428072
4 74 97.75419742290228
4 83 9.25165472874634
4 84 45.01112763677577
4 86 99.34699717661202
4 87 30.319293586219317
4 88 3.8520481674870624
4 90 77.67548642667859
4 91 56.52686104730317
4 92 17.56863882999525
4 94 36.790872267007664
4 95 41.99083391436381
4 96 12.411674402855986
4 97 57.74866902966706
4 98 76.47719406028601
4 99 40.33357585639107
5 6 77.99419565260773
5 7 36.40599221025183
5 11 14.167239478778997
5 12 70.84219663334505
5 13 54.09084452961864
5 14 35.354381111568635
5 15 88.20107604563795
5 16 79.53122346542585
5 17 59.65827704777515
5 18 29.641746370753815
5 19 82.31434413634372
5 20 54.892661180065296
5 23 41.613605191881945
5 26 61.814549186320654
5 28 93.58347927907835
5 29 62.201855243613075
5 30 88.5885686316136
5 31 13.522485532308886
5 34 62.084297200824786
5 35 90.78686514899732
5 37 20.06036698241692
5 39 60.056409984071394
5 40 88.5996344598543
5 41 70.83111441447743
5 43 83.69032189673943
5 46 23.820398846669836
5 47 99.50236775361685
5 48 68.79308502204769
5 49 74.88064037256751
5 50 93.69276505379017
5 52 68.90222147765792
5 53 4.635896669858878
5 54 4.68172189825845
5 56 30.1782928760729
5 57 54.62581902146007
5 59 72.501625896032
5 61 3.286089918990081
5 64 3.1119511131668345
5 65 79.34419762750089
5 66 21.698285345167033
5 67 58.0273218648988
5 70 16.024058260401148
5 72 74.9056690523911
5 74 12.55966181237725
5 75 62.96152397226383
5 76 45.30444417998434
5 78 13.5756906484849
5 80 60.116916228651135
5 82 62.521737922653834
5 83 5.386821905149768
5 85 36.29455209793356
5 86 22.5132681303769
5 89 63.485899561845905
5 92 77.34760548357863
5 95 7.458608392596746
5 96 72.4716697418758
5 97 56.03342423093921
5 98 44.72566588812631
6 7 97.98125845153234
6 9 71.68783313685861
6 10 13.375497271090707
6 12 54.36070032338623
6 13 87.12575036663401
6 14 50.097589050080806
6 15 81.51587775157623
6 18 31.32623583827353
6 19 28.27645530035087
6 22 97.04317311787588
6 24 46.2171299780985
6 27 49.06199982162629
6 29 88.1266737157991
6 30 75.1386928394353
6 31 13.044196261194994
6 32 59.062375886932486
6 37 43.61324414552946
6 38 93.39391613307157
6 39 51.84485990076607
6 41 50.82220324008982
6 42 15.980891761022034
6 43 91.31924612414907
6 45 89.23856896523182
6 46 44.56269976641868
6 47 20.10872972196279
6 48 87.25683253808212
6 49 22.234811000418052
6 51 92.45861924340763
6 53 28.88288228275143
6 54 6.882638764433737
6 55 88.5495411690365
6 56 70.92502362551065
6 57 7.236372608149652
6 58 62.38481747959379
6 61 89.62455937764948
6 62 2.454213295439083
6 63 82.21683918372709
6 64 78.65360294139906
6 65 28.414998001633105
6 68 82.32759360743721
6 70 32.303281677888066
6 71 26.2704764049883
6 72 17.07081255062256
6 73 22.763437184676572
6 74 5.819819058133402
6 75 83.07494229123208
6 76 73.22206692804009
6 79 16.12678706163839
6 80 43.168129306843255
6 81 33.29601138045461
6 82 61.37961234059573
6 85 80.48195732262336
6 88 65.67121975757524
6 93 53.22601491106527
6 94 71.58589822279565
6 96 49.39784878815348
6 97 94.6814481495855
6 98 17.64543090036322
6 99 88.15818367683576
7 9 58.26302016318793
7 10 33.9945960276564
7 11 43.96538266697048
7 12 43.924944145169576
7 13 26.345471828411977
7 14 27.504836050325242
7 15 70.10175729692472
7 16 54.378766207500675
7 17 13.304808745098645
7 18 61.467102662125384
7 23 32.7013161066462
7 24 56.088777251373216
7 25 77.59351363097683
7 26 77.83704143454365
7 27 6.004421878454935
7 28 21.810163253697446
7 29 58.36944381958558
7 33 80.39736493779944
7 34 63.061532331519714
7 35 21.251401861759433
7 37 19.993656082266686
7 38 81.82622337355298
7 40 83.28105780335753
7 42 84.6217219347754
7 43 19.792029154985208
7 44 60.048281838159525
7 47 72.91499554773905
7 48 58.36465025554956
7 49 62.88505525755061
7 50 48.5139981470863
7 52 57.31356595174348
7 54 99.2288000779947
7 55 13.297746499817416
7 57 92.37860764361542
7 58 59.78758559437244
7 59 3.493704973957242
7 61 53.773277461874514
7 64 54.65299537169335
7 65 43.15985753506045
7 66 96.76604728375462
7 67 7.5532616254042475
7 69 71.84452901053989
7 70 46.98464365800321
7 71 61.507707411763
7 72 47.22763645325738
7 74 5.496853061089594
7 75 81.36111236996648
7 76 3.0467249080413707
7 77 6.851101541251976
7 78 50.77245574449868
7 82 65.91677191374322
7 83 53.71882491266181
7 84 99.00036535404307
7 86 13.84625855685303
7 89 20.364619786609655
7 90 58.78883749060498
7 91 61.35214772323825
7 92 66.22727561099428
7 93 99.78610298613815
7 95 1.8326433647948828
7 96 86.26679405895776
7 97 34.16640648832253
7 98 70.31142672393216
7 99 2.7526030002261557
8 9 4.311719557893508
8 10 23.206534224760862
8 13 30.7885457241437
8 14 20.566702675767967
8 16 66.98223276503705
8 18 24.780453835652622
8 20 13.98922129390911
8 23 34.315175042652704
8 24 10.48583844189617
8 26 39.77638902850236
8 27 31.507638401230853
8 28 54.96011414647063
8 29 77.07326186622319
8 30 28.84683017788371
8 31 97.86083762857588
8 32 9.6958151190529
8 33 98.35317248241056
8 34 99.44290044850472
8 36 53.53344622149432
8 37 61.19429050878099
8 40 23.839604106717204
8 42 4.169075873761401
8 43 88.79359516203768
8 44 33.57962195014244
8 45 64.91946459565733
8 47 3.6568578958401057
8 50 8.385566346931448
8 53 22.982209425594387
8 54 82.8543232295578
8 57 26.592125332083352
8 58 30.33375340268727
8 59 79.41828540261291
8 62 22.883610929119687
8 63 45.72025663852736
8 64 96.27219335304744
8 66 48.41178344224134
8 67 2.0582959596797603
8 68 13.227192915300146
8 69 89.19596133982954
8 70 30.494521701308205
8 72 80.65742559915098
8 73 61.18317777612078
8 74 28.732073543691186
8 75 11.272352943147078
8 76 73.47073861736152
8 77 90.07392189583564
8 78 71.41604146600294
8 79 8.652072554356446
8 82 54.36371873377769
8 83 9.974654094105587
8 84 72.097736323684
8 86 11.276715017479034
8 87 66.53546668089875
8 88 26.618606708792402
8 89 34.67696182643397
8 90 6.802905392067052
8 91 39.47380155317946
8 92 4.074475481307926
8 95 41.15485309671016
8 97 27.571622789680124
8 98 75.55090982747637
8 99 13.643317461182912
9 13 7.277330660073865
9 14 7.282095184333944
9 15 90.91785020504878
9 16 45.73219998821137
9 17 66.43723554635879
9 18 95.75375275373311
9 19 2.511838858533078
9 20 14.820359891096833
9 21 12.562505122984579
9 23 91.49029479406437
9 24 29.990933446640938
9 25 20.88260022783798
9 26 21.25164147297621
9 27 84.59981409324509
9 28 64.87343479609844
9 31 31.726023719197254
9 32 77.48639828061434
9 33 35.3821906747277
9 34 79.02682739757302
9 35 57.10205466070066
9 36 95.23901116660024
9 38 16.454461568450117
9 40 43.43372679581856
9 44 29.38651477608817
9 46 8.871132907034557
9 47 37.19063681051462
9 48 5.485482615921927
9 50 32.00512582900912
9 51 78.57754948883958
9 52 89.605674540118
9 53 56.81854402080763
9 54 89.80546563047186
9 55 86.72371776375478
9 57 88.74344690558539
9 58 85.06473021962086
9 59 93.92421259905366
9 60 90.83526471086564
9 61 81.47059427357435
9 62 81.40583768996454
9 63 97.2679224848187
9 64 83.63891695628818
9 65 90.85078938258947
9 66 64.08794224373602
9 67 85.82271107579035
9 69 19.521666354489902
9 70 11.942971186132104
9 71 43.8768748964836
9 73 14.870877153091424
9 75 99.12945302674474
9 77 72.56228713442091
9 79 90.50640012837316
9 80 91.47941755306391
9 81 21.623614426788507
9 82 25.05884807011149
9 83 12.323458395822344
9 84 44.998567925278955
9 85 39.43820685988339
9 86 49.06280783639096
9 87 87.62175673343364
9 88 74.85962963131244
9 89 67.11236787783744
9 90 54.21982094869855
9 95 40.0958181299522
9 98 56.80693957109432
9 99 81.49863018539753
10 13 32.501074093500065
10 15 30.520047990773026
10 16 52.19765497544418
10 17 59.41958612113866
10 18 71.65875264962813
10 20 24.932659086618273
10 22 15.68913604459301
10 25 52.37097260121814
10 26 68.68264790206862
10 27 56.48295828064695
10 29 44.68247346455554
10 30 55.04641421987407
10 31 51.24045368548975
10 32 20.1748195353832
10 34 55.32266147507415
10 35 23.347441895701568
10 36 59.48860276242019
10 37 62.14797456530333
10 38 17.826887741689816
10 39 22.57745675476621
10 40 28.118157744667876
10 44 19.144020529978988
10 46 15.44383787996718
10 47 5.702293066834675
10 48 11.385980613675803
10 49 84.9718970604043
10 53 34.957512508902454
10 55 29.5413137137994
10 57 20.059141188734998
10 59 40.497501207711956
10 60 6.739314512360812
10 61 33.281724574849186
10 62 54.18283085199893
10 63 9.856254278905437
10 64 36.548324499238966
10 65 61.48854558577348
10 67 50.457695435332056
10 68 84.01485391554493
10 69 66.50300290630231
10 70 19.987294301303898
10 71 68.73002675814267
10 72 68.21640644882063
10 73 57.45267874906073
10 74 83.6543491947852
10 77 56.44925106270131
10 79 2.1915783908088216
10 81 28.046064155072226
10 83 56.59968002895006
10 86 85.8288976353051
10 87 29.310741351079148
10 88 23.98946026661095
10 90 12.879417121620861
10 93 75.8849543142533
10 94 4.128140438724876
10 95 2.5524659842530015
10 96 39.78144667861885
10 98 65.14880223841777
11 12 5.021137574677932
11 13 89.27574389382723
11 14 2.8234766766675925
11 16 57.58182401617992
11 18 48.7489777681983
11 20 38.758045357784894
11 21 23.14683903468568
11 22 50.183326976015934
11 23 8.672086280264853
11 24 86.03324565059506
11 25 89.56456523324773
11 26 75.72419738470651
11 29 21.37553617861854
11 31 71.39328457938507
11 34 77.3023602978019
11 35 96.48466091227486
11 37 40.92131758147541
11 40 97.62108439677488
11 42 57.30227579105744
11 43 84.01707740839093
11 44 39.66553901641668
11 45 48.96031855845045
11 46 12.309118054691002
11 47 25.18116162888998
11 48 97.2561671446067
11 50 29.01317514847535
11 51 60.862749667401125
11 52 17.529591496013545
11 54 89.36040764830425
11 55 56.634716083164946
11 56 18.44046104578891
11 57 11.454743805967656
11 58 47.27097060214578
11 60 92.04779908121864
11 61 68.46659097914208
11 63 25.629617907651436
11 67 96.43965914445515
11 68 33.90752023995812
11 69 20.24132134395278
11 70 15.673058300448307
11 71 82.01103527181888
11 72 43.18287548934641
11 73 86.6619374711537
11 74 41.454279177222475
11 75 59.28569665822569
11 76 60.41730876612185
11 77 67.66658334306851
11 78 51.23312680693678
11 79 32.65173788846209
11 80 24.546192676962374
11 83 18.43480721742532
11 84 34.12047450068848
11 85 71.47274665714573
11 88 78.41772210548935
11 89 50.65188282454035
11 90 42.287363147510355
11 91 85.93306016208759
11 92 69.30850809448427
11 93 57.61920933018794
11 95 10.005408329307793
11 96 92.91666782240311
11 97 29.509124298530363
11 98 92.77738761762137
11 99 53.902912597587914
12 13 42.30958821757773
12 16 48.84069515583673
12 17 66.09591682468927
12 19 41.244049181787084
12 20 76.01706775843343
12 22 17.92972391477973
12 23 81.84904020302831
12 24 79.38384325879011
12 25 72.2459633284975
12 27 93.76888561236635
12 29 92.40706128055035
12 33 16.27268230769436
12 34 70.46222161651423
12 35 30.560331028622883
12 36 7.130209081286216
12 40 10.848856334691133
12 42 33.515046683276935
12 43 98.17818047961498
12 44 78.86479091208977
12 46 77.2470562413134
12 48 99.88750816888933
12 49 67.63642835940772
12 50 89.40724083996948
12 51 78.59473661616974
12 52 91.3835065219009
12 53 24.902433663334666
12 54 21.744110011987086
12 55 53.968750214791214
12 61 99.48254255738387
12 62 51.36941571873456
12 64 42.63414790703407
12 65 15.419779224945533
12 66 90.66153278853676
12 67 66.21445545933626
12 68 86.12193598372731
12 70 70.64426575749994
12 71 42.94690849261216
12 72 80.06367006966204
12 73 20.886907398778675
12 74 8.104538947130132
12 75 72.78551853049422
12 76 69.02351814513686
12 78 11.282783795917856
12 79 24.07434306343508
12 81 1.0608841320519018
12 82 79.06019710539373
12 83 12.476808468744352
12 85 82.56394430294728
12 86 29.494403505311553
12 88 69.28107258243837
12 89 41.22758517705245
12 90 23.55715042384172
12 91 29.574007627076647
12 93 1.7998630668464244
12 94 24.92636274666602
12 95 77.61894715361706
12 96 38.23591237838093
12 98 52.55616839101472
13 14 72.60535552151316
13 15 25.313954220635683
13 19 18.658433172171705
13 20 71.35698447607083
13 21 90.084605848903
13 22 47.68532676625109
13 23 40.85132020962377
13 25 10.938464445772526
13 26 31.10187502229004
13 27 28.620258894991608
13 28 4.140368090256237
13 29 3.0942214445130882
13 30 27.461059018221906
13 31 4.497250263537768
13 32 89.39483926277234
13 35 48.0356600594463
13 36 31.277663861878313
13 37 18.152532080179835
13 38 39.88284778418356
13 39 12.143942708485536
13 41 25.668766269456167
13 42 98.20778794130985
13 43 2.787098725924351
13 45 74.48017833683203
13 47 72.44076274271602
13 48 25.144819094753707
13 50 86.02136085394632
13 51 76.46882386772704
13 52 90.07145466562135
13 53 81.26456921707778
13 54 71.00061829179944
13 55 66.67933370811863
13 56 37.56950694298114
13 58 30.32888373532992
13 59 80.70996484107727
13 60 43.765751761085085
13 63 48.828571994398935
13 65 55.709399837008505
13 67 45.686517776297364
13 69 18.591076588204366
13 70 82.81307017854228
13 71 60.26223903361782
13 74 73.58783218722233
13 75 96.55315357352563
13 76 37.7652951614035
13 77 41.17618393941297
13 78 78.85543743936896
13 79 91.89109882919662
13 80 4.449578078620144
13 82 57.909660301943056
13 83 81.84472725033736
13 85 26.0367908062824
13 87 61.65603234673567
13 88 37.44282640660078
13 90 82.05967754657232
13 93 78.25814533916912
13 95 3.0661746639111382
13 96 6.568550140833549
13 97 88.16312297833734
13 98 84.5238416864211
14 19 43.50941405285065
14 23 6.409155297390504
14 26 20.31832298740503
14 27 54.54058985020372
14 31 24.1606512957166
14 32 64.37388059229232
14 33 39.16071441853745
14 36 77.27082700981371
14 38 98.5110313325621
14 39 52.9948273077431
14 41 55.46574089278914
14 42 20.504194694472254
14 43 24.74044531649653
14 44 8.243056325323494
14 45 45.220405357535356
14 47 63.21612347127872
14 48 67.319744796517
14 49 66.3719964095176
14 50 65.5748892874616
14 52 35.97178771438866
14 54 53.7465198313046
14 55 66.75894597357758
14 56 74.36933842819715
14 57 37.72511034082758
14 59 92.97204442141489
14 60 59.118606490728716
14 61 63.1921986188628
14 63 58.210864525815715
14 64 35.4457214684839
14 65 84.81085069463809
14 66 28.258671106919056
14 67 95.33807881158165
14 68 68.015497828531
14 69 64.52287722197457
14 70 3.842957411754612
14 73 64.11524943245705
14 76 69.78508618911218
14 79 84.30168499264397
14 80 18.673618563579307
14 82 65.30479818878995
14 83 26.401195079962125
14 85 96.5035717853941
14 86 66.91356168365294
14 90 90.82800495214428
14 91 8.011504920600002
14 92 48.071534665724734
14 93 6.526867472387902
14 95 84.72164553651905
14 96 53.72123007711195
14 97 4.804215482583319
14 98 76.87030970765964
14 99 80.17668711490188
15 16 5.306357201710289
15 17 48.162291766746705
15 18 59.887190589348954
15 19 88.00403321050022
15 21 37.45486415430356
15 23 19.322691045760315
15 24 95.31041705850504
15 27 5.768014004462114
15 28 75.3260325037955
15 29 13.929670134723414
15 30 73.64124448495525
15 31 34.36094580290366
15 32 35.95321969223358
15 33 82.14833572773506
15 35 33.84344203264111
15 36 28.743608302950655
15 37 22.553080263561203
15 38 75.14200721056582
15 39 80.48914090017253
15 44 57.75258951940046
15 45 90.02371596495227
15 46 19.715756693418793
15 47 16.779027631275728
15 48 91.93699944001833
15 49 72.43621469397972
15 50 15.801992272741677
15 52 40.081001662178416
15 53 12.055995480100863
15 55 41.836717332954535
15 56 74.55501484498527
15 57 40.998738616530204
15 59 89.41250785216428
15 60 89.77053621551093
15 61 27.97099335800165
15 63 46.445004498821866
15 64 13.32555322019013
15 65 30.2924632705005
15 66 85.16914631419696
15 67 20.076615881594073
15 68 67.57159188969263
15 69 92.73947823759761
15 70 91.7878744123207
15 73 98.45586723145217
15 77 36.283811306826415
15 78 42.687874669007385
15 79 86.36409286034879
15 81 19.773767892994613
15 82 27.87192551551285
15 85 86.80267983038954
15 87 61.301929720496716
15 90 10.094090889589593
15 93 67.9277576278441
15 94 77.24248661772222
15 95 21.44264216053788
15 96 40.638390812563664
15 97 71.73733244157634
15 99 66.64531247642428
16 17 82.43641917487507
16 18 9.096992939819096
16 19 61.55947712282441
16 21 21.214620788347045
16 22 64.01489773160108
16 24 26.17777406271723
16 25 56.222170967003144
16 26 82.27539886654404
16 27 39.29569419661073
16 28 35.762894575735665
16 30 34.36191632423952
16 31 96.16100759532092
16 33 15.39041640894804
16 34 77.0500980547306
16 37 6.022989431999332
16 38 54.866874979584004
16 39 28.480929378536217
16 40 30.32249111428808
16 41 76.68860160276151
16 42 41.61626062983075
16 43 94.2439565043703
16 44 87.2498946472058
16 45 22.669717115432857
16 46 70.13307626617407
16 47 43.90442708719953
16 48 79.93558069451501
16 50 94.56747322148027
16 52 49.3031405641418
16 54 44.28121750019579
16 56 14.98416242078631
16 57 62.45185458115612
16 59 29.92265300355365
16 60 42.83266525220475
16 63 2.3546677032161387
16 64 63.155833201307594
16 65 84.3826669439815
16 68 16.19384573421314
16 70 22.735899430687418
16 72 57.807220277887346
16 74 92.20878399747592
16 75 3.8447223153046424
16 76 56.75281902848693
16 78 44.54952135145751
16 79 91.96836415558047
16 80 95.85258659385082
16 81 92.457407905891
16 82 42.00442918999289
16 83 31.401284094715884
16 84 94.53107366508453
16 85 60.70254038348016
16 86 49.3055902346523
16 87 14.217760685254435
16 88 55.51640620703667
16 90 90.38101341288825
16 91 39.90456531322124
16 92 92.00926434021312
16 93 88.71903034532492
16 94 33.21487334343588
16 95 74.52899295884968
16 99 6.533900840790144
17 18 89.14914142676413
17 20 18.253575616186566
17 21 68.16122137773966
17 24 37.74971245238589
17 25 91.11371795624473
17 27 20.57259804805951
17 28 41.4130989743044
17 29 33.063318025054805
17 30 29.55750537217111
17 31 43.95010654641165
17 33 89.45490861087073
17 34 10.134077038596603
17 35 78.36831032732614
17 37 75.75777355165641
17 41 95.10356897673334
17 42 92.32516637770628
17 43 40.029692617848276
17 44 4.886738445962292
17 45 91.30367267701062
17 49 52.38906327000367
17 50 18.047416464126943
17 51 60.36336085280021
17 52 48.82817082518117
17 53 23.818007110271786
17 55 53.9031805296048
17 57 82.39311433556999
17 58 82.23526820394355
17 59 60.95503004479935
17 60 40.92095403511916
17 61 47.528068570930074
17 62 54.980125374760206
17 63 51.65316101479878
17 64 97.5619291852591
17 65 1.4918889146333285
17 66 56.372949355665654
17 67 35.97851637723228
17 69 17.20403183400586
17 70 64.35199445057683
17 72 55.92171711379072
17 74 55.771805881324475
17 75 92.72651376499213
17 76 28.271679253170294
17 77 84.70534231800721
17 83 26.821037838043647
17 85 3.1116836653966837
17 86 7.086109411604736
17 87 98.94539517776882
17 88 49.149606252372934
17 89 73.28027050224549
17 90 21.760793186653665
17 91 27.06672733826614
17 93 27.683521477458832
17 94 84.70061434068369
17 95 36.85283699394199
17 96 41.98739907347321
17 98 34.80753184741582
18 19 26.61202365801733
18 21 18.014067969085016
18 23 60.79809067698132
18 24 75.31897883176421
18 25 13.928306645216484
18 26 93.08022644354604
18 27 65.44077916364455
18 28 4.745887307043571
18 30 50.63226931706711
18 31 49.08914569814578
18 35 80.27589122820774
18 36 54.28067671789064
18 38 88.5789671869246
18 39 68.18938951484733
18 40 40.471799088752725
18 41 11.946894418987426
18 42 96.5470790189077
18 43 47.491804253296735
18 44 39.55945463035216
18 45 59.28662527962102
18 46 88.80280571006645
18 47 58.443132935595216
18 48 92.16474446228439
18 49 53.03360446996386
18 50 45.04004138319946
18 53 9.585250499125948
18 54 83.81054526415335
18 56 48.24569547287997
18 57 64.43892596674198
18 58 22.826262498614472
18 59 70.12142860416407
18 60 68.0538782013641
18 61 29.121184598001328
18 62 16.784866288122632
18 65 3.743087510156405
18 66 30.7167826206782
18 67 72.38900317640604
18 68 77.4136760456521
18 69 20.168832366300492
18 70 6.237798671292767
18 72 59.089575843278844
18 73 7.9437550311277985
18 74 33.99440349157562
18 76 25.66336650051317
18 77 50.49973557257424
18 79 96.87654891734525
18 81 1.9883704773469133
18 82 38.0851127292113
18 84 89.58472865266342
18 85 68.64973930879025
18 86 26.224109776244454
18 87 74.40141606074793
18 88 31.146001145691027
18 89 16.6892492745713
18 91 82.69398127412327
18 93 71.7856404328445
18 95 41.94981198462177
18 96 34.44710402987643
18 97 23.215288844112273
18 99 86.09778530175406
19 20 54.458777081664365
19 21 96.85098093877171
19 24 77.87658645299146
19 25 26.76645888596772
19 26 82.66382045954222
19 27 64.94875250990258
19 28 67.60722778788887
19 29 91.40090783670897
19 31 47.7101493249997
19 32 4.943526854745242
19 33 77.49384362037793
19 36 71.42869307668212
19 37 5.821324894443488
19 39 39.87735728231734
19 40 98.27541336132205
19 41 92.86950732735467
19 42 79.43520327267765
19 43 18.921048589143634
19 44 90.05322911809783
19 45 87.80862090303013
19 47 33.063333804615986
19 48 69.02317214164859
19 49 79.75167764468452
19 51 3.836546839108802
19 53 85.98849203704343
19 54 92.149142589675
19 55 38.66451564420508
19 57 28.111258156680965
19 58 29.258878822638238
19 59 42.8298935933728
19 60 50.9351589494889
19 61 82.8600895655752
19 63 97.0191339431046
19 64 58.310988957159424
19 65 5.379818301013251
19 66 38.829635155176035
19 68 23.863796360392367
19 69 7.091337505731965
19 70 21.250276070521288
19 71 46.99016257304539
19 72 92.39260211101151
19 73 3.9809233363548
19 74 81.82871704255844
19 75 43.34586168722534
19 77 65.75968339109997
19 78 73.65907788998759
19 79 40.86323169947282
19 81 80.30843254210009
19 82 93.66904731412085
19 86 49.52573427065282
19 87 15.664315937129961
19 88 41.38885962019134
19 90 45.230064613954475
19 93 41.323374741789316
19 94 95.14770598850451
19 95 39.41747669104658
19 96 65.86251631326562
19 97 81.4178809606347
19 98 8.221377160704535
19 99 2.505626730159859
20 22 37.47426203173425
20 23 15.482773629948737
20 25 70.54145165788461
20 27 90.7125479353802
20 28 62.15663989011771
20 30 31.44632580429088
20 31 97.64885357675728
20 32 38.32924667098023
20 33 81.5874445656045
20 35 84.32646923574033
20 37 26.306031091883042
20 38 41.397764734946186
20 40 53.47034949836508
20 42 14.975667478285597
20 43 9.59874026082464
20 45 27.644168318156844
20 46 76.30620606222517
20 47 86.40059723993821
20 48 15.253774592450958
20 50 41.951293350433914
20 52 31.262917187328885
20 55 75.67170659462245
20 56 2.0771762388278248
20 57 46.47175316165002
20 59 79.80663994882286
20 63 2.9838368179260666
20 64 72.46526938597003
20 65 11.943446915840179
20 66 72.5268695649261
20 67 11.742610451769929
20 69 58.79069798700335
20 71 25.555526849833214
20 72 84.7719173437122
20 73 26.281090357672557
20 74 79.78879509335714
20 75 34.19954993884448
20 76 33.186456344896214
20 77 34.17254204088664
20 79 25.693242369171443
20 81 52.44602013482581
20 82 83.11393062128299
20 83 16.469863876574305
20 84 61.747551190634994
20 85 66.66965255928966
20 86 22.168082074985897
20 88 90.21284293602781
20 89 39.187020773085145
20 92 58.91024443192281
20 93 25.914976175657998
20 94 1.064715360126381
20 95 6.925015405369958
20 96 59.01112772254308
20 98 45.284921774503815
21 22 68.5024471164871
21 24 81.77378076220626
21 25 90.01446416876804
21 26 78.33147223426403
21 28 38.948264970870476
21 29 42.88204428777828
21 30 55.98112659076249
21 31 44.8646739329798
21 33 46.85237917380038
21 34 48.54860135534331
21 35 17.939440752036436
21 36 54.087463019352214
21 37 28.864856386226947
21 38 53.0561794120063
21 40 1.4144984170782093
21 41 48.98857379002111
21 43 99.1917345391226
21 44 40.75321864968942
21 46 83.64377958906734
21 47 90.4769289697242
21 48 12.843278921243456
21 49 60.5737130945948
21 50 93.2064739686818
21 52 77.63300278902354
21 53 21.631526221789013
21 55 35.652035772477
21 57 1.3893738247646503
21 58 95.81806899919513
21 61 82.06952684370951
21 62 59.24824187038244
21 64 57.006845025488126
21 65 51.23473255991031
21 66 13.681268746137395
21 67 28.016378853860523
21 68 25.43968779868805
21 70 45.45791499880983
21 71 98.46520566615418
21 72 59.327479044398366
21 73 63.06670953463569
21 76 27.061205481577794
21 78 95.96394403934032
21 79 8.954016619293016
21 80 91.63429550392381
21 83 52.7996835865208
21 84 1.7844374612791323
21 86 18.902327983244906
21 87 68.05287463612716
21 88 32.45582406669554
21 89 38.022248689585744
21 91 61.978974041654226
21 92 47.48338133394303
21 93 35.5498913091122
21 94 82.30221398344561
21 96 59.374647597823696
21 98 34.46526006438329
21 99 1.1161244719451735
22 25 21.973211339933698
22 26 9.648451137127077
22 28 16.485807831436638
22 29 77.92362857047401
22 30 47.463360654322464
22 33 90.10896060363426
22 34 35.80396774468017
22 35 83.03720570695593
22 36 43.50551663447322
22 37 22.684958822018327
22 38 35.697961322756804
22 41 52.451166380882945
22 42 69.17859171404957
22 43 4.76553314523496
22 45 35.47017761184376
22 46 63.62803922036396
22 47 57.44658322453475
22 49 57.906062715782895
22 50 13.785810382204076
22 52 83.59360666912505
22 54 77.78679169411332
22 56 93.4181685135687
22 59 49.36163696238596
22 60 46.13955400040827
22 61 88.70163442925265
22 62 95.89007979049326
22 63 21.397709390229267
22 66 1.8991593099806092
22 67 35.10829437019875
22 68 27.976459052018658
22 69 78.53954331717699
22 70 8.725865747007026
22 71 71.39592738288489
22 72 46.49993838023897
22 73 55.763144716256384
22 75 32.61530246802852
22 78 64.41084717572708
22 79 47.31794489756658
22 81 38.10052069467483
22 83 23.528315006775237
22 84 62.51092820343108
22 85 41.40515228364794
22 87 9.515435937556513
22 89 31.207967317489167
22 90 73.85841726467024
22 91 80.0392630132106
22 95 61.850916384430754
22 96 95.57665532812618
22 98 9.324609251275032
22 99 32.55805450186611
23 24 7.876062470017266
23 25 40.74812810309992
23 27 42.05809465410875
23 28 12.55043950850198
23 30 44.50232243835342
23 31 25.26838105849304
23 32 12.650398766988632
23 34 17.11553252803952
23 35 73.14951041936544
23 38 22.895019254109847
23 40 31.669860908214556
23 41 40.57882053762443
23 42 8.368708068341265
23 46 20.323436847222283
23 47 42.91443300354679
23 49 86.9331575409485
23 50 15.523823824606149
23 51 65.9878470153062
23 52 73.85454596164902
23 53 4.812310490722714
23 55 7.244849810987061
23 56 92.24705324957466
23 57 9.200658923805443
23 58 39.36215817731238
23 59 82.35490212235426
23 61 73.33393256567041
23 62 42.53979396842647
23 63 82.224078658656
23 64 25.73804230938402
23 65 48.12929333455602
23 66 19.51453366871946
23 67 88.960120122075
23 68 40.85980039129528
23 70 76.16011918875078
23 72 74.86645811281747
23 73 50.63585952573011
23 74 80.89849055661249
23 75 56.777955239711474
23 77 30.511721923847247
23 78 30.98880872847794
23 79 66.64604704650024
23 80 95.54509780663787
23 81 54.889142884402915
23 82 7.187531496702447
23 83 32.18862817098077
23 86 36.44850860265989
23 87 67.22902219264526
23 88 61.44219654926243
23 90 75.70527671536236
23 91 47.67304463120547
23 92 35.32962093158937
23 93 21.559800514842753
23 95 13.552145181510722
23 96 90.00234332570146
23 97 3.3148817528496597
23 98 54.64692480349705
23 99 4.128038116276575
24 25 21.830001674197007
24 26 32.46663278337725
24 28 35.56008315445956
24 29 39.21255292573707
24 31 58.85206348603978
24 32 24.43217032428753
24 35 80.02025453168504
24 36 6.480188825754358
24 37 59.23678533535982
24 38 29.893221971722234
24 39 67.9998935831212
24 40 77.78102439930315
24 41 17.54532607493182
24 42 94.99684366326139
24 43 58.65823386804979
24 44 99.6516015718099
24 45 91.26627784278604
24 46 9.548211867063253
24 47 73.71735815121109
24 48 25.394050440652325
24 49 25.17660218802563
24 50 91.81014283416064
24 52 15.914594333435685
24 53 59.74217537661976
24 54 65.2874428027838
24 55 31.007792765398886
24 57 20.722731733297472
24 59 45.68272252477704
24 60 67.32163006655621
24 61 26.33818532471107
24 62 55.23335928171204
24 63 46.31525930822742
24 64 54.95821032680561
24 65 26.65698894381805
24 66 30.52003997596086
24 67 84.68998338015467
24 68 27.688851669946963
24 69 11.059059946741012
24 70 42.52480151839125
24 71 91.60519590130342
24 74 16.718693701076848
24 75 1.6747290588345063
24 76 21.75773789603747
24 77 77.69186226567749
24 78 74.95948247487435
24 81 78.45979673789468
24 83 4.092799923289016
24 85 75.58370778522684
24 86 38.47649719509419
24 87 41.22832953005873
24 88 95.07890270188992
24 90 66.53101935092646
24 92 1.779129420378836
24 93 20.023162751953198
24 94 84.07526759808557
24 95 95.92406411793867
24 96 79.71343562780166
24 99 31.742095798417672
25 26 90.30229217840957
25 27 52.80487901356534
25 29 27.30119561311343
25 30 8.691424047666327
25 31 13.303173250457537
25 32 77.21164264187284
25 33 75.91193667721501
25 36 36.131643645250854
25 37 12.175619567103627
25 38 83.53917470145144
25 39 18.897239427327346
25 40 50.561824111926214
25 42 52.109285570652055
25 43 31.100690260824727
25 44 36.3812293945964
25 45 74.19435436001764
25 47 62.385262295544784
25 49 22.43262868114214
25 50 95.9910148220117
25 51 79.21433719061136
25 52 56.28596686929859
25 53 83.62013866131994
25 54 77.14454495785957
25 55 16.11194657753375
25 57 34.047248820748614
25 58 45.56378976655217
25 59 87.54088698063286
25 60 61.92430034418815
25 62 46.039954577400884
25 63 98.78442505642757
25 65 17.989379194342
25 68 89.34764080938622
25 70 59.50637506984689
25 72 74.01408532586518
25 75 80.19480212402839
25 76 62.21611822299964
25 79 70.29742315567987
25 80 1.519408530874544
25 83 80.5871576182553
25 84 63.94108597444412
25 85 97.80858579721992
25 86 70.2096053354155
25 87 94.97852477330491
25 90 33.25529816165346
25 91 77.68965047455988
25 93 13.309584596991671
25 95 48.10781715029358
25 97 61.461046912710394
25 98 57.95051588444648
25 99 80.49629067034897
26 27 3.5417387590643363
26 28 76.01654648597604
26 29 10.506830330378053
26 30 17.558446179223488
26 32 10.410370594874298
26 34 85.99427180441484
26 35 71.09692634734374
26 36 57.82069418060229
26 37 77.66811102637635
26 38 10.714434866946469
26 40 4.108638498895158
26 41 96.4593406578524
26 42 76.75738458269093
26 43 83.2496429557503
26 44 47.32992667909443
26 45 36.38265723123124
26 46 56.34942111988742
26 47 9.963325207070662
26 48 32.708292857339714
26 49 31.93537461457379
26 50 78.51359455468452
26 52 15.017956017669816
26 53 39.17205419278997
26 54 34.987403988809845
26 57 71.61653677474371
26 58 84.31421999262024
26 59 1.3808574017957165
26 60 68.16792357101863
26 61 19.6808805142561
26 62 58.01776070220482
26 63 24.639215118710265
26 65 100.06179974045156
26 66 74.54553935886337
26 67 61.02773425682124
26 68 67.59493553815153
26 69 42.928587723621554
26 70 56.95888583960145
26 71 61.855744382515375
26 72 21.154386557264406
26 74 55.18944016697039
26 77 11.209258630985111
26 78 33.1335158580016
26 80 26.165960517492547
26 83 9.79517287552127
26 84 13.351410603392544
26 87 11.683252627168976
26 88 61.36065614849777
26 91 25.765447987234406
26 92 89.37284376903413
26 93 48.17716201958101
26 94 8.267079079845603
26 96 52.859108428884255
26 97 53.06408128946031
26 98 74.4904556006761
27 28 24.46736834060187
27 30 88.7764656744735
27 32 72.40475605498419
27 33 95.72554844041183
27 34 44.88514620556063
27 35 75.32376760689372
27 36 60.37961432566643
27 38 15.001946945707221
27 39 69.59047112790655
27 41 52.580240468840465
27 42 88.04328585640901
27 43 25.17490443007998
27 44 55.02951116065453
27 45 51.517020934680026
27 46 4.061391241057594
27 47 77.74094975699306
27 48 59.72712903513175
27 49 31.5835688967051
27 51 96.11176272044342
27 54 69.10770644161806
27 55 24.119828623742748
27 57 61.683503484593004
27 58 60.6895112320737
27 59 69.13128144741773
27 60 39.45576071815499
27 65 55.27056488070745
27 66 61.90067107458203
27 67 43.96278589854471
27 68 60.222073833682174
27 69 59.92078973768704
27 70 86.62085400075301
27 71 5.309272367162028
27 72 4.32839652149085
27 73 70.14388722729626
27 74 8.437921307783695
27 76 54.89806363224979
27 77 21.463215049487285
27 78 81.27759560554736
27 79 35.990754276080736
27 80 16.42724334661219
27 81 89.28199640021025
27 82 87.74978521869912
27 83 44.52156850384439
27 84 21.22658586479052
27 87 59.13940073014918
27 88 27.460017517311083
27 91 57.05764643180694
27 92 55.59143599289977
27 93 70.7023090081435
27 96 54.87568181249063
27 97 5.654276102384689
27 98 41.58343649730868
28 29 41.4880722031175
28 30 96.55946571061676
28 32 51.33941099075125
28 33 84.39874937801005
28 34 77.64193989227496
28 37 17.630667209218984
28 38 11.500925211887282
28 39 61.74255610606464
28 40 87.57378684276391
28 41 70.7889249859387
28 42 62.648565007612
28 44 97.60436248455602
28 46 31.077282477093235
28 47 29.52197045643273
28 49 28.56018879594877
28 50 4.90689544385215
28 52 43.143244479607816
28 53 36.4721500167755
28 54 57.66836251634791
28 55 93.63716737242358
28 56 63.82357005119845
28 57 1.2746654033948062
28 58 69.9846384995705
28 59 70.86588642823725
28 61 56.07366585985649
28 62 7.44478264930358
28 65 85.78969261225409
28 66 15.342506448164228
28 67 53.87326386094089
28 70 8.722609152461075
28 71 67.00249475168027
28 72 8.954925745957546
28 73 2.684038352906812
28 74 94.89337612698117
28 75 32.80244459447035
28 76 80.04180658890486
28 77 97.98778711171782
28 78 41.03778057261213
28 79 76.34787446524736
28 80 1.5654258437619601
28 81 21.093755252409917
28 82 80.69511020126569
28 83 52.46141841837891
28 85 46.831746897663386
28 87 93.68976602076705
28 88 99.04417902575479
28 89 35.27599386866531
28 90 94.5154158565479
28 91 15.363241173427793
28 92 26.15669093486589
28 93 41.96617691630991
28 96 82.99166534463872
28 97 63.39358750377462
29 30 7.895284922603466
29 33 43.32515586257721
29 35 57.065739421578584
29 36 40.8691517845107
29 37 19.2340216809032
29 38 13.072517159455334
29 39 48.88307410716702
29 40 28.969990988015926
29 41 20.708410731119066
29 42 43.840149338645936
29 43 65.12418892415867
29 46 29.600914664975225
29 47 91.85544988297973
29 48 63.78899137433818
29 49 95.31851724932086
29 50 81.42297001623847
29 51 59.074654331458476
29 52 54.31411370403741
29 53 32.6079136643777
29 54 2.525115259350216
29 55 91.00589019550202
29 56 2.1703275438771863
29 57 78.59375628485412
29 58 33.620443130799295
29 59 69.05279690273261
29 61 87.69537161154979
29 63 32.579438947310116
29 64 67.15612199236338
29 66 28.830910557978758
29 67 75.92288891740935
29 68 43.07732737743274
29 69 30.413613912221717
29 70 72.3270658544654
29 71 89.55847958895237
29 72 47.04013484226808
29 73 74.37566446054421
29 74 67.13558957218905
29 75 77.96376417990541
29 76 86.43496655241924
29 78 98.03370937812787
29 79 24.69132761831133
29 80 3.282643598759325
29 81 26.99775156417682
29 84 8.415453033082187
29 85 43.25028877468627
29 88 54.36291299686646
29 89 46.855740243912884
29 90 79.42619864481682
29 91 3.4577769923544888
29 92 32.92606602315892
29 93 80.48201839820209
29 95 40.20736135979503
29 96 60.15746129081432
29 98 23.209275436354357
29 99 60.68556758413674
30 31 90.00479410221594
30 32 27.716808318566663
30 33 6.9507046848256016
30 34 78.84980751087092
30 36 25.131914387526628
30 37 38.16409197552589
30 38 71.84713804762131
30 39 48.35479800755664
30 43 69.14333791483405
30 44 46.85712881837074
30 45 7.942418669304741
30 46 2.550246031403527
30 47 54.485198964034076
30 48 67.71777019652315
30 49 97.51758138241934
30 51 42.516951382944086
30 55 90.78820848864275
30 56 22.213576932711423
30 57 53.495869233415355
30 58 81.0651481722542
30 60 16.893421374527307
30 61 43.42942241279907
30 62 90.69176032053257
30 63 55.5678084799552
30 64 86.6436698015924
30 65 47.882416430894786
30 66 12.921936753324673
30 69 42.88973574784015
30 70 9.567851905664538
30 71 27.169923586704112
30 72 14.42756434932985
30 74 94.10917010484641
30 75 37.81452584104259
30 77 86.82159940926579
30 78 55.13640226582925
30 79 80.82250680716365
30 80 79.85494049075177
30 82 62.376711516076696
30 83 39.26648227766099
30 86 79.75585574809983
30 88 47.7584166465226
30 89 47.519668254133805
30 90 72.54187858443194
30 91 86.69204233626685
30 93 45.48169626442755
30 94 28.695887783026755
30 95 23.380156849859222
30 96 96.19041121551008
30 97 84.98711274812607
30 98 36.88219270211527
30 99 30.300729199191405
31 32 67.88690733397745
31 34 57.09724586807795
31 35 53.825918391898924
31 36 22.158002465099607
31 37 35.75802473807847
31 39 7.746680516514223
31 40 74.16671692500455
31 41 27.767275551779626
31 42 32.27103627088464
31 43 1.0836270915021706
31 44 79.0686549821997
31 45 92.72765011909071
31 47 67.05047085260095
31 48 86.9036962254976
31 50 24.627306581254235
31 52 60.78257365766544
31 53 17.497918981721124
31 54 56.82965974188415
31 55 85.60177198132031
31 56 54.085938514988435
31 57 50.096523753685005
31 58 28.897876080947903
31 61 16.01417342724937
31 62 23.17694678420981
31 63 73.70831315367032
31 64 51.91866413519651
31 66 44.02635966234719
31 67 62.174023162571125
31 69 6.075965124028338
31 70 63.826597797097115
31 71 23.329852950043247
31 72 94.55066720329965
31 73 49.23666018004441
31 74 2.542319631702014
31 75 56.09238237843362
31 76 91.93650785896652
31 77 7.049018245924833
31 78 20.36482906667568
31 79 89.18951667253386
31 80 46.62366982122479
31 81 7.516453819501817
31 82 65.34043920011086
31 84 82.20665505389073
31 86 7.748743815003824
31 88 20.104246945955982
31 91 23.233829234612315
31 93 9.880685127093187
31 94 74.77886903927745
31 95 23.80937649747383
31 96 28.476035769273
31 97 57.77779730329481
31 98 51.089461507111444
31 99 68.48328462768399
32 33 12.426357061604792
32 34 31.099271376963472
32 36 92.59881684140952
32 37 52.7804103263791
32 38 97.35530802300534
32 39 84.08503051571748
32 40 74.65715093884475
32 41 26.17275437927809
32 42 30.35214588598811
32 43 38.91345406663063
32 44 35.950047031737476
32 45 3.8306065177786532
32 46 4.715812413238794
32 51 65.08415316205316
32 53 65.57152915975175
32 54 60.03493311918458
32 55 89.57176306211873
32 56 61.62522376119687
32 57 26.08017567791901
32 58 49.938145015275275
32 59 52.52060514041332
32 61 69.99409847593898
32 62 77.39066400094181
32 63 31.669958258833038
32 64 72.33799604226452
32 65 26.474993901704874
32 66 84.1832341562133
32 67 99.04780880810497
32 68 92.4381105816965
32 69 79.1838154925908
32 70 21.353668453780983
32 71 29.17015913235433
32 72 64.5404636652883
32 74 20.292691114973024
32 75 16.76875298983665
32 76 36.56420686744833
32 78 66.14843403309982
32 79 32.50968429665069
32 80 74.98496284424279
32 81 92.17340381723614
32 82 8.689234230132694
32 83 25.18115283821354
32 84 87.76506771935155
32 86 40.06784327232167
32 87 4.073443436209603
32 89 15.638977153036771
32 90 28.28909034115483
32 91 13.277778401867616
32 92 38.99902434669752
32 93 11.48041856750499
32 94 87.14233584323748
32 95 33.90833477531281
32 97 4.072769516301247
32 98 66.07727661880239
32 99 91.15684118649601
33 34 24.322344071475623
33 35 44.984838078200376
33 36 28.6821399925719
33 39 64.01285885303083
33 40 13.561296931525257
33 41 57.02984432763219
33 42 4.224471103525195
33 45 4.206570753780819
33 47 43.820958133061936
33 48 96.91796189596914
33 49 40.93820642336219
33 50 8.621358435894942
33 51 72.42574144958317
33 52 82.07580575652874
33 53 94.28743829495849
33 54 75.42959990126894
33 55 62.96250417107303
33 56 71.15313802508449
33 58 49.98659112974713
33 59 14.857609743066668
33 60 97.58768051274133
33 62 70.8557833210006
33 64 62.77363243791236
33 65 21.33664109728831
33 67 48.743271693966705
33 68 97.4368324455449
33 69 81.20907162297964
33 70 72.82956849485402
33 71 32.12936947595657
33 72 78.73239387362682
33 73 75.0442070700072
33 74 58.412711870266165
33 75 84.84115765292299
33 76 89.34335589135013
33 77 6.3244995478940655
33 78 73.86952129280962
33 79 76.86395992620702
33 80 6.677360726872516
33 81 44.65163363479505
33 83 69.15591397154968
33 85 92.7448794157615
33 86 71.40925170160531
33 87 18.60723311414794
33 88 40.47397667945138
33 90 22.633706773042093
33 91 31.644750929904085
33 92 32.74012734962779
33 93 62.68416773310162
33 94 19.60575105108015
33 96 33.29999110882467
33 97 99.3128398423036
33 98 33.42933309766016
33 99 62.52195951621553
34 36 90.60831182569831
34 37 19.461052815789714
34 38 69.37873044337034
34 39 68.21334555411471
34 40 39.516097817325466
34 41 70.74207703354767
34 42 43.81995848345126
34 43 66.95772934624787
34 45 37.31788725070953
34 46 96.72743931645202
34 47 10.782094094816037
34 48 45.48040851720518
34 49 59.86235201054575
34 50 75.18075880814648
34 52 30.672432104175595
34 53 97.28453075054125
34 54 62.893511896451955
34 55 8.438205831769046
34 56 60.51627426062058
34 57 88.48123195247832
34 60 12.274214605422692
34 61 38.10988652341848
34 62 6.761070393245693
34 63 20.885113422042178
34 64 22.612279521730848
34 65 92.03646072367904
34 67 8.963079214366648
34 69 30.473951574769508
34 70 22.65632174405825
34 71 54.43901790373876
34 72 73.47020380404102
34 73 85.7262122834454
34 74 28.90577757481836
34 75 51.58594218427878
34 77 39.55585856531873
34 78 14.034512013718555
34 79 53.7989150506567
34 81 12.775368370752332
34 82 6.665482367277576
34 84 56.20030417073262
34 85 61.70474067196203
34 86 36.16225901351224
34 87 14.56997836898019
34 88 6.962482188469973
34 91 36.79355325603409
34 92 54.33788396147895
34 93 8.92572119789822
34 94 66.87146546309273
34 95 64.39411480315687
34 96 24.26482433677237
34 97 37.57627620107777
34 99 28.83176193030788
35 36 22.585889564515014
35 37 66.19712130012728
35 38 90.57810251262283
35 39 93.65055275625964
35 40 99.92802573043733
35 41 63.84268402828804
35 43 33.856446193112646
35 44 93.06887465324506
35 45 5.964269788249119
35 46 51.02210725329793
35 47 11.342842270553165
35 48 36.278486851244
35 49 28.299122231327942
35 50 84.92634373844373
35 51 47.46686518617277
35 52 51.338575139266865
35 53 18.247374343973537
35 54 64.34738353900653
35 55 1.0748607560659449
35 57 90.04408547492052
35 58 18.172576522960195
35 59 24.191797761118185
35 60 65.45149204278576
35 61 54.74284123185051
35 62 58.690888698568024
35 63 46.69941166630747
35 65 16.148529233942142
35 67 81.94206823397377
35 69 13.993014223749528
35 72 56.94831167500377
35 74 42.57774297735664
35 75 84.64991020064191
35 76 94.76468327302275
35 77 74.68481526890886
35 78 1.3681775125533444
35 79 99.36932896507734
35 80 78.61776435239683
35 81 56.88056957060173
35 87 48.04237566289041
35 88 5.153306061772276
35 89 90.47014885145938
35 91 91.57300709683213
35 92 41.20588395942194
35 93 81.14314499832072
35 95 19.822293028210616
35 96 21.934703882448648
35 97 95.69933913032554
35 98 18.38881856544667
36 37 82.16908848991955
36 38 84.52832071543466
36 39 8.553369147699753
36 40 68.09942447193647
36 41 27.133018426720817
36 42 35.95342209469084
36 43 25.014542790876163
36 44 71.37844755749457
36 45 17.897565668377005
36 46 40.2796126657224
36 47 71.320199600101
36 50 93.85411235595038
36 51 42.73700099101662
36 52 57.20298526727013
36 53 90.93818877757468
36 54 63.76941632576858
36 55 46.80094816743945
36 56 77.43166500854855
36 57 84.90322136862105
36 58 12.47806599111912
36 59 28.838009322462927
36 60 17.77191199268647
36 62 25.088651859076663
36 63 73.09535829364444
36 65 3.0914810450824945
36 66 90.57658854663636
36 67 98.6189535206622
36 68 41.75999940040257
36 69 42.927309864019264
36 71 53.77736160461427
36 72 40.05299851761134
36 73 48.18339961003765
36 75 26.55363803442781
36 78 14.459055824171264
36 81 5.305866528240978
36 82 57.553345088707914
36 83 34.05078589113518
36 84 4.779364906165787
36 85 75.79549056845443
36 86 89.64056552766412
36 88 51.98681709639246
36 90 81.33420787172705
36 92 11.316185545200007
36 93 83.74197589301235
36 95 18.29606723613788
36 96 67.49544446641329
36 97 67.79936198942549
36 98 19.189801694795555
37 38 27.623529088003497
37 39 70.42005403389476
37 40 54.917910204128376
37 41 93.04167331420837
37 42 86.62952363017676
37 43 21.200602280497627
37 44 91.43901905012237
37 45 52.511662714881105
37 46 94.83241566056718
37 47 17.228388245779556
37 48 79.29391284087333
37 49 79.58273864846113
37 50 37.91461622955175
37 52 44.25283314016254
37 53 84.57184328883591
37 54 23.937821988102865
37 55 67.99030672529099
37 56 34.52142179286429
37 57 98.22339553844749
37 58 66.34023635091128
37 59 59.86716766783399
37 60 50.028794304143474
37 61 94.37019460389222
37 62 63.67385213511407
37 63 83.91193574544369
37 64 43.047201597652546
37 65 42.903202416101536
37 66 35.16129175661537
37 67 47.51749966198741
37 68 9.629396489991484
37 69 77.17598889775952
37 70 7.33470352069878
37 71 25.90128955298002
37 72 68.29852894059663
37 73 90.18344832543809
37 74 8.845969144909594
37 75 80.65846732316707
37 76 49.18031431721643
37 79 24.64445664395257
37 80 17.78889036172421
37 82 23.020817197863245
37 83 80.5131514910465
37 84 58.22050279277149
37 85 85.50646642234418
37 88 22.336200906105177
37 89 21.983590702307037
37 90 68.18392602910504
37 91 45.045567804431776
37 93 93.66148663840016
37 94 75.11107522758009
37 95 58.551651872099534
37 96 60.114817539331945
37 97 5.914851756129579
37 98 80.50912061137643
38 39 87.2376466398757
38 40 53.89641613155354
38 41 92.43308315564408
38 42 86.5672664088483
38 44 26.24724235211959
38 45 74.20134419770478
38 46 3.618090045871319
38 47 39.58805501320673
38 48 93.74373150520994
38 49 38.94868756076545
38 50 10.783443576760664
38 51 84.36466233233969
38 52 87.60909373991566
38 53 65.90061021516286
38 54 6.48806840451642
38 55 33.97702699217384
38 57 26.423136238700934
38 58 40.66308296082218
38 59 54.71014309651955
38 60 58.7132957863353
38 61 68.75983450125709
38 63 90.89984347368849
38 64 29.39865674820586
38 65 81.87202051690485
38 66 47.75858063214145
38 67 40.61951611436089
38 68 92.53605532284651
38 69 79.12483395687958
38 71 79.65208940541412
38 72 61.221560399908874
38 73 97.13049305103421
38 74 96.39434061529501
38 75 15.364230164969706
38 76 8.252290054780158
38 78 70.96057251369328
38 80 11.271134503343287
38 83 64.11724748560002
38 84 28.90826961428502
38 85 57.55744315877419
38 86 85.7231740144665
38 87 82.85964497621119
38 88 44.37459766078713
38 90 5.833327178499281
38 91 32.194424841032244
38 92 95.00764221610548
38 93 55.72012708792062
38 94 67.1488359412456
38 95 10.636845434767746
38 96 38.48890135878754
38 98 87.86579986652981
38 99 78.19722888995236
39 40 62.378854158260474
39 41 64.60923276919634
39 43 69.4020793619906
39 44 7.671495220969013
39 47 69.92114188897465
39 48 16.938703835996275
39 49 17.79861359782467
39 50 57.29836533727605
39 53 50.44622129372067
39 54 89.26621140562688
39 55 44.719124341239926
39 57 98.39441427227145
39 58 28.715052904649326
39 59 97.13603970031329
39 61 18.315663440488333
39 62 48.8833455985251
39 63 13.683928993067045
39 66 18.7497230439964
39 68 61.162111112453026
39 69 77.80856822131356
39 70 85.4403744085054
39 71 71.16636946798978
39 72 3.636038585753275
39 73 82.60606728383794
39 74 19.87372846962604
39 75 59.96498993724105
39 76 28.121227448726177
39 77 77.2041908899827
39 78 82.67459744114358
39 79 8.385750734312856
39 80 12.098389011270292
39 81 91.68666269987226
39 82 17.801457356462798
39 83 74.16478440425387
39 84 60.948190588157544
39 85 23.68126852507322
39 86 19.07307760698548
39 87 76.34125576269247
39 89 52.21025185644602
39 90 4.899852464438049
39 91 67.33820756792525
39 92 28.912594960667654
39 93 44.04286203373465
39 94 56.32999815906507
39 95 47.08131247488849
39 96 4.963812950536741
39 97 12.02819836131743
39 98 37.06816614803297
40 42 94.89559281596377
40 43 39.87336880394231
40 44 68.82845114223913
40 45 88.75168421097037
40 46 79.44181130954739
40 47 36.38843799785374
40 48 65.4726911263543
40 49 46.18527231005454
40 50 20.648431096853134
40 51 83.69613455758018
40 52 69.01737761648067
40 53 36.09810849118842
40 54 25.805835923135916
40 55 83.82572743292981
40 57 57.623908300944976
40 60 38.86226992851037
40 61 54.575422945034674
40 63 88.92120484352286
40 64 82.93284224975822
40 65 65.5366940563073
40 68 86.17136750406972
40 69 80.50144419181309
40 70 33.593139596589715
40 72 74.36525907600505
40 73 66.49066941747631
40 74 74.83973215647157
40 75 36.14430717573689
40 76 37.42295115782678
40 77 22.75741538614735
40 78 64.1202088599893
40 79 42.64357306103643
40 80 76.24029789037877
40 81 23.01947811729602
40 82 56.97910913590508
40 84 99.55936163870764
40 85 95.80083551175497
40 86 26.770008898738467
40 87 28.451017478829367
40 88 20.28241243327123
40 89 5.515139684203175
40 90 63.50700013167223
40 91 46.57264459343231
40 92 72.03291665008358
40 93 56.279650663855854
40 96 94.17366964996857
40 97 93.82120412793645
41 42 60.45116513937818
41 43 29.383573940738312
41 45 36.03667660316565
41 47 73.11338664498521
41 48 60.74797114922169
41 49 20.683789373466375
41 50 58.45056278783438
41 52 81.40597528191469
41 53 12.109967447686786
41 54 33.42038593775315
41 56 43.596118505166665
41 57 21.490337072039477
41 58 96.93253679300955
41 59 17.32782591975289
41 61 28.42691651006069
41 63 1.9484219646299734
41 65 82.7752654304923
41 66 16.1130826439233
41 68 85.8252314980282
41 69 46.6617899647449
41 70 21.61970942566835
41 71 18.297640147002387
41 72 85.97227588473062
41 74 68.68296204113746
41 75 82.3928410990359
41 76 71.04398280290782
41 77 16.210200757438702
41 78 33.055100535012336
41 79 92.3069290576023
41 80 24.758069484495014
41 81 55.167086375950156
41 82 13.073604762122997
41 83 65.58983230067524
41 85 77.72740856526744
41 86 40.12436773046644
41 87 34.14140071008252
41 88 88.89852167317086
41 89 85.85062959665778
41 90 13.128468894804012
41 91 19.96664961742055
41 92 21.5203400597238
41 93 6.984621247922472
41 94 87.12543357695056
41 95 89.5103436742452
41 98 39.08848960351574
42 44 62.356768933412546
42 45 43.21346159254152
42 46 52.840127556689815
42 47 62.65149369097344
42 48 47.68604344297011
42 49 98.52277380822522
42 50 8.399642286252542
42 51 59.30329060140776
42 52 52.445839851995835
42 53 26.61573157949198
42 54 15.39711852732971
42 55 87.07204302221433
42 57 71.29355187576832
42 58 80.6918734252634
42 59 72.08893655878232
42 60 54.33639899158365
42 62 89.61731119067609
42 63 4.84960464869358
42 64 6.975695390741544
42 65 65.5621742373557
42 66 27.757822273891204
42 68 19.07786354147435
42 69 77.7481319446894
42 70 56.7469943723811
42 71 78.70747203132471
42 72 27.72619141586008
42 73 76.35017084919468
42 74 95.9273514334513
42 75 89.10355116138929
42 76 18.360580841076626
42 77 75.5021702899652
42 79 38.674798008951385
42 80 86.72275491710633
42 81 43.690480184486574
42 82 13.192548031472677
42 84 45.85906351720145
42 85 34.45805058771675
42 86 7.288488259733022
42 87 82.36452593765345
42 88 77.51411340828517
42 89 81.07094977812018
42 90 75.26821878917994
42 91 13.492028933227889
42 92 40.31163005859279
42 93 40.35429176918522
42 95 6.0433812192846394
42 96 40.74946172354324
42 97 82.04851469027743
42 98 42.01456469821736
42 99 42.123866905946166
43 44 97.42665325410104
43 46 30.381132906605078
43 47 9.800394609733862
43 48 16.813348255814383
43 50 17.39109109734005
43 52 5.306220066423187
43 54 95.32249879484114
43 55 69.28858357185233
43 56 74.34005804901643
43 57 61.67021886458474
43 58 94.74097931688736
43 59 79.35432710372596
43 60 82.3239587717171
43 61 82.93473942245939
43 62 63.154953104076974
43 63 97.9917438301029
43 64 84.97296840747697
43 65 18.38896669559663
43 67 19.515424740763425
43 68 51.782829611308394
43 69 95.11718197659664
43 71 43.89873686340665
43 72 99.40645005891767
43 73 51.60485930788983
43 74 76.35059514463346
43 75 41.36953399980935
43 76 90.53104996044935
43 77 60.75399539806918
43 78 11.60406519271012
43 79 79.75735883427105
43 81 96.36804424732273
43 82 53.223092427850254
43 83 5.080107807240621
43 84 7.161507787644718
43 85 40.71995449009119
43 86 84.48098879113378
43 87 62.4236819335316
43 89 82.16692967051368
43 90 74.77619210477708
43 91 21.883313605295093
43 92 85.32898712905275
43 93 75.62520223463444
43 94 49.62290868624103
43 95 85.58223101680251
43 96 28.648128342911818
43 97 54.0404076069378
43 98 20.273934108439843
43 99 6.33350898203799
44 45 11.667649869873973
44 46 33.966930846959634
44 47 58.914873265896176
44 48 55.885768405588344
44 49 50.958934652901284
44 50 53.78280862989819
44 51 88.56273376156884
44 52 47.07569379185248
44 53 70.93050316796237
44 54 29.529046541219962
44 55 78.17211238638474
44 56 72.42761228930925
44 57 30.390850381855305
44 58 8.774276736865913
44 59 93.92988600458483
44 60 96.45052942071172
44 61 99.54811095885479
44 63 95.7706782011912
44 64 53.98622033313197
44 66 78.46110221979059
44 67 74.36755377962984
44 68 49.360095245662826
44 69 94.35283514475314
44 70 97.37607641954988
44 71 47.21017428452944
44 72 69.1393855779927
44 73 29.728351291572256
44 74 10.550853774169907
44 76 45.531217631506195
44 77 68.6054883233524
44 78 42.492312725586864
44 79 76.92377447124578
44 80 49.47374580234545
44 81 90.49266539855786
44 82 48.345131643780356
44 83 82.39153001484665
44 84 10.535771871164464
44 85 5.927013917043209
44 86 69.00550515841739
44 87 60.40579850069194
44 88 46.72614130310768
44 90 94.83179171892613
44 91 38.07914880132785
44 92 11.027548614721322
44 93 90.1702481348263
44 94 92.32111855883555
44 95 98.2996333014354
44 96 11.68681696947172
44 97 12.098954739004112
44 98 29.683754603252364
44 99 95.28066553628982
45 47 13.445597354519904
45 48 38.61338896181879
45 49 33.414930447123545
45 50 67.18346988818134
45 51 95.44684065053801
45 52 5.075418208053843
45 53 92.59615082041434
45 54 5.78396596217079
45 55 55.24133209758851
45 56 24.553023829955077
45 57 36.56928574996222
45 59 59.26561152878183
45 60 24.535676051764995
45 61 7.121187683463879
45 62 69.27001743814195
45 63 51.236684866157496
45 64 26.417022713028903
45 65 62.430305337650914
45 67 64.13053740429152
45 68 12.920575163299219
45 69 75.95898772891184
45 70 28.281666427949098
45 71 50.42876211539901
45 72 4.660385795276412
45 73 78.84407743285057
45 74 51.11948221858259
45 75 39.74440178019524
45 76 30.46190421613123
45 77 41.29006996205116
45 78 83.04997935761355
45 79 3.7886640519119807
45 80 77.75095625877005
45 81 21.59498796088197
45 82 33.71185203928588
45 84 23.473959730155496
45 85 57.17290683428077
45 86 90.14013332283065
45 87 62.21667386520294
45 89 31.626784657031386
45 90 18.452522622604857
45 91 21.378344758626266
45 92 68.111421950302
45 93 29.96303991566833
45 94 98.81723760145144
45 96 39.10753178453989
45 98 96.86337592863198
45 99 47.42446346138155
46 47 73.04609584831914
46 48 12.544611823426326
46 49 17.720995011258672
46 51 72.78193306725858
46 52 30.37492640920659
46 53 91.42983601545865
46 54 28.481696995463615
46 55 19.445508401510423
46 56 43.871098929573016
46 57 87.49644667016105
46 60 62.79427114910324
46 61 87.30817710424282
46 62 35.43424432164351
46 64 48.0513921401901
46 65 8.15959200901825
46 66 80.53011701882495
46 67 77.38375355009691
46 68 75.93677077413781
46 69 89.2598001965308
46 70 68.93664183806595
46 71 37.30986775643794
46 72 15.1780287935671
46 73 98.30129348955838
46 74 2.3972096278995676
46 75 44.420382474690705
46 76 61.06522987212708
46 77 23.622950182651486
46 78 36.60619497545565
46 79 16.90412189900166
46 80 9.980556435047529
46 81 89.91623521266072
46 82 60.08408415369803
46 83 42.31779400363117
46 84 7.105994407282506
46 85 77.0555206886843
46 86 83.2706733242542
46 88 98.28772930899305
46 89 75.36874841342217
46 90 80.09727996573797
46 92 12.264922952368138
46 93 46.25941933901862
46 94 3.1755324934062226
46 95 92.78246097485336
46 96 48.45759679359346
46 97 34.34630259191551
46 99 68.20096433341091
47 48 53.68360075050582
47 49 60.161330501533314
47 50 74.23572658630614
47 51 6.495132852204081
47 52 32.595126015495
47 53 74.99413824266914
47 54 18.802492689072025
47 55 62.899935562011265
47 56 35.421656991482855
47 57 6.737558815558527
47 58 67.9814181838465
47 60 49.54259961367967
47 61 78.08319359349824
47 62 27.601012767356455
47 63 66.37418374763014
47 64 63.1694142038923
47 66 71.16157640345637
47 67 50.13503296870017
47 68 13.578558454427974
47 69 48.395895215007734
47 70 95.4542846476127
47 72 44.91680802254251
47 74 31.102244715739204
47 75 37.227237768649786
47 76 8.674950182513706
47 77 84.90284893520224
47 78 91.58896452633802
47 79 60.98507203682298
47 80 2.3582830190695794
47 81 22.468394779507168
47 82 30.589911683262162
47 83 28.2827418313278
47 84 16.48927365886509
47 86 4.783707043694564
47 87 68.79820153929393
47 88 30.83695262967258
47 89 86.921984604942
47 90 26.303571252569483
47 92 36.93175816268754
47 93 4.935154718462357
47 94 41.34692700980936
47 95 8.693942928063253
47 96 85.60797939039607
47 97 83.7316461756137
47 98 37.52844379899351
48 50 24.49977726587026
48 51 41.61640920018742
48 52 87.03862508507133
48 53 52.78359017185169
48 54 43.2306790527213
48 55 92.9439917714845
48 56 71.05173115607033
48 57 85.50350421766301
48 58 74.47151770427904
48 59 38.15619766026639
48 60 70.63288423322321
48 61 63.1511439406185
48 62 92.11053680222258
48 63 33.56740802540845
48 64 59.60967174377805
48 65 48.17891655382904
48 66 53.2438931121581
48 67 15.629559995429357
48 68 19.639020991657883
48 69 42.51197595218927
48 70 72.45058057195227
48 71 55.317327354979554
48 72 3.336373871783769
48 73 75.5626713330911
48 74 91.64851741722292
48 75 13.478485428022067
48 76 11.784590973429719
48 77 84.3076437534092
48 78 42.54855975431155
48 79 67.852242886114
48 80 49.36659951839953
48 81 18.620575207277597
48 82 81.86111942481423
48 83 59.34961487324495
48 84 39.287651158234624
48 85 55.6827771854051
48 86 84.26725640883686
48 87 57.3190026702216
48 88 47.67901498012393
48 89 55.010465828729444
48 91 13.051172064242772
48 92 40.781955932587714
48 93 47.466616282510344
48 94 93.63385076987868
48 95 91.52747935278398
48 96 96.1481254602886
48 97 17.690755908837488
48 98 78.7467148851952
48 99 17.79475787347233
49 50 37.50359017054561
49 51 11.39539331589376
49 52 35.656647422028335
49 53 36.93042124736219
49 55 4.238644938126533
49 56 70.06418993469033
49 57 39.147040786971814
49 58 50.97031044863668
49 59 63.04093530112395
49 60 96.01602175202811
49 61 74.08073835050018
49 62 44.08513470396566
49 63 89.65209866293533
49 64 18.360647764839634
49 65 12.167629680341324
49 66 42.66463400429542
49 67 93.16923444232197
49 68 75.4919429761565
49 69 62.27910722847396
49 70 22.975176227740054
49 71 78.94604599238667
49 72 62.23255916538896
49 73 25.545855120027717
49 74 42.7916024159688
49 75 73.54948144896693
49 76 85.76612626869937
49 77 57.42858608695317
49 78 19.34617828747998
49 80 47.22621569252241
49 81 99.56984518188321
49 82 89.36208315681343
49 83 48.03604216824598
49 84 52.64778554991212
49 85 46.6773899797032
49 88 22.89214815813774
49 89 19.44007626386414
49 90 47.735307345325175
49 91 53.55022353785665
49 92 58.522903920990785
49 94 43.987758479286185
49 95 76.092405533085
49 97 66.34815956189568
49 98 21.437591981974656
49 99 32.38772606452402
50 51 73.15333839699464
50 52 18.25879911911472
50 53 80.89852511734108
50 54 2.5203656913703436
50 55 93.23859488547778
50 56 56.14852047111008
50 57 80.21591496166253
50 58 68.66394693915043
50 59 67.91433485289295
50 60 28.636962169599578
50 61 25.16743365402644
50 62 96.63581557281648
50 63 91.66282735976138
50 64 61.306861520338025
50 65 81.68596720833902
50 66 14.938334551739343
50 67 75.91878809074616
50 68 90.34596927361548
50 69 20.935520757528124
50 70 3.314661375042892
50 71 95.8521605700681
50 74 64.71982583376865
50 75 21.5982796134599
50 76 20.994484451366382
50 77 25.340706052976614
50 78 13.162905901398346
50 79 80.21853443847057
50 80 67.93300029828228
50 81 85.06687864418576
50 82 77.54492183843284
50 83 9.152193651685732
50 84 54.19765607842544
50 85 41.51595716505239
50 86 27.481189756282898
50 87 25.327576154048383
50 88 87.56354232859475
50 89 50.24772702508192
50 90 57.21887076200655
50 91 18.361110757822082
50 92 96.61263752177219
50 93 18.890452316055192
50 94 61.536214633847216
50 95 80.60570833069694
50 96 10.832904802743345
50 97 4.877305934540802
50 98 12.468453400025831
50 99 92.31880522192061
51 52 29.66744263141105
51 53 35.1579974062258
51 55 88.01415154185177
51 56 18.327200726479834
51 57 4.349976018185506
51 59 26.874210040661307
51 60 9.733663360846357
51 61 45.68449579759849
51 62 77.9450012879089
51 63 58.42614596054994
51 66 68.71591918653267
51 67 59.31658159646106
51 68 11.827639744985548
51 69 16.624066967623072
51 70 85.3319148382969
51 71 96.4126181123757
51 72 49.91618125302992
51 73 89.47422670662738
51 74 95.06804808886605
51 75 23.124307553487867
51 76 69.79239788180584
51 77 12.601348597483865
51 79 62.612738734282885
51 80 8.973572431452967
51 81 18.4067116809854
51 82 95.32860123673389
51 83 52.257555916977054
51 84 85.43405813356571
51 86 51.382257546795046
51 87 76.90131510426998
51 88 56.80082528852519
51 89 88.06230318999982
51 91 10.798813545971099
51 92 55.907531931653956
51 93 55.099336668383714
51 94 2.545640955274719
51 95 19.221983193528267
51 96 68.55791489208765
51 97 11.830870941549389
51 98 72.96658577704807
52 53 23.832421407743016
52 54 71.26257667812732
52 55 75.43276988819446
52 56 26.718230944004603
52 57 14.959065493358773
52 58 43.59306117986654
52 59 2.1843334252413693
52 60 9.998419749921231
52 62 27.672673597800024
52 63 26.0153882683836
52 64 97.68812604886827
52 65 24.32368817910256
52 66 34.078618017334946
52 67 18.58868665447065
52 68 68.44816246392003
52 69 27.98144037892255
52 70 55.56621201702911
52 71 84.51230989408347
52 72 36.01056193511551
52 73 39.373789200245184
52 74 34.22942717952973
52 75 70.08818131158226
52 76 95.6223038180074
52 77 38.40435092139253
52 78 9.075981508740963
52 79 37.433680756904195
52 80 47.408842220493455
52 81 2.0310267498357484
52 82 27.909084079736612
52 83 66.98244427666648
52 84 45.528335993395395
52 85 92.31072674796505
52 86 71.80633564958492
52 87 47.39792571389394
52 88 33.596109399951814
52 89 72.62020847410304
52 90 74.85548387903131
52 91 11.50290658857907
52 93 70.02030394670984
52 94 61.788911354106375
52 95 70.42736977083233
52 98 25.056448257251244
52 99 13.11410852579198
53 55 89.8197283461117
53 57 39.27288181190186
53 58 71.3881887364086
53 59 17.578332138448474
53 60 52.530673956313855
53 63 69.7843372022039
53 64 44.88916045510722
53 65 64.24228147355008
53 66 92.9203491674828
53 67 52.2196822709129
53 68 50.84264680632063
53 69 63.97027330986661
53 70 57.35234479384431
53 71 62.07467899618227
53 72 32.85048013713826
53 73 86.86626325702146
53 74 40.25652743458331
53 75 91.70403038409728
53 76 65.05478441782104
53 77 81.44715891790769
53 78 26.13144272389987
53 79 45.50536073596651
53 80 72.61755908606472
53 82 74.1044506358846
53 83 28.62135894212603
53 84 88.52952906029387
53 85 12.140413808580075
53 86 35.47176030172412
53 87 17.232100753801475
53 88 37.71580499256385
53 89 36.367092772966195
53 90 69.42723457058923
53 92 63.5789895632093
53 94 88.46486612268914
53 95 38.95747552762192
53 96 44.308427598379275
53 97 52.79487566728601
53 98 71.81688880523757
53 99 14.240879866104935
54 55 2.6020226329497054
54 56 45.85696261180767
54 57 20.05986020116699
54 58 99.59441944146045
54 59 79.1355708341609
54 60 12.074506860305984
54 61 16.661768191267665
54 62 85.89790645183457
54 63 98.48683780354553
54 64 66.43994006005876
54 65 65.76136719802227
54 67 77.83636619243963
54 68 31.70960289724671
54 69 78.64691945559234
54 70 44.14583174352201
54 71 12.818326801740032
54 72 17.724306537542102
54 73 80.10508148277648
54 74 2.5012188172159244
54 75 91.05094531001241
54 76 56.35272954881733
54 77 58.55504415748101
54 78 85.78639009287576
54 80 70.42519517389728
54 81 91.48039628321605
54 82 7.456343170223186
54 83 54.2664193727185
54 84 92.62047820629459
54 85 74.60748091148656
54 86 18.598345189392493
54 87 53.77608915648468
54 88 24.56550490872014
54 89 44.905384942938106
54 90 39.370869210177176
54 92 78.27647196277046
54 93 71.26277986530032
54 94 17.029786843741643
54 95 24.282649569901782
54 96 3.349873000667456
54 97 30.154708648860264
54 98 24.68163302960589
54 99 92.22341367934398
55 56 18.735669058157164
55 57 16.102917048518297
55 58 57.25234331517294
55 59 83.85670793741224
55 60 41.51068632639865
55 61 28.95443032680585
55 62 24.517840642337156
55 63 38.91980751278272
55 64 65.31168652069533
55 66 96.31155007973797
55 67 55.23061930565029
55 69 67.62310865355045
55 71 32.82674484333092
55 72 70.95652563984132
55 73 67.86518821818743
55 74 66.75462376975963
55 75 43.73320338931198
55 76 90.60265635705129
55 77 28.425567278379493
55 78 98.22500824703872
55 79 7.441025662505314
55 80 4.508782437298953
55 81 10.696658649178506
55 82 79.14585854527256
55 83 16.517655439254323
55 84 43.85214810486906
55 85 25.878332001266696
55 86 36.36880389916421
55 87 24.48480157378752
55 89 40.42000095195892
55 91 92.87135130695196
55 92 17.611706577231224
55 93 85.19236822067195
55 94 35.48188542531801
55 95 91.03783283536914
55 96 25.41919723977831
55 97 66.6484355765682
55 98 27.427229445283245
55 99 99.69789545941276
56 57 84.754741717692
56 58 57.669291914001946
56 59 29.462446055120456
56 60 24.422158638490348
56 61 49.578536938620694
56 63 59.30678942061906
56 64 24.38663691347062
56 65 33.5789840951825
56 66 78.38979500102116
56 67 78.03642190124533
56 68 83.62975972594748
56 69 81.27960005368928
56 70 84.4237240114614
56 71 85.08525530455252
56 72 47.54789527890742
56 73 25.052274588122735
56 74 72.60286564727578
56 75 36.60952333268188
56 76 96.37598786349518
56 77 91.34424556545895
56 78 13.494383892493838
56 79 47.700906548257294
56 80 33.78458506015076
56 82 34.84517408274137
56 83 65.2682020082348
56 85 26.465410957391498
56 86 69.1481874895555
56 87 81.23628211444947
56 88 87.43550248790204
56 89 28.685288829609156
56 91 3.0477395953474153
56 92 21.596642453891654
56 94 88.06941297738372
56 95 40.75637667136751
56 96 23.070250558771722
56 98 81.95728697742489
56 99 79.94298181707248
57 58 21.4529164919473
57 59 54.24174655261066
57 60 63.55228198873274
57 61 23.8935039155574
57 62 35.14517795585155
57 63 40.85088262376004
57 64 55.06222148779923
57 65 71.35487292466802
57 66 65.514729952882
57 67 77.85392783671861
57 69 1.9592327465986146
57 70 28.41468942544661
57 71 24.936362606862364
57 72 74.59237845627737
57 73 81.38395815318772
57 74 86.39311388425264
57 75 48.23453189372591
57 77 45.54258837352496
57 78 71.2399418416266
57 81 73.42492550205297
57 82 19.42041607619057
57 83 23.53166899879311
57 86 16.468507226416055
57 87 67.59436415412401
57 88 89.7145037201188
57 89 58.86632117145632
57 90 91.29180502434606
57 91 14.58438944711718
57 92 17.513035073069076
57 93 54.57635155584619
57 95 65.26060277248236
57 96 62.040675279092355
57 97 97.80499226011705
57 98 44.98878150230476
57 99 62.00217447910915
58 59 90.53849192816027
58 60 77.66289141512736
58 61 70.69582885393089
58 62 40.03508519588639
58 64 21.975056942646695
58 65 20.494545152908547
58 66 41.46840014274792
58 67 5.6110460278780705
58 68 23.168897795335564
58 69 12.535928814258732
58 70 86.54033588051874
58 71 51.57831289375758
58 73 32.95316606587516
58 74 40.02448932906167
58 75 68.48853333327204
58 76 19.10402894347812
58 77 18.250724722093253
58 78 57.341499589893054
58 79 67.13998478991057
58 80 92.78156947087402
58 81 57.14138840672985
58 82 54.53167492201266
58 83 7.889653101584226
58 84 88.5639237904402
58 85 8.55707412256885
58 86 67.29129042544646
58 87 20.87464276855873
58 88 85.92173630755813
58 89 56.49561223270754
58 90 60.269132577074686
58 91 5.317341869366342
58 92 90.37479291230994
58 93 74.72123090552492
58 94 56.243063058194934
58 95 14.562338832839881
58 97 33.9512840425504
58 99 66.1534130543536
59 60 35.48400339724376
59 61 25.628521289040947
59 62 97.17322511440653
59 63 20.262040429934846
59 64 38.870143213371925
59 65 52.31234459104342
59 66 64.72421275133159
59 67 96.21491683036618
59 68 98.02635186249826
59 69 12.333970314985915
59 70 23.77218042460792
59 71 79.86106588644628
59 72 40.07470188929481
59 73 1.0254046818022096
59 74 13.122312165635686
59 75 57.526814743077594
59 76 1.6670536212231442
59 78 6.422744543864962
59 79 71.93987311043999
59 80 3.7097800738665394
59 81 45.2165010142438
59 82 4.365713432379891
59 83 83.22659973549221
59 85 65.8003616571421
59 86 17.649707852136867
59 87 34.44601242556984
59 88 98.67519941788795
59 90 97.35996914649105
59 91 87.24947329123653
59 92 84.54162380490996
59 93 57.74760138316946
59 94 29.062486736708994
59 95 73.93227957436335
59 96 74.86723168916586
59 97 64.06456264115575
59 98 32.21065708364794
59 99 89.92242021153201
60 61 1.0607152393533759
60 63 49.517618186094445
60 64 70.98810108149767
60 65 79.94173734488486
60 66 50.21805991206883
60 67 82.94839296969468
60 68 48.8235316949097
60 69 62.7355305143388
60 70 75.7778935957585
60 71 47.47565697033615
60 72 56.79262111092809
60 73 54.16304180920986
60 74 55.05220176132378
60 75 51.75930751229871
60 76 51.36919589613249
60 77 1.1178341560201792
60 78 38.490324612078105
60 79 85.83088097442705
60 80 39.61882590486944
60 81 14.791220811511558
60 82 21.931607467760482
60 83 89.56437849310382
60 84 63.839945122880266
60 85 40.743453351879786
60 86 75.10129005361676
60 87 11.268941198308887
60 88 94.04637706614456
60 89 69.08323184767205
60 90 41.79411149862601
60 91 55.01889854101686
60 92 72.13572711974288
60 93 16.151577694348155
60 94 28.795555002573465
60 95 49.813329733861586
60 97 72.48479881244813
60 98 76.43998909651775
60 99 46.4735583077933
61 62 91.11286449890267
61 63 78.1271547265322
61 64 25.569195701532543
61 65 60.83020898408131
61 66 94.2126324644948
61 67 91.84287149006177
61 68 30.58629628519734
61 69 96.87398594985667
61 70 81.85840773954156
61 71 26.20834842474308
61 72 91.5403242374625
61 73 17.457481031363493
61 75 61.760406815827565
61 76 71.68840125537183
61 77 83.97887192211451
61 79 92.52100886836888
61 80 28.402631858250455
61 81 95.67127954986347
61 82 86.96477634168839
61 83 51.91591274782853
61 84 52.83237568245473
61 86 13.127739214845935
61 87 31.296660898236635
61 88 48.32179113806541
61 89 56.113396205365135
61 90 49.67550001340894
61 91 89.77034761683083
61 92 52.84613008503755
61 94 16.545478214775134
61 95 96.64536122442796
61 96 81.83740566955863
61 97 44.34970049804286
61 98 8.613350145421126
61 99 87.58770945509477
62 63 28.629416326105165
62 64 87.10896719732563
62 65 87.6145674604599
62 66 52.868419899386815
62 67 10.374033245574397
62 68 28.038040920013287
62 69 82.4644478212133
62 70 19.136112278017166
62 71 38.004505884827545
62 72 46.50379231076869
62 73 86.60638842346096
62 74 74.96665264368234
62 75 25.883935404207925
62 76 82.59432875702907
62 77 52.6772377579925
62 78 79.70977785785979
62 79 58.1249605017173
62 80 99.01939089358831
62 81 75.39861334574134
62 82 91.57517444117768
62 83 79.46373951239673
62 84 48.87727970408013
62 85 70.85387225304011
62 86 86.36797755882954
62 87 28.458799722077586
62 88 58.13527469350304
62 89 5.668762015698751
62 90 24.413598806219124
62 91 13.219888513566906
62 92 16.091920784449744
62 93 62.985142383671715
62 95 8.344801353624355
62 96 86.86378908879288
62 97 31.31197276077069
62 98 98.10774433441391
62 99 51.09125479316613
63 64 69.9333748791278
63 65 49.68453480867279
63 66 28.86080286009781
63 68 93.77117564297896
63 69 69.1199445247624
63 70 90.37035552826057
63 71 90.29415489402867
63 72 66.50971578051048
63 73 84.50445454284844
63 74 43.236731747219565
63 75 51.91103185151039
63 76 18.320862326268802
63 77 33.881590528633325
63 79 26.483234272086147
63 80 48.52448507365137
63 81 8.805083003022592
63 82 31.405211908763025
63 83 90.67987439291176
63 84 23.223656065581515
63 85 88.42465090393979
63 86 33.05302873117261
63 87 63.81378474019829
63 88 3.340213571448366
63 89 6.142147190158878
63 90 37.770026939593436
63 91 6.267407748073532
63 92 56.71722491908933
63 93 18.481136671954225
63 94 30.919087056080016
63 95 41.39618987243983
63 96 79.39451967239692
63 98 88.72897854828344
63 99 47.97229593297484
64 65 45.76185139359057
64 66 9.55096712465595
64 67 67.69410324136798
64 68 43.52439154132866
64 69 17.260951207541968
64 70 20.851553997589384
64 71 49.64117424853799
64 72 28.508427960315537
64 73 87.56549312419956
64 74 59.27638177154566
64 75 67.34308180824141
64 76 49.74842637149206
64 77 51.19709920164754
64 78 44.057445163288584
64 79 92.48116844153851
64 80 62.035347948599785
64 81 93.33950850508626
64 82 25.881665901261215
64 83 38.719851498764505
64 84 1.3579438761798754
64 85 4.508723035430099
64 86 1.2990706228866031
64 87 1.6924868489880291
64 88 14.907219594959528
64 90 72.51551887668496
64 91 4.287303339652128
64 92 24.805356595673594
64 93 73.32600918693768
64 94 65.83444908126263
64 95 64.11423304537001
64 96 19.409028153071045
64 97 22.35436381223675
64 98 49.0674277153042
64 99 26.403917181652492
65 66 14.659791203193356
65 67 45.22505737634309
65 68 72.67928994630952
65 70 35.49001267480055
65 71 50.22472964472479
65 72 76.8441278140256
65 73 7.110119666697894
65 74 42.36810413224167
65 75 18.105557235220758
65 76 47.072809556684525
65 77 42.46505015877321
65 79 38.40512977667357
65 80 93.82106173568033
65 81 82.65922482211806
65 82 51.51943698075389
65 83 23.66170835621548
65 84 76.18392151533969
65 85 92.29976506874533
65 86 15.961514011421505
65 87 20.441502845286898
65 88 47.3710841935018
65 89 5.187808874833884
65 90 23.85688405358812
65 91 51.65765501069377
65 92 68.69941939884315
65 93 86.00868473341616
65 94 83.91993696388286
65 95 4.791955304898523
65 96 55.73309737152187
65 97 21.517918611673114
65 98 4.173377235857827
65 99 47.81702511139571
66 67 69.05427779879581
66 68 98.52485438504351
66 69 61.03234258725675
66 70 68.78780428421956
66 71 36.29530090488976
66 72 61.5263629886341
66 73 32.992882693381
66 74 91.81350400845477
66 75 74.5432613350654
66 76 67.73705517788127
66 77 11.865116159785066
66 78 2.4601034401110855
66 79 82.85686759321183
66 80 41.524913056957374
66 81 70.2928523103605
66 82 24.118305646202792
66 84 13.58343778747126
66 86 96.6469779452346
66 87 81.20008021928469
66 88 76.51088186221244
66 89 99.04842816108209
66 90 29.26171083948535
66 91 55.93610124537518
66 93 31.284486873008838
66 94 10.96572402773826
66 95 80.37992709872103
66 96 43.2565991649722
66 98 30.26778301368847
66 99 40.712308147287196
67 68 28.088695605618362
67 69 8.491648605581455
67 70 20.28589147603046
67 71 30.652579806898046
67 72 1.9059471759476598
67 73 83.91568135954878
67 74 42.572914567768244
67 75 34.93531924889635
67 76 60.30004607592207
67 77 15.701273210088454
67 78 15.23302358729558
67 79 5.085145045478545
67 80 45.073234758171516
67 81 4.566554055975647
67 82 6.103722708599873
67 83 28.365489999031293
67 84 89.97408526559842
67 85 86.04336956048344
67 86 16.58732262985725
67 87 66.45559855589545
67 88 44.26642283366477
67 89 36.57177922792732
67 90 59.06173226014846
67 91 89.8701305001462
67 92 64.47403522893697
67 93 75.74304950794813
67 94 16.89807675049426
67 95 15.066910735660779
67 96 74.31620515234377
67 97 62.683843070333396
67 98 17.969216610821576
67 99 71.67317688591397
68 69 87.62937702182147
68 70 57.96649175317312
68 71 28.94372045273088
68 72 10.400359764166492
68 73 59.439114324176664
68 74 68.07415267025333
68 75 24.897396289803957
68 76 48.623224817546465
68 77 42.65871220674327
68 78 61.29748289494704
68 79 1.580181534203669
68 80 16.917768139935962
68 81 76.22279819793857
68 82 69.86312595565198
68 83 11.65568920504171
68 84 92.1011518433355
68 85 66.47916794791263
68 86 23.38652528198767
68 87 86.92770804293494
68 88 98.3623884510329
68 89 75.11465974227428
68 90 89.5524980260395
68 91 14.162924057336756
68 92 73.51036271982339
68 93 21.051506819567674
68 94 17.817948576413915
68 96 97.72490957349777
68 97 34.054343416266
68 98 55.65405309008519
68 99 15.843672098253903
69 70 36.60240223175543
69 71 68.3458767048296
69 72 56.84208684825321
69 73 90.02304166082106
69 74 99.0923818961184
69 75 86.79486318511077
69 76 9.67897920957679
69 77 64.0420444461345
69 78 94.20404511756733
69 79 98.25470782691772
69 80 18.538337432530028
69 81 90.69790494084684
69 82 48.33360069995736
69 83 50.39548184791324
69 84 64.47438305537307
69 85 49.58767959518552
69 86 44.67479422720629
69 87 25.673271021669184
69 88 10.363161154448077
69 89 98.31748064052827
69 90 35.18227668196785
69 91 23.964350137800434
69 92 47.3751700239133
69 93 53.218137297015296
69 94 69.58170455923751
69 95 86.35029882354381
69 96 91.05027821876693
69 97 83.30842509644648
69 98 31.45231772780582
69 99 68.13940697176056
70 71 86.59525034575448
70 72 2.9110660667249952
70 73 49.20317882852672
70 75 27.617564524489463
70 76 78.07355909199009
70 77 39.80295503504763
70 78 37.1465787526851
70 79 50.19713829594077
70 80 17.936046242453983
70 81 30.546355307959956
70 82 70.67696974419589
70 83 14.085067693107176
70 84 17.699950645808826
70 85 20.402775726848557
70 86 87.38286030239705
70 87 37.48054528129231
70 88 74.78116708868521
70 89 39.06227914662769
70 90 47.78971474335632
70 91 6.853887002822098
70 92 46.43328629853677
70 93 72.94912537186384
70 94 16.060179864675643
70 95 13.832425795426104
70 96 69.38340462340683
70 97 2.894662289043798
70 98 92.55962623722576
70 99 34.88156800022956
71 72 57.92425973370359
71 73 32.503836771237665
71 74 2.753499812179944
71 75 59.08683544687812
71 76 19.367505700383848
71 77 58.569924292789814
71 78 70.43427538357722
71 79 1.5295905815675315
71 80 19.073481122663303
71 81 27.85986076978991
71 82 40.0233411923173
71 83 2.9936656028636364
71 84 84.32698038357667
71 85 26.23843578069448
71 86 32.8765616843516
71 87 82.10689777223514
71 88 32.44429538358872
71 89 71.02673621638444
71 90 86.86845630242341
71 91 75.66546203703778
71 92 87.63508208851972
71 93 60.38369229022826
71 94 82.18576542383502
71 95 77.2066819333571
71 96 12.09930669334598
71 97 63.72469610497824
71 98 28.719455927612447
71 99 24.140809456654555
72 73 82.69349700808847
72 74 23.043741068534885
72 75 62.10965995989439
72 76 48.660221714207076
72 77 97.10609044327074
72 78 87.26634165181063
72 79 13.13004449720986
72 80 6.343322613384883
72 81 46.50927689113385
72 82 11.282607433222939
72 83 21.966150807468598
72 84 31.22493200395054
72 85 16.793024289898835
72 86 4.113088398022465
72 87 51.02793416647922
72 88 11.260403498307124
72 89 19.557782687349956
72 90 86.1467240172544
72 91 43.73817833719575
72 93 38.09814783901792
72 94 15.846290017383295
72 95 57.269320942653906
72 96 98.49669051009866
72 97 23.221425722105295
72 98 31.54951420537434
72 99 94.79554260115525
73 74 68.0429128266492
73 75 3.419882831322154
73 76 39.804192215928985
73 77 76.40406897278694
73 78 81.3193237767125
73 79 62.94536591992077
73 80 11.613543810307624
73 81 83.5494731706814
73 82 73.63291602801405
73 83 3.041467132812584
73 84 65.62505450707812
73 85 70.77781156480246
73 86 59.97736438498978
73 87 66.50876260526448
73 88 66.02569404935998
73 89 19.16645240201542
73 90 18.257375431785878
73 91 72.3112357728069
73 92 55.82567297817187
73 93 46.12150689402136
73 94 87.65319531162241
73 95 39.037183399845915
73 96 27.40615831890018
73 97 54.827692017490826
73 98 92.85227942592986
73 99 55.89389533463277
74 75 35.02267022817957
74 76 66.24249132899625
74 77 72.99426195982484
74 78 93.62482644207267
74 79 89.18257174453991
74 80 42.30537753460911
74 81 76.35846342978918
74 82 79.10250458777577
74 83 4.790133430055124
74 84 42.90312918245743
74 85 37.2176234649203
74 86 21.9553156973126
74 87 81.47835420102555
74 89 10.206134450678784
74 90 71.72733513808842
74 91 28.40082047443761
74 92 36.46565074112794
74 93 78.9117422574639
74 94 65.23556628377027
74 95 73.50839634735729
74 96 21.75931168071279
74 97 7.065843026531507
74 98 9.674714346887106
74 99 70.51065727758579
75 76 18.30574312510321
75 77 18.93387077007606
75 78 55.90065293672874
75 79 80.87442592062645
75 80 70.4319740586757
75 81 56.726665343577025
75 82 31.823022859711525
75 83 2.081485027364596
75 84 78.07364146850365
75 85 52.15313622382782
75 86 66.8654522789085
75 87 77.46448723714995
75 88 84.68887566928343
75 89 90.83220082068631
75 90 85.07949606654188
75 91 83.78321665243193
75 92 71.17720898777934
75 93 87.85064600482146
75 94 80.16056730572298
75 95 41.26334670248256
75 96 45.6784984682352
75 97 12.691694731846948
75 98 78.06392978590796
75 99 86.99773233665363
76 77 34.14179826100351
76 78 47.09402334272683
76 79 25.0525739515594
76 80 20.256774521077702
76 81 31.657177397125547
76 82 72.18788543576366
76 83 45.63349016729612
76 84 93.6361358271019
76 85 61.86578253082903
76 86 8.756460381990093
76 87 63.57850580269776
76 88 12.521220647477245
76 89 31.2888268031361
76 90 7.881820993133212
76 91 76.6028198177148
76 92 27.285936110690493
76 93 49.22977036103355
76 94 10.267092573916305
76 95 27.947848923115238
76 96 48.11466669702873
76 97 36.84843196039995
76 98 49.78861996671253
76 99 11.16340511851945
77 78 53.57104251291994
77 79 30.17057735319967
77 80 23.681875000119447
77 81 56.73136906266323
77 82 37.242555409696685
77 83 2.563491032974887
77 84 82.06949637129861
77 85 58.527646384295146
77 86 66.0799358925947
77 87 2.6144260596350715
77 88 25.548279004493867
77 89 48.68629694634659
77 90 22.825136909642485
77 91 65.58222988464743
77 92 97.32969702264333
77 93 39.551108287511035
77 94 10.34934167099511
77 95 80.03053461416812
77 96 60.94656336919512
77 97 67.6717234652707
77 98 10.184839923015328
77 99 78.1164974092937
78 79 56.13945758703477
78 80 57.281848309167906
78 81 71.08367045571522
78 82 63.847137849252164
78 83 17.716475137769898
78 84 8.880411068074222
78 85 18.996927529220784
78 86 62.10641411440868
78 87 25.761498048432486
78 88 20.162189956368277
78 89 83.6796961840078
78 90 98.45557472392358
78 91 14.68264132425406
78 92 39.521410618235365
78 93 83.3647122034373
78 94 97.8851795010874
78 95 13.040944573586481
78 96 14.42220611117857
78 97 86.17271987397491
78 98 8.741906512437804
78 99 57.42286500636527
79 80 82.81160859752292
79 81 93.76711144056046
79 82 38.4933298018939
79 83 42.75752407744859
79 84 76.33960050649576
79 85 5.925443517864829
79 86 54.20220885392721
79 87 23.439958558243905
79 88 39.885242992477714
79 89 41.97512745227577
79 90 32.68248286948111
79 91 27.337105762364047
79 92 4.143058568093601
79 93 9.79858878633689
79 94 44.96777190669628
79 95 36.85187448305737
79 96 90.81688644045134
79 97 88.67755173080668
79 98 76.70417240141647
79 99 47.49253187428155
80 81 63.65862883831051
80 82 56.171635880290594
80 83 64.01298475261393
80 84 66.02449871052538
80 85 92.33285128322463
80 86 96.2817801483192
80 87 98.44709532912424
80 88 49.99302382645911
80 89 36.369084414538726
80 90 98.71132765917369
80 91 21.920995139393934
80 92 35.34294726640207
80 93 55.73707935531248
80 94 35.183749948024
80 95 25.09978618443793
80 96 61.25038554171538
80 97 74.68659036099744
80 98 44.18434312863312
80 99 87.41015519949798
81 82 19.024911545053524
81 83 48.36228035731508
81 84 91.70089453808494
81 85 49.823287548033896
81 86 80.75602775464132
81 87 54.299096542543396
81 88 92.75970361571396
81 89 68.32858607955944
81 90 30.461423091745743
81 91 2.6190007422064343
81 92 93.82322083305857
81 93 48.7774685364415
81 94 79.06721792865926
81 95 1.6503443183150799
81 96 11.78383013146736
81 97 72.71391233094432
81 98 46.76722999695021
81 99 78.02259461445502
82 83 93.69765520425071
82 84 20.8420373900943
82 85 87.4421535808486
82 86 48.395378122143306
82 87 37.22899529434814
82 88 75.6776049285269
82 89 67.6595165496852
82 90 84.95378650283833
82 91 20.51751727871733
82 92 68.3859131873641
82 93 52.91947194534245
82 94 52.37164455997971
82 95 20.427631030137693
82 96 70.51998855787168
82 97 28.09766119195085
82 98 22.335156434922457
82 99 89.96591260549746
83 84 44.93213320220175
83 85 19.761788972179737
83 86 22.50667309375175
83 87 26.73446943384589
83 88 44.980307029863376
83 89 63.316746265826836
83 90 31.986535357131558
83 91 9.594560102114292
83 92 84.59479436873717
83 93 25.224797680959625
83 94 64.95496584701289
83 95 53.092175105888444
83 96 43.12537641508647
83 97 84.35103931879382
83 98 76.20534726785797
83 99 92.86791787668761
84 85 50.407934205480245
84 86 55.88433441624728
84 87 45.18725481447
84 88 48.873647571658616
84 89 72.74698440940374
84 90 90.45060387526988
84 91 14.691706909436775
84 92 14.99154107006554
84 93 12.810527177113169
84 94 50.75482105505448
84 95 56.99619182398278
84 96 50.15945602753524
84 97 38.67142633797731
84 98 25.003393504083938
84 99 66.36938662374611
85 86 80.19893769454487
85 87 78.35524404184034
85 88 69.74361129649702
85 89 85.29009592332002
85 90 13.326377814847024
85 91 38.09816929544356
85 92 94.19704920818003
85 93 91.54916071663698
85 94 76.34265056003498
85 95 56.39802061355948
85 96 65.43991148989493
85 97 37.84138126665705
85 98 30.90698618686939
85 99 97.0089567396755
86 87 67.99264226815187
86 88 4.401278385516898
86 89 27.90399919335442
86 90 38.499193192289496
86 91 87.63703165721886
86 92 35.19179995264116
86 93 68.162201353863
86 94 40.30399435128332
86 95 35.43948913731648
86 96 92.78232171016089
86 97 73.9663001046172
86 98 16.03928772793504
86 99 50.10426392621459
87 88 99.99747180755648
87 89 55.34060829629432
87 90 55.76328918461393
87 91 26.233970080982754
87 92 1.6730136101315076
87 93 41.733947924064225
87 94 62.242725298525244
87 95 22.559733672919027
87 96 26.102558218949795
87 97 57.928061637692124
87 98 74.93880159559555
87 99 90.9077476551056
88 89 53.844390325149746
88 90 11.707442949925348
88 91 68.16339564805742
88 92 53.63567941179264
88 93 33.77215003527296
88 94 89.97881233624855
88 95 63.83879543013718
88 96 10.622312273835767
88 97 58.7156499607639
88 98 95.93196695684561
88 99 69.06511145916063
89 90 45.55926961150091
89 91 40.30680011978356
89 92 81.89744612128646
89 93 34.839212396985396
89 94 46.58297358956151
89 95 4.362183126419877
89 96 71.34377322875237
89 97 43.667312563964416
89 98 32.178924081834374
89 99 11.139617491822298
90 91 31.130094873683777
90 92 92.10765416816149
90 93 88.3267233855831
90 94 8.23470226288057
90 95 42.21468803525162
90 96 18.146664707663895
90 97 65.46237651245576
90 98 99.66949757856126
90 99 58.92849465657514
91 92 80.38038242299423
91 93 42.25350850768393
91 94 40.50540252042402
91 95 56.714540289126845
91 96 73.28243218397733
91 97 82.84235453824893
91 98 34.631856469517
91 99 18.633498999955744
92 93 8.674782800620449
92 94 25.634910536759232
92 95 35.6070081757676
92 96 68.60816609479976
92 97 20.331548926752564
92 98 13.094083560799346
92 99 13.66515452287494
93 94 84.83726541018906
93 95 10.978828931409655
93 96 4.252186629319118
93 97 98.61586063004475
93 98 6.361812530242335
93 99 61.97794568706499
94 95 0.9202389258588245
94 96 51.79449222019658
94 97 82.44605548080999
94 98 2.6426427849344543
94 99 38.20778605962657
95 96 30.80824620325589
95 97 24.583666675467843
95 98 23.43680816392373
95 99 6.979730437220273
96 97 82.81658105048197
96 98 12.17585299067752
96 99 71.07972818742371
97 98 50.778969417715906
97 99 46.98787962918479
98 99 52.740846953316854
