Name: 200-20-30
Time: 14.39968729019165 
Result: 7013
Solution:  30 31 1 8 29 16 42 18 18 23 38 18 8 4 23 26 25 36 10 13 12 42 21 19 28 33 37 31 34 7 43 11 38 26 41 9 17 1 26 11 3 9 6 16 8 36 10 16 17 0 37 38 42 5 23 38 14 18 43 39 9 14 43 10 30 2 43 26 9 32 24 42 29 25 8 28 31 34 26 27 3 39 6 4 34 34 35 41 6 7 0 11 30 20 13 28 2 23 30 20 37 20 25 29 7 25 35 36 4 17 18 33 32 33 26 28 43 24 38 4 22 19 23 40 25 26 4 5 21 39 40 21 17 23 9 11 11 30 13 12 24 30 33 15 20 19 39 21 5 1 35 34 24 4 35 2 43 32 25 37 16 40 9 2 29 27 15 22 36 38 36 36 17 24 2 13 24 31 34 0 16 41 5 1 40 41 22 31 15 19 0 35 25 6 29 39 28 24 14 27
0 : [49, 90, 179, 190] (20)
1 : [2, 37, 149, 183] (20)
2 : [65, 96, 155, 163, 174] (21)
3 : [40, 80] (24)
4 : [13, 83, 108, 119, 126, 153] (19)
5 : [53, 127, 148, 182] (22)
6 : [42, 82, 88, 193] (19)
7 : [29, 89, 104] (26)
8 : [3, 12, 44, 74] (21)
9 : [35, 41, 60, 68, 134, 162] (18)
10 : [18, 46, 63] (22)
11 : [31, 39, 91, 135, 136] (23)
12 : [20, 139] (20)
13 : [19, 94, 138, 175] (20)
14 : [56, 61, 198] (24)
15 : [143, 166, 188] (21)
16 : [5, 43, 47, 160, 180] (28)
17 : [36, 48, 109, 132, 172] (18)
18 : [7, 8, 11, 57, 110] (21)
19 : [23, 121, 145, 189] (21)
20 : [93, 99, 101, 144] (23)
21 : [22, 128, 131, 147] (30)
22 : [120, 167, 186] (30)
23 : [9, 14, 54, 97, 122, 133] (30)
24 : [70, 117, 140, 152, 173, 176, 197] (30)
25 : [16, 73, 102, 105, 124, 158, 192] (25)
26 : [15, 33, 38, 67, 78, 114, 125] (23)
27 : [79, 165, 199] (30)
28 : [24, 75, 95, 115, 196] (28)
29 : [4, 72, 103, 164, 194] (30)
30 : [0, 64, 92, 98, 137, 141] (28)
31 : [1, 27, 76, 177, 187] (30)
32 : [69, 112, 157] (24)
33 : [25, 111, 113, 142] (27)
34 : [28, 77, 84, 85, 151, 178] (22)
35 : [86, 106, 150, 154, 191] (27)
36 : [17, 45, 107, 168, 170, 171] (25)
37 : [26, 50, 100, 159] (30)
38 : [10, 32, 51, 55, 118, 169] (29)
39 : [59, 81, 129, 146, 195] (30)
40 : [123, 130, 161, 184] (30)
41 : [34, 87, 181, 185] (30)
42 : [6, 21, 52, 71] (30)
43 : [30, 58, 62, 66, 116, 156] (31)
