Name: 400-20-30
Time: 26.431256532669067 
Result: 6013
Solution:  40 4 0 47 60 54 23 18 32 25 42 1 24 11 19 15 41 44 47 37 21 40 28 32 51 41 31 4 11 54 26 18 36 45 61 2 18 61 23 49 16 25 33 32 41 43 33 6 14 44 2 39 19 43 9 9 37 22 56 36 7 50 39 35 55 26 30 25 43 46 34 27 3 3 25 59 26 10 45 27 39 44 43 9 48 3 42 39 48 40 37 29 21 19 52 57 34 10 47 11 38 31 29 3 15 8 1 53 16 55 31 9 42 13 56 17 44 12 41 38 2 36 33 41 1 19 18 50 59 50 23 47 38 17 14 7 26 49 3 60 29 45 27 54 15 9 13 56 44 45 46 11 23 0 11 49 35 61 13 54 48 23 19 25 48 30 58 50 51 5 14 22 52 20 50 0 13 15 39 12 46 12 15 7 19 43 20 46 53 45 37 33 38 39 30 33 49 37 36 9 30 16 51 8 40 60 20 5 45 8 17 47 17 3 19 53 41 6 46 34 13 40 61 44 51 26 60 55 31 19 52 35 4 12 19 23 59 59 60 34 48 28 49 37 39 32 7 21 39 8 58 56 4 11 43 38 32 20 61 52 49 40 35 39 13 50 60 61 28 53 32 53 51 50 28 26 58 32 47 10 4 9 50 38 22 55 30 13 23 5 16 0 14 9 37 10 18 0 6 14 56 35 61 60 54 23 23 24 6 57 0 3 24 49 29 45 1 2 18 33 32 6 54 35 52 47 60 45 7 49 39 34 59 55 60 15 57 13 52 40 54 5 6 47 35 17 11 30 41 46 57 2 59 27 7 45 32 50 40 35 22 26 24 51 23 47 60 57 31 58 59 27 11 36 21 11 6 19 57 8 21 14 27 2 3 57 55 47 35 55 42 20 33 52 56 38 32 43 36 1
0 : [2, 153, 175, 291, 297, 310] (20)
1 : [11, 106, 124, 316, 399] (20)
2 : [35, 50, 120, 317, 351, 383] (19)
3 : [72, 73, 85, 103, 138, 213, 311, 384] (19)
4 : [1, 27, 232, 252, 280] (20)
5 : [169, 207, 289, 341] (21)
6 : [47, 217, 298, 308, 321, 342, 376] (21)
7 : [60, 135, 183, 246, 328, 354] (22)
8 : [105, 203, 209, 249, 379] (23)
9 : [54, 55, 83, 111, 145, 199, 281, 293] (23)
10 : [77, 97, 279, 295] (21)
11 : [13, 28, 99, 151, 154, 253, 346, 372, 375] (21)
12 : [117, 179, 181, 233] (22)
13 : [113, 146, 158, 176, 220, 264, 287, 337] (21)
14 : [48, 134, 170, 292, 299, 381] (21)
15 : [15, 104, 144, 177, 182, 335] (27)
16 : [40, 108, 201, 290] (24)
17 : [115, 133, 210, 212, 345] (21)
18 : [7, 31, 36, 126, 296, 318] (21)
19 : [14, 52, 93, 125, 162, 184, 214, 229, 234, 377] (20)
20 : [173, 186, 206, 257, 391] (26)
21 : [20, 92, 247, 374, 380] (21)
22 : [57, 171, 284, 360] (20)
23 : [6, 38, 130, 152, 161, 235, 288, 305, 306, 364] (29)
24 : [12, 307, 312, 362] (23)
25 : [9, 41, 67, 74, 163] (25)
26 : [30, 65, 76, 136, 225, 275, 361] (24)
27 : [71, 79, 142, 353, 371, 382] (26)
28 : [22, 241, 268, 274] (22)
29 : [91, 102, 140, 314] (23)
30 : [66, 165, 194, 200, 286, 347] (30)
31 : [26, 101, 110, 228, 368] (24)
32 : [8, 23, 43, 245, 256, 270, 277, 320, 356, 396] (23)
33 : [42, 46, 122, 191, 195, 319, 392] (23)
34 : [70, 96, 219, 239, 331] (26)
35 : [63, 156, 231, 262, 301, 323, 344, 359, 388] (30)
36 : [32, 59, 121, 198, 373, 398] (29)
37 : [19, 56, 90, 190, 197, 243, 294] (25)
38 : [100, 119, 132, 192, 255, 283, 395] (30)
39 : [51, 62, 80, 87, 178, 193, 244, 248, 263, 330] (29)
40 : [0, 21, 89, 204, 221, 261, 339, 358] (28)
41 : [16, 25, 44, 118, 123, 216, 348] (30)
42 : [10, 86, 112, 390] (29)
43 : [45, 53, 68, 82, 185, 254, 397] (30)
44 : [17, 49, 81, 116, 148, 223] (30)
45 : [33, 78, 141, 149, 189, 208, 315, 327, 355] (30)
46 : [69, 150, 180, 187, 218, 349] (26)
47 : [3, 18, 98, 131, 211, 278, 325, 343, 365, 387] (31)
48 : [84, 88, 160, 164, 240] (30)
49 : [39, 137, 155, 196, 242, 260, 313, 329] (26)
50 : [61, 127, 129, 167, 174, 265, 273, 282, 357] (27)
51 : [24, 168, 202, 224, 272, 363] (28)
52 : [94, 172, 230, 259, 324, 338, 393] (30)
53 : [107, 188, 215, 269, 271] (29)
54 : [5, 29, 143, 159, 304, 322, 340] (30)
55 : [64, 109, 227, 285, 333, 386, 389] (30)
56 : [58, 114, 147, 251, 300, 394] (30)
57 : [95, 309, 336, 350, 367, 378, 385] (29)
58 : [166, 250, 276, 369] (32)
59 : [75, 128, 236, 237, 332, 352, 370] (30)
60 : [4, 139, 205, 226, 238, 266, 303, 326, 334, 366] (31)
61 : [34, 37, 157, 222, 258, 267, 302] (26)
