Name: 60-10-15
Time: 1.325608253479004 
Result: 2
Solution:  11 7 12 9 0 11 5 13 13 5 8 12 1 12 1 10 6 13 10 13 4 2 8 0 4 7 10 2 3 8 3 8 0 1 12 5 5 4 6 2 9 3 6 6 2 7 0 1 10 3 11 0 3 12 4 10 9 9 12 7
0 : [4, 23, 32, 46, 51] (12)
1 : [12, 14, 33, 47] (12)
2 : [21, 27, 39, 44] (12)
3 : [28, 30, 41, 49, 52] (12)
4 : [20, 24, 37, 54] (12)
5 : [6, 9, 35, 36] (13)
6 : [16, 38, 42, 43] (12)
7 : [1, 25, 45, 59] (12)
8 : [10, 22, 29, 31] (14)
9 : [3, 40, 56, 57] (14)
10 : [15, 18, 26, 48, 55] (12)
11 : [0, 5, 50] (14)
12 : [2, 11, 13, 34, 53, 58] (13)
13 : [7, 8, 17, 19] (14)
