Name: 60-10-15
Time: 1.3050084114074707 
Result: 2
Solution:  11 4 12 9 0 11 5 11 12 5 10 13 1 13 1 12 4 13 9 13 5 2 12 0 4 6 10 0 2 7 3 8 1 1 13 6 3 2 7 4 12 3 7 6 1 5 0 0 8 6 9 3 1 12 8 10 8 10 11 3
0 : [4, 23, 27, 46, 47] (13)
1 : [12, 14, 32, 33, 44, 52] (12)
2 : [21, 28, 37] (12)
3 : [30, 36, 41, 51, 59] (12)
4 : [1, 16, 24, 39] (12)
5 : [6, 9, 20, 45] (13)
6 : [25, 35, 43, 49] (13)
7 : [29, 38, 42] (13)
8 : [31, 48, 54, 56] (13)
9 : [3, 18, 50] (12)
10 : [10, 26, 55, 57] (13)
11 : [0, 5, 7, 58] (14)
12 : [2, 8, 15, 22, 40, 53] (13)
13 : [11, 13, 17, 19, 34] (13)
