Name: 60-10-15
Time: 1.2943756580352783 
Result: 2
Solution:  11 4 9 9 1 11 5 11 12 8 10 12 1 11 1 9 5 13 10 10 6 2 10 2 4 7 13 0 1 7 3 9 0 1 13 4 7 3 6 3 8 1 2 6 0 7 0 0 8 5 8 3 5 12 6 13 9 12 13 3
0 : [27, 32, 44, 46, 47] (12)
1 : [4, 12, 14, 28, 33, 41] (13)
2 : [21, 23, 42] (13)
3 : [30, 37, 39, 51, 59] (12)
4 : [1, 24, 35] (12)
5 : [6, 16, 49, 52] (12)
6 : [20, 38, 43, 54] (13)
7 : [25, 29, 36, 45] (12)
8 : [9, 40, 48, 50] (13)
9 : [2, 3, 15, 31, 56] (14)
10 : [10, 18, 19, 22] (13)
11 : [0, 5, 7, 13] (14)
12 : [8, 11, 53, 57] (12)
13 : [17, 26, 34, 55, 58] (13)
