Name: 60-10-15
Time: 1.3421528339385986 
Result: 2
Solution:  11 4 9 8 0 11 5 11 12 5 10 13 1 12 2 11 3 13 8 12 6 3 9 0 3 7 12 1 1 7 2 9 0 2 12 4 4 2 8 1 8 1 7 5 6 7 0 0 8 5 9 1 1 13 6 10 12 10 13 6
0 : [4, 23, 32, 46, 47] (12)
1 : [12, 27, 28, 39, 41, 51, 52] (13)
2 : [14, 30, 33, 37] (12)
3 : [16, 21, 24] (12)
4 : [1, 35, 36] (13)
5 : [6, 9, 43, 49] (12)
6 : [20, 44, 54, 59] (12)
7 : [25, 29, 42, 45] (13)
8 : [3, 18, 38, 40, 48] (13)
9 : [2, 22, 31, 50] (12)
10 : [10, 55, 57] (12)
11 : [0, 5, 7, 15] (14)
12 : [8, 13, 19, 26, 34, 56] (14)
13 : [11, 17, 53, 58] (14)
