Name: 60-10-15
Time: 1.3518743515014648 
Result: 2
Solution:  11 6 10 9 0 11 5 12 13 9 10 13 1 12 2 13 3 13 10 13 5 4 10 0 4 7 10 1 1 9 2 8 0 1 12 5 6 3 7 1 11 4 2 7 2 6 0 1 8 3 7 0 2 12 6 11 8 8 13 4
0 : [4, 23, 32, 46, 51] (12)
1 : [12, 27, 28, 33, 39, 47] (12)
2 : [14, 30, 42, 44, 52] (13)
3 : [16, 37, 49] (12)
4 : [21, 24, 41, 59] (12)
5 : [6, 20, 35] (12)
6 : [1, 36, 45, 54] (13)
7 : [25, 38, 43, 50] (13)
8 : [31, 48, 56, 57] (13)
9 : [3, 9, 29] (13)
10 : [2, 10, 18, 22, 26] (13)
11 : [0, 5, 40, 55] (14)
12 : [7, 13, 34, 53] (12)
13 : [8, 11, 15, 17, 19, 58] (14)
