Name: 60-10-15
Time: 1.3184115886688232 
Result: 2
Solution:  11 5 10 9 5 11 5 12 13 6 10 13 1 13 1 12 4 13 10 10 4 2 8 0 3 7 10 2 2 8 3 9 1 1 13 6 5 1 7 3 9 2 3 5 0 5 0 0 8 6 7 3 3 12 4 11 9 12 13 8
0 : [23, 44, 46, 47] (12)
1 : [12, 14, 32, 33, 37] (12)
2 : [21, 27, 28, 41] (13)
3 : [24, 30, 39, 42, 51, 52] (12)
4 : [16, 20, 54] (12)
5 : [1, 4, 6, 36, 43, 45] (14)
6 : [9, 35, 49] (14)
7 : [25, 38, 50] (12)
8 : [22, 29, 48, 59] (13)
9 : [3, 31, 40, 56] (12)
10 : [2, 10, 18, 19, 26] (13)
11 : [0, 5, 55] (13)
12 : [7, 15, 53, 57] (14)
13 : [8, 11, 13, 17, 34, 58] (12)
