Name: 60-10-15
Time: 1.3064279556274414 
Result: 1
Solution:  11 4 9 8 5 11 5 11 13 5 10 12 1 13 1 10 4 13 8 12 6 1 10 0 4 6 10 0 4 7 2 9 0 2 12 5 3 3 6 3 8 2 3 7 2 7 0 3 9 2 8 0 5 12 7 13 9 10 12 6
0 : [23, 27, 32, 46, 51] (13)
1 : [12, 14, 21] (13)
2 : [30, 33, 41, 44, 49] (13)
3 : [36, 37, 39, 42, 47] (13)
4 : [1, 16, 24, 28] (13)
5 : [4, 6, 9, 35, 52] (13)
6 : [20, 25, 38, 59] (13)
7 : [29, 43, 45, 54] (12)
8 : [3, 18, 40, 50] (13)
9 : [2, 31, 48, 56] (12)
10 : [10, 15, 22, 26, 57] (12)
11 : [0, 5, 7] (13)
12 : [11, 19, 34, 53, 58] (13)
13 : [8, 13, 17, 55] (12)
