Name: 60-20-30
Time: 1.1157426834106445 
Result: 2
Solution:  1 3 10 1 2 6 6 3 4 2 5 4 0 2 1 3 10 6 11 8 1 0 7 4 10 1 8 8 10 9 0 5 9 5 2 7 11 10 10 6 1 5 10 8 6 9 7 2 4 3 7 4 11 3 2 0 9 6 11 7
0 : [12, 21, 30, 55] (25)
1 : [0, 3, 14, 20, 25, 40] (25)
2 : [4, 9, 13, 34, 47, 54] (26)
3 : [1, 7, 15, 49, 53] (25)
4 : [8, 11, 23, 48, 51] (26)
5 : [10, 31, 33, 41] (25)
6 : [5, 6, 17, 39, 44, 57] (27)
7 : [22, 35, 46, 50, 59] (25)
8 : [19, 26, 27, 43] (27)
9 : [29, 32, 45, 56] (26)
10 : [2, 16, 24, 28, 37, 38, 42] (27)
11 : [18, 36, 52, 58] (27)
