Name: 60-20-30
Time: 1.1129860877990723 
Result: 2
Solution:  3 3 10 0 2 5 7 3 4 1 4 4 0 2 0 1 10 8 11 9 2 0 7 4 10 0 9 10 8 7 0 6 9 7 2 8 11 9 10 6 1 6 10 8 8 10 5 2 3 1 7 5 11 0 0 1 9 6 11 6
0 : [3, 12, 14, 21, 25, 30, 53, 54] (26)
1 : [9, 15, 40, 49, 55] (26)
2 : [4, 13, 20, 34, 47] (26)
3 : [0, 1, 7, 48] (26)
4 : [8, 10, 11, 23] (25)
5 : [5, 46, 51] (25)
6 : [31, 39, 41, 57, 59] (26)
7 : [6, 22, 29, 33, 50] (26)
8 : [17, 28, 35, 43, 44] (26)
9 : [19, 26, 32, 37, 56] (26)
10 : [2, 16, 24, 27, 38, 42, 45] (26)
11 : [18, 36, 52, 58] (27)
