Name: 60-20-30
Time: 1.1717767715454102 
Result: 3
Solution:  1 4 11 1 2 5 7 7 4 1 4 3 1 2 0 3 8 4 11 6 4 0 5 5 10 0 8 11 8 8 0 6 6 5 2 7 10 10 10 7 0 3 10 9 6 10 7 4 5 2 8 3 11 3 0 1 9 6 11 6
0 : [14, 21, 25, 30, 40, 54] (25)
1 : [0, 3, 9, 12, 55] (25)
2 : [4, 13, 34, 49] (25)
3 : [11, 15, 41, 51, 53] (26)
4 : [1, 8, 10, 17, 20, 47] (27)
5 : [5, 22, 23, 33, 48] (28)
6 : [19, 31, 32, 44, 57, 59] (27)
7 : [6, 7, 35, 39, 46] (26)
8 : [16, 26, 28, 29, 50] (26)
9 : [43, 56] (25)
10 : [24, 36, 37, 38, 42, 45] (26)
11 : [2, 18, 27, 52, 58] (25)
