Name: 60-20-30
Time: 1.1559886932373047 
Result: 2
Solution:  1 4 11 2 2 6 6 3 5 4 6 3 1 2 0 3 8 4 10 8 1 0 7 4 9 0 8 10 10 8 0 5 7 5 3 6 11 10 10 4 2 7 10 9 5 10 5 2 3 0 8 4 11 2 1 1 9 7 11 7
0 : [14, 21, 25, 30, 49] (25)
1 : [0, 12, 20, 54, 55] (25)
2 : [3, 4, 13, 40, 47, 53] (25)
3 : [7, 11, 15, 34, 48] (27)
4 : [1, 9, 17, 23, 39, 51] (25)
5 : [8, 31, 33, 44, 46] (27)
6 : [5, 6, 10, 35] (25)
7 : [22, 32, 41, 57, 59] (27)
8 : [16, 19, 26, 29, 50] (27)
9 : [24, 43, 56] (27)
10 : [18, 27, 28, 37, 38, 42, 45] (26)
11 : [2, 36, 52, 58] (25)
