Name: 60-20-30
Time: 1.1145319938659668 
Result: 2
Solution:  1 4 10 0 2 6 6 5 5 1 4 3 1 2 1 3 9 4 10 6 3 0 6 5 9 0 9 8 7 9 0 6 7 8 2 9 11 11 10 4 1 2 11 8 5 10 5 4 4 3 10 3 11 1 1 0 7 7 11 6
0 : [3, 21, 25, 30, 55] (27)
1 : [0, 9, 12, 14, 40, 53, 54] (25)
2 : [4, 13, 34, 41] (25)
3 : [11, 15, 20, 49, 51] (26)
4 : [1, 10, 17, 39, 47, 48] (27)
5 : [7, 8, 23, 44, 46] (27)
6 : [5, 6, 19, 22, 31, 59] (25)
7 : [28, 32, 56, 57] (26)
8 : [27, 33, 43] (25)
9 : [16, 24, 26, 29, 35] (26)
10 : [2, 18, 38, 45, 50] (25)
11 : [36, 37, 42, 52, 58] (27)
