Name: 60-20-30
Time: 1.1306073665618896 
Result: 4
Solution:  0 3 10 1 3 5 6 7 5 1 4 3 1 2 1 2 8 4 11 6 1 0 5 4 10 1 8 10 10 8 0 4 6 7 2 8 11 10 10 6 3 2 10 9 8 10 7 4 3 1 7 5 11 1 2 1 9 6 11 6
0 : [0, 21, 30] (29)
1 : [3, 9, 12, 14, 20, 25, 49, 53, 55] (25)
2 : [13, 15, 34, 41, 54] (25)
3 : [1, 4, 11, 40, 48] (25)
4 : [10, 17, 23, 31, 47] (25)
5 : [5, 8, 22, 51] (26)
6 : [6, 19, 32, 39, 57, 59] (28)
7 : [7, 33, 46, 50] (25)
8 : [16, 26, 29, 35, 44] (25)
9 : [43, 56] (25)
10 : [2, 24, 27, 28, 37, 38, 42, 45] (26)
11 : [18, 36, 52, 58] (27)
