Name: 60-20-30
Time: 1.0735960006713867 
Result: 2
Solution:  1 4 11 0 3 6 7 8 4 5 4 3 1 2 2 2 7 6 11 8 4 0 5 5 10 1 9 8 8 8 0 5 6 6 3 8 9 9 10 7 1 2 11 10 6 9 5 3 4 2 7 1 11 3 2 0 9 7 11 6
0 : [3, 21, 30, 55] (26)
1 : [0, 12, 25, 40, 51] (26)
2 : [13, 14, 15, 41, 49, 54] (26)
3 : [4, 11, 34, 47, 53] (26)
4 : [1, 8, 10, 20, 48] (25)
5 : [9, 22, 23, 31, 46] (25)
6 : [5, 17, 32, 33, 44, 59] (26)
7 : [6, 16, 39, 50, 57] (26)
8 : [7, 19, 27, 28, 29, 35] (26)
9 : [26, 36, 37, 45, 56] (26)
10 : [24, 38, 43] (27)
11 : [2, 18, 42, 52, 58] (26)
