Name: 60-20-30
Time: 1.1311910152435303 
Result: 2
Solution:  2 4 11 1 3 8 7 3 5 1 7 3 0 2 1 1 9 5 11 8 1 0 6 5 9 0 8 8 8 9 0 4 7 6 3 7 10 11 9 4 2 4 9 10 5 10 5 2 5 0 8 4 11 0 1 1 6 6 11 7
0 : [12, 21, 25, 30, 49, 53] (25)
1 : [3, 9, 14, 15, 20, 54, 55] (25)
2 : [0, 13, 40, 47] (25)
3 : [4, 7, 11, 34] (25)
4 : [1, 31, 39, 41, 51] (27)
5 : [8, 17, 23, 44, 46, 48] (26)
6 : [22, 33, 56, 57] (27)
7 : [6, 10, 32, 35, 59] (25)
8 : [5, 19, 26, 27, 28, 50] (26)
9 : [16, 24, 29, 38, 42] (27)
10 : [36, 43, 45] (27)
11 : [2, 18, 37, 52, 58] (26)
