Name: 60-35-50
Time: 1.109388828277588 
Result: 3
Solution:  4 2 6 0 0 2 7 8 2 9 0 6 3 0 4 4 8 2 7 9 2 9 4 5 3 8 2 9 6 7 8 4 6 1 5 4 1 2 1 5 3 5 7 0 6 9 0 9 1 3 0 2 3 3 5 8 3 6 7 3
0 : [3, 4, 10, 13, 43, 46, 50] (43)
1 : [33, 36, 38, 48] (42)
2 : [1, 5, 8, 17, 20, 26, 37, 51] (43)
3 : [12, 24, 40, 49, 52, 53, 56, 59] (44)
4 : [0, 14, 15, 22, 31, 35] (42)
5 : [23, 34, 39, 41, 54] (42)
6 : [2, 11, 28, 32, 44, 57] (42)
7 : [6, 18, 29, 42, 58] (44)
8 : [7, 16, 25, 30, 55] (45)
9 : [9, 19, 21, 27, 45, 47] (42)
