Name: 60-35-50
Time: 1.0348525047302246 
Result: 2
Solution:  5 4 6 1 1 2 6 8 3 9 0 6 3 1 2 4 7 2 8 9 0 9 2 6 0 7 3 9 8 7 7 2 6 1 5 2 4 6 2 3 2 8 8 0 6 9 3 9 1 3 0 4 0 2 6 7 0 5 5 3
0 : [10, 20, 24, 43, 50, 52, 56] (42)
1 : [3, 4, 13, 33, 48] (44)
2 : [5, 14, 17, 22, 31, 35, 38, 40, 53] (44)
3 : [8, 12, 26, 39, 46, 49, 59] (43)
4 : [1, 15, 36, 51] (43)
5 : [0, 34, 57, 58] (44)
6 : [2, 6, 11, 23, 32, 37, 44, 54] (42)
7 : [16, 25, 29, 30, 55] (42)
8 : [7, 18, 28, 41, 42] (43)
9 : [9, 19, 21, 27, 45, 47] (42)
