Name: 60-35-50
Time: 1.020056962966919 
Result: 3
Solution:  4 3 4 2 0 5 7 8 3 8 0 6 3 0 1 4 8 4 8 9 1 5 3 5 2 6 2 8 7 6 9 3 7 1 5 4 1 0 0 5 0 7 6 0 7 9 3 9 0 2 3 5 3 2 6 6 1 6 5 2
0 : [4, 10, 13, 37, 38, 40, 43, 48] (42)
1 : [14, 20, 33, 36, 56] (42)
2 : [3, 24, 26, 49, 53, 59] (42)
3 : [1, 8, 12, 22, 31, 46, 50, 52] (42)
4 : [0, 2, 15, 17, 35] (44)
5 : [5, 21, 23, 34, 39, 51, 58] (43)
6 : [11, 25, 29, 42, 54, 55, 57] (44)
7 : [6, 28, 32, 41, 44] (45)
8 : [7, 9, 16, 18, 27] (43)
9 : [19, 30, 45, 47] (42)
