Name: 60-35-50
Time: 1.02553129196167 
Result: 2
Solution:  4 3 4 0 2 5 6 9 2 8 0 6 3 0 2 4 9 4 7 9 1 5 2 5 0 9 1 8 8 6 7 1 8 1 5 2 3 4 1 5 2 6 9 0 6 9 0 9 1 3 0 1 1 3 6 8 3 5 7 2
0 : [3, 10, 13, 24, 43, 46, 50] (43)
1 : [20, 26, 31, 33, 38, 48, 51, 52] (42)
2 : [4, 8, 14, 22, 35, 40, 59] (44)
3 : [1, 12, 36, 49, 53, 56] (42)
4 : [0, 2, 15, 17, 37] (43)
5 : [5, 21, 23, 34, 39, 57] (42)
6 : [6, 11, 29, 41, 44, 54] (44)
7 : [18, 30, 58] (43)
8 : [9, 27, 28, 32, 55] (44)
9 : [7, 16, 19, 25, 42, 45, 47] (42)
