Name: 60-35-50
Time: 1.053736925125122 
Result: 3
Solution:  7 4 4 3 1 5 7 8 7 9 0 6 3 1 2 4 8 2 6 9 0 9 2 5 0 7 3 9 8 6 8 3 5 1 5 2 4 0 1 3 3 5 5 0 6 9 2 9 0 3 1 1 3 0 5 6 1 6 7 2
0 : [10, 20, 24, 37, 43, 48, 53] (42)
1 : [4, 13, 33, 38, 50, 51, 56] (42)
2 : [14, 17, 22, 35, 46, 59] (42)
3 : [3, 12, 26, 31, 39, 40, 49, 52] (44)
4 : [1, 2, 15, 36] (42)
5 : [5, 23, 32, 34, 41, 42, 54] (42)
6 : [11, 18, 29, 44, 55, 57] (44)
7 : [0, 6, 8, 25, 58] (45)
8 : [7, 16, 28, 30] (44)
9 : [9, 19, 21, 27, 45, 47] (42)
