Name: 60-35-50
Time: 1.0685925483703613 
Result: 2
Solution:  5 4 5 0 1 2 7 8 6 8 0 6 3 1 3 4 8 4 7 9 2 5 3 5 0 6 2 9 7 6 9 1 8 1 5 3 2 2 0 3 3 7 8 0 6 9 3 9 0 1 4 2 3 0 6 5 1 6 5 2
0 : [3, 10, 24, 38, 43, 48, 53] (42)
1 : [4, 13, 31, 33, 49, 56] (42)
2 : [5, 20, 26, 36, 37, 51, 59] (44)
3 : [12, 14, 22, 35, 39, 40, 46, 52] (42)
4 : [1, 15, 17, 50] (42)
5 : [0, 2, 21, 23, 34, 55, 58] (43)
6 : [8, 11, 25, 29, 44, 54, 57] (42)
7 : [6, 18, 28, 41] (44)
8 : [7, 9, 16, 32, 42] (44)
9 : [19, 27, 30, 45, 47] (44)
