Name: 60-35-50
Time: 1.0022103786468506 
Result: 2
Solution:  4 3 4 4 0 3 7 8 3 8 0 6 3 2 3 4 7 2 6 9 1 7 4 6 3 7 2 8 6 7 9 2 7 1 5 3 1 0 3 5 3 8 5 0 7 9 3 9 0 1 0 2 0 3 7 8 2 6 5 2
0 : [4, 10, 37, 43, 48, 50, 52] (44)
1 : [20, 33, 36, 49] (44)
2 : [13, 17, 26, 31, 51, 56, 59] (43)
3 : [1, 5, 8, 12, 14, 24, 35, 38, 40, 46, 53] (42)
4 : [0, 2, 3, 15, 22] (42)
5 : [34, 39, 42, 58] (44)
6 : [11, 18, 23, 28, 57] (42)
7 : [6, 16, 21, 25, 29, 32, 44, 54] (42)
8 : [7, 9, 27, 41, 55] (44)
9 : [19, 30, 45, 47] (42)
