Name: 60-35-50
Time: 1.0687251091003418 
Result: 2
Solution:  4 3 4 1 2 3 6 8 2 9 0 6 3 2 5 4 7 3 6 9 0 9 2 7 0 6 1 9 8 7 8 2 6 1 5 4 1 5 5 5 0 7 7 0 7 9 3 9 0 2 4 4 0 3 8 4 3 5 7 3
0 : [10, 20, 24, 40, 43, 48, 52] (44)
1 : [3, 26, 33, 36] (44)
2 : [4, 8, 13, 22, 31, 49] (44)
3 : [1, 5, 12, 17, 46, 53, 56, 59] (43)
4 : [0, 2, 15, 35, 50, 51, 55] (42)
5 : [14, 34, 37, 38, 39, 57] (42)
6 : [6, 11, 18, 25, 32] (44)
7 : [16, 23, 29, 41, 42, 44, 58] (42)
8 : [7, 28, 30, 54] (42)
9 : [9, 19, 21, 27, 45, 47] (42)
