Name: 60-35-50
Time: 1.088733196258545 
Result: 2
Solution:  4 2 4 4 2 5 7 8 2 9 0 6 3 0 4 4 9 3 8 9 2 5 3 5 0 6 2 8 7 6 8 1 6 1 5 4 1 4 5 5 3 5 7 0 7 9 0 9 1 4 0 2 2 0 8 7 3 6 6 3
0 : [10, 13, 24, 43, 46, 50, 53] (42)
1 : [31, 33, 36, 48] (44)
2 : [1, 4, 8, 20, 26, 51, 52] (42)
3 : [12, 17, 22, 40, 56, 59] (42)
4 : [0, 2, 3, 14, 15, 35, 37, 49] (43)
5 : [5, 21, 23, 34, 38, 39, 41] (42)
6 : [11, 25, 29, 32, 57, 58] (44)
7 : [6, 28, 42, 44, 55] (42)
8 : [7, 18, 27, 30, 54] (44)
9 : [9, 16, 19, 45, 47] (44)
