Name: 60-50-75
Time: 1.1907157897949219 
Result: 4
Solution:  2 0 1 5 2 3 1 0 1 0 5 0 7 0 0 2 7 5 5 1 2 3 4 1 4 7 8 5 3 3 8 6 6 8 1 7 6 2 5 3 3 6 4 2 8 0 8 5 4 8 1 3 6 4 3 6 0 8 4 2
0 : [1, 7, 9, 11, 13, 14, 45, 56] (62)
1 : [2, 6, 8, 19, 23, 34, 50] (63)
2 : [0, 4, 15, 20, 37, 43, 59] (62)
3 : [5, 21, 28, 29, 39, 40, 51, 54] (62)
4 : [22, 24, 42, 48, 53, 58] (63)
5 : [3, 10, 17, 18, 27, 38, 47] (63)
6 : [31, 32, 36, 41, 52, 55] (66)
7 : [12, 16, 25, 35] (63)
8 : [26, 30, 33, 44, 46, 49, 57] (66)
