Name: 60-50-75
Time: 1.1890060901641846 
Result: 5
Solution:  0 0 1 5 2 3 1 0 1 1 4 3 8 0 6 1 7 5 7 1 1 1 4 0 4 6 8 4 2 5 8 6 5 8 2 7 7 2 6 0 3 6 2 3 5 0 8 2 5 3 6 3 7 8 3 5 0 8 4 3
0 : [0, 1, 7, 13, 23, 39, 45, 56] (62)
1 : [2, 6, 8, 9, 15, 19, 20, 21] (61)
2 : [4, 28, 34, 37, 42, 47] (61)
3 : [5, 11, 40, 43, 49, 51, 54, 59] (61)
4 : [10, 22, 24, 27, 58] (64)
5 : [3, 17, 29, 32, 44, 48, 55] (64)
6 : [14, 25, 31, 38, 41, 50] (66)
7 : [16, 18, 35, 36, 52] (66)
8 : [12, 26, 30, 33, 46, 53, 57] (65)
