Name: 60-50-75
Time: 1.1812214851379395 
Result: 3
Solution:  2 1 2 4 3 4 0 1 1 1 6 3 6 1 0 2 7 5 8 2 0 2 5 2 4 6 8 4 1 7 7 6 5 8 0 7 8 6 6 0 2 7 3 2 5 1 8 2 4 3 3 4 7 5 4 3 0 8 5 4
0 : [6, 14, 20, 34, 39, 56] (62)
1 : [1, 7, 8, 9, 13, 28, 45] (63)
2 : [0, 2, 15, 19, 21, 23, 40, 43, 47] (62)
3 : [4, 11, 42, 49, 50, 55] (62)
4 : [3, 5, 24, 27, 48, 51, 54, 59] (62)
5 : [17, 22, 32, 44, 53, 58] (65)
6 : [10, 12, 25, 31, 37, 38] (65)
7 : [16, 29, 30, 35, 41, 52] (64)
8 : [18, 26, 33, 36, 46, 57] (65)
