Name: 60-50-75
Time: 1.248744010925293 
Result: 4
Solution:  2 0 2 4 5 3 0 1 1 2 7 0 8 0 0 1 8 6 5 3 0 2 5 1 4 7 5 5 2 3 8 7 6 8 1 6 8 4 4 0 2 4 3 2 6 1 8 2 5 6 3 3 7 6 6 4 0 8 7 3
0 : [1, 6, 11, 13, 14, 20, 39, 56] (61)
1 : [7, 8, 15, 23, 34, 45] (61)
2 : [0, 2, 9, 21, 28, 40, 43, 47] (61)
3 : [5, 19, 29, 42, 50, 51, 59] (65)
4 : [3, 24, 37, 38, 41, 55] (64)
5 : [4, 18, 22, 26, 27, 48] (65)
6 : [17, 32, 35, 44, 49, 53, 54] (64)
7 : [10, 25, 31, 52, 58] (65)
8 : [12, 16, 30, 33, 36, 46, 57] (64)
