Name: 60-50-75
Time: 1.177579641342163 
Result: 3
Solution:  0 1 3 3 2 3 0 0 1 2 4 1 7 1 4 1 8 6 7 2 1 0 6 1 4 6 8 5 3 4 8 8 5 8 0 7 8 2 4 0 2 7 3 1 5 2 8 3 4 5 2 3 6 7 4 4 0 8 5 3
0 : [0, 6, 7, 21, 34, 39, 56] (63)
1 : [1, 8, 11, 13, 15, 20, 23, 43] (63)
2 : [4, 9, 19, 37, 40, 45, 50] (64)
3 : [2, 3, 5, 28, 42, 47, 51, 59] (63)
4 : [10, 14, 24, 29, 38, 48, 54, 55] (63)
5 : [27, 32, 44, 49, 58] (65)
6 : [17, 22, 25, 52] (62)
7 : [12, 18, 35, 41, 53] (64)
8 : [16, 26, 30, 31, 33, 36, 46, 57] (63)
