Name: 60-50-75
Time: 1.2214431762695312 
Result: 3
Solution:  0 0 3 5 4 3 1 0 2 0 6 3 8 0 0 1 7 6 5 1 0 3 5 0 4 6 7 4 1 3 7 7 6 7 2 7 8 4 8 0 3 6 3 2 6 1 8 2 4 6 2 5 7 4 5 3 0 8 4 3
0 : [0, 1, 7, 9, 13, 14, 20, 23, 39, 56] (63)
1 : [6, 15, 19, 28, 45] (62)
2 : [8, 34, 43, 47, 50] (64)
3 : [2, 5, 11, 21, 29, 40, 42, 55, 59] (62)
4 : [4, 24, 27, 37, 48, 53, 58] (65)
5 : [3, 18, 22, 51, 54] (65)
6 : [10, 17, 25, 32, 41, 44, 49] (62)
7 : [16, 26, 30, 31, 33, 35, 52] (63)
8 : [12, 36, 38, 46, 57] (64)
