Name: 60-50-75
Time: 1.1790497303009033 
Result: 3
Solution:  1 0 2 5 5 3 0 2 2 1 5 3 7 0 1 2 8 6 6 1 1 1 4 1 4 8 5 5 2 3 8 6 5 8 2 7 7 4 5 0 2 4 3 1 7 0 8 2 5 7 3 3 6 5 3 6 0 8 4 2
0 : [1, 6, 13, 39, 45, 56] (65)
1 : [0, 9, 14, 19, 20, 21, 23, 43] (62)
2 : [2, 7, 8, 15, 28, 34, 40, 47, 59] (62)
3 : [5, 11, 29, 42, 50, 51, 54] (63)
4 : [22, 24, 37, 41, 58] (63)
5 : [3, 4, 10, 26, 27, 32, 38, 48, 53] (62)
6 : [17, 18, 31, 52, 55] (65)
7 : [12, 35, 36, 44, 49] (63)
8 : [16, 25, 30, 33, 46, 57] (65)
