Name: 200-30-45
Time: 2.3452978134155273 
Result: 1
Solution: 18 6 0 4 2 14 5 20 13 3 10 14 1 4 19 14 14 6 3 18 10 14 16 2 8 20 7 18 10 2 1 4 11 10 13 17 12 19 8 18 15 19 0 8 18 13 8 0 7 15 11 0 18 0 14 12 1 6 17 0 9 14 6 3 8 11 20 10 6 12 2 5 20 19 16 7 15 9 19 5 0 6 0 20 1 11 0 4 7 4 7 7 7 16 6 5 13 18 19 20 16 5 15 4 11 16 19 9 9 1 10 12 17 7 18 3 3 8 19 0 1 20 14 3 6 1 5 8 4 0 4 12 0 15 19 8 1 14 6 17 14 12 12 8 9 16 6 17 11 17 3 5 20 6 3 9 14 8 7 14 13 6 13 20 17 0 4 10 5 10 4 14 2 12 9 6 3 18 12 6 10 16 13 19 2 16 4 7 8 11 19 6 10 3 18 18 15 17 18 2 
0: 2 42 47 51 53 59 80 82 86 119 129 132 165 (37)
1: 12 30 56 84 109 120 125 136 (38)
2: 4 23 29 70 172 184 199 (38)
3: 9 18 63 115 116 123 150 154 176 193 (38)
4: 3 13 31 87 89 103 128 130 166 170 186 (38)
5: 6 71 79 95 101 126 151 168 (38)
6: 1 17 57 62 68 81 94 124 138 146 153 161 175 179 191 (38)
7: 26 48 75 88 90 91 92 113 158 187 (38)
8: 24 38 43 46 64 117 127 135 143 157 188 (38)
9: 60 77 107 108 144 155 174 (38)
10: 10 20 28 33 67 110 167 169 180 192 (38)
11: 32 50 65 85 104 148 189 (37)
12: 36 55 69 111 131 141 142 173 178 (38)
13: 8 34 45 96 160 162 182 (38)
14: 5 11 15 16 21 54 61 122 137 140 156 159 171 (37)
15: 40 49 76 102 133 196 (38)
16: 22 74 93 100 105 145 181 185 (38)
17: 35 58 112 139 147 149 164 197 (38)
18: 0 19 27 39 44 52 97 114 177 194 195 198 (38)
19: 14 37 41 73 78 98 106 118 134 183 190 (38)
20: 7 25 66 72 83 99 121 152 163 (38)
