Name: 200-20-30
Time: 1.068342685699463 
Result: 1
Solution: 3 13 20 19 11 4 15 16 7 6 2 3 3 10 4 19 3 14 1 2 12 16 3 18 8 13 1 19 2 1 1 15 7 0 6 10 5 19 6 9 14 7 3 8 4 15 12 11 7 0 8 18 18 4 16 9 5 6 14 7 4 7 16 13 14 14 9 6 12 8 3 5 18 12 3 8 9 9 5 3 3 12 14 14 5 12 19 18 11 17 17 12 18 1 20 2 13 10 4 10 3 10 7 6 2 11 5 4 8 10 6 13 20 5 0 0 10 14 11 11 5 14 2 11 2 2 9 20 3 10 7 8 4 0 9 19 15 3 6 20 18 12 9 11 4 14 9 18 19 4 11 0 13 6 2 18 1 19 10 1 7 18 14 15 18 17 15 4 18 14 16 1 10 3 9 18 11 15 20 15 18 3 4 9 10 18 19 10 18 17 4 15 11 7 9 13 0 14 19 8 
0: 33 49 114 115 133 151 196 (24)
1: 18 26 29 30 93 156 159 171 (25)
2: 10 19 28 95 104 122 124 125 154 (24)
3: 0 11 12 16 22 42 70 74 79 80 100 128 137 173 181 (24)
4: 5 14 44 53 60 98 107 132 144 149 167 182 190 (24)
5: 36 56 71 78 84 106 113 120 (24)
6: 9 34 38 57 67 103 110 138 153 (24)
7: 8 32 41 48 59 61 102 130 160 193 (25)
8: 24 43 50 69 75 108 131 199 (24)
9: 39 55 66 76 77 126 134 142 146 174 183 194 (25)
10: 13 35 97 99 101 109 116 129 158 172 184 187 (24)
11: 4 47 88 105 118 119 123 143 150 176 192 (25)
12: 20 46 68 73 81 85 91 141 (25)
13: 1 25 63 96 111 152 195 (25)
14: 17 40 58 64 65 82 83 117 121 145 162 169 197 (25)
15: 6 31 45 136 163 166 177 179 191 (25)
16: 7 21 54 62 170 (25)
17: 89 90 165 189 (25)
18: 23 51 52 72 87 92 140 147 155 161 164 168 175 180 185 188 (24)
19: 3 15 27 37 86 135 148 157 186 198 (24)
20: 2 94 112 127 139 178 (25)
