Name: 200-50-80
Time: 4.025432586669922 
Result: 1
Solution: 10 10 10 5 6 9 10 7 2 16 9 17 2 18 12 9 11 9 2 9 13 12 10 15 12 3 10 2 13 0 18 11 1 17 3 15 12 3 19 15 19 10 20 4 12 13 6 19 16 0 15 0 18 3 14 4 2 11 9 11 12 6 1 19 9 6 9 5 19 13 11 20 7 19 13 9 16 20 12 16 9 6 19 17 0 15 14 13 9 18 18 12 18 1 9 5 10 8 13 5 15 20 2 4 1 15 13 6 10 4 0 10 0 17 18 6 11 20 13 0 16 8 10 14 13 17 18 11 16 1 0 5 13 1 2 4 3 20 14 17 1 5 13 8 1 11 20 5 3 15 18 20 4 2 18 2 5 16 5 9 5 14 17 3 8 7 4 20 7 20 8 17 4 0 3 11 1 6 20 1 11 8 6 20 0 9 6 2 17 12 0 3 2 15 1 1 14 11 10 5 
0: 29 49 51 84 110 112 119 130 173 184 190 (66)
1: 32 62 93 104 129 133 140 144 176 179 194 195 (65)
2: 8 12 18 27 56 102 134 153 155 187 192 (65)
3: 25 34 37 53 136 148 163 174 191 (65)
4: 43 55 103 109 135 152 166 172 (65)
5: 3 67 95 99 131 141 147 156 158 160 199 (66)
6: 4 46 61 65 81 107 115 177 182 186 (66)
7: 7 72 165 168 (66)
8: 97 121 143 164 170 181 (65)
9: 5 10 15 17 19 58 64 66 75 80 88 94 159 185 (65)
10: 0 1 2 6 22 26 41 96 108 111 122 198 (66)
11: 16 31 57 59 70 116 127 145 175 180 197 (65)
12: 14 21 24 36 44 60 78 91 189 (65)
13: 20 28 45 69 74 87 98 106 118 124 132 142 (66)
14: 54 86 123 138 161 196 (65)
15: 23 35 39 50 85 100 105 149 193 (66)
16: 9 48 76 79 120 128 157 (66)
17: 11 33 83 113 125 139 162 171 188 (65)
18: 13 30 52 89 90 92 114 126 150 154 (65)
19: 38 40 47 63 68 73 82 (66)
20: 42 71 77 101 117 137 146 151 167 169 178 183 (65)
