Name: 200-40-60
Time: 2.098809003829956 
Result: 1
Solution: 7 1 0 3 4 8 20 6 13 12 9 13 15 16 3 16 18 1 20 8 20 17 0 17 10 15 5 4 13 13 3 20 15 3 2 12 12 2 6 9 0 3 0 20 15 13 20 2 17 6 3 15 4 11 4 20 12 15 0 12 16 1 2 6 1 19 4 13 19 9 4 17 10 12 16 2 11 12 0 8 8 3 15 9 12 2 17 9 20 18 5 8 14 3 11 13 8 14 18 12 11 7 7 20 14 14 5 7 20 4 5 3 16 20 2 4 5 4 18 5 3 19 9 12 5 19 0 7 12 16 1 3 9 11 16 20 10 10 6 16 19 6 11 20 12 8 9 7 9 2 7 1 9 4 16 19 0 5 6 0 9 9 5 16 10 17 11 3 7 4 2 11 2 16 9 0 4 20 11 18 16 14 11 8 0 7 18 10 5 5 7 16 5 14 19 0 5 18 0 17 
0: 2 22 40 42 58 78 126 156 159 175 184 195 198 (48)
1: 1 17 61 64 130 151 (48)
2: 34 37 47 62 75 85 114 149 170 172 (48)
3: 3 14 30 33 41 50 81 93 111 120 131 167 (49)
4: 4 27 52 54 66 70 109 115 117 153 169 176 (48)
5: 26 90 106 110 116 119 124 157 162 188 189 192 196 (48)
6: 7 38 49 63 138 141 158 (48)
7: 0 101 102 107 127 147 150 168 185 190 (49)
8: 5 19 79 80 91 96 145 183 (49)
9: 10 39 69 83 87 122 132 146 148 152 160 161 174 (48)
10: 24 72 136 137 164 187 (48)
11: 53 76 94 100 133 142 166 171 178 182 (49)
12: 9 35 36 56 59 73 77 84 99 123 128 144 (49)
13: 8 11 28 29 45 67 95 (48)
14: 92 97 104 105 181 193 (48)
15: 12 25 32 44 51 57 82 (48)
16: 13 15 60 74 112 129 134 139 154 163 173 180 191 (49)
17: 21 23 48 71 86 165 199 (48)
18: 16 89 98 118 179 186 197 (48)
19: 65 68 121 125 140 155 194 (48)
20: 6 18 20 31 43 46 55 88 103 108 113 135 143 177 (48)
