Name: 400-20-30
Time: 3.1148993968963623 
Result: 3
Solution: 2 37 26 5 13 3 10 29 10 35 38 14 21 18 27 33 3 20 0 13 35 15 38 37 0 37 7 1 15 26 36 19 38 7 22 9 20 3 0 38 36 36 16 27 31 32 14 11 2 12 5 30 33 1 14 34 19 30 33 8 17 19 28 15 40 31 25 25 19 1 22 21 14 40 12 2 27 11 8 9 8 17 21 9 25 26 1 20 18 33 34 29 36 29 26 6 17 7 19 19 16 30 19 25 22 6 17 36 36 27 7 0 39 14 28 7 16 28 25 12 30 19 31 40 9 16 33 26 19 32 36 16 0 21 3 34 0 6 40 28 24 36 23 35 13 5 19 10 15 31 26 35 16 17 29 29 23 13 13 2 23 13 40 23 5 11 20 18 35 22 9 12 6 38 20 21 13 13 0 17 9 24 29 28 35 5 27 8 33 16 29 31 22 4 27 35 27 15 14 18 24 39 34 12 15 21 5 27 36 12 4 15 21 22 20 1 8 28 10 30 26 37 22 40 23 13 35 10 10 0 7 7 26 31 2 35 0 21 21 36 10 26 10 38 2 13 28 39 6 37 11 0 38 32 1 1 3 18 29 9 28 33 12 5 17 25 8 9 38 23 30 3 10 2 4 8 10 4 6 29 8 4 38 25 9 40 32 40 34 11 22 37 25 2 13 7 28 18 22 6 3 35 32 2 21 1 34 13 32 23 35 2 39 21 12 4 25 14 6 10 40 7 13 11 24 4 26 14 2 19 37 35 15 33 30 39 39 20 40 30 15 23 1 8 15 40 9 40 30 15 39 24 5 5 24 1 11 28 18 20 30 33 32 23 9 34 5 34 36 4 9 29 15 23 30 28 27 1 18 39 6 17 18 38 1 20 25 0 19 28 20 8 2 38 29 15 28 8 0 19 
0: 18 24 38 111 132 136 178 229 236 251 387 398 (23)
1: 27 53 69 86 215 254 255 305 342 355 377 384 (23)
2: 0 48 75 159 234 244 273 293 303 311 328 392 (23)
3: 5 16 37 134 256 271 300 (23)
4: 193 210 274 277 281 315 325 369 (23)
5: 3 50 145 164 185 206 263 352 353 366 (23)
6: 95 105 137 172 248 278 299 318 380 (23)
7: 26 33 97 110 115 230 231 295 321 (23)
8: 59 78 80 187 216 266 275 280 343 391 397 (23)
9: 35 79 83 124 170 180 259 267 284 346 364 370 (23)
10: 6 8 147 218 227 228 240 242 272 276 319 (23)
11: 47 77 165 250 289 323 356 (23)
12: 49 74 119 171 203 209 262 314 (23)
13: 4 19 144 157 158 161 176 177 225 245 294 307 322 (23)
14: 11 46 54 72 113 198 317 327 (24)
15: 21 28 63 148 197 204 211 332 340 344 349 372 395 (26)
16: 42 100 116 125 131 152 189 (26)
17: 60 81 96 106 153 179 264 381 (26)
18: 13 88 167 199 257 297 358 378 382 (25)
19: 31 56 61 68 98 99 102 121 128 146 329 388 399 (26)
20: 17 36 87 166 174 214 337 359 385 390 (26)
21: 12 71 82 133 175 205 212 237 238 304 313 (23)
22: 34 70 104 169 192 213 222 290 298 (26)
23: 142 156 160 163 224 269 309 341 363 373 (26)
24: 140 181 200 324 351 354 (24)
25: 66 67 84 103 118 265 283 292 316 386 (23)
26: 2 29 85 94 127 150 220 232 241 326 (26)
27: 14 43 76 109 186 194 196 207 376 (25)
28: 62 114 117 139 183 217 246 260 296 357 375 389 396 (26)
29: 7 91 93 154 155 182 190 258 279 371 394 (26)
30: 51 57 101 120 219 270 334 339 348 360 374 (26)
31: 44 65 122 149 191 233 (26)
32: 45 129 253 286 302 308 362 (25)
33: 15 52 58 89 126 188 261 333 361 (26)
34: 55 90 135 202 288 306 365 367 (26)
35: 9 20 143 151 168 184 195 226 235 301 310 331 (26)
36: 30 40 41 92 107 108 130 141 208 239 368 (26)
37: 1 23 25 221 249 291 330 (26)
38: 10 22 32 39 173 243 252 268 282 383 393 (26)
39: 112 201 247 312 335 336 350 379 (26)
40: 64 73 123 138 162 223 285 287 320 338 345 347 (26)
