Name: 400-50-80
Time: 12.536824941635132 
Result: 10
Solution: 15 10 39 15 15 10 9 33 25 16 9 39 32 28 0 30 19 9 34 11 25 9 10 17 31 21 10 16 15 6 23 20 34 16 25 20 1 9 1 14 33 12 37 11 34 4 0 33 40 0 29 30 17 5 33 35 3 28 13 21 15 17 26 8 30 21 11 10 38 35 1 19 13 31 38 20 34 16 36 10 2 35 36 12 20 29 17 19 28 25 32 37 11 28 28 26 8 2 6 34 12 14 36 21 19 40 27 40 2 10 30 3 8 3 31 34 9 22 20 15 21 34 31 0 3 26 23 37 25 39 0 33 16 27 24 12 13 25 20 34 11 24 38 8 4 40 16 24 17 1 17 17 20 11 37 34 11 7 30 6 9 39 4 28 36 19 19 18 10 1 36 12 4 37 20 33 40 38 30 6 28 9 28 1 31 6 22 33 8 21 8 32 3 29 27 10 22 6 35 27 21 17 33 12 33 28 15 35 39 28 6 6 22 5 21 12 38 0 28 9 6 5 31 7 40 36 23 29 24 32 11 16 2 3 36 33 11 29 19 24 1 11 0 36 18 23 24 24 16 8 34 20 20 13 11 35 9 25 32 35 2 0 2 7 31 27 7 24 16 28 21 9 12 13 6 22 20 33 24 6 38 1 1 19 5 17 11 8 8 9 2 15 11 7 14 18 38 2 13 5 1 4 38 36 38 27 6 14 8 25 29 22 18 20 28 24 23 27 22 29 6 0 6 3 7 6 30 22 12 15 37 38 39 18 6 22 6 27 29 33 25 18 1 16 20 7 37 19 24 33 26 0 30 17 13 6 13 1 23 27 30 10 32 27 15 26 12 10 24 14 30 21 32 8 36 2 26 1 40 7 21 40 20 27 4 35 25 24 18 39 35 27 40 14 38 6 29 5 3 19 
0: 14 46 49 123 130 217 242 261 321 351 (60)
1: 36 38 70 149 169 183 240 281 282 300 342 357 377 (60)
2: 80 97 108 232 260 262 290 297 375 (60)
3: 56 111 113 124 192 233 323 398 (60)
4: 45 144 162 172 301 384 (62)
5: 53 213 221 284 299 397 (61)
6: 29 98 159 179 185 197 210 211 220 274 279 306 320 322 325 334 336 355 395 (60)
7: 157 223 263 266 293 324 345 379 (62)
8: 63 96 112 143 188 190 249 287 288 308 373 (60)
9: 6 10 17 21 37 116 160 181 219 256 271 289 (60)
10: 1 5 22 26 67 79 109 168 195 361 367 (64)
11: 19 43 66 92 140 153 156 230 236 241 254 286 292 (60)
12: 41 83 100 135 171 203 215 272 328 366 (70)
13: 58 72 136 253 273 298 354 356 (70)
14: 39 101 294 307 369 393 (70)
15: 0 3 4 28 60 119 206 291 329 364 (69)
16: 9 27 33 77 132 146 231 248 268 343 (70)
17: 23 52 61 86 148 150 151 201 285 353 (70)
18: 167 244 295 312 333 341 388 (70)
19: 16 71 87 104 165 166 238 283 347 399 (70)
20: 31 35 75 84 118 138 152 174 251 252 276 313 344 382 (70)
21: 25 59 65 103 120 189 200 214 270 371 380 (70)
22: 117 186 196 212 275 311 318 327 335 (70)
23: 30 126 226 245 316 358 (70)
24: 134 141 147 228 239 246 247 267 278 315 348 368 387 (70)
25: 8 20 34 89 128 137 257 309 340 386 (70)
26: 62 95 125 350 365 376 (70)
27: 106 133 194 199 265 305 317 337 359 363 383 391 (70)
28: 13 57 88 93 94 163 180 182 205 209 218 269 314 (70)
29: 50 85 193 227 237 310 319 338 396 (70)
30: 15 51 64 110 158 178 326 352 360 370 (70)
31: 24 73 114 122 184 222 264 (70)
32: 12 90 191 229 258 362 372 (69)
33: 7 40 47 54 131 175 187 202 204 235 277 339 349 (70)
34: 18 32 44 76 99 115 121 139 155 250 (70)
35: 55 69 81 198 207 255 259 385 390 (70)
36: 78 82 102 164 170 225 234 243 303 374 (70)
37: 42 91 127 154 173 330 346 (70)
38: 68 74 142 177 216 280 296 302 304 331 394 (70)
39: 2 11 129 161 208 332 389 (69)
40: 48 105 107 145 176 224 378 381 392 (69)
