Name: 400-30-45
Time: 9.249324083328247 
Result: 3
Solution: 2 38 16 40 1 0 34 22 14 40 20 0 22 21 1 40 28 7 4 17 2 32 19 14 33 0 27 20 6 9 38 15 31 22 1 30 25 27 15 14 2 5 30 8 37 31 22 8 2 18 23 35 40 32 31 17 25 34 2 3 24 33 38 17 25 3 5 10 28 11 24 20 23 20 14 38 5 26 15 7 4 15 10 7 26 16 40 39 28 4 33 21 37 10 26 10 23 21 15 26 35 35 27 6 17 34 36 17 18 5 26 0 5 3 4 5 13 30 11 38 16 5 37 23 0 34 1 0 21 18 31 25 9 2 33 4 0 1 21 8 13 12 35 13 15 15 18 1 21 11 37 27 6 27 23 13 38 16 13 27 19 21 2 33 15 6 12 16 35 40 26 11 10 14 16 27 32 12 20 31 12 8 3 22 14 25 25 14 7 36 28 8 24 10 7 4 3 33 14 9 20 22 18 17 33 37 14 33 29 23 25 11 37 11 15 9 27 11 23 36 28 27 20 33 37 4 16 3 7 35 17 35 13 29 37 29 40 27 2 11 25 6 22 25 22 27 1 8 29 36 38 11 29 32 9 39 22 8 34 32 0 10 7 3 31 17 40 18 10 29 7 38 33 9 5 16 16 39 11 6 34 22 36 18 26 24 23 17 17 23 19 14 14 27 6 19 31 25 21 5 38 8 36 22 7 17 14 2 24 22 39 1 2 0 26 28 28 23 8 21 27 7 21 30 12 36 11 5 2 31 34 10 4 13 4 12 16 12 6 30 4 2 38 11 9 18 38 36 27 37 6 39 23 34 7 32 28 19 19 29 28 13 7 24 24 32 1 18 19 16 19 11 12 18 19 34 37 30 10 34 34 12 11 30 39 20 32 10 9 26 40 34 33 1 14 37 12 34 10 4 
0: 5 11 25 111 124 127 136 260 313 (35)
1: 4 14 34 126 137 147 246 311 366 393 (35)
2: 0 20 40 48 58 133 162 238 307 312 328 341 (35)
3: 59 65 113 182 196 227 263 (35)
4: 18 80 89 114 135 195 225 332 334 340 399 (35)
5: 41 66 76 109 112 115 121 274 299 327 (35)
6: 28 103 152 165 241 279 294 338 350 (36)
7: 17 79 83 188 194 228 262 270 304 321 354 362 (35)
8: 43 47 139 181 191 247 257 301 318 (35)
9: 29 132 199 215 254 273 344 388 (35)
10: 67 82 93 95 172 193 261 268 331 378 387 398 (35)
11: 69 118 149 171 211 213 217 239 251 278 326 343 371 382 (35)
12: 141 166 177 180 324 335 337 372 381 396 (35)
13: 116 140 143 155 158 232 333 361 (35)
14: 8 23 39 74 173 184 187 198 206 291 292 306 394 (35)
15: 31 38 78 81 98 144 145 164 214 (35)
16: 2 85 120 157 167 174 226 275 276 336 369 (35)
17: 19 55 63 104 107 203 230 265 287 288 305 (37)
18: 49 108 129 146 202 267 283 345 367 373 (37)
19: 22 160 290 295 357 358 368 370 374 (38)
20: 10 27 71 73 178 200 222 385 (38)
21: 13 91 97 128 138 148 161 298 319 322 (38)
22: 7 12 33 46 183 201 242 244 256 281 303 309 (38)
23: 50 72 96 123 154 209 218 286 289 317 352 (38)
24: 60 70 192 285 308 363 364 (38)
25: 36 56 64 131 185 186 210 240 243 297 (38)
26: 77 84 94 99 110 170 284 314 389 (38)
27: 26 37 102 151 153 159 175 216 221 237 245 293 320 348 (38)
28: 16 68 88 190 220 315 316 356 360 (38)
29: 208 233 235 248 252 269 359 (38)
30: 35 42 117 323 339 377 383 (36)
31: 32 45 54 130 179 264 296 329 (37)
32: 21 53 176 253 259 355 365 386 (38)
33: 24 61 90 134 163 197 204 207 223 272 392 (38)
34: 6 57 105 125 258 280 330 353 375 379 380 391 397 (38)
35: 51 100 101 142 168 229 231 (38)
36: 106 189 219 249 282 302 325 347 (37)
37: 44 92 122 150 205 212 224 234 349 376 395 (38)
38: 1 30 62 75 119 156 250 271 300 342 346 (38)
39: 87 255 277 310 351 384 (38)
40: 3 9 15 52 86 169 236 266 390 (38)
