Name: 400-40-60
Time: 8.548609733581543 
Result: 5
Solution: 12 38 15 13 20 37 6 34 29 16 16 19 19 17 6 31 6 10 4 20 38 15 34 12 26 8 40 5 7 20 0 12 25 5 11 7 19 37 26 21 13 40 8 7 15 2 31 21 11 6 31 0 2 29 12 26 39 2 26 9 9 16 40 39 7 5 5 29 36 31 24 5 9 18 15 13 37 21 19 17 1 24 23 34 22 17 23 8 6 29 3 15 0 28 15 22 17 0 11 14 34 25 36 24 40 4 14 12 17 5 0 6 22 12 25 0 28 17 32 33 16 18 27 39 6 25 22 17 19 36 6 21 30 22 37 24 29 27 29 31 2 12 24 36 23 14 27 2 10 24 11 20 14 31 10 27 6 10 27 20 15 29 25 31 37 4 6 12 34 32 14 19 26 3 20 33 0 21 1 12 34 4 20 7 4 9 37 31 27 23 16 33 28 12 5 32 23 8 6 13 35 28 3 15 8 26 12 24 15 12 27 31 21 39 35 32 13 7 35 1 3 30 12 33 25 6 38 14 1 11 29 30 37 30 16 20 16 6 35 15 32 36 10 2 8 25 18 19 37 39 18 37 0 20 10 14 30 33 28 31 26 2 37 28 25 16 9 20 3 9 24 11 24 10 29 36 0 40 40 23 7 30 37 4 18 9 22 36 34 23 20 29 36 25 8 11 9 36 30 4 28 3 18 30 19 35 31 34 21 7 0 4 33 22 3 38 5 40 6 31 6 28 6 3 20 38 39 5 36 24 3 29 0 17 18 18 1 29 40 38 0 9 2 17 27 35 21 33 23 1 4 36 3 30 3 40 25 26 10 11 5 19 15 18 13 39 27 1 26 12 32 11 36 26 25 2 1 16 25 10 23 9 1 35 26 11 21 12 36 31 12 30 30 39 20 5 23 15 2 16 
0: 30 51 92 97 110 115 176 252 276 310 332 340 (50)
1: 80 178 219 228 336 349 367 376 382 (48)
2: 45 52 57 140 147 243 261 342 375 398 (48)
3: 90 173 202 220 268 301 314 323 330 352 354 (48)
4: 18 105 165 181 184 283 299 311 350 (48)
5: 27 33 65 66 71 109 194 316 327 360 395 (48)
6: 6 14 16 49 88 111 124 130 156 166 198 225 237 318 320 322 (49)
7: 28 35 43 64 183 217 280 309 (49)
8: 25 42 87 197 204 244 294 (50)
9: 59 60 72 185 266 269 285 296 341 381 (48)
10: 17 148 154 157 242 254 273 358 379 (49)
11: 34 48 98 150 229 271 295 359 371 385 (48)
12: 0 23 31 54 107 113 141 167 179 193 206 209 222 369 387 390 (48)
13: 3 40 75 199 216 364 (48)
14: 99 106 145 152 170 227 255 (48)
15: 2 21 44 74 91 94 160 203 208 239 362 397 (48)
16: 9 10 61 120 190 234 236 265 377 399 (49)
17: 13 79 85 96 108 117 127 333 343 (48)
18: 73 121 246 250 284 302 334 335 363 (50)
19: 11 12 36 78 128 171 247 304 361 (48)
20: 4 19 29 151 159 174 182 235 253 267 290 324 394 (53)
21: 39 47 77 131 177 212 308 346 386 (53)
22: 84 95 112 126 133 286 313 (53)
23: 82 86 144 189 196 279 289 348 380 396 (53)
24: 70 81 103 135 142 149 207 270 272 329 (53)
25: 32 101 114 125 162 224 245 264 293 356 374 378 (53)
26: 24 38 55 58 172 205 260 357 368 373 384 (53)
27: 122 137 146 155 158 188 210 344 366 (53)
28: 93 116 192 201 258 263 300 321 (53)
29: 8 53 67 89 136 138 161 230 274 291 331 337 (53)
30: 132 221 231 233 256 281 298 303 353 391 392 (53)
31: 15 46 50 69 139 153 163 187 211 259 306 319 389 (53)
32: 118 169 195 215 240 370 (53)
33: 119 175 191 223 257 312 347 (53)
34: 7 22 83 100 168 180 288 307 (53)
35: 200 214 218 238 305 345 383 (53)
36: 68 102 129 143 241 275 287 292 297 328 351 372 388 (53)
37: 5 37 76 134 164 186 232 248 251 262 282 (53)
38: 1 20 226 315 325 339 (53)
39: 56 63 123 213 249 326 365 393 (53)
40: 26 41 62 104 277 278 317 338 355 (53)
