Name: 600-50-80
Time: 30.067862510681152 
Result: 13
Solution: 58 36 20 9 11 4 10 2 15 5 34 8 18 39 6 41 10 17 53 46 36 27 26 4 58 42 51 20 42 52 25 5 11 23 58 3 38 39 33 57 50 11 31 58 38 2 14 35 54 19 7 34 16 22 31 28 43 1 13 23 55 24 55 19 52 21 54 58 37 48 42 55 46 46 60 32 32 12 35 25 13 35 9 36 3 1 18 39 1 56 41 11 56 37 30 18 53 48 59 35 13 26 45 1 37 30 22 13 29 33 49 10 42 49 11 55 34 27 49 51 40 45 31 15 59 4 9 32 55 52 27 2 14 28 25 15 20 9 36 49 14 3 41 47 19 17 15 10 37 28 55 16 31 32 6 53 19 9 10 14 46 60 54 33 0 2 0 58 26 39 27 45 6 31 6 5 33 4 55 48 20 12 9 36 46 0 46 31 8 34 14 54 52 52 57 56 60 26 55 17 13 55 51 55 31 8 49 51 43 57 44 1 29 23 40 8 26 43 15 40 57 52 25 24 10 27 33 11 47 19 34 0 60 13 33 49 31 43 5 4 39 3 23 22 24 39 14 39 2 35 5 44 20 31 5 19 29 58 12 20 34 49 57 48 44 12 37 43 21 3 2 10 9 41 45 43 7 7 9 0 47 36 26 55 38 48 41 28 12 39 47 30 57 44 5 1 31 43 18 11 52 22 47 51 11 0 23 57 53 24 43 6 36 3 5 60 38 8 21 47 5 41 22 38 50 43 36 0 26 29 33 33 45 41 3 28 48 18 34 39 21 52 21 3 42 42 31 43 25 57 52 58 46 49 58 3 15 2 16 14 11 18 56 15 14 49 5 44 35 55 30 14 27 10 35 40 35 22 7 26 0 47 10 56 17 45 47 9 24 13 17 37 18 18 18 39 41 3 15 5 55 10 59 1 17 39 30 26 14 2 44 5 1 17 58 55 52 40 18 51 58 13 4 58 14 44 54 30 35 48 20 14 51 52 28 20 46 28 26 16 30 11 35 41 5 15 16 1 54 0 60 16 28 51 15 27 11 21 36 11 54 30 42 13 27 21 8 29 51 25 50 18 51 60 5 46 9 52 15 60 11 4 47 14 12 21 17 29 26 40 56 5 43 26 60 19 17 0 18 11 7 26 3 38 59 33 26 24 41 46 3 27 34 54 39 18 50 40 35 6 10 23 10 16 26 14 37 28 25 56 12 35 39 24 25 32 45 8 43 3 25 21 24 38 23 32 52 46 26 2 13 58 23 42 38 6 60 24 4 45 18 21 45 52 40 48 31 59 30 15 49 0 18 8 26 36 30 26 40 28 30 29 28 35 50 38 34 47 36 47 34 54 31 28 29 45 52 44 18 6 
0: 164 166 185 231 279 305 327 380 449 497 571 (61)
1: 57 85 88 103 211 295 403 412 447 (57)
2: 7 45 131 165 248 270 357 409 549 (57)
3: 35 84 141 241 269 313 334 343 355 397 502 510 539 (57)
4: 5 23 125 177 239 422 481 558 (57)
5: 9 31 175 238 250 254 294 314 320 366 399 411 444 474 491 (57)
6: 14 154 172 174 311 519 555 599 (57)
7: 50 276 277 378 500 (57)
8: 11 188 205 215 317 466 537 573 (57)
9: 3 82 126 137 157 182 272 278 387 476 (57)
10: 6 16 111 147 158 224 271 373 382 401 520 522 (57)
11: 4 32 41 91 114 227 299 304 360 441 456 459 480 499 (57)
12: 77 181 258 265 288 484 530 (57)
13: 58 80 100 107 200 233 389 421 463 550 (57)
14: 46 132 140 159 190 246 359 364 371 408 424 431 483 525 (57)
15: 8 123 135 146 218 356 363 398 445 454 478 569 (57)
16: 52 151 358 439 446 451 523 (59)
17: 17 145 199 384 390 404 413 486 496 (57)
18: 12 86 95 298 337 361 392 393 394 418 471 498 515 560 572 598 (57)
19: 49 63 144 156 229 255 495 (57)
20: 2 27 136 180 252 259 430 435 (57)
21: 65 268 318 340 342 457 465 485 541 561 (57)
22: 53 106 243 301 322 377 (61)
23: 33 59 213 242 306 521 544 552 (67)
24: 61 223 244 309 388 507 533 542 557 (58)
25: 30 79 134 222 348 469 528 534 540 (70)
26: 22 101 168 197 216 282 328 379 407 438 488 493 501 506 524 548 574 577 (70)
27: 21 117 130 170 225 372 455 464 511 (70)
28: 55 133 149 287 335 434 437 452 527 579 582 593 (66)
29: 108 212 256 329 467 487 581 594 (61)
30: 94 105 291 370 406 427 440 461 568 576 580 (70)
31: 42 54 122 152 173 187 204 236 253 296 346 566 592 (70)
32: 75 76 127 153 535 545 (70)
33: 38 109 163 176 226 234 330 331 505 (70)
34: 10 51 116 189 230 260 338 512 586 590 (69)
35: 47 78 81 99 249 368 374 376 428 442 518 531 583 (70)
36: 1 20 83 138 183 281 312 326 458 575 588 (70)
37: 68 93 104 148 266 391 526 (70)
38: 36 44 284 316 323 503 543 554 585 (70)
39: 13 37 87 169 240 245 247 289 339 395 405 514 532 (70)
40: 120 214 219 375 417 489 517 564 578 (70)
41: 15 90 142 273 286 321 333 396 443 508 (70)
42: 25 28 70 112 344 345 462 553 (70)
43: 56 208 217 237 267 275 297 310 325 347 492 538 (70)
44: 210 251 264 293 367 410 425 597 (70)
45: 102 121 171 274 332 385 536 559 562 595 (70)
46: 19 72 73 160 184 186 352 436 475 509 547 (58)
47: 143 228 280 290 302 319 381 386 482 587 589 (70)
48: 69 97 179 263 285 336 429 565 (70)
49: 110 113 118 139 206 235 261 353 365 570 (69)
50: 40 324 470 516 584 (70)
51: 26 119 202 207 303 419 432 453 468 472 (70)
52: 29 64 129 192 193 221 300 341 350 416 433 477 546 563 596 (70)
53: 18 96 155 308 (70)
54: 48 66 162 191 426 448 460 513 591 (70)
55: 60 62 71 115 128 150 178 198 201 203 283 369 400 415 (70)
56: 89 92 195 362 383 490 529 (70)
57: 39 194 209 220 262 292 307 349 (70)
58: 0 24 34 43 67 167 257 351 354 414 420 423 551 (70)
59: 98 124 402 504 567 (70)
60: 74 161 196 232 315 450 473 479 494 556 (70)
