Name: 600-40-60
Time: 20.102627754211426 
Result: 7
Solution: 10 3 9 10 10 35 23 56 10 27 56 0 31 21 3 30 12 54 24 16 43 59 36 54 5 43 54 24 30 10 17 35 32 30 26 45 51 2 60 60 44 31 50 0 49 57 4 28 29 11 11 44 13 32 49 25 7 9 15 36 39 13 35 11 7 24 23 30 49 58 16 36 11 56 5 40 46 36 44 36 26 36 16 35 53 36 0 36 58 21 49 25 16 21 42 53 28 19 17 12 60 22 19 16 36 31 7 36 21 16 59 33 8 30 40 22 48 59 0 28 38 8 14 15 17 7 24 2 40 3 43 16 34 11 59 14 31 8 34 42 34 0 8 45 52 42 53 44 40 50 44 50 51 41 22 36 20 59 8 29 18 46 42 52 34 13 13 35 58 1 58 57 48 20 15 34 43 58 45 53 32 24 18 15 31 4 46 30 43 25 28 25 2 56 37 7 9 35 9 33 14 42 18 45 12 20 58 47 38 26 8 51 43 1 25 10 55 4 26 38 21 35 1 44 49 56 1 53 36 20 23 5 14 37 52 33 45 13 36 20 39 5 52 8 60 49 32 14 20 54 28 1 50 45 5 28 12 42 29 18 35 53 13 59 21 20 54 56 4 16 8 0 30 55 47 57 17 40 58 34 44 57 42 18 27 49 11 27 35 60 46 6 33 23 42 45 54 26 55 47 33 34 55 51 31 51 27 57 39 53 11 31 51 43 57 31 49 11 14 4 31 32 29 9 5 16 13 4 3 23 53 9 46 60 23 12 12 58 7 39 29 18 29 6 15 24 8 26 18 31 18 17 27 14 54 54 32 1 54 10 27 24 24 19 31 49 30 18 48 3 5 51 59 20 13 32 60 6 47 30 50 27 6 47 28 44 19 11 23 35 6 18 39 53 52 30 54 39 43 43 10 41 0 20 49 13 19 57 59 38 34 22 39 7 3 39 5 2 25 54 22 59 42 34 2 39 31 12 17 16 27 10 5 12 41 42 50 23 9 21 2 9 1 30 39 4 35 22 38 12 38 32 23 51 27 52 2 6 35 46 5 49 44 0 31 46 60 19 52 14 55 16 19 3 43 5 44 41 40 59 58 22 19 27 55 47 2 53 53 11 47 30 37 7 4 26 20 13 25 9 48 48 57 12 26 58 21 6 54 37 40 45 20 31 15 38 58 17 6 2 22 22 4 15 37 21 46 11 28 35 47 48 3 35 55 36 5 55 57 32 33 4 43 51 2 27 46 42 18 44 34 15 41 44 16 59 15 59 8 24 49 23 16 6 6 29 52 23 34 35 44 3 5 2 54 54 15 0 39 56 11 26 40 43 2 1 21 47 40 5 30 2 5 15 24 17 35 29 13 40 
0: 11 43 86 118 141 271 402 463 577 (51)
1: 169 213 222 226 251 357 442 585 (47)
2: 37 127 192 417 424 440 456 486 519 544 573 584 591 (47)
3: 1 14 129 328 369 414 473 532 571 (48)
4: 46 185 217 268 319 327 445 494 522 541 (47)
5: 24 74 231 241 254 324 370 416 432 460 475 536 572 589 592 (47)
6: 291 343 377 382 390 457 507 518 563 564 (47)
7: 56 64 106 125 195 338 413 493 (47)
8: 112 121 137 142 158 210 243 270 346 558 (47)
9: 2 57 196 198 323 331 438 441 499 (47)
10: 0 3 4 8 29 215 359 400 431 (47)
11: 49 50 63 72 133 286 310 317 387 489 527 580 (47)
12: 16 99 204 256 335 336 427 433 449 503 (47)
13: 52 61 165 166 237 262 326 374 405 497 598 (49)
14: 122 135 200 232 247 318 353 469 (47)
15: 58 123 174 183 344 514 523 551 556 576 593 (47)
16: 19 70 82 92 103 109 131 269 325 429 471 554 562 (47)
17: 30 98 124 276 351 428 517 595 (47)
18: 160 182 202 259 283 341 348 350 367 391 548 (47)
19: 97 102 363 386 406 467 472 482 (51)
20: 156 173 205 229 239 248 265 373 403 496 512 (48)
21: 13 89 93 108 220 264 439 506 525 586 (47)
22: 101 115 154 411 420 447 481 520 521 (50)
23: 6 66 230 293 329 334 388 437 452 561 567 (47)
24: 18 27 65 126 181 345 361 362 559 594 (50)
25: 55 91 189 191 214 418 498 (48)
26: 34 80 209 218 297 347 495 504 581 (48)
27: 9 284 287 306 352 360 381 430 454 483 545 (47)
28: 47 96 119 190 250 255 384 528 (53)
29: 48 159 258 322 340 342 565 597 (48)
30: 15 28 33 67 113 187 272 366 379 395 443 491 590 (47)
31: 12 41 105 136 184 304 311 315 320 349 364 426 464 513 (48)
32: 32 53 180 246 321 356 375 451 539 (53)
33: 111 199 235 292 300 540 (54)
34: 132 138 140 164 175 279 301 410 423 550 568 (54)
35: 5 31 62 83 167 197 221 260 288 389 446 458 529 533 569 596 (54)
36: 22 59 71 77 79 81 85 87 104 107 155 228 238 535 (52)
37: 194 233 492 509 524 (54)
38: 120 208 219 409 448 450 515 (48)
39: 60 240 308 339 392 397 412 415 425 444 578 (54)
40: 75 114 128 148 277 478 510 582 588 599 (54)
41: 153 401 434 477 552 (54)
42: 94 139 145 162 201 257 282 294 422 435 547 (54)
43: 20 25 130 176 188 212 313 398 399 474 542 583 (54)
44: 40 51 78 147 150 223 280 385 462 476 549 553 570 (54)
45: 35 143 178 203 236 253 295 511 (54)
46: 76 161 186 290 332 459 465 526 546 (54)
47: 207 274 299 378 383 485 490 530 587 (54)
48: 116 172 368 500 501 531 (54)
49: 44 54 68 90 224 245 285 316 365 404 461 560 (54)
50: 42 149 151 252 380 436 (54)
51: 36 152 211 303 305 312 371 453 543 (54)
52: 144 163 234 242 394 455 468 566 (51)
53: 84 95 146 179 227 261 309 330 393 487 488 (54)
54: 17 23 26 249 266 296 354 355 358 396 419 508 574 575 (54)
55: 216 273 298 302 470 484 534 537 (54)
56: 7 10 73 193 225 267 579 (54)
57: 45 171 275 281 307 314 407 502 538 (54)
58: 69 88 168 170 177 206 278 337 480 505 516 (54)
59: 21 110 117 134 157 263 372 408 421 479 555 557 (54)
60: 38 39 100 244 289 333 376 466 (54)
