Name: 600-30-45
Time: 13.990233898162842 
Result: 5
Solution: 10 25 60 43 52 21 37 48 29 58 21 25 12 2 47 47 17 48 16 7 16 10 11 24 39 30 50 27 56 13 29 11 25 0 21 42 3 6 2 19 33 48 26 3 29 36 15 46 58 26 21 59 33 19 32 39 2 14 56 60 41 22 9 14 44 0 5 0 35 11 46 5 29 45 34 27 18 27 10 7 18 9 22 53 37 23 45 57 32 52 51 47 11 18 27 20 19 50 14 4 26 48 13 36 48 36 59 28 26 31 48 29 47 43 44 3 31 41 32 8 44 20 59 31 57 57 2 33 47 42 52 28 18 53 20 59 56 3 39 37 4 55 30 38 2 53 38 38 19 40 13 12 60 45 50 47 25 48 10 2 18 40 60 40 42 13 32 41 4 4 5 44 56 30 31 43 18 52 33 25 32 8 52 54 23 52 56 24 47 47 39 26 54 9 54 28 8 13 34 13 7 16 58 56 25 58 23 32 8 29 30 42 2 14 56 19 35 53 5 56 27 32 9 25 36 31 27 41 15 3 29 28 16 16 15 49 10 9 42 12 51 25 17 47 54 57 22 49 6 2 57 22 15 18 1 13 14 0 32 2 58 20 21 9 8 58 32 35 5 60 23 37 36 26 14 49 14 28 57 6 56 45 20 52 45 7 22 51 16 13 20 55 18 58 9 33 56 16 4 29 8 27 20 51 60 48 47 7 3 14 24 25 11 24 41 37 52 60 51 3 40 27 51 38 1 39 9 39 54 20 59 36 14 49 35 53 11 21 30 2 3 48 42 20 22 43 4 7 49 12 3 13 59 58 20 17 18 41 36 60 45 11 49 38 43 23 35 39 10 11 15 54 46 26 46 13 37 40 44 17 35 58 33 12 21 28 9 15 44 4 11 37 46 14 30 27 24 59 55 43 35 8 38 6 32 36 32 7 42 30 37 52 16 26 1 4 30 31 29 32 23 7 24 6 16 24 49 6 3 17 13 44 52 5 5 60 44 41 50 59 27 43 34 38 8 56 11 21 43 31 40 32 10 47 15 49 24 43 7 6 19 3 47 12 9 11 37 32 18 50 42 20 48 32 30 2 54 38 53 15 54 38 18 36 43 47 58 23 24 6 4 27 1 27 0 36 0 58 13 29 24 1 10 16 38 51 34 41 20 17 51 30 11 8 21 0 60 58 12 3 18 13 7 40 45 43 27 26 57 19 38 20 37 41 10 11 14 39 58 37 2 34 37 5 23 55 42 40 25 43 2 55 20 35 48 23 54 46 9 8 52 2 53 48 38 35 55 48 57 30 36 44 33 4 1 17 23 41 51 32 21 30 22 1 50 50 16 14 5 56 1 33 34 44 7 48 0 43 4 23 
0: 33 65 67 257 494 496 515 596 (35)
1: 254 324 414 492 501 574 583 590 (35)
2: 13 38 56 126 144 159 212 249 259 339 475 540 550 561 (35)
3: 36 43 115 137 229 308 319 340 350 428 461 519 (35)
4: 99 140 168 169 298 346 389 415 490 573 598 (35)
5: 66 71 170 218 268 433 434 543 588 (35)
6: 37 248 279 403 423 427 459 489 (35)
7: 19 79 200 285 307 347 407 421 458 522 594 (36)
8: 119 181 196 208 264 300 401 444 513 559 (36)
9: 62 81 193 222 237 263 294 326 386 464 558 (35)
10: 0 21 78 158 236 368 452 502 534 (35)
11: 22 31 69 92 312 336 361 369 390 446 465 512 535 (35)
12: 12 151 239 349 383 463 518 (35)
13: 29 102 150 165 197 199 255 289 351 375 430 498 521 (35)
14: 57 63 98 213 256 274 276 309 332 393 536 587 (35)
15: 46 228 234 252 370 387 454 479 (35)
16: 18 20 201 232 233 288 297 412 424 503 586 (35)
17: 16 242 355 379 429 509 575 (36)
18: 76 80 93 132 160 176 253 292 356 468 482 520 (35)
19: 39 53 96 148 215 460 529 (36)
20: 95 121 134 261 282 290 302 329 343 354 471 508 531 552 (35)
21: 5 10 34 50 262 337 384 447 514 580 (35)
22: 61 82 246 251 286 344 582 (35)
23: 85 184 206 270 365 420 487 544 555 576 599 (35)
24: 23 187 310 313 396 422 425 456 488 500 (35)
25: 1 11 32 156 179 204 223 241 311 548 (35)
26: 42 49 100 108 191 273 373 413 527 (40)
27: 27 75 77 94 220 226 301 321 395 440 491 493 526 (35)
28: 107 131 195 231 277 385 (40)
29: 8 30 44 72 111 209 230 299 418 499 (39)
30: 25 142 173 210 338 394 409 416 474 511 569 581 (38)
31: 109 116 123 174 225 417 449 (40)
32: 54 88 118 166 180 207 221 258 266 404 406 419 451 467 473 579 (40)
33: 40 52 127 178 295 382 572 591 (36)
34: 74 198 442 506 541 592 (37)
35: 68 216 267 334 366 380 400 553 565 (35)
36: 45 103 105 224 272 331 358 405 483 495 570 (39)
37: 6 84 139 271 315 376 391 410 466 532 539 542 (36)
38: 143 146 147 323 363 402 443 477 481 504 530 564 (40)
39: 24 55 138 190 325 327 367 537 (37)
40: 149 161 163 320 377 450 523 547 (39)
41: 60 117 167 227 314 357 437 507 533 577 (39)
42: 35 129 164 211 238 342 408 470 546 (40)
43: 3 113 175 345 364 399 441 448 457 484 525 549 597 (39)
44: 64 114 120 171 378 388 431 436 571 593 (40)
45: 73 86 153 281 284 360 524 (39)
46: 47 70 372 374 392 557 (39)
47: 14 15 91 112 128 155 188 189 243 306 453 462 485 (40)
48: 7 17 41 101 104 110 157 305 341 472 554 563 567 595 (35)
49: 235 247 275 333 348 362 426 455 (38)
50: 26 97 154 438 469 584 585 (40)
51: 90 240 287 303 318 322 505 510 578 (40)
52: 4 89 130 177 182 185 283 316 411 432 560 (40)
53: 83 133 145 217 335 478 562 (40)
54: 183 192 194 244 328 371 476 480 556 (40)
55: 141 291 398 545 551 566 (40)
56: 28 58 136 172 186 203 214 219 280 296 445 589 (40)
57: 87 124 125 245 250 278 528 568 (40)
58: 9 48 202 205 260 265 293 353 381 486 497 517 538 (40)
59: 51 106 122 135 330 352 397 439 (40)
60: 2 59 152 162 269 304 317 359 435 516 (40)
