Name: 600-20-30
Time: 4.933560371398926 
Result: 5
Solution: 43 27 16 22 10 4 58 23 42 13 17 2 36 51 47 49 40 12 19 53 31 9 31 31 23 11 45 14 56 46 25 6 37 56 29 7 28 60 4 23 28 57 22 55 59 54 60 45 24 6 44 42 9 47 7 8 50 37 30 54 18 58 55 45 52 48 27 9 58 56 55 11 43 3 54 28 54 52 52 42 47 15 28 14 32 33 9 42 2 50 5 32 21 36 43 25 12 58 26 19 25 44 38 16 17 56 13 9 28 11 6 13 38 55 23 45 1 12 6 29 1 60 59 58 28 42 14 52 38 48 2 20 0 53 51 30 38 42 45 8 17 20 25 51 45 44 21 0 44 1 31 33 14 25 16 35 57 36 60 35 21 5 49 18 24 2 15 17 31 14 38 19 42 33 43 14 36 39 15 50 46 34 14 8 20 15 0 25 19 38 12 35 26 21 50 23 18 42 3 51 36 4 2 57 54 53 21 0 15 5 19 33 55 39 10 52 4 18 9 41 28 37 32 33 23 5 60 7 4 51 26 31 51 57 0 56 12 19 38 31 54 7 50 46 8 40 34 37 20 16 9 34 0 47 36 52 18 42 51 50 55 38 23 17 5 12 47 12 60 47 31 22 56 9 47 30 35 55 34 8 10 54 28 20 37 59 1 0 7 22 54 1 3 34 46 51 41 46 15 15 32 1 23 4 11 43 39 59 20 40 26 39 24 44 15 37 45 20 22 20 49 18 55 34 9 31 5 48 13 40 22 44 24 29 6 53 11 56 12 23 43 26 34 2 5 6 47 4 59 46 59 42 31 11 11 43 36 17 12 35 30 1 53 9 55 37 9 14 3 21 10 5 26 5 22 7 20 7 10 38 12 37 40 4 31 49 4 13 6 2 29 23 17 60 42 33 36 25 30 3 42 56 44 45 16 8 31 1 31 28 25 25 23 29 28 25 45 16 35 29 37 38 24 53 52 48 33 11 59 53 58 18 24 1 40 44 44 7 21 8 49 26 11 10 27 4 49 18 28 56 14 32 15 19 13 24 22 45 11 33 16 37 24 22 2 45 5 48 48 33 46 39 27 25 49 39 33 42 43 28 30 51 40 15 34 27 14 3 1 17 33 6 18 20 0 25 46 38 8 3 29 24 40 1 40 46 24 58 6 47 32 28 24 21 50 30 13 5 16 56 56 58 58 2 32 51 59 21 58 11 13 0 16 41 41 60 16 30 51 50 55 16 30 33 7 0 46 49 35 19 45 12 43 29 57 54 37 47 11 59 37 46 56 24 40 24 43 3 15 15 59 53 38 56 54 27 37 31 16 39 16 37 17 37 39 17 28 41 40 9 4 25 29 16 0 29 32 42 42 5 
0: 132 147 186 207 234 252 287 494 531 545 594 (22)
1: 116 120 149 286 291 301 361 407 433 488 503 (22)
2: 11 88 130 165 202 343 389 464 523 (22)
3: 73 198 292 368 399 487 499 567 (23)
4: 5 38 201 216 228 303 347 383 386 445 590 (27)
5: 90 161 209 225 264 326 344 371 373 466 517 599 (22)
6: 31 49 110 118 334 345 388 491 508 (22)
7: 35 54 227 241 288 375 377 437 544 (22)
8: 55 139 183 244 279 405 439 498 (22)
9: 21 52 67 86 107 218 250 273 324 363 366 589 (22)
10: 4 214 280 370 378 443 (23)
11: 25 71 109 304 336 353 354 427 442 458 529 558 (22)
12: 17 96 117 190 236 265 267 338 358 380 551 (22)
13: 9 106 111 328 387 454 516 530 (22)
14: 27 83 126 152 169 175 182 367 450 486 (22)
15: 81 166 178 185 208 298 299 314 452 483 568 569 (22)
16: 2 103 154 249 404 417 460 518 532 536 541 578 580 593 (25)
17: 10 104 140 167 263 357 392 489 582 585 (22)
18: 60 163 196 217 256 321 431 447 492 (22)
19: 18 99 171 188 210 237 453 549 (22)
20: 131 141 184 248 283 308 317 319 376 493 (24)
21: 92 146 160 193 206 369 438 513 527 (22)
22: 3 42 271 289 318 330 374 456 463 (22)
23: 7 24 39 114 195 224 262 302 339 391 412 (26)
24: 48 164 312 332 422 432 455 462 501 506 512 563 565 (22)
25: 30 95 100 142 153 187 397 410 411 415 473 495 591 (27)
26: 98 192 230 310 341 372 441 (22)
27: 1 66 444 472 485 575 (27)
28: 36 40 75 82 108 124 220 282 409 414 448 479 511 586 (27)
29: 34 119 333 390 413 419 500 553 592 595 (22)
30: 58 135 275 360 398 480 515 537 542 (25)
31: 20 22 23 150 168 231 239 270 325 352 384 406 408 577 (25)
32: 84 91 222 300 451 510 524 596 (27)
33: 85 151 173 211 223 395 426 459 469 476 490 543 (27)
34: 181 246 251 278 293 323 342 484 (27)
35: 155 159 191 276 359 418 548 (27)
36: 12 93 157 176 200 254 356 396 (27)
37: 32 57 221 247 284 315 365 381 420 461 556 560 576 581 583 (27)
38: 102 112 128 136 170 189 238 261 379 421 497 572 (27)
39: 177 213 306 311 471 475 579 584 (27)
40: 16 245 309 329 382 434 482 502 504 564 588 (27)
41: 219 296 533 534 587 (27)
42: 8 51 79 87 125 137 172 197 257 351 394 400 477 597 598 (27)
43: 0 72 94 174 305 340 355 478 552 566 (27)
44: 50 101 145 148 313 331 402 435 436 (27)
45: 26 47 63 115 138 144 316 403 416 457 465 550 (27)
46: 29 180 243 294 297 349 470 496 505 546 561 (27)
47: 14 53 80 253 266 269 274 346 509 557 (27)
48: 65 129 327 425 467 468 (27)
49: 15 162 320 385 440 446 474 547 (27)
50: 56 89 179 194 242 259 514 539 (27)
51: 13 134 143 199 229 232 258 295 481 525 538 (27)
52: 64 77 78 127 215 255 424 (26)
53: 19 133 205 335 362 423 429 571 (27)
54: 45 59 74 76 204 240 281 290 555 574 (27)
55: 43 62 70 113 212 260 277 322 364 540 (27)
56: 28 33 69 105 235 272 337 401 449 519 520 562 573 (27)
57: 41 156 203 233 554 (26)
58: 6 61 68 97 123 430 507 521 522 528 (27)
59: 44 122 285 307 348 350 428 526 559 570 (27)
60: 37 46 121 158 226 268 393 535 (27)
