Name: 800-30-45
Time: 32.26478099822998 
Result: 6
Solution: 33 50 45 19 63 17 72 69 38 1 36 36 40 5 60 18 80 3 5 36 46 3 50 71 65 80 37 6 52 0 43 46 24 61 8 2 58 27 11 53 39 6 80 14 72 77 35 78 46 8 10 42 11 4 11 70 29 66 76 32 54 4 57 13 18 55 0 50 21 75 23 74 30 74 3 15 39 7 69 17 78 36 64 56 44 68 63 32 71 28 14 13 77 80 29 76 62 11 59 6 43 9 9 63 35 6 76 17 60 38 54 38 60 54 60 7 27 31 4 77 38 44 25 67 20 47 17 51 35 14 47 70 3 4 39 8 41 18 16 67 7 65 23 38 45 44 56 25 20 15 77 76 31 65 3 40 28 5 50 48 22 60 70 15 55 49 78 16 28 77 48 48 0 69 52 34 36 18 38 61 4 38 49 16 20 13 69 26 46 33 45 14 64 39 16 10 46 36 42 73 50 59 14 64 59 57 72 27 36 58 11 47 30 77 31 22 73 78 42 50 0 4 80 60 66 53 36 44 4 69 79 62 76 34 62 72 68 2 20 9 80 44 72 57 77 25 59 68 67 77 10 19 9 2 18 79 59 74 13 43 14 43 58 66 27 48 75 28 46 24 55 65 50 14 42 58 11 77 38 35 40 57 35 45 23 20 31 77 47 26 59 32 74 68 16 4 76 58 5 41 55 56 34 40 10 63 78 60 32 21 5 44 53 50 48 30 64 6 59 39 8 6 40 29 22 7 68 19 32 72 23 63 78 20 0 71 46 58 64 29 10 34 23 26 61 19 41 58 7 35 1 33 2 64 31 57 74 63 50 33 43 42 32 49 11 41 5 69 64 50 22 67 52 5 24 11 22 80 70 49 12 70 52 4 80 73 65 68 25 47 57 65 39 37 50 33 61 67 25 32 43 28 72 24 52 50 52 53 38 25 76 19 79 5 43 39 30 27 49 15 16 19 45 71 17 35 38 49 46 74 20 80 76 45 71 46 55 9 21 36 55 18 1 34 71 51 1 1 48 57 33 37 42 21 13 80 54 8 39 55 45 11 3 11 32 71 76 71 70 1 33 58 63 21 25 63 37 64 31 18 51 69 30 5 28 74 31 76 13 12 22 29 58 1 59 38 77 57 15 65 31 52 17 67 57 62 2 20 25 12 28 57 55 13 19 69 5 27 30 35 57 18 3 27 50 5 79 64 46 21 24 13 59 71 34 54 37 24 79 74 34 51 34 41 30 66 79 19 76 14 21 29 23 45 71 10 47 49 31 61 23 42 65 33 4 38 15 46 17 16 70 47 27 27 52 46 11 75 7 41 4 8 38 5 52 38 53 3 42 75 25 32 69 3 23 22 68 76 54 74 48 29 30 5 15 16 35 23 24 32 11 68 76 1 22 42 19 12 14 7 37 18 71 77 19 1 16 64 75 12 57 79 31 49 41 32 79 48 18 72 23 55 54 50 53 0 42 52 55 25 35 3 23 44 78 71 19 65 48 16 26 12 13 26 28 19 66 72 71 51 36 52 41 34 9 43 59 35 68 15 28 32 39 16 4 3 19 3 68 36 28 44 52 71 15 48 52 21 60 52 39 11 20 26 10 66 59 65 51 61 24 71 20 54 27 72 44 34 48 62 65 48 13 8 24 59 71 17 15 17 7 67 39 11 11 70 59 50 4 6 28 59 2 55 63 47 56 75 24 25 70 40 43 8 9 49 42 73 17 28 44 49 42 9 2 0 13 11 65 75 36 42 78 1 20 34 69 2 52 64 58 75 49 28 12 51 62 25 27 5 18 17 14 67 54 0 5 75 56 70 
0: 29 66 172 220 334 645 765 795 (35)
1: 9 350 442 446 447 469 493 613 625 773 (37)
2: 35 237 253 352 506 742 764 777 (35)
3: 17 21 74 132 154 462 522 587 593 651 685 687 (36)
4: 53 61 118 133 180 221 228 295 383 564 580 684 738 (35)
5: 13 18 157 298 310 366 373 413 483 516 525 583 603 789 796 (35)
6: 27 41 99 105 317 321 739 (35)
7: 77 115 140 325 348 578 619 730 (35)
8: 34 49 135 320 457 581 723 753 (35)
9: 101 102 239 252 437 674 754 763 (37)
10: 50 195 250 304 340 555 704 (35)
11: 38 52 54 97 210 276 364 375 461 463 576 610 701 733 734 767 (35)
12: 380 489 509 617 629 661 784 (35)
13: 63 91 185 258 454 488 513 531 662 722 766 (35)
14: 43 90 129 191 202 260 273 549 618 792 (35)
15: 75 149 163 419 498 566 604 679 694 728 (35)
16: 138 167 183 194 294 420 569 605 626 659 683 (35)
17: 5 79 107 126 424 502 568 727 729 758 791 (35)
18: 15 64 137 177 254 441 479 521 621 638 790 (35)
19: 3 251 327 345 411 421 514 547 616 624 656 665 686 (35)
20: 124 148 184 238 285 333 430 507 702 712 774 (35)
21: 68 309 438 453 473 529 550 697 (35)
22: 160 215 324 370 376 490 595 614 (35)
23: 70 142 284 330 342 552 560 594 607 640 652 (36)
24: 32 269 374 403 530 537 608 710 724 748 (35)
25: 122 147 245 388 398 409 474 508 590 649 749 787 (36)
26: 187 289 343 660 663 703 (35)
27: 37 116 207 264 417 517 523 572 573 714 788 (35)
28: 89 156 168 267 401 484 510 664 680 690 740 759 783 (35)
29: 56 94 323 339 491 551 601 (35)
30: 72 212 315 416 482 518 544 602 (40)
31: 117 152 214 286 354 478 486 500 558 632 (35)
32: 59 87 291 308 328 362 399 464 591 609 635 681 (41)
33: 0 189 351 359 395 450 470 563 (35)
34: 175 233 302 341 443 534 540 542 673 717 775 (41)
35: 46 104 128 279 282 349 425 519 606 650 677 (41)
36: 10 11 19 81 176 197 208 226 439 670 689 770 (41)
37: 26 393 451 476 536 620 (39)
38: 8 109 111 120 143 178 181 278 408 426 495 565 582 585 (41)
39: 40 76 134 193 319 392 415 458 682 700 732 (41)
40: 12 155 280 303 322 751 (41)
41: 136 299 346 365 543 579 634 672 (41)
42: 51 198 218 274 361 452 561 588 615 646 756 762 771 (41)
43: 30 100 259 261 360 400 414 675 752 (41)
44: 84 121 145 227 241 311 653 691 716 760 (41)
45: 2 144 190 283 422 433 460 553 (41)
46: 20 31 48 188 196 268 336 428 435 528 567 575 (41)
47: 125 130 211 288 389 556 571 745 (41)
48: 159 170 171 265 314 448 600 637 658 695 718 721 (41)
49: 165 182 363 379 418 427 557 633 755 761 782 (41)
50: 1 22 67 158 200 219 272 313 358 369 394 405 524 643 737 (40)
51: 127 445 480 541 669 708 785 (41)
52: 28 174 372 382 404 406 501 574 584 647 671 692 696 699 778 (40)
53: 39 225 312 407 586 644 (41)
54: 60 110 113 456 535 598 642 713 794 (37)
55: 65 164 270 300 436 440 459 512 641 648 743 (41)
56: 83 146 301 746 798 (41)
57: 62 205 243 281 355 390 449 497 504 511 520 630 (41)
58: 36 209 262 275 297 337 347 471 492 780 (41)
59: 98 201 204 246 256 290 318 494 532 676 706 725 736 741 (41)
60: 14 108 112 114 161 223 307 698 (41)
61: 33 179 344 396 559 709 (41)
62: 96 231 234 505 719 786 (41)
63: 4 86 103 305 331 357 472 475 744 (41)
64: 82 192 203 316 338 353 368 477 527 627 779 (41)
65: 24 141 153 271 386 391 499 562 657 707 720 768 (41)
66: 57 224 263 545 666 705 (41)
67: 123 139 248 371 397 503 731 793 (41)
68: 85 236 247 293 326 387 596 611 678 688 (41)
69: 7 78 173 186 229 367 481 515 592 776 (41)
70: 55 131 162 378 381 468 570 735 750 799 (41)
71: 23 88 335 423 434 444 465 467 533 554 622 655 668 693 711 726 (41)
72: 6 44 206 235 242 329 402 639 667 715 (41)
73: 199 216 385 757 (41)
74: 71 73 257 292 356 429 485 539 599 (41)
75: 69 266 577 589 628 747 769 781 797 (41)
76: 58 95 106 151 232 296 410 432 466 487 548 597 612 (41)
77: 45 92 119 150 169 213 244 249 277 287 496 623 (41)
78: 47 80 166 217 306 332 654 772 (41)
79: 230 255 412 526 538 546 631 636 (41)
80: 16 25 42 93 222 240 377 384 431 455 (41)
