Name: 800-40-60
Time: 41.454325437545776 
Result: 8
Solution: 44 39 5 68 18 10 44 51 34 39 51 3 19 68 40 15 32 24 67 20 52 1 70 70 6 49 51 63 70 1 31 33 26 27 19 58 76 25 0 9 3 71 6 19 70 52 45 78 27 42 25 66 22 22 23 31 40 44 33 75 68 68 52 34 41 36 71 11 18 21 33 25 15 71 31 17 7 8 72 72 17 51 69 20 8 63 49 12 62 5 44 48 62 13 65 11 51 8 72 6 10 60 17 40 35 1 24 12 66 12 39 14 10 9 17 51 63 39 59 79 53 55 14 28 29 7 29 36 80 70 19 72 58 23 34 21 14 58 27 70 44 71 55 9 53 2 75 41 55 53 68 30 80 40 73 48 33 28 72 11 28 35 28 62 31 47 65 43 39 64 26 78 42 65 59 73 24 31 6 48 49 18 64 72 50 14 54 59 49 79 56 66 73 0 74 7 47 37 44 52 16 63 40 50 1 18 68 4 80 50 17 30 67 10 64 80 42 73 69 34 25 52 12 53 16 30 59 25 70 4 44 23 64 45 49 49 48 73 4 41 21 21 43 36 37 34 7 72 23 2 8 58 44 80 43 61 79 12 48 69 31 51 34 7 64 14 17 66 11 4 80 48 49 76 39 79 19 13 60 50 32 2 21 37 19 24 52 0 29 62 60 58 57 51 42 2 23 66 8 26 3 76 29 44 27 33 28 57 26 40 3 18 40 7 41 22 13 9 30 18 55 40 6 19 56 29 30 11 48 24 52 4 36 75 19 38 36 12 47 77 43 54 11 0 1 68 56 49 30 80 77 15 34 6 18 18 39 16 10 59 0 66 0 34 79 9 43 21 25 10 10 69 37 44 1 25 14 54 32 33 9 55 68 72 4 42 42 25 74 38 21 4 25 29 9 16 56 73 63 7 11 25 53 23 76 63 60 17 3 0 19 3 75 53 11 59 18 1 22 80 53 72 48 68 38 28 18 60 4 69 17 72 4 53 5 43 32 33 68 48 76 10 74 77 45 10 64 80 58 38 12 51 56 37 25 0 28 5 29 54 29 21 60 16 59 42 41 24 38 29 56 16 2 34 21 31 21 65 60 59 32 61 7 27 4 42 14 76 13 18 27 53 28 21 57 19 25 20 76 50 43 64 80 41 34 29 70 62 79 26 33 43 29 79 13 12 67 47 60 36 61 34 12 29 10 31 28 38 16 43 77 7 74 57 2 25 69 61 36 42 68 80 22 73 14 15 48 20 45 55 15 70 77 73 50 33 25 41 15 11 43 27 15 66 33 55 42 46 5 46 35 79 0 33 57 47 6 74 67 33 65 11 63 60 27 40 79 41 11 79 19 51 39 70 31 78 43 8 23 23 25 54 37 0 46 8 49 57 17 39 49 58 9 72 41 58 19 17 60 10 4 70 22 15 36 44 66 45 73 54 3 69 50 57 55 77 52 35 50 32 58 62 1 9 55 68 26 16 71 2 45 73 9 73 72 49 13 36 39 47 54 12 78 67 77 60 17 37 11 24 39 56 66 72 33 30 37 64 64 34 75 75 57 38 7 41 2 26 41 8 11 69 68 37 40 35 37 68 1 79 51 78 50 47 70 75 71 23 55 41 65 67 40 35 52 21 52 69 77 44 2 34 15 26 70 22 61 2 11 45 40 36 65 20 44 53 27 54 63 60 1 18 19 3 50 17 76 24 60 59 67 13 12 50 47 23 78 27 56 64 4 11 12 59 59 28 5 69 45 36 60 37 33 69 10 15 80 46 26 48 64 74 50 41 3 20 67 74 57 14 13 0 63 44 67 5 54 57 48 78 
0: 38 193 287 343 360 362 409 455 572 603 791 (46)
1: 21 29 105 204 344 374 417 642 698 740 (45)
2: 145 249 281 295 472 534 649 686 720 727 (45)
3: 11 40 300 310 408 411 630 743 784 (45)
4: 207 229 238 269 331 384 391 428 432 484 620 760 (45)
5: 2 89 434 457 568 766 795 (45)
6: 24 42 99 178 322 353 576 (45)
7: 76 125 195 246 263 313 399 482 531 684 (45)
8: 77 84 97 250 298 597 605 689 (45)
9: 39 113 143 317 365 380 394 612 643 652 (45)
10: 5 100 112 213 358 369 370 441 445 524 619 774 (45)
11: 67 95 159 268 327 342 400 414 559 581 588 668 690 728 761 (45)
12: 87 107 109 222 257 337 450 515 522 661 752 762 (45)
13: 93 277 316 488 514 656 751 790 (45)
14: 111 122 136 185 265 376 486 544 789 (45)
15: 15 72 351 545 550 558 562 623 722 775 (46)
16: 200 224 357 395 463 471 528 647 (45)
17: 75 80 102 114 210 266 407 430 608 617 666 745 (45)
18: 4 68 181 205 311 319 354 355 416 426 489 741 (45)
19: 12 34 43 130 276 284 323 334 410 495 590 616 742 (45)
20: 19 83 497 547 733 785 (45)
21: 69 135 240 241 282 367 390 461 474 476 493 715 (45)
22: 52 53 315 418 542 622 725 (45)
23: 54 133 231 248 296 403 598 599 707 755 (45)
24: 17 106 176 285 329 467 669 747 (52)
25: 37 50 71 220 227 368 375 387 392 401 454 496 535 556 600 (46)
26: 32 170 299 308 509 646 687 723 778 (46)
27: 33 48 138 304 483 490 561 584 736 757 (46)
28: 123 157 160 162 306 425 456 492 526 765 (50)
29: 124 126 288 302 325 393 458 460 469 505 512 523 (51)
30: 151 211 225 318 326 348 675 (49)
31: 30 55 74 164 177 260 475 525 594 (48)
32: 16 280 378 436 480 639 (46)
33: 31 58 70 156 305 379 437 510 555 564 573 579 674 772 (52)
34: 8 63 134 219 245 262 352 363 473 504 521 679 721 (52)
35: 104 161 570 637 695 713 (50)
36: 65 127 243 332 336 519 538 624 657 731 769 (53)
37: 197 244 283 372 453 602 667 676 693 696 771 (53)
38: 335 389 424 449 468 527 683 (52)
39: 1 9 110 117 168 274 356 592 609 658 670 (53)
40: 14 56 103 153 202 309 312 321 585 694 712 730 (53)
41: 64 147 239 314 466 503 557 587 614 685 688 709 783 (53)
42: 49 172 216 294 385 386 465 485 539 566 (51)
43: 167 242 254 340 366 435 500 511 529 560 596 (52)
44: 0 6 57 90 140 198 230 252 303 373 625 719 734 793 (53)
45: 46 233 444 548 627 650 729 768 (53)
46: 567 569 604 777 (53)
47: 165 196 338 517 575 659 703 754 (51)
48: 91 155 179 236 258 271 328 422 439 546 779 798 (53)
49: 25 86 180 188 234 235 272 347 606 610 655 (53)
50: 184 203 209 279 499 554 632 638 702 744 753 782 (53)
51: 7 10 26 81 96 115 261 293 451 591 700 (53)
52: 20 45 62 199 221 286 330 636 714 716 (52)
53: 120 144 149 223 402 413 420 433 491 735 (53)
54: 186 341 377 459 601 629 660 737 796 (53)
55: 121 142 148 320 381 549 565 634 644 708 (53)
56: 190 324 346 396 452 470 671 758 (52)
57: 292 307 494 533 574 607 633 682 788 797 (51)
58: 35 132 137 251 291 448 611 615 640 (53)
59: 118 174 187 226 359 415 464 479 749 763 764 (53)
60: 101 278 290 406 427 462 478 518 583 618 665 739 748 770 (53)
61: 255 481 520 537 726 (53)
62: 88 92 163 289 507 641 (53)
63: 27 85 116 201 398 405 582 738 792 (53)
64: 169 182 214 232 264 446 501 677 678 759 780 (53)
65: 94 166 173 477 580 710 732 (53)
66: 51 108 191 267 297 361 563 626 672 (53)
67: 18 212 516 578 663 711 750 786 794 (52)
68: 3 13 60 61 150 206 345 382 423 438 540 645 692 697 (53)
69: 82 218 259 371 429 536 631 691 717 767 773 (53)
70: 22 23 28 44 129 139 228 506 551 593 621 704 724 (53)
71: 41 66 73 141 648 706 (53)
72: 78 79 98 131 158 183 247 383 421 431 613 654 673 (53)
73: 154 175 192 217 237 397 543 553 628 651 653 (53)
74: 194 388 442 532 577 781 787 (53)
75: 59 146 333 412 680 681 705 (53)
76: 36 273 301 404 440 487 498 746 (53)
77: 339 350 443 530 552 635 664 718 (53)
78: 47 171 595 662 701 756 799 (53)
79: 119 189 256 275 364 508 513 571 586 589 699 (53)
80: 128 152 208 215 253 270 349 419 447 502 541 776 (53)
