Name: 800-20-30
Time: 13.355819463729858 
Result: 5
Solution: 40 29 46 19 57 6 20 59 69 28 39 39 10 57 38 62 24 45 0 46 16 46 39 79 71 63 20 58 37 25 57 56 27 79 70 76 32 4 52 18 60 3 48 68 38 43 1 71 75 72 14 52 69 74 0 19 41 21 49 23 16 55 29 38 57 40 34 10 29 9 63 38 9 59 52 37 1 49 59 58 42 27 2 21 30 49 12 79 23 35 36 37 0 17 15 71 35 53 39 35 31 31 9 2 59 20 42 31 53 47 19 32 35 10 73 56 11 37 54 67 39 17 7 73 49 46 46 43 59 55 45 62 30 23 56 24 17 48 67 4 8 71 8 11 5 62 20 3 53 60 55 61 31 62 40 56 24 34 73 67 38 62 58 41 11 59 67 61 32 11 64 23 20 80 43 25 41 17 5 66 31 54 76 60 47 6 50 35 42 80 51 7 32 26 78 14 6 72 4 43 33 62 23 58 29 5 74 76 48 78 54 25 7 61 8 67 66 45 58 29 4 74 58 0 21 9 17 59 63 35 70 57 75 46 32 74 53 54 37 67 24 5 69 4 12 78 78 23 59 74 37 57 57 72 30 42 50 80 60 30 8 77 26 65 15 68 6 51 72 64 58 51 19 26 64 49 11 50 21 63 55 0 64 16 76 78 31 13 79 36 37 77 38 13 59 28 78 52 75 13 69 20 43 80 4 64 7 65 0 76 49 71 45 37 73 12 65 1 11 7 32 21 72 19 68 53 5 13 78 41 17 36 32 73 24 76 5 62 72 7 12 80 27 45 25 0 7 45 77 38 7 7 61 5 61 48 76 31 31 47 48 67 59 17 35 2 47 49 42 58 12 29 46 17 23 45 36 56 14 43 5 9 68 17 53 26 65 0 72 9 12 52 1 39 21 48 9 31 34 49 42 26 4 15 20 39 60 58 20 58 23 41 51 28 8 38 78 74 11 21 24 10 79 77 5 63 69 65 72 9 1 11 47 28 44 55 53 73 50 61 53 17 54 76 69 47 34 15 50 24 22 16 76 69 16 14 73 20 24 30 21 9 67 30 66 36 70 49 51 44 80 10 38 32 74 43 4 34 66 38 32 2 14 4 22 12 50 58 24 46 12 13 36 79 3 45 63 19 3 22 40 23 3 57 80 14 19 68 2 46 67 52 2 50 61 39 18 29 71 65 77 35 59 78 69 73 41 22 55 20 48 29 28 34 13 69 51 72 61 70 19 77 9 25 47 31 34 73 7 56 0 38 44 27 14 27 77 6 73 72 44 75 13 21 54 75 33 67 33 40 49 54 18 18 66 56 27 49 15 47 57 78 13 13 67 54 52 69 69 11 34 32 13 52 44 71 23 73 44 13 22 42 33 10 48 6 37 33 1 77 66 4 26 18 74 40 2 54 51 44 9 69 68 2 52 51 64 71 9 69 20 1 20 46 45 54 0 47 17 41 9 65 2 29 1 10 26 25 63 79 24 25 40 16 14 68 71 51 12 30 41 41 41 22 24 50 32 33 3 63 63 68 4 30 50 5 53 34 22 17 73 80 54 60 25 9 70 43 40 18 70 74 52 0 38 28 31 57 14 42 5 75 64 51 41 42 60 42 37 22 77 78 78 55 3 69 59 8 12 29 26 17 68 42 26 43 48 20 38 40 26 19 47 29 67 25 36 28 32 60 44 62 10 47 61 56 69 10 39 42 38 10 30 57 13 5 48 25 7 41 53 35 3 59 10 27 44 66 56 43 15 55 0 64 16 67 79 31 30 33 21 70 63 17 49 46 1 31 8 64 66 11 9 23 56 27 32 36 79 15 
0: 18 54 92 223 281 308 345 387 550 636 693 772 (22)
1: 46 76 317 392 430 608 631 644 786 (22)
2: 82 103 365 481 508 512 616 623 642 (22)
3: 41 147 494 498 502 668 714 762 (22)
4: 37 139 198 220 243 304 402 476 483 611 672 (22)
5: 144 178 205 241 326 336 353 380 424 675 700 755 (22)
6: 5 185 196 266 557 605 (22)
7: 122 191 212 306 319 339 346 350 351 548 758 (22)
8: 140 142 214 260 414 717 788 (22)
9: 69 72 102 225 381 389 396 429 461 542 620 628 640 685 792 (22)
10: 12 67 113 421 471 603 645 742 747 751 764 (22)
11: 116 143 164 169 276 318 418 431 589 791 (23)
12: 86 244 315 340 370 390 485 490 658 718 (22)
13: 287 293 299 327 491 534 562 582 583 592 599 754 (22)
14: 50 195 378 455 482 505 554 654 698 (22)
15: 94 264 403 447 578 770 799 (22)
16: 20 60 283 451 454 653 774 (22)
17: 93 121 136 177 226 330 363 373 383 441 638 679 721 783 (22)
18: 39 516 572 573 613 689 (22)
19: 3 55 110 272 323 497 506 540 731 (22)
20: 6 26 105 146 172 301 404 408 457 529 630 632 727 (22)
21: 57 83 224 278 321 394 419 460 563 780 (22)
22: 450 484 499 527 600 663 678 709 (22)
23: 59 88 133 171 202 247 374 410 501 596 793 (22)
24: 16 135 156 240 334 420 449 458 488 650 664 (22)
25: 29 175 211 344 543 647 651 684 735 757 (23)
26: 193 262 273 385 401 612 646 720 724 730 (22)
27: 32 81 342 553 555 576 765 795 (22)
28: 9 295 413 433 532 695 737 (22)
29: 1 62 68 204 219 371 517 531 643 719 733 (25)
30: 84 132 254 259 459 463 659 673 752 778 (24)
31: 100 101 107 152 180 286 357 358 397 545 696 777 787 (24)
32: 36 111 168 192 234 320 332 473 480 591 666 738 796 (23)
33: 200 566 568 602 607 667 779 (22)
34: 66 157 398 446 477 533 546 590 677 (23)
35: 89 96 99 112 187 229 364 521 761 (22)
36: 90 289 331 376 465 492 736 797 (23)
37: 28 75 91 117 238 250 290 313 606 708 (22)
38: 14 44 63 71 160 292 349 415 472 479 551 694 728 750 (26)
39: 10 11 22 98 120 393 405 515 748 (24)
40: 0 65 154 500 569 615 652 688 729 (26)
41: 56 163 176 329 411 526 639 660 661 662 704 759 (27)
42: 80 106 188 255 368 400 601 699 705 707 723 749 (25)
43: 45 127 174 199 302 379 475 687 725 769 (27)
44: 434 469 552 560 594 598 619 740 766 (27)
45: 17 130 217 312 343 347 375 495 634 (27)
46: 2 19 21 125 126 233 372 489 509 633 785 (25)
47: 109 184 359 366 432 445 544 579 637 732 743 (27)
48: 42 137 208 355 360 395 530 604 726 756 (27)
49: 58 77 85 124 275 310 367 399 467 570 577 784 (27)
50: 186 256 277 438 448 486 513 665 674 (27)
51: 190 267 271 412 468 536 618 625 657 703 (27)
52: 38 51 74 297 391 511 586 593 624 692 (27)
53: 97 108 148 236 325 384 436 440 676 760 (27)
54: 118 181 210 237 442 564 571 585 617 635 682 (27)
55: 61 129 150 280 435 528 713 771 (27)
56: 31 115 134 155 377 549 575 745 768 794 (27)
57: 4 13 30 64 231 251 252 503 580 697 753 (26)
58: 27 79 162 203 218 222 270 369 407 409 487 (27)
59: 7 73 78 104 128 165 227 248 294 362 522 716 763 (27)
60: 40 149 183 258 406 683 706 739 (27)
61: 151 167 213 352 354 439 514 538 744 (27)
62: 15 131 145 153 161 201 337 741 (27)
63: 25 70 228 279 425 496 648 669 670 782 (27)
64: 170 269 274 282 305 626 702 773 789 (27)
65: 263 307 316 386 427 519 641 (27)
66: 179 216 464 478 574 610 767 790 (27)
67: 119 138 159 166 215 239 361 462 510 567 584 734 775 (27)
68: 43 265 324 382 507 622 655 671 722 (27)
69: 8 52 242 300 426 444 453 524 535 587 588 621 629 715 746 (27)
70: 34 230 466 539 686 690 781 (27)
71: 24 47 95 141 311 518 595 627 656 (27)
72: 49 197 253 268 322 338 388 428 537 559 (27)
73: 114 123 158 314 333 437 456 525 547 558 597 680 (27)
74: 53 206 221 235 249 417 474 614 691 (27)
75: 48 232 298 561 565 701 (27)
76: 35 182 207 284 309 335 356 443 452 (27)
77: 261 291 348 423 520 541 556 609 710 (27)
78: 194 209 245 246 285 296 328 416 523 581 711 712 (27)
79: 23 33 87 288 422 493 649 776 798 (27)
80: 173 189 257 303 341 470 504 681 (27)
