Name: 800-50-80
Time: 358.00265550613403 
Result: 13
Solution: 5 34 73 67 15 6 68 46 76 39 36 33 41 63 54 48 8 58 0 44 21 46 56 17 61 44 29 4 10 73 16 43 73 3 66 22 65 25 35 13 9 79 36 51 44 2 74 35 12 61 27 1 67 24 15 1 23 47 5 21 0 56 69 51 23 28 78 19 55 20 36 13 42 5 79 38 55 6 55 30 20 14 2 9 38 75 73 55 8 11 70 7 71 42 64 65 37 48 49 62 57 71 24 71 46 20 66 15 9 12 8 76 68 69 66 65 28 6 72 80 65 41 15 47 22 31 7 49 53 34 5 32 33 32 0 70 76 41 54 69 12 35 16 14 47 51 22 1 57 10 58 15 62 2 44 71 22 27 45 19 37 29 2 59 73 6 77 26 75 60 50 62 4 47 80 59 49 42 57 19 40 29 44 20 51 47 26 66 52 0 36 24 16 18 54 47 52 26 55 6 56 59 59 29 80 37 53 15 3 59 63 63 42 28 72 32 43 4 9 52 13 8 16 46 16 49 37 31 28 21 35 55 2 54 20 61 74 42 52 78 8 72 58 47 53 53 40 10 74 28 67 67 12 64 50 31 48 78 69 54 76 70 31 28 41 71 62 73 78 73 59 9 56 43 20 8 64 4 11 12 54 24 50 11 41 68 56 12 36 65 52 63 41 19 32 13 17 46 61 30 34 4 55 63 55 1 45 41 31 22 45 79 17 30 79 22 39 62 56 39 72 17 9 55 55 58 59 68 41 44 75 31 49 77 34 49 24 14 21 33 5 13 53 37 45 49 39 77 46 53 32 43 37 50 31 74 47 72 60 21 44 75 5 59 37 43 4 79 16 9 59 1 42 15 36 13 73 47 77 79 61 11 74 51 43 7 56 65 9 3 11 16 61 77 66 14 80 42 46 31 9 70 8 68 41 54 52 34 19 23 6 46 47 26 62 7 14 2 57 63 77 74 20 36 1 1 2 33 3 66 49 31 25 48 76 29 42 56 31 79 47 54 52 76 34 17 59 16 53 26 16 71 79 51 17 69 11 76 25 65 71 80 46 27 77 37 30 37 35 39 71 13 72 23 30 13 5 64 21 70 44 40 14 63 36 50 16 36 54 2 42 7 28 59 35 27 19 73 45 27 12 19 41 40 43 63 20 69 25 39 71 11 50 70 33 45 52 0 41 5 46 60 19 63 67 54 56 37 65 47 77 18 26 58 37 50 78 13 67 61 20 34 21 76 13 4 19 16 66 64 23 75 73 70 21 66 42 3 66 14 32 58 16 33 64 69 76 9 26 52 66 16 2 23 6 69 12 11 69 73 60 10 38 32 52 75 35 2 67 24 44 31 42 51 68 29 26 10 79 55 47 72 18 43 17 23 14 1 48 61 77 35 4 29 63 0 76 8 46 55 2 38 68 27 7 24 23 21 36 25 3 78 57 34 8 51 60 28 24 19 45 38 19 77 56 31 48 31 36 72 7 75 67 62 10 15 37 30 28 16 44 59 26 12 36 78 38 49 18 35 21 31 62 48 80 14 6 14 23 63 36 11 31 18 47 68 29 9 18 4 19 40 9 3 52 10 8 1 18 38 61 54 6 0 75 43 2 45 26 76 53 63 31 35 21 21 40 1 72 24 28 50 27 3 24 32 66 32 44 22 40 74 19 5 39 34 57 33 5 45 0 69 29 80 3 52 71 15 38 73 25 56 13 14 80 37 13 31 52 35 28 45 27 24 25 57 80 57 74 22 20 7 29 63 9 25 42 8 64 73 32 33 61 39 70 70 14 75 61 61 24 70 59 61 3 47 62 5 55 10 
0: 18 60 134 189 517 615 703 740 (58)
1: 51 55 147 305 371 424 425 607 697 717 (58)
2: 45 82 153 162 232 417 426 489 572 587 620 706 (58)
3: 33 208 389 428 557 630 693 723 744 794 (58)
4: 27 172 217 277 301 366 545 612 689 (58)
5: 0 58 73 130 340 362 476 519 733 738 797 (58)
6: 5 77 117 165 199 410 574 676 702 (58)
7: 91 126 385 415 491 624 650 771 (58)
8: 16 88 110 221 240 275 402 617 634 696 777 (58)
9: 40 83 108 218 271 322 369 388 400 567 687 692 774 (58)
10: 28 149 247 581 597 654 695 799 (58)
11: 89 278 283 381 390 456 511 577 681 (58)
12: 48 109 140 252 279 287 500 576 663 (58)
13: 39 71 220 295 341 375 471 475 537 544 752 756 (60)
14: 81 143 337 395 416 482 559 606 675 677 753 786 (58)
15: 4 54 107 122 151 207 373 655 747 (58)
16: 30 142 192 222 224 368 391 447 450 486 547 562 571 659 (58)
17: 23 296 312 321 445 454 604 (58)
18: 193 531 602 668 683 688 698 (58)
19: 67 159 179 293 408 496 501 522 546 639 642 690 732 (58)
20: 69 80 105 183 234 274 422 506 540 770 (60)
21: 20 59 229 338 359 478 542 554 627 670 714 715 (59)
22: 35 124 146 156 309 315 729 769 (58)
23: 56 64 409 473 550 573 605 626 678 (58)
24: 53 102 191 281 336 589 625 638 719 724 763 790 (58)
25: 37 432 458 508 629 750 764 775 (58)
26: 167 186 197 413 449 532 568 596 662 708 (60)
27: 50 157 463 495 499 623 722 762 (66)
28: 65 116 213 228 249 263 492 637 658 720 760 (58)
29: 26 161 181 203 435 595 613 686 742 772 (70)
30: 79 299 313 466 474 657 (68)
31: 125 227 255 262 308 331 354 399 431 438 591 645 647 671 682 712 757 (71)
32: 131 133 215 294 350 560 583 725 727 780 (59)
33: 11 132 339 427 514 563 737 781 (71)
34: 1 129 300 334 407 444 541 633 735 (61)
35: 38 47 141 230 468 494 586 611 669 713 759 (58)
36: 10 42 70 190 288 374 423 484 487 628 648 664 680 (70)
37: 96 160 205 226 343 352 364 465 467 527 534 656 755 (67)
38: 75 84 582 621 641 666 699 748 (71)
39: 9 316 319 346 469 509 734 783 (64)
40: 180 246 481 503 691 716 730 (70)
41: 12 121 137 264 284 292 307 328 404 502 518 (70)
42: 72 93 177 212 237 372 397 436 490 556 592 776 (65)
43: 31 216 273 351 365 384 504 603 705 (70)
44: 19 25 44 154 182 329 360 480 590 660 728 (70)
45: 158 306 310 344 498 515 640 707 739 761 (71)
46: 7 21 104 223 297 348 398 411 462 520 618 (71)
47: 57 123 144 173 185 195 243 356 377 412 440 529 600 684 795 (71)
48: 15 97 256 433 608 646 673 (71)
49: 98 127 176 225 332 335 345 430 667 (71)
50: 170 254 282 353 485 512 535 721 (71)
51: 43 63 145 184 383 453 593 635 (71)
52: 188 196 219 238 290 406 442 516 569 584 694 745 758 (71)
53: 128 206 244 245 342 349 448 710 (71)
54: 14 138 194 233 259 280 405 441 488 525 701 (71)
55: 68 76 78 87 198 231 302 304 323 324 599 619 798 (71)
56: 22 61 200 272 286 318 386 437 526 644 751 (71)
57: 100 148 178 418 632 736 765 767 (71)
58: 17 150 242 325 533 561 (71)
59: 163 175 201 202 209 270 326 363 370 446 493 661 792 (71)
60: 169 358 521 580 636 (71)
61: 24 49 235 298 380 392 539 609 700 782 788 789 793 (71)
62: 99 152 171 266 317 414 653 672 796 (71)
63: 13 210 211 291 303 419 483 505 523 614 679 711 773 (71)
64: 94 253 276 477 549 564 778 (71)
65: 36 95 115 120 289 387 459 528 (71)
66: 34 106 114 187 394 429 548 555 558 570 726 (71)
67: 3 52 250 251 524 538 588 652 (71)
68: 6 112 285 327 403 594 622 685 (71)
69: 62 113 139 258 455 507 565 575 578 741 (71)
70: 90 135 261 401 479 513 553 784 785 791 (71)
71: 92 101 103 155 265 451 460 470 510 746 (71)
72: 118 214 241 320 357 472 601 649 718 (71)
73: 2 29 32 86 164 267 269 376 497 552 579 749 779 (71)
74: 46 236 248 355 382 421 731 768 (71)
75: 85 168 330 361 551 585 651 704 787 (71)
76: 8 111 136 260 434 443 457 543 566 616 709 (71)
77: 166 333 347 378 393 420 464 530 610 643 (71)
78: 66 239 257 268 536 631 665 (71)
79: 41 74 311 314 367 379 439 452 598 (71)
80: 119 174 204 396 461 674 743 754 766 (71)
